570 5187
1 9 -1
1 7 -1
10 422 1
3 6 1
4 7 1
1 422 -1
1 5 -1
3 3 1
1 10 -1
1 6 -1
422 10 1
4 3 1
10 6 1
1 8 -1
1 4 -1
1 3 -1
16 169 -1
78 95 1
24 91 1
37 24 1
23 54 1
76 92 1
33 89 1
20 60 1
29 20 1
32 100 1
52 147 1
91 98 1
22 68 1
16 23 -1
39 20 1
70 91 1
76 28 1
79 86 1
82 88 1
99 29 1
88 24 1
37 37 1
19 95 1
371 103 1
41 51 1
79 51 1
83 76 1
11 41 1
80 23 1
55 26 1
70 132 1
74 94 -1
25 79 1
65 20 1
71 24 1
22 67 1
34 12 1
35 147 1
47 39 1
29 147 1
29 89 1
33 31 -1
84 77 1
88 37 1
34 79 1
37 71 1
22 70 1
76 169 -1
29 69 1
32 39 1
253 76 1
39 51 1
11 13 1
60 32 1
20 65 1
31 76 1
88 87 1
71 37 1
95 64 1
95 95 1
19 51 1
15 31 1
253 99 1
36 94 -1
58 27 1
71 76 1
64 14 1
32 67 1
60 25 1
37 23 1
99 60 1
42 12 1
41 44 1
55 76 1
58 32 1
12 147 1
44 76 1
79 64 1
86 88 1
29 95 1
64 70 -1
33 51 1
50 94 -1
95 25 -1
70 22 1
31 35 1
96 91 1
15 44 1
22 37 1
95 39 1
44 99 1
84 91 1
37 41 1
64 78 1
90 51 1
14 47 1
70 11 1
33 147 1
65 79 1
70 53 1
41 25 -1
147 87 1
51 82 -1
20 76 1
23 76 1
34 91 1
95 28 1
147 90 1
22 71 1
39 95 1
69 76 1
102 76 1
97 60 1
20 88 1
47 169 -1
28 65 1
82 99 1
57 78 1
37 34 1
77 46 1
60 84 1
18 100 1
29 51 1
76 32 1
60 76 1
253 97 1
24 41 1
34 70 1
82 35 1
76 94 -1
97 68 1
37 22 1
76 90 1
60 88 1
15 24 1
97 29 1
25 60 1
70 34 1
15 60 1
19 25 -1
72 100 1
50 33 1
70 95 -1
58 76 1
37 58 1
37 147 1
58 88 1
76 18 1
32 91 1
88 15 -1
12 51 1
82 12 1
11 147 1
19 33 1
17 68 1
53 70 1
54 169 -1
87 76 1
96 50 1
96 11 1
28 76 1
76 93 1
76 98 1
100 93 1
147 88 1
82 77 1
19 82 1
67 39 1
253 79 1
32 94 -1
25 25 1
79 169 -1
86 95 1
24 58 1
15 29 1
93 25 -1
97 24 1
78 253 1
31 79 1
70 23 1
37 20 1
36 13 1
34 53 1
68 103 1
33 17 1
90 33 -1
19 32 1
29 15 1
95 82 1
70 58 1
253 77 1
53 68 1
76 88 1
33 55 1
50 57 1
26 147 1
25 24 1
44 79 1
31 12 1
50 13 1
96 41 1
77 76 1
64 29 1
88 86 1
50 93 1
39 15 1
76 57 1
76 101 -1
23 35 1
100 57 1
25 37 1
86 78 1
86 60 1
37 51 1
132 95 -1
60 99 1
82 79 1
102 35 1
253 29 1
57 29 1
85 60 -1
33 169 -1
11 51 1
39 82 1
70 96 1
44 96 1
76 47 1
70 86 1
253 91 1
76 14 1
33 36 1
79 32 1
70 51 1
24 147 1
56 76 1
13 93 -1
15 76 1
95 47 1
41 253 1
100 147 1
41 65 1
19 88 1
169 64 -1
15 99 1
60 12 1
20 77 1
88 79 1
33 33 1
60 78 1
253 24 1
36 51 1
70 69 1
32 20 1
24 85 1
57 60 1
60 97 1
33 82 1
11 95 1
59 253 1
82 91 1
44 62 1
11 169 -1
29 93 1
58 78 1
57 84 1
97 76 1
86 70 1
95 32 1
71 77 1
33 32 1
39 47 1
59 47 1
35 82 1
58 77 1
76 61 1
19 47 1
25 34 1
53 23 1
41 76 1
25 20 1
95 253 1
93 68 1
20 79 1
57 25 1
60 103 1
13 91 1
88 91 1
95 13 1
60 79 1
31 91 1
86 29 1
84 147 1
33 50 1
59 76 1
50 95 1
23 41 -1
39 32 1
24 17 1
58 103 1
64 37 1
29 57 1
71 91 1
95 93 1
76 77 1
35 13 1
34 147 1
34 89 1
53 34 1
60 77 1
55 91 1
74 371 1
44 91 1
64 88 1
253 41 1
35 47 1
64 71 1
57 37 1
86 26 1
69 68 1
41 78 1
20 29 1
94 33 -1
76 59 1
47 14 1
52 76 1
95 88 1
57 76 1
99 79 1
57 88 1
20 91 1
42 89 1
67 32 1
58 31 1
60 29 1
76 103 1
53 147 1
57 71 1
15 97 1
20 67 1
67 94 -1
93 76 1
97 89 1
20 25 1
11 36 1
70 169 -1
11 33 1
98 91 1
60 91 1
23 70 1
29 76 1
33 13 1
95 65 1
58 29 1
86 76 1
65 89 1
15 86 1
84 51 1
20 24 1
31 11 1
132 91 1
33 47 1
87 91 1
60 70 1
24 28 1
25 51 1
58 91 1
29 253 1
92 14 1
43 76 1
36 169 -1
71 74 1
71 67 1
147 68 1
37 94 -1
34 51 1
42 86 1
50 44 1
58 67 1
60 24 1
32 95 1
72 93 1
147 91 1
99 91 1
15 79 1
65 41 1
76 68 1
76 371 1
50 15 1
23 80 1
19 19 1
53 96 1
253 20 1
64 99 1
31 41 1
25 100 1
97 96 1
20 71 1
97 86 1
79 78 1
82 58 1
70 32 1
36 42 -1
50 54 1
88 13 1
24 169 -1
60 67 1
50 60 1
96 25 -1
86 42 1
77 91 1
253 147 1
169 54 -1
79 95 1
12 93 1
13 11 1
78 44 1
13 147 1
23 34 1
20 41 1
82 20 1
23 37 1
132 93 -1
24 82 1
60 132 1
31 58 1
44 147 1
27 76 1
95 78 1
36 47 1
17 91 1
23 22 1
11 76 1
90 147 1
371 74 1
88 41 1
78 15 1
60 37 1
47 59 1
169 32 -1
70 84 1
76 46 1
79 15 1
57 97 1
11 253 1
57 77 1
82 89 1
15 55 1
65 95 1
76 71 1
58 41 1
82 51 1
58 37 1
76 29 1
42 91 1
24 32 1
44 41 1
78 60 1
102 23 1
98 51 1
20 147 1
39 78 1
41 46 1
33 19 1
253 51 1
99 41 1
253 15 -1
36 88 1
64 79 1
31 51 1
58 71 1
32 33 1
70 13 1
82 64 1
76 132 1
60 58 1
13 51 1
88 58 1
88 147 1
41 29 1
88 89 1
79 44 1
35 95 1
95 15 1
50 88 1
53 55 1
44 51 1
71 58 1
31 33 -1
54 70 1
87 147 1
20 20 1
76 42 1
46 169 -1
25 91 1
55 58 1
15 91 1
23 96 1
68 17 1
20 86 1
94 147 1
96 88 1
95 60 1
60 34 1
19 29 1
88 20 1
81 76 1
51 169 -1
100 76 1
99 147 1
82 39 1
41 24 1
17 132 1
100 32 1
29 60 1
54 37 1
79 60 1
24 253 1
64 91 1
20 89 1
71 20 1
95 29 1
87 41 1
88 19 1
91 51 1
11 35 1
51 25 -1
20 51 1
82 28 1
84 57 1
55 20 1
59 70 1
86 77 1
58 86 1
24 57 1
60 147 1
102 33 -1
65 15 1
23 100 1
32 93 1
57 91 1
88 51 1
22 95 1
43 77 1
84 93 1
20 64 1
82 95 1
50 76 1
71 51 1
82 169 -1
79 25 1
87 51 1
34 47 1
65 28 1
68 91 1
95 24 1
32 88 1
76 34 1
57 24 1
50 65 1
78 65 1
37 95 1
86 91 1
50 35 1
25 82 1
51 88 -1
53 13 1
99 51 1
22 78 1
169 13 1
29 26 1
32 57 1
82 36 1
71 100 1
82 33 1
88 95 1
64 50 1
64 67 1
53 47 1
96 253 1
35 54 1
76 89 1
41 37 1
94 60 -1
76 48 1
60 86 1
29 24 1
31 169 -1
169 15 -1
33 87 1
95 71 1
32 47 1
15 41 1
82 82 1
87 29 -1
15 20 1
60 51 1
53 11 1
88 25 -1
71 169 -1
54 76 1
169 147 1
41 88 1
79 88 1
77 58 1
20 28 1
37 78 1
41 87 1
50 97 1
78 76 1
25 57 1
44 169 -1
64 132 1
94 169 -1
93 91 1
54 52 1
82 94 -1
64 41 1
99 95 1
70 78 1
12 31 1
15 89 1
94 25 -1
19 76 1
32 76 1
15 51 1
79 65 1
54 23 1
147 51 1
91 88 -1
253 94 -1
97 41 1
59 71 1
58 55 1
99 25 -1
62 44 1
64 13 1
76 96 1
15 58 1
15 147 1
98 169 -1
26 24 1
68 132 1
76 63 1
33 88 1
31 32 1
71 371 1
82 93 1
70 59 1
12 91 1
24 95 1
69 39 1
76 99 1
23 91 1
42 147 1
169 70 -1
95 76 1
44 44 1
31 253 1
90 90 1
102 91 1
67 71 1
253 47 1
77 51 1
35 76 1
41 86 1
169 60 -1
79 76 1
15 95 1
11 70 1
88 36 1
60 28 1
89 88 1
88 33 1
37 54 1
60 33 -1
13 47 1
29 88 1
253 11 1
147 169 -1
12 60 1
41 99 1
253 93 1
57 58 1
57 147 1
70 70 1
51 12 -1
82 32 1
88 82 1
15 39 1
39 76 1
70 54 1
96 31 1
44 33 1
44 50 1
25 147 1
19 96 1
43 71 1
65 88 1
11 68 1
35 23 1
100 77 1
37 32 1
11 29 1
78 79 1
13 76 1
88 44 1
65 76 1
96 44 1
20 13 1
33 76 1
88 169 1
88 32 1
24 44 1
64 147 1
58 94 -1
44 32 1
24 29 1
64 89 1
86 41 1
97 25 -1
41 97 1
31 57 1
15 64 1
70 90 1
33 52 1
60 36 1
76 16 1
60 50 1
72 76 1
71 32 1
87 169 -1
71 57 1
82 76 1
24 15 1
23 132 1
32 77 1
35 96 1
76 55 1
91 12 -1
29 86 1
31 47 1
60 82 1
57 51 1
99 44 1
24 26 1
102 132 1
71 93 1
93 147 1
37 76 1
26 65 1
95 79 1
68 147 1
31 147 1
78 91 1
20 32 1
15 36 1
60 94 -1
24 60 1
94 47 1
87 33 1
23 102 1
86 58 1
34 60 1
57 64 1
86 147 1
23 13 1
41 79 1
88 76 1
56 91 1
13 88 1
79 79 1
12 76 1
22 47 1
15 82 1
147 93 1
50 91 1
15 28 1
169 25 -1
70 88 1
20 47 1
44 88 1
37 57 1
64 51 1
67 76 1
69 47 1
88 253 1
95 86 1
50 132 1
11 23 1
132 90 1
76 91 1
371 94 -1
26 76 1
97 15 1
58 57 1
80 76 1
76 74 1
86 20 1
102 11 1
253 14 1
50 37 1
67 35 1
22 76 1
32 24 1
25 169 -1
99 76 1
22 32 1
95 91 1
64 100 1
79 29 1
60 93 1
65 78 1
169 37 -1
54 67 1
97 28 1
37 88 1
253 78 1
99 253 1
12 34 1
41 91 1
79 91 1
65 97 1
82 19 1
64 95 1
54 91 1
58 147 1
62 76 1
41 67 1
79 67 1
77 94 -1
64 169 -1
147 47 1
24 37 1
84 60 1
11 96 1
11 86 1
15 50 1
24 76 1
64 15 1
82 15 1
94 79 -1
91 29 -1
253 95 1
50 11 1
47 91 1
37 52 1
24 88 1
31 95 1
72 77 1
29 79 1
79 24 1
253 59 1
69 13 1
70 76 1
87 88 1
57 169 -1
12 89 1
19 91 1
169 23 -1
78 94 -1
60 57 1
88 99 1
78 41 1
100 71 1
100 72 1
76 75 1
82 78 1
70 35 1
53 54 1
99 88 1
24 65 1
15 253 1
76 45 1
88 14 1
31 15 1
32 37 1
34 25 1
94 19 1
169 88 1
15 13 1
76 66 1
65 60 1
35 91 1
29 91 1
34 24 1
99 65 1
31 31 1
78 58 1
95 94 -1
50 89 1
97 79 1
96 76 1
169 90 1
70 97 1
39 67 1
25 84 1
84 76 1
41 132 1
97 253 1
34 34 1
42 47 1
50 23 1
20 15 1
34 84 1
23 51 1
31 44 1
44 31 1
34 37 1
19 11 1
169 47 1
79 41 1
34 76 1
102 51 1
79 37 1
17 76 1
15 88 1
76 51 1
71 95 1
37 79 1
64 82 1
65 26 1
54 22 1
76 58 1
76 147 1
33 91 1
65 24 1
70 79 1
95 11 1
15 65 1
53 76 1
44 15 1
34 23 1
82 29 1
50 96 1
31 60 1
20 95 1
78 147 1
91 42 -1
19 42 1
68 93 1
29 11 1
23 169 -1
95 41 1
50 51 1
41 58 1
79 58 1
24 97 1
82 25 1
56 147 1
60 95 1
23 25 -1
39 91 1
253 32 1
50 147 1
91 169 -1
13 68 1
97 57 1
77 57 1
57 32 1
97 99 1
64 47 1
37 91 1
31 87 1
99 78 1
31 90 1
97 65 1
11 91 1
25 76 1
82 24 1
71 59 1
94 37 -1
29 41 1
82 60 1
19 147 1
79 34 1
41 20 1
79 20 1
96 35 1
100 48 1
76 43 1
50 64 1
33 11 1
17 19 1
90 91 1
95 147 1
91 33 1
37 60 1
46 76 1
24 79 1
88 70 1
78 86 1
64 76 1
54 51 1
36 39 1
76 85 1
29 13 1
76 30 1
36 91 1
78 51 1
41 147 1
26 91 1
41 89 1
37 68 1
16 132 -1
60 31 1
58 60 1
24 77 1
44 24 1
88 60 1
64 253 1
20 44 1
34 100 1
69 29 1
96 97 1
35 11 1
253 88 1
15 78 1
95 20 1
29 58 1
99 15 1
32 51 1
47 147 1
39 147 1
53 35 1
88 29 1
37 25 1
87 42 -1
60 169 -1
253 169 1
41 95 1
86 84 1
11 53 1
76 36 1
44 87 1
60 15 1
107 104 1
107 106 1
104 106 1
109 104 1
106 104 1
104 108 1
105 108 1
109 108 1
105 107 1
109 106 1
106 108 1
106 107 1
107 108 1
109 107 1
105 109 1
105 106 1
110 111 1
111 110 1
115 114 1
113 115 1
112 113 1
114 112 1
112 114 1
113 112 1
115 112 1
113 114 1
112 115 1
116 117 1
119 118 1
121 120 1
122 123 1
125 124 1
135 143 1
130 128 1
143 130 1
127 143 1
133 143 1
134 143 1
133 130 1
141 143 1
135 126 1
127 139 1
131 132 1
127 129 1
132 131 1
143 129 1
143 138 1
130 133 1
132 127 1
135 141 1
126 143 1
143 135 1
143 142 1
143 137 1
131 143 1
133 129 1
143 128 1
139 127 1
127 132 1
143 134 1
129 127 1
130 143 1
129 143 1
132 143 1
141 135 1
143 136 1
140 143 1
133 127 1
143 132 1
143 127 1
126 128 1
130 137 1
139 143 1
139 126 1
145 346 1
147 154 1
153 154 1
150 147 1
151 152 1
146 189 1
189 147 1
154 147 1
148 152 1
189 146 1
154 146 1
151 154 1
148 154 1
154 148 1
154 151 1
189 154 1
154 152 1
154 153 1
154 150 1
150 153 1
150 154 1
155 156 1
160 160 1
158 157 1
157 159 -1
157 160 -1
159 158 1
174 213 1
199 207 1
199 213 1
211 168 1
215 222 1
229 179 1
225 174 1
198 198 1
429 174 1
194 171 1
165 197 1
221 223 1
214 175 1
191 211 1
207 171 1
231 167 1
161 171 1
174 170 1
171 174 1
162 197 1
215 211 1
219 218 1
215 175 1
180 171 1
179 223 1
169 216 1
215 221 1
198 164 1
162 175 1
187 174 1
223 163 1
203 171 1
202 184 1
193 184 1
198 222 -1
222 198 -1
193 221 1
164 230 1
168 198 1
204 171 1
226 203 1
209 171 1
169 171 1
199 171 1
225 163 1
176 171 1
198 215 -1
222 559 1
197 216 1
266 216 1
168 171 1
205 171 1
225 190 -1
220 171 1
226 175 1
429 228 1
218 174 1
197 171 1
221 182 1
225 171 1
196 174 1
169 199 1
211 171 1
215 223 1
429 176 1
164 168 1
172 171 1
198 168 1
175 174 1
210 174 1
226 211 1
222 171 1
202 171 1
193 171 1
223 171 1
559 171 1
429 214 1
222 176 1
204 190 1
168 164 1
266 171 1
185 171 1
181 171 1
190 175 1
171 213 1
225 164 1
190 184 1
164 204 1
226 189 1
223 199 1
266 164 1
166 171 1
193 193 1
231 171 1
169 164 1
219 174 1
559 193 1
172 222 -1
223 191 1
203 168 1
164 266 1
429 171 1
164 184 1
209 168 1
223 179 1
164 216 1
203 211 1
221 215 1
185 179 1
216 197 1
193 190 1
223 190 1
202 193 1
164 171 1
190 223 1
218 171 1
196 171 1
174 216 1
225 215 -1
215 198 -1
202 185 1
195 171 1
204 169 -1
215 559 1
230 180 1
198 181 1
174 171 1
229 181 1
175 171 1
189 229 1
210 214 1
429 195 1
429 226 -1
204 165 1
161 223 1
185 164 1
229 190 1
169 211 1
210 171 1
199 175 1
209 184 1
214 169 -1
165 171 1
212 171 1
190 193 1
169 231 1
210 176 1
169 266 1
169 175 1
202 211 1
188 171 1
230 171 1
213 174 1
199 223 1
214 189 1
168 175 1
223 182 1
174 220 1
199 189 1
168 184 1
197 211 1
223 222 1
198 559 -1
225 165 1
197 175 1
225 175 1
203 191 1
559 222 1
169 197 1
193 169 -1
266 175 1
164 185 1
189 174 1
168 162 1
223 211 1
223 175 1
165 164 1
197 162 1
190 222 1
171 201 1
211 197 1
559 221 1
206 171 1
221 174 1
202 189 1
225 169 -1
198 176 -1
223 215 1
219 171 1
559 215 1
189 204 1
200 174 1
169 181 1
185 202 1
559 189 1
164 165 1
169 225 1
190 211 1
198 165 1
223 221 1
216 174 1
185 189 1
225 181 1
164 169 -1
266 191 1
559 181 1
429 175 1
198 169 -1
222 223 1
162 174 1
559 223 1
229 189 1
189 214 1
223 189 1
213 171 1
197 174 1
182 221 1
164 211 1
164 175 1
214 174 1
179 174 1
174 201 1
171 175 1
266 193 1
198 213 1
231 175 1
182 223 1
171 187 1
223 225 1
171 220 1
429 181 1
182 171 1
202 227 1
208 174 1
164 197 1
189 171 1
209 213 1
203 169 -1
203 215 1
174 218 1
210 175 1
173 171 1
164 181 1
215 168 1
203 189 1
167 171 1
216 171 1
176 169 -1
189 164 1
221 171 1
231 181 1
266 198 -1
191 266 1
222 190 1
200 171 1
223 203 1
220 218 1
223 161 1
171 162 1
171 217 1
161 197 1
559 161 1
179 171 1
174 187 1
169 213 1
168 211 1
228 175 1
163 171 1
192 171 1
189 185 1
191 171 1
165 162 1
225 198 -1
215 214 1
266 197 1
174 162 1
225 213 1
223 559 1
559 213 1
225 178 1
175 162 1
216 164 1
228 171 1
184 171 1
214 171 1
168 197 1
225 197 1
223 213 1
190 198 -1
215 171 1
178 171 1
165 181 1
429 165 1
174 217 1
162 171 1
168 209 1
222 215 1
226 266 1
429 215 1
171 211 1
226 216 1
164 198 -1
185 169 -1
429 197 1
184 164 1
214 164 1
191 185 1
199 174 1
189 222 1
189 175 1
429 211 1
226 171 1
182 169 -1
176 174 1
204 164 1
429 213 1
189 202 1
173 175 1
229 171 1
169 222 -1
208 171 1
222 189 1
201 171 1
220 174 1
183 171 1
167 169 -1
198 184 1
231 197 1
197 164 1
167 229 -1
164 214 1
209 174 1
227 171 1
190 171 1
190 204 1
203 214 1
168 174 1
164 229 1
195 169 -1
204 168 1
171 170 1
229 164 1
181 167 1
204 228 1
223 164 1
225 226 -1
175 169 -1
190 229 1
179 266 1
189 181 1
174 197 1
175 197 1
199 163 1
173 188 1
198 171 1
194 184 1
197 168 1
174 219 1
167 181 1
232 233 1
233 232 1
249 245 -1
251 241 1
247 240 1
237 239 1
248 237 1
244 242 1
241 234 1
235 239 1
250 242 1
247 241 1
239 247 1
248 240 1
249 244 1
239 238 1
241 237 1
244 241 1
248 249 1
246 244 1
242 244 1
234 239 1
238 247 1
244 234 1
251 244 1
237 235 1
248 235 -1
241 242 1
241 244 1
247 244 1
235 237 1
238 248 1
247 250 -1
240 238 1
244 249 1
237 242 1
237 244 1
235 249 1
251 249 1
251 238 1
234 237 1
236 239 -1
251 242 -1
248 244 1
237 251 1
237 241 1
242 251 -1
241 249 1
249 239 1
235 251 1
235 246 1
235 241 1
248 251 -1
235 234 1
247 238 1
251 239 1
244 238 1
249 242 1
242 238 1
234 241 1
237 249 1
246 249 1
240 247 1
249 387 -1
248 247 1
248 238 1
238 242 1
238 249 1
235 247 1
247 239 1
246 235 1
244 239 1
235 244 1
236 249 -1
246 237 1
247 242 1
237 248 1
247 249 1
251 237 1
234 249 1
249 238 1
239 237 1
234 244 1
248 239 1
249 240 1
247 387 -1
241 235 1
244 247 1
250 387 1
239 249 1
250 247 1
249 250 -1
242 247 1
241 239 1
239 242 1
239 244 1
250 235 1
247 237 1
249 246 1
244 251 1
235 238 1
244 237 1
256 255 -1
256 257 1
256 252 1
256 254 1
253 256 1
252 256 1
258 256 1
261 260 1
259 261 1
261 259 1
260 261 1
274 268 1
270 271 1
267 268 1
263 263 1
272 268 1
273 268 1
263 271 1
275 268 1
268 267 1
269 268 1
270 268 1
271 268 1
263 273 1
268 275 1
264 268 1
262 264 1
263 268 1
266 268 1
263 274 1
268 274 1
265 268 1
262 268 1
278 276 1
278 277 1
277 278 1
276 278 1
277 276 1
280 279 -1
282 285 1
283 283 1
283 281 1
284 281 1
283 285 1
285 281 1
282 281 1
284 285 1
286 551 1
290 291 -1
292 333 1
289 333 1
289 292 1
333 292 1
290 292 1
290 333 1
289 290 1
333 289 1
292 289 1
297 296 1
298 297 1
297 293 1
297 294 1
297 295 1
300 299 1
479 306 1
306 479 1
479 304 1
307 304 1
309 304 1
305 304 1
306 304 1
304 303 1
302 301 1
302 304 1
304 301 1
304 302 1
318 346 1
337 328 1
318 317 1
386 328 1
319 328 1
328 311 1
331 328 1
332 335 1
338 334 1
318 335 1
338 328 1
327 346 1
343 337 1
350 328 -1
314 317 1
334 311 1
347 334 1
343 328 1
320 346 1
316 333 1
331 333 1
339 334 1
317 341 1
328 333 1
314 335 1
330 328 1
328 334 1
316 327 1
339 337 1
328 348 1
313 328 -1
339 328 1
316 328 1
310 339 1
315 328 -1
337 343 1
318 328 1
311 334 1
320 316 1
328 336 1
323 328 1
328 351 1
333 328 1
339 386 1
335 328 1
318 320 -1
329 346 1
314 328 1
332 334 1
318 333 1
318 386 1
336 328 1
332 339 1
321 328 1
318 334 1
341 328 1
318 326 -1
328 342 1
337 386 1
328 312 1
316 346 1
324 328 -1
320 328 1
327 316 1
339 332 1
332 328 1
328 346 1
325 328 1
329 328 1
314 334 1
326 328 1
318 332 1
339 339 -1
349 328 1
343 346 1
328 326 1
320 335 1
311 346 1
328 340 1
317 328 1
345 328 1
327 328 1
340 328 1
321 346 1
343 311 1
339 346 1
316 320 1
310 328 1
347 328 1
344 328 1
334 328 -1
354 353 1
352 353 1
356 355 1
357 358 1
360 359 1
362 361 1
380 364 1
375 387 -1
380 403 1
386 380 1
378 394 -1
406 380 1
392 380 1
380 381 1
380 390 1
374 380 1
407 380 -1
368 403 1
380 398 -1
400 380 1
392 395 1
404 380 1
399 380 1
392 386 1
402 380 1
401 380 1
380 378 -1
392 378 1
382 380 1
371 380 -1
559 380 1
365 380 1
380 397 -1
368 384 1
559 393 1
387 368 1
378 403 1
380 391 1
380 379 1
379 387 -1
392 398 1
553 380 -1
366 380 1
380 394 -1
380 405 -1
380 385 -1
363 395 1
368 387 1
396 380 1
367 380 1
378 393 1
376 380 1
399 392 1
380 407 -1
381 380 1
380 387 -1
365 381 1
363 380 1
390 387 -1
396 393 1
393 380 1
392 381 1
387 381 1
402 378 -1
559 392 1
368 385 1
370 380 1
373 380 1
380 388 1
371 405 -1
383 380 -1
368 380 1
380 395 1
408 380 1
405 381 1
369 380 1
393 403 1
380 377 1
380 408 1
380 382 1
380 366 1
384 380 1
559 402 1
383 369 -1
392 387 1
380 384 1
380 375 1
383 378 -1
368 378 1
392 400 1
392 399 1
409 410 1
418 411 1
418 415 1
417 415 1
415 418 1
417 418 1
418 412 1
413 414 1
412 415 1
413 418 1
418 416 1
412 418 1
418 414 1
419 420 1
436 433 -1
429 434 1
428 435 -1
424 440 -1
424 437 1
435 428 -1
435 424 -1
421 424 1
424 435 -1
428 433 -1
421 428 1
425 426 1
425 441 1
432 424 1
424 428 1
430 424 1
437 433 -1
421 433 -1
434 424 1
422 424 1
429 426 1
438 434 1
441 429 -1
424 433 -1
438 440 1
424 423 1
439 424 1
441 424 1
424 426 -1
436 424 1
438 424 1
432 430 1
425 424 1
429 424 1
425 431 1
431 424 1
424 427 -1
428 421 1
428 424 1
424 421 1
422 432 1
442 444 1
443 444 1
442 446 -1
442 447 -1
447 444 1
447 446 -1
445 444 1
447 442 1
446 444 1
448 449 1
452 451 1
454 451 1
453 452 1
455 451 1
450 453 1
451 452 1
451 455 1
452 450 1
452 453 1
454 453 1
454 450 1
450 455 1
455 453 1
453 450 1
450 452 1
452 455 1
454 452 1
450 451 1
455 452 1
451 450 1
454 455 1
453 455 1
457 456 1
461 459 1
460 458 1
460 459 1
460 461 1
459 458 1
458 461 1
459 460 1
459 461 1
462 463 1
466 467 1
465 467 1
467 464 -1
541 528 1
542 535 1
513 514 1
509 503 1
542 503 1
503 562 1
518 520 1
485 556 1
565 522 1
549 474 1
570 536 1
492 499 1
570 505 1
556 512 1
501 518 1
561 539 1
519 513 1
563 474 1
562 486 1
541 558 1
563 519 1
483 536 1
536 560 1
501 488 1
533 469 1
560 489 1
554 555 1
502 567 1
515 558 1
523 512 1
518 502 1
483 499 1
545 511 1
565 544 1
538 554 1
501 536 1
474 482 1
485 488 1
556 495 1
478 567 1
542 527 1
475 567 1
469 491 1
493 495 1
506 513 1
468 511 1
535 543 1
518 535 1
544 480 1
501 499 1
502 543 1
550 511 1
548 557 1
542 489 1
492 524 1
505 510 1
485 513 1
537 523 1
489 506 1
484 488 1
563 570 1
503 520 1
488 511 1
509 523 1
491 473 1
536 504 1
541 523 1
553 491 1
501 500 1
510 565 1
558 537 1
505 495 1
518 529 1
482 560 1
537 524 1
491 540 1
479 522 1
512 501 1
563 525 1
472 567 1
523 560 1
561 533 1
503 502 1
541 537 1
556 492 1
518 521 1
485 558 1
514 543 1
512 495 1
483 567 1
545 522 1
549 535 1
519 511 1
545 487 1
515 537 1
549 503 1
539 478 1
563 535 1
508 478 1
492 544 1
478 568 1
563 503 1
468 478 1
475 568 1
536 526 1
545 491 1
567 522 1
559 504 1
570 544 1
486 563 1
482 504 1
468 491 1
531 513 1
488 522 1
538 522 1
529 558 1
556 543 1
541 478 1
501 506 1
555 475 1
549 527 1
524 513 1
544 526 1
493 543 1
480 504 1
503 488 1
565 479 1
512 518 1
563 527 1
508 503 1
522 524 1
565 556 1
541 560 1
539 519 1
505 567 1
501 544 1
468 474 1
521 513 1
501 482 1
536 510 1
468 519 1
472 568 1
559 477 1
524 557 1
475 562 1
489 474 1
568 513 1
504 513 1
542 512 1
482 526 1
505 543 1
512 505 1
484 511 1
472 514 1
555 479 1
536 532 1
499 491 1
555 556 1
520 474 1
519 491 1
496 513 1
506 568 1
520 519 1
512 499 1
483 514 1
499 516 1
529 511 1
519 516 1
541 504 1
508 550 1
506 522 1
468 570 1
486 557 1
472 562 1
565 513 1
475 554 1
527 513 1
475 485 1
499 474 1
487 529 1
552 509 1
519 474 1
499 519 1
559 501 1
568 483 1
501 491 1
485 478 1
531 511 1
474 557 1
509 562 1
488 550 1
505 568 1
513 500 1
501 516 1
559 495 1
482 495 1
516 524 1
570 530 1
504 554 1
545 564 1
485 491 1
524 511 1
504 521 1
558 492 1
570 479 1
520 570 1
555 565 1
512 524 1
565 558 1
558 515 1
484 478 1
501 474 1
528 511 1
554 514 1
468 535 1
550 564 1
480 495 1
474 529 1
542 492 1
568 511 1
484 491 1
489 557 1
503 511 1
499 570 1
542 515 1
519 570 1
483 554 1
486 489 1
518 478 1
474 521 1
478 556 1
536 533 1
564 550 1
496 511 1
468 541 1
517 555 1
559 518 1
516 544 1
512 506 1
474 489 1
520 535 1
552 513 1
519 517 1
531 522 1
484 474 1
531 487 1
513 511 1
509 501 1
542 501 1
484 519 1
468 527 1
552 472 1
486 500 1
525 515 1
485 554 1
501 520 1
550 527 1
546 473 1
524 522 1
565 498 1
490 555 1
543 555 1
482 567 1
548 494 1
475 488 1
520 541 1
474 500 1
521 522 1
522 479 1
509 532 1
560 512 1
502 513 1
518 519 1
536 524 1
541 532 1
550 489 1
524 491 1
565 537 1
547 543 1
525 501 1
475 489 1
501 502 1
504 522 1
559 543 1
504 487 1
482 543 1
528 491 1
552 483 1
506 509 1
550 472 1
567 472 1
545 558 1
501 535 1
555 542 1
508 504 1
503 491 1
538 472 1
503 516 1
509 518 1
542 518 1
535 483 1
525 555 1
514 513 1
528 474 1
558 536 1
474 522 1
478 558 1
475 558 1
549 515 1
483 488 1
527 522 1
542 488 1
496 516 1
508 562 1
519 489 1
552 523 1
501 541 1
557 522 1
482 524 1
563 515 1
501 529 1
520 537 1
567 483 1
503 519 1
543 499 1
482 568 1
549 484 1
558 569 1
542 536 1
491 512 1
515 514 1
509 505 1
513 516 1
538 483 1
483 489 1
485 541 1
496 474 1
523 568 1
496 519 1
511 522 1
549 501 1
501 540 1
542 499 1
472 500 1
535 511 1
474 507 1
556 513 1
513 519 1
502 511 1
529 510 1
472 558 1
493 513 1
508 515 1
559 506 1
557 507 1
484 541 1
554 529 1
567 511 1
483 558 1
506 528 1
503 570 1
559 482 1
493 557 1
552 541 1
511 507 1
550 512 1
518 541 1
508 501 1
506 558 1
496 570 1
505 513 1
533 544 1
538 512 1
539 495 1
553 476 1
548 483 1
468 495 1
479 560 1
515 485 1
512 565 1
510 514 1
508 532 1
545 478 1
560 555 1
535 522 1
554 528 1
539 557 1
500 515 1
531 527 1
503 535 1
469 543 1
502 522 1
491 515 1
554 500 1
486 474 1
505 558 1
563 488 1
501 477 1
543 482 1
536 556 1
515 501 1
549 536 1
519 512 1
528 541 1
520 495 1
524 527 1
504 531 1
496 535 1
509 506 1
491 484 1
517 568 1
502 491 1
505 483 1
475 478 1
550 560 1
488 555 1
503 541 1
500 501 1
502 516 1
554 483 1
487 570 1
493 511 1
491 501 1
508 518 1
478 491 1
486 531 1
475 491 1
538 560 1
468 492 1
517 514 1
493 498 1
531 528 1
544 556 1
504 527 1
499 495 1
503 527 1
526 482 1
506 512 1
500 502 1
484 477 1
524 472 1
550 515 1
496 527 1
486 570 1
480 508 1
476 558 1
550 519 1
478 503 1
521 472 1
559 548 1
537 529 1
508 505 1
512 521 1
567 519 1
505 511 1
508 536 1
475 474 1
491 555 1
543 514 1
525 482 1
472 478 1
536 565 1
475 519 1
491 526 1
510 485 1
531 483 1
554 511 1
520 549 1
526 568 1
504 472 1
508 499 1
486 525 1
504 528 1
518 555 1
485 501 1
472 491 1
552 526 1
523 556 1
468 543 1
570 475 1
489 531 1
485 495 1
520 567 1
526 514 1
483 491 1
521 483 1
493 522 1
493 487 1
500 488 1
486 503 1
506 560 1
509 508 1
474 472 1
472 474 1
544 507 1
504 483 1
472 519 1
523 522 1
515 499 1
500 536 1
520 543 1
484 495 1
525 514 1
527 528 1
491 536 1
540 491 1
483 474 1
552 510 1
541 500 1
478 523 1
471 491 1
508 524 1
568 543 1
559 502 1
517 520 1
501 492 1
531 512 1
503 477 1
521 523 1
491 499 1
515 500 1
552 495 1
537 556 1
539 522 1
491 569 1
518 495 1
506 519 1
499 543 1
485 518 1
485 476 1
489 472 1
562 563 1
552 532 1
512 522 1
554 491 1
542 554 1
482 558 1
555 514 1
500 468 1
554 516 1
529 560 1
508 506 1
510 488 1
542 493 1
548 561 1
568 512 1
485 505 1
484 492 1
523 558 1
469 508 1
483 570 1
508 544 1
511 483 1
505 519 1
501 543 1
508 482 1
474 523 1
472 525 1
502 527 1
554 519 1
475 541 1
496 512 1
550 569 1
559 521 1
531 560 1
537 565 1
485 543 1
541 506 1
483 525 1
484 505 1
503 495 1
488 482 1
502 489 1
472 535 1
560 568 1
524 560 1
474 537 1
541 482 1
525 520 1
557 524 1
544 484 1
535 472 1
552 567 1
509 557 1
521 560 1
545 473 1
518 567 1
484 543 1
515 482 1
500 506 1
560 487 1
505 570 1
560 514 1
491 506 1
565 501 1
568 560 1
493 564 1
504 560 1
472 541 1
500 544 1
554 570 1
555 515 1
485 524 1
504 480 1
525 502 1
552 543 1
491 482 1
536 517 1
539 475 1
528 492 1
532 531 1
472 527 1
505 525 1
478 504 1
504 492 1
503 492 1
474 555 1
484 524 1
472 489 1
538 567 1
509 521 1
526 488 1
544 517 1
497 491 1
536 503 1
474 480 1
542 540 1
496 492 1
501 569 1
548 539 1
557 480 1
493 527 1
554 535 1
552 524 1
541 516 1
510 511 1
559 522 1
530 514 1
515 491 1
552 568 1
531 526 1
518 568 1
565 518 1
528 543 1
491 514 1
507 501 1
525 488 1
511 560 1
493 489 1
511 480 1
500 491 1
484 506 1
525 521 1
510 482 1
503 543 1
500 516 1
512 531 1
562 472 1
505 527 1
515 474 1
474 504 1
476 564 1
545 520 1
554 527 1
564 491 1
478 515 1
508 520 1
557 504 1
550 568 1
526 558 1
482 503 1
478 485 1
517 511 1
568 526 1
500 474 1
504 526 1
523 518 1
493 558 1
472 477 1
555 488 1
538 568 1
487 515 1
523 503 1
550 545 1
511 504 1
545 502 1
508 565 1
556 483 1
488 520 1
562 483 1
475 510 1
570 555 1
478 501 1
468 513 1
493 483 1
516 512 1
543 511 1
521 510 1
563 541 1
488 546 1
548 533 1
567 495 1
514 524 1
523 536 1
520 488 1
478 495 1
475 495 1
508 557 1
515 570 1
510 491 1
522 515 1
527 526 1
535 560 1
528 506 1
501 555 1
492 510 1
520 513 1
526 511 1
556 523 1
491 520 1
555 500 1
559 475 1
544 537 1
562 511 1
539 483 1
479 493 1
522 501 1
491 546 1
510 474 1
545 549 1
496 536 1
541 535 1
541 503 1
502 492 1
519 495 1
499 513 1
472 495 1
545 521 1
527 510 1
515 535 1
517 491 1
493 512 1
491 502 1
478 518 1
508 521 1
557 510 1
486 532 1
558 527 1
484 530 1
483 495 1
559 484 1
514 560 1
500 535 1
541 529 1
485 520 1
565 482 1
506 495 1
488 521 1
543 491 1
517 474 1
478 505 1
557 532 1
542 478 1
517 519 1
552 479 1
510 570 1
543 516 1
521 567 1
552 556 1
545 500 1
526 478 1
500 541 1
558 472 1
522 518 1
486 518 1
545 547 1
478 543 1
515 540 1
475 543 1
561 536 1
475 533 1
526 491 1
561 505 1
543 474 1
556 560 1
499 554 1
545 556 1
491 488 1
543 519 1
519 554 1
555 482 1
520 511 1
516 501 1
485 557 1
524 563 1
502 526 1
488 500 1
520 498 1
552 488 1
554 495 1
522 536 1
500 489 1
484 513 1
522 505 1
550 556 1
504 533 1
488 547 1
558 483 1
528 530 1
517 570 1
544 504 1
525 491 1
526 474 1
493 492 1
501 549 1
525 475 1
526 519 1
522 499 1
499 511 1
488 556 1
525 516 1
484 557 1
478 524 1
562 519 1
471 476 1
485 529 1
472 543 1
532 504 1
492 482 1
501 567 1
560 511 1
561 469 1
521 568 1
525 474 1
483 543 1
525 519 1
483 533 1
570 482 1
485 521 1
505 492 1
505 476 1
565 474 1
486 468 1
536 515 1
525 484 1
523 504 1
555 491 1
516 518 1
517 535 1
484 549 1
552 558 1
545 507 1
518 558 1
479 558 1
520 487 1
555 516 1
478 506 1
492 568 1
524 502 1
504 490 1
475 506 1
558 512 1
563 478 1
484 521 1
478 544 1
528 513 1
520 491 1
518 483 1
536 501 1
529 554 1
507 504 1
514 510 1
516 536 1
568 491 1
543 535 1
555 474 1
492 514 1
483 524 1
556 526 1
519 522 1
503 513 1
559 523 1
528 557 1
555 563 1
530 511 1
549 472 1
550 558 1
516 499 1
557 568 1
570 514 1
565 520 1
539 561 1
563 472 1
544 510 1
554 543 1
560 478 1
537 514 1
503 557 1
501 568 1
563 528 1
482 515 1
522 506 1
543 541 1
538 558 1
524 529 1
513 491 1
518 511 1
560 491 1
532 510 1
545 475 1
522 482 1
543 527 1
556 510 1
501 514 1
560 516 1
519 507 1
565 502 1
524 521 1
544 532 1
547 545 1
558 560 1
546 493 1
555 570 1
482 501 1
555 520 1
504 529 1
485 522 1
525 535 1
563 483 1
536 518 1
565 535 1
523 510 1
529 556 1
560 474 1
503 554 1
560 519 1
545 509 1
488 475 1
536 488 1
533 501 1
487 491 1
484 522 1
525 541 1
489 502 1
508 484 1
559 555 1
570 515 1
544 518 1
487 508 1
565 529 1
492 520 1
485 507 1
488 474 1
559 560 1
537 515 1
529 522 1
555 535 1
561 508 1
536 499 1
510 512 1
541 515 1
552 487 1
468 531 1
507 495 1
491 471 1
487 474 1
524 556 1
565 521 1
520 564 1
491 516 1
507 502 1
504 500 1
544 505 1
542 504 1
560 570 1
552 491 1
482 518 1
521 556 1
500 492 1
518 491 1
516 482 1
565 489 1
493 473 1
537 501 1
555 541 1
530 519 1
515 484 1
555 529 1
518 516 1
541 501 1
502 490 1
512 482 1
568 556 1
491 474 1
557 475 1
519 509 1
544 533 1
560 525 1
555 527 1
550 478 1
546 488 1
487 554 1
567 478 1
479 503 1
558 526 1
523 521 1
510 478 1
533 488 1
538 478 1
520 527 1
545 535 1
568 522 1
560 535 1
535 557 1
545 503 1
503 522 1
533 536 1
542 526 1
475 513 1
468 528 1
491 566 1
502 557 1
538 491 1
488 525 1
474 556 1
503 487 1
500 543 1
516 514 1
557 479 1
530 570 1
512 473 1
517 495 1
557 556 1
544 524 1
570 529 1
550 503 1
478 557 1
531 558 1
512 514 1
491 570 1
513 541 1
522 520 1
537 518 1
489 500 1
558 510 1
560 541 1
553 498 1
545 483 1
519 478 1
536 506 1
541 518 1
488 535 1
488 503 1
538 503 1
520 472 1
535 529 1
480 550 1
537 488 1
518 570 1
543 495 1
504 507 1
536 482 1
549 519 1
556 568 1
542 510 1
550 483 1
479 523 1
484 509 1
472 513 1
522 502 1
535 521 1
556 490 1
570 499 1
541 505 1
488 483 1
568 558 1
518 525 1
542 495 1
523 524 1
493 490 1
545 523 1
493 545 1
491 535 1
472 557 1
487 541 1
526 495 1
478 521 1
491 470 1
541 499 1
542 532 1
492 558 1
570 500 1
545 498 1
550 523 1
524 516 1
514 529 1
494 524 1
532 544 1
524 494 1
535 500 1
545 537 1
489 511 1
499 483 1
491 541 1
488 523 1
561 521 1
543 476 1
522 529 1
475 511 1
538 523 1
501 528 1
541 468 1
506 503 1
472 554 1
535 556 1
512 520 1
563 526 1
522 521 1
501 558 1
502 556 1
542 549 1
488 537 1
507 506 1
511 558 1
501 483 1
492 511 1
516 502 1
520 512 1
505 557 1
519 523 1
484 472 1
536 474 1
561 500 1
542 567 1
509 567 1
506 554 1
570 511 1
474 516 1
493 554 1
540 549 1
550 541 1
508 555 1
561 547 1
529 518 1
559 514 1
563 510 1
522 500 1
483 511 1
499 512 1
539 480 1
538 541 1
529 503 1
478 522 1
542 543 1
542 533 1
475 522 1
522 547 1
565 515 1
563 495 1
537 482 1
526 543 1
484 483 1
501 511 1
529 536 1
541 555 1
546 491 1
479 504 1
563 532 1
536 493 1
544 479 1
505 521 1
485 523 1
489 516 1
568 478 1
531 503 1
502 507 1
558 568 1
536 520 1
515 555 1
520 560 1
525 543 1
545 504 1
491 477 1
558 490 1
560 495 1
524 503 1
482 530 1
500 555 1
523 474 1
489 519 1
484 523 1
472 522 1
542 568 1
545 553 1
492 491 1
520 492 1
550 504 1
474 570 1
499 560 1
568 472 1
507 508 1
567 504 1
568 518 1
519 560 1
503 472 1
542 490 1
553 564 1
519 518 1
519 480 1
529 523 1
483 522 1
483 487 1
503 528 1
550 553 1
542 545 1
568 503 1
570 491 1
538 504 1
542 514 1
504 503 1
524 483 1
557 478 1
507 474 1
537 491 1
516 500 1
565 517 1
499 492 1
555 543 1
496 528 1
501 478 1
503 558 1
562 488 1
492 474 1
537 516 1
492 519 1
563 567 1
568 505 1
513 472 1
515 495 1
500 510 1
531 523 1
501 560 1
541 508 1
491 510 1
570 474 1
489 570 1
503 483 1
485 555 1
530 495 1
556 565 1
474 535 1
536 529 1
537 474 1
519 504 1
565 503 1
524 523 1
476 498 1
527 503 1
563 543 1
552 501 1
496 483 1
563 533 1
557 503 1
554 541 1
482 502 1
479 501 1
506 507 1
536 521 1
523 565 1
554 522 1
529 506 1
493 507 1
565 536 1
484 555 1
508 567 1
501 519 1
520 526 1
568 523 1
561 475 1
536 489 1
504 523 1
524 537 1
511 503 1
484 560 1
538 515 1
535 501 1
468 510 1
556 558 1
506 504 1
474 527 1
552 478 1
550 510 1
549 568 1
512 511 1
563 524 1
567 501 1
537 520 1
518 560 1
504 537 1
559 529 1
482 529 1
536 500 1
550 495 1
538 501 1
491 476 1
549 514 1
510 495 1
527 523 1
538 495 1
552 518 1
501 570 1
482 521 1
555 569 1
479 518 1
473 564 1
492 535 1
521 541 1
535 517 1
479 476 1
488 532 1
538 532 1
487 543 1
502 517 1
509 502 1
501 526 1
558 556 1
570 535 1
529 504 1
545 518 1
519 510 1
501 525 1
552 505 1
502 472 1
506 515 1
472 531 1
503 478 1
542 479 1
535 503 1
491 543 1
484 550 1
533 489 1
550 518 1
547 500 1
502 503 1
552 499 1
508 514 1
567 518 1
503 560 1
570 541 1
492 527 1
475 472 1
531 504 1
488 518 1
538 518 1
537 541 1
535 536 1
548 501 1
561 565 1
506 501 1
570 527 1
496 560 1
523 537 1
496 480 1
524 504 1
529 530 1
550 505 1
480 500 1
512 516 1
567 505 1
565 555 1
505 509 1
513 560 1
531 562 1
522 565 1
521 504 1
570 489 1
516 474 1
468 533 1
500 568 1
514 503 1
501 527 1
568 504 1
550 543 1
550 533 1
512 474 1
512 519 1
542 513 1
535 523 1
474 512 1
500 514 1
538 543 1
502 523 1
483 472 1
562 491 1
496 504 1
559 511 1
542 528 1
504 562 1
519 567 1
531 515 1
526 557 1
531 485 1
506 518 1
468 568 1
542 558 1
472 483 1
527 504 1
550 524 1
493 528 1
552 506 1
480 511 1
491 562 1
486 562 1
529 502 1
493 503 1
492 477 1
468 490 1
505 517 1
543 521 1
512 570 1
521 515 1
531 501 1
510 568 1
479 544 1
506 536 1
474 562 1
485 514 1
505 472 1
504 515 1
535 506 1
496 526 1
557 562 1
520 568 1
510 522 1
561 542 1
472 523 1
554 472 1
505 503 1
555 495 1
531 532 1
545 555 1
521 501 1
520 490 1
498 553 1
501 533 1
514 537 1
486 515 1
511 562 1
568 510 1
504 510 1
503 510 1
469 500 1
499 568 1
509 511 1
504 501 1
567 544 1
519 568 1
512 503 1
489 562 1
474 515 1
478 555 1
488 544 1
568 495 1
475 555 1
499 490 1
527 515 1
548 469 1
496 510 1
529 521 1
493 523 1
550 480 1
557 515 1
563 513 1
568 502 1
516 541 1
475 560 1
492 495 1
508 529 1
531 518 1
504 532 1
527 484 1
513 510 1
496 495 1
538 480 1
506 524 1
568 557 1
508 488 1
525 511 1
474 501 1
501 512 1
564 546 1
559 474 1
496 532 1
527 501 1
559 519 1
493 537 1
555 549 1
479 508 1
557 501 1
549 558 1
535 504 1
501 490 1
543 522 1
519 544 1
521 518 1
558 478 1
531 536 1
543 487 1
560 513 1
502 504 1
522 555 1
489 493 1
533 519 1
558 491 1
501 495 1
504 518 1
511 501 1
472 560 1
524 505 1
483 555 1
485 546 1
514 512 1
562 541 1
521 536 1
526 522 1
539 500 1
483 560 1
508 500 1
568 521 1
509 491 1
542 491 1
484 520 1
529 524 1
504 536 1
570 492 1
504 505 1
487 513 1
531 468 1
514 504 1
474 518 1
515 513 1
525 522 1
496 567 1
552 520 1
510 509 1
559 517 1
557 518 1
565 473 1
509 474 1
515 472 1
484 502 1
509 519 1
531 524 1
565 514 1
560 521 1
515 528 1
491 513 1
492 543 1
486 499 1
474 536 1
511 518 1
527 536 1
496 543 1
532 514 1
555 568 1
500 528 1
516 555 1
559 535 1
552 502 1
559 503 1
557 505 1
498 476 1
520 556 1
504 468 1
570 543 1
474 499 1
554 560 1
521 524 1
544 562 1
562 504 1
502 510 1
537 543 1
555 522 1
493 504 1
508 511 1
552 557 1
557 499 1
545 565 1
489 488 1
518 557 1
479 557 1
558 523 1
568 524 1
511 536 1
531 506 1
504 524 1
493 553 1
542 550 1
484 529 1
532 562 1
545 482 1
514 515 1
500 483 1
519 556 1
489 536 1
531 544 1
557 500 1
511 499 1
485 499 1
503 490 1
476 555 1
559 527 1
530 521 1
496 568 1
505 504 1
469 474 1
503 545 1
526 475 1
510 513 1
488 565 1
552 529 1
521 506 1
533 541 1
544 515 1
478 482 1
509 525 1
549 491 1
550 557 1
496 490 1
567 557 1
491 567 1
513 568 1
514 501 1
485 500 1
522 567 1
563 491 1
521 544 1
496 487 1
527 524 1
476 551 1
521 482 1
504 506 1
552 521 1
538 557 1
472 510 1
535 518 1
500 511 1
504 544 1
513 487 1
526 509 1
556 515 1
509 535 1
529 475 1
560 522 1
491 511 1
489 468 1
544 501 1
510 558 1
522 543 1
558 541 1
536 555 1
482 537 1
523 515 1
484 547 1
532 501 1
508 491 1
564 498 1
529 474 1
525 509 1
509 541 1
556 501 1
542 541 1
478 514 1
567 521 1
503 529 1
483 482 1
562 495 1
557 482 1
488 540 1
519 558 1
514 518 1
523 501 1
526 527 1
485 511 1
508 474 1
562 532 1
511 506 1
491 568 1
508 519 1
522 568 1
493 532 1
543 472 1
512 515 1
514 488 1
485 565 1
550 498 1
515 560 1
516 567 1
511 482 1
517 483 1
482 555 1
491 522 1
554 510 1
485 482 1
491 487 1
536 495 1
514 536 1
522 514 1
525 527 1
558 504 1
500 560 1
543 558 1
544 488 1
552 522 1
523 555 1
528 500 1
518 522 1
535 524 1
514 499 1
516 543 1
509 537 1
568 474 1
502 524 1
543 483 1
503 500 1
562 476 1
493 518 1
484 482 1
515 519 1
532 488 1
529 565 1
474 491 1
508 570 1
517 523 1
522 562 1
504 530 1
557 491 1
525 472 1
506 521 1
504 479 1
532 536 1
552 544 1
500 519 1
472 533 1
520 531 1
556 536 1
556 505 1
550 522 1
478 520 1
526 483 1
493 536 1
493 505 1
521 520 1
475 545 1
556 499 1
542 477 1
541 570 1
538 487 1
550 491 1
535 544 1
557 474 1
489 491 1
524 565 1
502 544 1
511 508 1
527 530 1
548 500 1
525 483 1
493 533 1
508 535 1
478 502 1
529 541 1
533 495 1
522 485 1
489 508 1
555 472 1
565 483 1
532 468 1
521 502 1
500 570 1
485 474 1
474 554 1
568 565 1
484 516 1
504 565 1
472 490 1
558 501 1
536 543 1
538 507 1
508 541 1
555 558 1
512 536 1
510 519 1
514 506 1
491 494 1
474 520 1
520 528 1
559 492 1
558 495 1
556 524 1
476 473 1
493 524 1
479 475 1
514 544 1
559 515 1
557 520 1
555 483 1
514 482 1
478 529 1
570 513 1
531 521 1
475 529 1
565 511 1
545 489 1
515 510 1
531 540 1
509 495 1
491 564 1
478 488 1
508 489 1
557 517 1
499 503 1
520 483 1
519 503 1
488 527 1
529 537 1
475 521 1
544 482 1
518 509 1
557 502 1
560 472 1
539 469 1
505 524 1
536 568 1
541 527 1
496 558 1
567 475 1
563 562 1
488 489 1
561 488 1
554 568 1
555 511 1
535 474 1
556 544 1
513 558 1
558 518 1
557 535 1
538 475 1
485 525 1
556 482 1
536 487 1
558 476 1
493 544 1
536 514 1
528 516 1
484 570 1
501 557 1
508 537 1
518 531 1
501 503 1
500 527 1
544 568 1
520 523 1
554 487 1
491 527 1
474 541 1
478 500 1
533 543 1
560 483 1
475 500 1
493 480 1
523 482 1
484 517 1
485 535 1
485 503 1
484 525 1
558 505 1
544 487 1
544 514 1
491 489 1
525 560 1
505 544 1
522 513 1
504 542 1
483 521 1
527 521 1
565 560 1
544 491 1
552 517 1
568 537 1
542 505 1
558 543 1
501 554 1
514 474 1
511 529 1
484 535 1
484 503 1
565 516 1
560 523 1
489 541 1
559 488 1
557 489 1
487 483 1
514 530 1
532 491 1
482 514 1
563 501 1
518 472 1
548 475 1
555 478 1
511 521 1
509 543 1
549 495 1
541 543 1
541 533 1
510 532 1
491 558 1
559 536 1
552 503 1
532 508 1
523 514 1
565 542 1
518 503 1
528 570 1
565 519 1
555 560 1
483 500 1
511 489 1
544 530 1
485 489 1
478 511 1
472 556 1
523 491 1
558 524 1
517 510 1
484 527 1
557 537 1
532 563 1
501 537 1
499 541 1
514 520 1
505 471 1
570 568 1
511 500 1
503 517 1
561 511 1
537 568 1
475 507 1
542 524 1
555 519 1
468 504 1
508 495 1
485 537 1
493 479 1
541 512 1
516 513 1
570 487 1
528 535 1
535 541 1
544 520 1
471 479 1
539 508 1
496 491 1
563 518 1
541 490 1
545 562 1
522 511 1
515 512 1
558 506 1
541 514 1
468 562 1
518 523 1
565 526 1
484 537 1
556 520 1
501 522 1
514 535 1
505 479 1
565 525 1
549 505 1
505 556 1
544 502 1
496 503 1
520 553 1
535 516 1
563 505 1
524 550 1
488 562 1
552 537 1
528 527 1
565 564 1
518 537 1
542 482 1
513 503 1
541 562 1
523 520 1
483 507 1
499 504 1
545 515 1
549 543 1
500 495 1
514 541 1
556 502 1
545 485 1
468 515 1
487 560 1
568 550 1
555 525 1
501 507 1
495 477 1
514 521 1
551 491 1
561 491 1
478 474 1
491 478 1
519 562 1
545 501 1
478 519 1
503 523 1
563 468 1
488 515 1
536 513 1
510 524 1
501 504 1
488 485 1
468 501 1
491 560 1
516 511 1
552 555 1
522 491 1
474 478 1
532 541 1
541 485 1
544 521 1
479 555 1
549 524 1
508 543 1
550 501 1
521 484 1
544 489 1
488 501 1
468 532 1
491 492 1
543 533 1
483 516 1
536 558 1
499 515 1
519 515 1
523 529 1
522 474 1
491 519 1
532 489 1
522 519 1
545 525 1
478 570 1
484 504 1
550 555 1
554 558 1
544 500 1
558 479 1
557 492 1
482 513 1
563 506 1
516 568 1
499 510 1
538 555 1
499 501 1
517 490 1
519 501 1
488 526 1
542 530 1
478 525 1
518 504 1
565 567 1
551 570 1
563 482 1
524 512 1
501 484 1
485 515 1
516 491 1
478 535 1
536 511 1
475 535 1
500 547 1
475 503 1
552 550 1
511 484 1
490 514 1
545 499 1
504 512 1
520 473 1
541 488 1
558 513 1
522 525 1
484 515 1
528 504 1
559 554 1
507 500 1
535 550 1
475 483 1
492 528 1
529 515 1
562 522 1
520 505 1
558 557 1
494 558 1
533 483 1
506 555 1
503 504 1
538 499 1
509 513 1
541 513 1
525 568 1
478 527 1
522 535 1
570 528 1
476 516 1
484 501 1
472 503 1
565 512 1
526 502 1
525 490 1
507 483 1
538 550 1
478 489 1
542 557 1
482 511 1
525 545 1
483 535 1
499 536 1
565 490 1
483 503 1
529 501 1
492 483 1
519 505 1
513 504 1
518 510 1
468 524 1
537 558 1
522 541 1
486 541 1
484 532 1
558 549 1
545 567 1
510 556 1
570 483 1
546 498 1
519 499 1
496 562 1
524 515 1
533 511 1
554 478 1
536 491 1
537 483 1
522 527 1
558 521 1
542 529 1
478 537 1
536 516 1
528 515 1
558 540 1
475 537 1
555 490 1
479 482 1
501 505 1
516 525 1
522 489 1
568 515 1
503 515 1
524 501 1
542 521 1
514 492 1
484 518 1
485 536 1
487 504 1
559 541 1
473 498 1
528 501 1
496 515 1
554 503 1
517 556 1
516 535 1
531 555 1
483 523 1
537 511 1
543 500 1
519 524 1
568 501 1
493 550 1
544 492 1
550 482 1
503 501 1
513 515 1
567 482 1
484 536 1
570 512 1
472 537 1
543 547 1
544 474 1
524 555 1
562 475 1
486 504 1
501 523 1
544 519 1
528 532 1
545 568 1
542 500 1
532 492 1
482 516 1
521 555 1
520 544 1
483 537 1
563 502 1
542 547 1
549 557 1
545 490 1
501 524 1
536 570 1
533 491 1
516 527 1
504 555 1
563 557 1
499 506 1
545 514 1
482 474 1
519 506 1
482 519 1
513 495 1
550 473 1
494 491 1
488 568 1
558 522 1
511 537 1
516 489 1
519 482 1
550 514 1
513 532 1
536 525 1
570 478 1
508 513 1
567 514 1
544 570 1
562 531 1
531 499 1
524 536 1
503 518 1
548 543 1
488 514 1
538 514 1
542 522 1
570 560 1
475 504 1
509 522 1
525 556 1
527 555 1
474 526 1
568 488 1
557 555 1
549 521 1
551 490 1
536 535 1
507 519 1
496 518 1
515 478 1
544 525 1
549 540 1
512 528 1
563 521 1
541 491 1
522 512 1
475 561 1
516 558 1
482 570 1
503 536 1
503 505 1
468 530 1
491 490 1
563 489 1
511 555 1
560 529 1
570 519 1
568 499 1
504 499 1
544 535 1
503 499 1
513 488 1
509 507 1
542 507 1
472 504 1
541 474 1
535 515 1
565 488 1
491 495 1
486 495 1
500 513 1
561 478 1
508 554 1
502 515 1
536 527 1
473 553 1
545 493 1
496 499 1
515 503 1
513 505 1
523 517 1
559 509 1
484 544 1
563 500 1
523 525 1
483 504 1
474 495 1
531 567 1
500 557 1
522 478 1
513 499 1
482 535 1
506 514 1
500 503 1
558 550 1
479 502 1
557 495 1
546 564 1
529 482 1
544 569 1
538 485 1
550 520 1
522 560 1
518 544 1
502 501 1
523 535 1
541 554 1
488 493 1
558 475 1
505 512 1
503 524 1
553 473 1
468 565 1
558 494 1
511 495 1
560 500 1
515 554 1
561 519 1
506 562 1
491 529 1
549 522 1
524 506 1
542 475 1
504 567 1
496 524 1
535 555 1
482 527 1
500 554 1
567 502 1
560 479 1
560 556 1
472 515 1
491 554 1
524 482 1
491 521 1
513 524 1
554 504 1
541 525 1
501 530 1
529 487 1
472 484 1
568 506 1
479 488 1
529 514 1
519 520 1
510 557 1
557 549 1
503 506 1
542 509 1
558 531 1
529 491 1
570 510 1
474 567 1
472 501 1
568 482 1
542 484 1
559 472 1
502 518 1
556 542 1
527 567 1
504 482 1
557 493 1
493 515 1
557 567 1
535 488 1
563 507 1
486 543 1
508 487 1
524 568 1
550 529 1
540 515 1
531 514 1
514 555 1
516 560 1
491 500 1
513 506 1
475 518 1
493 484 1
496 482 1
474 543 1
538 529 1
567 488 1
468 540 1
480 472 1
501 510 1
499 557 1
512 560 1
491 547 1
524 514 1
502 505 1
519 557 1
468 489 1
513 482 1
493 501 1
538 488 1
504 568 1
505 515 1
559 483 1
491 556 1
521 514 1
515 541 1
516 476 1
502 499 1
536 512 1
475 536 1
554 515 1
484 554 1
476 562 1
508 507 1
515 522 1
486 524 1
554 485 1
518 479 1
501 532 1
516 519 1
568 514 1
511 543 1
536 490 1
504 514 1
532 555 1
566 491 1
541 489 1
556 555 1
473 476 1
519 529 1
480 483 1
472 518 1
505 501 1
549 475 1
474 524 1
493 555 1
543 503 1
474 568 1
563 475 1
568 516 1
554 501 1
527 568 1
542 472 1
483 518 1
529 520 1
519 521 1
525 478 1
530 565 1
567 468 1
484 565 1
474 487 1
472 536 1
474 514 1
472 505 1
506 529 1
527 514 1
552 511 1
557 514 1
482 512 1
472 499 1
565 491 1
483 505 1
524 554 1
500 507 1
503 530 1
491 507 1
509 483 1
542 483 1
501 521 1
503 479 1
531 546 1
552 482 1
532 495 1
498 473 1
511 514 1
519 500 1
525 503 1
496 530 1
529 535 1
513 474 1
500 504 1
563 531 1
491 534 1
536 492 1
506 499 1
531 502 1
471 505 1
472 468 1
555 517 1
493 499 1
508 509 1
535 482 1
523 495 1
502 482 1
538 511 1
542 523 1
506 500 1
472 524 1
514 567 1
528 565 1
555 557 1
492 490 1
475 544 1
554 536 1
555 503 1
554 505 1
512 510 1
544 552 1
565 554 1
552 514 1
570 490 1
504 502 1
535 568 1
544 567 1
542 537 1
554 499 1
475 480 1
469 483 1
531 529 1
502 568 1
482 492 1
525 523 1
479 471 1
479 491 1
552 516 1
568 535 1
531 488 1
570 495 1
496 502 1
472 506 1
535 514 1
537 495 1
502 514 1
544 543 1
555 554 1
493 567 1
472 544 1
558 555 1
521 529 1
535 491 1
472 482 1
552 474 1
529 500 1
479 474 1
527 502 1
548 511 1
491 497 1
488 478 1
483 544 1
506 511 1
480 519 1
532 543 1
567 491 1
472 480 1
550 475 1
542 555 1
514 568 1
554 524 1
560 503 1
478 513 1
474 479 1
545 474 1
567 516 1
504 488 1
568 527 1
488 491 1
545 519 1
548 482 1
542 560 1
496 529 1
531 500 1
538 516 1
568 540 1
475 508 1
550 474 1
561 495 1
567 474 1
549 523 1
496 521 1
510 515 1
508 483 1
538 474 1
552 570 1
524 558 1
543 504 1
521 500 1
488 519 1
538 519 1
532 568 1
496 489 1
548 568 1
491 517 1
515 518 1
522 495 1
554 506 1
487 503 1
527 488 1
535 554 1
510 484 1
513 521 1
539 533 1
561 557 1
475 479 1
493 568 1
568 500 1
554 544 1
500 472 1
554 482 1
563 537 1
510 501 1
535 520 1
479 525 1
504 558 1
474 513 1
478 554 1
526 504 1
491 557 1
547 488 1
491 528 1
556 514 1
502 520 1
486 528 1
515 536 1
496 500 1
493 514 1
491 503 1
515 505 1
508 523 1
559 510 1
548 491 1
557 513 1
490 477 1
483 508 1
542 561 1
517 515 1
506 491 1
508 469 1
564 476 1
552 535 1
474 528 1
501 475 1
482 536 1
492 556 1
539 524 1
557 528 1
525 504 1
527 500 1
511 513 1
550 525 1
508 512 1
491 483 1
493 562 1
505 514 1
549 555 1
527 558 1
512 568 1
521 511 1
517 501 1
516 490 1
563 555 1
522 554 1
485 472 1
538 525 1
565 553 1
555 486 1
479 541 1
474 483 1
515 523 1
550 535 1
529 478 1
504 511 1
557 483 1
541 524 1
510 518 1
516 495 1
501 556 1
472 520 1
545 541 1
510 503 1
543 501 1
526 515 1
538 535 1
491 523 1
513 522 1
555 504 1
552 489 1
502 529 1
505 474 1
490 495 1
491 498 1
485 483 1
509 510 1
535 527 1
510 536 1
554 474 1
510 505 1
478 541 1
489 483 1
505 530 1
474 511 1
472 502 1
558 482 1
508 560 1
502 521 1
488 541 1
527 511 1
491 537 1
526 501 1
508 480 1
496 507 1
531 491 1
524 478 1
525 485 1
557 511 1
476 491 1
529 519 1
562 501 1
493 546 1
515 506 1
516 529 1
506 525 1
501 565 1
525 510 1
545 542 1
561 522 1
521 491 1
504 478 1
493 502 1
516 554 1
559 533 1
538 489 1
531 474 1
505 520 1
531 519 1
516 521 1
510 523 1
517 536 1
521 516 1
560 504 1
502 500 1
535 558 1
506 535 1
504 491 1
524 474 1
558 514 1
524 519 1
486 487 1
504 516 1
529 570 1
521 474 1
500 480 1
475 563 1
472 521 1
521 519 1
543 536 1
520 515 1
486 491 1
538 537 1
565 478 1
488 504 1
506 541 1
555 501 1
556 529 1
504 474 1
568 519 1
474 560 1
504 519 1
493 529 1
559 568 1
514 528 1
556 488 1
544 513 1
531 570 1
527 491 1
554 557 1
568 484 1
493 488 1
522 507 1
515 504 1
559 490 1
525 518 1
526 536 1
520 501 1
527 516 1
468 555 1
493 521 1
559 545 1
514 558 1
552 512 1
508 526 1
565 472 1
518 512 1
544 557 1
532 513 1
544 528 1
517 524 1
506 489 1
496 484 1
547 491 1
509 533 1
560 515 1
491 504 1
512 556 1
482 491 1
485 560 1
511 491 1
514 483 1
474 519 1
527 474 1
560 485 1
527 519 1
536 554 1
525 536 1
511 516 1
491 553 1
525 505 1
532 528 1
557 519 1
520 555 1
504 570 1
565 505 1
543 524 1
521 517 1
531 535 1
545 510 1
544 483 1
521 525 1
562 500 1
555 518 1
560 501 1
493 500 1
554 521 1
508 510 1
555 476 1
511 474 1
523 472 1
511 519 1
558 520 1
562 468 1
524 535 1
485 519 1
545 495 1
493 547 1
504 525 1
507 491 1
532 483 1
514 511 1
519 555 1
492 517 1
521 535 1
526 524 1
531 541 1
517 482 1
503 512 1
555 536 1
488 510 1
555 505 1
468 499 1
527 570 1
510 504 1
557 570 1
543 506 1
558 502 1
504 535 1
565 523 1
469 533 1
544 511 1
523 483 1
488 495 1
502 478 1
543 544 1
563 514 1
474 525 1
541 495 1
525 524 1
557 526 1
552 515 1
568 536 1
531 489 1
518 515 1
570 557 1
552 519 1
532 511 1
530 501 1
491 481 1
518 485 1
521 527 1
570 503 1
504 541 1
556 511 1
501 517 1
512 558 1
560 518 1
542 544 1
515 502 1
562 506 1
535 492 1
555 523 1
526 544 1
527 535 1
536 522 1
562 544 1
558 529 1
515 557 1
523 511 1
518 501 1
502 474 1
513 536 1
478 472 1
502 519 1
525 506 1
560 536 1
491 532 1
545 505 1
555 524 1
504 489 1
468 567 1
538 492 1
498 564 1
525 544 1
570 554 1
511 535 1
469 545 1
514 491 1
527 541 1
560 499 1
476 553 1
529 555 1
533 500 1
507 511 1
514 516 1
561 472 1
492 523 1
521 537 1
485 510 1
537 521 1
545 533 1
545 543 1
551 476 1
541 521 1
510 520 1
557 527 1
508 533 1
478 483 1
543 508 1
482 541 1
522 472 1
486 472 1
491 518 1
535 570 1
555 506 1
515 521 1
487 536 1
468 482 1
493 478 1
502 570 1
484 510 1
522 503 1
523 541 1
488 543 1
496 537 1
488 533 1
556 491 1
510 502 1
561 483 1
493 491 1
522 558 1
564 473 1
545 524 1
560 524 1
549 502 1
502 525 1
493 516 1
491 505 1
508 568 1
520 482 1
522 483 1
505 478 1
529 495 1
565 504 1
552 536 1
532 519 1
518 536 1
556 474 1
518 505 1
568 555 1
562 474 1
507 522 1
556 519 1
508 490 1
503 555 1
493 474 1
519 543 1
514 570 1
491 533 1
493 519 1
502 535 1
478 512 1
488 524 1
475 512 1
469 493 1
468 514 1
517 565 1
512 478 1
539 491 1
496 555 1
510 529 1
521 512 1
559 558 1
560 506 1
514 526 1
531 495 1
524 510 1
549 529 1
522 523 1
537 522 1
512 491 1
489 504 1
558 511 1
560 482 1
541 522 1
528 510 1
510 521 1
524 495 1
530 524 1
525 479 1
541 487 1
506 543 1
516 528 1
520 514 1
536 484 1
516 503 1
472 565 1
532 570 1
538 536 1
546 553 1
491 524 1
521 495 1
515 487 1
556 570 1
542 511 1
522 537 1
493 570 1
490 557 1
542 565 1
504 495 1
478 560 1
492 504 1
499 514 1
516 483 1
478 480 1
519 514 1
510 500 1
515 544 1
570 504 1
517 521 1
565 510 1
533 475 1
510 547 1
557 490 1
537 504 1
503 550 1
530 482 1
514 527 1
509 558 1
520 530 1
556 535 1
491 544 1
511 512 1
562 503 1
565 495 1
493 535 1
485 568 1
527 495 1
518 506 1
486 555 1
525 557 1
544 527 1
486 560 1
491 480 1
475 484 1
518 482 1
483 562 1
485 545 1
512 523 1
536 472 1
565 557 1
558 516 1
531 543 1
476 543 1
528 567 1
493 541 1
484 568 1
475 501 1
468 502 1
500 529 1
516 537 1
501 562 1
492 515 1
556 527 1
489 495 1
502 477 1
524 543 1
484 490 1
561 504 1
529 568 1
558 474 1
545 479 1
484 545 1
559 478 1
484 514 1
489 532 1
521 543 1
472 542 1
508 479 1
508 556 1
549 511 1
562 489 1
527 492 1
536 483 1
510 544 1
563 511 1
522 504 1
559 491 1
542 474 1
492 501 1
520 502 1
504 543 1
542 519 1
478 526 1
518 514 1
549 482 1
488 479 1
570 501 1
474 505 1
482 472 1
520 557 1
501 515 1
560 520 1
503 482 1
512 541 1
530 474 1
535 490 1
480 491 1
556 537 1
468 488 1
483 501 1
536 523 1
541 531 1
528 568 1
565 543 1
535 495 1
545 513 1
527 543 1
491 530 1
555 521 1
478 510 1
557 543 1
472 555 1
502 495 1
520 529 1
518 474 1
522 526 1
503 568 1
558 517 1
482 483 1
542 570 1
528 514 1
545 557 1
550 513 1
520 521 1
503 514 1
493 477 1
488 513 1
538 513 1
475 499 1
559 550 1
468 500 1
514 490 1
558 535 1
516 504 1
570 518 1
558 503 1
552 554 1
508 558 1
565 524 1
468 558 1
537 472 1
496 514 1
519 488 1
565 568 1
488 557 1
512 504 1
522 510 1
541 472 1
514 495 1
492 505 1
