510 3026
2 5 -1
5 6 1
5 3 -1
4 5 -1
1 5 -1
6 3 1
8 7 1
17 44 -1
440 49 1
456 25 1
178 30 -1
37 61 1
53 55 1
274 24 1
53 427 1
29 35 1
53 16 1
53 407 1
104 419 -1
443 17 -1
274 104 1
51 69 1
68 22 1
15 77 1
274 443 1
78 237 1
53 69 1
274 46 1
274 23 1
467 419 1
78 11 1
53 104 -1
22 69 1
40 25 1
443 59 1
274 76 1
32 77 1
67 13 1
53 56 1
76 25 1
274 41 1
31 24 1
75 44 1
462 427 1
274 12 1
70 50 -1
274 11 1
58 104 1
40 49 1
29 17 1
274 35 1
53 24 -1
74 44 1
58 15 1
37 53 -1
17 35 1
29 68 1
53 57 1
41 55 1
178 25 -1
61 427 1
76 38 1
13 25 1
274 31 1
72 24 1
462 56 1
407 70 1
58 11 1
11 49 1
75 104 1
274 64 1
23 44 1
53 50 1
104 41 1
41 69 1
274 419 1
34 77 1
59 104 1
51 77 1
15 64 1
53 30 1
462 73 1
23 237 1
274 17 1
59 23 1
53 77 1
178 11 1
45 50 -1
58 64 1
70 24 -1
25 44 1
29 74 1
53 27 1
501 31 1
53 54 1
67 44 1
104 14 -1
61 73 1
104 68 1
17 64 1
53 15 1
462 130 1
58 17 1
11 69 1
53 34 1
53 68 -1
15 68 1
443 70 1
38 35 1
53 63 1
440 69 1
67 237 1
78 16 1
178 419 1
29 51 1
29 58 1
67 419 -1
462 45 1
104 467 1
274 42 1
38 64 1
29 44 1
23 25 1
55 49 1
29 62 1
14 30 1
462 68 -1
67 23 1
79 17 -1
53 64 1
53 67 1
54 17 1
53 13 1
42 56 1
25 35 1
55 25 1
16 77 1
274 26 1
456 59 1
274 40 1
53 17 1
274 51 1
23 38 1
274 58 1
274 75 1
12 26 1
74 16 1
274 14 1
274 74 1
25 16 -1
274 44 1
274 178 1
274 62 1
53 31 1
70 31 1
67 41 1
104 237 1
79 42 -1
78 75 1
41 15 1
67 440 -1
61 21 1
53 501 1
76 77 1
42 30 1
29 25 1
30 77 1
456 49 1
53 70 1
462 69 1
37 274 -1
68 35 1
62 26 1
53 467 1
53 58 -1
11 419 -1
58 237 1
56 49 1
501 50 1
41 17 1
9 419 1
67 14 -1
456 67 1
67 68 1
55 69 1
274 237 1
443 11 1
75 74 1
68 16 -1
75 440 1
58 25 -1
15 440 -1
59 74 1
274 32 1
41 68 1
53 33 1
58 44 1
274 25 1
104 35 1
25 74 1
59 44 1
38 62 1
443 31 1
32 41 1
29 55 1
15 35 1
53 9 1
61 501 1
59 237 1
78 25 1
45 69 1
443 12 1
53 61 1
76 15 1
75 14 1
104 16 -1
76 68 1
29 53 1
76 64 1
274 72 1
419 30 -1
501 24 1
53 237 1
33 427 -1
11 68 1
53 35 1
53 72 -1
53 51 1
76 17 1
78 274 1
21 130 -1
67 40 1
49 25 1
67 56 1
53 456 1
462 61 1
274 55 1
53 23 1
427 73 1
31 69 -1
58 419 1
55 35 1
419 74 1
61 57 1
237 44 1
67 178 1
54 25 1
53 76 1
462 11 1
53 11 1
38 25 1
29 14 1
75 38 1
37 462 1
54 49 1
17 25 1
53 443 1
274 427 1
75 467 -1
53 46 1
274 16 1
274 440 1
75 25 1
462 50 1
59 419 1
456 23 1
75 59 1
15 74 1
53 41 1
427 27 1
59 25 1
79 61 1
53 440 -1
53 12 1
443 15 -1
53 419 1
274 56 1
21 30 1
38 55 1
29 30 1
68 27 -1
79 11 1
274 130 1
456 35 1
61 63 1
462 31 1
427 501 -1
130 24 1
419 25 1
67 59 1
67 49 1
14 35 1
237 419 1
456 440 -1
53 462 1
419 49 1
456 11 1
237 25 1
67 25 1
53 42 1
17 40 1
58 77 -1
274 30 1
78 23 1
17 14 1
274 77 1
14 419 1
53 130 -1
70 130 -1
274 22 1
11 35 1
443 69 -1
440 25 1
29 38 1
55 74 1
64 25 1
33 59 -1
29 15 1
274 27 1
462 33 1
59 14 1
31 130 1
9 55 1
53 26 1
53 40 1
11 237 1
274 59 1
456 467 1
53 75 1
53 14 1
53 74 1
21 69 1
67 55 1
274 49 1
29 274 1
67 16 1
53 178 1
11 25 1
53 73 1
274 38 1
55 44 1
54 30 1
67 69 1
274 54 1
53 45 -1
53 18 1
23 51 1
26 77 1
274 67 1
178 17 -1
462 26 1
274 13 1
274 15 1
104 25 1
274 34 1
38 77 1
37 42 -1
51 44 1
440 77 -1
58 38 1
62 30 1
53 44 1
53 62 1
53 79 1
78 67 1
456 74 1
61 26 1
62 77 1
75 419 -1
274 467 1
58 67 1
68 69 1
50 56 1
14 74 1
41 22 1
11 427 1
53 21 1
15 69 1
34 68 -1
427 41 -1
440 30 -1
274 501 1
59 49 1
53 78 1
23 440 -1
53 59 1
274 407 1
443 104 -1
456 44 1
274 33 1
51 38 1
17 49 1
407 130 1
23 11 1
11 56 1
53 22 1
59 64 1
67 17 -1
38 13 1
38 15 1
27 77 1
53 38 1
462 21 1
11 50 -1
29 23 1
67 54 1
9 30 1
53 32 1
443 130 1
53 25 1
29 76 1
75 67 1
78 74 1
58 69 1
61 11 1
76 62 1
274 70 1
58 456 -1
53 49 1
53 274 1
29 443 1
237 49 1
17 69 1
274 456 1
64 68 -1
29 41 1
357 93 -1
99 82 1
94 100 -1
176 82 1
104 110 1
104 422 -1
357 82 -1
408 113 1
93 114 1
365 82 -1
118 104 -1
461 422 1
245 82 1
109 82 -1
88 82 -1
103 82 1
114 82 1
106 357 1
111 82 1
82 98 1
81 82 1
106 82 1
408 494 1
408 495 -1
461 91 1
85 94 1
113 82 -1
118 82 -1
357 465 -1
494 422 1
81 271 1
176 109 1
357 422 1
494 245 1
90 82 1
357 115 1
494 85 1
95 82 -1
461 494 1
461 115 1
114 495 1
114 94 1
408 110 1
357 104 1
85 495 1
495 82 -1
495 472 -1
94 109 1
114 245 1
271 82 1
495 84 1
88 271 -1
329 82 1
83 82 1
329 94 1
408 104 1
271 90 1
422 91 1
113 115 1
461 329 1
93 82 -1
104 109 -1
82 472 -1
104 495 1
104 93 1
94 176 1
271 91 1
104 101 -1
494 115 1
329 271 1
357 114 1
104 245 1
104 85 1
82 100 -1
494 365 1
357 85 -1
101 82 1
465 82 -1
88 495 -1
104 100 1
422 110 1
495 115 1
104 113 1
408 82 -1
114 85 1
94 82 -1
85 82 -1
94 495 1
271 495 1
494 465 1
271 94 1
329 495 1
365 98 1
81 85 1
494 357 1
93 94 1
329 85 1
494 82 1
102 82 1
110 82 1
494 176 1
104 82 -1
104 472 -1
494 114 1
357 94 1
329 113 1
82 115 1
104 94 -1
461 82 -1
494 271 1
495 109 1
461 357 1
461 472 1
422 82 -1
461 245 1
117 82 -1
113 495 1
106 99 1
422 176 1
91 82 1
84 82 -1
94 115 1
494 495 1
121 120 1
443 125 -1
125 124 1
443 124 -1
122 124 -1
125 122 -1
127 126 1
130 128 -1
129 128 1
129 130 -1
140 132 -1
160 132 1
139 132 -1
135 132 -1
486 132 -1
138 132 1
137 132 1
136 132 -1
486 136 -1
134 140 1
138 140 1
137 486 1
134 132 -1
139 140 1
142 141 -1
501 143 1
147 145 1
146 147 1
149 148 1
151 152 -1
151 334 -1
154 153 1
157 156 -1
155 157 -1
235 178 -1
160 176 1
342 176 1
408 232 1
250 222 1
309 468 -1
338 303 1
480 328 1
266 180 -1
485 384 1
343 193 -1
236 200 1
338 209 1
299 282 1
169 273 1
181 270 1
195 282 1
357 465 -1
294 236 1
200 331 1
464 322 1
364 438 1
255 504 1
334 247 1
250 180 1
274 275 1
326 240 1
200 468 1
282 184 1
231 377 1
250 160 1
165 232 1
310 176 1
502 167 1
322 264 1
235 419 -1
262 232 1
294 468 1
370 336 1
250 245 1
504 248 1
357 205 1
485 218 1
299 504 1
303 218 1
294 338 1
294 260 1
250 278 1
448 282 -1
312 169 1
182 326 1
236 336 1
250 162 1
203 283 1
262 326 1
302 314 1
275 199 1
286 218 1
250 158 1
202 357 1
193 180 -1
249 468 1
250 174 1
485 232 1
178 241 -1
178 419 1
250 480 1
265 504 1
203 247 1
422 230 1
235 464 -1
329 410 1
176 331 1
236 233 -1
167 174 1
255 362 -1
314 333 1
265 491 1
299 176 1
485 326 1
235 246 -1
294 231 1
204 438 1
203 482 1
336 449 1
195 176 1
250 231 1
216 273 1
326 305 1
255 326 1
241 180 1
209 253 1
448 209 1
448 169 1
302 325 -1
422 468 1
326 384 1
240 319 1
327 333 1
163 419 1
270 468 1
250 329 1
250 341 1
342 468 1
321 252 1
370 158 1
274 177 1
255 422 -1
201 394 1
192 438 1
448 252 1
231 311 1
165 274 1
319 331 1
235 218 1
274 337 1
357 247 -1
357 337 1
299 177 1
201 468 1
250 229 1
210 250 -1
274 161 1
274 237 1
314 173 1
235 212 -1
357 161 1
235 195 1
232 394 1
325 468 -1
249 278 1
211 232 1
196 468 -1
250 362 1
232 195 1
212 468 -1
202 300 1
502 326 1
232 305 1
274 164 1
342 237 1
235 357 1
274 249 1
364 249 1
212 338 -1
384 269 1
342 270 1
250 213 1
419 180 -1
274 313 1
231 314 1
337 218 1
250 233 -1
250 217 1
255 245 1
163 276 1
232 282 1
491 468 1
236 249 1
163 169 1
502 220 1
294 216 1
274 246 1
172 232 1
176 204 1
250 204 1
253 233 -1
357 482 1
250 298 -1
357 449 1
299 247 1
186 468 1
235 274 -1
235 271 -1
250 265 1
465 326 1
341 449 1
172 326 1
282 468 1
250 240 1
299 482 1
449 245 1
484 159 1
235 504 1
267 333 1
231 327 1
197 504 1
314 282 1
294 169 1
250 289 1
250 297 1
250 285 -1
338 465 1
254 314 1
274 344 1
303 232 1
195 207 1
294 192 1
250 193 -1
255 342 -1
250 192 1
408 159 1
311 468 1
165 214 1
249 276 1
250 317 1
326 333 1
408 485 1
250 319 1
321 336 1
250 327 1
205 419 -1
314 438 1
326 309 1
237 419 1
341 419 -1
190 341 1
448 451 1
502 207 1
251 468 1
232 176 1
302 438 1
218 344 1
485 230 1
294 254 1
163 176 1
384 230 1
301 468 1
410 504 1
370 326 1
343 449 1
502 331 1
217 241 1
164 330 1
504 326 1
250 307 -1
408 305 1
357 394 -1
236 326 1
286 171 1
294 343 1
250 384 1
269 159 1
250 332 1
213 326 1
408 384 1
448 286 1
262 485 1
322 327 1
250 161 1
250 310 1
250 312 1
234 232 1
205 272 -1
408 283 -1
250 299 1
449 419 1
169 252 1
302 176 1
326 331 1
271 326 1
277 230 1
176 206 1
250 206 1
274 203 1
485 159 1
266 384 1
250 253 1
357 213 1
243 419 -1
250 184 1
174 326 1
274 202 1
343 255 1
172 468 1
250 259 1
221 448 -1
504 275 1
203 176 1
384 237 1
274 482 1
235 180 1
176 449 1
465 169 1
299 364 1
301 293 1
250 315 1
235 160 1
314 335 1
302 326 1
200 245 1
294 330 1
250 205 1
250 261 1
251 322 1
188 176 1
299 223 1
329 163 1
338 468 1
234 235 1
250 232 1
163 180 1
303 502 1
250 339 1
322 200 1
221 468 1
338 260 1
504 278 1
169 176 1
299 303 1
184 333 1
408 281 -1
294 326 1
338 340 1
326 220 1
255 327 1
213 484 1
235 165 -1
338 158 1
216 169 1
299 169 1
326 214 1
335 223 1
232 241 1
250 273 1
502 171 -1
250 244 1
163 241 1
336 171 -1
491 504 1
204 218 1
299 362 1
217 203 1
502 232 1
212 465 -1
465 249 1
274 160 1
192 311 1
294 286 1
250 286 1
308 261 1
274 243 1
236 419 -1
240 230 1
357 422 1
422 232 1
491 331 -1
445 326 1
485 316 1
384 176 1
250 190 1
274 278 1
250 328 1
256 468 1
265 451 -1
281 305 1
491 176 1
250 309 1
234 502 1
465 193 -1
169 222 1
192 223 1
338 293 1
250 264 1
274 419 1
264 253 1
234 338 1
203 313 1
173 468 1
249 241 1
163 341 1
504 384 1
357 193 -1
451 491 1
293 199 1
243 465 -1
169 206 1
322 286 1
408 274 1
181 342 1
343 321 1
502 491 1
236 448 -1
408 484 1
235 250 1
255 502 1
174 249 -1
231 468 1
448 260 1
236 272 -1
250 324 1
192 201 1
342 286 1
345 305 1
223 331 1
217 357 1
158 169 1
250 188 1
299 485 1
302 231 1
250 288 1
266 468 -1
303 485 1
308 213 1
312 249 1
160 504 1
229 331 1
197 485 1
294 321 -1
342 357 -1
271 237 1
422 241 1
448 256 -1
484 241 1
448 201 1
160 491 1
275 218 1
312 438 1
502 176 1
250 502 1
290 342 1
281 300 1
370 448 1
226 259 -1
250 468 1
250 237 -1
250 449 1
464 237 1
269 438 1
482 244 1
408 468 1
449 468 1
250 338 1
185 468 1
408 449 1
163 213 1
362 205 1
341 193 1
160 468 -1
504 205 1
302 293 1
253 468 1
299 232 1
250 201 1
342 314 1
321 249 1
250 304 1
198 468 1
322 341 1
307 394 1
290 491 1
250 308 1
265 241 1
269 199 1
250 239 -1
315 341 1
181 273 1
338 192 1
341 206 1
449 239 -1
464 504 1
193 468 -1
320 239 1
250 185 1
465 241 1
294 255 1
169 341 1
197 362 1
408 220 1
250 198 1
289 468 1
422 419 -1
250 214 1
357 504 1
341 286 1
250 422 1
377 341 1
310 484 1
422 248 1
335 186 1
357 241 1
249 288 1
250 262 1
491 159 1
234 341 1
176 293 1
250 301 1
408 190 1
342 266 -1
250 344 -1
308 305 1
339 465 1
250 196 -1
364 176 1
205 480 1
206 223 1
178 179 1
504 337 1
327 468 1
232 214 1
250 159 1
235 307 -1
249 260 1
299 163 1
232 249 1
250 485 1
334 237 1
234 169 1
234 250 1
342 246 -1
249 169 1
491 341 1
314 327 1
192 282 1
169 233 -1
249 285 -1
235 310 1
232 438 1
235 312 1
232 293 1
343 195 -1
308 164 1
330 468 1
299 200 1
181 188 1
408 410 1
320 326 1
250 165 1
250 270 1
448 326 1
364 502 1
255 303 1
357 502 1
465 160 1
502 159 1
485 220 1
250 394 1
250 216 1
216 341 1
185 341 1
297 331 1
195 341 1
211 480 1
250 305 1
464 245 -1
326 328 1
169 260 1
159 331 1
336 319 1
438 245 1
274 422 -1
504 449 1
158 311 1
250 276 1
320 311 1
408 191 -1
251 314 1
250 279 -1
250 169 1
250 179 1
274 191 1
338 222 1
217 274 1
250 445 1
235 232 1
243 344 1
294 162 1
485 204 1
169 319 1
254 282 1
468 328 1
176 252 1
265 468 1
502 305 1
250 252 1
314 253 1
176 180 1
314 184 1
408 313 -1
335 468 1
164 345 1
422 197 1
485 245 1
438 331 1
229 311 1
163 232 1
502 384 1
331 199 1
320 343 1
181 419 -1
335 229 1
267 314 1
422 249 1
491 240 1
181 160 1
232 326 1
422 307 -1
502 261 -1
338 198 1
250 300 1
338 311 1
250 283 1
264 233 1
255 176 1
315 310 1
231 192 1
485 331 1
210 465 -1
181 464 -1
250 465 1
265 237 1
335 233 -1
250 281 -1
229 468 1
250 290 1
451 504 1
263 253 1
464 231 1
190 205 1
243 211 1
250 226 1
422 199 1
290 329 1
448 502 1
465 237 1
250 484 1
342 223 -1
200 311 1
294 370 1
246 344 -1
338 269 1
299 159 1
250 200 1
203 345 -1
408 193 -1
250 370 1
232 309 1
250 243 -1
329 307 1
249 326 1
250 345 1
255 180 -1
160 218 1
465 174 -1
269 220 1
340 319 1
217 220 1
314 286 1
277 331 1
451 176 1
294 333 1
482 326 1
232 310 1
250 333 1
236 201 -1
259 305 1
294 320 1
232 484 1
250 254 1
235 188 1
331 333 1
357 305 1
308 259 1
255 282 1
326 245 1
250 256 1
308 482 1
254 333 1
357 384 1
448 230 1
465 377 1
485 249 1
251 448 1
235 502 1
181 303 1
377 232 1
282 293 1
241 344 -1
449 311 -1
250 451 1
250 336 1
326 297 1
485 438 1
213 334 1
250 263 1
237 241 1
234 294 1
253 222 1
408 213 -1
319 333 1
342 345 1
250 236 1
274 213 1
209 192 1
176 230 1
250 230 1
343 282 1
250 223 -1
245 419 1
357 218 1
314 341 1
244 341 1
339 218 1
250 247 1
294 331 1
464 314 1
236 275 1
250 357 -1
255 333 -1
445 245 1
299 218 1
267 282 1
165 326 1
314 468 1
176 241 1
210 181 -1
250 241 1
158 282 1
281 249 1
502 206 1
491 326 1
410 468 1
312 491 1
408 241 1
250 181 1
317 326 1
232 230 1
240 331 1
249 331 1
484 245 1
250 340 1
250 294 1
213 204 1
235 422 1
245 218 1
159 184 1
232 316 1
254 468 1
198 311 1
364 169 1
250 182 1
326 282 1
299 240 1
329 265 1
448 341 1
464 327 1
465 451 1
408 178 -1
336 331 1
274 178 1
312 176 1
336 468 1
338 448 1
337 237 1
357 336 -1
502 241 1
322 331 1
319 468 1
294 189 1
288 468 1
484 331 1
250 242 1
322 468 1
342 331 1
172 249 1
279 468 -1
408 345 1
169 331 1
250 172 -1
232 159 1
338 186 1
361 468 1
255 336 1
329 248 1
250 320 1
294 438 1
201 331 1
250 238 1
250 271 -1
314 301 1
321 176 1
181 171 -1
250 275 1
408 419 -1
158 176 1
491 484 1
182 468 1
299 309 1
250 322 1
232 270 1
251 335 1
200 282 1
357 484 1
326 176 1
314 317 1
329 384 1
181 263 1
275 191 1
250 221 -1
370 342 1
236 282 1
448 253 1
326 273 1
314 319 1
329 419 1
370 249 1
181 206 1
256 327 1
250 410 1
242 468 1
294 297 1
179 468 1
264 468 1
255 468 1
274 259 1
250 173 1
504 180 1
317 468 1
448 233 1
163 491 1
422 344 -1
250 361 1
342 438 1
341 331 1
282 331 1
484 218 1
200 491 1
249 186 1
281 203 1
341 468 1
299 408 1
329 504 1
250 191 -1
197 218 1
250 260 1
504 241 1
422 205 1
195 468 1
234 249 1
197 216 1
277 468 1
329 377 1
248 468 1
448 186 1
482 341 1
502 341 1
502 394 1
185 169 1
334 259 -1
250 177 1
203 341 1
174 313 1
250 212 -1
338 326 1
451 468 1
482 305 1
314 252 1
249 279 -1
299 326 1
249 504 1
504 176 1
502 468 1
394 241 1
203 305 1
250 337 1
338 335 1
249 491 1
384 245 1
197 326 1
250 189 1
294 312 1
342 273 1
448 336 1
250 167 1
235 193 -1
502 169 1
449 237 1
250 186 1
250 342 1
502 201 1
422 191 -1
303 220 1
250 164 1
250 249 1
249 176 1
185 249 1
198 282 1
160 169 1
250 438 1
237 344 1
282 301 1
255 485 1
326 340 1
286 311 1
192 468 1
408 344 -1
357 178 -1
290 341 1
408 504 1
250 251 1
299 204 1
451 249 1
282 159 1
485 394 1
250 377 1
181 362 1
422 449 -1
502 249 1
338 245 1
290 468 1
342 449 -1
180 218 1
342 312 1
329 271 1
502 293 1
192 326 1
250 334 -1
362 203 1
316 468 1
181 288 1
255 232 1
232 504 1
162 169 1
160 249 1
307 204 1
502 193 -1
339 502 1
309 180 1
274 449 1
307 245 1
338 331 1
465 266 -1
255 169 1
226 229 1
370 468 1
299 331 1
235 247 1
329 502 1
445 232 1
357 248 1
204 159 1
504 468 1
329 482 1
236 468 1
232 480 1
314 336 1
213 502 1
408 221 1
218 331 1
357 243 1
250 326 1
218 468 1
465 449 -1
485 248 1
465 419 1
438 285 -1
299 266 -1
250 202 -1
250 335 1
167 169 1
213 345 1
220 261 -1
342 293 -1
250 220 1
281 357 1
308 244 1
339 230 1
322 256 1
294 311 1
338 189 1
250 211 1
277 252 1
274 214 1
324 449 1
250 311 1
282 449 -1
484 180 1
314 331 1
504 237 1
200 270 1
408 161 1
338 277 1
326 394 1
255 465 1
485 176 1
214 344 1
362 270 1
180 199 1
448 314 1
302 331 1
250 203 1
253 311 1
231 449 1
308 281 1
221 465 -1
315 245 1
302 468 1
314 330 1
302 449 1
299 249 1
465 171 -1
232 345 1
448 297 1
223 468 1
250 364 1
189 169 1
302 330 1
158 192 1
250 178 -1
250 343 1
326 169 1
342 328 1
250 163 1
176 269 1
250 269 1
307 205 -1
326 201 1
159 218 1
250 314 1
231 333 1
504 419 1
249 341 1
232 238 1
339 485 1
188 286 1
331 468 1
465 197 1
274 357 1
269 282 1
326 327 1
176 207 1
250 207 1
197 159 1
191 344 -1
233 311 -1
235 221 -1
232 204 1
176 341 1
255 330 1
172 438 1
250 293 -1
250 331 1
232 245 1
162 326 1
362 218 1
274 305 1
250 408 1
504 218 1
274 211 -1
299 197 1
464 282 1
465 504 1
202 305 1
250 325 -1
250 419 -1
464 241 -1
250 277 -1
320 282 1
491 245 1
232 207 1
322 314 1
176 248 1
482 345 1
250 248 1
250 330 1
200 240 1
342 502 1
181 232 1
329 305 1
250 267 1
169 223 1
370 169 1
255 230 1
504 276 1
294 172 1
235 191 -1
232 331 1
181 326 1
250 313 -1
448 249 1
242 311 1
504 169 1
172 176 1
236 169 1
408 334 1
250 464 -1
370 252 1
299 491 1
277 282 1
408 464 -1
209 160 -1
422 362 1
250 246 -1
267 468 1
267 449 1
384 241 1
342 362 1
203 275 1
301 333 1
250 316 1
174 232 1
241 480 1
274 300 1
250 272 -1
259 203 1
314 361 1
310 468 1
357 283 1
218 199 1
249 297 1
308 214 1
465 502 1
181 190 1
229 218 1
203 278 1
232 384 1
256 311 -1
502 230 1
255 314 1
342 422 1
250 218 1
293 468 1
232 277 1
235 249 1
235 262 1
294 448 1
246 213 1
249 191 -1
250 448 1
250 195 1
216 223 1
250 302 1
449 223 1
299 502 1
185 448 1
445 485 1
235 344 -1
255 341 1
340 468 1
342 173 1
322 361 1
422 193 -1
250 303 1
169 297 1
294 282 1
326 230 1
302 321 1
250 282 1
294 263 1
422 485 1
384 238 1
178 480 1
250 209 1
338 339 1
232 218 1
465 230 1
326 286 1
250 197 1
163 504 1
212 422 -1
271 468 -1
231 196 -1
201 256 -1
325 333 1
181 331 1
209 331 1
263 169 1
326 241 1
249 277 1
312 502 1
320 336 1
250 274 -1
357 160 1
464 274 1
438 468 1
312 468 1
249 206 1
502 237 1
252 468 1
255 199 1
240 180 1
448 311 1
250 504 1
343 502 1
504 330 1
321 169 -1
408 248 1
362 232 1
468 333 1
250 266 -1
250 491 1
231 173 1
185 322 1
422 451 1
364 278 1
408 266 -1
200 326 1
482 164 1
335 333 1
384 394 1
322 342 1
160 237 1
362 326 1
321 341 1
203 249 1
250 321 1
299 245 1
250 199 1
235 213 -1
235 326 1
178 422 -1
169 277 1
294 176 1
188 249 1
249 171 -1
248 245 1
357 480 1
274 247 1
445 307 1
464 449 1
250 176 1
422 180 1
184 468 1
338 264 1
504 230 1
158 468 1
286 468 1
320 468 1
329 180 1
203 504 1
232 491 1
236 286 1
422 504 1
232 337 1
342 504 1
394 230 1
249 273 1
294 502 1
265 419 1
329 241 1
213 482 1
336 176 1
324 206 1
250 482 1
338 394 1
203 344 1
190 232 1
275 223 1
209 204 1
250 255 -1
338 502 1
250 171 -1
217 328 1
491 277 1
162 249 1
422 176 1
346 347 -1
348 349 1
350 361 1
357 504 1
350 363 1
353 362 1
352 504 1
353 350 1
352 357 1
353 360 1
357 363 -1
356 504 1
434 350 1
358 354 1
354 363 1
364 363 1
353 504 1
363 360 1
365 361 1
358 363 1
359 363 1
356 363 1
350 362 1
353 363 1
357 350 1
354 362 -1
350 360 1
354 350 1
354 364 1
364 350 1
365 350 1
504 363 1
350 359 1
356 362 1
352 350 1
364 359 1
358 350 1
350 504 1
356 350 1
366 367 1
370 368 1
369 368 1
371 379 1
373 371 1
392 380 1
378 379 1
390 379 1
392 374 1
385 393 1
392 390 1
392 387 1
390 378 1
392 377 1
393 394 1
392 385 1
387 379 1
392 391 1
389 379 1
389 390 1
390 387 1
392 388 1
392 393 1
387 393 1
392 394 1
393 378 -1
392 384 1
374 391 1
392 396 1
389 388 1
383 378 1
387 396 1
393 440 1
374 394 1
395 387 -1
387 391 1
440 391 1
378 394 1
395 396 1
440 396 1
389 394 1
392 386 1
375 440 -1
392 376 1
375 396 1
392 389 1
392 395 1
392 440 -1
396 391 1
389 440 1
392 382 1
384 393 1
383 390 1
392 378 1
392 375 1
395 393 1
374 382 1
384 394 1
385 383 1
389 378 1
389 375 1
392 383 1
392 379 1
387 375 1
398 397 1
400 399 1
421 481 1
415 416 -1
498 432 1
485 432 1
422 475 1
497 502 -1
504 454 1
418 465 1
414 468 1
408 442 1
474 431 1
509 423 -1
509 495 1
418 416 1
408 453 1
495 416 1
452 475 1
498 419 1
475 481 1
438 453 -1
421 505 1
486 481 1
491 504 1
437 468 1
494 444 1
417 416 1
455 506 1
481 468 1
483 422 -1
440 496 -1
425 478 1
411 494 1
466 485 1
506 495 1
482 478 1
494 475 1
495 440 1
462 433 1
449 503 1
429 472 1
487 481 -1
465 449 -1
424 481 1
421 470 1
402 422 1
402 495 1
463 419 1
427 412 1
451 472 1
408 495 -1
454 416 -1
467 419 1
504 472 1
418 484 1
442 508 1
473 462 -1
442 428 1
461 445 1
420 455 -1
465 419 1
475 495 1
432 419 1
444 468 -1
494 478 1
456 433 1
442 485 1
498 440 1
421 407 1
411 498 1
483 485 -1
487 498 1
411 452 1
443 495 1
425 463 1
506 481 1
495 450 1
433 471 1
401 432 1
421 479 1
465 447 1
434 463 1
435 421 1
424 495 1
481 472 1
421 434 1
462 427 1
462 482 1
466 428 1
502 481 -1
494 499 1
407 431 1
422 453 1
401 419 1
464 416 -1
506 505 1
457 416 1
421 467 1
491 447 1
461 509 -1
491 416 1
485 438 1
440 481 1
456 416 1
403 416 1
411 468 -1
458 478 1
501 474 1
459 468 -1
408 478 1
452 486 1
408 486 1
425 451 1
499 480 -1
458 495 -1
486 431 1
506 492 1
457 440 1
455 458 1
494 453 1
456 402 1
401 414 1
502 478 1
461 419 1
477 422 -1
421 410 1
410 472 -1
470 504 1
482 426 1
421 466 1
416 444 -1
485 447 1
498 416 1
485 416 1
494 486 1
484 495 1
486 501 1
504 406 1
494 415 -1
467 499 -1
458 499 1
483 481 1
433 468 1
495 499 1
486 441 -1
417 406 1
433 449 1
503 429 1
475 472 -1
483 496 1
496 431 -1
495 496 -1
494 451 1
502 499 1
421 437 1
485 440 1
495 463 1
401 423 1
451 463 1
418 408 1
409 431 1
506 479 1
501 495 1
469 416 1
463 416 1
456 439 1
411 504 1
427 405 1
439 451 1
458 481 -1
458 453 1
441 481 1
465 416 1
432 416 1
484 505 1
495 478 1
477 416 -1
411 413 1
420 506 -1
495 426 1
483 470 1
423 492 1
408 420 -1
421 404 1
509 499 -1
486 478 -1
470 447 1
506 440 1
442 406 1
419 406 1
424 480 1
498 450 1
463 472 1
402 423 1
409 468 -1
483 487 1
421 406 1
416 468 1
401 416 1
408 501 -1
494 452 1
451 491 1
475 502 1
473 499 -1
483 454 1
506 503 1
504 458 1
504 432 1
453 406 1
467 428 1
425 449 -1
406 472 1
408 405 -1
403 499 1
464 457 -1
416 480 1
483 434 1
407 471 1
494 446 1
502 491 1
408 481 1
506 437 1
408 484 1
411 509 1
461 439 1
461 485 1
483 467 1
456 475 1
500 412 1
421 490 1
462 486 1
461 424 -1
465 453 1
420 481 -1
475 468 1
485 423 1
440 449 1
447 481 1
461 416 1
462 495 -1
421 443 1
484 481 1
452 505 1
405 416 -1
509 472 1
425 492 1
476 416 -1
403 498 1
499 440 1
418 451 1
421 456 1
456 478 1
434 465 1
409 501 1
451 492 1
424 503 1
413 468 1
408 492 1
442 432 1
498 463 1
506 472 1
413 503 1
425 482 1
470 416 1
494 429 1
461 472 1
439 454 -1
463 406 1
464 499 -1
418 421 1
494 467 -1
425 402 1
422 492 1
466 504 1
422 470 1
425 440 1
439 481 1
501 496 1
439 429 1
410 468 1
495 480 -1
432 406 1
421 458 1
483 437 1
498 478 1
465 499 1
485 478 1
403 483 1
504 419 1
461 442 1
443 502 1
408 413 1
487 439 1
486 419 -1
461 453 1
466 432 1
435 499 -1
487 416 1
474 416 -1
432 463 1
463 450 1
435 468 1
442 504 1
494 413 1
443 468 1
420 479 -1
455 467 1
495 431 1
441 437 1
432 450 1
481 419 1
461 451 1
465 478 1
454 481 -1
418 495 1
470 453 1
442 491 1
494 487 1
505 416 1
494 484 1
504 416 1
411 483 1
409 482 1
420 423 -1
492 419 -1
485 453 1
465 451 1
442 419 1
486 416 -1
485 450 1
486 506 1
421 432 1
410 432 -1
433 458 1
509 490 1
490 503 1
408 468 1
422 499 -1
461 481 -1
504 440 1
408 503 1
449 468 1
421 419 1
427 416 -1
461 457 1
408 449 1
433 419 1
475 458 1
487 475 1
454 495 -1
489 416 -1
408 455 1
422 468 1
457 481 1
481 416 1
442 447 1
448 406 1
494 492 1
498 504 1
458 480 1
483 443 1
505 468 1
414 440 1
461 463 1
494 502 1
408 437 1
501 459 1
495 429 1
438 437 -1
432 453 1
509 416 -1
421 445 1
410 456 1
461 498 1
465 467 -1
499 478 1
470 499 1
447 437 1
483 456 1
491 505 1
436 472 -1
493 416 1
429 416 1
483 506 1
445 406 1
494 497 -1
483 424 1
494 468 1
422 467 1
462 441 -1
463 478 1
494 449 1
464 492 -1
457 492 1
509 432 1
470 463 1
465 504 1
442 402 1
418 472 -1
420 404 -1
411 421 1
461 494 1
473 416 -1
458 492 1
432 478 1
464 494 1
452 502 1
466 447 1
495 413 1
466 416 1
420 492 1
495 449 1
506 432 1
506 458 1
421 422 1
439 437 1
435 409 1
481 453 -1
473 407 -1
411 418 -1
447 406 1
506 419 1
402 458 1
409 474 1
452 468 1
424 439 -1
462 412 1
452 503 1
401 504 1
408 421 1
411 425 1
459 416 -1
416 460 1
461 467 -1
442 416 1
464 452 1
491 481 1
441 419 -1
494 432 -1
482 474 1
494 503 1
502 455 1
435 433 -1
498 484 1
433 485 1
494 455 1
427 474 -1
461 504 1
421 414 1
456 492 1
490 506 1
425 486 1
456 470 1
411 410 -1
408 506 1
464 504 1
483 432 1
433 486 -1
490 458 1
408 424 1
462 500 1
421 509 1
503 444 -1
498 475 1
424 445 1
498 429 1
462 480 1
418 499 -1
483 419 1
406 416 1
499 481 1
499 437 -1
435 416 -1
425 419 -1
443 416 -1
432 468 -1
408 458 1
461 484 1
440 416 -1
421 423 1
482 495 1
403 461 -1
461 401 1
495 474 1
435 427 -1
504 441 1
456 480 1
504 499 1
408 419 -1
501 416 -1
422 503 1
421 433 1
491 484 1
425 481 1
432 429 1
422 419 -1
409 416 -1
435 445 1
419 416 1
408 464 -1
495 453 1
466 457 1
411 423 -1
506 416 1
487 495 1
467 416 1
409 495 1
506 414 1
442 495 -1
504 453 1
402 485 1
426 416 1
504 450 1
499 463 1
403 411 1
408 427 -1
403 408 1
421 416 1
402 416 1
402 447 1
508 495 1
503 468 1
461 482 1
475 485 1
466 453 1
464 455 -1
477 492 -1
402 504 1
492 444 -1
418 503 1
453 416 1
442 499 1
479 416 1
448 416 1
462 474 1
410 423 1
448 447 1
498 453 1
471 416 1
418 455 1
434 495 1
503 480 1
422 506 1
504 478 1
494 505 1
419 472 1
420 432 -1
422 440 -1
422 458 1
423 468 1
494 506 1
491 468 1
464 417 -1
464 433 1
484 432 1
475 423 1
403 468 1
477 419 1
420 419 -1
448 440 1
407 428 1
418 456 1
494 495 1
413 453 -1
442 450 1
413 416 1
490 447 1
483 416 1
462 459 1
442 478 1
433 463 1
421 442 1
462 409 1
401 455 1
443 433 1
402 439 1
464 424 -1
439 440 -1
421 450 1
477 507 -1
439 458 1
455 416 1
483 440 1
479 453 1
404 504 1
465 502 1
425 470 1
449 416 -1
502 505 1
413 472 1
483 410 1
435 485 1
492 468 1
451 495 1
421 451 1
492 503 1
494 481 1
424 428 1
452 422 1
506 423 1
425 466 1
411 479 1
483 433 1
403 432 -1
456 503 1
452 440 -1
445 447 1
443 478 -1
442 481 1
506 406 1
456 455 1
424 453 -1
502 495 1
495 481 1
470 468 1
409 496 1
449 472 -1
427 495 -1
486 499 1
428 416 1
443 441 1
445 440 1
506 463 1
490 485 1
485 503 1
425 467 1
463 453 1
507 416 -1
404 447 1
404 416 1
494 422 1
442 452 1
482 508 1
507 476 -1
409 412 1
490 416 1
416 450 1
483 477 -1
466 401 1
506 450 1
428 440 1
420 485 -1
504 429 1
419 478 1
408 414 1
439 470 1
408 467 1
447 416 1
420 416 -1
503 436 -1
484 416 1
481 496 1
421 478 1
418 432 1
456 458 1
501 428 1
499 503 1
483 499 1
473 495 -1
499 438 -1
461 503 1
494 479 1
461 421 1
420 440 -1
494 485 1
495 472 -1
496 480 1
414 447 1
408 410 1
416 472 1
509 463 1
452 423 1
433 432 1
416 436 -1
473 494 1
445 485 1
461 483 1
483 428 1
504 413 1
415 481 -1
484 472 1
403 421 1
483 442 1
445 416 1
440 441 1
412 474 1
497 416 -1
462 416 -1
494 470 1
482 428 1
498 495 1
405 431 1
470 503 1
501 478 -1
427 501 -1
442 420 -1
442 492 1
495 412 1
494 410 1
483 446 -1
443 499 1
494 448 1
456 505 1
420 414 1
418 422 1
486 496 -1
473 452 1
408 485 1
466 481 1
456 506 1
473 412 -1
465 506 1
502 467 1
424 499 1
430 416 1
494 508 1
422 485 1
501 405 1
506 478 1
478 472 1
461 432 -1
437 472 1
456 495 1
456 422 1
451 423 1
467 495 1
439 508 1
494 437 1
494 434 1
421 504 1
504 492 1
485 505 1
435 507 -1
456 440 -1
488 416 1
410 499 1
435 478 1
422 423 1
408 406 1
464 483 1
448 451 1
451 499 -1
414 492 1
421 491 1
402 491 1
414 416 1
434 503 1
495 437 1
499 447 -1
451 468 1
465 481 1
470 458 1
502 406 1
498 470 1
494 404 1
484 406 1
504 449 1
411 416 -1
509 452 1
437 416 1
421 484 1
475 491 1
475 432 1
441 406 1
421 429 1
494 423 1
408 490 1
457 414 1
502 468 1
490 450 1
458 437 1
457 467 1
475 419 1
410 420 -1
484 463 1
461 506 1
483 426 1
447 453 1
433 439 1
434 456 1
447 450 1
426 431 1
411 432 1
438 478 -1
433 447 1
401 481 1
433 416 1
447 478 1
416 446 1
420 478 -1
439 406 1
410 504 1
435 431 -1
483 494 1
421 492 1
497 499 -1
485 481 1
495 406 1
448 452 1
457 423 1
415 436 1
506 504 1
401 505 1
442 437 1
427 431 1
493 468 1
503 419 1
475 504 1
423 419 1
403 423 1
418 483 -1
467 472 -1
470 506 1
479 492 1
495 468 1
421 482 1
435 504 1
438 468 1
504 503 1
421 487 1
421 402 1
483 445 1
409 443 1
407 433 1
452 499 1
470 495 1
418 439 1
463 481 1
424 452 1
427 482 1
420 463 -1
466 468 1
499 416 -1
435 491 1
456 414 1
432 481 1
456 467 1
494 406 1
421 475 1
442 424 1
412 496 1
422 457 1
485 444 -1
428 419 -1
481 503 1
423 416 1
473 431 1
439 499 1
506 447 1
461 422 1
411 422 1
411 419 1
408 443 1
483 504 1
490 504 1
498 437 1
462 405 1
407 416 1
464 495 1
401 479 1
494 463 1
452 426 1
434 506 1
442 468 1
466 456 1
456 423 1
494 489 1
499 472 -1
422 451 1
407 482 1
485 479 1
422 478 1
432 423 -1
423 440 1
425 422 1
494 450 1
490 491 1
435 452 1
462 428 1
506 413 1
510 416 -1
508 458 1
473 427 1
488 478 1
475 416 1
408 494 1
425 432 1
403 472 1
453 472 -1
435 502 -1
500 431 1
420 406 1
499 453 -1
421 455 1
449 419 1
465 437 1
466 458 1
486 482 1
423 428 1
442 456 1
456 428 1
475 503 -1
467 454 1
424 416 1
402 484 1
498 406 1
500 416 1
492 416 1
406 468 1
503 416 1
485 499 -1
496 416 -1
454 449 1
402 417 -1
422 463 1
416 431 1
500 482 1
509 458 -1
401 444 -1
483 509 1
421 453 1
433 453 1
439 432 1
410 416 1
487 432 1
418 494 1
485 437 1
455 492 1
452 504 1
408 476 -1
408 504 1
465 406 1
421 502 1
463 468 1
463 503 1
483 484 1
464 449 1
428 481 1
466 506 1
434 432 1
451 440 -1
411 439 1
411 485 1
458 432 1
452 491 1
432 503 1
408 432 1
418 463 1
485 404 1
463 437 1
425 433 1
455 484 1
483 475 1
422 449 -1
422 432 1
452 419 1
462 431 -1
435 440 1
453 468 1
432 437 1
479 468 1
457 463 1
448 402 1
479 503 1
424 506 -1
498 458 1
497 465 -1
403 463 1
483 439 1
411 451 -1
409 459 -1
442 506 1
434 447 1
494 419 1
409 476 1
469 477 -1
439 504 1
504 481 1
508 416 1
409 427 1
473 409 1
415 422 -1
438 416 -1
451 504 1
425 416 1
421 506 1
509 503 1
499 406 1
494 438 1
415 432 -1
428 480 1
482 416 1
433 498 1
502 447 1
452 465 1
432 472 1
422 504 1
425 423 1
465 436 -1
461 497 1
448 424 1
448 502 1
408 440 1
467 432 -1
439 445 1
441 416 1
403 494 1
461 468 1
473 422 -1
456 406 1
491 406 1
438 440 -1
420 413 -1
455 468 1
494 465 1
455 503 1
466 422 1
504 495 1
494 416 1
494 414 1
498 506 1
458 423 1
450 472 1
494 504 1
439 416 1
470 472 1
422 401 1
485 406 1
478 416 1
461 456 1
408 475 1
494 440 1
456 450 1
506 453 1
503 478 1
501 476 1
418 504 1
421 464 -1
442 422 1
410 498 1
442 440 -1
434 416 1
411 499 1
457 504 1
451 416 1
458 416 1
412 416 -1
500 474 1
452 447 1
452 416 1
487 472 1
408 416 1
461 436 -1
507 482 1
494 433 1
475 453 1
433 495 1
428 449 1
461 458 1
481 437 1
421 440 -1
404 468 1
422 416 1
404 503 1
502 416 1
411 463 1
422 476 1
502 486 -1
486 495 1
456 432 1
432 436 -1
483 474 1
434 472 1
439 475 1
475 451 1
494 509 1
401 506 1
481 478 -1
494 424 -1
424 486 1
465 475 -1
504 468 1
505 428 1
