1049 7097
2 5 -1
5 6 1
5 1041 -1
4 5 -1
1 5 -1
6 1041 1
8 7 1
877 44 -1
708 49 1
456 849 1
178 30 -1
37 61 1
53 781 1
811 24 1
53 427 1
29 35 1
53 16 1
53 407 1
751 419 -1
958 877 -1
811 751 1
779 69 1
68 22 1
772 77 1
811 958 1
78 237 1
53 69 1
811 46 1
811 23 1
467 419 1
78 11 1
53 751 -1
22 69 1
723 849 1
958 59 1
811 76 1
32 77 1
67 13 1
53 56 1
76 849 1
811 856 1
929 24 1
75 44 1
872 427 1
811 12 1
972 50 -1
811 11 1
58 751 1
723 49 1
29 877 1
811 35 1
53 24 -1
789 44 1
58 772 1
37 53 -1
877 35 1
29 68 1
53 57 1
856 781 1
178 849 -1
61 427 1
76 776 1
13 849 1
811 929 1
72 24 1
872 56 1
407 972 1
58 11 1
11 49 1
75 751 1
811 64 1
23 44 1
53 50 1
751 856 1
856 69 1
811 419 1
34 77 1
59 751 1
779 77 1
772 64 1
53 30 1
872 73 1
23 237 1
811 877 1
59 23 1
53 77 1
178 11 1
45 50 -1
58 64 1
972 24 -1
849 44 1
29 789 1
53 27 1
730 929 1
53 54 1
67 44 1
751 14 -1
61 73 1
751 68 1
877 64 1
53 772 1
872 694 1
58 877 1
11 69 1
53 34 1
53 68 -1
772 68 1
958 972 1
776 35 1
53 63 1
708 69 1
67 237 1
78 16 1
178 419 1
29 779 1
29 58 1
67 419 -1
872 45 1
751 467 1
811 42 1
776 64 1
29 44 1
23 849 1
781 49 1
29 62 1
14 30 1
872 68 -1
67 23 1
79 877 -1
53 64 1
53 67 1
54 877 1
53 13 1
42 56 1
849 35 1
781 849 1
16 77 1
811 820 1
456 59 1
811 723 1
53 877 1
811 779 1
23 776 1
811 58 1
811 75 1
12 820 1
789 16 1
811 14 1
811 789 1
849 16 -1
811 44 1
811 178 1
811 62 1
53 929 1
972 929 1
67 856 1
751 237 1
79 42 -1
78 75 1
856 772 1
67 708 -1
61 21 1
53 730 1
76 77 1
42 30 1
29 849 1
30 77 1
456 49 1
53 972 1
872 69 1
37 811 -1
68 35 1
62 820 1
53 467 1
53 58 -1
11 419 -1
58 237 1
56 49 1
730 50 1
856 877 1
9 419 1
67 14 -1
456 67 1
67 68 1
781 69 1
811 237 1
958 11 1
75 789 1
68 16 -1
75 708 1
58 849 -1
772 708 -1
59 789 1
811 32 1
856 68 1
53 33 1
58 44 1
811 849 1
751 35 1
849 789 1
59 44 1
776 62 1
958 929 1
32 856 1
29 781 1
772 35 1
53 9 1
61 730 1
59 237 1
78 849 1
45 69 1
958 12 1
53 61 1
76 772 1
75 14 1
751 16 -1
76 68 1
29 53 1
76 64 1
811 72 1
419 30 -1
730 24 1
53 237 1
33 427 -1
11 68 1
53 35 1
53 72 -1
53 779 1
76 877 1
78 811 1
21 694 -1
67 723 1
49 849 1
67 56 1
53 456 1
872 61 1
811 781 1
53 23 1
427 73 1
929 69 -1
58 419 1
781 35 1
419 789 1
61 57 1
237 44 1
67 178 1
54 849 1
53 76 1
872 11 1
53 11 1
776 849 1
29 14 1
75 776 1
37 872 1
54 49 1
877 849 1
53 958 1
811 427 1
75 467 -1
53 46 1
811 16 1
811 708 1
75 849 1
872 50 1
59 419 1
456 23 1
75 59 1
772 789 1
53 856 1
427 27 1
59 849 1
79 61 1
53 708 -1
53 12 1
958 772 -1
53 419 1
811 56 1
21 30 1
776 781 1
29 30 1
68 27 -1
79 11 1
811 694 1
456 35 1
61 63 1
872 929 1
427 730 -1
694 24 1
419 849 1
67 59 1
67 49 1
14 35 1
237 419 1
456 708 -1
53 872 1
419 49 1
456 11 1
237 849 1
67 849 1
53 42 1
877 723 1
58 77 -1
811 30 1
78 23 1
877 14 1
811 77 1
14 419 1
53 694 -1
972 694 -1
811 22 1
11 35 1
958 69 -1
708 849 1
29 776 1
781 789 1
64 849 1
33 59 -1
29 772 1
811 27 1
872 33 1
59 14 1
929 694 1
9 781 1
53 820 1
53 723 1
11 237 1
811 59 1
456 467 1
53 75 1
53 14 1
53 789 1
21 69 1
67 781 1
811 49 1
29 811 1
67 16 1
53 178 1
11 849 1
53 73 1
811 776 1
781 44 1
54 30 1
67 69 1
811 54 1
53 45 -1
53 18 1
23 779 1
820 77 1
811 67 1
178 877 -1
872 820 1
811 13 1
811 772 1
751 849 1
811 34 1
776 77 1
37 42 -1
779 44 1
708 77 -1
58 776 1
62 30 1
53 44 1
53 62 1
53 79 1
78 67 1
456 789 1
61 820 1
62 77 1
75 419 -1
811 467 1
58 67 1
68 69 1
50 56 1
14 789 1
856 22 1
11 427 1
53 21 1
772 69 1
34 68 -1
427 856 -1
708 30 -1
811 730 1
59 49 1
53 78 1
23 708 -1
53 59 1
811 407 1
958 751 -1
456 44 1
811 33 1
779 776 1
877 49 1
407 694 1
23 11 1
11 56 1
53 22 1
59 64 1
67 877 -1
776 13 1
776 772 1
27 77 1
53 776 1
872 21 1
11 50 -1
29 23 1
67 54 1
9 30 1
53 32 1
958 694 1
53 849 1
29 76 1
75 67 1
78 789 1
58 69 1
61 11 1
76 62 1
811 972 1
58 456 -1
53 49 1
53 811 1
29 958 1
237 49 1
877 69 1
811 456 1
64 68 -1
29 856 1
930 93 -1
99 82 1
530 855 -1
532 82 1
751 110 1
751 602 -1
930 82 -1
408 884 1
93 114 1
365 82 -1
118 751 -1
461 602 1
245 82 1
109 82 -1
88 82 -1
103 82 1
114 82 1
106 930 1
111 82 1
82 98 1
81 82 1
106 82 1
408 494 1
408 1017 -1
461 91 1
517 530 1
884 82 -1
118 82 -1
930 465 -1
494 602 1
81 271 1
532 109 1
930 602 1
494 245 1
589 82 1
930 115 1
494 517 1
95 82 -1
461 494 1
461 115 1
114 1017 1
114 530 1
408 110 1
930 751 1
517 1017 1
1017 82 -1
1017 472 -1
530 109 1
114 245 1
271 82 1
1017 84 1
88 271 -1
329 82 1
83 82 1
329 530 1
408 751 1
271 589 1
602 91 1
884 115 1
461 329 1
93 82 -1
751 109 -1
82 472 -1
751 1017 1
751 93 1
530 532 1
271 91 1
751 101 -1
494 115 1
329 271 1
930 114 1
751 245 1
751 517 1
82 855 -1
494 365 1
930 517 -1
101 82 1
465 82 -1
88 1017 -1
751 855 1
602 110 1
1017 115 1
751 884 1
408 82 -1
114 517 1
530 82 -1
517 82 -1
530 1017 1
271 1017 1
494 465 1
271 530 1
329 1017 1
365 98 1
81 517 1
494 930 1
93 530 1
329 517 1
494 82 1
102 82 1
110 82 1
494 532 1
751 82 -1
751 472 -1
494 114 1
930 530 1
329 884 1
82 115 1
751 530 -1
461 82 -1
494 271 1
1017 109 1
461 930 1
461 472 1
602 82 -1
461 245 1
117 82 -1
884 1017 1
106 99 1
602 532 1
91 82 1
84 82 -1
530 115 1
494 1017 1
121 1011 1
958 125 -1
125 822 1
958 822 -1
122 822 -1
125 122 -1
127 126 1
694 128 -1
129 128 1
129 694 -1
960 132 -1
160 132 1
139 132 -1
135 132 -1
486 132 -1
138 132 1
137 132 1
136 132 -1
486 136 -1
843 960 1
138 960 1
137 486 1
843 132 -1
139 960 1
142 965 -1
730 143 1
147 145 1
146 147 1
149 148 1
151 152 -1
151 740 -1
991 153 1
157 778 -1
817 157 -1
235 178 -1
160 532 1
569 532 1
408 232 1
250 222 1
309 671 -1
338 303 1
480 328 1
266 725 -1
485 384 1
343 193 -1
236 200 1
338 209 1
299 576 1
169 273 1
181 270 1
195 576 1
930 465 -1
294 236 1
200 331 1
464 322 1
364 438 1
255 504 1
740 767 1
250 725 1
811 275 1
326 240 1
200 671 1
576 184 1
231 377 1
250 160 1
165 232 1
310 532 1
502 167 1
322 264 1
235 419 -1
262 232 1
294 671 1
370 336 1
250 245 1
504 248 1
930 205 1
485 218 1
299 504 1
303 218 1
294 338 1
294 260 1
250 278 1
448 576 -1
312 169 1
182 326 1
236 336 1
250 162 1
842 283 1
262 326 1
302 314 1
275 199 1
286 218 1
250 158 1
946 930 1
193 725 -1
249 671 1
250 174 1
485 232 1
178 241 -1
178 419 1
250 480 1
265 504 1
842 767 1
602 230 1
235 464 -1
329 410 1
532 331 1
236 233 -1
167 174 1
255 362 -1
314 333 1
265 491 1
299 532 1
485 326 1
235 246 -1
294 231 1
204 438 1
842 889 1
336 449 1
195 532 1
250 231 1
216 273 1
326 896 1
255 326 1
241 725 1
209 253 1
448 209 1
448 169 1
302 325 -1
602 671 1
326 384 1
240 319 1
327 333 1
163 419 1
270 671 1
250 329 1
250 341 1
569 671 1
321 252 1
370 158 1
811 177 1
255 602 -1
201 394 1
192 438 1
448 252 1
231 311 1
165 811 1
319 331 1
235 218 1
811 337 1
930 767 -1
930 337 1
299 177 1
201 671 1
250 229 1
210 250 -1
811 161 1
811 237 1
314 173 1
235 212 -1
930 161 1
235 195 1
232 394 1
325 671 -1
249 278 1
211 232 1
196 671 -1
250 362 1
232 195 1
212 671 -1
946 300 1
502 326 1
232 896 1
811 164 1
569 237 1
235 930 1
811 249 1
364 249 1
212 338 -1
384 269 1
569 270 1
250 213 1
419 725 -1
811 313 1
231 314 1
337 218 1
250 233 -1
250 710 1
255 245 1
163 276 1
232 576 1
491 671 1
236 249 1
163 169 1
502 220 1
294 216 1
811 246 1
172 232 1
532 204 1
250 204 1
253 233 -1
930 889 1
250 298 -1
930 449 1
299 767 1
186 671 1
235 811 -1
235 271 -1
250 265 1
465 326 1
341 449 1
172 326 1
576 671 1
250 240 1
299 889 1
449 245 1
484 159 1
235 504 1
267 333 1
231 327 1
197 504 1
314 576 1
294 169 1
250 289 1
250 297 1
250 285 -1
338 465 1
254 314 1
811 344 1
303 232 1
195 207 1
294 192 1
250 193 -1
255 569 -1
250 192 1
408 159 1
311 671 1
165 770 1
249 276 1
250 317 1
326 333 1
408 485 1
250 319 1
321 336 1
250 327 1
205 419 -1
314 438 1
326 309 1
237 419 1
341 419 -1
190 341 1
448 451 1
502 207 1
251 671 1
232 532 1
302 438 1
218 344 1
485 230 1
294 254 1
163 532 1
384 230 1
301 671 1
410 504 1
370 326 1
343 449 1
502 331 1
710 241 1
164 330 1
504 326 1
250 307 -1
408 896 1
930 394 -1
236 326 1
286 171 1
294 343 1
250 384 1
269 159 1
250 332 1
213 326 1
408 384 1
448 286 1
262 485 1
322 327 1
250 161 1
250 310 1
250 312 1
234 232 1
205 272 -1
408 283 -1
250 299 1
449 419 1
169 252 1
302 532 1
326 331 1
271 326 1
277 230 1
532 206 1
250 206 1
811 842 1
485 159 1
266 384 1
250 253 1
930 213 1
742 419 -1
250 184 1
174 326 1
811 946 1
343 255 1
172 671 1
250 259 1
221 448 -1
504 275 1
842 532 1
384 237 1
811 889 1
235 725 1
532 449 1
465 169 1
299 364 1
301 293 1
250 315 1
235 160 1
314 335 1
302 326 1
200 245 1
294 330 1
250 205 1
250 662 1
251 322 1
188 532 1
299 223 1
329 163 1
338 671 1
234 235 1
250 232 1
163 725 1
303 502 1
250 339 1
322 200 1
221 671 1
338 260 1
504 278 1
169 532 1
299 303 1
184 333 1
408 281 -1
294 326 1
338 340 1
326 220 1
255 327 1
213 484 1
235 165 -1
338 158 1
216 169 1
299 169 1
326 770 1
335 223 1
232 241 1
250 273 1
502 171 -1
250 244 1
163 241 1
336 171 -1
491 504 1
204 218 1
299 362 1
710 842 1
502 232 1
212 465 -1
465 249 1
811 160 1
192 311 1
294 286 1
250 286 1
657 662 1
811 742 1
236 419 -1
240 230 1
930 602 1
602 232 1
491 331 -1
445 326 1
485 316 1
384 532 1
250 190 1
811 278 1
250 328 1
256 671 1
265 451 -1
281 896 1
491 532 1
250 309 1
234 502 1
465 193 -1
169 222 1
192 223 1
338 293 1
250 264 1
811 419 1
264 253 1
234 338 1
842 313 1
173 671 1
249 241 1
163 341 1
504 384 1
930 193 -1
451 491 1
293 199 1
742 465 -1
169 206 1
322 286 1
408 811 1
181 569 1
343 321 1
502 491 1
236 448 -1
408 484 1
235 250 1
255 502 1
174 249 -1
231 671 1
448 260 1
236 272 -1
250 324 1
192 201 1
569 286 1
345 896 1
223 331 1
710 930 1
158 169 1
250 188 1
299 485 1
302 231 1
250 288 1
266 671 -1
303 485 1
657 213 1
312 249 1
160 504 1
229 331 1
197 485 1
294 321 -1
569 930 -1
271 237 1
602 241 1
448 256 -1
484 241 1
448 201 1
160 491 1
275 218 1
312 438 1
502 532 1
250 502 1
290 569 1
281 300 1
370 448 1
857 259 -1
250 671 1
250 237 -1
250 449 1
464 237 1
269 438 1
889 244 1
408 671 1
449 671 1
250 338 1
185 671 1
408 449 1
163 213 1
362 205 1
341 193 1
160 671 -1
504 205 1
302 293 1
253 671 1
299 232 1
250 201 1
569 314 1
321 249 1
250 304 1
198 671 1
322 341 1
307 394 1
290 491 1
250 657 1
265 241 1
269 199 1
250 239 -1
315 341 1
181 273 1
338 192 1
341 206 1
449 239 -1
464 504 1
193 671 -1
320 239 1
250 185 1
465 241 1
294 255 1
169 341 1
197 362 1
408 220 1
250 198 1
289 671 1
602 419 -1
250 770 1
930 504 1
341 286 1
250 602 1
377 341 1
310 484 1
602 248 1
335 186 1
930 241 1
249 288 1
250 262 1
491 159 1
234 341 1
532 293 1
250 301 1
408 190 1
569 266 -1
250 344 -1
657 896 1
339 465 1
250 196 -1
364 532 1
205 480 1
206 223 1
178 179 1
504 337 1
327 671 1
232 770 1
250 159 1
235 307 -1
249 260 1
299 163 1
232 249 1
250 485 1
740 237 1
234 169 1
234 250 1
569 246 -1
249 169 1
491 341 1
314 327 1
192 576 1
169 233 -1
249 285 -1
235 310 1
232 438 1
235 312 1
232 293 1
343 195 -1
657 164 1
330 671 1
299 200 1
181 188 1
408 410 1
320 326 1
250 165 1
250 270 1
448 326 1
364 502 1
255 303 1
930 502 1
465 160 1
502 159 1
485 220 1
250 394 1
250 216 1
216 341 1
185 341 1
297 331 1
195 341 1
211 480 1
250 896 1
464 245 -1
326 328 1
169 260 1
159 331 1
336 319 1
438 245 1
811 602 -1
504 449 1
158 311 1
250 276 1
320 311 1
408 191 -1
251 314 1
250 279 -1
250 169 1
250 179 1
811 191 1
338 222 1
710 811 1
250 445 1
235 232 1
742 344 1
294 162 1
485 204 1
169 319 1
254 576 1
671 328 1
532 252 1
265 671 1
502 896 1
250 252 1
314 253 1
532 725 1
314 184 1
408 313 -1
335 671 1
164 345 1
602 197 1
485 245 1
438 331 1
229 311 1
163 232 1
502 384 1
331 199 1
320 343 1
181 419 -1
335 229 1
267 314 1
602 249 1
491 240 1
181 160 1
232 326 1
602 307 -1
502 662 -1
338 198 1
250 300 1
338 311 1
250 283 1
264 233 1
255 532 1
315 310 1
231 192 1
485 331 1
210 465 -1
181 464 -1
250 465 1
265 237 1
335 233 -1
250 281 -1
229 671 1
250 290 1
451 504 1
263 253 1
464 231 1
190 205 1
742 211 1
250 857 1
602 199 1
290 329 1
448 502 1
465 237 1
250 484 1
569 223 -1
200 311 1
294 370 1
246 344 -1
338 269 1
299 159 1
250 200 1
842 345 -1
408 193 -1
250 370 1
232 309 1
250 742 -1
329 307 1
249 326 1
250 345 1
255 725 -1
160 218 1
465 174 -1
269 220 1
340 319 1
710 220 1
314 286 1
277 331 1
451 532 1
294 333 1
889 326 1
232 310 1
250 333 1
236 201 -1
259 896 1
294 320 1
232 484 1
250 254 1
235 188 1
331 333 1
930 896 1
657 259 1
255 576 1
326 245 1
250 256 1
657 889 1
254 333 1
930 384 1
448 230 1
465 377 1
485 249 1
251 448 1
235 502 1
181 303 1
377 232 1
576 293 1
241 344 -1
449 311 -1
250 451 1
250 336 1
326 297 1
485 438 1
213 740 1
250 263 1
237 241 1
234 294 1
253 222 1
408 213 -1
319 333 1
569 345 1
250 236 1
811 213 1
209 192 1
532 230 1
250 230 1
343 576 1
250 223 -1
245 419 1
930 218 1
314 341 1
244 341 1
339 218 1
250 767 1
294 331 1
464 314 1
236 275 1
250 930 -1
255 333 -1
445 245 1
299 218 1
267 576 1
165 326 1
314 671 1
532 241 1
210 181 -1
250 241 1
158 576 1
281 249 1
502 206 1
491 326 1
410 671 1
312 491 1
408 241 1
250 181 1
317 326 1
232 230 1
240 331 1
249 331 1
484 245 1
250 340 1
250 294 1
213 204 1
235 602 1
245 218 1
159 184 1
232 316 1
254 671 1
198 311 1
364 169 1
250 182 1
326 576 1
299 240 1
329 265 1
448 341 1
464 327 1
465 451 1
408 178 -1
336 331 1
811 178 1
312 532 1
336 671 1
338 448 1
337 237 1
930 336 -1
502 241 1
322 331 1
319 671 1
294 189 1
288 671 1
484 331 1
250 242 1
322 671 1
569 331 1
172 249 1
279 671 -1
408 345 1
169 331 1
250 172 -1
232 159 1
338 186 1
361 671 1
255 336 1
329 248 1
250 320 1
294 438 1
201 331 1
250 238 1
250 271 -1
314 301 1
321 532 1
181 171 -1
250 275 1
408 419 -1
158 532 1
491 484 1
182 671 1
299 309 1
250 322 1
232 270 1
251 335 1
200 576 1
930 484 1
326 532 1
314 317 1
329 384 1
181 263 1
275 191 1
250 221 -1
370 569 1
236 576 1
448 253 1
326 273 1
314 319 1
329 419 1
370 249 1
181 206 1
256 327 1
250 410 1
242 671 1
294 297 1
179 671 1
264 671 1
255 671 1
811 259 1
250 173 1
504 725 1
317 671 1
448 233 1
163 491 1
602 344 -1
250 361 1
569 438 1
341 331 1
576 331 1
484 218 1
200 491 1
249 186 1
281 842 1
341 671 1
299 408 1
329 504 1
250 191 -1
197 218 1
250 260 1
504 241 1
602 205 1
195 671 1
234 249 1
197 216 1
277 671 1
329 377 1
248 671 1
448 186 1
889 341 1
502 341 1
502 394 1
185 169 1
740 259 -1
250 177 1
842 341 1
174 313 1
250 212 -1
338 326 1
451 671 1
889 896 1
314 252 1
249 279 -1
299 326 1
249 504 1
504 532 1
502 671 1
394 241 1
842 896 1
250 337 1
338 335 1
249 491 1
384 245 1
197 326 1
250 189 1
294 312 1
569 273 1
448 336 1
250 167 1
235 193 -1
502 169 1
449 237 1
250 186 1
250 569 1
502 201 1
602 191 -1
303 220 1
250 164 1
250 249 1
249 532 1
185 249 1
198 576 1
160 169 1
250 438 1
237 344 1
576 301 1
255 485 1
326 340 1
286 311 1
192 671 1
408 344 -1
930 178 -1
290 341 1
408 504 1
250 251 1
299 204 1
451 249 1
576 159 1
485 394 1
250 377 1
181 362 1
602 449 -1
502 249 1
338 245 1
290 671 1
569 449 -1
725 218 1
569 312 1
329 271 1
502 293 1
192 326 1
250 740 -1
362 842 1
316 671 1
181 288 1
255 232 1
232 504 1
162 169 1
160 249 1
307 204 1
502 193 -1
339 502 1
309 725 1
811 449 1
307 245 1
338 331 1
465 266 -1
255 169 1
857 229 1
370 671 1
299 331 1
235 767 1
329 502 1
445 232 1
930 248 1
204 159 1
504 671 1
329 889 1
236 671 1
232 480 1
314 336 1
213 502 1
408 221 1
218 331 1
930 742 1
250 326 1
218 671 1
465 449 -1
485 248 1
465 419 1
438 285 -1
299 266 -1
250 946 -1
250 335 1
167 169 1
213 345 1
220 662 -1
569 293 -1
250 220 1
281 930 1
657 244 1
339 230 1
322 256 1
294 311 1
338 189 1
250 211 1
277 252 1
811 770 1
324 449 1
250 311 1
576 449 -1
484 725 1
314 331 1
504 237 1
200 270 1
408 161 1
338 277 1
326 394 1
255 465 1
485 532 1
770 344 1
362 270 1
725 199 1
448 314 1
302 331 1
250 842 1
253 311 1
231 449 1
657 281 1
221 465 -1
315 245 1
302 671 1
314 330 1
302 449 1
299 249 1
465 171 -1
232 345 1
448 297 1
223 671 1
250 364 1
189 169 1
302 330 1
158 192 1
250 178 -1
250 343 1
326 169 1
569 328 1
250 163 1
532 269 1
250 269 1
307 205 -1
326 201 1
159 218 1
250 314 1
231 333 1
504 419 1
249 341 1
232 238 1
339 485 1
188 286 1
331 671 1
465 197 1
811 930 1
269 576 1
326 327 1
532 207 1
250 207 1
197 159 1
191 344 -1
233 311 -1
235 221 -1
232 204 1
532 341 1
255 330 1
172 438 1
250 293 -1
250 331 1
232 245 1
162 326 1
362 218 1
811 896 1
250 408 1
504 218 1
811 211 -1
299 197 1
464 576 1
465 504 1
946 896 1
250 325 -1
250 419 -1
464 241 -1
250 277 -1
320 576 1
491 245 1
232 207 1
322 314 1
532 248 1
889 345 1
250 248 1
250 330 1
200 240 1
569 502 1
181 232 1
329 896 1
250 267 1
169 223 1
370 169 1
255 230 1
504 276 1
294 172 1
235 191 -1
232 331 1
181 326 1
250 313 -1
448 249 1
242 311 1
504 169 1
172 532 1
236 169 1
408 740 1
250 464 -1
370 252 1
299 491 1
277 576 1
408 464 -1
209 160 -1
602 362 1
250 246 -1
267 671 1
267 449 1
384 241 1
569 362 1
842 275 1
301 333 1
250 316 1
174 232 1
241 480 1
811 300 1
250 272 -1
259 842 1
314 361 1
310 671 1
930 283 1
218 199 1
249 297 1
657 770 1
465 502 1
181 190 1
229 218 1
842 278 1
232 384 1
256 311 -1
502 230 1
255 314 1
569 602 1
250 218 1
293 671 1
232 277 1
235 249 1
235 262 1
294 448 1
246 213 1
249 191 -1
250 448 1
250 195 1
216 223 1
250 302 1
449 223 1
299 502 1
185 448 1
445 485 1
235 344 -1
255 341 1
340 671 1
569 173 1
322 361 1
602 193 -1
250 303 1
169 297 1
294 576 1
326 230 1
302 321 1
250 576 1
294 263 1
602 485 1
384 238 1
178 480 1
250 209 1
338 339 1
232 218 1
465 230 1
326 286 1
250 197 1
163 504 1
212 602 -1
271 671 -1
231 196 -1
201 256 -1
325 333 1
181 331 1
209 331 1
263 169 1
326 241 1
249 277 1
312 502 1
320 336 1
250 811 -1
930 160 1
464 811 1
438 671 1
312 671 1
249 206 1
502 237 1
252 671 1
255 199 1
240 725 1
448 311 1
250 504 1
343 502 1
504 330 1
321 169 -1
408 248 1
362 232 1
671 333 1
250 266 -1
250 491 1
231 173 1
185 322 1
602 451 1
364 278 1
408 266 -1
200 326 1
889 164 1
335 333 1
384 394 1
322 569 1
160 237 1
362 326 1
321 341 1
842 249 1
250 321 1
299 245 1
250 199 1
235 213 -1
235 326 1
178 602 -1
169 277 1
294 532 1
188 249 1
249 171 -1
248 245 1
930 480 1
811 767 1
445 307 1
464 449 1
250 532 1
602 725 1
184 671 1
338 264 1
504 230 1
158 671 1
286 671 1
320 671 1
329 725 1
842 504 1
232 491 1
236 286 1
602 504 1
232 337 1
569 504 1
394 230 1
249 273 1
294 502 1
265 419 1
329 241 1
213 889 1
336 532 1
324 206 1
250 889 1
338 394 1
842 344 1
190 232 1
275 223 1
209 204 1
250 255 -1
338 502 1
250 171 -1
710 328 1
491 277 1
162 249 1
602 532 1
346 347 -1
348 1016 1
350 361 1
930 504 1
350 363 1
353 362 1
352 504 1
353 350 1
352 930 1
353 360 1
930 363 -1
356 504 1
434 350 1
358 703 1
703 363 1
364 363 1
353 504 1
363 360 1
365 361 1
358 363 1
359 363 1
356 363 1
350 362 1
353 363 1
930 350 1
703 362 -1
350 360 1
703 350 1
703 364 1
364 350 1
365 350 1
504 363 1
350 359 1
356 362 1
352 350 1
364 359 1
358 350 1
350 504 1
356 350 1
937 367 1
370 368 1
369 368 1
371 379 1
373 371 1
392 705 1
378 379 1
390 379 1
392 374 1
385 393 1
392 390 1
392 387 1
390 378 1
392 377 1
393 394 1
392 385 1
387 379 1
392 574 1
832 379 1
832 390 1
390 387 1
392 388 1
392 393 1
387 393 1
392 394 1
393 378 -1
392 384 1
374 574 1
392 396 1
832 388 1
383 378 1
387 396 1
393 708 1
374 394 1
808 387 -1
387 574 1
708 574 1
378 394 1
808 396 1
708 396 1
832 394 1
392 386 1
375 708 -1
392 376 1
375 396 1
392 832 1
392 808 1
392 708 -1
396 574 1
832 708 1
392 760 1
384 393 1
383 390 1
392 378 1
392 375 1
808 393 1
374 760 1
384 394 1
385 383 1
832 378 1
832 375 1
392 383 1
392 379 1
387 375 1
398 397 1
400 399 1
421 621 1
415 416 -1
498 432 1
485 432 1
602 475 1
497 502 -1
504 454 1
418 465 1
414 671 1
408 442 1
474 431 1
509 423 -1
509 1017 1
418 416 1
408 453 1
1017 416 1
452 475 1
498 419 1
475 621 1
438 453 -1
421 505 1
486 621 1
491 504 1
437 671 1
494 444 1
417 416 1
455 506 1
621 671 1
568 602 -1
708 496 -1
425 478 1
411 494 1
466 485 1
506 1017 1
889 478 1
494 475 1
1017 708 1
872 433 1
449 600 1
429 472 1
487 621 -1
465 449 -1
424 621 1
421 470 1
402 602 1
402 1017 1
463 419 1
427 412 1
451 472 1
408 1017 -1
454 416 -1
467 419 1
504 472 1
418 484 1
442 508 1
473 872 -1
442 428 1
461 445 1
420 455 -1
465 419 1
475 1017 1
432 419 1
444 671 -1
494 478 1
456 433 1
442 485 1
498 708 1
421 407 1
411 498 1
568 485 -1
487 498 1
411 452 1
958 1017 1
425 463 1
506 621 1
1017 450 1
433 471 1
401 432 1
421 479 1
465 447 1
434 463 1
435 421 1
424 1017 1
621 472 1
421 434 1
872 427 1
872 889 1
466 428 1
502 621 -1
494 499 1
407 431 1
602 453 1
401 419 1
464 416 -1
506 505 1
457 416 1
421 467 1
491 447 1
461 509 -1
491 416 1
485 438 1
708 621 1
456 416 1
403 416 1
411 671 -1
458 478 1
730 474 1
975 671 -1
408 478 1
452 486 1
408 486 1
425 451 1
499 480 -1
458 1017 -1
486 431 1
506 492 1
457 708 1
455 458 1
494 453 1
456 402 1
401 414 1
502 478 1
461 419 1
477 602 -1
421 410 1
410 472 -1
470 504 1
889 836 1
421 466 1
416 444 -1
485 447 1
498 416 1
485 416 1
494 486 1
484 1017 1
486 730 1
504 406 1
494 415 -1
467 499 -1
458 499 1
568 621 1
433 671 1
1017 499 1
486 441 -1
417 406 1
433 449 1
600 429 1
475 472 -1
568 496 1
496 431 -1
1017 496 -1
494 451 1
502 499 1
421 437 1
485 708 1
1017 463 1
401 423 1
451 463 1
418 408 1
819 431 1
506 479 1
730 1017 1
469 416 1
463 416 1
456 651 1
411 504 1
427 405 1
651 451 1
458 621 -1
458 453 1
441 621 1
465 416 1
432 416 1
484 505 1
1017 478 1
477 416 -1
411 413 1
420 506 -1
1017 836 1
568 470 1
423 492 1
408 420 -1
421 404 1
509 499 -1
486 478 -1
470 447 1
506 708 1
442 406 1
419 406 1
424 480 1
498 450 1
463 472 1
402 423 1
819 671 -1
568 487 1
421 406 1
416 671 1
401 416 1
408 730 -1
494 452 1
451 491 1
475 502 1
473 499 -1
568 454 1
506 600 1
504 458 1
504 432 1
453 406 1
467 428 1
425 449 -1
406 472 1
408 405 -1
403 499 1
464 457 -1
416 480 1
568 434 1
407 471 1
494 715 1
502 491 1
408 621 1
506 437 1
408 484 1
411 509 1
461 651 1
461 485 1
568 467 1
456 475 1
500 412 1
421 490 1
872 486 1
461 424 -1
465 453 1
420 621 -1
475 671 1
485 423 1
708 449 1
447 621 1
461 416 1
872 1017 -1
421 958 1
484 621 1
452 505 1
405 416 -1
509 472 1
425 492 1
476 416 -1
403 498 1
499 708 1
418 451 1
421 456 1
456 478 1
434 465 1
819 730 1
451 492 1
424 600 1
413 671 1
408 492 1
442 432 1
498 463 1
506 472 1
413 600 1
425 889 1
470 416 1
494 429 1
461 472 1
651 454 -1
463 406 1
464 499 -1
418 421 1
494 467 -1
425 402 1
602 492 1
466 504 1
602 470 1
425 708 1
651 621 1
730 496 1
651 429 1
410 671 1
1017 480 -1
432 406 1
421 458 1
568 437 1
498 478 1
465 499 1
485 478 1
403 568 1
504 419 1
461 442 1
958 502 1
408 413 1
487 651 1
486 419 -1
461 453 1
466 432 1
435 499 -1
487 416 1
474 416 -1
432 463 1
463 450 1
435 671 1
442 504 1
494 413 1
958 671 1
420 479 -1
455 467 1
1017 431 1
441 437 1
432 450 1
621 419 1
461 451 1
465 478 1
454 621 -1
418 1017 1
470 453 1
442 491 1
494 487 1
505 416 1
494 484 1
504 416 1
411 568 1
819 889 1
420 423 -1
492 419 -1
485 453 1
465 451 1
442 419 1
486 416 -1
485 450 1
486 506 1
421 432 1
410 432 -1
433 458 1
509 490 1
490 600 1
408 671 1
602 499 -1
461 621 -1
504 708 1
408 600 1
449 671 1
421 419 1
427 416 -1
461 457 1
408 449 1
433 419 1
475 458 1
487 475 1
454 1017 -1
489 416 -1
408 455 1
602 671 1
457 621 1
621 416 1
442 447 1
448 406 1
494 492 1
498 504 1
458 480 1
568 958 1
505 671 1
414 708 1
461 463 1
494 502 1
408 437 1
730 975 1
1017 429 1
438 437 -1
432 453 1
509 416 -1
421 445 1
410 456 1
461 498 1
465 467 -1
499 478 1
470 499 1
447 437 1
568 456 1
491 505 1
436 472 -1
493 416 1
429 416 1
568 506 1
445 406 1
494 497 -1
568 424 1
494 671 1
602 467 1
872 441 -1
463 478 1
494 449 1
464 492 -1
457 492 1
509 432 1
470 463 1
465 504 1
442 402 1
418 472 -1
420 404 -1
411 421 1
461 494 1
473 416 -1
458 492 1
432 478 1
464 494 1
452 502 1
466 447 1
1017 413 1
466 416 1
420 492 1
1017 449 1
506 432 1
506 458 1
421 602 1
651 437 1
435 819 1
621 453 -1
473 407 -1
411 418 -1
447 406 1
506 419 1
402 458 1
819 474 1
452 671 1
424 651 -1
872 412 1
452 600 1
401 504 1
408 421 1
411 425 1
975 416 -1
416 460 1
461 467 -1
442 416 1
464 452 1
491 621 1
441 419 -1
494 432 -1
889 474 1
494 600 1
502 455 1
435 433 -1
498 484 1
433 485 1
494 455 1
427 474 -1
461 504 1
421 414 1
456 492 1
490 506 1
425 486 1
456 470 1
411 410 -1
408 506 1
464 504 1
568 432 1
433 486 -1
490 458 1
408 424 1
872 500 1
421 509 1
600 444 -1
498 475 1
424 445 1
498 429 1
872 480 1
418 499 -1
568 419 1
406 416 1
499 621 1
499 437 -1
435 416 -1
425 419 -1
958 416 -1
432 671 -1
408 458 1
461 484 1
708 416 -1
421 423 1
889 1017 1
403 461 -1
461 401 1
1017 474 1
435 427 -1
504 441 1
456 480 1
504 499 1
408 419 -1
730 416 -1
602 600 1
421 433 1
491 484 1
425 621 1
432 429 1
602 419 -1
819 416 -1
435 445 1
419 416 1
408 464 -1
1017 453 1
466 457 1
411 423 -1
506 416 1
487 1017 1
467 416 1
819 1017 1
506 414 1
442 1017 -1
504 453 1
402 485 1
836 416 1
504 450 1
499 463 1
403 411 1
408 427 -1
403 408 1
421 416 1
402 416 1
402 447 1
508 1017 1
600 671 1
461 889 1
475 485 1
466 453 1
464 455 -1
477 492 -1
402 504 1
492 444 -1
418 600 1
453 416 1
442 499 1
479 416 1
448 416 1
872 474 1
410 423 1
448 447 1
498 453 1
471 416 1
418 455 1
434 1017 1
600 480 1
602 506 1
504 478 1
494 505 1
419 472 1
420 432 -1
602 708 -1
602 458 1
423 671 1
494 506 1
491 671 1
464 417 -1
464 433 1
484 432 1
475 423 1
403 671 1
477 419 1
420 419 -1
448 708 1
407 428 1
418 456 1
494 1017 1
413 453 -1
442 450 1
413 416 1
490 447 1
568 416 1
872 975 1
442 478 1
433 463 1
421 442 1
872 819 1
401 455 1
958 433 1
402 651 1
464 424 -1
651 708 -1
421 450 1
477 1035 -1
651 458 1
455 416 1
568 708 1
479 453 1
404 504 1
465 502 1
425 470 1
449 416 -1
502 505 1
413 472 1
568 410 1
435 485 1
492 671 1
451 1017 1
421 451 1
492 600 1
494 621 1
424 428 1
452 602 1
506 423 1
425 466 1
411 479 1
568 433 1
403 432 -1
456 600 1
452 708 -1
445 447 1
958 478 -1
442 621 1
506 406 1
456 455 1
424 453 -1
502 1017 1
1017 621 1
470 671 1
819 496 1
449 472 -1
427 1017 -1
486 499 1
428 416 1
958 441 1
445 708 1
506 463 1
490 485 1
485 600 1
425 467 1
463 453 1
1035 416 -1
404 447 1
404 416 1
494 602 1
442 452 1
889 508 1
1035 476 -1
819 412 1
490 416 1
416 450 1
568 477 -1
466 401 1
506 450 1
428 708 1
420 485 -1
504 429 1
419 478 1
408 414 1
651 470 1
408 467 1
447 416 1
420 416 -1
600 436 -1
484 416 1
621 496 1
421 478 1
418 432 1
456 458 1
730 428 1
499 600 1
568 499 1
473 1017 -1
499 438 -1
461 600 1
494 479 1
461 421 1
420 708 -1
494 485 1
1017 472 -1
496 480 1
414 447 1
408 410 1
416 472 1
509 463 1
452 423 1
433 432 1
416 436 -1
473 494 1
445 485 1
461 568 1
568 428 1
504 413 1
415 621 -1
484 472 1
403 421 1
568 442 1
445 416 1
708 441 1
412 474 1
497 416 -1
872 416 -1
494 470 1
889 428 1
498 1017 1
405 431 1
470 600 1
730 478 -1
427 730 -1
442 420 -1
442 492 1
1017 412 1
494 410 1
568 715 -1
958 499 1
494 448 1
456 505 1
420 414 1
418 602 1
486 496 -1
473 452 1
408 485 1
466 621 1
456 506 1
473 412 -1
465 506 1
502 467 1
424 499 1
430 416 1
494 508 1
602 485 1
730 405 1
506 478 1
478 472 1
461 432 -1
437 472 1
456 1017 1
456 602 1
451 423 1
467 1017 1
651 508 1
494 437 1
494 434 1
421 504 1
504 492 1
485 505 1
435 1035 -1
456 708 -1
488 416 1
410 499 1
435 478 1
602 423 1
408 406 1
464 568 1
448 451 1
451 499 -1
414 492 1
421 491 1
402 491 1
414 416 1
434 600 1
1017 437 1
499 447 -1
451 671 1
465 621 1
470 458 1
502 406 1
498 470 1
494 404 1
484 406 1
504 449 1
411 416 -1
509 452 1
437 416 1
421 484 1
475 491 1
475 432 1
441 406 1
421 429 1
494 423 1
408 490 1
457 414 1
502 671 1
490 450 1
458 437 1
457 467 1
475 419 1
410 420 -1
484 463 1
461 506 1
568 836 1
447 453 1
433 651 1
434 456 1
447 450 1
836 431 1
411 432 1
438 478 -1
433 447 1
401 621 1
433 416 1
447 478 1
416 715 1
420 478 -1
651 406 1
410 504 1
435 431 -1
568 494 1
421 492 1
497 499 -1
485 621 1
1017 406 1
448 452 1
457 423 1
415 436 1
506 504 1
401 505 1
442 437 1
427 431 1
493 671 1
600 419 1
475 504 1
423 419 1
403 423 1
418 568 -1
467 472 -1
470 506 1
479 492 1
1017 671 1
421 889 1
435 504 1
438 671 1
504 600 1
421 487 1
421 402 1
568 445 1
819 958 1
407 433 1
452 499 1
470 1017 1
418 651 1
463 621 1
424 452 1
427 889 1
420 463 -1
466 671 1
499 416 -1
435 491 1
456 414 1
432 621 1
456 467 1
494 406 1
421 475 1
442 424 1
412 496 1
602 457 1
485 444 -1
428 419 -1
621 600 1
423 416 1
473 431 1
651 499 1
506 447 1
461 602 1
411 602 1
411 419 1
408 958 1
568 504 1
490 504 1
498 437 1
872 405 1
407 416 1
464 1017 1
401 479 1
494 463 1
452 836 1
434 506 1
442 671 1
466 456 1
456 423 1
494 489 1
499 472 -1
602 451 1
407 889 1
485 479 1
602 478 1
432 423 -1
423 708 1
425 602 1
494 450 1
490 491 1
435 452 1
872 428 1
506 413 1
510 416 -1
508 458 1
473 427 1
488 478 1
475 416 1
408 494 1
425 432 1
403 472 1
453 472 -1
435 502 -1
500 431 1
420 406 1
499 453 -1
421 455 1
449 419 1
465 437 1
466 458 1
486 889 1
423 428 1
442 456 1
456 428 1
475 600 -1
467 454 1
424 416 1
402 484 1
498 406 1
500 416 1
492 416 1
406 671 1
600 416 1
485 499 -1
496 416 -1
454 449 1
402 417 -1
602 463 1
416 431 1
500 889 1
509 458 -1
401 444 -1
568 509 1
421 453 1
433 453 1
651 432 1
410 416 1
487 432 1
418 494 1
485 437 1
455 492 1
452 504 1
408 476 -1
408 504 1
465 406 1
421 502 1
463 671 1
463 600 1
568 484 1
464 449 1
428 621 1
466 506 1
434 432 1
451 708 -1
411 651 1
411 485 1
458 432 1
452 491 1
432 600 1
408 432 1
418 463 1
485 404 1
463 437 1
425 433 1
455 484 1
568 475 1
602 449 -1
602 432 1
452 419 1
872 431 -1
435 708 1
453 671 1
432 437 1
479 671 1
457 463 1
448 402 1
479 600 1
424 506 -1
498 458 1
497 465 -1
403 463 1
568 651 1
411 451 -1
819 975 -1
442 506 1
434 447 1
494 419 1
819 476 1
469 477 -1
651 504 1
504 621 1
508 416 1
819 427 1
473 819 1
415 602 -1
438 416 -1
451 504 1
425 416 1
421 506 1
509 600 1
499 406 1
494 438 1
415 432 -1
428 480 1
889 416 1
433 498 1
502 447 1
452 465 1
432 472 1
602 504 1
425 423 1
465 436 -1
461 497 1
448 424 1
448 502 1
408 708 1
467 432 -1
651 445 1
441 416 1
403 494 1
461 671 1
473 602 -1
456 406 1
491 406 1
438 708 -1
420 413 -1
455 671 1
494 465 1
455 600 1
466 602 1
504 1017 1
494 416 1
494 414 1
498 506 1
458 423 1
450 472 1
494 504 1
651 416 1
470 472 1
602 401 1
485 406 1
478 416 1
461 456 1
408 475 1
494 708 1
456 450 1
506 453 1
600 478 1
730 476 1
418 504 1
421 464 -1
442 602 1
410 498 1
442 708 -1
434 416 1
411 499 1
457 504 1
451 416 1
458 416 1
412 416 -1
500 474 1
452 447 1
452 416 1
487 472 1
408 416 1
461 436 -1
1035 889 1
494 433 1
475 453 1
433 1017 1
428 449 1
461 458 1
621 437 1
421 708 -1
404 671 1
602 416 1
404 600 1
502 416 1
411 463 1
602 476 1
502 486 -1
486 1017 1
456 432 1
432 436 -1
568 474 1
434 472 1
651 475 1
475 451 1
494 509 1
401 506 1
621 478 -1
494 424 -1
424 486 1
465 475 -1
504 671 1
505 428 1
591 574 1
530 537 1
531 1017 -1
536 537 1
592 849 1
569 532 1
512 574 1
606 1017 1
591 536 1
542 600 1
564 709 1
1017 871 1
591 566 1
542 568 1
512 536 1
515 532 1
512 566 1
1017 610 1
517 530 1
536 1001 -1
600 849 1
931 530 1
574 565 -1
600 539 1
615 530 1
551 574 -1
539 552 1
515 539 1
539 557 1
811 530 1
931 563 1
606 1001 1
606 512 1
573 531 1
592 539 1
521 1017 1
545 778 1
517 1017 1
512 871 1
538 1001 1
519 709 1
551 709 1
573 539 1
591 617 1
536 539 1
551 617 -1
518 541 1
531 849 1
571 849 1
530 709 1
531 539 1
517 709 1
574 535 -1
571 539 1
536 709 1
617 561 -1
617 539 1
551 519 1
811 512 1
931 709 1
615 1017 1
573 532 1
571 709 1
549 709 1
709 778 1
521 539 1
567 617 -1
530 538 1
871 778 1
517 1001 1
930 517 -1
539 574 1
530 549 1
540 709 1
930 520 1
811 574 1
811 570 -1
530 1017 1
849 565 -1
569 1001 -1
1005 574 1
573 540 1
568 518 1
530 617 -1
540 538 1
606 871 1
540 549 1
811 521 1
550 518 1
529 539 1
531 545 1
550 539 1
527 617 -1
521 571 1
557 574 -1
539 1001 1
539 561 1
539 566 1
530 521 1
532 778 1
569 930 -1
573 571 1
931 512 1
542 1001 1
527 519 1
615 512 1
811 566 1
530 540 1
811 871 1
591 569 1
591 573 1
527 1001 1
516 574 1
591 849 1
811 930 1
1017 539 1
591 531 1
611 519 -1
531 516 1
521 778 1
568 930 1
811 617 1
611 849 1
531 571 1
530 778 1
930 610 1
536 778 1
536 558 1
574 610 1
1017 541 1
545 574 1
606 530 1
571 778 1
515 574 -1
811 565 -1
539 871 1
536 571 1
551 849 -1
530 545 1
539 610 1
591 539 1
515 709 1
611 539 1
1017 516 1
512 539 1
849 574 1
1017 557 -1
570 539 1
563 574 1
518 538 1
617 520 -1
1017 540 1
563 1001 1
617 574 -1
539 514 1
570 709 1
573 1017 1
540 600 1
600 574 -1
519 565 -1
515 540 1
709 1001 1
539 849 1
1017 571 1
530 565 -1
811 573 1
811 849 1
564 574 1
521 709 1
1017 545 1
521 617 -1
518 539 1
849 871 1
591 545 1
930 849 1
591 778 1
563 871 1
930 539 1
545 871 1
573 709 1
521 519 1
531 709 1
517 849 1
527 514 1
709 574 1
606 566 1
931 849 1
931 531 1
529 536 -1
513 539 1
591 571 1
591 600 1
567 539 1
539 541 1
591 568 1
871 566 1
931 536 1
615 536 1
536 1005 1
811 541 1
532 536 1
550 709 1
623 574 1
811 536 1
521 574 1
573 521 1
930 541 1
519 592 1
1017 538 1
568 1001 1
519 574 1
931 606 1
520 539 1
551 536 1
1017 549 1
521 536 1
568 513 1
519 566 1
521 1001 1
811 606 1
536 592 1
517 536 1
539 535 1
1017 709 1
521 512 1
615 849 1
709 871 1
615 539 1
530 512 1
615 574 1
530 513 1
539 565 1
1017 563 1
522 539 1
531 778 1
709 610 1
931 566 1
537 1001 1
537 561 1
519 558 -1
527 574 1
573 600 1
540 1001 1
515 530 1
591 530 1
1017 1005 1
606 537 1
519 871 1
611 1017 1
574 778 1
530 871 1
519 610 1
569 566 1
536 871 1
606 519 -1
539 516 1
530 610 1
617 565 -1
811 571 1
606 573 1
537 871 1
549 871 1
931 537 1
536 617 1
615 545 1
811 517 1
1017 1001 1
542 930 1
811 537 1
811 568 1
532 564 1
563 849 1
545 539 1
512 709 1
536 565 -1
611 617 -1
930 519 -1
573 530 1
530 564 1
606 849 1
531 565 -1
1017 778 1
606 549 1
931 568 1
515 1001 1
930 1001 -1
551 573 1
512 778 1
606 709 1
538 539 1
849 535 1
548 539 1
931 573 1
563 539 1
591 521 1
518 1001 1
573 512 1
545 571 1
545 516 1
564 539 1
811 1017 1
623 539 1
521 531 1
811 551 -1
611 778 1
573 611 1
600 1001 1
606 539 1
592 574 1
568 541 1
530 531 1
591 871 1
573 574 1
606 540 1
515 617 1
709 541 1
573 536 1
568 606 1
931 549 1
606 518 1
549 539 1
606 778 1
532 539 1
522 1017 1
811 539 1
531 536 1
811 549 1
811 1005 1
539 709 1
568 539 1
615 709 1
606 570 1
519 849 1
811 709 1
519 539 1
551 539 1
931 811 1
1017 565 -1
591 931 1
615 811 1
530 849 1
530 539 1
517 539 1
512 565 -1
550 574 1
519 541 1
811 519 1
513 1001 1
931 539 1
606 545 1
537 539 1
530 541 1
573 871 1
531 574 1
571 574 1
539 1005 1
931 540 1
573 610 1
574 566 1
542 541 1
530 532 1
540 849 1
540 539 1
530 550 1
1017 536 1
811 778 1
558 574 -1
569 539 1
568 548 1
521 871 1
849 709 1
521 610 1
542 539 1
1001 565 -1
545 709 1
536 545 1
931 600 1
606 536 -1
516 778 1
527 539 1
531 871 1
778 1001 1
536 610 1
574 871 1
931 545 1
1017 574 1
811 552 -1
811 557 -1
930 530 1
811 545 1
1017 512 1
591 623 1
930 600 1
571 617 1
568 571 1
539 778 1
539 558 1
512 1001 1
615 778 1
519 571 1
568 517 1
515 849 1
530 571 1
575 574 -1
577 576 1
578 579 1
580 694 1
1014 958 1
1014 580 1
958 580 -1
958 694 1
580 582 1
1014 694 1
811 1017 1
606 585 -1
811 930 1
1017 1020 1
619 585 1
605 606 1
606 1020 1
591 585 1
621 600 1
811 875 1
606 608 1
585 592 1
811 617 1
613 585 1
930 616 1
930 595 1
602 597 1
606 1017 1
599 592 1
1017 607 1
930 610 1
618 1020 1
1020 795 1
585 795 1
618 585 1
615 601 1
811 606 1
602 585 -1
622 1020 1
588 589 1
585 623 1
615 1020 1
1017 610 1
1017 875 1
606 621 -1
601 607 1
595 795 1
811 608 1
621 795 -1
1017 621 1
615 585 1
608 1020 1
599 617 1
585 600 1
585 587 1
1017 622 1
607 1020 1
601 600 1
588 598 1
1017 597 1
588 607 1
604 585 -1
619 1017 -1
591 608 1
606 616 1
930 602 1
585 1020 1
591 1020 1
615 811 1
1017 608 1
811 599 1
611 585 -1
615 621 1
1017 616 1
811 621 1
589 621 1
611 1017 1
608 621 1
591 617 1
585 609 1
1017 599 1
585 610 1
591 599 1
585 875 1
585 617 1
622 610 1
611 587 1
585 621 1
591 621 1
811 616 1
614 585 1
588 585 1
615 1017 1
618 621 -1
588 1017 1
585 622 1
621 610 1
616 610 1
593 585 1
599 622 1
591 602 1
600 616 1
615 599 1
591 616 1
606 588 1
930 587 1
605 585 1
585 608 1
595 587 1
621 622 1
611 616 1
585 620 1
599 608 1
621 597 1
1017 587 1
585 1017 1
601 585 1
811 585 1
930 597 -1
611 617 -1
602 600 1
930 1020 1
811 602 -1
930 585 1
585 599 1
595 585 1
604 795 1
605 601 1
930 607 1
601 617 1
621 875 -1
1017 795 1
606 607 1
598 585 1
585 597 1
591 623 1
930 600 1
811 601 1
585 607 -1
591 600 1
592 616 1
930 621 1
585 616 1
591 601 1
599 616 1
811 1020 1
599 600 1
587 875 1
593 599 1
589 795 1
605 617 1
589 585 1
626 630 -1
843 630 -1
637 630 1
636 630 -1
1023 630 -1
630 628 -1
626 636 -1
630 627 -1
635 630 1
630 1029 1
630 977 -1
638 627 -1
1042 630 1
633 638 -1
630 625 -1
639 1023 1
626 1029 1
630 640 -1
626 638 -1
639 630 -1
1029 627 1
843 627 1
1023 627 1
638 630 -1
633 630 -1
1042 977 1
670 676 1
987 818 1
967 960 1
670 644 1
819 694 1
1003 915 1
960 1027 1
657 915 1
1033 1016 1
685 811 1
1025 915 1
670 689 1
685 1016 -1
670 876 1
931 1020 1
987 995 1
670 878 1
915 690 1
895 876 1
1003 643 1
668 960 1
1025 643 1
657 662 1
964 871 1
666 670 1
995 654 1
967 876 1
960 688 1
895 670 1
931 895 1
811 659 -1
658 670 1
670 818 1
1027 649 1
643 995 1
811 895 1
684 964 1
1027 1016 1
832 819 1
690 818 1
694 893 -1
915 964 1
1003 1033 1
931 1025 1
657 1033 1
670 995 1
1020 645 1
643 662 1
668 670 1
694 696 1
657 819 1
659 650 1
1033 670 1
678 643 1
987 960 1
1003 684 1
819 671 -1
931 964 1
876 964 1
915 1016 1
931 690 1
690 871 1
651 647 1
688 1016 1
1033 662 -1
895 995 1
1027 822 1
692 670 1
685 684 1
819 1027 1
670 893 1
995 871 1
670 660 1
1020 644 1
811 995 1
818 650 1
871 1016 1
811 696 -1
987 876 1
876 1016 1
967 1027 1
670 650 1
832 1025 1
819 643 1
995 1016 1
670 678 1
811 893 -1
670 696 1
818 1016 1
811 871 1
811 641 1
819 692 1
878 1016 1
690 696 1
967 650 1
643 960 1
967 662 1
832 895 1
670 694 1
678 684 1
931 1016 1
818 960 1
960 654 1
657 690 1
987 811 1
670 684 1
995 960 1
915 670 1
670 647 1
960 649 1
931 822 1
1033 995 1
960 893 -1
811 822 1
811 960 1
960 964 1
1020 1016 1
657 964 1
832 964 1
832 691 1
995 878 1
692 995 1
689 964 1
931 960 1
1025 1030 1
692 1016 1
1025 1016 1
960 1016 1
1003 964 1
1025 1020 1
893 1016 -1
832 1016 1
685 1030 1
818 876 1
960 871 1
692 960 1
931 670 1
819 895 1
643 1027 1
1020 871 1
811 670 1
995 1027 1
1025 822 1
987 819 1
931 876 1
1033 960 1
822 641 -1
1025 967 1
1003 1016 1
670 1027 1
657 1016 1
1003 657 1
832 666 1
1003 931 1
895 1027 1
1003 1020 1
876 649 1
657 931 1
1003 645 1
689 1016 1
678 1030 1
670 643 1
1027 694 1
659 1030 1
822 964 1
960 822 1
670 662 1
670 1030 1
1027 650 1
670 688 1
987 654 -1
659 1020 1
987 694 1
819 964 1
987 1025 -1
1025 670 1
685 645 1
931 995 1
657 967 1
662 1016 1
1033 1027 1
832 670 1
967 964 1
657 1025 1
670 671 1
684 1020 1
685 931 1
685 1020 1
960 876 1
811 915 1
876 871 1
960 878 1
895 1016 1
678 1020 1
693 670 1
641 871 1
811 1033 1
876 696 1
641 650 1
1003 670 1
1025 644 1
657 670 1
915 960 1
696 650 1
967 1030 1
967 1016 1
987 895 1
670 645 1
694 654 1
811 692 1
819 649 1
819 1016 1
657 878 1
811 694 1
995 694 1
670 664 1
670 1020 1
811 650 1
931 678 1
1025 819 -1
915 876 1
811 678 1
811 647 1
685 670 1
931 694 1
1025 650 1
1025 641 1
1025 995 1
1020 662 1
832 662 1
670 690 1
931 647 1
670 654 1
832 995 1
692 694 1
819 960 1
1025 871 1
964 1016 1
915 1027 1
878 876 1
657 871 1
1020 650 1
685 871 1
819 967 1
1025 696 1
819 670 1
670 964 1
670 691 1
915 662 1
1025 893 1
960 660 1
819 876 1
876 1027 1
960 694 1
1003 871 1
1020 893 1
1003 650 1
967 670 1
685 915 1
1003 960 1
987 1016 1
670 649 1
657 960 1
967 690 1
1003 696 1
995 964 1
677 670 1
818 964 1
685 650 1
832 960 1
678 871 1
691 650 1
931 811 1
1003 893 1
878 1027 1
685 678 1
670 871 1
685 696 1
670 641 1
987 822 1
643 1016 1
670 659 1
666 671 1
1003 832 1
931 1027 1
819 878 1
987 967 1
1025 693 1
819 995 1
1025 876 1
987 670 1
685 893 1
651 670 1
670 1016 1
662 650 1
871 662 1
685 693 1
967 995 1
690 1016 1
643 822 1
931 662 1
1025 1027 1
931 1030 1
811 643 1
995 822 1
819 871 1
987 878 1
670 822 1
878 662 1
1030 893 1
1003 685 1
678 893 1
819 915 1
657 685 1
666 1020 1
657 1027 1
1033 964 1
811 1016 1
670 960 1
651 662 1
895 960 1
1003 818 1
811 1020 1
811 819 1
699 997 1
699 993 1
741 708 -1
705 728 1
708 744 1
1020 714 1
751 725 1
745 708 1
721 734 1
703 708 1
737 708 1
713 744 1
719 744 1
718 705 1
740 738 1
734 713 1
926 744 1
721 728 1
764 714 -1
708 1020 1
710 714 1
702 1020 1
730 704 1
744 728 1
721 744 1
713 1020 1
712 744 1
737 728 1
704 714 1
744 716 1
784 741 1
1020 744 1
705 715 1
702 743 1
708 709 1
708 713 1
741 744 1
710 906 1
737 744 1
721 741 1
969 1020 1
722 744 1
700 744 1
1026 926 1
764 744 1
730 744 1
723 744 1
744 714 1
741 738 1
784 744 1
705 744 1
727 906 1
710 744 1
712 708 1
764 738 1
738 715 1
733 744 1
730 711 1
702 906 1
704 744 1
710 721 1
700 1020 1
727 709 -1
740 744 1
744 906 1
744 701 1
717 744 1
738 709 1
738 744 -1
740 730 1
738 713 1
926 1020 1
713 709 1
746 744 1
740 705 1
718 744 1
784 709 1
751 713 1
726 744 1
926 713 1
703 721 1
738 1020 -1
721 717 1
721 737 1
741 728 1
725 744 1
721 743 1
1026 730 1
708 701 1
711 744 1
743 744 1
709 744 1
703 741 1
743 722 1
727 744 1
730 1020 -1
730 926 1
702 744 1
735 744 1
700 713 1
710 1020 1
737 709 1
745 744 1
742 744 1
751 744 1
703 744 1
721 723 1
784 1020 1
709 715 1
709 1020 1
764 725 -1
764 708 1
751 735 1
734 744 1
710 737 1
764 713 1
723 713 1
710 713 1
740 1020 1
705 709 1
743 737 1
705 713 1
784 713 1
969 744 1
1026 744 1
733 713 1
751 1020 1
730 906 1
737 715 -1
744 715 1
707 744 1
740 713 1
717 713 1
743 738 1
1020 722 1
764 926 1
888 749 1
750 888 -1
915 749 1
750 915 -1
750 749 -1
915 888 1
764 762 1
811 758 1
756 758 1
764 763 1
760 766 1
811 803 1
753 766 1
756 766 1
811 766 1
811 765 1
811 760 1
751 766 1
763 762 1
765 766 1
811 752 1
762 766 1
762 771 1
764 766 1
753 811 1
764 765 1
811 751 1
755 771 1
758 766 1
762 765 1
763 766 1
811 767 1
767 766 1
760 767 1
811 756 1
758 765 1
761 766 1
771 766 1
755 766 1
755 764 1
811 763 1
751 756 -1
751 758 1
752 766 1
761 811 1
771 765 1
803 766 1
784 774 1
771 790 1
790 775 1
787 786 1
786 770 1
790 1020 1
790 789 1
775 789 1
772 778 1
773 1020 1
773 772 1
770 1020 1
782 778 1
1020 778 1
790 786 1
788 786 1
771 1020 1
771 789 1
773 786 1
786 782 1
772 780 1
776 771 1
771 781 1
790 783 1
787 774 1
779 774 1
771 788 1
784 778 1
780 781 1
774 768 1
780 783 1
788 774 1
779 786 1
786 778 1
775 770 1
774 778 1
784 780 1
787 782 1
772 1020 1
772 789 1
769 775 1
771 774 1
785 774 1
771 770 1
769 778 1
786 780 1
1020 789 1
774 780 1
779 784 1
771 786 1
779 778 1
785 786 1
769 1020 1
786 768 1
776 781 1
776 780 1
786 775 1
787 771 1
775 778 1
772 775 1
779 780 1
786 1020 1
786 789 1
784 789 1
771 778 1
774 1020 1
773 774 1
786 781 1
781 778 1
779 776 1
772 786 1
776 1020 1
776 772 1
771 769 1
782 1020 1
787 772 1
779 1020 1
776 786 1
773 782 1
771 782 1
769 786 1
784 775 1
776 783 1
774 775 1
773 775 1
779 771 1
790 778 1
780 782 1
773 778 1
784 771 -1
771 775 1
784 1020 1
770 778 1
775 1020 1
785 775 1
784 786 1
789 778 1
774 786 1
773 771 1
785 1020 1
776 774 1
790 780 1
781 1020 1
781 789 1
774 781 1
786 783 1
773 780 1
780 1020 1
785 771 1
784 790 1
769 774 1
771 780 1
790 782 1
791 792 -1
791 795 -1
791 794 -1
791 793 -1
797 796 1
799 798 1
802 807 1
803 802 1
805 802 1
800 802 1
802 903 1
802 804 1
800 807 -1
802 801 1
808 802 1
802 809 1
800 808 1
800 801 1
811 813 1
813 812 1
811 812 1
811 810 1
810 812 -1
872 914 1
898 1028 1
898 906 1
842 871 1
1023 903 1
849 903 1
967 960 1
862 833 1
877 910 -1
898 891 1
898 915 1
965 902 1
853 1017 1
834 914 1
872 852 1
838 1016 1
915 1011 1
891 902 1
837 856 1
960 1027 1
1033 1016 1
881 862 1
828 824 1
915 824 1
843 859 1
820 871 1
1017 871 1
819 909 1
898 1033 1
1023 964 1
852 909 1
846 871 1
852 1017 -1
889 893 1
931 914 -1
832 906 1
872 1023 1
815 965 1
815 1023 1
895 876 1
1033 956 1
818 1011 1
852 870 1
832 891 1
946 967 1
817 888 1
854 871 -1
852 960 1
881 1007 1
927 876 1
898 884 1
967 909 1
964 871 1
852 884 1
829 840 1
881 820 1
833 965 1
833 1023 1
853 964 1
870 816 1
967 876 1
822 846 1
909 829 1
838 879 1
863 871 1
872 889 1
815 889 1
876 1011 1
840 868 1
931 895 1
1033 879 1
850 902 1
843 984 -1
817 1011 1
898 904 -1
840 1011 1
838 840 1
927 1027 1
819 846 1
896 1016 1
915 820 1
941 888 -1
870 1011 1
1027 1016 1
819 823 1
912 889 1
941 833 1
833 889 1
832 819 1
946 1011 1
889 836 1
965 1011 1
965 877 1
840 983 1
946 895 1
839 1027 1
834 1023 1
839 829 1
915 964 1
843 889 1
850 898 1
817 852 1
931 856 1
856 889 1
931 888 1
891 1011 1
850 967 1
838 902 1
872 883 1
909 857 1
838 822 1
898 1011 -1
931 842 1
1033 896 1
844 1033 1
931 903 1
856 965 1
838 967 1
881 898 1
830 965 1
834 915 1
824 964 1
836 1016 1
853 871 1
898 821 1
832 840 1
1017 836 1
838 898 1
931 1011 1
832 898 1
931 946 1
931 877 1
967 1023 1
898 833 1
916 1011 1
854 893 -1
898 835 1
839 1023 1
1023 840 1
828 840 1
898 846 1
840 897 1
834 889 1
891 816 1
931 964 1
870 820 1
898 823 1
850 863 1
815 840 1
915 1016 1
828 898 1
876 964 1
852 823 1
835 1023 1
815 898 1
898 941 1
815 984 1
828 914 -1
850 1011 1
895 857 1
838 856 1
1033 854 1
1017 876 1
872 843 1
817 956 -1
898 877 -1
853 927 1
892 1017 1
817 909 -1
838 816 1
894 1011 1
912 840 1
857 871 1
833 840 1
946 893 -1
1027 902 1
1027 896 1
1027 822 1
895 1028 1
916 816 1
960 840 1
871 903 1
965 871 1
819 1027 1
872 1017 -1
824 984 1
852 1027 1
965 818 1
862 870 1
816 984 1
857 879 1
877 1017 1
872 956 1
941 964 1
817 1016 1
1011 903 1
898 894 1
898 1017 1
871 1016 1
872 909 1
912 854 -1
876 840 1
876 1016 1
967 1028 1
967 906 1
1027 836 1
967 1027 1
877 903 1
881 816 1
960 1017 1
898 903 1
898 895 1
815 967 1
909 871 1
888 1016 1
1028 868 1
815 881 1
931 862 1
818 1007 1
1033 888 1
819 824 1
1027 956 1
838 852 1
946 1007 1
824 896 1
1011 964 1
891 820 1
1027 854 1
843 833 1
909 960 1
878 868 -1
1033 852 1
818 1016 1
819 1023 1
898 866 1
898 946 1
832 1017 1
852 965 1
852 1023 1
876 902 1
834 881 1
853 898 1
815 819 1
1011 888 1
862 871 1
817 896 1
852 984 1
853 931 1
967 889 1
878 1016 1
894 820 1
854 822 1
824 967 1
839 1017 -1
842 889 1
915 896 1
815 833 1
817 879 1
824 840 1
832 1011 1
895 883 1
889 1023 1
946 871 1
832 895 1
881 914 1
1033 1028 1
931 820 1
853 902 1
931 1016 1
838 844 -1
818 960 1
898 842 1
834 833 1
872 823 1
946 960 1
1011 820 1
891 871 1
817 859 -1
868 956 1
819 889 1
853 912 1
852 889 1
912 833 1
881 852 1
983 896 1
960 888 1
889 906 1
815 1011 1
818 896 1
833 1017 1
883 964 1
850 881 -1
946 1016 1
840 956 1
960 903 1
817 854 1
967 891 1
838 872 1
898 824 1
817 960 1
833 1011 1
828 852 1
850 838 1
838 857 1
857 876 1
829 1016 1
898 964 1
1011 871 1
931 896 1
960 1011 1
915 856 1
876 896 1
941 1016 1
817 868 1
931 822 1
878 840 1
946 956 1
815 1017 1
856 1011 1
1011 822 1
870 876 1
931 879 1
915 816 1
946 909 1
862 902 1
1017 906 1
840 822 1
960 893 -1
852 891 1
877 871 1
960 964 1
815 842 1
838 820 1
832 820 1
839 823 1
815 857 -1
853 876 1
898 956 -1
830 898 1
898 892 -1
891 909 1
965 916 1
912 1017 1
819 835 1
946 896 1
931 898 1
931 927 1
967 883 1
1011 1016 1
832 964 1
931 836 1
824 885 1
854 847 1
839 886 1
838 871 1
872 965 1
829 896 1
853 863 1
898 851 1
843 856 1
902 956 -1
829 822 1
815 946 1
856 894 1
856 1017 1
941 896 1
824 878 1
891 879 1
965 893 1
931 854 1
819 840 1
898 965 1
967 833 1
931 902 1
889 875 1
817 876 1
898 1016 1
916 902 1
931 960 1
898 984 1
815 862 1
915 888 1
843 903 1
872 1027 1
856 877 1
946 836 1
960 1007 1
915 852 1
967 823 1
1033 941 -1
881 843 1
879 840 1
889 840 1
902 1016 1
960 1016 1
838 883 1
902 984 1
891 836 1
838 843 1
1033 883 1
1023 1007 1
931 863 1
893 1016 -1
829 956 1
883 984 1
852 821 1
828 820 1
843 964 1
832 1016 1
912 842 1
824 818 1
1028 888 1
818 876 1
960 871 1
931 906 -1
946 876 1
881 846 -1
823 846 1
852 833 1
824 852 1
898 822 1
852 835 1
872 824 1
1033 836 1
879 894 1
839 1016 -1
1033 909 1
889 894 1
889 1017 1
819 895 1
1023 871 1
849 871 1
875 906 1
967 1017 1
876 888 1
898 967 1
833 820 1
931 892 1
931 876 1
898 849 -1
838 960 1
898 840 1
870 889 1
872 891 1
834 964 1
817 872 1
1033 960 1
850 880 1
1011 854 1
838 839 1
838 916 1
839 902 -1
1011 902 1
817 1023 1
883 822 1
859 1017 1
853 838 1
863 875 1
898 819 1
898 910 1
819 1017 1
895 1027 1
909 1027 1
832 879 1
931 849 1
843 965 1
946 852 1
878 888 1
859 1011 1
902 914 -1
883 840 1
898 896 1
859 895 1
872 868 -1
898 875 1
1017 816 -1
1028 871 1
891 876 1
829 876 1
852 846 1
872 840 1
1011 914 1
833 822 1
898 868 1
815 820 1
815 1016 1
960 902 1
872 863 -1
960 896 1
839 964 1
822 964 1
960 822 1
898 845 1
819 1011 1
819 946 1
852 1011 1
852 877 1
946 1027 1
967 842 1
838 876 1
853 915 1
946 915 1
817 857 1
852 855 1
1023 902 1
832 896 1
931 872 1
819 964 1
862 889 1
931 816 1
941 1011 1
909 965 1
909 1023 1
872 819 1
879 1011 1
1028 1016 1
889 1011 1
889 877 1
1011 816 1
816 820 1
898 847 1
828 876 1
824 882 1
898 854 1
892 863 1
960 836 1
872 833 1
817 1028 1
815 916 1
912 871 1
834 891 1
898 856 1
856 984 1
815 822 1
1033 1027 1
927 891 1
915 879 1
915 883 1
898 816 1
844 881 1
967 964 1
960 956 1
816 871 1
815 879 1
898 878 1
881 823 1
946 826 1
915 843 1
960 854 1
898 857 -1
946 1023 1
965 1023 1
877 863 1
856 854 -1
931 838 1
852 903 1
1017 1011 1
898 863 1
884 902 -1
839 819 1
835 840 1
960 876 1
960 868 1
862 882 1
862 915 1
832 854 1
960 878 1
877 849 1
876 956 1
876 871 1
912 879 1
967 956 -1
829 984 -1
915 909 1
895 1016 1
815 931 1
931 852 1
895 984 1
898 897 1
843 822 1
898 983 1
931 857 1
839 892 -1
912 967 1
888 871 1
889 903 1
1023 876 1
829 854 1
832 816 1
927 840 1
843 879 1
839 822 1
834 931 1
965 889 1
898 862 1
852 964 1
1033 1023 1
915 960 1
815 902 1
843 967 1
838 984 -1
842 903 1
898 888 1
898 818 1
815 960 1
819 956 -1
891 889 1
931 1028 1
967 965 1
853 909 1
898 852 1
967 1016 1
883 1011 1
839 840 1
967 984 1
844 898 1
931 844 1
1023 829 1
839 898 1
879 871 1
902 888 1
872 1011 1
912 902 1
909 833 1
833 902 1
833 904 1
877 1023 1
862 843 1
880 820 1
898 837 1
941 909 -1
898 826 1
1017 903 1
838 889 1
1028 960 1
843 854 1
834 967 1
878 896 1
843 902 1
876 836 1
883 888 1
931 894 -1
819 1016 1
946 883 1
856 902 1
862 880 1
902 816 1
850 915 1
857 823 1
815 983 1
834 898 1
850 815 1
870 833 1
832 852 1
823 984 1
915 854 1
838 1023 1
824 859 1
1033 965 1
879 1016 1
889 820 1
960 829 1
927 941 1
839 868 1
833 914 1
927 967 1
889 1016 1
859 960 1
881 906 1
882 820 1
846 964 1
964 903 1
915 876 1
833 906 -1
967 879 1
964 896 1
833 983 1
815 876 1
815 816 1
931 843 1
828 1023 1
878 836 1
912 892 1
844 826 -1
967 840 1
838 891 1
838 915 1
898 913 -1
931 883 1
819 896 1
909 1017 1
859 1016 1
912 816 1
842 1016 1
902 871 1
833 816 1
819 879 1
946 855 -1
1028 876 1
824 876 1
1017 820 1
1028 878 1
898 1007 1
817 846 1
843 816 1
898 901 1
889 896 1
879 822 1
909 846 1
856 816 1
898 820 1
815 838 1
872 964 1
967 896 1
882 822 1
914 822 -1
872 862 1
819 927 1
876 885 1
850 891 1
832 872 1
842 896 1
927 1011 1
898 882 1
846 1016 1
927 895 1
846 984 1
856 863 1
815 852 1
1033 840 1
824 829 1
1028 1027 1
902 820 1
898 871 1
843 1011 1
859 896 1
946 835 1
844 895 1
839 1011 1
815 872 1
819 960 1
863 820 1
946 823 1
1023 1027 1
912 852 1
964 1016 1
881 889 1
915 1027 1
898 870 1
819 868 1
889 956 1
852 916 1
879 854 1
884 856 1
852 896 1
839 946 1
884 1017 1
856 888 1
889 902 1
878 876 1
822 906 -1
967 854 1
898 879 1
834 1011 1
898 883 1
931 846 1
967 856 1
862 842 1
898 843 1
889 876 1
902 896 1
889 916 1
1017 1016 1
819 967 1
898 893 1
824 1023 1
852 967 1
909 1011 1
965 1017 1
829 883 1
915 889 1
967 816 1
857 822 -1
840 846 1
967 868 1
850 833 1
960 883 1
837 906 1
898 927 1
853 815 1
889 863 1
815 871 1
898 836 1
817 946 1
946 1017 1
838 881 1
967 863 1
895 888 1
915 965 1
915 1023 1
824 1027 1
819 888 1
915 1028 1
832 883 1
817 964 1
819 876 1
927 964 1
876 1027 1
838 819 1
898 902 1
834 872 1
927 862 1
881 833 1
817 1027 1
898 960 1
852 902 1
891 823 1
833 871 1
870 964 1
863 1016 1
840 886 1
898 912 1
1017 896 1
1017 822 1
1017 875 1
838 833 1
898 855 -1
872 820 1
898 916 1
843 871 1
872 1016 1
815 883 1
872 927 1
852 878 1
915 891 1
967 888 1
870 891 1
838 846 1
898 859 1
838 823 1
819 829 1
909 903 1
878 1023 1
1027 868 -1
818 964 1
863 902 1
1011 846 1
832 960 1
884 877 1
818 956 -1
909 1016 1
840 903 1
834 838 1
817 824 1
1033 1011 1
1017 914 -1
842 816 1
860 898 1
898 880 1
834 871 1
878 1027 1
817 965 1
824 891 1
819 852 1
877 846 1
898 909 1
862 965 1
872 896 1
833 880 1
898 885 1
870 965 1
872 822 1
892 849 1
862 984 1
965 903 1
1017 902 1
984 964 -1
817 891 1
898 876 1
931 1027 1
872 879 1
834 870 1
860 854 1
833 846 -1
829 846 1
819 878 1
840 964 1
815 839 1
838 1017 1
856 871 1
815 843 1
1023 888 -1
1033 1017 1
1016 903 1
960 823 1
898 867 1
889 888 1
891 965 1
862 891 1
872 898 1
889 816 1
946 964 1
843 870 1
1023 846 1
1017 863 1
856 916 1
828 846 1
898 829 1
852 829 1
844 960 1
891 964 1
863 854 1
894 1016 -1
839 960 1
898 914 1
829 1027 1
931 824 1
927 1016 1
1023 1011 -1
872 854 1
840 820 1
1027 840 1
872 902 1
915 840 1
854 984 1
815 909 1
1033 946 1
819 871 1
931 965 1
931 1023 1
872 960 1
881 856 1
835 960 1
859 1023 1
967 820 1
863 849 1
862 840 1
834 902 1
819 857 1
850 903 1
960 846 1
868 902 -1
965 1016 1
895 896 1
927 960 1
819 941 -1
914 871 -1
956 964 -1
834 916 1
898 1023 1
843 909 1
838 903 1
819 1028 1
833 876 1
904 820 1
843 960 1
931 889 1
898 886 1
839 909 1
915 833 1
868 1016 1
819 915 1
843 916 1
838 1011 1
863 888 1
915 846 1
845 956 -1
898 1027 1
882 1023 1
1023 855 1
838 824 1
863 816 1
832 824 1
895 836 1
817 840 1
965 896 1
852 882 1
965 822 1
838 964 1
898 889 1
872 876 1
872 816 1
817 898 1
1011 984 1
902 906 1
840 1016 1
1033 964 1
840 984 1
965 879 1
909 956 1
852 871 1
844 845 1
909 854 1
862 967 1
853 1011 1
844 829 1
895 960 1
844 1027 -1
914 956 -1
893 906 -1
824 846 1
883 1027 1
956 984 -1
931 891 1
844 915 -1
838 956 -1
967 836 1
819 884 1
1027 888 1
909 876 1
882 889 1
830 833 1
967 894 -1
889 871 1
891 840 1
898 869 1
872 829 1
884 822 1
931 833 1
843 876 1
832 889 1
889 960 1
915 1017 1
931 1008 1
924 962 1
1017 934 -1
992 998 1
998 989 1
939 1044 -1
998 1035 -1
1025 993 1
930 1042 1
993 1045 1
1023 964 1
958 1010 1
995 1043 1
937 974 -1
1025 959 1
1042 1010 1
938 999 1
946 1043 1
993 1020 1
937 1011 1
981 934 1
1014 1001 1
1010 1017 1
946 926 1
998 925 1
989 945 1
931 937 1
958 1017 1
1000 917 1
1010 1011 1
920 921 1
1036 925 1
1015 945 1
1042 1011 1
1049 1041 1
931 997 1
951 1027 1
940 962 1
969 960 1
924 1031 -1
966 998 1
978 984 1
929 994 1
944 964 1
944 1027 1
931 1025 1
1015 988 1
1032 980 1
998 1048 -1
945 999 1
1025 1008 1
1037 1016 1
931 1042 1
974 1020 1
930 1041 -1
958 930 -1
988 964 1
1041 956 1
929 1043 1
931 1043 1
951 974 1
967 1023 1
998 955 1
1018 970 1
962 922 1
1031 1019 -1
940 975 1
960 934 1
978 1043 -1
1019 1043 -1
958 964 1
1024 930 1
925 999 1
976 922 1
930 963 1
924 994 1
941 945 -1
1033 1026 1
958 1020 -1
963 991 1
922 945 1
948 1043 1
1040 948 -1
998 1023 1
967 1012 1
929 950 1
1049 1018 -1
995 1021 1
931 950 1
1025 1010 1
930 1029 1
1031 1041 1
1014 945 1
946 930 1
1018 977 -1
998 962 1
926 948 1
967 921 1
1038 988 1
1048 1042 -1
935 1014 1
1000 1043 1
1026 1001 1
973 982 -1
1025 1017 1
973 980 1
1020 1001 1
960 1019 1
924 1000 1
1003 971 1
987 984 -1
1003 918 1
995 1016 1
931 944 1
944 1020 1
998 990 -1
924 929 1
998 974 1
973 999 1
952 964 1
1014 998 1
943 948 1
924 956 -1
940 958 1
1014 956 1
1018 1029 1
962 999 1
959 945 1
1018 948 -1
991 1027 -1
918 951 1
1033 963 1
944 967 1
951 994 1
936 974 1
1017 1041 -1
937 960 1
982 996 1
998 969 1
1047 931 1
946 970 1
1015 984 -1
976 960 1
1033 1029 1
1003 950 1
978 1000 1
1048 997 1
992 1020 1
1031 994 1
940 1031 1
1035 964 1
967 961 1
978 929 1
946 956 1
1032 948 1
1033 974 1
970 977 1
987 996 1
940 1010 1
1032 974 1
951 1000 1
940 929 1
993 995 1
972 930 -1
929 1016 1
958 967 1
951 1010 1
1041 974 1
1028 929 1
951 929 1
930 957 1
988 925 1
1037 991 1
986 945 1
998 981 1
978 946 1
998 1049 1
944 929 1
1027 1029 1
979 1021 1
998 957 1
940 1018 1
1034 934 1
1025 1007 1
1014 928 1
1010 1043 1
973 984 -1
1021 1016 1
960 1016 1
1015 977 1
974 999 1
995 1012 1
940 920 1
1035 1041 1
1042 1043 1
967 1010 1
937 943 1
944 1011 1
930 1015 1
958 1031 1
967 997 1
992 1031 1
998 1012 1
1048 981 1
918 987 1
939 1023 1
937 991 1
1015 1020 1
966 986 1
958 929 1
988 1011 1
960 970 1
967 1017 1
918 1035 1
938 1010 1
926 1001 1
929 960 1
1033 960 1
1023 974 1
978 930 1
953 1001 1
973 941 -1
963 1027 1
1025 1037 1
1003 1016 1
958 974 -1
921 949 -1
973 995 1
1003 931 1
1003 1020 1
1025 926 1
1014 974 1
958 1011 1
951 1021 1
962 995 1
938 1042 1
951 964 1
960 999 1
995 991 1
998 977 1
922 959 1
939 941 -1
934 1016 1
944 1021 1
918 1020 -1
931 1029 1
1024 941 -1
998 965 1
966 1031 1
998 984 1
995 1039 1
1000 977 -1
1028 1016 1
1025 958 1
1025 1035 -1
976 1027 1
937 962 1
966 929 1
973 997 -1
1021 983 1
1049 1036 -1
998 1039 1
944 1016 1
967 964 1
1046 965 1
936 965 1
918 941 -1
936 984 1
972 970 1
946 995 1
930 953 1
1015 1022 1
937 1049 -1
987 926 1
1033 996 1
1025 925 1
966 1011 1
1035 1000 1
976 1028 1
1014 1025 -1
1011 1029 1
973 1043 -1
1047 945 1
1014 961 1
940 1037 1
976 993 1
1015 971 1
930 1019 -1
925 1017 1
1015 1011 1
958 1016 1
994 1001 1
987 981 1
995 947 -1
972 925 1
923 1043 -1
951 926 1
992 1007 1
1028 960 1
943 960 1
1027 996 1
929 923 1
1047 998 1
1037 1027 1
998 924 1
961 996 1
940 952 1
940 987 -1
973 1014 1
1008 1028 1
966 964 1
924 991 1
991 982 1
927 1010 1
921 1029 1
951 1001 1
1025 968 1
998 1042 1
973 996 1
928 963 1
1033 962 1
1041 1020 -1
980 961 1
1033 1019 -1
958 996 -1
946 988 1
940 925 1
998 1043 1
987 956 -1
1018 917 1
927 1011 1
930 937 1
976 994 1
1038 965 1
998 926 1
1010 957 1
997 960 1
924 945 1
943 1027 -1
973 987 1
1042 957 1
987 977 1
940 1036 1
1025 956 1
928 974 1
959 1022 1
964 1016 1
1011 994 1
1011 934 1
1033 1041 1
930 994 1
1017 1016 1
979 998 1
1003 1007 1
998 942 1
1017 1020 1
998 1004 1
940 1035 1
922 1045 -1
988 996 1
1032 1043 1
1037 948 1
1033 926 1
927 964 1
1046 981 1
936 981 1
937 977 1
1031 991 1
998 1005 1
1047 1027 1
973 944 1
1014 964 1
938 925 1
985 1017 1
987 927 1
1027 1041 1
936 993 -1
1024 999 -1
921 960 1
951 945 1
930 929 1
960 952 1
930 956 -1
924 943 1
981 1029 1
987 999 1
925 1020 1
978 998 1
935 1015 1
963 1001 1
978 1033 1
946 950 1
937 1039 1
1033 994 1
998 930 1
931 1027 1
928 994 1
1003 951 1
939 924 1
951 956 1
1037 1000 1
1042 1039 1
966 925 1
1037 1010 1
951 999 1
1025 984 -1
1037 929 1
998 1045 1
931 1013 1
924 977 -1
935 976 1
927 1037 1
973 931 1
973 1020 1
1027 994 1
1033 929 1
972 951 1
1032 938 1
965 1016 1
1037 1011 1
1023 982 1
927 960 1
973 1019 1
931 1032 1
943 959 1
998 970 1
927 951 1
1029 1041 1
922 986 1
937 924 1
978 980 1
929 977 1
1025 1040 -1
991 1022 1
973 958 1
998 980 1
933 996 -1
1038 1004 1
998 956 1
948 975 1
1011 984 1
1027 1006 1
925 1029 1
924 974 1
924 921 1
1014 958 1
998 999 1
924 993 1
995 1006 1
918 1027 -1
1035 924 -1
930 1006 1
995 1010 1
978 1027 1
922 1043 1
1025 965 1
1025 1048 -1
1037 1021 1
940 946 1
994 974 1
1048 929 -1
1037 964 1
1037 1001 1
924 959 1
972 1027 1
941 1000 -1
1010 926 1
1014 1031 1
987 995 1
931 994 1
995 1011 1
931 934 1
930 1011 1
1033 956 1
1021 948 1
1010 1019 1
966 974 1
944 1005 1
941 1018 -1
1043 964 1
922 1018 1
926 996 1
1032 960 1
979 986 1
1021 994 1
1026 926 1
1015 974 1
939 948 -1
987 936 1
929 1010 1
930 991 -1
931 978 1
946 991 -1
1027 1021 1
987 933 1
931 929 1
1032 967 1
991 945 1
920 1041 1
1014 920 1
1000 999 1
993 1015 1
948 1006 1
944 977 1
1025 1018 -1
944 972 1
1048 1041 1
1008 967 1
931 1011 1
931 946 1
1011 1043 1
978 948 1
1037 960 1
946 922 1
980 929 1
988 977 1
1003 969 1
972 948 1
924 1010 1
1047 964 1
1025 969 1
1042 929 1
998 921 1
981 964 1
966 1049 1
987 988 1
922 974 1
981 1027 1
998 1040 -1
958 999 -1
998 995 1
973 960 1
953 1027 1
927 974 1
993 1026 1
1010 977 1
1014 999 1
958 972 1
938 1027 1
1020 1006 1
939 999 1
1046 921 1
1031 986 1
952 1012 1
1048 948 1
1010 984 1
967 1028 1
936 995 1
929 1001 1
1010 1020 1
931 1021 1
976 945 1
1037 925 1
998 1033 1
993 1041 -1
1025 950 1
963 974 1
973 998 1
998 1002 1
1024 960 1
978 1010 1
995 1045 1
1047 917 1
1003 946 1
998 933 1
938 1028 1
1025 946 1
959 974 1
994 984 1
1044 1001 1
931 1016 1
1032 995 1
941 1021 1
1023 1043 1
930 945 1
946 960 1
1021 964 1
1021 1001 1
1029 1016 1
920 1000 1
960 1001 1
944 1006 1
937 999 1
940 1025 1
978 1011 1
1046 933 1
966 977 1
967 962 1
924 1045 -1
995 952 1
1014 1037 1
1031 1010 1
1010 999 1
1011 1021 1
945 948 -1
928 929 1
944 1017 1
940 1043 1
941 1016 1
998 952 1
998 988 1
925 1027 1
1024 1027 -1
993 974 1
1025 1021 1
949 1010 1
929 1045 1
1023 1004 1
958 924 1
1011 1016 1
987 1023 1
973 1032 -1
995 925 1
931 1037 1
992 924 1
1003 922 1
963 960 1
967 934 1
944 926 1
1024 943 1
971 1043 1
971 1027 -1
950 1027 1
931 960 1
998 997 1
998 1034 1
924 917 1
943 1022 1
1025 1016 1
926 1005 1
930 943 1
964 990 -1
992 1042 1
1025 1020 1
1023 1007 1
998 996 1
973 1027 1
980 1037 1
1033 988 1
972 922 1
1017 948 1
922 996 1
973 1036 1
1029 983 1
1037 974 1
969 945 1
944 1001 1
925 959 1
958 926 1
1017 961 1
967 982 1
929 956 1
992 926 1
967 1019 1
972 1016 1
928 1021 1
953 929 1
928 956 1
967 981 1
1014 991 1
1024 963 1
943 1000 1
973 993 1
1000 952 1
1043 999 1
981 1011 1
924 990 1
966 1042 1
938 981 1
992 942 1
958 1001 1
979 1035 -1
951 917 1
942 1007 1
946 1027 1
937 995 1
1015 1042 1
940 1045 1
987 1025 -1
918 937 -1
968 967 1
978 960 1
925 934 1
940 1016 1
1023 952 1
946 1029 1
950 948 1
995 974 1
969 943 1
971 961 -1
930 974 1
1003 1042 1
957 1027 1
943 945 1
1017 1011 1
930 993 1
940 970 1
1031 1045 1
1046 944 1
1000 971 1
980 991 1
1049 1031 1
944 951 1
967 922 1
992 930 1
1007 1020 1
973 1011 -1
1003 926 1
931 953 1
927 924 1
926 999 1
1033 1023 1
930 959 1
1031 951 1
946 959 1
1048 960 1
967 965 1
944 952 1
962 960 1
967 1016 1
931 963 1
967 984 1
1021 923 1
981 1016 1
998 985 1
960 1044 -1
1021 945 1
944 980 1
931 998 1
925 942 1
932 1027 1
1028 925 1
1025 933 -1
937 952 1
1022 1041 1
967 970 1
969 1027 1
932 1036 1
1042 960 1
1032 1039 1
929 974 1
1017 1001 1
1046 985 1
930 986 1
920 1043 1
944 925 1
946 948 1
987 971 1
958 952 1
946 961 1
960 1029 1
976 998 1
995 957 1
950 1011 1
965 1010 1
1046 931 1
998 1008 1
932 1028 1
980 956 1
957 1020 1
1010 956 1
948 974 1
1025 995 1
941 1049 -1
1021 974 1
1027 1012 1
998 941 1
992 956 1
939 930 -1
918 1042 1
993 1019 -1
1047 960 1
928 1044 1
973 946 1
1003 963 1
925 1021 1
1029 952 1
1024 929 1
966 931 1
978 945 1
928 991 1
992 960 1
969 959 1
994 956 1
944 1035 1
1025 930 1
1049 999 1
1041 984 1
930 1010 1
994 999 1
946 1010 1
921 945 1
1022 994 1
1042 996 1
987 1024 -1
946 982 1
925 1016 1
1025 1049 -1
1003 1038 1
998 938 1
1033 1008 1
949 974 -1
929 957 1
946 1017 1
968 1016 1
995 977 1
1010 1030 -1
930 971 1
966 956 1
1046 991 -1
1019 974 1
966 999 1
998 922 1
960 961 1
922 977 1
963 1031 1
938 1043 1
940 995 1
931 1012 1
1025 952 1
1032 937 1
1046 1025 1
1025 1000 -1
998 920 1
1003 929 -1
920 1049 -1
951 995 1
922 984 1
1048 1029 1
1046 922 1
958 1023 1
1047 991 1
1033 1010 1
998 968 1
951 952 -1
1049 1027 -1
1033 997 1
957 1011 1
1040 1045 -1
1028 959 1
967 1004 1
1014 984 1
943 1044 1
1033 1017 1
1007 945 1
929 996 1
968 960 1
918 930 1
946 964 1
943 991 1
967 995 1
987 1019 1
1025 1027 1
1024 924 1
931 965 1
962 959 1
973 1003 -1
1008 1027 1
979 1014 1
924 1040 -1
922 999 1
1014 939 1
960 996 1
998 960 1
938 995 1
993 929 1
960 971 1
931 1039 1
974 964 1
993 956 -1
1042 959 1
998 932 1
998 949 -1
921 1027 1
926 956 1
1000 945 -1
1032 936 1
973 967 1
995 1042 1
992 1033 1
936 945 1
1033 964 1
986 999 -1
951 989 1
924 1013 1
963 999 1
956 1030 -1
941 1039 1
998 1015 1
930 1037 1
922 923 -1
991 974 -1
966 995 1
919 917 1
1042 961 1
1015 923 1
998 1024 1
946 937 1
995 1019 1
967 952 1
960 1027 1
940 1027 1
931 1010 1
1027 1045 -1
1035 948 1
1003 1039 1
944 1034 1
987 1028 1
1035 974 1
932 1016 1
973 1033 -1
951 1036 1
946 967 1
937 1031 1
1003 921 1
995 942 1
930 1035 -1
1013 1011 1
988 997 1
928 1041 1
940 1013 1
962 929 1
1008 986 1
962 982 1
976 1031 1
979 962 1
969 924 1
987 968 1
941 1010 1
976 1046 1
1036 952 1
986 956 1
980 1010 1
1025 934 1
1033 1037 1
922 1001 1
929 926 1
960 975 1
960 1041 1
1011 1006 1
931 926 1
998 923 1
951 955 1
937 922 1
965 1011 1
1000 949 -1
1031 1013 1
998 928 1
1003 1033 1
1015 1045 1
1033 951 1
929 1019 1
980 1042 1
998 953 1
922 995 1
940 972 1
1018 956 1
935 998 1
946 929 1
997 996 1
1025 1006 1
927 995 1
1008 1031 1
918 1033 -1
998 963 1
998 1036 1
940 944 1
1033 958 1
1033 1035 -1
939 960 1
980 926 1
974 1043 1
967 1035 1
987 960 1
939 945 1
931 964 1
998 1029 1
1003 1008 1
1000 1027 -1
970 994 1
1038 998 1
992 987 1
998 1013 1
1024 945 1
1003 941 1
932 967 1
1008 1017 1
929 1005 1
998 1028 1
1025 1011 1
951 948 1
1014 930 1
1033 925 1
917 990 1
921 1010 1
1020 1043 1
998 993 1
924 950 1
941 964 1
960 994 1
982 1027 -1
977 1016 1
944 1048 1
920 1010 1
972 1008 1
991 996 -1
1032 984 -1
943 1041 1
1039 984 1
998 959 1
1024 956 1
1014 1045 1
1036 1041 1
922 951 1
1027 956 1
1011 964 1
1011 1001 1
1023 1019 1
993 1001 1
1014 931 1
978 926 1
1031 1018 -1
939 1027 -1
1027 999 1
931 936 1
944 1042 1
982 952 1
922 952 1
946 1021 1
995 956 1
918 998 1
1012 1016 1
1033 1028 1
995 999 1
1031 1042 1
930 999 1
930 1049 -1
1025 1001 1
1014 952 1
946 1049 -1
1044 948 -1
995 960 1
998 948 1
1031 1043 1
951 982 1
992 1030 1
960 950 1
1025 945 -1
1035 965 1
946 1016 1
998 961 1
986 995 1
960 1011 1
948 1045 1
998 994 1
998 934 1
1021 1045 1
951 1016 -1
967 1006 1
939 928 1
1046 960 1
944 942 1
1036 934 1
931 927 1
1032 1010 -1
1025 1032 1
927 971 1
974 1016 1
1042 926 1
1037 995 1
973 1012 1
997 1020 1
929 999 1
931 999 1
998 1000 1
993 960 1
1033 941 -1
986 1045 1
931 925 1
1041 948 1
993 945 1
998 982 1
1025 1024 -1
924 970 1
924 1015 -1
1003 944 1
960 1021 1
992 1008 1
953 1042 1
948 956 1
1021 956 1
925 948 1
972 999 -1
970 1020 1
944 938 1
946 957 1
1025 943 -1
928 1007 1
948 999 1
937 1040 -1
940 922 1
998 946 1
941 1043 1
951 977 1
1027 974 1
937 1027 1
1031 1021 1
1025 967 1
966 1020 1
937 1036 1
945 990 -1
951 984 1
989 1010 1
1033 982 1
930 921 1
944 920 1
939 1031 -1
919 987 -1
973 948 1
1010 1029 1
981 1004 1
1037 952 1
998 1030 1
973 961 1
958 948 -1
925 1010 1
941 1011 1
995 1036 1
992 1025 1
995 1044 1
928 951 1
1023 957 1
978 999 1
1026 1027 1
986 996 1
982 994 1
992 922 1
1047 995 1
962 945 1
981 995 1
929 989 1
1031 970 1
956 1043 1
920 927 1
926 1007 1
937 959 1
941 1044 -1
969 1049 1
987 997 1
965 1023 1
954 948 -1
940 960 1
1049 1042 1
967 956 -1
944 999 1
1025 921 -1
1042 945 1
959 948 1
931 974 1
946 1039 1
965 1019 -1
944 960 1
973 1010 1
940 973 1
1035 1005 1
973 1001 -1
1027 952 1
1017 1005 1
956 974 -1
940 998 1
988 960 1
1032 964 1
1032 1027 1
995 1000 -1
1015 1001 1
1042 956 1
951 1042 1
926 1020 1
933 938 -1
930 962 1
1046 1032 1
1042 999 1
1033 965 1
966 920 1
1015 922 1
927 941 1
925 964 1
958 960 1
946 1019 -1
993 990 -1
998 937 1
924 1007 1
987 946 1
995 997 1
1017 977 1
1026 948 1
998 991 -1
930 997 1
1013 942 1
1049 995 1
960 991 1
969 984 1
994 945 1
998 1022 1
1035 1016 1
945 977 1
998 967 1
979 1047 1
1008 974 1
998 983 1
931 951 1
1015 956 -1
970 945 1
931 957 1
995 971 1
952 999 1
967 1043 1
993 1031 -1
953 999 1
998 1025 1
973 964 1
1023 1027 1
1046 967 1
978 995 1
958 1027 -1
966 960 1
940 928 1
960 945 1
1014 1027 1
1046 994 1
980 957 1
978 1036 1
948 952 1
1011 961 1
1021 952 1
924 951 1
920 941 -1
944 995 1
920 995 1
1017 999 1
924 952 1
950 977 1
1031 995 1
946 981 1
940 1029 1
1035 960 1
1049 951 1
1014 987 1
1004 984 1
963 922 1
1004 1016 1
973 1041 1
1003 960 1
987 1016 1
998 950 1
1023 1041 1
1025 961 1
998 936 1
1025 971 -1
1048 995 1
944 1036 1
931 996 1
1013 984 1
950 984 1
1046 929 1
967 1044 -1
1025 957 1
938 1011 1
969 997 1
988 1027 1
944 1033 1
956 996 -1
978 971 -1
946 1005 1
1003 988 1
958 995 1
917 994 1
977 1006 -1
967 938 1
1032 1031 1
944 1028 1
969 1042 1
1003 998 1
1024 1041 1
984 964 -1
972 960 1
994 1041 -1
1010 1027 1
998 945 1
918 952 -1
1003 1015 1
958 963 1
992 1027 1
968 1015 1
1032 929 1
967 1029 1
1025 1015 1
922 1007 1
1042 977 1
946 1032 1
943 1023 1
1033 981 1
920 951 1
988 975 1
998 927 1
1003 1024 1
1023 1011 -1
1047 974 1
950 999 1
938 1029 1
924 986 -1
1033 946 1
973 927 1
989 1018 1
931 1023 1
1032 1011 1
1003 996 1
958 1028 1
1003 943 1
938 974 1
994 1029 1
956 964 -1
1031 1000 -1
1010 1041 1
942 952 1
1027 1019 1
940 961 1
1005 1020 1
1000 929 1
930 1020 1
1011 1039 1
925 1011 1
943 990 -1
1031 929 -1
943 974 1
982 1043 1
1014 1042 1
998 1016 1
1025 924 -1
966 1027 1
958 1043 -1
995 970 1
969 1005 1
1025 975 -1
941 962 1
1028 996 1
998 1026 1
973 929 1
1025 1039 1
1038 929 1
1033 1021 1
918 967 1
924 1006 -1
971 1018 -1
946 958 1
960 1012 1
949 956 1
937 1022 1
918 954 -1
988 994 1
976 924 1
921 984 1
1025 953 1
1024 1031 1
967 960 1
1032 999 1
966 1038 1
919 998 -1
1049 924 -1
1033 1016 1
969 930 1
929 1020 1
918 1043 1
987 991 1
931 1020 1
963 1019 1
1010 994 1
1014 1011 1
938 960 1
978 1023 1
920 1035 1
958 994 1
1025 1019 -1
960 977 1
994 948 1
976 979 1
1000 1021 1
1043 1016 1
929 970 1
1003 958 -1
970 948 1
1025 990 -1
957 999 1
931 981 1
969 1020 1
1003 993 1
975 977 -1
927 1027 1
944 946 1
1027 1016 1
927 1036 1
1025 1041 1
995 945 -1
945 1045 1
982 1021 1
930 1018 1
1040 1027 -1
1014 938 1
940 1039 1
946 1011 1
1003 959 1
974 1006 1
958 982 1
920 962 1
1048 1023 1
962 964 1
972 974 1
967 996 1
926 1027 1
998 939 -1
928 962 1
992 1003 1
1047 922 1
936 1012 1
1042 950 1
987 998 1
991 1045 1
1015 960 1
937 923 1
1008 926 1
931 938 1
1025 937 1
963 1029 1
993 989 1
937 945 1
998 1044 1
925 960 1
945 956 1
1003 961 1
1048 941 -1
1003 1018 -1
1024 995 1
960 1006 1
998 1009 1
931 922 1
960 1010 1
940 924 1
939 1012 -1
967 953 1
973 1037 1
976 930 1
1038 1037 1
967 1027 1
960 1017 1
931 968 1
973 971 -1
946 1007 1
1042 1021 1
992 964 1
922 960 1
927 961 1
973 957 1
958 985 1
1003 1010 1
967 1013 1
924 922 1
1014 960 1
973 952 1
960 926 1
976 931 1
944 941 1
963 956 1
1027 1043 1
994 964 1
978 1031 1
961 1043 1
953 948 1
998 1019 -1
940 937 1
1049 922 1
921 1005 1
1032 1028 1
967 993 1
1029 956 1
972 1031 1
940 1019 1
967 1041 1
1024 951 1
930 1045 1
998 947 -1
946 1037 1
959 996 -1
929 945 1
972 929 1
1033 995 1
1046 998 1
927 1000 1
959 960 1
1026 1016 1
977 1043 1
960 964 1
960 1004 1
930 951 1
1024 989 1
1020 1016 1
918 960 1
946 951 1
1041 945 1
998 1017 1
920 938 1
937 928 1
931 932 1
1049 956 -1
976 999 1
921 999 -1
962 1031 1
998 943 1
1027 975 -1
946 952 1
1037 1028 1
943 1042 1
1015 1027 1
969 995 1
974 1045 1
999 1016 1
944 1025 1
991 1023 1
987 1041 1
1025 1030 1
973 991 1
991 984 -1
960 1007 1
995 1041 -1
973 1048 -1
945 974 1
946 980 1
981 1019 1
1025 927 1
1000 960 1
1033 1049 -1
1003 964 1
987 959 1
968 964 1
1031 922 1
1031 945 -1
958 1022 1
1010 983 1
946 925 1
992 967 1
958 983 1
1025 999 1
926 1011 1
986 960 1
943 1019 1
1026 960 1
934 964 1
1008 999 1
995 1027 1
1019 964 1
932 1037 1
973 953 1
1048 968 1
998 1027 1
1033 952 1
995 1029 1
987 948 1
987 986 1
932 960 1
922 1027 1
928 970 1
1018 1011 -1
1015 1031 -1
991 1044 1
967 929 1
940 945 1
995 1028 1
926 1030 1
982 1019 -1
931 1041 -1
978 924 1
987 934 1
938 1031 1
992 978 1
1049 1043 1
938 1000 1
993 922 -1
966 967 1
1014 1033 1
938 929 1
931 995 1
1014 986 -1
958 936 1
1032 1049 1
998 1032 1
998 975 1
937 948 1
998 1041 1
964 1006 1
998 917 1
973 975 1
1033 1027 1
1025 1036 -1
960 956 1
940 956 1
979 958 1
946 1023 1
959 1027 1
924 1018 1
926 1016 1
1003 991 -1
925 961 1
1048 952 -1
987 1010 1
998 972 1
1025 991 -1
987 982 1
966 1043 1
1049 974 -1
944 998 1
1035 1022 1
929 948 -1
1007 1030 1
941 995 1
1048 932 1
1037 982 1
972 1037 1
958 945 1
959 1013 1
987 1017 1
998 1020 1
995 948 1
967 1030 1
931 1028 1
951 1006 1
995 961 1
940 1026 1
1015 1000 1
924 963 1
1031 925 1
998 986 1
976 1033 1
942 1043 1
1014 929 -1
1015 929 1
954 995 1
937 1010 1
1025 939 -1
998 1018 -1
993 977 1
924 1021 1
924 1029 1
1047 999 1
998 958 1
1048 1027 -1
1000 1029 1
960 1018 1
981 999 1
1009 1028 1
1008 995 1
927 967 1
998 954 -1
946 969 1
922 994 1
951 1011 1
981 960 1
986 1044 1
991 1017 1
953 960 1
931 988 1
1033 932 -1
943 956 1
957 1030 1
927 1042 1
941 951 1
1013 1022 1
1004 1001 1
1000 1041 1
987 1045 -1
998 1031 1
930 1001 -1
998 1006 1
998 1010 1
922 1000 1
1028 1027 1
998 929 1
922 929 1
966 930 1
1031 1044 -1
1042 952 1
959 1018 -1
963 1042 1
1033 934 1
982 956 -1
1014 1000 1
982 1041 1
1035 945 1
1011 952 1
967 1037 1
940 1012 1
919 967 -1
967 926 1
1046 1010 1
948 961 1
960 974 1
1021 961 1
998 1011 1
1027 1039 1
944 1029 1
996 1001 1
965 1017 1
958 928 1
963 1000 1
939 1041 1
987 1032 1
1015 999 1
936 1017 1
1019 945 1
963 929 1
1033 1006 1
929 982 1
1022 990 1
1003 956 1
958 984 -1
1000 994 1
1042 1027 1
1008 980 1
1003 999 1
967 1001 1
1003 1049 -1
1049 960 1
984 996 1
1048 1028 1
987 1037 1
1011 996 1
940 991 1
995 964 1
981 975 -1
940 1009 1
1014 1039 1
1032 1042 1
1024 984 1
1044 964 -1
1033 1011 1
998 1021 1
930 922 1
1031 959 1
998 964 1
998 1001 1
946 977 1
937 917 1
922 1021 1
972 956 1
1035 943 1
1017 1029 -1
932 981 1
927 930 1
995 1013 1
1013 1007 1
1008 996 1
1028 948 1
987 967 1
1049 1015 1
987 958 1
987 1035 -1
1046 1001 1
960 957 1
951 960 1
981 1036 1
998 1007 1
967 936 1
944 961 1
993 950 1
931 921 1
1023 1006 1
927 1016 1
986 929 1
995 917 1
931 1030 1
1018 945 -1
973 932 1
1032 950 1
1035 928 1
1039 974 1
992 991 1
929 964 1
1042 1006 -1
929 1027 1
1037 1043 1
922 970 1
942 957 1
1026 977 1
937 1018 -1
1010 948 1
946 1024 -1
924 1041 -1
924 1039 1
1025 1023 1
963 984 1
1042 948 1
918 999 1
998 1037 1
1024 967 1
927 980 1
1034 961 1
992 945 1
973 926 1
998 971 -1
944 1010 1
1013 970 1
996 1043 1
967 988 1
1004 1011 1
1042 994 1
998 951 1
956 984 -1
1037 942 1
930 967 1
1024 1042 1
929 1041 1
1033 1032 1
929 917 1
1036 960 1
988 1010 1
1022 956 1
