vertices: 90 edges: 3204
1 2 -1
1 4 -1
1 11 -1
1 15 -1
1 16 -1
1 18 -1
1 19 -1
1 21 -1
1 26 1
1 27 1
1 29 -1
1 32 1
1 33 -1
1 34 -1
1 35 1
1 39 -1
1 40 -1
1 43 -1
1 45 1
1 49 1
1 54 -1
1 55 -1
1 56 -1
1 59 -1
1 60 -1
1 75 -1
1 76 -1
1 77 -1
1 79 -1
1 85 -1
1 86 -1
1 88 -1
1 90 -1
2 4 -1
2 6 1
2 7 -1
2 9 -1
2 10 -1
2 13 -1
2 14 1
2 15 -1
2 21 -1
2 33 -1
2 38 -1
2 45 -1
2 50 -1
2 54 -1
2 55 -1
2 58 -1
2 61 -1
2 62 -1
2 65 -1
2 66 1
2 70 -1
2 71 1
2 73 -1
2 74 -1
2 75 -1
2 84 -1
2 87 -1
3 1 -1
3 2 -1
3 4 -1
3 5 -1
3 6 -1
3 7 -1
3 8 -1
3 9 -1
3 14 -1
3 18 -1
3 19 -1
3 23 1
3 25 -1
3 27 -1
3 29 -1
3 33 -1
3 34 1
3 35 -1
3 37 -1
3 38 -1
3 40 -1
3 41 1
3 42 -1
3 43 -1
3 46 -1
3 48 -1
3 51 -1
3 54 1
3 56 -1
3 58 1
3 64 -1
3 65 -1
3 66 -1
3 67 -1
3 68 1
3 69 -1
3 70 1
3 73 -1
3 74 -1
3 75 -1
3 76 -1
3 80 -1
3 83 -1
3 85 -1
3 87 -1
3 90 -1
4 5 -1
4 6 -1
4 8 1
4 9 1
4 12 -1
4 15 -1
4 16 -1
4 18 -1
4 19 -1
4 20 -1
4 21 1
4 23 -1
4 24 -1
4 26 -1
4 31 -1
4 32 -1
4 33 -1
4 34 -1
4 36 1
4 37 -1
4 40 -1
4 43 -1
4 44 -1
4 49 1
4 52 -1
4 53 1
4 59 -1
4 60 1
4 66 1
4 68 1
4 73 -1
4 74 1
4 75 -1
4 76 1
4 77 -1
4 78 -1
4 82 -1
4 86 -1
5 1 -1
5 2 -1
5 8 1
5 9 -1
5 10 1
5 13 -1
5 15 -1
5 16 -1
5 21 -1
5 22 -1
5 24 -1
5 30 1
5 32 -1
5 33 1
5 34 -1
5 35 -1
5 38 -1
5 40 1
5 42 1
5 43 1
5 44 -1
5 49 -1
5 50 1
5 51 -1
5 53 1
5 56 -1
5 57 1
5 59 -1
5 61 -1
5 63 1
5 64 -1
5 70 -1
5 71 -1
5 72 1
5 74 -1
5 76 -1
5 81 -1
5 82 -1
5 84 -1
5 88 -1
5 90 -1
6 10 1
6 13 -1
6 14 -1
6 17 -1
6 19 -1
6 21 -1
6 22 -1
6 23 -1
6 24 1
6 30 -1
6 31 -1
6 33 -1
6 35 -1
6 38 1
6 42 -1
6 43 -1
6 44 1
6 45 1
6 47 -1
6 49 -1
6 53 -1
6 55 -1
6 58 -1
6 62 -1
6 64 -1
6 65 -1
6 67 -1
6 68 -1
6 70 -1
6 71 -1
6 72 -1
6 73 1
6 74 -1
6 75 -1
6 78 -1
6 79 -1
6 80 -1
6 81 -1
6 82 -1
6 85 -1
6 86 -1
6 89 -1
6 90 1
7 4 -1
7 5 1
7 10 -1
7 12 -1
7 13 -1
7 16 -1
7 19 -1
7 21 -1
7 22 -1
7 23 -1
7 24 -1
7 27 -1
7 29 -1
7 30 -1
7 31 -1
7 34 -1
7 37 1
7 39 -1
7 40 -1
7 42 -1
7 46 -1
7 47 -1
7 54 -1
7 60 -1
7 61 1
7 63 -1
7 66 -1
7 70 -1
7 72 -1
7 76 -1
7 79 1
7 80 -1
7 81 1
7 83 -1
8 2 -1
8 7 -1
8 21 1
8 24 1
8 25 -1
8 26 -1
8 29 1
8 30 1
8 32 -1
8 33 1
8 40 -1
8 42 -1
8 44 -1
8 52 -1
8 55 -1
8 58 -1
8 59 -1
8 61 1
8 64 -1
8 66 1
8 67 1
8 68 1
8 71 -1
8 72 -1
8 74 -1
8 76 1
8 80 -1
8 81 1
8 83 1
8 87 -1
8 89 -1
9 6 -1
9 7 -1
9 8 -1
9 14 -1
9 23 1
9 25 -1
9 26 -1
9 28 -1
9 32 -1
9 35 -1
9 36 -1
9 39 -1
9 42 1
9 45 -1
9 47 -1
9 48 -1
9 51 -1
9 52 -1
9 63 -1
9 68 1
9 69 -1
9 70 -1
9 71 1
9 74 1
9 80 -1
9 83 -1
10 1 -1
10 3 -1
10 4 1
10 8 -1
10 9 -1
10 18 -1
10 20 -1
10 21 -1
10 25 -1
10 27 -1
10 28 1
10 29 -1
10 40 -1
10 41 -1
10 42 -1
10 50 -1
10 57 1
10 59 -1
10 61 -1
10 65 1
10 66 -1
10 67 -1
10 68 -1
10 69 -1
10 70 -1
10 71 -1
10 75 -1
10 76 -1
10 77 -1
10 79 -1
10 82 -1
10 87 -1
10 89 -1
11 3 1
11 4 -1
11 5 -1
11 6 1
11 8 -1
11 10 -1
11 15 -1
11 16 -1
11 18 -1
11 22 1
11 23 -1
11 24 -1
11 25 -1
11 26 1
11 27 -1
11 28 -1
11 29 -1
11 30 -1
11 31 -1
11 38 -1
11 42 -1
11 43 -1
11 44 1
11 45 1
11 46 -1
11 48 -1
11 49 -1
11 52 -1
11 54 -1
11 57 -1
11 60 -1
11 66 1
11 68 -1
11 71 -1
11 73 -1
11 75 -1
11 76 -1
11 83 -1
11 86 -1
11 88 -1
11 90 1
12 6 -1
12 8 -1
12 9 -1
12 10 -1
12 13 -1
12 16 -1
12 22 -1
12 27 1
12 31 -1
12 35 -1
12 36 -1
12 40 -1
12 41 -1
12 42 -1
12 44 -1
12 45 1
12 46 -1
12 47 -1
12 51 1
12 52 -1
12 53 -1
12 54 -1
12 55 -1
12 56 -1
12 58 -1
12 65 1
12 68 1
12 73 -1
12 74 -1
12 77 -1
12 80 -1
12 82 1
12 87 -1
12 88 -1
12 89 1
13 1 -1
13 3 -1
13 8 -1
13 14 -1
13 18 1
13 19 -1
13 20 -1
13 21 -1
13 24 -1
13 27 -1
13 28 -1
13 30 -1
13 32 1
13 36 -1
13 46 -1
13 47 -1
13 52 -1
13 54 -1
13 63 -1
13 64 -1
13 65 1
13 67 -1
13 71 -1
13 72 -1
13 73 -1
13 80 -1
13 89 -1
14 1 -1
14 4 -1
14 5 -1
14 7 -1
14 8 1
14 10 -1
14 11 -1
14 15 -1
14 16 1
14 18 -1
14 20 -1
14 23 1
14 28 -1
14 30 -1
14 32 -1
14 35 -1
14 36 -1
14 42 -1
14 43 -1
14 49 -1
14 53 -1
14 54 -1
14 55 -1
14 59 -1
14 60 -1
14 61 1
14 63 -1
14 64 -1
14 65 -1
14 67 -1
14 69 -1
14 70 1
14 75 -1
14 78 -1
14 79 -1
14 82 -1
14 89 -1
15 3 -1
15 6 -1
15 7 -1
15 8 -1
15 10 -1
15 12 -1
15 13 -1
15 20 -1
15 21 -1
15 24 -1
15 25 -1
15 29 -1
15 30 1
15 31 -1
15 34 -1
15 37 1
15 39 -1
15 41 -1
15 45 -1
15 46 -1
15 47 -1
15 48 -1
15 49 1
15 52 -1
15 56 -1
15 57 -1
15 58 -1
15 60 -1
15 61 -1
15 64 1
15 65 -1
15 66 1
15 68 -1
15 77 -1
15 80 -1
15 82 -1
15 89 -1
16 3 1
16 6 -1
16 8 -1
16 9 -1
16 13 -1
16 18 -1
16 20 -1
16 22 1
16 24 -1
16 25 -1
16 29 -1
16 36 -1
16 38 -1
16 39 1
16 40 -1
16 41 -1
16 43 -1
16 48 -1
16 50 -1
16 51 -1
16 53 -1
16 54 -1
16 56 1
16 57 -1
16 58 -1
16 60 -1
16 63 -1
16 65 -1
16 67 1
16 68 -1
16 71 1
16 72 -1
16 73 -1
16 74 1
16 75 -1
16 77 -1
16 81 -1
16 82 1
17 1 -1
17 2 1
17 3 -1
17 4 -1
17 7 -1
17 9 -1
17 10 -1
17 12 -1
17 19 1
17 20 1
17 21 -1
17 22 1
17 28 -1
17 33 -1
17 35 1
17 39 -1
17 40 -1
17 42 1
17 43 -1
17 44 -1
17 45 -1
17 47 1
17 48 -1
17 51 1
17 54 1
17 57 -1
17 58 -1
17 60 -1
17 63 -1
17 66 -1
17 68 -1
17 70 -1
17 73 1
17 74 -1
17 78 -1
17 79 -1
17 84 -1
17 85 -1
17 86 -1
17 87 -1
17 90 -1
18 6 -1
18 8 -1
18 15 -1
18 19 -1
18 24 -1
18 31 -1
18 32 -1
18 34 -1
18 35 -1
18 38 -1
18 39 -1
18 42 -1
18 47 1
18 52 -1
18 53 -1
18 54 -1
18 56 -1
18 59 -1
18 61 -1
18 65 -1
18 66 -1
18 70 -1
18 72 -1
18 73 -1
18 76 -1
18 78 -1
18 86 1
18 88 -1
18 89 -1
18 90 1
19 5 -1
19 8 -1
19 9 -1
19 10 1
19 14 1
19 16 -1
19 23 -1
19 30 -1
19 37 1
19 38 -1
19 41 -1
19 42 -1
19 44 1
19 46 -1
19 49 -1
19 50 -1
19 53 -1
19 54 -1
19 55 -1
19 60 -1
19 61 -1
19 63 -1
19 64 -1
19 65 -1
19 66 1
19 70 -1
19 74 -1
19 75 -1
19 77 -1
19 79 -1
19 80 -1
19 81 1
19 84 -1
19 86 1
19 88 -1
20 1 -1
20 3 -1
20 5 1
20 6 -1
20 7 -1
20 11 1
20 12 -1
20 18 -1
20 19 -1
20 21 -1
20 23 -1
20 31 -1
20 32 -1
20 35 -1
20 36 -1
20 37 -1
20 39 -1
20 41 -1
20 44 -1
20 49 -1
20 50 -1
20 52 -1
20 54 -1
20 58 1
20 59 1
20 60 -1
20 61 -1
20 62 -1
20 67 1
20 68 1
20 69 -1
20 72 1
20 76 -1
20 77 1
20 85 -1
20 89 -1
21 3 1
21 9 -1
21 11 -1
21 14 -1
21 19 1
21 24 -1
21 25 -1
21 28 -1
21 30 -1
21 32 -1
21 33 -1
21 35 -1
21 39 1
21 41 -1
21 42 -1
21 46 1
21 56 -1
21 61 -1
21 63 -1
21 65 -1
21 66 -1
21 67 -1
21 69 -1
21 70 -1
21 74 -1
21 75 -1
21 78 -1
21 80 -1
21 82 -1
22 2 -1
22 4 -1
22 10 -1
22 13 -1
22 14 -1
22 18 -1
22 19 -1
22 20 1
22 21 -1
22 23 -1
22 28 1
22 30 -1
22 36 -1
22 40 -1
22 41 -1
22 46 1
22 47 -1
22 50 -1
22 53 -1
22 55 -1
22 58 -1
22 59 -1
22 68 -1
22 75 -1
22 80 -1
22 84 -1
22 87 -1
22 88 1
23 1 -1
23 2 -1
23 8 -1
23 10 1
23 12 1
23 13 -1
23 15 -1
23 16 1
23 17 -1
23 21 -1
23 24 -1
23 27 -1
23 28 -1
23 29 -1
23 32 1
23 33 -1
23 34 -1
23 39 -1
23 41 -1
23 42 -1
23 45 -1
23 46 -1
23 55 1
23 56 -1
23 58 1
23 59 1
23 61 -1
23 63 -1
23 66 -1
23 69 1
23 70 -1
23 71 -1
23 72 -1
23 73 -1
23 75 -1
23 77 -1
23 82 -1
23 83 -1
23 84 -1
23 85 1
23 86 1
23 87 1
24 1 -1
24 3 -1
24 9 -1
24 10 1
24 12 -1
24 17 1
24 19 1
24 20 -1
24 25 1
24 26 -1
24 31 -1
24 33 -1
24 35 -1
24 36 -1
24 41 1
24 43 1
24 44 1
24 46 -1
24 49 -1
24 51 -1
24 52 -1
24 60 -1
24 62 1
24 66 -1
24 69 -1
24 73 -1
24 77 -1
24 79 -1
24 81 -1
24 84 -1
24 87 1
24 88 -1
24 89 1
25 1 -1
25 5 -1
25 6 -1
25 7 -1
25 12 -1
25 13 -1
25 17 -1
25 18 -1
25 19 -1
25 22 -1
25 23 -1
25 26 -1
25 31 -1
25 32 -1
25 33 -1
25 40 -1
25 43 -1
25 47 -1
25 49 -1
25 51 -1
25 53 1
25 56 -1
25 58 -1
25 61 -1
25 65 -1
25 66 -1
25 67 1
25 68 -1
25 77 -1
25 79 -1
25 83 -1
25 84 -1
25 90 1
26 3 1
26 5 -1
26 6 -1
26 7 -1
26 10 1
26 12 -1
26 13 1
26 14 -1
26 17 -1
26 19 -1
26 20 -1
26 21 -1
26 22 -1
26 23 -1
26 36 1
26 43 -1
26 44 1
26 45 -1
26 46 -1
26 49 -1
26 51 -1
26 54 -1
26 56 -1
26 61 -1
26 62 -1
26 64 -1
26 66 -1
26 67 -1
26 69 -1
26 74 1
26 75 -1
26 76 -1
26 81 1
26 85 -1
26 86 -1
26 88 1
27 2 -1
27 4 -1
27 5 -1
27 8 -1
27 15 -1
27 17 -1
27 20 -1
27 22 -1
27 26 -1
27 28 -1
27 29 -1
27 30 -1
27 32 -1
27 34 1
27 36 -1
27 37 -1
27 38 -1
27 39 -1
27 41 -1
27 47 1
27 48 -1
27 57 -1
27 61 -1
27 62 -1
27 65 -1
27 66 -1
27 68 -1
27 69 -1
27 70 -1
27 71 -1
27 72 -1
27 74 -1
27 75 1
27 81 -1
27 83 -1
27 84 1
27 89 -1
27 90 -1
28 1 -1
28 2 -1
28 3 -1
28 5 -1
28 6 -1
28 7 1
28 12 -1
28 19 -1
28 20 -1
28 24 -1
28 30 -1
28 32 1
28 33 1
28 35 -1
28 36 -1
28 39 1
28 42 -1
28 44 -1
28 47 1
28 48 -1
28 50 -1
28 54 -1
28 55 -1
28 56 -1
28 58 1
28 59 -1
28 60 -1
28 67 -1
28 75 -1
28 78 -1
28 85 -1
28 86 -1
28 90 -1
29 5 -1
29 6 1
29 13 -1
29 17 -1
29 19 -1
29 21 -1
29 24 -1
29 25 -1
29 26 -1
29 28 -1
29 31 1
29 32 -1
29 33 1
29 34 -1
29 35 1
29 37 -1
29 39 -1
29 40 -1
29 42 -1
29 46 -1
29 50 -1
29 52 -1
29 53 -1
29 54 -1
29 55 -1
29 59 -1
29 63 -1
29 64 -1
29 67 -1
29 68 -1
29 69 -1
29 71 1
29 78 -1
29 85 -1
29 88 -1
29 89 -1
30 2 -1
30 3 -1
30 4 -1
30 9 -1
30 12 -1
30 16 -1
30 17 -1
30 18 -1
30 20 -1
30 23 -1
30 24 -1
30 25 1
30 26 -1
30 29 -1
30 32 -1
30 34 -1
30 38 1
30 42 -1
30 47 -1
30 50 -1
30 53 -1
30 58 -1
30 64 -1
30 65 -1
30 69 -1
30 70 -1
30 71 -1
30 72 -1
30 75 -1
30 80 -1
30 86 -1
30 88 1
31 1 -1
31 2 -1
31 3 -1
31 8 -1
31 9 -1
31 10 -1
31 17 1
31 21 -1
31 22 -1
31 23 -1
31 26 -1
31 28 -1
31 30 1
31 37 1
31 38 1
31 40 -1
31 42 -1
31 48 -1
31 52 -1
31 53 -1
31 54 1
31 55 -1
31 58 -1
31 62 -1
31 70 -1
31 71 -1
31 74 -1
31 77 -1
31 78 -1
31 89 -1
32 3 1
32 6 -1
32 7 -1
32 10 -1
32 11 1
32 16 -1
32 17 -1
32 22 1
32 26 -1
32 31 1
32 36 1
32 37 -1
32 39 -1
32 45 -1
32 47 -1
32 51 -1
32 60 -1
32 61 -1
32 63 -1
32 69 -1
32 70 1
32 71 -1
32 75 -1
32 78 1
32 79 1
32 80 -1
32 82 1
32 85 1
32 89 -1
32 90 -1
33 9 1
33 10 -1
33 11 -1
33 12 -1
33 13 -1
33 18 1
33 19 -1
33 20 -1
33 22 -1
33 30 -1
33 31 -1
33 37 -1
33 41 -1
33 43 -1
33 47 -1
33 49 -1
33 51 -1
33 56 -1
33 57 1
33 58 -1
33 59 -1
33 62 -1
33 63 1
33 64 -1
33 65 1
33 67 -1
33 70 -1
33 72 -1
33 73 -1
33 76 -1
33 78 1
33 82 1
33 84 -1
33 85 -1
33 88 -1
34 2 -1
34 8 -1
34 9 -1
34 10 1
34 11 1
34 13 1
34 16 -1
34 19 -1
34 20 -1
34 21 -1
34 22 -1
34 24 -1
34 26 -1
34 28 -1
34 31 -1
34 32 1
34 33 -1
34 35 -1
34 36 -1
34 38 -1
34 41 -1
34 45 -1
34 46 1
34 48 -1
34 51 1
34 52 1
34 56 -1
34 62 -1
34 67 1
34 68 -1
34 69 -1
34 71 -1
34 73 -1
34 75 -1
34 83 1
34 85 -1
34 87 -1
34 89 1
34 90 1
35 7 -1
35 10 1
35 11 -1
35 15 -1
35 16 1
35 22 -1
35 23 -1
35 27 1
35 30 -1
35 31 1
35 32 1
35 33 1
35 37 1
35 39 -1
35 40 -1
35 41 -1
35 42 -1
35 45 -1
35 47 -1
35 48 -1
35 49 -1
35 51 -1
35 53 -1
35 54 -1
35 56 -1
35 57 -1
35 59 -1
35 60 1
35 63 -1
35 68 -1
35 74 -1
35 79 -1
35 85 -1
35 86 1
35 87 -1
35 88 -1
35 89 -1
36 1 -1
36 2 -1
36 5 -1
36 7 1
36 8 -1
36 11 -1
36 15 1
36 19 -1
36 21 -1
36 23 -1
36 25 -1
36 33 -1
36 35 -1
36 39 -1
36 41 -1
36 42 -1
36 44 -1
36 48 -1
36 49 -1
36 50 -1
36 54 -1
36 56 -1
36 58 1
36 59 -1
36 61 -1
36 63 -1
36 65 -1
36 66 -1
36 67 -1
36 68 1
36 71 -1
36 78 1
36 80 -1
36 85 1
36 87 -1
36 88 1
37 1 -1
37 5 -1
37 6 -1
37 8 -1
37 9 -1
37 11 -1
37 12 1
37 13 -1
37 14 -1
37 17 1
37 18 -1
37 21 -1
37 22 1
37 23 -1
37 24 1
37 25 -1
37 26 1
37 28 -1
37 30 -1
37 34 -1
37 38 -1
37 44 -1
37 46 -1
37 49 -1
37 50 1
37 51 -1
37 53 1
37 55 -1
37 58 1
37 60 -1
37 61 -1
37 68 -1
37 71 -1
37 72 -1
37 73 -1
37 74 -1
37 77 -1
37 78 -1
37 82 -1
37 84 -1
37 88 -1
38 7 -1
38 8 -1
38 10 -1
38 12 -1
38 13 -1
38 14 -1
38 15 -1
38 17 -1
38 20 -1
38 22 -1
38 23 -1
38 26 -1
38 28 -1
38 33 -1
38 43 1
38 47 -1
38 48 -1
38 49 -1
38 50 -1
38 53 -1
38 54 -1
38 55 -1
38 57 -1
38 58 -1
38 60 -1
38 61 -1
38 63 -1
38 64 -1
38 65 -1
38 67 -1
38 70 -1
38 71 -1
38 72 -1
38 73 -1
38 74 -1
38 75 1
38 76 -1
38 77 -1
38 78 -1
38 79 -1
38 87 1
38 88 -1
38 90 -1
39 2 -1
39 4 1
39 5 -1
39 6 -1
39 8 -1
39 10 -1
39 11 -1
39 12 -1
39 13 -1
39 14 -1
39 19 1
39 22 -1
39 30 -1
39 33 1
39 34 -1
39 37 -1
39 38 -1
39 41 1
39 45 1
39 47 1
39 48 -1
39 49 -1
39 50 -1
39 51 -1
39 52 -1
39 53 1
39 54 -1
39 58 -1
39 60 -1
39 61 1
39 62 -1
39 66 -1
39 69 -1
39 70 -1
39 72 1
39 79 -1
39 82 -1
39 84 1
39 85 -1
39 87 -1
39 88 -1
39 89 -1
39 90 -1
40 2 -1
40 6 -1
40 9 -1
40 11 -1
40 13 -1
40 14 -1
40 15 -1
40 19 1
40 21 1
40 23 -1
40 24 -1
40 27 -1
40 28 1
40 32 -1
40 33 -1
40 34 -1
40 36 -1
40 38 -1
40 41 -1
40 42 -1
40 43 -1
40 47 -1
40 48 -1
40 49 -1
40 50 -1
40 51 -1
40 55 1
40 56 1
40 60 -1
40 62 -1
40 64 1
40 65 -1
40 66 1
40 67 -1
40 68 -1
40 70 -1
40 74 -1
40 78 -1
40 79 -1
40 83 -1
40 88 1
40 89 -1
41 1 1
41 2 -1
41 5 -1
41 6 -1
41 8 -1
41 14 1
41 17 1
41 18 -1
41 28 -1
41 30 -1
41 32 -1
41 37 -1
41 47 -1
41 48 -1
41 50 1
41 53 -1
41 55 -1
41 57 -1
41 61 -1
41 64 -1
41 65 -1
41 69 -1
41 73 -1
41 75 -1
41 76 -1
41 78 1
41 79 -1
41 83 -1
41 86 -1
41 87 -1
41 89 -1
41 90 -1
42 1 -1
42 13 -1
42 15 -1
42 24 1
42 25 1
42 27 -1
42 32 -1
42 33 -1
42 37 1
42 41 -1
42 43 -1
42 46 -1
42 50 -1
42 51 -1
42 53 -1
42 56 -1
42 61 1
42 62 -1
42 67 -1
42 68 -1
42 70 -1
42 71 1
42 73 -1
42 77 -1
42 83 -1
42 84 -1
42 85 -1
42 88 -1
43 2 -1
43 7 -1
43 8 -1
43 9 -1
43 10 1
43 13 -1
43 15 -1
43 19 1
43 20 1
43 21 -1
43 22 -1
43 23 -1
43 28 1
43 30 1
43 32 -1
43 34 -1
43 37 -1
43 41 -1
43 45 1
43 46 -1
43 49 -1
43 53 -1
43 55 -1
43 57 -1
43 59 -1
43 60 1
43 61 -1
43 64 -1
43 66 -1
43 68 1
43 70 -1
43 72 1
43 75 1
43 77 -1
43 79 -1
43 81 -1
43 83 -1
43 85 -1
43 86 1
43 90 1
44 1 -1
44 7 -1
44 9 -1
44 13 -1
44 14 -1
44 16 1
44 18 -1
44 22 -1
44 23 -1
44 25 1
44 27 -1
44 29 -1
44 30 -1
44 31 -1
44 33 -1
44 34 1
44 35 -1
44 38 -1
44 39 -1
44 41 -1
44 43 -1
44 45 -1
44 51 -1
44 54 -1
44 57 1
44 63 -1
44 69 -1
44 74 -1
44 75 -1
44 77 -1
44 80 -1
44 82 -1
44 83 -1
44 86 1
44 87 -1
45 3 -1
45 4 -1
45 5 1
45 8 -1
45 10 -1
45 13 -1
45 14 -1
45 18 -1
45 19 1
45 21 -1
45 22 -1
45 24 -1
45 29 1
45 31 -1
45 36 -1
45 37 -1
45 46 1
45 47 -1
45 53 -1
45 55 -1
45 57 -1
45 58 1
45 60 -1
45 61 1
45 67 -1
45 68 -1
45 70 1
45 71 1
45 72 -1
45 74 -1
45 77 -1
45 78 -1
45 79 -1
45 80 -1
45 81 -1
45 86 -1
45 88 1
45 89 -1
46 1 1
46 2 1
46 4 -1
46 5 1
46 8 -1
46 9 -1
46 10 1
46 14 1
46 16 -1
46 17 -1
46 20 -1
46 25 -1
46 27 1
46 28 -1
46 31 -1
46 32 -1
46 35 1
46 36 1
46 38 -1
46 40 1
46 41 1
46 47 -1
46 48 -1
46 49 -1
46 54 -1
46 55 1
46 58 -1
46 59 1
46 62 -1
46 64 -1
46 76 -1
46 81 -1
46 83 -1
46 85 -1
46 87 -1
46 88 -1
46 89 1
46 90 1
47 1 -1
47 2 -1
47 4 -1
47 5 -1
47 14 -1
47 16 1
47 19 -1
47 20 1
47 21 -1
47 24 -1
47 29 1
47 34 -1
47 36 -1
47 37 -1
47 43 1
47 44 -1
47 48 -1
47 49 -1
47 51 1
47 54 -1
47 56 -1
47 57 1
47 58 -1
47 59 -1
47 60 1
47 64 -1
47 67 1
47 69 -1
47 70 -1
47 71 -1
47 72 -1
47 76 -1
47 78 -1
47 81 -1
47 82 -1
47 84 -1
47 87 -1
47 89 -1
48 1 1
48 5 -1
48 6 -1
48 7 -1
48 8 -1
48 10 -1
48 12 -1
48 13 1
48 18 -1
48 19 1
48 20 1
48 21 -1
48 22 -1
48 23 -1
48 25 1
48 30 -1
48 32 -1
48 33 -1
48 37 -1
48 42 -1
48 44 -1
48 45 -1
48 50 -1
48 53 -1
48 60 -1
48 62 -1
48 67 -1
48 70 1
48 71 -1
48 72 -1
48 73 -1
48 75 -1
48 77 -1
48 79 -1
48 83 -1
48 84 1
48 85 -1
48 89 1
49 2 -1
49 3 -1
49 7 -1
49 8 -1
49 9 -1
49 16 1
49 17 -1
49 18 -1
49 22 -1
49 23 1
49 28 -1
49 29 1
49 30 -1
49 31 1
49 32 1
49 42 -1
49 44 -1
49 45 -1
49 48 -1
49 51 -1
49 54 -1
49 55 -1
49 57 -1
49 70 -1
49 72 -1
49 73 1
49 74 -1
49 82 -1
49 85 1
49 90 -1
50 4 -1
50 12 -1
50 14 1
50 15 -1
50 17 -1
50 23 -1
50 24 1
50 25 -1
50 26 -1
50 31 -1
50 32 -1
50 33 -1
50 34 -1
50 44 -1
50 46 1
50 47 -1
50 49 1
50 51 -1
50 52 1
50 53 1
50 59 -1
50 60 -1
50 61 -1
50 62 -1
50 63 1
50 65 -1
50 66 1
50 67 1
50 68 -1
50 69 -1
50 70 -1
50 71 -1
50 73 -1
50 77 -1
50 78 -1
50 80 -1
50 87 -1
50 89 -1
51 1 -1
51 2 1
51 8 -1
51 11 -1
51 13 -1
51 18 -1
51 20 1
51 21 -1
51 23 -1
51 29 -1
51 30 -1
51 31 -1
51 36 -1
51 38 -1
51 41 -1
51 45 -1
51 52 -1
51 54 -1
51 56 -1
51 58 1
51 61 1
51 62 -1
51 63 -1
51 65 -1
51 69 -1
51 71 1
51 73 1
51 74 -1
51 76 -1
51 77 -1
51 79 -1
51 80 -1
51 81 -1
51 84 -1
51 85 -1
51 87 -1
51 89 1
52 1 -1
52 3 -1
52 5 1
52 7 -1
52 10 -1
52 14 -1
52 16 -1
52 17 -1
52 21 -1
52 22 -1
52 23 1
52 25 -1
52 26 -1
52 28 -1
52 30 -1
52 33 -1
52 35 -1
52 36 -1
52 37 -1
52 40 -1
52 41 -1
52 43 -1
52 44 1
52 45 -1
52 46 -1
52 47 -1
52 53 -1
52 54 -1
52 55 -1
52 57 1
52 58 -1
52 61 1
52 65 1
52 66 -1
52 67 1
52 69 -1
52 70 -1
52 72 -1
52 73 -1
52 74 -1
52 75 -1
52 76 -1
52 77 -1
52 79 -1
52 84 -1
52 85 -1
52 87 -1
52 88 -1
52 90 -1
53 1 -1
53 8 -1
53 9 -1
53 10 1
53 11 -1
53 13 -1
53 15 1
53 17 1
53 20 1
53 21 -1
53 24 -1
53 26 1
53 27 -1
53 32 1
53 34 -1
53 36 -1
53 40 -1
53 44 -1
53 46 -1
53 47 -1
53 49 -1
53 51 -1
53 54 -1
53 56 -1
53 60 -1
53 61 -1
53 65 -1
53 68 -1
53 70 1
53 71 -1
53 76 -1
53 78 -1
53 79 -1
53 80 -1
53 82 -1
53 83 -1
53 84 -1
53 85 1
53 87 -1
53 90 -1
54 4 -1
54 8 -1
54 9 1
54 21 -1
54 22 -1
54 23 -1
54 24 -1
54 27 1
54 33 1
54 34 -1
54 41 -1
54 42 1
54 45 -1
54 50 1
54 55 -1
54 57 -1
54 63 -1
54 76 -1
54 78 -1
54 82 -1
55 3 -1
55 9 -1
55 10 -1
55 11 -1
55 13 -1
55 20 -1
55 21 -1
55 24 1
55 25 1
55 26 -1
55 30 -1
55 32 -1
55 33 -1
55 34 -1
55 35 -1
55 42 -1
55 44 -1
55 47 -1
55 50 -1
55 53 -1
55 56 -1
55 58 1
55 59 -1
55 60 -1
55 63 -1
55 64 -1
55 67 -1
55 68 1
55 69 -1
55 72 -1
55 77 -1
55 79 -1
55 82 -1
55 87 -1
55 88 -1
56 2 1
56 6 -1
56 7 -1
56 8 -1
56 10 1
56 11 -1
56 13 -1
56 14 -1
56 17 -1
56 19 -1
56 27 1
56 29 -1
56 30 1
56 31 -1
56 37 -1
56 38 1
56 39 -1
56 41 -1
56 44 -1
56 45 1
56 46 -1
56 48 -1
56 49 -1
56 57 -1
56 60 -1
56 62 -1
56 66 -1
56 68 -1
56 69 -1
56 70 1
56 74 -1
56 77 -1
56 78 1
56 80 -1
56 83 -1
56 85 -1
56 86 -1
56 88 -1
57 1 -1
57 2 -1
57 3 -1
57 4 -1
57 8 -1
57 9 1
57 14 -1
57 19 -1
57 22 -1
57 26 -1
57 28 -1
57 30 1
57 31 -1
57 34 -1
57 37 1
57 39 -1
57 42 -1
57 46 -1
57 48 -1
57 50 -1
57 51 -1
57 53 -1
57 59 -1
57 60 1
57 63 -1
57 74 -1
57 77 -1
57 78 1
57 79 -1
57 84 -1
57 86 -1
57 87 -1
57 89 -1
58 4 -1
58 5 -1
58 7 1
58 9 -1
58 10 -1
58 14 -1
58 18 1
58 19 -1
58 21 -1
58 24 -1
58 26 -1
58 27 -1
58 29 -1
58 32 -1
58 34 -1
58 35 1
58 42 -1
58 43 -1
58 44 -1
58 50 -1
58 53 -1
58 54 1
58 56 -1
58 64 -1
58 66 -1
58 69 -1
58 72 -1
58 74 -1
58 75 -1
58 77 -1
58 81 -1
58 82 -1
58 83 -1
58 87 1
58 88 -1
59 2 1
59 6 -1
59 7 -1
59 11 -1
59 15 -1
59 16 1
59 17 -1
59 19 1
59 21 -1
59 24 1
59 25 -1
59 26 1
59 32 1
59 40 -1
59 41 -1
59 45 -1
59 51 -1
59 52 -1
59 56 -1
59 58 -1
59 60 -1
59 61 1
59 63 -1
59 64 -1
59 65 -1
59 66 -1
59 70 1
59 71 -1
59 72 -1
59 75 1
59 76 -1
59 77 -1
59 78 -1
59 80 -1
59 83 1
59 85 1
59 88 -1
60 3 -1
60 5 -1
60 6 -1
60 9 -1
60 13 -1
60 18 1
60 21 -1
60 22 -1
60 23 1
60 26 -1
60 30 -1
60 31 -1
60 33 -1
60 34 -1
60 36 -1
60 42 -1
60 44 -1
60 46 -1
60 49 -1
60 52 -1
60 61 -1
60 62 -1
60 64 -1
60 65 -1
60 66 -1
60 67 -1
60 69 1
60 70 -1
60 71 -1
60 74 -1
60 78 1
60 81 -1
60 84 -1
60 88 1
60 89 -1
61 3 -1
61 9 -1
61 11 -1
61 12 -1
61 16 -1
61 22 -1
61 24 -1
61 28 -1
61 29 -1
61 30 -1
61 31 -1
61 34 -1
61 40 -1
61 48 -1
61 49 -1
61 54 -1
61 56 -1
61 57 -1
61 67 -1
61 73 1
61 75 -1
61 83 -1
61 84 1
61 86 -1
61 90 -1
62 1 -1
62 4 -1
62 5 -1
62 7 -1
62 8 -1
62 9 -1
62 10 -1
62 12 -1
62 13 -1
62 15 -1
62 16 -1
62 17 -1
62 18 -1
62 19 1
62 21 1
62 22 -1
62 25 -1
62 28 -1
62 30 -1
62 35 -1
62 36 1
62 37 -1
62 43 -1
62 49 -1
62 52 -1
62 53 -1
62 54 -1
62 55 1
62 57 -1
62 59 1
62 65 1
62 67 -1
62 71 -1
62 73 -1
62 75 1
62 76 1
62 77 1
62 78 -1
62 79 -1
62 80 -1
62 82 -1
62 86 -1
62 88 1
62 89 -1
63 1 -1
63 2 -1
63 3 -1
63 6 -1
63 8 1
63 11 -1
63 12 -1
63 15 -1
63 18 1
63 20 -1
63 22 1
63 24 -1
63 25 -1
63 27 -1
63 30 1
63 34 -1
63 37 -1
63 41 1
63 43 1
63 45 -1
63 47 1
63 48 -1
63 52 1
63 53 1
63 60 -1
63 61 1
63 62 1
63 67 -1
63 70 -1
63 71 1
63 73 1
63 78 1
63 81 -1
63 82 -1
63 88 -1
64 2 -1
64 4 -1
64 7 -1
64 9 -1
64 10 -1
64 11 -1
64 12 -1
64 16 1
64 18 -1
64 20 -1
64 23 -1
64 24 -1
64 25 1
64 27 -1
64 32 -1
64 34 -1
64 35 -1
64 36 -1
64 37 -1
64 39 1
64 45 -1
64 48 1
64 49 -1
64 50 -1
64 51 -1
64 56 1
64 57 -1
64 61 -1
64 62 -1
64 63 -1
64 66 1
64 67 -1
64 73 -1
64 74 -1
64 75 -1
64 77 1
64 79 -1
64 81 1
64 85 1
64 87 -1
65 1 1
65 7 -1
65 8 -1
65 9 -1
65 17 1
65 20 -1
65 23 -1
65 24 1
65 26 1
65 28 1
65 29 -1
65 34 -1
65 35 -1
65 39 -1
65 42 -1
65 44 -1
65 46 -1
65 47 -1
65 48 -1
65 49 -1
65 54 -1
65 55 -1
65 56 -1
65 57 -1
65 58 -1
65 61 -1
65 63 -1
65 64 1
65 66 -1
65 70 1
65 73 -1
65 74 1
65 77 -1
65 80 -1
65 81 -1
65 82 -1
65 86 -1
65 90 -1
66 1 -1
66 5 -1
66 6 1
66 9 -1
66 12 1
66 13 -1
66 14 -1
66 16 -1
66 20 -1
66 28 -1
66 30 -1
66 31 -1
66 32 -1
66 34 -1
66 37 1
66 41 -1
66 42 -1
66 44 -1
66 45 -1
66 47 1
66 48 -1
66 49 -1
66 53 -1
66 54 -1
66 55 -1
66 62 -1
66 63 -1
66 68 -1
66 73 -1
66 74 -1
66 75 -1
66 76 1
66 78 -1
67 1 1
67 2 -1
67 4 -1
67 5 -1
67 7 -1
67 9 -1
67 11 -1
67 15 -1
67 22 -1
67 23 1
67 24 -1
67 27 1
67 30 -1
67 35 -1
67 37 1
67 39 -1
67 43 1
67 44 1
67 49 -1
67 51 -1
67 53 -1
67 54 -1
67 56 -1
67 57 -1
67 58 -1
67 59 -1
67 65 1
67 66 -1
67 70 -1
67 73 -1
67 75 -1
67 79 1
67 83 -1
67 84 -1
67 87 -1
67 88 -1
68 1 -1
68 2 -1
68 5 -1
68 7 -1
68 13 -1
68 14 -1
68 21 1
68 23 -1
68 28 -1
68 30 1
68 38 -1
68 41 -1
68 44 -1
68 48 1
68 49 -1
68 51 -1
68 54 1
68 57 -1
68 58 -1
68 59 -1
68 61 -1
68 63 -1
68 64 -1
68 65 -1
68 67 1
68 69 -1
68 72 1
68 80 -1
68 82 1
68 84 -1
68 85 -1
68 87 -1
68 89 1
68 90 -1
69 2 -1
69 4 -1
69 5 -1
69 7 -1
69 8 1
69 12 -1
69 15 -1
69 16 -1
69 17 -1
69 18 -1
69 19 1
69 22 -1
69 28 -1
69 33 -1
69 37 -1
69 40 -1
69 43 -1
69 45 1
69 46 -1
69 49 -1
69 59 -1
69 62 -1
69 64 -1
69 66 -1
69 71 1
69 73 1
69 74 -1
69 76 -1
69 77 -1
69 79 -1
69 80 -1
69 81 -1
69 82 -1
69 85 -1
69 86 1
69 89 1
70 4 1
70 8 1
70 11 -1
70 12 -1
70 15 -1
70 20 1
70 22 -1
70 24 -1
70 25 1
70 26 1
70 28 -1
70 34 -1
70 35 -1
70 44 -1
70 46 1
70 54 -1
70 58 -1
70 61 1
70 62 -1
70 66 -1
70 68 -1
70 69 1
70 72 -1
70 73 1
70 74 -1
70 76 -1
70 81 -1
70 83 1
70 84 -1
70 85 -1
70 89 -1
70 90 -1
71 4 -1
71 12 -1
71 15 -1
71 17 -1
71 18 -1
71 19 -1
71 20 -1
71 21 -1
71 26 -1
71 28 -1
71 33 -1
71 35 -1
71 39 -1
71 41 -1
71 44 -1
71 46 1
71 52 1
71 54 -1
71 55 -1
71 57 -1
71 58 -1
71 65 1
71 66 1
71 67 -1
71 68 -1
71 70 -1
71 72 1
71 77 -1
71 80 -1
71 82 1
71 83 -1
71 84 -1
71 85 -1
72 1 -1
72 2 1
72 4 -1
72 9 -1
72 11 -1
72 14 -1
72 15 -1
72 17 -1
72 21 -1
72 25 -1
72 26 -1
72 29 1
72 32 -1
72 34 -1
72 35 -1
72 36 -1
72 42 -1
72 44 -1
72 50 -1
72 51 -1
72 54 -1
72 56 -1
72 57 1
72 60 -1
72 61 -1
72 63 -1
72 64 -1
72 65 -1
72 66 -1
72 67 1
72 69 -1
72 73 -1
72 76 -1
72 78 1
72 81 -1
72 83 -1
72 84 1
72 89 -1
73 5 -1
73 7 -1
73 9 1
73 14 -1
73 15 -1
73 19 -1
73 25 -1
73 27 -1
73 28 1
73 29 1
73 32 -1
73 35 -1
73 36 -1
73 39 -1
73 40 -1
73 43 -1
73 44 -1
73 45 1
73 46 -1
73 47 -1
73 53 -1
73 54 1
73 56 -1
73 59 -1
73 68 1
73 76 1
73 77 -1
73 79 1
73 81 -1
73 83 -1
73 86 -1
73 90 -1
74 1 -1
74 7 -1
74 11 -1
74 14 -1
74 15 1
74 18 1
74 22 -1
74 23 -1
74 24 -1
74 25 1
74 28 -1
74 29 -1
74 34 1
74 36 1
74 39 -1
74 42 -1
74 43 -1
74 46 -1
74 47 -1
74 48 -1
74 53 -1
74 54 1
74 55 -1
74 59 -1
74 61 -1
74 62 -1
74 63 -1
74 67 -1
74 68 1
74 72 -1
74 73 -1
74 77 -1
74 78 -1
74 81 -1
74 84 -1
74 85 -1
74 86 1
74 87 -1
75 8 -1
75 9 -1
75 12 -1
75 20 1
75 24 1
75 29 1
75 31 1
75 33 -1
75 36 -1
75 37 -1
75 39 -1
75 40 -1
75 45 -1
75 47 -1
75 50 1
75 51 -1
75 53 -1
75 54 -1
75 55 -1
75 56 -1
75 57 -1
75 63 -1
75 65 -1
75 68 -1
75 69 -1
75 70 -1
75 73 -1
75 77 -1
75 80 -1
75 82 1
75 83 -1
75 84 -1
76 2 -1
76 9 1
76 14 -1
76 15 -1
76 16 -1
76 19 -1
76 21 -1
76 22 -1
76 23 -1
76 25 -1
76 30 1
76 31 -1
76 35 -1
76 37 -1
76 39 -1
76 40 -1
76 42 -1
76 43 -1
76 45 -1
76 49 -1
76 50 -1
76 57 -1
76 58 1
76 61 -1
76 63 -1
76 64 1
76 65 -1
76 67 -1
76 74 -1
76 75 -1
76 78 -1
76 82 -1
76 88 -1
76 90 -1
77 2 -1
77 3 -1
77 5 -1
77 6 -1
77 7 -1
77 9 -1
77 11 -1
77 13 -1
77 21 -1
77 26 -1
77 27 -1
77 28 -1
77 30 -1
77 32 -1
77 33 -1
77 34 -1
77 35 -1
77 36 -1
77 41 -1
77 46 1
77 53 -1
77 54 1
77 60 -1
77 67 -1
77 70 -1
77 72 -1
77 80 -1
77 83 -1
77 86 -1
77 87 1
78 2 -1
78 5 1
78 7 -1
78 8 -1
78 9 -1
78 10 -1
78 12 -1
78 13 -1
78 15 -1
78 19 -1
78 20 1
78 22 1
78 23 1
78 24 -1
78 26 1
78 30 -1
78 35 -1
78 39 1
78 42 -1
78 43 -1
78 48 -1
78 49 -1
78 55 -1
78 58 -1
78 64 -1
78 65 1
78 67 -1
78 68 -1
78 70 -1
78 71 1
78 75 -1
78 79 -1
78 80 -1
78 82 -1
78 84 1
78 86 -1
78 88 -1
78 90 -1
79 5 -1
79 11 -1
79 12 -1
79 13 -1
79 15 1
79 16 -1
79 18 1
79 20 -1
79 21 -1
79 22 -1
79 23 -1
79 26 -1
79 27 1
79 36 -1
79 37 1
79 42 -1
79 44 1
79 46 -1
79 47 -1
79 49 -1
79 50 1
79 54 -1
79 56 -1
79 58 1
79 63 -1
79 65 -1
79 68 -1
79 70 -1
79 72 -1
79 74 -1
79 77 -1
79 80 1
79 81 -1
79 83 -1
79 84 -1
79 85 -1
79 88 1
80 1 -1
80 2 -1
80 5 -1
80 11 -1
80 14 -1
80 17 -1
80 23 1
80 24 -1
80 25 -1
80 27 1
80 29 -1
80 31 -1
80 33 -1
80 34 -1
80 35 -1
80 37 -1
80 40 -1
80 41 1
80 42 -1
80 47 1
80 48 -1
80 54 -1
80 55 -1
80 57 -1
80 64 -1
80 66 -1
80 70 1
80 73 -1
80 76 -1
80 83 1
80 84 -1
80 85 1
80 86 -1
80 90 -1
81 1 -1
81 2 -1
81 4 -1
81 9 -1
81 10 -1
81 12 -1
81 14 1
81 15 -1
81 17 -1
81 18 -1
81 20 -1
81 21 1
81 22 1
81 25 -1
81 29 -1
81 31 -1
81 33 1
81 35 -1
81 37 -1
81 38 -1
81 39 -1
81 41 -1
81 42 -1
81 44 -1
81 48 1
81 49 -1
81 50 -1
81 53 1
81 54 1
81 55 -1
81 57 -1
81 59 1
81 61 -1
81 66 1
81 76 -1
81 80 -1
81 87 -1
81 89 -1
81 90 -1
82 3 -1
82 7 -1
82 8 1
82 13 -1
82 19 -1
82 22 -1
82 24 -1
82 25 -1
82 28 -1
82 29 -1
82 30 -1
82 31 1
82 36 -1
82 38 -1
82 40 -1
82 41 1
82 43 -1
82 45 -1
82 46 -1
82 48 -1
82 50 -1
82 52 1
82 60 -1
82 64 -1
82 67 -1
82 72 1
82 73 1
82 74 -1
82 77 -1
82 83 -1
82 84 -1
82 87 -1
83 2 -1
83 4 -1
83 5 -1
83 6 -1
83 14 -1
83 15 -1
83 17 1
83 18 -1
83 20 1
83 21 1
83 22 -1
83 24 -1
83 26 1
83 28 -1
83 31 -1
83 32 -1
83 39 -1
83 45 -1
83 47 -1
83 49 -1
83 52 -1
83 54 -1
83 55 -1
83 57 -1
83 62 -1
83 63 -1
83 64 -1
83 65 -1
83 66 1
83 68 -1
83 69 -1
83 74 -1
83 76 -1
83 78 -1
83 81 -1
83 84 -1
84 1 1
84 3 -1
84 4 -1
84 6 -1
84 7 -1
84 10 -1
84 11 -1
84 12 -1
84 13 -1
84 16 -1
84 18 1
84 20 1
84 29 -1
84 31 1
84 32 1
84 35 -1
84 36 -1
84 38 1
84 41 1
84 43 -1
84 45 -1
84 46 -1
84 49 -1
84 50 1
84 55 -1
84 59 -1
84 62 1
84 63 -1
84 65 -1
84 69 -1
84 73 -1
84 77 -1
84 87 1
85 4 -1
85 5 -1
85 7 1
85 8 -1
85 11 1
85 12 -1
85 13 1
85 14 -1
85 16 -1
85 18 -1
85 21 -1
85 22 -1
85 25 -1
85 27 1
85 38 -1
85 40 -1
85 41 -1
85 44 -1
85 45 -1
85 47 1
85 50 -1
85 54 -1
85 55 -1
85 57 -1
85 62 1
85 65 1
85 66 1
85 73 -1
85 76 -1
85 77 1
85 82 -1
85 83 -1
85 84 -1
85 87 -1
85 88 -1
85 89 -1
85 90 -1
86 2 1
86 3 -1
86 5 -1
86 10 -1
86 12 1
86 13 -1
86 14 -1
86 15 -1
86 20 -1
86 21 -1
86 22 -1
86 24 -1
86 25 -1
86 27 -1
86 29 1
86 31 1
86 34 1
86 37 -1
86 39 -1
86 40 -1
86 46 -1
86 48 -1
86 49 1
86 50 -1
86 52 1
86 54 1
86 55 -1
86 58 1
86 59 -1
86 67 -1
86 68 -1
86 70 -1
86 71 -1
86 72 -1
86 75 -1
86 81 -1
86 82 -1
86 83 -1
86 85 -1
86 90 -1
87 4 -1
87 5 -1
87 6 -1
87 11 -1
87 15 -1
87 16 -1
87 18 -1
87 20 -1
87 21 1
87 28 -1
87 29 -1
87 30 -1
87 31 1
87 32 -1
87 33 -1
87 45 1
87 48 -1
87 49 -1
87 59 1
87 61 -1
87 63 -1
87 65 -1
87 66 -1
87 69 1
87 70 -1
87 71 -1
87 72 -1
87 73 -1
87 75 -1
87 76 -1
87 80 1
87 83 -1
87 86 -1
87 90 -1
88 2 -1
88 3 -1
88 6 -1
88 7 -1
88 8 -1
88 10 -1
88 14 -1
88 15 -1
88 16 -1
88 21 -1
88 23 -1
88 25 -1
88 27 -1
88 32 -1
88 34 -1
88 41 -1
88 43 -1
88 44 -1
88 47 -1
88 48 -1
88 50 1
88 51 -1
88 53 -1
88 54 1
88 57 -1
88 64 -1
88 65 -1
88 68 -1
88 69 -1
88 70 1
88 72 -1
88 73 1
88 74 1
88 77 -1
88 80 1
88 81 -1
88 82 -1
88 83 -1
88 84 -1
88 86 -1
88 87 -1
88 90 -1
89 3 -1
89 4 -1
89 7 -1
89 9 1
89 11 -1
89 16 -1
89 17 -1
89 19 1
89 21 1
89 22 -1
89 23 -1
89 25 -1
89 28 -1
89 30 -1
89 33 -1
89 37 -1
89 38 1
89 42 -1
89 43 -1
89 49 -1
89 52 -1
89 53 -1
89 54 -1
89 56 1
89 58 -1
89 59 -1
89 61 -1
89 65 -1
89 74 -1
89 78 1
89 79 -1
89 80 -1
89 82 -1
89 83 -1
89 84 -1
89 87 -1
89 88 -1
89 90 -1
90 2 1
90 4 -1
90 7 -1
90 8 -1
90 9 -1
90 14 -1
90 15 -1
90 16 -1
90 19 -1
90 23 1
90 24 -1
90 26 -1
90 29 -1
90 33 -1
90 35 -1
90 44 -1
90 45 -1
90 47 -1
90 48 -1
90 51 -1
90 54 -1
90 55 -1
90 56 -1
90 58 -1
90 60 -1
90 69 -1
90 71 -1
90 72 -1
90 74 1
90 75 -1
90 77 1
90 79 -1
90 82 -1
90 83 -1
90 84 -1
