vertices: 190 edges: 8977
1 2 -1
1 6 -1
1 13 -1
1 15 -1
1 25 -1
1 33 -1
1 34 -1
1 37 -1
1 38 -1
1 43 -1
1 49 -1
1 52 -1
1 53 1
1 59 1
1 64 -1
1 68 -1
1 69 1
1 82 -1
1 84 -1
1 86 -1
1 88 -1
1 91 -1
1 94 -1
1 98 -1
1 109 -1
1 111 -1
1 116 -1
1 117 -1
1 119 -1
1 121 -1
1 123 -1
1 145 -1
1 147 1
1 154 -1
1 157 -1
1 165 -1
1 166 1
1 171 -1
1 172 -1
1 174 -1
1 175 -1
1 176 1
1 187 -1
2 3 -1
2 12 1
2 13 -1
2 18 1
2 20 -1
2 26 -1
2 27 -1
2 34 -1
2 40 -1
2 42 -1
2 44 -1
2 48 -1
2 63 -1
2 65 -1
2 68 1
2 79 -1
2 83 -1
2 84 -1
2 86 1
2 89 -1
2 92 -1
2 93 -1
2 94 -1
2 96 -1
2 97 -1
2 101 -1
2 103 1
2 105 1
2 113 -1
2 118 1
2 123 -1
2 129 1
2 132 -1
2 133 -1
2 134 1
2 141 -1
2 147 -1
2 159 -1
2 162 1
2 163 -1
2 165 -1
2 167 -1
2 173 -1
2 177 -1
2 181 -1
3 4 -1
3 7 -1
3 12 -1
3 20 1
3 23 1
3 29 -1
3 37 -1
3 40 1
3 41 -1
3 43 -1
3 44 -1
3 49 -1
3 53 1
3 60 -1
3 63 1
3 76 -1
3 79 -1
3 81 -1
3 83 -1
3 84 -1
3 90 -1
3 92 1
3 106 -1
3 108 1
3 113 1
3 115 -1
3 116 -1
3 118 1
3 122 -1
3 124 -1
3 126 -1
3 130 -1
3 133 1
3 139 -1
3 144 -1
3 149 -1
3 154 -1
3 157 1
3 158 1
3 162 -1
3 163 -1
3 166 -1
3 173 -1
3 184 1
3 186 -1
4 6 -1
4 7 -1
4 16 -1
4 21 -1
4 25 -1
4 32 -1
4 33 -1
4 36 1
4 38 -1
4 39 1
4 49 -1
4 51 -1
4 52 -1
4 60 -1
4 63 -1
4 64 1
4 69 -1
4 74 -1
4 83 -1
4 85 1
4 88 -1
4 89 -1
4 91 -1
4 102 -1
4 103 -1
4 105 -1
4 108 -1
4 113 -1
4 114 1
4 115 -1
4 119 -1
4 123 -1
4 129 -1
4 130 -1
4 135 1
4 138 -1
4 139 -1
4 145 1
4 148 1
4 158 1
4 163 1
4 172 -1
4 175 -1
4 181 1
4 183 -1
4 185 -1
5 3 1
5 8 1
5 10 -1
5 11 -1
5 15 -1
5 21 1
5 26 -1
5 33 -1
5 35 -1
5 38 1
5 41 -1
5 45 -1
5 57 -1
5 59 -1
5 71 -1
5 72 -1
5 74 -1
5 76 1
5 87 -1
5 92 -1
5 98 -1
5 103 1
5 118 -1
5 120 1
5 121 -1
5 139 -1
5 144 -1
5 148 -1
5 149 -1
5 169 -1
5 176 -1
5 184 1
5 189 -1
5 190 -1
6 5 -1
6 22 -1
6 23 1
6 32 1
6 34 1
6 43 -1
6 46 -1
6 54 -1
6 58 -1
6 59 -1
6 60 -1
6 61 -1
6 67 -1
6 68 -1
6 69 -1
6 72 -1
6 74 -1
6 75 -1
6 80 1
6 83 1
6 87 -1
6 88 -1
6 90 -1
6 98 -1
6 99 1
6 103 -1
6 104 -1
6 110 -1
6 114 -1
6 116 -1
6 119 -1
6 120 -1
6 122 -1
6 132 -1
6 135 -1
6 137 -1
6 139 -1
6 147 -1
6 149 -1
6 153 -1
6 157 -1
6 160 -1
6 167 -1
6 169 -1
6 173 -1
6 174 -1
6 179 -1
6 186 -1
7 1 -1
7 5 -1
7 6 -1
7 9 -1
7 10 -1
7 13 -1
7 14 1
7 20 -1
7 21 -1
7 23 -1
7 28 -1
7 29 1
7 30 1
7 38 -1
7 43 -1
7 49 -1
7 53 -1
7 58 -1
7 59 -1
7 62 -1
7 65 1
7 70 -1
7 71 -1
7 72 -1
7 73 -1
7 76 -1
7 88 -1
7 91 -1
7 92 1
7 95 -1
7 98 -1
7 102 -1
7 105 -1
7 108 -1
7 114 -1
7 118 -1
7 119 -1
7 120 -1
7 124 -1
7 133 -1
7 135 -1
7 136 1
7 138 -1
7 146 -1
7 152 -1
7 156 -1
7 165 -1
7 172 1
7 178 -1
7 184 1
7 185 -1
7 186 -1
7 187 -1
7 188 -1
7 190 -1
8 7 1
8 19 -1
8 23 -1
8 24 -1
8 29 -1
8 33 -1
8 37 -1
8 38 -1
8 42 -1
8 45 -1
8 61 -1
8 64 1
8 65 -1
8 66 -1
8 67 -1
8 72 -1
8 78 -1
8 79 -1
8 81 -1
8 87 -1
8 92 -1
8 96 -1
8 101 1
8 117 -1
8 118 -1
8 121 -1
8 122 -1
8 130 -1
8 133 -1
8 138 -1
8 141 1
8 148 -1
8 153 -1
8 157 -1
8 171 1
8 173 -1
8 177 -1
8 180 -1
8 182 -1
9 4 -1
9 8 -1
9 10 -1
9 11 1
9 14 1
9 17 -1
9 22 -1
9 25 -1
9 37 -1
9 38 -1
9 41 -1
9 46 -1
9 48 -1
9 52 -1
9 53 -1
9 62 -1
9 65 -1
9 81 -1
9 84 1
9 86 -1
9 88 -1
9 90 -1
9 91 -1
9 92 -1
9 93 -1
9 98 -1
9 101 -1
9 102 -1
9 109 -1
9 111 1
9 113 -1
9 115 -1
9 117 -1
9 121 -1
9 127 -1
9 130 -1
9 131 -1
9 133 1
9 135 -1
9 136 -1
9 148 -1
9 149 -1
9 151 -1
9 152 -1
9 154 -1
9 157 -1
9 159 -1
9 160 -1
9 164 1
9 166 -1
9 171 -1
9 175 -1
9 178 -1
9 179 -1
9 183 -1
10 1 1
10 8 -1
10 19 -1
10 23 -1
10 31 -1
10 35 -1
10 41 -1
10 43 -1
10 44 1
10 48 1
10 58 -1
10 61 -1
10 64 -1
10 76 -1
10 77 -1
10 78 -1
10 81 -1
10 82 -1
10 83 -1
10 89 -1
10 99 1
10 100 -1
10 105 -1
10 106 -1
10 107 -1
10 112 1
10 116 -1
10 118 -1
10 119 -1
10 130 -1
10 131 -1
10 133 -1
10 139 -1
10 148 -1
10 150 -1
10 155 -1
10 156 1
10 160 -1
10 183 -1
10 185 -1
10 186 -1
10 189 -1
11 4 -1
11 15 -1
11 19 -1
11 21 -1
11 23 -1
11 24 -1
11 26 1
11 28 -1
11 29 -1
11 32 -1
11 37 -1
11 38 1
11 41 -1
11 47 -1
11 50 -1
11 51 -1
11 59 -1
11 61 -1
11 67 -1
11 75 -1
11 77 1
11 79 -1
11 80 -1
11 85 -1
11 102 1
11 107 -1
11 114 -1
11 127 1
11 129 -1
11 131 -1
11 133 1
11 138 -1
11 140 -1
11 143 1
11 146 -1
11 147 1
11 149 -1
11 150 1
11 153 -1
11 155 -1
11 157 -1
11 165 -1
11 167 -1
11 168 -1
11 174 -1
11 176 -1
11 183 -1
12 4 1
12 6 1
12 13 1
12 17 -1
12 19 -1
12 20 -1
12 26 -1
12 28 -1
12 34 -1
12 39 -1
12 44 -1
12 51 -1
12 58 -1
12 62 -1
12 65 -1
12 67 -1
12 68 -1
12 69 1
12 83 -1
12 85 -1
12 100 1
12 106 1
12 108 -1
12 113 1
12 115 -1
12 123 1
12 140 -1
12 141 -1
12 144 -1
12 152 -1
12 160 -1
12 165 -1
12 170 -1
12 172 -1
12 179 -1
12 181 1
12 183 -1
12 188 -1
13 10 -1
13 16 1
13 17 -1
13 29 -1
13 33 -1
13 35 -1
13 43 -1
13 55 -1
13 66 -1
13 74 -1
13 82 1
13 83 -1
13 91 -1
13 98 -1
13 100 -1
13 102 -1
13 103 -1
13 104 -1
13 106 -1
13 110 -1
13 116 -1
13 118 -1
13 121 1
13 127 -1
13 128 -1
13 129 -1
13 134 -1
13 139 -1
13 143 -1
13 148 -1
13 151 -1
13 154 1
13 155 -1
13 156 -1
13 158 -1
13 159 -1
13 171 -1
13 176 -1
13 184 -1
13 187 -1
13 188 -1
13 190 -1
14 3 -1
14 6 1
14 8 1
14 13 -1
14 17 1
14 19 1
14 26 -1
14 30 -1
14 33 -1
14 40 -1
14 43 -1
14 45 -1
14 48 -1
14 50 -1
14 61 -1
14 65 -1
14 67 -1
14 70 -1
14 74 -1
14 77 -1
14 80 -1
14 88 -1
14 93 1
14 94 1
14 96 -1
14 103 1
14 106 1
14 107 -1
14 118 -1
14 123 -1
14 124 -1
14 127 1
14 132 -1
14 133 -1
14 134 -1
14 149 -1
14 151 -1
14 159 -1
14 162 1
14 163 -1
14 167 -1
14 171 -1
14 172 -1
14 173 -1
14 185 -1
14 186 1
15 2 1
15 3 1
15 4 -1
15 7 -1
15 8 -1
15 17 -1
15 20 -1
15 21 -1
15 22 -1
15 24 -1
15 26 -1
15 29 1
15 32 -1
15 34 -1
15 38 -1
15 40 -1
15 41 1
15 47 -1
15 48 1
15 55 -1
15 60 -1
15 78 -1
15 83 -1
15 87 -1
15 100 1
15 101 -1
15 112 -1
15 113 -1
15 117 -1
15 119 -1
15 121 -1
15 125 1
15 126 -1
15 127 -1
15 129 -1
15 132 -1
15 133 -1
15 134 -1
15 137 -1
15 140 -1
15 143 -1
15 146 -1
15 147 -1
15 149 -1
15 151 -1
15 153 -1
15 158 1
15 159 -1
15 161 -1
15 162 -1
15 163 1
15 164 -1
15 170 -1
15 172 -1
15 179 -1
15 182 -1
16 1 1
16 3 -1
16 6 -1
16 8 -1
16 18 -1
16 23 -1
16 26 -1
16 32 -1
16 36 -1
16 52 -1
16 61 -1
16 69 -1
16 70 1
16 71 1
16 72 -1
16 77 -1
16 79 -1
16 80 -1
16 86 1
16 89 -1
16 99 -1
16 104 -1
16 107 -1
16 111 1
16 117 -1
16 122 -1
16 124 -1
16 132 -1
16 140 -1
16 153 -1
16 158 -1
16 163 1
16 166 -1
16 167 1
16 171 -1
16 173 -1
16 175 -1
16 177 -1
16 178 -1
16 179 -1
17 3 -1
17 7 -1
17 8 -1
17 10 -1
17 22 -1
17 27 -1
17 29 -1
17 35 -1
17 42 -1
17 51 -1
17 54 -1
17 57 -1
17 60 -1
17 68 -1
17 72 -1
17 76 -1
17 77 -1
17 79 -1
17 80 -1
17 85 -1
17 87 -1
17 91 -1
17 93 -1
17 100 -1
17 102 -1
17 105 -1
17 107 -1
17 114 1
17 122 -1
17 126 -1
17 128 -1
17 131 -1
17 133 1
17 136 -1
17 137 -1
17 138 -1
17 143 -1
17 149 1
17 157 -1
17 160 1
17 163 -1
17 166 1
17 168 -1
17 170 -1
17 172 1
17 174 -1
17 183 1
17 185 1
17 190 -1
18 6 1
18 7 1
18 11 -1
18 12 -1
18 14 -1
18 15 1
18 17 1
18 24 -1
18 28 -1
18 29 -1
18 30 -1
18 43 -1
18 44 -1
18 45 1
18 46 -1
18 50 -1
18 66 -1
18 69 -1
18 77 -1
18 88 -1
18 92 -1
18 93 -1
18 100 1
18 102 -1
18 104 -1
18 109 -1
18 111 -1
18 114 1
18 119 1
18 129 -1
18 131 -1
18 133 -1
18 140 -1
18 142 -1
18 144 -1
18 147 -1
18 150 -1
18 151 -1
18 154 -1
18 156 -1
18 159 -1
18 162 1
18 169 1
18 173 -1
18 176 -1
18 181 1
18 190 1
19 3 -1
19 4 -1
19 6 1
19 7 -1
19 13 -1
19 16 -1
19 22 -1
19 24 -1
19 30 -1
19 36 -1
19 37 -1
19 39 -1
19 42 -1
19 43 -1
19 47 -1
19 49 -1
19 50 -1
19 51 -1
19 58 1
19 60 -1
19 61 -1
19 71 -1
19 75 1
19 85 -1
19 104 -1
19 116 -1
19 117 -1
19 120 1
19 121 -1
19 134 -1
19 136 -1
19 141 -1
19 145 -1
19 148 -1
19 151 -1
19 155 -1
19 158 -1
19 159 -1
19 164 1
19 166 -1
19 168 1
19 169 1
19 172 -1
19 181 1
19 186 -1
19 187 1
19 188 -1
19 190 -1
20 5 -1
20 6 1
20 9 -1
20 13 1
20 19 1
20 21 1
20 27 -1
20 32 -1
20 33 1
20 42 -1
20 43 1
20 47 -1
20 49 -1
20 57 -1
20 64 -1
20 65 -1
20 67 -1
20 69 -1
20 72 1
20 74 -1
20 92 1
20 95 -1
20 98 -1
20 99 -1
20 100 -1
20 103 -1
20 117 1
20 120 -1
20 121 -1
20 122 -1
20 124 -1
20 126 -1
20 127 -1
20 131 -1
20 135 -1
20 139 -1
20 140 -1
20 147 -1
20 154 -1
20 155 -1
20 157 -1
20 160 -1
20 167 -1
20 168 -1
20 171 -1
20 172 1
20 176 -1
21 3 -1
21 6 -1
21 8 1
21 24 -1
21 26 -1
21 33 1
21 34 -1
21 35 -1
21 36 -1
21 39 -1
21 40 -1
21 42 -1
21 48 -1
21 50 -1
21 51 -1
21 54 -1
21 63 -1
21 65 -1
21 68 1
21 69 -1
21 74 -1
21 75 -1
21 80 1
21 99 1
21 109 -1
21 112 -1
21 113 -1
21 117 -1
21 122 -1
21 126 -1
21 129 -1
21 132 -1
21 138 1
21 139 -1
21 152 -1
21 155 -1
21 156 -1
21 161 -1
21 162 -1
21 163 -1
21 167 -1
21 169 -1
21 171 1
21 173 1
21 176 -1
21 178 1
21 180 -1
21 182 -1
21 184 1
21 190 -1
22 4 -1
22 5 -1
22 8 -1
22 11 -1
22 14 -1
22 20 -1
22 21 1
22 23 -1
22 30 -1
22 32 -1
22 38 -1
22 44 -1
22 47 -1
22 52 -1
22 55 -1
22 56 -1
22 57 -1
22 62 -1
22 65 -1
22 67 -1
22 68 -1
22 70 1
22 75 -1
22 77 -1
22 79 -1
22 82 -1
22 83 -1
22 84 -1
22 95 -1
22 103 1
22 106 -1
22 108 -1
22 116 -1
22 120 1
22 122 -1
22 136 -1
22 140 -1
22 142 -1
22 145 -1
22 149 -1
22 150 -1
22 153 -1
22 155 -1
22 156 -1
22 157 1
22 162 1
22 163 -1
22 171 -1
22 176 -1
22 178 -1
22 179 -1
22 183 -1
22 185 -1
22 190 -1
23 9 1
23 17 -1
23 19 -1
23 29 -1
23 30 -1
23 34 -1
23 35 -1
23 41 -1
23 44 1
23 48 -1
23 52 -1
23 55 -1
23 58 -1
23 63 -1
23 69 -1
23 70 -1
23 73 -1
23 75 -1
23 81 -1
23 84 -1
23 89 1
23 94 1
23 95 -1
23 99 1
23 107 -1
23 108 -1
23 114 1
23 122 -1
23 124 -1
23 125 1
23 127 -1
23 128 -1
23 131 -1
23 136 -1
23 137 -1
23 138 1
23 140 -1
23 143 -1
23 144 -1
23 145 1
23 147 1
23 151 -1
23 152 -1
23 157 -1
23 163 -1
23 167 -1
23 171 -1
23 172 -1
23 173 -1
23 180 -1
23 181 -1
23 184 1
23 187 -1
23 189 -1
24 3 -1
24 5 1
24 13 -1
24 22 -1
24 23 -1
24 36 -1
24 37 1
24 41 -1
24 46 1
24 48 -1
24 57 -1
24 59 -1
24 69 -1
24 70 1
24 75 1
24 77 1
24 85 -1
24 91 -1
24 96 1
24 98 -1
24 100 1
24 109 1
24 111 -1
24 112 -1
24 128 1
24 132 1
24 139 -1
24 140 -1
24 143 -1
24 144 -1
24 146 -1
24 148 -1
24 151 -1
24 153 -1
24 154 -1
24 159 -1
24 167 1
24 173 1
24 181 1
24 185 -1
24 187 -1
25 2 1
25 3 -1
25 5 -1
25 8 -1
25 10 -1
25 12 1
25 14 -1
25 17 -1
25 21 -1
25 23 1
25 24 -1
25 34 1
25 36 -1
25 40 -1
25 44 -1
25 46 1
25 48 -1
25 59 -1
25 60 -1
25 66 -1
25 80 -1
25 84 -1
25 85 -1
25 89 -1
25 90 -1
25 95 -1
25 100 1
25 105 -1
25 108 -1
25 117 -1
25 122 -1
25 124 1
25 127 -1
25 129 -1
25 130 -1
25 133 -1
25 135 -1
25 138 -1
25 150 1
25 152 1
25 156 -1
25 162 -1
25 168 1
25 169 -1
25 173 -1
25 183 -1
25 190 1
26 6 -1
26 7 -1
26 8 1
26 9 1
26 22 1
26 24 -1
26 25 -1
26 28 1
26 34 -1
26 35 1
26 36 -1
26 45 -1
26 47 -1
26 49 -1
26 54 -1
26 57 -1
26 62 1
26 65 -1
26 82 1
26 83 -1
26 94 -1
26 97 -1
26 100 -1
26 102 1
26 104 -1
26 105 -1
26 114 1
26 119 1
26 120 -1
26 122 -1
26 123 1
26 128 1
26 130 -1
26 136 -1
26 138 1
26 139 -1
26 141 -1
26 142 1
26 144 -1
26 146 -1
26 149 -1
26 154 -1
26 155 -1
26 156 -1
26 158 1
26 164 -1
26 171 -1
26 173 1
26 175 1
26 178 -1
26 180 -1
26 182 -1
26 184 -1
26 186 1
27 3 -1
27 4 1
27 5 -1
27 7 -1
27 10 -1
27 14 -1
27 15 1
27 16 -1
27 21 1
27 24 -1
27 36 -1
27 44 -1
27 50 1
27 52 -1
27 59 -1
27 62 -1
27 65 -1
27 69 -1
27 84 -1
27 89 -1
27 101 -1
27 102 -1
27 108 -1
27 111 -1
27 131 1
27 144 -1
27 150 -1
27 156 1
27 159 1
27 164 -1
27 169 -1
27 172 -1
27 173 -1
27 175 -1
27 177 -1
27 181 -1
27 184 -1
27 187 -1
27 189 -1
28 3 1
28 5 -1
28 15 -1
28 19 -1
28 22 1
28 25 1
28 30 -1
28 31 -1
28 41 -1
28 48 -1
28 52 1
28 57 -1
28 58 -1
28 66 -1
28 68 -1
28 69 1
28 72 1
28 77 -1
28 80 -1
28 92 1
28 93 1
28 95 -1
28 100 -1
28 105 -1
28 106 -1
28 110 1
28 119 -1
28 121 -1
28 132 -1
28 135 -1
28 138 -1
28 148 -1
28 151 -1
28 156 -1
28 164 -1
28 175 -1
28 179 1
28 180 1
28 184 -1
28 188 -1
28 190 1
29 4 1
29 5 1
29 19 -1
29 25 -1
29 30 -1
29 31 -1
29 37 -1
29 41 -1
29 42 -1
29 43 -1
29 45 -1
29 49 1
29 50 -1
29 60 -1
29 75 -1
29 79 -1
29 82 -1
29 84 -1
29 87 -1
29 97 -1
29 111 -1
29 112 -1
29 117 -1
29 118 1
29 121 -1
29 122 -1
29 123 -1
29 133 -1
29 134 -1
29 135 -1
29 138 -1
29 141 -1
29 144 -1
29 147 -1
29 159 -1
29 165 1
29 167 -1
29 175 -1
29 185 -1
30 3 -1
30 4 -1
30 9 -1
30 15 -1
30 20 -1
30 25 -1
30 33 -1
30 36 -1
30 38 -1
30 41 -1
30 44 -1
30 47 -1
30 48 1
30 53 -1
30 54 -1
30 55 1
30 59 -1
30 60 -1
30 64 -1
30 66 -1
30 67 -1
30 73 -1
30 74 -1
30 77 -1
30 79 1
30 91 -1
30 100 -1
30 102 -1
30 104 -1
30 107 -1
30 117 -1
30 119 -1
30 121 -1
30 127 -1
30 131 -1
30 133 -1
30 140 -1
30 142 -1
30 148 -1
30 156 -1
30 161 1
30 164 -1
30 174 -1
30 177 -1
30 185 -1
31 3 -1
31 4 -1
31 7 -1
31 8 -1
31 11 -1
31 12 -1
31 13 1
31 19 1
31 20 1
31 24 -1
31 25 -1
31 27 -1
31 33 -1
31 40 -1
31 42 -1
31 53 1
31 65 -1
31 71 1
31 78 1
31 89 -1
31 93 -1
31 96 1
31 101 1
31 107 -1
31 117 -1
31 120 1
31 127 -1
31 128 -1
31 129 -1
31 133 -1
31 137 -1
31 140 -1
31 143 -1
31 145 -1
31 151 -1
31 154 -1
31 157 -1
31 165 -1
31 170 1
31 171 -1
31 172 -1
31 174 -1
31 182 -1
31 183 -1
32 2 -1
32 5 -1
32 13 -1
32 17 -1
32 21 -1
32 26 1
32 30 1
32 34 1
32 45 -1
32 46 -1
32 51 -1
32 54 1
32 55 -1
32 63 1
32 66 -1
32 67 -1
32 69 -1
32 74 -1
32 75 -1
32 77 -1
32 78 -1
32 80 1
32 85 -1
32 86 -1
32 94 1
32 98 -1
32 99 -1
32 102 -1
32 110 -1
32 112 -1
32 116 -1
32 120 -1
32 121 1
32 122 1
32 131 -1
32 137 1
32 139 -1
32 142 -1
32 146 -1
32 148 -1
32 156 -1
32 158 -1
32 160 1
32 163 1
32 170 -1
32 171 1
32 175 -1
32 178 -1
32 181 -1
32 188 -1
32 190 -1
33 9 -1
33 10 -1
33 22 1
33 25 -1
33 29 -1
33 32 -1
33 38 -1
33 47 -1
33 51 -1
33 54 -1
33 57 -1
33 59 -1
33 69 -1
33 71 -1
33 74 -1
33 77 -1
33 80 -1
33 83 1
33 87 -1
33 88 -1
33 92 -1
33 95 -1
33 101 -1
33 109 -1
33 112 -1
33 114 -1
33 119 -1
33 127 -1
33 133 -1
33 135 -1
33 136 -1
33 137 -1
33 143 1
33 151 -1
33 154 -1
33 157 -1
33 163 1
33 164 -1
33 168 -1
33 169 1
33 175 -1
33 179 -1
33 185 1
34 7 -1
34 8 -1
34 9 -1
34 11 -1
34 22 -1
34 30 -1
34 33 -1
34 37 -1
34 44 1
34 45 -1
34 48 -1
34 54 1
34 55 1
34 59 -1
34 63 -1
34 69 -1
34 73 -1
34 84 -1
34 85 1
34 86 -1
34 88 -1
34 91 -1
34 92 -1
34 96 -1
34 101 -1
34 102 -1
34 106 -1
34 113 -1
34 114 -1
34 116 -1
34 117 -1
34 118 -1
34 129 1
34 131 -1
34 134 1
34 135 -1
34 137 1
34 140 -1
34 149 -1
34 155 1
34 162 -1
34 173 1
34 175 -1
34 177 -1
34 178 -1
34 181 -1
34 185 -1
34 186 1
34 188 -1
34 190 -1
35 8 -1
35 9 -1
35 12 -1
35 16 -1
35 22 1
35 29 -1
35 30 -1
35 31 -1
35 32 -1
35 34 -1
35 39 -1
35 40 1
35 42 1
35 46 1
35 53 -1
35 56 -1
35 59 -1
35 60 -1
35 64 -1
35 69 -1
35 71 1
35 75 -1
35 76 1
35 81 1
35 83 -1
35 84 -1
35 85 -1
35 97 -1
35 99 -1
35 100 -1
35 101 -1
35 103 -1
35 105 1
35 107 -1
35 133 -1
35 134 -1
35 136 -1
35 147 1
35 153 -1
35 155 -1
35 158 -1
35 159 -1
35 163 -1
35 171 -1
35 175 -1
35 181 1
35 187 1
35 188 -1
35 189 -1
36 1 -1
36 6 1
36 8 -1
36 10 -1
36 12 -1
36 14 -1
36 15 -1
36 18 -1
36 23 1
36 29 -1
36 32 -1
36 35 -1
36 48 -1
36 52 -1
36 53 -1
36 58 -1
36 61 -1
36 62 -1
36 66 -1
36 67 -1
36 75 -1
36 79 1
36 80 -1
36 83 -1
36 84 -1
36 87 1
36 90 -1
36 95 -1
36 100 -1
36 102 1
36 103 -1
36 105 1
36 113 -1
36 121 1
36 134 -1
36 135 1
36 140 -1
36 143 1
36 144 -1
36 147 -1
36 159 -1
36 182 -1
36 186 -1
36 190 -1
37 4 -1
37 5 -1
37 12 -1
37 15 1
37 17 -1
37 23 -1
37 28 -1
37 31 -1
37 32 -1
37 35 -1
37 36 -1
37 38 -1
37 42 -1
37 54 -1
37 58 -1
37 59 -1
37 60 1
37 64 -1
37 67 -1
37 68 -1
37 69 1
37 73 -1
37 76 -1
37 83 -1
37 86 1
37 89 -1
37 92 -1
37 100 -1
37 107 -1
37 109 -1
37 110 -1
37 119 -1
37 129 -1
37 130 -1
37 133 -1
37 135 -1
37 136 1
37 137 -1
37 140 -1
37 143 -1
37 145 -1
37 151 -1
37 157 1
37 161 -1
37 163 -1
37 165 -1
37 169 -1
37 173 -1
37 177 1
37 190 -1
38 2 -1
38 14 -1
38 16 -1
38 17 -1
38 39 -1
38 41 -1
38 43 -1
38 48 -1
38 51 -1
38 52 1
38 53 1
38 54 -1
38 57 -1
38 58 -1
38 68 -1
38 70 -1
38 74 1
38 75 -1
38 85 -1
38 87 -1
38 92 1
38 104 -1
38 106 -1
38 108 -1
38 109 -1
38 117 -1
38 121 -1
38 129 1
38 131 -1
38 135 -1
38 138 -1
38 140 -1
38 143 -1
38 151 -1
38 154 -1
38 155 1
38 167 1
38 178 -1
38 181 -1
38 183 -1
38 184 -1
39 1 -1
39 2 -1
39 6 -1
39 7 -1
39 27 -1
39 30 -1
39 32 -1
39 33 1
39 36 -1
39 45 -1
39 56 -1
39 63 -1
39 65 -1
39 68 1
39 69 -1
39 73 -1
39 74 -1
39 82 -1
39 84 -1
39 87 -1
39 90 1
39 91 1
39 103 -1
39 111 -1
39 112 -1
39 121 -1
39 123 -1
39 127 -1
39 133 1
39 136 -1
39 137 -1
39 138 -1
39 144 -1
39 154 -1
39 158 1
39 160 -1
39 161 -1
39 168 -1
39 169 1
39 170 -1
39 172 -1
39 173 -1
39 177 -1
39 182 -1
39 184 -1
39 186 1
40 9 1
40 10 -1
40 13 -1
40 18 1
40 23 -1
40 32 -1
40 33 -1
40 34 -1
40 50 1
40 54 -1
40 55 -1
40 58 -1
40 62 -1
40 67 1
40 69 -1
40 71 -1
40 72 -1
40 75 -1
40 81 -1
40 92 -1
40 99 1
40 108 1
40 112 -1
40 126 -1
40 128 -1
40 133 -1
40 137 -1
40 138 -1
40 139 -1
40 140 -1
40 142 -1
40 144 -1
40 148 -1
40 152 1
40 157 -1
40 168 1
40 169 -1
40 172 -1
40 174 -1
40 188 -1
40 189 -1
41 2 1
41 4 -1
41 12 -1
41 17 -1
41 18 -1
41 19 -1
41 33 -1
41 34 -1
41 35 1
41 36 -1
41 40 -1
41 46 -1
41 49 -1
41 59 1
41 61 -1
41 65 -1
41 70 -1
41 73 1
41 80 -1
41 81 -1
41 87 1
41 90 -1
41 92 -1
41 93 -1
41 96 -1
41 98 -1
41 105 -1
41 107 -1
41 110 -1
41 116 -1
41 125 -1
41 134 -1
41 138 -1
41 144 -1
41 149 -1
41 152 -1
41 153 -1
41 157 -1
41 159 -1
41 160 -1
41 165 1
41 171 1
41 181 -1
41 187 1
42 5 -1
42 6 -1
42 7 -1
42 9 -1
42 10 -1
42 11 -1
42 13 -1
42 15 -1
42 16 -1
42 23 -1
42 27 1
42 34 -1
42 38 -1
42 40 -1
42 52 -1
42 54 -1
42 59 -1
42 75 -1
42 103 -1
42 110 -1
42 124 1
42 131 -1
42 135 1
42 136 -1
42 137 1
42 146 1
42 147 -1
42 148 -1
42 151 -1
42 156 -1
42 161 -1
42 163 1
42 164 -1
42 167 -1
42 171 -1
42 172 1
42 174 -1
42 183 -1
42 184 1
42 190 -1
43 2 -1
43 23 -1
43 27 1
43 32 -1
43 33 1
43 34 1
43 48 -1
43 51 -1
43 60 -1
43 62 -1
43 71 1
43 75 -1
43 86 -1
43 90 -1
43 92 1
43 94 1
43 103 1
43 106 1
43 109 -1
43 111 -1
43 116 -1
43 118 -1
43 125 1
43 126 -1
43 142 -1
43 145 -1
43 146 -1
43 148 -1
43 149 -1
43 157 -1
43 162 -1
43 164 1
43 166 -1
43 168 -1
43 172 1
43 174 -1
43 186 -1
43 189 -1
44 4 -1
44 5 -1
44 6 -1
44 7 -1
44 9 -1
44 13 -1
44 14 1
44 33 -1
44 39 -1
44 43 -1
44 47 -1
44 48 -1
44 51 1
44 58 -1
44 60 -1
44 63 -1
44 65 -1
44 66 -1
44 69 -1
44 76 -1
44 79 -1
44 80 -1
44 89 -1
44 91 -1
44 92 -1
44 95 1
44 104 1
44 112 -1
44 113 -1
44 114 -1
44 115 -1
44 117 -1
44 118 -1
44 119 -1
44 124 -1
44 126 -1
44 129 1
44 131 -1
44 134 1
44 136 1
44 138 -1
44 139 -1
44 140 1
44 148 -1
44 155 -1
44 156 -1
44 160 -1
44 162 -1
44 165 -1
44 168 -1
44 170 -1
44 171 -1
44 172 1
44 173 -1
44 175 -1
44 179 -1
44 185 -1
44 186 -1
44 189 -1
44 190 -1
45 1 -1
45 4 -1
45 10 -1
45 13 -1
45 19 -1
45 23 1
45 25 1
45 28 -1
45 30 1
45 35 -1
45 46 -1
45 49 -1
45 56 -1
45 63 -1
45 69 1
45 74 -1
45 77 -1
45 83 -1
45 84 -1
45 87 -1
45 90 -1
45 93 -1
45 95 -1
45 99 -1
45 103 -1
45 106 1
45 112 -1
45 115 1
45 117 -1
45 121 1
45 127 -1
45 128 -1
45 130 -1
45 132 -1
45 137 -1
45 138 -1
45 139 1
45 142 -1
45 145 -1
45 151 -1
45 153 -1
45 157 1
45 160 -1
45 162 -1
45 164 1
45 168 -1
45 169 -1
45 174 -1
45 177 -1
45 179 -1
45 188 -1
45 189 1
46 2 -1
46 3 -1
46 4 -1
46 5 -1
46 10 -1
46 11 -1
46 14 -1
46 19 -1
46 30 -1
46 33 -1
46 39 1
46 43 -1
46 44 -1
46 49 -1
46 50 -1
46 55 1
46 56 -1
46 60 -1
46 62 -1
46 64 -1
46 69 -1
46 74 1
46 81 -1
46 82 -1
46 85 -1
46 86 -1
46 87 -1
46 90 -1
46 98 -1
46 99 -1
46 103 -1
46 106 1
46 109 -1
46 111 1
46 123 1
46 130 -1
46 143 -1
46 149 1
46 151 -1
46 158 -1
46 166 1
46 168 -1
46 175 1
46 181 -1
46 186 -1
46 190 -1
47 1 -1
47 2 -1
47 7 1
47 12 -1
47 13 -1
47 14 1
47 17 -1
47 21 -1
47 23 -1
47 25 -1
47 28 -1
47 32 1
47 37 -1
47 41 -1
47 43 -1
47 46 -1
47 50 -1
47 54 -1
47 62 -1
47 65 -1
47 72 1
47 79 -1
47 82 -1
47 88 -1
47 90 -1
47 94 -1
47 95 -1
47 96 -1
47 97 -1
47 98 -1
47 101 -1
47 111 1
47 112 -1
47 118 -1
47 122 -1
47 126 -1
47 130 -1
47 135 -1
47 148 -1
47 150 -1
47 154 -1
47 158 -1
47 163 1
47 172 -1
47 184 1
47 189 -1
47 190 -1
48 1 -1
48 3 1
48 5 -1
48 8 -1
48 11 -1
48 13 -1
48 17 -1
48 20 -1
48 22 -1
48 32 1
48 33 -1
48 35 -1
48 37 -1
48 41 -1
48 42 -1
48 45 -1
48 47 -1
48 62 1
48 68 -1
48 69 -1
48 71 -1
48 72 -1
48 81 -1
48 85 -1
48 89 -1
48 90 -1
48 92 -1
48 93 -1
48 95 -1
48 96 -1
48 97 1
48 102 -1
48 106 -1
48 121 -1
48 125 1
48 136 -1
48 138 -1
48 143 -1
48 144 -1
48 145 -1
48 146 -1
48 149 1
48 154 -1
48 162 -1
48 168 -1
48 172 1
48 173 -1
48 177 -1
48 180 -1
48 184 -1
48 185 -1
48 186 -1
48 187 -1
48 189 -1
48 190 -1
49 6 -1
49 13 1
49 18 -1
49 21 -1
49 22 -1
49 23 -1
49 24 -1
49 25 -1
49 30 1
49 33 -1
49 36 -1
49 37 -1
49 44 1
49 47 -1
49 48 -1
49 56 -1
49 61 -1
49 62 -1
49 73 1
49 81 -1
49 84 -1
49 87 -1
49 88 -1
49 90 -1
49 96 -1
49 106 1
49 109 -1
49 110 -1
49 111 1
49 119 -1
49 123 -1
49 126 -1
49 134 -1
49 136 -1
49 157 -1
49 161 -1
49 162 -1
49 166 -1
49 168 -1
49 170 -1
49 173 -1
49 176 -1
49 177 -1
49 178 -1
49 180 -1
49 181 -1
49 183 -1
49 185 1
49 190 -1
50 1 -1
50 2 -1
50 4 -1
50 5 1
50 13 -1
50 17 -1
50 23 -1
50 24 1
50 28 -1
50 30 -1
50 32 1
50 35 -1
50 37 1
50 39 -1
50 42 1
50 43 1
50 45 1
50 48 -1
50 49 -1
50 52 -1
50 53 -1
50 58 -1
50 59 -1
50 63 -1
50 65 -1
50 68 -1
50 75 -1
50 81 -1
50 94 -1
50 97 -1
50 98 1
50 111 -1
50 114 -1
50 116 -1
50 120 -1
50 143 -1
50 144 -1
50 149 -1
50 156 -1
50 163 -1
50 166 -1
50 168 -1
50 173 -1
50 174 1
50 175 -1
50 180 -1
50 181 -1
50 183 -1
50 185 -1
51 3 -1
51 7 -1
51 18 -1
51 24 1
51 29 -1
51 35 1
51 39 1
51 40 -1
51 41 -1
51 42 -1
51 46 -1
51 47 -1
51 50 -1
51 53 -1
51 59 1
51 61 -1
51 76 -1
51 79 -1
51 80 -1
51 86 1
51 95 1
51 100 1
51 101 -1
51 129 -1
51 130 1
51 134 -1
51 136 -1
51 139 -1
51 146 1
51 148 -1
51 154 1
51 157 -1
51 166 1
51 168 -1
51 175 -1
51 180 -1
51 182 -1
51 184 -1
52 7 -1
52 12 -1
52 14 -1
52 19 -1
52 21 -1
52 31 1
52 32 1
52 35 -1
52 39 -1
52 40 -1
52 41 1
52 43 -1
52 44 -1
52 46 -1
52 51 -1
52 57 -1
52 61 -1
52 65 -1
52 66 -1
52 68 -1
52 76 -1
52 78 -1
52 89 1
52 91 1
52 93 -1
52 94 -1
52 96 -1
52 101 -1
52 103 -1
52 105 -1
52 109 1
52 116 1
52 117 -1
52 123 -1
52 124 -1
52 128 -1
52 133 -1
52 134 -1
52 138 -1
52 142 1
52 143 1
52 148 -1
52 155 1
52 156 -1
52 157 1
52 162 -1
52 165 -1
52 167 1
52 170 -1
52 176 -1
52 177 1
52 178 -1
52 183 1
52 184 -1
53 6 -1
53 16 -1
53 23 1
53 32 -1
53 33 -1
53 34 -1
53 40 -1
53 43 -1
53 44 1
53 45 -1
53 58 -1
53 62 -1
53 67 -1
53 68 -1
53 71 -1
53 81 -1
53 85 1
53 88 -1
53 89 -1
53 92 -1
53 99 1
53 100 1
53 107 -1
53 108 -1
53 109 -1
53 113 1
53 114 -1
53 116 1
53 118 1
53 127 -1
53 131 1
53 134 -1
53 137 -1
53 138 1
53 144 -1
53 145 -1
53 154 -1
53 158 1
53 169 -1
53 174 1
53 187 -1
53 188 -1
54 2 1
54 7 -1
54 12 -1
54 13 1
54 16 -1
54 20 -1
54 25 -1
54 27 1
54 28 1
54 39 -1
54 44 1
54 46 -1
54 52 -1
54 53 -1
54 57 -1
54 58 -1
54 59 1
54 60 -1
54 64 -1
54 65 -1
54 89 -1
54 93 1
54 108 -1
54 110 -1
54 114 -1
54 115 -1
54 123 -1
54 127 1
54 131 -1
54 133 -1
54 138 -1
54 141 -1
54 151 -1
54 153 -1
54 157 -1
54 170 -1
54 172 -1
54 173 1
54 185 -1
54 187 -1
54 190 1
55 1 -1
55 6 -1
55 11 1
55 12 -1
55 17 -1
55 24 -1
55 28 -1
55 35 -1
55 36 1
55 37 1
55 39 -1
55 44 1
55 49 -1
55 50 -1
55 51 -1
55 60 1
55 68 -1
55 74 -1
55 80 -1
55 82 -1
55 85 -1
55 87 -1
55 96 -1
55 99 -1
55 107 -1
55 110 -1
55 116 -1
55 119 -1
55 126 -1
55 130 1
55 131 -1
55 132 1
55 133 1
55 134 -1
55 138 -1
55 140 -1
55 144 1
55 145 -1
55 153 -1
55 157 -1
55 159 -1
55 167 -1
55 169 -1
55 170 1
55 172 -1
55 181 -1
55 184 -1
55 190 -1
56 3 -1
56 4 -1
56 8 -1
56 12 -1
56 13 -1
56 14 1
56 19 -1
56 20 -1
56 21 -1
56 24 -1
56 28 -1
56 30 -1
56 31 -1
56 32 -1
56 38 -1
56 40 -1
56 44 1
56 51 1
56 53 -1
56 60 1
56 62 -1
56 66 1
56 72 -1
56 84 1
56 87 -1
56 90 -1
56 95 -1
56 101 -1
56 113 -1
56 115 1
56 116 -1
56 123 1
56 127 -1
56 134 -1
56 136 -1
56 142 1
56 143 -1
56 147 -1
56 148 -1
56 154 -1
56 156 -1
56 158 1
56 161 -1
56 165 1
56 168 -1
56 171 -1
56 178 -1
56 182 -1
56 183 -1
56 185 -1
57 7 -1
57 15 -1
57 19 1
57 21 -1
57 29 -1
57 32 -1
57 35 -1
57 37 -1
57 39 -1
57 40 1
57 42 1
57 45 -1
57 46 -1
57 47 -1
57 50 -1
57 51 -1
57 59 -1
57 68 1
57 76 -1
57 77 1
57 78 -1
57 90 -1
57 98 -1
57 99 1
57 111 -1
57 113 -1
57 118 -1
57 119 -1
57 120 -1
57 128 -1
57 133 1
57 135 1
57 139 -1
57 144 -1
57 145 1
57 158 -1
57 163 1
57 164 -1
57 173 -1
57 176 -1
57 177 -1
57 180 -1
57 181 -1
57 182 -1
57 187 -1
58 11 -1
58 15 -1
58 18 -1
58 25 -1
58 26 -1
58 27 1
58 32 -1
58 35 -1
58 42 -1
58 46 -1
58 51 -1
58 56 -1
58 62 -1
58 63 -1
58 67 -1
58 75 -1
58 76 -1
58 78 -1
58 80 -1
58 87 -1
58 94 -1
58 100 -1
58 103 1
58 107 1
58 118 -1
58 119 1
58 124 -1
58 125 -1
58 137 -1
58 138 -1
58 140 -1
58 143 -1
58 149 1
58 150 -1
58 162 1
58 166 -1
58 168 -1
58 173 -1
58 178 -1
58 180 -1
58 182 -1
58 186 -1
58 187 -1
59 4 -1
59 8 -1
59 13 -1
59 20 1
59 23 -1
59 28 1
59 29 -1
59 36 -1
59 38 -1
59 40 1
59 47 1
59 48 -1
59 52 -1
59 56 -1
59 75 -1
59 76 1
59 77 -1
59 78 -1
59 80 -1
59 82 -1
59 84 -1
59 85 1
59 86 -1
59 93 -1
59 102 -1
59 103 -1
59 106 1
59 112 -1
59 123 -1
59 130 -1
59 145 1
59 146 -1
59 156 -1
59 157 -1
59 160 -1
59 161 1
59 163 -1
59 186 1
59 189 -1
60 7 -1
60 8 -1
60 9 -1
60 10 -1
60 12 -1
60 14 1
60 21 -1
60 24 -1
60 32 -1
60 36 -1
60 39 -1
60 40 -1
60 52 -1
60 57 -1
60 59 -1
60 68 -1
60 80 1
60 82 1
60 92 -1
60 94 -1
60 95 -1
60 99 1
60 102 -1
60 104 1
60 105 -1
60 109 -1
60 119 -1
60 121 -1
60 127 -1
60 130 -1
60 135 -1
60 136 -1
60 147 -1
60 150 -1
60 154 -1
60 167 1
60 170 -1
60 174 -1
60 178 1
60 185 -1
60 186 1
60 188 -1
61 2 -1
61 4 -1
61 7 1
61 15 -1
61 17 1
61 23 -1
61 28 -1
61 29 -1
61 30 1
61 33 -1
61 34 1
61 35 -1
61 37 -1
61 55 -1
61 56 -1
61 58 -1
61 64 -1
61 66 -1
61 67 -1
61 69 -1
61 70 -1
61 84 1
61 86 -1
61 87 -1
61 89 -1
61 94 -1
61 97 -1
61 99 -1
61 102 -1
61 104 1
61 107 -1
61 110 -1
61 117 -1
61 118 1
61 120 -1
61 122 -1
61 132 -1
61 139 1
61 140 -1
61 142 -1
61 144 -1
61 145 -1
61 147 -1
61 150 -1
61 158 1
61 160 -1
61 161 -1
61 164 -1
61 165 1
61 174 -1
61 178 -1
61 188 -1
62 3 -1
62 5 -1
62 18 -1
62 19 -1
62 21 -1
62 28 -1
62 30 -1
62 33 -1
62 34 -1
62 42 -1
62 44 1
62 50 -1
62 52 -1
62 55 -1
62 57 1
62 59 -1
62 60 -1
62 69 -1
62 70 -1
62 75 -1
62 77 -1
62 81 -1
62 83 -1
62 89 1
62 97 -1
62 99 -1
62 102 1
62 105 -1
62 106 -1
62 107 -1
62 110 -1
62 112 -1
62 114 -1
62 120 -1
62 131 -1
62 136 -1
62 137 -1
62 138 -1
62 144 -1
62 145 -1
62 147 -1
62 149 -1
62 151 -1
62 153 -1
62 154 -1
62 155 -1
62 156 -1
62 164 1
62 165 -1
62 167 -1
62 172 -1
62 183 -1
62 186 -1
62 187 -1
63 5 1
63 10 -1
63 11 -1
63 12 -1
63 13 -1
63 18 -1
63 19 -1
63 27 -1
63 30 -1
63 37 -1
63 42 -1
63 46 -1
63 48 -1
63 53 -1
63 54 -1
63 56 -1
63 59 -1
63 60 -1
63 61 -1
63 62 -1
63 68 -1
63 70 -1
63 82 -1
63 83 1
63 86 -1
63 88 1
63 90 -1
63 101 1
63 106 1
63 109 -1
63 110 1
63 113 -1
63 114 1
63 116 -1
63 118 -1
63 125 1
63 130 -1
63 134 -1
63 136 -1
63 139 -1
63 154 -1
63 157 -1
63 158 -1
63 160 -1
63 165 1
63 170 1
63 179 -1
63 185 -1
63 186 -1
63 190 -1
64 2 -1
64 7 -1
64 9 -1
64 15 -1
64 18 -1
64 19 -1
64 21 -1
64 25 1
64 26 -1
64 27 -1
64 28 -1
64 36 -1
64 38 -1
64 42 1
64 43 -1
64 45 1
64 47 1
64 52 -1
64 56 -1
64 60 -1
64 63 -1
64 65 -1
64 68 -1
64 69 -1
64 74 -1
64 75 -1
64 78 -1
64 79 1
64 93 -1
64 104 -1
64 107 1
64 111 -1
64 114 -1
64 121 -1
64 124 -1
64 125 -1
64 129 1
64 131 -1
64 132 -1
64 135 -1
64 138 -1
64 139 -1
64 144 -1
64 145 -1
64 146 -1
64 147 -1
64 148 1
64 150 -1
64 160 -1
64 165 1
64 167 -1
64 177 -1
64 178 -1
64 179 -1
64 186 -1
64 189 1
64 190 -1
65 1 -1
65 3 -1
65 5 -1
65 11 -1
65 15 -1
65 18 -1
65 24 -1
65 29 -1
65 30 1
65 32 -1
65 43 -1
65 45 -1
65 55 -1
65 58 -1
65 63 -1
65 69 -1
65 70 -1
65 76 -1
65 79 -1
65 83 -1
65 88 -1
65 94 -1
65 105 -1
65 124 -1
65 125 -1
65 134 -1
65 140 -1
65 142 -1
65 143 -1
65 146 -1
65 153 -1
65 158 -1
65 164 -1
65 174 -1
65 178 -1
65 181 -1
66 12 -1
66 15 -1
66 29 1
66 33 1
66 40 -1
66 45 -1
66 46 1
66 48 -1
66 50 1
66 51 -1
66 53 -1
66 54 -1
66 55 -1
66 59 -1
66 63 -1
66 69 -1
66 79 -1
66 80 -1
66 81 -1
66 82 -1
66 85 -1
66 95 -1
66 98 -1
66 105 1
66 106 1
66 107 -1
66 118 -1
66 121 -1
66 128 -1
66 132 -1
66 134 -1
66 136 -1
66 140 -1
66 143 -1
66 145 -1
66 146 1
66 150 -1
66 151 -1
66 154 -1
66 159 1
66 163 -1
66 165 -1
66 183 -1
66 184 1
66 185 -1
66 189 -1
67 5 -1
67 23 -1
67 24 -1
67 26 -1
67 29 -1
67 33 -1
67 46 1
67 47 -1
67 49 -1
67 50 -1
67 51 -1
67 56 -1
67 57 1
67 59 1
67 63 -1
67 64 -1
67 66 1
67 68 -1
67 74 -1
67 77 -1
67 89 1
67 92 -1
67 93 -1
67 94 -1
67 105 -1
67 109 1
67 111 -1
67 112 1
67 115 -1
67 119 -1
67 123 -1
67 127 -1
67 129 -1
67 130 -1
67 134 -1
67 136 -1
67 138 1
67 142 -1
67 150 -1
67 156 1
67 157 -1
67 160 -1
67 161 1
67 165 -1
67 166 -1
67 167 -1
67 170 -1
67 174 -1
67 177 -1
67 178 1
67 186 1
67 190 -1
68 7 1
68 8 -1
68 13 -1
68 15 1
68 18 -1
68 23 -1
68 24 -1
68 27 -1
68 31 -1
68 36 -1
68 40 -1
68 54 1
68 56 1
68 65 -1
68 66 -1
68 69 1
68 73 -1
68 76 -1
68 77 -1
68 81 -1
68 85 -1
68 86 -1
68 92 -1
68 95 -1
68 106 -1
68 107 1
68 108 -1
68 112 -1
68 117 -1
68 119 -1
68 121 -1
68 129 -1
68 131 1
68 138 -1
68 142 -1
68 143 -1
68 155 -1
68 161 -1
68 162 -1
68 163 1
68 175 -1
68 177 -1
68 179 -1
68 186 -1
69 3 -1
69 7 -1
69 10 -1
69 13 -1
69 22 1
69 25 -1
69 30 1
69 31 1
69 36 -1
69 42 1
69 56 -1
69 71 -1
69 75 -1
69 77 -1
69 78 -1
69 79 -1
69 81 -1
69 84 -1
69 89 -1
69 90 1
69 98 -1
69 99 1
69 102 -1
69 111 -1
69 117 -1
69 125 1
69 128 -1
69 131 1
69 132 -1
69 136 -1
69 143 -1
69 149 -1
69 156 -1
69 157 -1
69 159 1
69 161 -1
69 175 -1
69 176 1
69 178 -1
69 185 1
69 190 1
70 4 1
70 5 -1
70 9 -1
70 19 -1
70 20 -1
70 25 -1
70 28 -1
70 31 -1
70 37 -1
70 47 1
70 55 1
70 58 -1
70 64 -1
70 68 -1
70 69 -1
70 71 -1
70 72 -1
70 77 1
70 83 -1
70 86 -1
70 87 -1
70 92 1
70 94 -1
70 102 -1
70 111 -1
70 113 1
70 114 -1
70 128 -1
70 133 -1
70 134 1
70 142 -1
70 143 -1
70 149 -1
70 157 -1
70 158 -1
70 159 -1
70 162 -1
70 164 -1
70 167 -1
70 175 -1
70 179 -1
70 185 -1
70 186 -1
70 188 -1
71 3 -1
71 22 1
71 25 -1
71 26 -1
71 27 1
71 28 -1
71 32 -1
71 37 -1
71 38 -1
71 42 -1
71 44 -1
71 45 -1
71 51 -1
71 57 -1
71 58 -1
71 62 -1
71 68 -1
71 79 -1
71 84 -1
71 89 1
71 94 1
71 98 -1
71 99 -1
71 102 -1
71 107 -1
71 110 -1
71 116 -1
71 119 1
71 125 -1
71 126 -1
71 127 1
71 131 -1
71 133 -1
71 136 -1
71 139 1
71 141 1
71 143 -1
71 145 -1
71 147 1
71 149 -1
71 152 -1
71 155 -1
71 156 -1
71 159 -1
71 160 -1
71 163 -1
71 166 -1
71 168 -1
71 171 -1
71 180 1
71 186 1
72 1 -1
72 2 -1
72 10 -1
72 24 -1
72 32 1
72 35 -1
72 38 -1
72 46 1
72 55 -1
72 61 -1
72 76 1
72 78 -1
72 83 -1
72 84 -1
72 85 -1
72 86 -1
72 90 -1
72 93 -1
72 94 -1
72 95 1
72 99 -1
72 103 1
72 111 -1
72 112 -1
72 117 -1
72 121 1
72 129 -1
72 133 -1
72 135 -1
72 138 -1
72 140 -1
72 142 -1
72 144 -1
72 148 -1
72 150 -1
72 152 -1
72 163 -1
72 164 -1
72 166 -1
72 171 -1
72 172 1
72 175 -1
72 176 -1
72 181 -1
72 185 -1
72 189 1
73 3 -1
73 12 -1
73 17 -1
73 22 -1
73 25 -1
73 27 -1
73 31 -1
73 35 -1
73 40 -1
73 45 -1
73 46 -1
73 50 -1
73 51 -1
73 54 -1
73 59 -1
73 65 -1
73 66 -1
73 67 -1
73 69 -1
73 71 -1
73 75 -1
73 77 -1
73 95 1
73 101 -1
73 104 -1
73 110 -1
73 111 -1
73 112 1
73 115 -1
73 122 1
73 129 1
73 139 -1
73 140 -1
73 145 -1
73 150 -1
73 156 1
73 158 1
73 159 -1
73 165 1
73 166 1
73 169 -1
73 171 -1
73 183 -1
73 185 -1
73 187 -1
73 188 -1
73 189 -1
74 17 -1
74 23 -1
74 27 -1
74 29 -1
74 35 1
74 40 1
74 42 -1
74 43 1
74 50 -1
74 51 -1
74 52 -1
74 53 -1
74 57 -1
74 59 -1
74 68 -1
74 69 -1
74 73 -1
74 86 -1
74 91 -1
74 103 -1
74 104 -1
74 111 -1
74 119 -1
74 122 1
74 126 -1
74 128 1
74 130 -1
74 134 -1
74 136 -1
74 138 -1
74 142 -1
74 149 -1
74 152 -1
74 153 -1
74 155 -1
74 158 -1
74 162 1
74 163 -1
74 164 -1
74 167 -1
74 169 -1
74 173 -1
74 174 -1
74 184 -1
74 188 1
74 190 -1
75 2 -1
75 3 -1
75 4 1
75 5 -1
75 18 -1
75 20 -1
75 26 -1
75 27 -1
75 46 -1
75 49 -1
75 68 1
75 79 -1
75 80 -1
75 84 -1
75 85 1
75 86 -1
75 92 -1
75 99 1
75 100 1
75 103 1
75 104 1
75 109 -1
75 110 -1
75 111 1
75 118 -1
75 119 -1
75 123 -1
75 134 -1
75 136 -1
75 137 -1
75 138 -1
75 146 -1
75 152 -1
75 156 -1
75 162 -1
75 170 -1
75 183 -1
75 185 -1
75 187 1
76 2 1
76 6 -1
76 8 1
76 9 -1
76 14 -1
76 18 -1
76 21 -1
76 26 -1
76 27 -1
76 29 -1
76 30 -1
76 32 -1
76 41 -1
76 43 1
76 45 1
76 49 1
76 50 -1
76 54 -1
76 55 -1
76 56 1
76 66 -1
76 67 1
76 70 1
76 73 1
76 77 -1
76 80 -1
76 100 -1
76 101 -1
76 102 -1
76 105 -1
76 109 -1
76 125 -1
76 127 -1
76 128 1
76 130 -1
76 139 -1
76 141 -1
76 144 -1
76 146 -1
76 150 -1
76 153 -1
76 155 -1
76 156 1
76 158 -1
76 163 -1
76 167 -1
76 171 -1
76 175 -1
76 179 1
76 180 -1
76 184 -1
76 188 -1
76 189 1
77 5 1
77 6 -1
77 8 1
77 13 -1
77 23 -1
77 25 -1
77 26 -1
77 27 -1
77 31 1
77 34 -1
77 36 -1
77 37 -1
77 38 -1
77 44 -1
77 48 -1
77 50 1
77 52 -1
77 55 -1
77 64 -1
77 65 -1
77 71 -1
77 79 -1
77 80 -1
77 81 -1
77 84 -1
77 85 1
77 88 -1
77 90 -1
77 96 -1
77 99 -1
77 105 -1
77 116 -1
77 128 -1
77 131 -1
77 133 1
77 135 -1
77 136 1
77 138 -1
77 141 -1
77 142 1
77 149 1
77 150 -1
77 151 -1
77 157 -1
77 161 -1
77 162 -1
77 172 -1
77 180 -1
77 183 -1
77 184 -1
77 187 -1
77 190 -1
78 1 -1
78 4 -1
78 6 1
78 9 1
78 12 -1
78 13 -1
78 14 -1
78 16 1
78 18 1
78 19 -1
78 20 -1
78 24 -1
78 27 -1
78 30 -1
78 43 -1
78 47 -1
78 53 -1
78 63 -1
78 65 1
78 66 -1
78 67 1
78 70 -1
78 71 1
78 74 -1
78 77 -1
78 90 -1
78 91 -1
78 95 -1
78 102 -1
78 104 -1
78 110 -1
78 114 -1
78 115 -1
78 117 1
78 125 -1
78 138 -1
78 139 -1
78 141 1
78 147 -1
78 151 -1
78 163 -1
78 169 -1
78 171 -1
78 174 -1
78 175 -1
78 177 -1
78 179 -1
78 180 -1
78 182 -1
78 188 -1
79 4 -1
79 9 -1
79 10 -1
79 18 -1
79 27 -1
79 33 -1
79 35 -1
79 37 -1
79 39 -1
79 40 -1
79 48 1
79 49 -1
79 53 -1
79 54 -1
79 56 -1
79 60 -1
79 61 -1
79 63 -1
79 70 -1
79 74 -1
79 78 -1
79 88 1
79 89 1
79 91 -1
79 96 -1
79 99 -1
79 115 -1
79 116 -1
79 120 -1
79 129 -1
79 135 -1
79 139 -1
79 142 -1
79 147 -1
79 150 -1
79 154 -1
79 155 -1
79 157 -1
79 160 -1
79 161 -1
79 166 -1
79 168 -1
79 171 -1
79 174 -1
79 178 -1
79 182 -1
79 183 -1
79 186 -1
79 189 -1
80 18 -1
80 26 -1
80 30 -1
80 34 -1
80 37 -1
80 39 -1
80 42 -1
80 43 -1
80 50 1
80 54 1
80 65 -1
80 68 -1
80 69 -1
80 70 -1
80 73 -1
80 74 -1
80 78 1
80 81 1
80 95 -1
80 97 -1
80 98 -1
80 100 1
80 102 1
80 105 -1
80 106 -1
80 107 -1
80 113 1
80 114 -1
80 117 1
80 119 -1
80 127 -1
80 128 -1
80 133 -1
80 136 -1
80 145 -1
80 146 -1
80 147 -1
80 160 -1
80 163 -1
80 164 -1
80 174 1
80 177 1
80 184 -1
80 187 -1
81 6 -1
81 12 -1
81 19 -1
81 21 -1
81 22 -1
81 24 1
81 25 -1
81 28 -1
81 29 1
81 33 -1
81 34 1
81 43 -1
81 45 -1
81 51 1
81 52 -1
81 54 -1
81 55 1
81 56 1
81 59 1
81 60 1
81 64 -1
81 82 -1
81 85 -1
81 86 -1
81 87 -1
81 93 -1
81 96 -1
81 97 -1
81 100 1
81 111 -1
81 114 -1
81 117 1
81 120 1
81 121 -1
81 128 -1
81 130 -1
81 132 -1
81 133 -1
81 139 -1
81 144 -1
81 148 1
81 153 -1
81 154 -1
81 156 -1
81 161 -1
81 165 -1
81 168 1
81 169 1
81 180 -1
81 181 1
81 183 -1
81 186 -1
81 189 1
82 3 -1
82 5 -1
82 6 -1
82 7 -1
82 11 -1
82 12 -1
82 15 -1
82 17 -1
82 18 -1
82 19 -1
82 23 -1
82 24 -1
82 32 -1
82 34 1
82 35 1
82 36 -1
82 40 -1
82 41 -1
82 45 -1
82 51 1
82 52 -1
82 61 1
82 65 -1
82 67 -1
82 71 -1
82 76 1
82 79 1
82 80 1
82 83 1
82 84 -1
82 88 -1
82 99 1
82 100 1
82 103 -1
82 112 -1
82 118 -1
82 128 -1
82 131 -1
82 133 -1
82 136 -1
82 145 -1
82 147 -1
82 148 1
82 154 -1
82 165 1
82 170 -1
82 176 -1
82 180 -1
82 181 -1
83 7 -1
83 16 -1
83 18 -1
83 23 -1
83 24 -1
83 29 -1
83 30 -1
83 40 -1
83 42 -1
83 43 -1
83 47 -1
83 48 1
83 53 1
83 56 -1
83 58 -1
83 64 -1
83 71 1
83 78 -1
83 92 -1
83 93 -1
83 99 -1
83 100 1
83 101 1
83 114 -1
83 117 -1
83 118 -1
83 120 -1
83 123 -1
83 129 -1
83 131 -1
83 142 1
83 144 -1
83 146 -1
83 147 -1
83 151 -1
83 153 -1
83 157 -1
83 160 1
83 172 -1
83 177 -1
83 183 -1
84 4 -1
84 6 -1
84 7 -1
84 12 -1
84 15 1
84 21 -1
84 31 -1
84 33 -1
84 37 -1
84 43 -1
84 44 -1
84 51 1
84 52 1
84 57 -1
84 62 1
84 64 -1
84 67 1
84 73 -1
84 74 -1
84 76 1
84 81 -1
84 83 -1
84 85 -1
84 100 -1
84 102 1
84 105 -1
84 113 1
84 114 -1
84 119 -1
84 121 1
84 130 1
84 131 -1
84 135 -1
84 138 1
84 142 -1
84 150 -1
84 153 -1
84 160 -1
84 161 -1
84 167 -1
84 168 -1
84 173 -1
84 177 -1
84 179 -1
84 186 1
84 187 -1
84 188 -1
84 189 -1
84 190 -1
85 1 -1
85 15 -1
85 20 -1
85 26 -1
85 31 -1
85 42 1
85 47 -1
85 50 -1
85 54 -1
85 57 -1
85 58 1
85 61 -1
85 62 -1
85 64 -1
85 74 1
85 76 -1
85 82 -1
85 86 -1
85 88 -1
85 93 1
85 94 -1
85 95 -1
85 96 -1
85 99 -1
85 107 -1
85 116 -1
85 118 -1
85 121 -1
85 127 -1
85 135 -1
85 145 1
85 147 -1
85 149 -1
85 159 -1
85 161 -1
85 169 -1
85 171 -1
85 173 -1
85 179 -1
85 181 -1
85 185 1
85 190 -1
86 4 -1
86 8 1
86 10 -1
86 11 -1
86 13 1
86 21 -1
86 23 -1
86 25 -1
86 26 1
86 38 -1
86 40 -1
86 41 -1
86 48 1
86 52 1
86 55 1
86 62 1
86 69 -1
86 71 1
86 80 -1
86 84 -1
86 90 -1
86 97 -1
86 98 -1
86 101 1
86 102 1
86 105 -1
86 110 -1
86 114 -1
86 115 -1
86 116 -1
86 128 -1
86 129 -1
86 135 -1
86 136 -1
86 139 1
86 144 1
86 145 1
86 147 1
86 154 1
86 155 1
86 160 -1
86 161 -1
86 163 -1
86 166 -1
86 167 -1
86 168 -1
86 170 -1
86 180 -1
86 181 1
87 1 -1
87 7 -1
87 9 -1
87 13 1
87 14 -1
87 19 -1
87 20 -1
87 27 -1
87 28 -1
87 32 -1
87 34 -1
87 37 1
87 43 -1
87 48 -1
87 52 -1
87 53 -1
87 59 -1
87 60 1
87 64 1
87 66 -1
87 68 -1
87 71 1
87 72 -1
87 77 -1
87 86 1
87 96 -1
87 109 -1
87 111 -1
87 114 -1
87 127 -1
87 133 -1
87 134 -1
87 136 -1
87 144 -1
87 145 -1
87 154 -1
87 157 -1
87 165 -1
87 168 -1
87 169 1
87 172 -1
87 173 -1
87 178 1
87 181 1
87 187 -1
88 5 -1
88 8 1
88 10 -1
88 11 1
88 13 -1
88 16 -1
88 19 1
88 21 -1
88 23 -1
88 25 -1
88 28 -1
88 35 -1
88 37 -1
88 38 -1
88 42 -1
88 43 -1
88 44 1
88 45 -1
88 51 1
88 52 -1
88 57 -1
88 58 -1
88 69 -1
88 74 -1
88 76 1
88 78 -1
88 83 1
88 93 1
88 97 -1
88 99 -1
88 101 -1
88 102 -1
88 104 1
88 105 -1
88 106 -1
88 109 -1
88 110 -1
88 111 -1
88 113 1
88 124 -1
88 125 -1
88 127 -1
88 131 -1
88 132 1
88 140 1
88 142 -1
88 144 -1
88 146 1
88 152 -1
88 153 1
88 154 1
88 160 -1
88 161 -1
88 165 -1
88 166 -1
88 168 -1
88 170 -1
88 174 -1
88 185 -1
88 190 -1
89 8 -1
89 14 -1
89 17 1
89 19 1
89 21 -1
89 22 1
89 29 -1
89 33 -1
89 42 1
89 43 -1
89 46 -1
89 51 1
89 57 1
89 63 -1
89 64 -1
89 70 1
89 73 1
89 76 -1
89 81 -1
89 87 -1
89 98 -1
89 102 -1
89 104 -1
89 107 -1
89 110 -1
89 111 -1
89 120 1
89 121 -1
89 123 1
89 125 -1
89 128 -1
89 130 -1
89 131 1
89 132 -1
89 133 1
89 136 -1
89 138 -1
89 145 -1
89 147 -1
89 148 -1
89 153 -1
89 154 -1
89 156 1
89 158 -1
89 161 -1
89 164 1
89 169 -1
89 171 1
89 172 -1
89 175 -1
89 178 -1
89 180 -1
89 186 -1
90 1 1
90 4 -1
90 10 -1
90 11 -1
90 20 -1
90 21 -1
90 30 1
90 38 1
90 51 -1
90 52 -1
90 53 -1
90 59 1
90 62 1
90 74 -1
90 80 -1
90 82 -1
90 83 1
90 85 -1
90 93 1
90 95 -1
90 99 -1
90 102 -1
90 104 -1
90 131 1
90 137 1
90 146 -1
90 148 -1
90 151 -1
90 153 -1
90 155 -1
90 166 -1
90 168 -1
90 171 -1
90 172 -1
90 173 -1
90 185 -1
90 188 1
90 189 -1
91 6 -1
91 16 -1
91 18 1
91 22 1
91 25 1
91 42 -1
91 45 1
91 48 -1
91 50 -1
91 53 -1
91 55 -1
91 59 1
91 60 -1
91 63 -1
91 64 -1
91 65 1
91 66 -1
91 68 -1
91 69 -1
91 71 1
91 75 -1
91 80 -1
91 85 -1
91 90 1
91 93 -1
91 94 -1
91 99 -1
91 101 1
91 108 -1
91 109 -1
91 110 -1
91 122 -1
91 123 -1
91 126 -1
91 130 -1
91 131 -1
91 141 -1
91 142 -1
91 143 -1
91 148 -1
91 149 1
91 156 -1
91 164 -1
91 173 1
91 176 -1
91 180 -1
91 183 -1
91 188 1
91 189 -1
91 190 -1
92 4 -1
92 10 -1
92 15 1
92 19 -1
92 25 -1
92 35 -1
92 39 -1
92 50 -1
92 52 -1
92 54 1
92 55 -1
92 57 -1
92 61 -1
92 65 -1
92 71 1
92 72 1
92 77 -1
92 78 1
92 79 -1
92 89 -1
92 91 -1
92 96 -1
92 97 -1
92 100 -1
92 106 -1
92 108 -1
92 113 -1
92 114 -1
92 115 -1
92 116 1
92 117 -1
92 118 1
92 119 1
92 126 -1
92 134 -1
92 137 -1
92 138 -1
92 140 1
92 142 1
92 146 -1
92 147 -1
92 149 -1
92 153 1
92 155 1
92 156 -1
92 161 -1
92 180 -1
92 183 -1
92 186 -1
92 189 -1
93 1 1
93 5 -1
93 6 -1
93 7 -1
93 10 1
93 11 -1
93 20 1
93 25 -1
93 26 -1
93 30 -1
93 33 -1
93 40 -1
93 43 -1
93 49 -1
93 51 -1
93 57 -1
93 61 -1
93 63 -1
93 79 -1
93 80 -1
93 87 -1
93 89 1
93 96 -1
93 98 -1
93 99 -1
93 102 -1
93 103 -1
93 111 -1
93 115 -1
93 117 -1
93 124 -1
93 125 -1
93 127 -1
93 128 -1
93 129 1
93 137 1
93 145 -1
93 147 -1
93 158 1
93 170 1
93 172 -1
93 180 -1
93 186 -1
93 189 -1
94 5 -1
94 9 1
94 10 -1
94 16 -1
94 18 -1
94 20 -1
94 31 -1
94 33 -1
94 35 -1
94 36 -1
94 37 -1
94 38 -1
94 40 -1
94 41 1
94 44 1
94 49 1
94 51 -1
94 53 -1
94 57 1
94 62 1
94 63 -1
94 68 -1
94 69 1
94 73 -1
94 74 -1
94 75 -1
94 77 -1
94 79 1
94 82 -1
94 83 -1
94 84 1
94 86 -1
94 89 -1
94 90 -1
94 95 -1
94 96 -1
94 99 -1
94 101 -1
94 102 -1
94 105 1
94 106 1
94 107 -1
94 108 -1
94 110 -1
94 111 -1
94 118 -1
94 128 -1
94 130 -1
94 133 -1
94 139 -1
94 144 -1
94 151 1
94 153 -1
94 155 -1
94 168 -1
94 169 -1
94 175 -1
95 1 -1
95 2 1
95 5 -1
95 10 -1
95 11 -1
95 13 -1
95 15 -1
95 26 -1
95 32 1
95 35 -1
95 41 -1
95 50 -1
95 53 -1
95 54 -1
95 57 -1
95 58 -1
95 61 -1
95 62 1
95 64 1
95 65 -1
95 70 -1
95 71 1
95 77 -1
95 81 -1
95 84 -1
95 97 -1
95 98 -1
95 101 -1
95 102 -1
95 104 -1
95 105 -1
95 109 1
95 111 -1
95 112 -1
95 119 1
95 124 -1
95 135 1
95 136 1
95 138 -1
95 140 -1
95 141 -1
95 144 -1
95 149 1
95 161 -1
95 165 -1
95 166 1
95 178 -1
95 184 -1
95 185 1
95 187 -1
95 189 1
95 190 -1
96 4 1
96 6 -1
96 7 -1
96 11 -1
96 12 -1
96 16 -1
96 21 -1
96 23 -1
96 25 -1
96 28 1
96 29 -1
96 33 -1
96 37 -1
96 38 1
96 42 -1
96 45 -1
96 46 -1
96 50 1
96 58 1
96 60 -1
96 62 -1
96 67 -1
96 70 -1
96 73 -1
96 84 -1
96 88 -1
96 90 -1
96 107 -1
96 108 -1
96 109 -1
96 113 -1
96 121 -1
96 123 -1
96 132 -1
96 133 -1
96 135 -1
96 136 -1
96 138 -1
96 139 -1
96 141 1
96 143 -1
96 145 1
96 146 -1
96 147 -1
96 151 -1
96 152 -1
96 157 -1
96 164 1
96 166 -1
96 168 -1
96 171 -1
96 174 -1
96 187 1
97 1 -1
97 4 -1
97 6 -1
97 7 -1
97 15 -1
97 17 -1
97 18 1
97 24 -1
97 31 -1
97 34 -1
97 36 1
97 37 -1
97 38 1
97 41 1
97 43 -1
97 51 -1
97 52 -1
97 55 -1
97 58 1
97 60 -1
97 63 -1
97 66 -1
97 70 -1
97 71 -1
97 74 -1
97 77 1
97 78 -1
97 84 -1
97 85 -1
97 87 -1
97 90 -1
97 96 1
97 99 -1
97 101 -1
97 106 -1
97 108 -1
97 120 1
97 122 1
97 123 -1
97 126 -1
97 136 1
97 141 1
97 143 1
97 170 -1
97 181 -1
98 2 1
98 14 -1
98 16 -1
98 17 -1
98 18 -1
98 22 1
98 26 1
98 27 -1
98 36 1
98 38 -1
98 44 -1
98 54 -1
98 56 -1
98 62 -1
98 65 -1
98 68 -1
98 70 -1
98 73 -1
98 78 -1
98 79 -1
98 82 1
98 87 1
98 90 -1
98 91 -1
98 94 -1
98 100 -1
98 101 -1
98 113 -1
98 116 1
98 119 -1
98 121 -1
98 125 -1
98 126 -1
98 127 -1
98 129 -1
98 131 -1
98 132 -1
98 134 1
98 136 -1
98 138 -1
98 139 -1
98 140 -1
98 142 -1
98 145 -1
98 148 1
98 150 -1
98 158 -1
98 160 -1
98 161 -1
98 162 -1
98 176 -1
98 179 -1
98 181 -1
98 185 -1
98 188 -1
98 190 -1
99 2 1
99 3 1
99 4 1
99 5 -1
99 9 -1
99 13 1
99 15 -1
99 22 1
99 25 -1
99 27 -1
99 28 -1
99 30 -1
99 38 -1
99 44 1
99 48 -1
99 49 -1
99 50 1
99 52 -1
99 59 -1
99 65 -1
99 66 1
99 78 -1
99 84 -1
99 86 -1
99 101 1
99 105 -1
99 106 -1
99 107 1
99 109 -1
99 110 -1
99 113 -1
99 120 1
99 121 -1
99 122 -1
99 127 1
99 128 -1
99 144 -1
99 152 -1
99 156 1
99 167 1
99 177 -1
99 186 -1
100 2 -1
100 23 -1
100 27 -1
100 32 -1
100 42 1
100 44 -1
100 47 -1
100 49 -1
100 52 -1
100 55 -1
100 59 -1
100 61 -1
100 64 -1
100 70 -1
100 74 1
100 77 -1
100 78 -1
100 91 -1
100 95 -1
100 106 -1
100 108 -1
100 111 -1
100 112 -1
100 115 -1
100 131 1
100 133 -1
100 138 1
100 139 -1
100 140 -1
100 142 -1
100 143 -1
100 146 -1
100 153 -1
100 156 -1
100 158 -1
100 160 -1
100 164 -1
100 180 1
100 182 -1
100 185 -1
100 187 -1
100 189 1
101 1 -1
101 4 1
101 5 -1
101 12 -1
101 14 -1
101 18 1
101 19 -1
101 20 -1
101 29 -1
101 39 -1
101 45 -1
101 46 -1
101 49 -1
101 53 -1
101 55 1
101 58 -1
101 60 1
101 64 1
101 66 -1
101 69 -1
101 75 -1
101 77 -1
101 79 -1
101 80 -1
101 81 1
101 82 1
101 87 -1
101 100 -1
101 105 -1
101 109 -1
101 114 -1
101 116 -1
101 121 -1
101 122 1
101 125 -1
101 128 -1
101 131 -1
101 133 1
101 144 -1
101 150 -1
101 151 -1
101 154 -1
101 159 -1
101 160 1
101 169 -1
101 175 -1
101 184 -1
102 2 -1
102 12 -1
102 22 -1
102 24 -1
102 29 1
102 39 -1
102 40 -1
102 43 -1
102 47 -1
102 49 -1
102 50 -1
102 51 -1
102 52 1
102 58 -1
102 63 -1
102 66 -1
102 77 -1
102 79 -1
102 87 -1
102 92 -1
102 100 -1
102 101 -1
102 105 -1
102 111 -1
102 114 -1
102 115 -1
102 117 -1
102 121 -1
102 125 -1
102 128 1
102 132 -1
102 136 -1
102 143 -1
102 148 1
102 160 1
102 170 -1
102 180 -1
103 10 1
103 12 -1
103 15 -1
103 17 -1
103 19 1
103 26 -1
103 27 -1
103 30 -1
103 33 -1
103 37 -1
103 49 -1
103 50 -1
103 57 -1
103 65 -1
103 68 -1
103 70 -1
103 77 -1
103 78 -1
103 86 -1
103 88 -1
103 90 -1
103 91 -1
103 92 -1
103 101 -1
103 108 -1
103 109 1
103 111 -1
103 113 -1
103 116 -1
103 117 -1
103 122 1
103 123 -1
103 125 -1
103 126 -1
103 128 -1
103 135 1
103 136 -1
103 138 1
103 142 1
103 148 -1
103 153 1
103 154 -1
103 156 -1
103 170 1
103 172 -1
103 173 1
103 175 -1
103 180 -1
103 182 -1
103 186 -1
103 188 -1
104 3 -1
104 4 -1
104 10 -1
104 11 -1
104 15 -1
104 22 -1
104 24 -1
104 27 -1
104 29 -1
104 31 -1
104 34 1
104 37 1
104 40 -1
104 42 1
104 48 1
104 53 1
104 55 -1
104 62 -1
104 66 -1
104 67 -1
104 69 1
104 70 -1
104 80 -1
104 81 -1
104 85 -1
104 87 -1
104 100 -1
104 107 -1
104 111 1
104 123 -1
104 124 1
104 129 1
104 133 -1
104 142 -1
104 145 -1
104 146 -1
104 153 -1
104 161 -1
104 165 -1
104 166 -1
104 170 -1
104 175 -1
104 178 -1
104 181 1
104 183 -1
104 185 -1
104 186 -1
105 3 -1
105 8 1
105 9 -1
105 11 1
105 23 1
105 27 -1
105 34 -1
105 37 -1
105 39 -1
105 45 -1
105 49 -1
105 50 -1
105 56 1
105 58 -1
105 61 -1
105 73 -1
105 93 -1
105 96 -1
105 97 -1
105 108 -1
105 112 -1
105 113 -1
105 114 -1
105 115 -1
105 116 1
105 122 -1
105 134 1
105 136 -1
105 141 1
105 143 1
105 144 -1
105 148 1
105 149 -1
105 150 -1
105 151 -1
105 165 1
105 175 -1
105 178 -1
105 185 -1
106 2 1
106 4 -1
106 5 -1
106 6 -1
106 9 -1
106 15 -1
106 23 -1
106 25 -1
106 33 1
106 35 -1
106 36 -1
106 39 -1
106 41 -1
106 44 -1
106 50 -1
106 55 -1
106 56 1
106 61 -1
106 70 -1
106 72 -1
106 76 1
106 81 -1
106 85 -1
106 91 -1
106 96 -1
106 115 -1
106 119 -1
106 129 -1
106 130 1
106 146 1
106 148 -1
106 150 -1
106 164 -1
106 167 -1
106 169 -1
106 171 -1
106 173 -1
106 186 -1
106 187 1
107 2 -1
107 5 -1
107 6 -1
107 7 -1
107 8 1
107 9 -1
107 19 -1
107 21 -1
107 22 1
107 24 -1
107 33 1
107 42 -1
107 44 -1
107 46 -1
107 47 -1
107 49 -1
107 57 -1
107 59 1
107 63 -1
107 69 -1
107 72 -1
107 83 1
107 86 -1
107 87 -1
107 92 1
107 98 -1
107 111 -1
107 114 -1
107 115 -1
107 120 -1
107 121 -1
107 124 1
107 126 -1
107 127 1
107 128 1
107 131 -1
107 137 1
107 140 -1
107 141 -1
107 142 -1
107 146 -1
107 147 -1
107 148 -1
107 149 -1
107 154 1
107 157 -1
107 158 -1
107 162 -1
107 163 -1
107 165 -1
107 166 -1
107 170 -1
107 172 -1
107 174 1
107 175 -1
107 178 -1
107 182 -1
107 186 -1
107 187 -1
108 1 -1
108 9 -1
108 14 1
108 18 -1
108 21 -1
108 28 -1
108 32 -1
108 35 -1
108 36 -1
108 46 -1
108 47 -1
108 50 -1
108 51 -1
108 55 -1
108 56 -1
108 57 -1
108 59 -1
108 61 -1
108 69 1
108 70 -1
108 72 -1
108 78 -1
108 82 -1
108 85 1
108 89 -1
108 104 -1
108 110 -1
108 114 -1
108 116 -1
108 117 -1
108 118 -1
108 129 -1
108 131 -1
108 133 -1
108 135 -1
108 136 1
108 138 -1
108 140 -1
108 151 1
108 155 -1
108 157 -1
108 161 1
108 165 -1
108 166 -1
108 172 -1
108 176 -1
108 181 -1
108 184 1
108 186 -1
109 3 1
109 6 -1
109 8 -1
109 11 -1
109 13 -1
109 23 -1
109 25 -1
109 31 -1
109 39 -1
109 41 -1
109 42 -1
109 45 -1
109 47 -1
109 59 -1
109 70 -1
109 79 -1
109 89 -1
109 90 -1
109 92 1
109 100 -1
109 105 -1
109 107 -1
109 122 -1
109 124 1
109 127 -1
109 129 -1
109 135 -1
109 137 -1
109 140 -1
109 141 -1
109 144 1
109 146 -1
109 151 -1
109 160 1
109 161 1
109 162 -1
109 164 -1
109 166 -1
109 167 -1
109 178 -1
109 181 -1
109 182 -1
110 1 1
110 2 1
110 4 -1
110 5 -1
110 7 -1
110 11 -1
110 15 -1
110 16 -1
110 18 -1
110 21 1
110 22 -1
110 31 -1
110 34 -1
110 47 -1
110 50 -1
110 56 -1
110 57 1
110 65 -1
110 67 -1
110 79 -1
110 87 -1
110 95 -1
110 98 1
110 111 -1
110 116 -1
110 124 1
110 131 -1
110 132 1
110 139 -1
110 142 -1
110 147 -1
110 149 -1
110 151 1
110 158 -1
110 159 -1
110 160 -1
110 161 1
110 163 -1
110 164 -1
110 172 1
110 180 -1
110 181 -1
110 183 -1
110 187 -1
111 4 -1
111 5 -1
111 7 -1
111 10 -1
111 12 -1
111 15 1
111 19 -1
111 25 1
111 26 1
111 34 -1
111 36 1
111 37 -1
111 38 -1
111 41 -1
111 45 -1
111 59 -1
111 61 -1
111 62 -1
111 65 -1
111 71 1
111 76 -1
111 77 -1
111 78 1
111 79 -1
111 86 -1
111 99 -1
111 108 -1
111 109 -1
111 116 -1
111 120 1
111 123 -1
111 127 1
111 131 -1
111 134 -1
111 142 -1
111 145 -1
111 149 -1
111 155 1
111 160 1
111 162 -1
111 163 -1
111 168 -1
111 172 1
111 179 -1
111 182 1
111 185 1
111 188 -1
112 5 -1
112 6 1
112 16 -1
112 17 -1
112 19 -1
112 23 -1
112 26 -1
112 30 1
112 41 -1
112 42 1
112 48 -1
112 52 1
112 57 -1
112 64 -1
112 65 -1
112 69 -1
112 77 -1
112 83 -1
112 84 -1
112 86 -1
112 89 -1
112 91 -1
112 97 -1
112 98 -1
112 101 -1
112 107 -1
112 108 1
112 114 -1
112 120 -1
112 122 -1
112 126 -1
112 127 -1
112 129 -1
112 130 1
112 143 -1
112 149 -1
112 152 -1
112 155 1
112 156 1
112 160 -1
112 161 -1
112 165 1
112 176 1
112 177 -1
112 181 1
112 182 -1
112 190 1
113 6 -1
113 20 -1
113 27 -1
113 28 1
113 33 1
113 35 -1
113 37 -1
113 38 -1
113 42 1
113 45 -1
113 51 -1
113 64 -1
113 66 -1
113 67 -1
113 72 -1
113 73 -1
113 86 -1
113 93 1
113 95 1
113 97 -1
113 100 -1
113 101 -1
113 102 -1
113 104 -1
113 108 -1
113 110 -1
113 111 -1
113 120 -1
113 124 -1
113 128 -1
113 141 -1
113 148 1
113 150 -1
113 152 -1
113 159 -1
113 162 -1
113 170 -1
113 172 -1
113 178 -1
113 185 -1
113 186 -1
113 187 -1
114 2 1
114 3 -1
114 8 -1
114 10 1
114 24 -1
114 30 -1
114 31 -1
114 37 -1
114 38 -1
114 39 -1
114 46 -1
114 51 -1
114 52 -1
114 56 1
114 58 -1
114 60 1
114 66 -1
114 69 -1
114 72 1
114 77 -1
114 79 -1
114 89 -1
114 93 1
114 94 -1
114 95 1
114 96 1
114 97 -1
114 98 -1
114 110 -1
114 113 -1
114 115 1
114 117 -1
114 119 -1
114 120 -1
114 123 -1
114 124 -1
114 131 1
114 140 -1
114 146 -1
114 147 -1
114 155 -1
114 157 -1
114 165 1
114 167 -1
114 168 -1
114 170 -1
114 173 -1
114 176 -1
114 177 -1
114 180 -1
114 181 -1
115 5 -1
115 11 1
115 14 -1
115 19 -1
115 20 -1
115 22 -1
115 23 1
115 32 -1
115 35 -1
115 36 1
115 37 -1
115 41 -1
115 42 1
115 51 -1
115 57 -1
115 59 -1
115 60 -1
115 65 -1
115 74 -1
115 75 -1
115 81 -1
115 85 -1
115 88 -1
115 95 -1
115 98 -1
115 99 -1
115 108 -1
115 111 -1
115 119 -1
115 121 1
115 126 -1
115 127 -1
115 129 -1
115 134 -1
115 135 -1
115 139 -1
115 141 1
115 143 1
115 147 -1
115 149 -1
115 151 -1
115 165 -1
115 171 -1
115 176 -1
115 178 -1
115 184 -1
115 188 -1
116 7 -1
116 14 1
116 15 -1
116 17 -1
116 25 -1
116 26 -1
116 27 -1
116 28 -1
116 30 -1
116 38 -1
116 42 1
116 44 -1
116 47 -1
116 54 -1
116 57 -1
116 60 -1
116 65 -1
116 69 -1
116 83 -1
116 84 -1
116 87 -1
116 91 -1
116 94 -1
116 104 -1
116 107 -1
116 112 1
116 114 -1
116 117 -1
116 119 -1
116 121 -1
116 124 -1
116 125 1
116 126 1
116 127 -1
116 135 -1
116 139 1
116 140 -1
116 150 -1
116 151 -1
116 154 -1
116 163 -1
116 166 -1
116 171 -1
116 179 -1
116 187 1
116 188 -1
116 189 -1
117 13 1
117 14 1
117 23 -1
117 24 -1
117 26 -1
117 33 -1
117 43 -1
117 46 1
117 51 -1
117 53 1
117 54 -1
117 55 1
117 60 -1
117 62 -1
117 64 -1
117 70 -1
117 77 -1
117 82 -1
117 85 -1
117 86 -1
117 88 -1
117 89 -1
117 95 -1
117 98 -1
117 100 -1
117 101 1
117 105 -1
117 106 -1
117 110 1
117 112 -1
117 119 -1
117 120 -1
117 125 -1
117 134 -1
117 136 1
117 141 1
117 146 1
117 153 1
117 165 -1
117 170 -1
117 175 -1
117 178 -1
117 181 -1
117 182 -1
117 183 -1
117 185 -1
117 187 1
117 188 -1
118 17 -1
118 20 -1
118 21 -1
118 22 1
118 23 -1
118 28 1
118 30 -1
118 33 -1
118 36 1
118 37 -1
118 38 1
118 42 -1
118 45 -1
118 51 -1
118 52 -1
118 56 -1
118 65 -1
118 68 -1
118 73 -1
118 76 -1
118 77 -1
118 88 -1
118 96 1
118 97 1
118 100 -1
118 107 -1
118 109 1
118 111 1
118 112 -1
118 116 -1
118 120 -1
118 128 1
118 139 -1
118 143 -1
118 144 -1
118 146 1
118 147 -1
118 162 -1
118 165 -1
118 166 -1
118 167 -1
118 168 -1
118 169 -1
118 172 -1
118 187 1
118 188 1
119 2 -1
119 3 -1
119 21 1
119 22 1
119 24 -1
119 27 -1
119 31 1
119 45 1
119 48 -1
119 51 -1
119 52 -1
119 61 1
119 64 -1
119 66 -1
119 78 -1
119 86 -1
119 91 1
119 93 -1
119 97 -1
119 99 -1
119 100 -1
119 102 -1
119 103 1
119 105 1
119 108 1
119 109 -1
119 110 -1
119 111 -1
119 121 1
119 138 1
119 144 -1
119 148 -1
119 150 -1
119 151 -1
119 154 1
119 170 -1
119 172 -1
119 177 -1
119 178 -1
119 182 -1
119 184 -1
119 187 -1
119 188 -1
119 189 1
120 1 1
120 2 -1
120 3 -1
120 11 -1
120 14 1
120 17 -1
120 21 -1
120 33 -1
120 34 -1
120 38 1
120 40 -1
120 52 -1
120 55 -1
120 56 -1
120 58 1
120 60 -1
120 65 -1
120 66 -1
120 67 -1
120 68 -1
120 71 1
120 73 1
120 82 -1
120 87 -1
120 105 1
120 115 -1
120 121 -1
120 125 -1
120 126 -1
120 132 1
120 134 1
120 135 1
120 136 -1
120 137 -1
120 138 -1
120 142 -1
120 144 -1
120 146 1
120 147 -1
120 150 -1
120 155 -1
120 157 -1
120 158 -1
120 159 1
120 162 -1
120 165 1
120 166 -1
120 177 -1
120 178 -1
120 190 -1
121 3 -1
121 4 -1
121 6 1
121 16 -1
121 18 1
121 21 -1
121 25 -1
121 27 -1
121 40 -1
121 43 -1
121 44 1
121 47 -1
121 50 -1
121 51 -1
121 56 -1
121 61 -1
121 65 1
121 70 -1
121 71 -1
121 77 -1
121 83 -1
121 87 -1
121 88 1
121 103 -1
121 108 -1
121 109 1
121 117 -1
121 124 -1
121 126 -1
121 128 -1
121 129 -1
121 130 -1
121 131 -1
121 134 1
121 138 -1
121 140 -1
121 151 -1
121 154 -1
121 156 -1
121 159 -1
121 162 -1
121 173 -1
121 176 -1
121 179 -1
121 181 -1
121 182 1
121 183 -1
121 185 1
121 187 -1
121 190 -1
122 7 -1
122 11 -1
122 12 1
122 14 -1
122 24 -1
122 27 -1
122 28 -1
122 30 -1
122 31 -1
122 36 -1
122 37 -1
122 39 -1
122 41 -1
122 44 1
122 49 -1
122 51 -1
122 54 -1
122 55 -1
122 56 1
122 57 1
122 65 -1
122 67 -1
122 71 -1
122 72 -1
122 75 -1
122 79 -1
122 80 -1
122 85 -1
122 86 -1
122 90 -1
122 94 -1
122 100 -1
122 102 1
122 104 -1
122 106 1
122 107 -1
122 111 -1
122 125 1
122 136 -1
122 138 -1
122 146 -1
122 149 -1
122 154 -1
122 156 -1
122 157 1
122 166 -1
122 167 -1
122 171 -1
122 172 -1
122 177 -1
122 185 -1
122 189 -1
122 190 1
123 5 1
123 15 -1
123 17 1
123 21 -1
123 25 -1
123 31 -1
123 32 1
123 35 -1
123 36 1
123 38 -1
123 41 -1
123 47 -1
123 50 -1
123 53 -1
123 63 -1
123 65 -1
123 69 -1
123 71 -1
123 73 -1
123 77 -1
123 79 -1
123 84 -1
123 86 1
123 90 -1
123 95 -1
123 100 1
123 101 -1
123 105 1
123 129 -1
123 132 1
123 133 -1
123 134 -1
123 137 -1
123 154 -1
123 156 -1
123 157 -1
123 158 1
123 159 1
123 162 -1
123 163 -1
123 165 -1
123 166 -1
123 168 -1
123 172 -1
123 175 -1
123 177 -1
123 178 -1
123 181 1
123 184 1
124 2 -1
124 4 -1
124 8 -1
124 11 -1
124 13 -1
124 22 -1
124 26 -1
124 27 -1
124 30 -1
124 34 -1
124 35 1
124 39 -1
124 41 -1
124 47 -1
124 49 1
124 50 -1
124 56 1
124 63 -1
124 66 1
124 68 -1
124 73 -1
124 81 -1
124 82 -1
124 84 -1
124 92 1
124 100 -1
124 102 -1
124 106 -1
124 115 -1
124 117 -1
124 118 -1
124 120 -1
124 127 -1
124 130 -1
124 132 -1
124 134 -1
124 135 -1
124 136 1
124 138 -1
124 139 -1
124 143 -1
124 144 -1
124 147 -1
124 148 1
124 150 -1
124 153 1
124 156 1
124 157 -1
124 160 -1
124 162 -1
124 170 1
124 173 1
124 176 1
124 179 -1
124 182 -1
124 183 -1
124 184 -1
125 5 -1
125 7 1
125 8 -1
125 9 -1
125 11 1
125 13 1
125 22 1
125 27 -1
125 28 -1
125 33 -1
125 36 -1
125 37 -1
125 39 -1
125 40 -1
125 45 -1
125 49 -1
125 50 1
125 53 -1
125 54 1
125 59 1
125 60 -1
125 61 1
125 62 -1
125 74 -1
125 77 -1
125 83 -1
125 84 -1
125 85 -1
125 90 -1
125 91 -1
125 99 -1
125 105 -1
125 106 -1
125 111 -1
125 112 1
125 113 -1
125 118 -1
125 119 -1
125 121 -1
125 130 -1
125 131 -1
125 133 -1
125 135 -1
125 136 -1
125 140 -1
125 142 -1
125 143 -1
125 148 -1
125 150 -1
125 156 -1
125 160 -1
125 171 -1
125 182 -1
125 183 1
125 186 -1
125 188 -1
126 7 -1
126 11 1
126 14 -1
126 16 -1
126 27 -1
126 28 -1
126 31 -1
126 33 -1
126 34 -1
126 46 1
126 51 -1
126 60 -1
126 61 -1
126 64 -1
126 66 -1
126 70 -1
126 75 -1
126 76 -1
126 81 -1
126 95 -1
126 99 -1
126 104 -1
126 105 -1
126 108 -1
126 109 -1
126 110 -1
126 111 1
126 119 -1
126 123 1
126 128 -1
126 130 -1
126 131 -1
126 142 1
126 143 1
126 145 1
126 147 -1
126 151 -1
126 159 -1
126 167 -1
126 169 -1
126 171 -1
126 172 -1
126 175 1
126 181 -1
126 187 -1
126 188 -1
127 2 -1
127 8 -1
127 10 1
127 16 1
127 17 -1
127 19 -1
127 29 -1
127 32 -1
127 34 -1
127 37 -1
127 40 1
127 43 -1
127 46 -1
127 49 -1
127 50 1
127 52 -1
127 58 -1
127 64 -1
127 66 -1
127 68 -1
127 73 -1
127 75 -1
127 77 -1
127 79 -1
127 82 1
127 92 -1
127 97 -1
127 102 1
127 103 -1
127 104 -1
127 108 -1
127 110 -1
127 117 1
127 119 -1
127 120 1
127 121 -1
127 122 1
127 136 1
127 137 -1
127 149 -1
127 151 -1
127 158 -1
127 162 1
127 163 1
127 164 -1
127 168 -1
127 180 -1
127 181 -1
127 182 -1
127 186 -1
127 188 -1
128 1 -1
128 2 -1
128 4 1
128 5 -1
128 8 -1
128 10 -1
128 19 -1
128 22 -1
128 33 -1
128 39 -1
128 47 -1
128 48 -1
128 51 -1
128 54 -1
128 62 -1
128 68 1
128 75 -1
128 78 -1
128 79 -1
128 85 -1
128 92 -1
128 96 -1
128 97 -1
128 104 1
128 115 -1
128 116 -1
128 117 1
128 127 -1
128 129 -1
128 130 1
128 135 -1
128 139 1
128 140 -1
128 141 -1
128 142 -1
128 144 -1
128 145 1
128 149 -1
128 155 -1
128 159 -1
128 172 1
128 181 -1
128 183 1
128 185 -1
128 186 1
128 189 -1
129 5 -1
129 6 -1
129 14 1
129 20 -1
129 24 -1
129 27 -1
129 30 -1
129 40 1
129 41 -1
129 45 1
129 53 1
129 54 -1
129 57 -1
129 59 -1
129 60 1
129 62 -1
129 66 -1
129 70 1
129 75 -1
129 80 -1
129 81 -1
129 85 -1
129 89 -1
129 92 -1
129 95 -1
129 101 -1
129 103 -1
129 105 -1
129 107 -1
129 113 -1
129 116 1
129 118 -1
129 119 -1
129 122 -1
129 124 -1
129 125 -1
129 127 1
129 140 -1
129 141 1
129 142 1
129 148 1
129 149 1
129 155 -1
129 161 -1
129 163 -1
129 164 -1
129 167 -1
129 171 -1
129 172 -1
129 173 -1
129 178 -1
129 180 -1
129 183 1
129 184 -1
129 185 -1
129 188 -1
130 7 -1
130 12 -1
130 13 -1
130 15 -1
130 19 -1
130 29 -1
130 32 -1
130 35 1
130 43 -1
130 50 -1
130 64 1
130 65 1
130 66 1
130 69 -1
130 70 -1
130 72 -1
130 82 -1
130 92 -1
130 93 -1
130 96 1
130 109 -1
130 116 -1
130 119 -1
130 123 -1
130 131 -1
130 132 1
130 133 -1
130 135 -1
130 138 -1
130 140 -1
130 143 1
130 149 -1
130 157 -1
130 159 -1
130 162 -1
130 171 -1
130 172 -1
130 174 -1
130 182 1
131 2 1
131 7 -1
131 19 -1
131 22 -1
131 25 -1
131 26 -1
131 29 -1
131 37 1
131 40 -1
131 43 -1
131 45 -1
131 46 -1
131 49 -1
131 50 -1
131 51 1
131 58 -1
131 60 -1
131 63 -1
131 66 -1
131 67 1
131 72 -1
131 78 -1
131 81 -1
131 85 -1
131 95 -1
131 99 -1
131 102 -1
131 104 1
131 113 -1
131 118 1
131 124 -1
131 127 -1
131 140 -1
131 142 -1
131 143 -1
131 144 -1
131 145 -1
131 148 -1
131 156 -1
131 159 -1
131 164 -1
131 176 1
131 179 1
131 180 -1
131 182 -1
131 183 -1
132 3 -1
132 5 -1
132 8 -1
132 11 -1
132 12 1
132 23 -1
132 29 -1
132 30 1
132 31 -1
132 37 -1
132 39 1
132 40 -1
132 42 -1
132 58 -1
132 60 1
132 62 -1
132 63 -1
132 67 1
132 68 1
132 70 1
132 71 -1
132 73 1
132 74 -1
132 75 1
132 77 -1
132 78 1
132 80 -1
132 86 -1
132 92 -1
132 94 -1
132 97 -1
132 99 1
132 101 -1
132 107 1
132 112 -1
132 113 1
132 114 -1
132 117 -1
132 118 -1
132 119 1
132 121 -1
132 127 -1
132 128 1
132 131 -1
132 137 1
132 140 -1
132 149 -1
132 150 -1
132 155 -1
132 158 -1
132 159 1
132 162 -1
132 172 -1
132 176 -1
132 182 -1
132 188 -1
133 23 -1
133 24 -1
133 26 -1
133 28 -1
133 38 -1
133 49 1
133 56 -1
133 59 -1
133 61 -1
133 62 -1
133 66 1
133 68 -1
133 69 1
133 74 -1
133 79 -1
133 83 -1
133 88 -1
133 92 -1
133 93 -1
133 95 -1
133 97 -1
133 103 -1
133 105 -1
133 107 -1
133 110 -1
133 111 1
133 113 -1
133 116 -1
133 117 -1
133 119 1
133 127 1
133 132 -1
133 157 1
133 159 -1
133 165 -1
133 171 1
133 172 1
133 173 -1
133 178 -1
133 180 -1
133 182 -1
133 184 -1
133 186 1
133 189 -1
134 4 -1
134 5 -1
134 6 -1
134 12 -1
134 17 -1
134 18 -1
134 23 -1
134 26 -1
134 27 -1
134 31 -1
134 32 -1
134 45 -1
134 58 1
134 59 -1
134 61 -1
134 62 1
134 72 -1
134 80 -1
134 81 1
134 82 1
134 85 -1
134 89 -1
134 96 -1
134 108 1
134 119 -1
134 122 -1
134 125 -1
134 130 -1
134 131 -1
134 137 1
134 147 1
134 151 -1
134 154 1
134 155 1
134 156 1
134 158 -1
134 167 -1
134 173 -1
134 175 -1
134 179 -1
135 1 -1
135 2 -1
135 3 -1
135 5 -1
135 11 -1
135 12 -1
135 18 -1
135 19 1
135 27 -1
135 30 -1
135 32 -1
135 35 -1
135 40 1
135 48 -1
135 49 -1
135 51 -1
135 54 -1
135 58 -1
135 63 -1
135 65 1
135 68 1
135 69 1
135 71 1
135 76 -1
135 78 -1
135 82 1
135 88 -1
135 91 -1
135 97 1
135 98 -1
135 113 -1
135 114 1
135 117 1
135 122 1
135 133 1
135 134 1
135 137 -1
135 138 -1
135 139 -1
135 142 -1
135 144 -1
135 163 -1
135 170 -1
135 175 -1
135 176 -1
135 178 -1
136 1 -1
136 4 -1
136 6 1
136 10 1
136 15 -1
136 21 -1
136 24 -1
136 25 -1
136 27 -1
136 41 -1
136 46 -1
136 53 1
136 55 -1
136 58 1
136 65 -1
136 70 -1
136 73 -1
136 79 -1
136 84 -1
136 91 -1
136 99 -1
136 100 1
136 104 1
136 110 -1
136 113 -1
136 128 -1
136 129 -1
136 132 -1
136 133 -1
136 134 -1
136 142 -1
136 145 -1
136 148 -1
136 152 1
136 156 -1
136 165 -1
136 166 -1
136 167 1
136 170 -1
136 172 -1
136 175 -1
136 177 1
136 178 -1
136 184 -1
136 187 -1
137 2 -1
137 3 -1
137 4 -1
137 5 -1
137 7 -1
137 10 -1
137 11 -1
137 14 -1
137 18 1
137 28 -1
137 35 -1
137 38 -1
137 43 -1
137 44 -1
137 52 -1
137 56 -1
137 63 -1
137 64 -1
137 76 -1
137 80 -1
137 81 -1
137 83 -1
137 85 -1
137 87 -1
137 88 -1
137 89 -1
137 91 -1
137 94 -1
137 97 -1
137 99 -1
137 101 -1
137 111 -1
137 113 -1
137 114 -1
137 116 -1
137 119 -1
137 125 -1
137 129 -1
137 136 -1
137 147 -1
137 166 -1
137 167 1
137 172 -1
137 173 -1
137 174 1
137 177 -1
137 178 -1
137 179 -1
138 15 -1
138 16 -1
138 18 -1
138 19 -1
138 20 -1
138 27 -1
138 30 -1
138 35 -1
138 49 1
138 50 1
138 57 -1
138 60 -1
138 61 -1
138 73 -1
138 80 1
138 82 -1
138 83 1
138 87 -1
138 91 -1
138 93 -1
138 106 1
138 110 -1
138 111 -1
138 112 -1
138 113 -1
138 115 -1
138 116 1
138 123 -1
138 125 -1
138 126 -1
138 128 -1
138 134 -1
138 136 -1
138 144 -1
138 152 -1
138 153 -1
138 156 -1
138 157 -1
138 161 -1
138 163 -1
138 167 -1
138 168 1
138 170 -1
138 184 -1
138 185 -1
138 186 -1
138 187 -1
139 15 -1
139 16 -1
139 17 -1
139 22 1
139 23 -1
139 28 -1
139 33 -1
139 35 1
139 42 -1
139 47 -1
139 50 -1
139 59 -1
139 60 -1
139 62 -1
139 65 -1
139 66 1
139 69 -1
139 75 -1
139 80 -1
139 85 -1
139 89 -1
139 90 -1
139 91 -1
139 95 -1
139 102 1
139 107 -1
139 114 -1
139 117 -1
139 120 -1
139 123 -1
139 126 -1
139 129 -1
139 130 -1
139 132 -1
139 137 -1
139 143 -1
139 148 -1
139 150 -1
139 152 -1
139 157 -1
139 171 -1
139 173 -1
139 174 1
139 175 -1
139 178 -1
139 185 -1
140 2 -1
140 4 -1
140 10 -1
140 19 -1
140 25 -1
140 27 -1
140 32 -1
140 33 -1
140 39 -1
140 42 1
140 46 -1
140 48 -1
140 54 -1
140 59 1
140 60 -1
140 68 -1
140 69 -1
140 70 -1
140 74 -1
140 75 -1
140 78 -1
140 82 1
140 83 -1
140 85 -1
140 87 -1
140 89 -1
140 97 1
140 101 -1
140 102 -1
140 104 -1
140 120 -1
140 122 -1
140 123 -1
140 124 1
140 127 -1
140 134 -1
140 137 -1
140 145 -1
140 148 -1
140 149 -1
140 150 -1
140 155 1
140 160 -1
140 163 -1
140 167 -1
140 173 1
140 184 -1
141 4 1
141 14 1
141 15 -1
141 16 1
141 18 -1
141 20 -1
141 23 -1
141 25 1
141 30 -1
141 35 -1
141 36 -1
141 43 -1
141 46 -1
141 49 1
141 50 -1
141 60 1
141 61 -1
141 62 -1
141 66 -1
141 67 1
141 75 -1
141 80 -1
141 84 -1
141 85 -1
141 87 -1
141 88 -1
141 100 -1
141 102 -1
141 104 1
141 106 -1
141 112 -1
141 116 -1
141 119 1
141 122 -1
141 127 -1
141 131 -1
141 134 -1
141 139 -1
141 140 -1
141 144 -1
141 147 -1
141 150 -1
141 156 1
141 169 -1
141 172 -1
141 181 -1
141 185 -1
142 8 -1
142 11 -1
142 12 -1
142 17 -1
142 19 -1
142 20 -1
142 24 1
142 25 1
142 29 -1
142 37 -1
142 41 -1
142 44 -1
142 48 -1
142 50 1
142 53 1
142 54 -1
142 62 -1
142 73 -1
142 76 -1
142 80 -1
142 86 -1
142 89 1
142 95 -1
142 96 1
142 106 -1
142 108 -1
142 118 -1
142 124 -1
142 132 -1
142 134 -1
142 138 -1
142 139 -1
142 140 -1
142 141 1
142 153 -1
142 155 -1
142 156 -1
142 159 -1
142 162 -1
142 174 -1
142 181 -1
143 3 1
143 7 1
143 8 1
143 12 1
143 14 1
143 18 -1
143 19 -1
143 22 -1
143 25 -1
143 26 -1
143 28 -1
143 34 -1
143 35 -1
143 39 1
143 40 1
143 41 -1
143 42 -1
143 43 -1
143 45 1
143 53 1
143 55 -1
143 57 -1
143 59 -1
143 60 -1
143 72 -1
143 74 -1
143 77 -1
143 78 1
143 81 -1
143 84 -1
143 87 -1
143 88 -1
143 90 -1
143 92 -1
143 94 1
143 103 -1
143 104 -1
143 106 1
143 113 -1
143 114 1
143 120 -1
143 121 -1
143 127 1
143 133 -1
143 134 -1
143 138 -1
143 142 -1
143 144 -1
143 145 -1
143 151 1
143 157 -1
143 163 -1
143 168 1
143 175 -1
143 184 1
143 188 -1
144 4 -1
144 6 1
144 11 1
144 20 1
144 28 -1
144 33 -1
144 34 1
144 37 -1
144 45 1
144 46 -1
144 52 -1
144 56 1
144 58 1
144 67 -1
144 69 -1
144 75 -1
144 80 1
144 82 -1
144 85 -1
144 89 -1
144 91 1
144 93 -1
144 96 -1
144 97 -1
144 100 1
144 103 -1
144 108 -1
144 110 -1
144 122 -1
144 123 1
144 125 -1
144 127 -1
144 129 -1
144 132 1
144 136 -1
144 139 -1
144 142 -1
144 149 -1
144 157 1
144 160 -1
144 164 -1
144 165 -1
144 169 -1
144 174 -1
144 176 -1
144 177 -1
144 180 1
144 189 -1
145 2 -1
145 3 -1
145 6 1
145 8 -1
145 10 -1
145 14 -1
145 24 -1
145 26 -1
145 29 -1
145 30 1
145 34 -1
145 35 1
145 39 -1
145 42 -1
145 46 1
145 51 -1
145 68 -1
145 69 -1
145 75 -1
145 76 -1
145 78 -1
145 79 -1
145 81 -1
145 83 1
145 84 -1
145 90 -1
145 92 -1
145 95 1
145 100 -1
145 106 1
145 108 1
145 109 -1
145 110 -1
145 112 1
145 113 -1
145 120 1
145 123 -1
145 127 -1
145 133 -1
145 135 -1
145 146 1
145 150 1
145 154 -1
145 161 -1
145 162 -1
145 164 -1
145 172 -1
145 175 -1
145 177 -1
145 182 -1
145 185 -1
145 186 -1
145 190 1
146 2 -1
146 4 1
146 5 -1
146 12 -1
146 20 1
146 21 1
146 23 -1
146 25 -1
146 29 -1
146 31 -1
146 33 -1
146 35 -1
146 39 -1
146 46 -1
146 47 -1
146 49 -1
146 52 -1
146 54 -1
146 57 -1
146 58 1
146 60 -1
146 63 1
146 69 -1
146 70 -1
146 71 -1
146 73 -1
146 77 -1
146 78 -1
146 81 -1
146 85 -1
146 91 -1
146 97 -1
146 101 1
146 103 -1
146 105 -1
146 115 -1
146 116 -1
146 121 -1
146 123 -1
146 128 -1
146 129 -1
146 131 -1
146 132 -1
146 134 -1
146 136 1
146 137 -1
146 141 -1
146 143 -1
146 148 -1
146 149 -1
146 152 1
146 153 -1
146 154 -1
146 155 -1
146 159 -1
146 160 -1
146 162 1
146 167 -1
146 172 -1
146 175 -1
146 178 -1
146 184 -1
146 190 -1
147 4 -1
147 12 -1
147 14 -1
147 19 -1
147 24 -1
147 26 1
147 28 -1
147 32 1
147 38 -1
147 39 -1
147 57 -1
147 63 -1
147 65 1
147 66 -1
147 69 -1
147 88 -1
147 94 -1
147 95 -1
147 105 -1
147 112 -1
147 116 -1
147 125 -1
147 127 -1
147 131 -1
147 132 -1
147 133 -1
147 136 -1
147 138 -1
147 139 -1
147 142 -1
147 143 -1
147 152 -1
147 154 -1
147 157 -1
147 159 -1
147 160 -1
147 166 -1
147 169 1
147 172 -1
147 174 -1
147 178 -1
147 181 1
148 12 1
148 20 -1
148 22 -1
148 31 -1
148 33 -1
148 35 -1
148 37 -1
148 54 -1
148 57 1
148 63 -1
148 65 -1
148 67 -1
148 68 -1
148 74 -1
148 97 -1
148 101 -1
148 110 1
148 111 -1
148 112 -1
148 115 -1
148 123 1
148 127 -1
148 134 -1
148 135 -1
148 137 -1
148 147 -1
148 149 -1
148 151 -1
148 155 -1
148 157 1
148 158 -1
148 160 -1
148 162 -1
148 164 1
148 166 -1
148 170 -1
148 171 -1
148 172 -1
148 173 -1
148 174 1
148 180 -1
148 183 -1
148 184 1
148 185 -1
149 1 -1
149 2 1
149 7 1
149 8 -1
149 10 -1
149 12 -1
149 16 -1
149 20 -1
149 30 1
149 36 -1
149 39 -1
149 49 -1
149 55 -1
149 56 -1
149 57 -1
149 65 -1
149 67 -1
149 72 1
149 73 1
149 75 -1
149 81 -1
149 86 -1
149 101 1
149 102 -1
149 106 -1
149 120 -1
149 131 1
149 136 -1
149 151 1
149 156 -1
149 157 -1
149 158 -1
149 166 1
149 170 1
149 172 -1
149 181 -1
149 187 -1
150 2 -1
150 3 -1
150 20 -1
150 24 -1
150 26 -1
150 32 -1
150 41 1
150 43 -1
150 45 1
150 48 -1
150 49 -1
150 50 -1
150 53 -1
150 57 -1
150 62 1
150 63 -1
150 69 -1
150 71 -1
150 75 -1
150 78 -1
150 86 -1
150 91 -1
150 93 -1
150 95 1
150 102 1
150 111 -1
150 117 -1
150 118 -1
150 121 -1
150 127 -1
150 134 -1
150 137 -1
150 138 -1
150 142 -1
150 143 -1
150 147 -1
150 160 -1
150 167 -1
150 176 -1
150 177 -1
150 178 -1
150 180 1
150 182 -1
151 4 1
151 8 -1
151 10 -1
151 11 1
151 25 -1
151 30 -1
151 32 1
151 35 -1
151 48 -1
151 64 1
151 67 -1
151 73 -1
151 75 -1
151 79 -1
151 87 1
151 89 1
151 91 -1
151 92 -1
151 93 -1
151 95 -1
151 99 -1
151 104 -1
151 111 1
151 120 1
151 124 1
151 129 1
151 132 -1
151 133 1
151 140 -1
151 166 1
151 167 -1
151 170 -1
151 178 -1
151 179 -1
151 186 -1
151 187 -1
151 190 -1
152 2 -1
152 5 -1
152 6 -1
152 16 -1
152 17 -1
152 20 1
152 24 1
152 28 -1
152 31 -1
152 33 -1
152 37 -1
152 38 -1
152 45 1
152 50 -1
152 51 -1
152 52 -1
152 55 -1
152 57 1
152 63 -1
152 64 -1
152 68 -1
152 73 1
152 77 -1
152 79 -1
152 83 1
152 85 1
152 89 1
152 93 -1
152 98 -1
152 102 -1
152 103 -1
152 106 1
152 115 -1
152 117 -1
152 119 -1
152 120 1
152 121 -1
152 123 -1
152 125 1
152 132 -1
152 137 1
152 140 -1
152 141 -1
152 143 -1
152 151 -1
152 155 -1
152 159 -1
152 166 -1
152 168 -1
152 169 -1
152 170 -1
152 171 -1
152 172 -1
152 173 -1
152 175 -1
152 177 -1
152 180 -1
152 181 -1
152 182 -1
152 188 -1
153 5 -1
153 12 1
153 23 -1
153 27 -1
153 30 -1
153 33 1
153 34 -1
153 36 1
153 39 -1
153 42 -1
153 49 -1
153 51 -1
153 58 1
153 66 -1
153 69 -1
153 72 -1
153 75 -1
153 82 -1
153 86 -1
153 87 -1
153 95 -1
153 97 -1
153 101 -1
153 102 -1
153 106 -1
153 107 1
153 115 -1
153 118 1
153 122 -1
153 126 -1
153 129 -1
153 130 -1
153 135 -1
153 140 -1
153 149 -1
153 156 -1
153 161 -1
153 163 -1
153 181 -1
154 6 -1
154 7 -1
154 8 1
154 11 -1
154 12 -1
154 17 -1
154 25 -1
154 29 -1
154 36 1
154 43 1
154 55 -1
154 57 -1
154 61 -1
154 64 1
154 68 -1
154 73 -1
154 84 1
154 85 -1
154 91 -1
154 93 -1
154 95 -1
154 97 1
154 99 -1
154 100 -1
154 104 -1
154 106 -1
154 108 -1
154 111 1
154 114 1
154 129 -1
154 130 -1
154 139 1
154 142 -1
154 143 -1
154 148 -1
154 159 -1
154 163 -1
154 166 1
154 171 -1
154 173 -1
154 174 1
154 183 1
154 185 -1
154 187 1
155 1 1
155 3 -1
155 5 -1
155 6 -1
155 9 1
155 16 -1
155 23 -1
155 27 -1
155 39 -1
155 40 1
155 41 -1
155 42 -1
155 43 1
155 48 -1
155 53 -1
155 56 -1
155 57 -1
155 58 -1
155 60 -1
155 61 1
155 63 -1
155 66 1
155 67 1
155 69 -1
155 72 -1
155 77 -1
155 78 -1
155 81 -1
155 82 -1
155 87 -1
155 88 -1
155 93 -1
155 96 1
155 97 -1
155 100 -1
155 101 1
155 102 -1
155 105 -1
155 107 -1
155 115 -1
155 117 -1
155 124 -1
155 126 -1
155 127 -1
155 131 1
155 135 -1
155 136 -1
155 137 -1
155 138 -1
155 139 -1
155 145 -1
155 150 -1
155 161 -1
155 162 -1
155 168 -1
155 171 1
155 172 -1
155 176 -1
155 180 1
155 181 1
155 188 -1
156 3 -1
156 4 -1
156 5 -1
156 6 -1
156 8 -1
156 12 -1
156 15 -1
156 16 -1
156 35 -1
156 36 -1
156 39 -1
156 40 -1
156 41 -1
156 46 -1
156 48 1
156 51 -1
156 61 -1
156 65 -1
156 66 -1
156 68 -1
156 72 1
156 77 1
156 82 -1
156 84 -1
156 85 1
156 87 -1
156 88 -1
156 96 -1
156 98 -1
156 102 -1
156 106 1
156 107 -1
156 118 -1
156 127 -1
156 130 -1
156 137 -1
156 148 -1
156 151 -1
156 155 -1
156 158 1
156 159 -1
156 176 1
156 178 -1
156 186 -1
156 188 -1
157 10 -1
157 15 -1
157 25 -1
157 26 -1
157 34 -1
157 36 1
157 39 1
157 47 -1
157 57 -1
157 62 1
157 64 1
157 66 -1
157 72 -1
157 76 -1
157 80 -1
157 84 1
157 86 -1
157 91 -1
157 93 -1
157 95 -1
157 97 -1
157 99 -1
157 100 -1
157 102 -1
157 112 1
157 115 -1
157 117 -1
157 118 1
157 119 -1
157 125 -1
157 129 -1
157 131 -1
157 132 -1
157 135 -1
157 136 -1
157 137 -1
157 146 -1
157 151 -1
157 153 -1
157 154 -1
157 156 -1
157 164 -1
157 170 -1
157 174 -1
157 176 -1
157 179 -1
157 181 -1
157 188 1
157 189 -1
158 2 -1
158 5 -1
158 7 1
158 9 -1
158 11 -1
158 14 -1
158 24 -1
158 31 -1
158 33 -1
158 36 -1
158 40 -1
158 43 1
158 44 1
158 54 -1
158 59 -1
158 64 -1
158 66 -1
158 67 -1
158 72 -1
158 75 -1
158 77 -1
158 79 -1
158 81 -1
158 82 -1
158 99 -1
158 104 -1
158 106 1
158 108 -1
158 112 -1
158 113 -1
158 115 -1
158 119 -1
158 125 -1
158 130 -1
158 138 -1
158 146 -1
158 147 1
158 150 -1
158 152 -1
158 153 -1
158 155 1
158 157 -1
158 173 1
158 175 -1
158 184 -1
158 185 -1
159 6 -1
159 8 1
159 10 1
159 12 -1
159 20 -1
159 25 -1
159 26 -1
159 28 -1
159 30 1
159 34 1
159 38 -1
159 39 1
159 44 1
159 47 -1
159 50 1
159 52 -1
159 53 -1
159 56 -1
159 57 -1
159 60 1
159 63 -1
159 64 -1
159 65 -1
159 72 1
159 75 -1
159 79 -1
159 81 -1
159 83 -1
159 89 1
159 90 1
159 91 1
159 95 -1
159 99 1
159 103 -1
159 108 -1
159 109 -1
159 114 1
159 115 -1
159 118 -1
159 119 1
159 125 -1
159 127 -1
159 138 -1
159 150 1
159 155 -1
159 157 -1
159 160 -1
159 163 1
159 164 -1
159 168 -1
159 175 -1
159 176 -1
159 180 -1
159 181 -1
159 184 -1
159 187 -1
159 190 1
160 1 1
160 3 -1
160 8 -1
160 13 -1
160 22 -1
160 24 1
160 25 -1
160 26 1
160 27 1
160 28 -1
160 34 -1
160 40 -1
160 46 -1
160 47 -1
160 50 -1
160 51 -1
160 55 1
160 58 -1
160 66 -1
160 69 -1
160 72 1
160 74 -1
160 75 -1
160 76 -1
160 78 -1
160 81 -1
160 89 -1
160 91 -1
160 92 -1
160 103 -1
160 104 -1
160 113 -1
160 116 -1
160 128 -1
160 141 -1
160 142 -1
160 145 -1
160 151 1
160 155 1
160 156 -1
160 162 -1
160 164 -1
160 166 -1
160 175 -1
160 179 -1
160 183 -1
160 187 1
160 189 -1
161 3 1
161 10 -1
161 11 1
161 14 -1
161 16 -1
161 17 1
161 23 -1
161 24 -1
161 26 -1
161 28 -1
161 31 -1
161 32 -1
161 38 -1
161 41 -1
161 46 -1
161 55 -1
161 57 1
161 63 -1
161 73 -1
161 83 -1
161 93 -1
161 100 1
161 103 -1
161 105 -1
161 113 -1
161 116 1
161 125 -1
161 128 -1
161 130 -1
161 136 -1
161 141 -1
161 142 -1
161 143 1
161 147 -1
161 159 -1
161 164 -1
161 176 -1
161 180 -1
161 188 -1
161 189 1
161 190 -1
162 1 -1
162 5 1
162 7 -1
162 9 -1
162 11 -1
162 26 -1
162 27 -1
162 29 -1
162 36 -1
162 39 -1
162 54 -1
162 59 -1
162 60 1
162 61 -1
162 64 -1
162 81 1
162 82 -1
162 84 -1
162 86 -1
162 87 -1
162 89 -1
162 91 1
162 94 -1
162 99 1
162 101 -1
162 114 -1
162 115 -1
162 116 1
162 119 -1
162 125 -1
162 126 -1
162 129 -1
162 131 -1
162 134 1
162 138 -1
162 140 -1
162 141 -1
162 144 -1
162 147 -1
162 151 1
162 154 -1
162 159 -1
162 173 -1
162 179 -1
162 183 -1
162 188 -1
163 9 1
163 13 -1
163 19 -1
163 20 -1
163 24 -1
163 25 -1
163 30 -1
163 38 -1
163 39 -1
163 40 -1
163 41 -1
163 51 1
163 52 -1
163 53 -1
163 55 -1
163 62 1
163 65 -1
163 67 -1
163 69 -1
163 75 1
163 83 1
163 90 -1
163 95 -1
163 96 -1
163 98 -1
163 99 -1
163 105 -1
163 106 -1
163 108 -1
163 115 -1
163 117 -1
163 118 -1
163 119 1
163 132 -1
163 136 -1
163 146 -1
163 147 -1
163 151 -1
163 152 -1
163 160 -1
163 162 -1
163 165 -1
163 170 -1
163 171 1
163 172 -1
163 175 1
163 179 -1
163 181 -1
163 183 1
163 184 1
163 190 1
164 1 -1
164 5 -1
164 10 1
164 11 -1
164 12 -1
164 16 -1
164 17 1
164 29 -1
164 31 -1
164 35 -1
164 38 -1
164 39 1
164 46 -1
164 47 -1
164 48 -1
164 50 -1
164 51 -1
164 58 -1
164 66 -1
164 67 -1
164 73 -1
164 75 -1
164 76 1
164 81 -1
164 85 -1
164 88 -1
164 92 -1
164 93 -1
164 94 -1
164 101 1
164 103 -1
164 111 -1
164 112 1
164 113 -1
164 120 -1
164 121 -1
164 122 -1
164 130 -1
164 136 -1
164 138 -1
164 139 -1
164 141 -1
164 143 -1
164 146 1
164 147 -1
164 150 -1
164 151 -1
164 153 -1
164 158 -1
164 163 -1
164 174 -1
164 175 -1
164 179 1
164 181 -1
164 186 -1
165 4 -1
165 9 -1
165 10 1
165 15 -1
165 18 -1
165 21 -1
165 25 -1
165 34 -1
165 36 -1
165 38 1
165 39 -1
165 42 -1
165 45 -1
165 46 -1
165 47 1
165 50 -1
165 55 -1
165 57 -1
165 65 -1
165 70 1
165 71 -1
165 75 -1
165 76 -1
165 77 -1
165 80 -1
165 83 -1
165 86 1
165 90 -1
165 91 -1
165 96 1
165 99 -1
165 101 1
165 102 -1
165 106 -1
165 113 1
165 116 -1
165 122 -1
165 125 -1
165 126 -1
165 128 -1
165 129 -1
165 134 -1
165 137 -1
165 141 -1
165 145 -1
165 149 -1
165 160 -1
165 164 1
165 168 1
165 173 -1
165 180 1
165 181 -1
165 183 -1
165 186 -1
166 2 -1
166 8 -1
166 10 -1
166 15 -1
166 20 -1
166 21 -1
166 22 -1
166 25 -1
166 30 -1
166 32 -1
166 33 1
166 41 -1
166 42 -1
166 47 -1
166 55 -1
166 57 -1
166 60 -1
166 61 -1
166 63 1
166 65 1
166 68 -1
166 76 1
166 77 1
166 80 -1
166 82 -1
166 84 -1
166 87 1
166 91 -1
166 99 1
166 103 -1
166 105 -1
166 106 1
166 110 -1
166 113 -1
166 119 -1
166 127 -1
166 133 -1
166 135 -1
166 138 -1
166 145 -1
166 146 -1
166 161 1
166 171 -1
166 175 -1
166 176 -1
166 179 -1
166 181 -1
167 1 -1
167 8 -1
167 9 -1
167 12 -1
167 18 -1
167 19 -1
167 36 -1
167 37 -1
167 40 -1
167 41 -1
167 47 1
167 49 1
167 56 -1
167 57 -1
167 59 -1
167 65 -1
167 66 -1
167 71 -1
167 73 -1
167 78 -1
167 81 1
167 83 -1
167 85 1
167 87 1
167 92 1
167 93 -1
167 95 -1
167 105 -1
167 111 -1
167 112 1
167 113 -1
167 125 -1
167 130 -1
167 131 -1
167 132 -1
167 139 -1
167 141 -1
167 143 1
167 144 -1
167 154 -1
167 157 -1
167 161 -1
167 163 -1
167 169 -1
167 170 -1
167 171 -1
167 180 -1
167 181 -1
167 183 -1
167 184 -1
167 186 1
168 2 -1
168 4 -1
168 8 1
168 9 -1
168 13 1
168 15 -1
168 18 -1
168 21 1
168 24 -1
168 26 -1
168 30 1
168 31 -1
168 36 -1
168 41 -1
168 47 1
168 52 -1
168 54 -1
168 62 -1
168 69 1
168 73 -1
168 80 -1
168 85 -1
168 91 -1
168 95 1
168 99 -1
168 100 -1
168 101 1
168 106 -1
168 110 -1
168 117 -1
168 126 -1
168 130 -1
168 131 -1
168 133 1
168 136 -1
168 139 -1
168 140 -1
168 145 -1
168 149 1
168 154 -1
168 156 1
168 158 -1
168 160 1
168 161 -1
168 163 -1
168 164 -1
168 166 -1
168 177 -1
168 181 -1
168 184 -1
169 4 1
169 10 -1
169 13 -1
169 14 1
169 17 -1
169 23 -1
169 28 -1
169 32 -1
169 35 -1
169 47 -1
169 52 1
169 62 -1
169 63 -1
169 66 -1
169 72 -1
169 88 1
169 90 -1
169 91 -1
169 93 -1
169 103 -1
169 109 -1
169 111 -1
169 112 -1
169 113 -1
169 115 1
169 119 1
169 129 -1
169 131 -1
169 136 1
169 139 -1
169 140 -1
169 142 -1
169 153 -1
169 157 1
169 163 -1
169 164 -1
169 165 -1
169 178 -1
169 180 -1
169 190 -1
170 5 -1
170 9 -1
170 10 -1
170 11 -1
170 14 -1
170 16 1
170 18 -1
170 22 -1
170 23 -1
170 25 -1
170 34 -1
170 35 -1
170 41 -1
170 59 -1
170 61 -1
170 65 1
170 74 -1
170 80 -1
170 81 -1
170 89 -1
170 90 -1
170 91 -1
170 95 -1
170 96 -1
170 100 -1
170 101 -1
170 106 -1
170 108 1
170 109 -1
170 112 -1
170 120 -1
170 121 1
170 123 1
170 125 -1
170 127 -1
170 132 -1
170 134 -1
170 140 -1
170 145 1
170 160 -1
170 162 -1
170 169 -1
170 172 -1
170 175 -1
170 179 -1
170 182 1
170 183 1
170 184 -1
170 186 1
170 188 -1
171 4 -1
171 5 -1
171 19 1
171 24 -1
171 30 -1
171 34 -1
171 38 -1
171 40 -1
171 46 -1
171 50 -1
171 51 -1
171 52 -1
171 59 -1
171 80 -1
171 81 1
171 83 -1
171 87 -1
171 88 -1
171 97 -1
171 100 1
171 101 -1
171 112 -1
171 119 -1
171 128 -1
171 132 -1
171 140 -1
171 141 -1
171 142 -1
171 143 -1
171 144 -1
171 145 -1
171 147 -1
171 158 -1
171 160 -1
171 161 -1
171 168 -1
171 172 -1
171 173 1
171 176 1
171 177 -1
171 179 1
171 183 1
171 184 -1
171 187 1
171 189 -1
171 190 -1
172 5 -1
172 6 -1
172 8 -1
172 10 1
172 16 -1
172 33 -1
172 35 -1
172 45 -1
172 46 1
172 51 -1
172 52 -1
172 53 -1
172 58 -1
172 67 -1
172 68 1
172 69 1
172 71 1
172 74 -1
172 79 -1
172 80 -1
172 81 -1
172 84 -1
172 86 1
172 92 -1
172 95 -1
172 99 -1
172 100 -1
172 105 1
172 109 1
172 112 1
172 114 -1
172 115 -1
172 116 -1
172 117 -1
172 120 -1
172 134 -1
172 138 -1
172 139 -1
172 140 -1
172 154 -1
172 156 -1
172 159 -1
172 160 -1
172 169 1
172 175 1
172 177 1
172 178 -1
172 182 -1
173 4 1
173 5 -1
173 7 -1
173 9 1
173 13 -1
173 22 -1
173 28 -1
173 29 -1
173 30 -1
173 31 -1
173 35 -1
173 41 -1
173 43 -1
173 46 1
173 47 -1
173 56 -1
173 61 -1
173 63 -1
173 75 -1
173 78 -1
173 80 -1
173 88 -1
173 92 -1
173 94 -1
173 102 -1
173 108 -1
173 112 -1
173 122 -1
173 125 -1
173 126 -1
173 135 -1
173 138 -1
173 141 -1
173 142 1
173 146 1
173 147 -1
173 166 -1
173 168 -1
173 170 -1
173 172 -1
173 177 -1
173 180 -1
173 182 -1
173 184 -1
174 2 1
174 5 -1
174 10 1
174 13 -1
174 14 -1
174 15 -1
174 16 -1
174 19 -1
174 22 -1
174 24 1
174 25 -1
174 26 1
174 32 -1
174 33 -1
174 36 -1
174 38 1
174 41 -1
174 51 -1
174 69 -1
174 72 1
174 81 -1
174 82 -1
174 83 -1
174 92 -1
174 95 -1
174 97 -1
174 109 -1
174 114 -1
174 116 -1
174 119 -1
174 120 -1
174 122 -1
174 123 -1
174 124 1
174 127 -1
174 128 -1
174 132 -1
174 134 -1
174 145 -1
174 146 -1
174 152 -1
174 153 1
174 155 1
174 158 -1
174 159 -1
174 162 -1
174 163 -1
174 170 1
174 173 -1
174 182 -1
174 186 1
174 189 -1
175 2 -1
175 6 -1
175 7 -1
175 12 -1
175 15 -1
175 30 1
175 31 -1
175 37 -1
175 38 1
175 39 -1
175 41 -1
175 42 -1
175 48 -1
175 56 -1
175 58 -1
175 62 -1
175 63 -1
175 65 -1
175 67 -1
175 73 -1
175 75 -1
175 77 1
175 79 -1
175 80 -1
175 90 -1
175 91 -1
175 96 -1
175 97 1
175 98 -1
175 99 -1
175 111 -1
175 112 -1
175 114 -1
175 116 -1
175 118 1
175 119 1
175 122 -1
175 124 -1
175 128 -1
175 129 1
175 140 -1
175 142 -1
175 147 1
175 150 -1
175 153 -1
175 168 -1
175 169 -1
175 173 -1
175 174 1
175 178 -1
175 184 -1
175 185 1
175 187 -1
175 189 -1
175 190 1
176 2 1
176 3 -1
176 7 1
176 10 -1
176 14 -1
176 15 -1
176 19 -1
176 25 -1
176 34 -1
176 36 1
176 38 -1
176 40 -1
176 41 -1
176 42 -1
176 44 -1
176 46 -1
176 48 -1
176 50 -1
176 55 -1
176 62 -1
176 65 1
176 67 -1
176 68 -1
176 70 -1
176 71 -1
176 73 -1
176 74 -1
176 77 -1
176 80 -1
176 81 -1
176 83 1
176 84 -1
176 85 -1
176 93 1
176 99 1
176 104 1
176 107 -1
176 119 -1
176 120 -1
176 123 -1
176 125 -1
176 128 -1
176 130 -1
176 136 1
176 137 -1
176 142 -1
176 146 -1
176 160 -1
176 169 -1
176 172 -1
176 177 -1
176 179 -1
176 180 -1
176 187 1
177 1 -1
177 6 -1
177 10 -1
177 15 1
177 32 1
177 33 -1
177 35 -1
177 43 -1
177 53 -1
177 55 -1
177 59 -1
177 60 -1
177 73 1
177 75 -1
177 76 -1
177 85 -1
177 87 -1
177 88 -1
177 90 1
177 96 1
177 102 -1
177 104 -1
177 105 -1
177 107 -1
177 108 -1
177 109 -1
177 113 -1
177 115 -1
177 117 -1
177 118 -1
177 124 -1
177 128 -1
177 129 -1
177 130 -1
177 131 -1
177 132 1
177 134 1
177 141 -1
177 142 -1
177 153 -1
177 159 -1
177 166 1
177 167 1
177 170 -1
177 174 -1
177 187 -1
177 188 -1
178 2 -1
178 4 -1
178 5 -1
178 6 -1
178 23 -1
178 25 -1
178 30 -1
178 37 -1
178 40 1
178 46 -1
178 47 -1
178 48 -1
178 54 -1
178 63 -1
178 71 1
178 74 1
178 77 1
178 78 -1
178 82 -1
178 83 1
178 84 -1
178 85 1
178 86 -1
178 88 -1
178 92 -1
178 94 -1
178 97 -1
178 100 -1
178 108 -1
178 111 1
178 124 -1
178 127 1
178 130 -1
178 138 -1
178 140 -1
178 141 1
178 142 -1
178 143 1
178 148 -1
178 149 1
178 152 -1
178 157 -1
178 158 -1
178 159 1
178 160 -1
178 161 -1
178 162 -1
178 163 -1
178 165 -1
178 166 -1
178 167 -1
178 170 -1
178 173 -1
178 176 -1
178 190 -1
179 2 -1
179 10 -1
179 18 -1
179 19 -1
179 31 -1
179 32 -1
179 34 -1
179 36 -1
179 39 -1
179 40 -1
179 41 -1
179 43 -1
179 46 1
179 47 -1
179 54 -1
179 60 -1
179 69 -1
179 75 -1
179 80 -1
179 82 -1
179 86 1
179 87 -1
179 89 -1
179 91 -1
179 92 -1
179 93 -1
179 97 1
179 102 -1
179 108 -1
179 109 -1
179 110 -1
179 117 -1
179 125 -1
179 128 1
179 129 1
179 130 -1
179 133 -1
179 135 -1
179 136 -1
179 139 -1
179 144 -1
179 149 -1
179 152 -1
179 154 -1
179 172 -1
179 186 -1
180 6 -1
180 7 -1
180 9 -1
180 12 1
180 16 1
180 17 -1
180 30 -1
180 33 -1
180 37 -1
180 44 -1
180 45 -1
180 47 -1
180 52 1
180 55 -1
180 56 -1
180 61 -1
180 64 -1
180 67 -1
180 85 -1
180 94 -1
180 95 -1
180 98 -1
180 107 -1
180 116 -1
180 124 -1
180 132 -1
180 134 -1
180 135 -1
180 137 -1
180 138 -1
180 139 -1
180 142 -1
180 146 1
180 147 -1
180 153 -1
180 156 -1
180 157 -1
180 166 -1
180 168 -1
180 174 1
180 182 1
180 185 -1
180 186 -1
181 9 -1
181 10 -1
181 13 -1
181 20 -1
181 43 -1
181 44 -1
181 48 -1
181 59 -1
181 61 -1
181 62 -1
181 64 -1
181 69 -1
181 70 -1
181 73 -1
181 75 -1
181 76 1
181 77 -1
181 84 -1
181 89 -1
181 95 1
181 96 -1
181 99 1
181 105 -1
181 111 -1
181 118 1
181 119 -1
181 122 -1
181 130 -1
181 136 -1
181 148 1
181 150 -1
181 169 1
181 170 -1
181 173 -1
181 176 -1
181 180 -1
181 184 -1
181 190 1
182 5 -1
182 7 -1
182 10 -1
182 11 -1
182 19 1
182 20 -1
182 22 -1
182 24 -1
182 25 -1
182 33 1
182 34 -1
182 35 1
182 38 1
182 43 -1
182 46 1
182 49 -1
182 52 -1
182 54 1
182 61 1
182 68 1
182 69 -1
182 74 -1
182 80 -1
182 84 -1
182 86 -1
182 98 -1
182 101 -1
182 104 -1
182 110 -1
182 128 -1
182 142 -1
182 148 -1
182 149 -1
182 153 -1
182 156 -1
182 157 -1
182 158 -1
182 161 -1
182 162 -1
182 163 -1
182 164 -1
182 167 -1
182 169 1
182 171 -1
182 176 1
182 188 1
182 190 1
183 6 -1
183 14 -1
183 23 -1
183 29 1
183 30 -1
183 32 -1
183 36 -1
183 39 1
183 40 -1
183 43 1
183 45 -1
183 47 -1
183 55 -1
183 64 -1
183 67 -1
183 68 -1
183 70 1
183 71 -1
183 72 -1
183 80 1
183 85 -1
183 87 -1
183 88 -1
183 89 -1
183 99 -1
183 100 -1
183 101 -1
183 105 -1
183 108 -1
183 111 -1
183 113 -1
183 123 1
183 127 1
183 138 -1
183 140 -1
183 145 1
183 149 -1
183 150 -1
183 153 -1
183 157 -1
183 159 1
183 166 -1
183 168 -1
183 169 -1
183 172 -1
183 176 -1
183 178 -1
183 182 1
183 186 -1
183 188 -1
183 189 -1
183 190 -1
184 1 -1
184 2 -1
184 4 1
184 11 1
184 12 -1
184 14 1
184 15 1
184 17 -1
184 20 -1
184 22 1
184 29 -1
184 30 -1
184 32 1
184 34 1
184 44 -1
184 45 -1
184 46 -1
184 59 -1
184 60 -1
184 65 -1
184 67 -1
184 68 -1
184 88 1
184 89 1
184 90 -1
184 98 -1
184 102 -1
184 107 1
184 116 -1
184 117 -1
184 120 -1
184 121 -1
184 122 -1
184 131 -1
184 150 -1
184 152 1
184 154 -1
184 155 -1
184 162 -1
184 172 -1
184 178 -1
184 183 -1
184 185 1
184 188 -1
185 6 -1
185 11 -1
185 12 -1
185 13 -1
185 20 -1
185 35 1
185 38 -1
185 40 1
185 42 1
185 45 -1
185 53 1
185 55 -1
185 59 -1
185 71 -1
185 79 -1
185 81 -1
185 83 -1
185 94 -1
185 96 1
185 118 1
185 123 -1
185 130 -1
185 135 -1
185 140 -1
185 142 -1
185 150 1
185 153 1
185 159 -1
185 160 -1
185 163 -1
185 167 -1
185 169 -1
185 171 -1
185 179 -1
185 182 -1
185 183 -1
185 187 -1
185 188 -1
186 11 -1
186 12 -1
186 15 -1
186 16 -1
186 20 -1
186 21 1
186 23 -1
186 31 1
186 33 -1
186 35 -1
186 37 -1
186 41 1
186 45 1
186 53 -1
186 55 -1
186 56 1
186 69 -1
186 73 -1
186 77 -1
186 78 -1
186 82 -1
186 86 -1
186 96 -1
186 100 -1
186 101 -1
186 117 -1
186 120 -1
186 121 -1
186 122 -1
186 123 -1
186 126 -1
186 129 1
186 131 -1
186 132 -1
186 135 -1
186 137 -1
186 139 -1
186 141 -1
186 142 -1
186 147 -1
186 148 -1
186 150 1
186 152 1
186 153 -1
186 154 -1
186 158 -1
186 160 1
186 166 -1
186 168 -1
186 171 -1
186 173 -1
186 175 -1
186 176 -1
186 177 -1
187 2 -1
187 4 -1
187 5 -1
187 6 -1
187 9 -1
187 10 1
187 11 -1
187 20 -1
187 22 -1
187 28 -1
187 29 -1
187 30 -1
187 33 1
187 34 -1
187 36 -1
187 37 1
187 38 -1
187 47 -1
187 50 -1
187 52 -1
187 61 -1
187 65 1
187 68 -1
187 78 -1
187 79 -1
187 83 -1
187 86 1
187 91 -1
187 97 -1
187 98 -1
187 101 -1
187 104 -1
187 112 -1
187 128 -1
187 130 -1
187 140 1
187 141 -1
187 142 -1
187 144 -1
187 146 -1
187 148 -1
187 153 1
187 155 -1
187 157 1
187 165 -1
187 167 -1
187 173 -1
187 180 -1
187 182 -1
187 190 -1
188 4 -1
188 5 -1
188 11 -1
188 14 -1
188 17 1
188 18 -1
188 24 -1
188 26 1
188 36 -1
188 37 1
188 38 -1
188 41 -1
188 44 -1
188 46 -1
188 48 1
188 50 -1
188 52 1
188 54 -1
188 55 -1
188 63 -1
188 69 -1
188 79 -1
188 81 -1
188 86 -1
188 88 1
188 92 -1
188 101 -1
188 104 1
188 105 -1
188 107 -1
188 110 -1
188 120 -1
188 122 -1
188 123 1
188 124 -1
188 135 -1
188 140 1
188 144 -1
188 148 -1
188 158 -1
188 160 1
188 163 -1
188 164 -1
188 169 -1
188 171 1
188 175 -1
188 178 -1
188 181 -1
188 186 1
189 4 -1
189 6 1
189 13 -1
189 14 -1
189 15 -1
189 24 -1
189 26 -1
189 29 -1
189 30 -1
189 32 -1
189 36 1
189 38 -1
189 41 -1
189 46 1
189 52 1
189 54 -1
189 56 -1
189 57 -1
189 60 -1
189 62 -1
189 63 -1
189 65 -1
189 67 -1
189 68 -1
189 69 -1
189 70 -1
189 71 -1
189 74 -1
189 77 -1
189 80 -1
189 82 1
189 85 -1
189 88 -1
189 89 -1
189 96 -1
189 101 -1
189 108 -1
189 112 -1
189 115 1
189 120 1
189 125 -1
189 126 1
189 130 1
189 139 -1
189 147 -1
189 151 -1
189 152 1
189 153 -1
189 154 -1
189 163 -1
189 166 1
189 187 -1
190 8 -1
190 10 -1
190 11 -1
190 27 1
190 43 1
190 45 -1
190 51 -1
190 58 -1
190 66 -1
190 71 -1
190 76 -1
190 78 -1
190 79 -1
190 80 -1
190 82 -1
190 83 -1
190 96 -1
190 97 -1
190 103 -1
190 104 -1
190 108 -1
190 109 -1
190 110 -1
190 117 1
190 124 -1
190 128 -1
190 130 -1
190 131 -1
190 134 1
190 138 -1
190 139 -1
190 143 1
190 147 -1
190 152 -1
190 154 -1
190 155 -1
190 156 1
190 165 -1
190 166 -1
190 167 -1
190 168 -1
190 170 -1
190 176 1
190 179 -1
190 180 -1
190 185 1
190 186 -1
