vertices: 110 edges: 2997
1 4 -1
1 5 1
1 18 -1
1 21 -1
1 27 1
1 30 -1
1 35 -1
1 37 1
1 41 1
1 43 1
1 45 1
1 49 1
1 56 1
1 63 1
1 64 1
1 68 1
1 71 1
1 76 1
1 89 1
1 94 1
1 107 1
2 5 1
2 8 -1
2 9 1
2 14 1
2 16 1
2 26 1
2 27 1
2 28 1
2 29 1
2 30 -1
2 34 -1
2 37 -1
2 42 1
2 43 1
2 46 1
2 48 -1
2 51 1
2 53 1
2 59 1
2 62 1
2 68 1
2 73 1
2 75 1
2 77 1
2 78 1
2 80 -1
2 82 -1
2 83 1
2 86 1
2 88 1
2 96 1
2 100 1
2 101 1
2 102 1
2 107 1
3 4 -1
3 9 1
3 11 1
3 14 1
3 15 1
3 19 1
3 22 1
3 24 1
3 32 1
3 35 1
3 38 1
3 45 1
3 49 1
3 59 -1
3 68 1
3 77 1
3 86 -1
3 89 1
3 97 1
3 98 -1
3 99 1
3 102 1
3 108 -1
3 109 1
4 2 1
4 5 1
4 6 1
4 11 -1
4 19 1
4 20 1
4 39 1
4 41 1
4 47 1
4 52 1
4 55 1
4 60 -1
4 64 1
4 66 1
4 67 -1
4 77 1
4 79 1
4 80 1
4 83 1
4 85 -1
4 86 1
4 92 1
4 93 1
4 99 1
4 105 1
4 106 -1
4 109 -1
5 12 1
5 17 1
5 20 1
5 28 1
5 41 1
5 43 1
5 45 1
5 47 1
5 49 1
5 51 1
5 54 1
5 55 1
5 59 -1
5 60 1
5 64 1
5 71 1
5 74 1
5 76 -1
5 77 1
5 78 1
5 80 -1
5 82 1
5 84 1
5 87 1
5 91 1
5 93 -1
5 96 1
5 97 1
5 101 1
5 106 1
5 109 1
6 3 1
6 7 1
6 8 1
6 10 1
6 12 1
6 24 1
6 25 1
6 30 -1
6 36 -1
6 38 1
6 39 1
6 42 -1
6 48 -1
6 51 1
6 52 -1
6 59 1
6 60 1
6 64 1
6 69 1
6 74 -1
6 75 1
6 76 1
6 77 -1
6 79 1
6 81 1
6 82 1
6 83 1
6 89 -1
6 90 1
6 91 1
6 96 1
6 99 1
6 100 1
6 105 1
6 106 1
6 107 1
6 110 1
7 1 -1
7 2 1
7 5 1
7 13 1
7 20 1
7 23 1
7 26 1
7 28 1
7 31 1
7 32 1
7 39 1
7 44 -1
7 49 1
7 54 -1
7 65 1
7 78 -1
7 83 1
7 89 1
7 92 1
7 95 1
7 97 1
7 101 1
7 108 1
8 1 1
8 4 1
8 5 1
8 12 -1
8 18 1
8 21 1
8 31 -1
8 34 1
8 35 1
8 36 1
8 37 1
8 38 1
8 45 1
8 46 -1
8 57 1
8 61 1
8 68 1
8 78 1
8 82 -1
8 83 1
8 85 1
8 86 1
8 97 -1
8 100 1
8 102 -1
8 110 1
9 1 1
9 6 -1
9 11 1
9 12 -1
9 13 1
9 17 1
9 21 1
9 22 1
9 24 1
9 28 -1
9 31 1
9 32 1
9 44 1
9 50 1
9 54 1
9 59 -1
9 62 1
9 66 1
9 69 -1
9 79 1
9 80 1
9 83 1
9 91 1
9 94 1
9 98 1
9 99 -1
9 100 -1
9 102 -1
9 105 -1
10 1 1
10 2 -1
10 3 1
10 4 1
10 9 1
10 15 1
10 20 1
10 21 1
10 22 1
10 33 1
10 34 1
10 41 1
10 45 1
10 63 1
10 66 1
10 68 1
10 70 -1
10 71 -1
10 75 -1
10 76 1
10 79 1
10 82 1
10 83 1
10 87 1
10 95 -1
10 99 1
10 101 1
10 104 1
10 110 1
11 1 -1
11 6 1
11 8 1
11 16 1
11 20 1
11 36 -1
11 37 1
11 41 1
11 43 1
11 55 1
11 59 1
11 60 -1
11 69 1
11 73 1
11 79 1
11 85 -1
11 87 1
11 89 1
11 90 -1
11 101 1
11 107 1
11 109 1
11 110 1
12 2 1
12 4 1
12 7 -1
12 10 1
12 11 1
12 14 1
12 16 1
12 19 -1
12 22 1
12 25 1
12 26 1
12 29 1
12 33 1
12 34 1
12 47 1
12 48 1
12 53 1
12 55 1
12 60 1
12 61 1
12 67 1
12 70 1
12 71 1
12 72 1
12 74 1
12 75 1
12 77 1
12 81 1
12 87 1
12 88 1
12 90 -1
12 93 -1
12 94 1
12 97 1
12 104 -1
12 106 1
12 109 1
13 3 1
13 14 1
13 16 1
13 29 1
13 31 1
13 33 1
13 35 1
13 36 1
13 37 -1
13 38 1
13 42 1
13 46 1
13 48 -1
13 57 1
13 70 1
13 73 1
13 74 1
13 82 1
13 86 1
13 91 1
13 105 1
13 109 1
14 5 1
14 6 1
14 16 -1
14 20 1
14 24 -1
14 25 1
14 26 1
14 27 1
14 31 1
14 32 1
14 34 1
14 37 1
14 40 1
14 43 1
14 44 1
14 46 1
14 47 1
14 48 1
14 52 -1
14 53 1
14 62 1
14 66 1
14 69 1
14 71 1
14 72 -1
14 77 -1
14 85 -1
14 88 1
14 89 1
14 92 1
14 94 1
14 95 1
14 100 1
14 110 1
15 2 1
15 6 -1
15 8 1
15 9 1
15 12 1
15 13 1
15 19 1
15 22 -1
15 26 1
15 39 1
15 41 1
15 43 1
15 44 1
15 54 1
15 59 -1
15 63 1
15 64 1
15 68 1
15 71 1
15 83 1
15 88 1
15 92 1
15 93 1
15 94 1
15 96 -1
15 97 1
15 103 1
16 17 1
16 21 1
16 24 1
16 28 1
16 29 1
16 30 -1
16 33 1
16 40 -1
16 42 1
16 44 1
16 51 1
16 55 1
16 58 -1
16 59 1
16 63 1
16 66 1
16 69 1
16 71 -1
16 73 1
16 74 -1
16 79 1
16 86 1
16 95 1
16 103 1
16 106 1
16 107 1
16 108 1
17 2 -1
17 3 1
17 6 -1
17 13 1
17 20 1
17 22 1
17 25 1
17 26 1
17 27 1
17 31 1
17 35 1
17 38 1
17 39 1
17 40 1
17 41 1
17 42 1
17 48 -1
17 50 1
17 62 1
17 64 -1
17 66 -1
17 76 1
17 81 1
17 84 1
17 85 -1
17 96 1
17 98 1
17 100 1
17 101 1
17 102 1
17 104 1
17 106 1
18 4 1
18 7 -1
18 12 1
18 15 1
18 17 1
18 19 1
18 20 1
18 25 -1
18 26 1
18 29 1
18 33 1
18 37 1
18 39 1
18 40 1
18 42 1
18 45 1
18 46 1
18 48 -1
18 51 1
18 55 1
18 63 1
18 72 1
18 74 -1
18 77 1
18 82 1
18 84 -1
18 88 -1
18 90 -1
18 94 1
18 102 1
18 108 1
18 110 1
19 10 1
19 11 1
19 28 -1
19 33 1
19 40 1
19 44 -1
19 54 -1
19 61 1
19 64 1
19 65 1
19 66 1
19 71 1
19 77 1
19 79 1
19 89 1
19 93 1
19 95 -1
19 99 1
19 101 1
19 102 1
20 1 1
20 8 1
20 12 1
20 16 -1
20 21 1
20 22 1
20 23 1
20 24 -1
20 26 1
20 29 1
20 31 -1
20 33 1
20 35 -1
20 37 -1
20 39 -1
20 42 1
20 45 -1
20 52 1
20 53 1
20 60 1
20 64 1
20 65 1
20 73 1
20 74 1
20 76 1
20 79 1
20 81 1
20 87 1
20 90 1
20 93 1
20 96 1
20 105 -1
20 108 -1
21 2 1
21 3 1
21 4 1
21 12 1
21 13 -1
21 17 1
21 18 1
21 26 -1
21 28 1
21 31 -1
21 34 1
21 41 1
21 42 1
21 44 1
21 48 1
21 55 1
21 57 1
21 58 1
21 62 1
21 76 1
21 78 1
21 79 1
21 89 1
21 93 1
21 96 -1
21 98 -1
22 1 1
22 19 1
22 21 1
22 23 1
22 28 1
22 30 1
22 33 1
22 34 1
22 35 1
22 36 1
22 37 1
22 41 -1
22 45 1
22 53 1
22 57 1
22 60 1
22 66 1
22 69 -1
22 71 -1
22 72 -1
22 73 1
22 77 1
22 78 1
22 83 1
22 84 -1
22 91 1
22 92 1
22 95 1
23 1 -1
23 2 1
23 9 1
23 27 1
23 31 1
23 34 1
23 35 1
23 39 1
23 42 1
23 50 1
23 51 1
23 53 -1
23 64 1
23 66 1
23 69 -1
23 76 1
23 78 1
23 81 -1
23 82 1
23 85 1
23 96 1
23 99 1
23 100 1
23 101 1
23 103 1
23 107 1
23 109 1
24 1 1
24 2 1
24 7 1
24 10 1
24 13 1
24 19 1
24 21 1
24 22 1
24 23 -1
24 26 1
24 28 1
24 29 1
24 31 1
24 37 1
24 38 1
24 42 1
24 43 1
24 46 1
24 50 1
24 51 1
24 52 1
24 56 1
24 57 1
24 63 -1
24 68 1
24 74 1
24 78 -1
24 81 1
24 83 -1
24 89 -1
24 90 1
24 91 1
24 93 1
24 101 -1
25 2 1
25 4 1
25 9 1
25 13 1
25 15 1
25 20 1
25 21 -1
25 22 1
25 23 1
25 27 1
25 28 -1
25 35 1
25 50 1
25 59 -1
25 65 1
25 66 -1
25 74 -1
25 76 1
25 82 -1
25 83 1
25 93 1
25 96 1
25 102 -1
25 104 1
25 106 1
26 3 1
26 10 1
26 11 1
26 16 1
26 19 1
26 23 1
26 31 1
26 35 1
26 42 1
26 46 1
26 49 -1
26 51 1
26 52 1
26 56 1
26 61 1
26 75 1
26 76 1
26 78 1
26 87 1
26 88 1
26 96 1
26 100 1
26 106 -1
27 4 1
27 6 1
27 7 1
27 9 1
27 12 1
27 13 1
27 15 -1
27 16 1
27 19 1
27 20 1
27 22 1
27 24 -1
27 38 1
27 39 1
27 48 1
27 55 1
27 57 1
27 61 1
27 63 1
27 64 1
27 65 -1
27 67 1
27 69 1
27 70 -1
27 71 1
27 74 1
27 76 1
27 78 1
27 80 -1
27 81 1
27 91 1
27 96 -1
27 98 1
27 99 1
27 101 -1
27 109 1
27 110 -1
28 4 -1
28 11 1
28 15 1
28 17 1
28 18 1
28 20 1
28 26 1
28 27 1
28 29 1
28 31 -1
28 34 1
28 38 1
28 39 1
28 43 -1
28 49 1
28 52 1
28 54 1
28 56 1
28 57 1
28 61 1
28 62 1
28 67 1
28 71 1
28 72 1
28 74 1
28 77 1
28 81 1
28 86 1
28 88 -1
28 90 1
28 92 1
28 94 1
28 95 1
28 107 1
29 1 1
29 4 1
29 5 1
29 10 1
29 14 1
29 23 1
29 25 1
29 37 1
29 47 1
29 57 -1
29 58 1
29 71 -1
29 73 1
29 75 1
29 76 -1
29 84 1
29 89 1
29 91 1
29 94 1
29 100 1
29 105 -1
29 109 1
29 110 1
30 8 1
30 12 -1
30 14 1
30 20 1
30 25 1
30 27 1
30 35 1
30 41 1
30 42 1
30 46 -1
30 48 1
30 58 1
30 60 1
30 66 1
30 75 1
30 76 1
30 77 1
30 87 1
30 89 1
30 92 1
30 100 1
30 102 1
30 109 1
31 5 1
31 10 1
31 11 -1
31 25 1
31 27 1
31 32 1
31 36 1
31 37 1
31 38 1
31 45 1
31 49 1
31 50 1
31 55 1
31 61 1
31 67 1
31 74 1
31 85 1
31 87 1
31 92 1
31 100 1
31 103 1
31 105 1
31 106 1
31 110 1
32 1 1
32 2 1
32 6 1
32 8 1
32 13 1
32 19 1
32 20 -1
32 24 1
32 25 1
32 26 1
32 29 1
32 33 1
32 35 1
32 38 1
32 39 1
32 40 1
32 46 1
32 47 1
32 49 -1
32 51 1
32 53 1
32 61 -1
32 65 -1
32 67 1
32 68 1
32 69 1
32 70 1
32 71 1
32 75 -1
32 79 1
32 92 -1
32 99 -1
32 109 1
32 110 1
33 1 -1
33 3 1
33 7 1
33 8 1
33 11 1
33 23 -1
33 24 1
33 27 1
33 28 1
33 31 1
33 36 1
33 38 1
33 47 1
33 49 1
33 51 -1
33 53 1
33 63 1
33 70 1
33 71 1
33 72 1
33 73 1
33 78 -1
33 84 1
33 86 1
33 95 1
33 97 1
33 101 1
33 104 1
33 105 -1
33 108 1
34 13 -1
34 15 1
34 17 1
34 18 1
34 20 1
34 26 1
34 38 -1
34 43 1
34 44 1
34 48 1
34 49 1
34 53 1
34 54 1
34 62 -1
34 63 1
34 64 1
34 65 1
34 68 1
34 69 -1
34 71 1
34 74 1
34 76 -1
34 79 1
34 81 1
34 82 1
34 83 -1
34 89 1
34 92 1
34 96 1
34 109 1
35 5 1
35 7 1
35 11 1
35 24 -1
35 33 1
35 37 1
35 38 -1
35 40 1
35 44 -1
35 45 -1
35 47 1
35 50 -1
35 54 1
35 55 1
35 59 -1
35 61 1
35 65 1
35 66 -1
35 70 1
35 72 1
35 83 1
35 85 -1
35 86 1
35 98 1
35 99 1
35 101 1
35 102 1
35 103 1
36 2 1
36 3 1
36 4 1
36 5 1
36 12 1
36 16 -1
36 18 1
36 23 -1
36 24 1
36 27 1
36 30 1
36 35 -1
36 37 1
36 38 1
36 41 1
36 56 1
36 61 1
36 68 1
36 69 1
36 72 1
36 73 1
36 84 1
36 87 1
36 97 -1
36 98 1
36 101 1
36 103 1
37 6 -1
37 7 1
37 19 1
37 28 1
37 40 1
37 44 1
37 45 1
37 65 1
37 67 1
37 68 -1
37 69 1
37 84 1
37 85 -1
37 94 1
37 97 1
37 99 1
37 103 1
38 7 1
38 10 1
38 11 -1
38 16 -1
38 21 1
38 30 -1
38 37 1
38 41 1
38 42 1
38 43 1
38 45 1
38 47 1
38 49 1
38 51 1
38 53 1
38 66 1
38 67 1
38 75 -1
38 84 -1
38 86 1
38 97 1
38 108 1
39 8 1
39 21 1
39 22 1
39 46 1
39 47 1
39 50 -1
39 51 1
39 57 1
39 60 -1
39 70 1
39 77 1
39 82 1
39 85 -1
39 93 1
39 95 1
39 96 1
39 98 1
39 99 1
39 100 -1
39 103 1
39 105 1
39 110 1
40 9 1
40 11 1
40 22 -1
40 23 -1
40 25 1
40 26 1
40 28 1
40 29 1
40 30 1
40 44 -1
40 46 1
40 51 1
40 56 1
40 61 1
40 66 -1
40 68 1
40 72 1
40 73 1
40 74 1
40 75 1
40 78 1
40 87 -1
40 98 1
40 102 -1
40 105 1
40 106 1
41 8 1
41 13 -1
41 32 1
41 34 1
41 35 -1
41 39 -1
41 40 1
41 49 1
41 54 1
41 56 1
41 60 -1
41 61 1
41 69 1
41 70 -1
41 85 1
41 86 -1
41 93 -1
41 98 1
41 103 -1
41 104 1
41 106 1
42 9 1
42 11 -1
42 12 1
42 14 1
42 27 1
42 28 1
42 29 1
42 31 -1
42 32 -1
42 34 1
42 35 1
42 36 1
42 39 1
42 43 1
42 48 1
42 55 1
42 63 1
42 69 -1
42 76 1
42 78 1
42 88 1
42 90 1
42 94 1
42 99 1
42 108 1
43 3 1
43 10 -1
43 13 1
43 20 1
43 27 1
43 33 -1
43 36 1
43 37 1
43 50 1
43 52 1
43 53 1
43 65 1
43 68 1
43 75 -1
43 77 1
43 84 1
43 94 -1
43 99 1
43 100 1
43 102 -1
43 103 -1
43 104 1
43 106 1
43 110 1
44 3 1
44 4 1
44 5 1
44 11 1
44 18 1
44 20 1
44 26 -1
44 28 -1
44 30 1
44 31 1
44 32 -1
44 38 -1
44 42 1
44 54 1
44 58 1
44 60 1
44 66 1
44 67 -1
44 79 1
44 89 1
44 91 1
44 94 1
44 107 1
44 109 1
44 110 1
45 7 1
45 9 -1
45 13 -1
45 21 1
45 24 1
45 26 -1
45 33 1
45 40 -1
45 41 1
45 42 1
45 43 1
45 49 -1
45 56 1
45 58 -1
45 63 1
45 64 1
45 68 1
45 69 1
45 74 1
45 80 -1
45 84 1
45 91 1
45 99 1
45 100 1
45 102 1
45 108 1
45 109 -1
46 4 1
46 5 1
46 7 1
46 15 -1
46 21 -1
46 22 1
46 25 1
46 28 1
46 29 1
46 31 1
46 33 1
46 34 1
46 35 1
46 37 1
46 44 1
46 51 -1
46 52 1
46 54 1
46 60 1
46 61 1
46 64 1
46 68 1
46 76 1
46 80 1
46 86 1
46 88 1
46 89 1
46 93 1
46 94 1
46 96 1
46 102 1
46 110 -1
47 1 1
47 2 1
47 3 1
47 8 1
47 10 1
47 11 1
47 15 1
47 18 -1
47 19 1
47 20 1
47 23 1
47 25 -1
47 26 1
47 31 1
47 40 1
47 53 1
47 65 -1
47 68 1
47 73 -1
47 74 1
47 76 1
47 82 1
47 87 -1
47 90 -1
48 3 1
48 4 -1
48 16 1
48 19 1
48 23 -1
48 24 1
48 28 1
48 29 1
48 32 1
48 33 1
48 37 1
48 41 1
48 47 1
48 53 1
48 54 1
48 58 1
48 61 1
48 64 1
48 71 1
48 73 1
48 81 1
48 85 1
48 87 1
48 93 1
48 94 1
48 97 1
48 102 1
48 104 1
48 107 -1
49 4 1
49 9 1
49 11 -1
49 14 -1
49 15 1
49 20 1
49 25 1
49 27 1
49 30 -1
49 37 1
49 39 -1
49 43 -1
49 46 1
49 47 1
49 52 1
49 53 -1
49 55 -1
49 57 1
49 58 1
49 64 1
49 65 1
49 67 1
49 68 -1
49 79 -1
49 80 1
49 83 1
49 92 1
49 93 1
49 97 1
49 107 1
50 4 1
50 8 1
50 13 1
50 14 1
50 22 1
50 32 1
50 37 1
50 38 1
50 42 1
50 44 -1
50 45 1
50 47 -1
50 52 -1
50 53 1
50 60 1
50 61 1
50 73 1
50 85 1
50 91 1
50 92 1
50 94 -1
50 96 -1
50 99 1
50 100 1
50 101 1
51 4 1
51 10 -1
51 11 1
51 13 1
51 19 1
51 21 1
51 25 1
51 27 -1
51 29 1
51 30 1
51 36 1
51 37 1
51 48 1
51 50 1
51 56 1
51 58 1
51 62 1
51 63 1
51 68 1
51 73 -1
51 75 1
51 80 1
51 84 1
51 85 -1
51 88 1
51 92 1
51 102 1
51 103 1
51 105 1
51 107 1
51 109 1
51 110 1
52 1 1
52 2 1
52 7 -1
52 10 1
52 11 1
52 15 1
52 35 1
52 44 1
52 47 1
52 48 1
52 56 1
52 59 1
52 63 1
52 68 1
52 72 1
52 73 1
52 74 1
52 88 -1
52 93 1
52 94 1
52 96 -1
52 101 1
52 109 1
53 6 1
53 7 1
53 13 1
53 17 -1
53 18 1
53 25 1
53 27 1
53 29 1
53 30 1
53 37 1
53 41 -1
53 46 -1
53 55 1
53 58 1
53 62 1
53 75 1
53 77 -1
53 78 1
53 81 1
53 83 1
53 85 1
53 86 -1
53 88 1
53 89 1
53 90 1
53 100 -1
53 103 1
53 109 1
54 11 1
54 13 1
54 16 1
54 21 -1
54 25 1
54 26 1
54 27 1
54 29 1
54 37 -1
54 42 1
54 47 1
54 49 1
54 51 -1
54 53 1
54 66 -1
54 67 -1
54 74 -1
54 83 1
54 95 1
54 96 1
54 104 1
55 1 1
55 3 1
55 6 1
55 8 1
55 10 1
55 14 1
55 29 1
55 33 1
55 37 1
55 43 -1
55 45 -1
55 47 -1
55 48 1
55 66 1
55 70 -1
55 73 1
55 79 1
55 81 -1
55 86 1
55 88 1
55 92 1
55 96 1
55 99 1
55 102 1
55 104 1
55 108 -1
55 109 -1
56 4 -1
56 8 1
56 11 -1
56 12 1
56 18 1
56 20 -1
56 21 1
56 33 1
56 39 1
56 42 1
56 44 1
56 46 1
56 49 -1
56 54 1
56 57 1
56 60 1
56 63 1
56 66 1
56 68 1
56 71 1
56 72 1
56 82 1
56 94 -1
56 99 1
56 100 1
56 107 -1
57 6 1
57 7 1
57 11 1
57 17 1
57 19 -1
57 26 1
57 30 1
57 32 1
57 38 1
57 43 -1
57 44 1
57 50 1
57 53 1
57 62 1
57 66 1
57 72 -1
57 78 1
57 79 1
57 83 -1
57 84 -1
57 85 1
57 87 1
57 89 1
57 92 1
57 94 1
57 102 1
58 2 1
58 3 1
58 4 1
58 5 1
58 6 1
58 9 1
58 10 -1
58 13 -1
58 15 1
58 19 -1
58 20 1
58 23 1
58 26 1
58 31 1
58 32 1
58 34 1
58 37 1
58 47 1
58 54 -1
58 57 1
58 62 1
58 72 -1
58 74 1
58 75 1
58 79 1
58 85 -1
58 88 1
58 89 1
58 92 1
58 94 1
58 95 1
58 102 1
58 105 1
58 109 1
59 10 1
59 14 1
59 17 1
59 27 -1
59 28 1
59 29 -1
59 33 1
59 42 1
59 43 1
59 44 1
59 47 1
59 49 1
59 50 1
59 51 1
59 61 1
59 62 -1
59 66 1
59 67 1
59 68 1
59 74 -1
59 83 -1
59 87 -1
59 88 1
59 89 1
59 93 1
59 97 1
59 106 1
59 109 -1
60 14 1
60 19 1
60 23 1
60 33 1
60 36 1
60 43 -1
60 45 1
60 47 1
60 57 1
60 58 1
60 62 -1
60 71 1
60 72 1
60 73 1
60 75 1
60 76 1
60 80 1
60 87 1
60 90 1
60 91 -1
60 93 1
60 94 1
60 96 1
60 98 -1
60 99 1
60 100 1
60 101 1
60 106 1
60 107 1
60 109 -1
60 110 1
61 4 1
61 13 1
61 16 1
61 17 1
61 22 1
61 29 -1
61 34 1
61 37 1
61 42 -1
61 44 1
61 45 1
61 53 1
61 55 1
61 56 1
61 60 1
61 65 1
61 72 1
61 79 1
61 86 1
61 96 1
61 97 -1
61 109 1
62 3 1
62 5 -1
62 8 1
62 11 1
62 12 1
62 18 -1
62 20 1
62 23 1
62 24 -1
62 31 1
62 32 -1
62 35 1
62 36 1
62 38 1
62 42 1
62 43 1
62 44 1
62 45 1
62 46 1
62 50 -1
62 56 1
62 61 1
62 68 1
62 69 1
62 73 -1
62 75 -1
62 82 1
62 88 1
62 100 -1
63 7 1
63 11 1
63 17 1
63 19 1
63 21 1
63 23 -1
63 28 1
63 38 -1
63 39 1
63 40 -1
63 43 1
63 49 1
63 50 1
63 59 1
63 60 1
63 62 1
63 64 1
63 65 -1
63 80 1
63 82 1
63 91 1
63 92 1
63 93 1
63 98 1
63 101 1
63 105 1
64 10 1
64 11 -1
64 12 1
64 13 1
64 22 1
64 26 -1
64 30 1
64 31 1
64 33 1
64 40 1
64 44 1
64 47 1
64 51 -1
64 52 1
64 55 1
64 56 -1
64 62 1
64 68 1
64 72 1
64 73 1
64 82 1
64 83 1
64 85 1
64 87 -1
64 88 1
64 91 1
64 93 1
64 96 1
64 99 1
64 109 1
65 2 1
65 4 1
65 8 1
65 16 1
65 21 -1
65 30 1
65 39 -1
65 50 -1
65 57 1
65 58 -1
65 59 -1
65 60 -1
65 66 1
65 68 1
65 78 1
65 81 1
65 86 1
65 95 1
65 100 1
65 106 1
66 2 1
66 6 1
66 13 1
66 18 1
66 28 1
66 31 1
66 32 1
66 33 1
66 37 1
66 47 1
66 50 1
66 53 1
66 60 1
66 61 1
66 74 1
66 75 1
66 79 1
66 84 1
66 88 -1
66 90 1
66 95 1
66 100 1
66 103 -1
66 104 1
66 107 1
66 108 1
67 3 1
67 6 1
67 8 1
67 11 -1
67 14 1
67 15 1
67 18 1
67 20 1
67 29 1
67 33 1
67 35 1
67 36 1
67 40 1
67 43 -1
67 46 1
67 50 -1
67 52 1
67 57 -1
67 61 1
67 69 -1
67 72 -1
67 73 1
67 74 1
67 79 1
67 80 1
67 88 1
67 90 1
67 91 -1
67 97 1
67 98 -1
67 103 1
67 104 1
67 106 -1
67 107 -1
67 108 -1
68 9 1
68 16 1
68 18 1
68 20 1
68 21 -1
68 22 1
68 23 1
68 25 1
68 39 1
68 66 1
68 74 1
68 75 1
68 76 1
68 81 1
68 84 1
68 87 1
68 88 -1
68 89 1
68 93 1
68 97 1
68 103 1
68 105 -1
68 107 1
68 108 1
68 110 1
69 1 1
69 4 1
69 12 1
69 13 1
69 15 1
69 26 1
69 29 1
69 35 1
69 39 1
69 40 1
69 46 1
69 50 1
69 51 1
69 52 1
69 53 1
69 54 -1
69 58 1
69 66 1
69 70 1
69 74 -1
69 77 -1
69 78 1
69 81 1
69 83 1
69 85 1
69 93 1
69 94 1
69 96 1
69 100 1
69 101 1
69 102 1
69 107 1
69 108 -1
69 110 1
70 3 1
70 4 1
70 5 1
70 6 1
70 7 1
70 11 1
70 16 1
70 17 1
70 19 1
70 21 -1
70 31 1
70 36 1
70 40 -1
70 42 -1
70 48 1
70 50 1
70 51 1
70 52 -1
70 56 1
70 60 1
70 61 1
70 64 -1
70 65 1
70 67 -1
70 76 1
70 77 1
70 80 1
70 81 -1
70 83 1
70 85 1
70 87 1
70 88 1
70 90 1
70 94 -1
70 98 1
70 101 1
70 107 1
71 6 -1
71 11 1
71 13 1
71 21 1
71 24 1
71 25 -1
71 38 -1
71 41 1
71 45 1
71 50 -1
71 53 -1
71 54 1
71 63 1
71 64 1
71 65 1
71 69 1
71 81 1
71 86 -1
71 87 -1
71 88 -1
71 89 1
71 102 1
71 104 1
72 3 1
72 5 1
72 6 -1
72 8 -1
72 10 1
72 13 1
72 20 1
72 21 1
72 26 -1
72 29 1
72 30 -1
72 32 1
72 34 1
72 41 1
72 42 1
72 43 1
72 48 1
72 50 1
72 53 1
72 55 1
72 62 1
72 63 -1
72 73 1
72 77 -1
72 79 1
72 82 1
72 90 1
72 94 -1
72 99 -1
72 104 1
72 109 1
73 5 1
73 6 1
73 8 1
73 9 -1
73 18 1
73 19 1
73 26 1
73 30 1
73 34 1
73 38 -1
73 43 -1
73 45 1
73 56 1
73 61 1
73 68 1
73 71 1
73 78 1
73 80 1
73 84 1
73 89 1
73 90 1
73 91 1
73 92 1
73 103 1
73 106 1
73 107 1
74 17 1
74 21 1
74 23 1
74 26 1
74 33 1
74 36 1
74 41 1
74 42 1
74 43 1
74 46 1
74 62 -1
74 64 -1
74 65 1
74 70 1
74 79 -1
74 82 1
74 84 -1
74 85 1
74 90 1
74 93 -1
74 94 1
74 101 1
74 102 1
74 105 1
74 110 1
75 1 -1
75 4 1
75 9 1
75 27 1
75 28 1
75 34 1
75 37 1
75 39 -1
75 41 -1
75 42 1
75 44 1
75 45 1
75 47 1
75 49 -1
75 52 1
75 55 1
75 56 1
75 57 1
75 59 1
75 64 -1
75 69 1
75 78 -1
75 79 -1
75 83 1
75 92 1
75 93 1
75 94 1
75 95 1
75 98 1
75 100 1
75 102 -1
75 107 -1
75 108 -1
75 110 1
76 2 1
76 4 1
76 11 1
76 12 1
76 18 1
76 24 1
76 35 1
76 36 1
76 40 -1
76 41 -1
76 43 1
76 49 1
76 50 1
76 51 1
76 52 1
76 53 1
76 55 1
76 56 1
76 57 1
76 64 1
76 69 -1
76 74 -1
76 79 1
76 82 1
76 87 1
76 95 1
76 98 1
76 104 1
76 106 1
77 1 1
77 8 1
77 9 1
77 16 1
77 20 1
77 21 1
77 25 -1
77 27 1
77 29 1
77 34 1
77 36 1
77 47 1
77 48 -1
77 49 1
77 52 1
77 55 1
77 58 1
77 63 1
77 64 1
77 65 1
77 66 -1
77 75 1
77 78 1
77 84 1
77 85 1
77 88 1
77 89 -1
77 92 1
77 105 1
77 107 -1
77 109 1
78 1 1
78 4 1
78 9 1
78 10 1
78 11 1
78 14 1
78 17 1
78 20 1
78 31 1
78 36 1
78 37 1
78 38 1
78 41 1
78 45 1
78 52 1
78 54 1
78 62 1
78 71 1
78 74 1
78 87 1
78 88 1
78 91 1
78 93 1
78 94 1
78 101 1
78 103 1
78 106 -1
78 110 -1
79 2 1
79 5 1
79 7 1
79 8 1
79 12 1
79 17 1
79 25 1
79 28 1
79 31 -1
79 35 1
79 36 1
79 39 1
79 40 1
79 42 1
79 52 -1
79 53 1
79 54 1
79 65 1
79 69 1
79 71 -1
79 78 1
79 81 1
79 82 1
79 91 1
79 93 1
79 95 1
79 96 1
79 97 1
79 109 1
80 1 -1
80 8 -1
80 10 1
80 13 -1
80 14 1
80 15 1
80 18 1
80 23 1
80 26 -1
80 30 -1
80 31 1
80 33 1
80 36 1
80 42 1
80 50 1
80 56 1
80 57 1
80 62 1
80 64 1
80 65 1
80 66 1
80 69 1
80 75 1
80 76 1
80 87 1
80 90 1
80 94 1
80 109 1
81 1 1
81 3 1
81 5 1
81 7 1
81 8 1
81 14 1
81 15 1
81 16 1
81 19 1
81 25 1
81 31 -1
81 36 1
81 45 1
81 51 1
81 52 1
81 59 1
81 61 -1
81 62 1
81 63 1
81 93 1
81 99 -1
82 1 1
82 3 -1
82 7 -1
82 15 1
82 16 1
82 17 1
82 27 1
82 30 1
82 31 1
82 38 1
82 48 -1
82 50 -1
82 52 1
82 58 1
82 65 1
82 68 1
82 77 1
82 80 1
82 84 1
82 87 1
82 88 1
82 90 1
82 91 -1
82 92 1
82 94 1
82 96 1
82 98 1
82 100 -1
82 103 1
82 105 -1
82 106 1
83 5 -1
83 11 1
83 12 1
83 18 1
83 21 1
83 27 1
83 28 -1
83 32 1
83 33 1
83 36 1
83 39 1
83 58 1
83 67 1
83 72 1
83 73 1
83 77 -1
83 79 1
83 100 -1
83 101 -1
83 102 -1
83 105 -1
83 106 1
84 7 1
84 11 1
84 15 1
84 30 1
84 42 1
84 46 1
84 47 1
84 50 1
84 62 -1
84 69 1
84 85 1
84 89 -1
84 95 1
84 99 1
84 106 1
84 109 1
85 1 -1
85 6 -1
85 7 1
85 15 -1
85 16 -1
85 21 1
85 22 1
85 27 1
85 29 1
85 32 1
85 36 -1
85 38 1
85 43 1
85 44 1
85 54 -1
85 60 1
85 65 -1
85 67 1
85 68 -1
85 79 -1
85 81 1
85 91 1
85 95 1
86 1 1
86 7 -1
86 14 1
86 21 1
86 23 -1
86 26 1
86 30 1
86 47 1
86 48 1
86 50 1
86 51 1
86 54 1
86 59 -1
86 62 1
86 63 1
86 66 1
86 69 1
86 70 1
86 73 -1
86 78 -1
86 79 1
86 83 1
86 87 1
86 92 1
86 94 1
86 95 1
86 104 1
86 109 1
87 2 1
87 4 1
87 9 1
87 13 1
87 16 1
87 18 1
87 19 1
87 21 1
87 23 1
87 29 1
87 38 1
87 41 -1
87 46 1
87 53 1
87 61 -1
87 69 1
87 73 1
87 77 1
87 81 1
87 83 1
87 89 1
87 92 1
87 94 1
87 104 1
88 1 1
88 4 1
88 6 1
88 11 -1
88 22 -1
88 40 1
88 48 -1
88 49 -1
88 56 1
88 57 1
88 69 1
88 76 1
88 81 1
88 84 1
88 86 1
88 94 1
88 98 1
88 107 1
88 109 1
88 110 -1
89 4 1
89 10 1
89 17 1
89 18 1
89 22 1
89 23 1
89 27 1
89 31 1
89 33 -1
89 35 1
89 37 1
89 43 1
89 50 1
89 51 -1
89 52 1
89 54 1
89 56 1
89 60 1
89 65 1
89 70 1
89 79 1
89 91 1
89 96 1
89 102 -1
89 108 -1
89 109 1
89 110 1
90 1 1
90 8 1
90 27 -1
90 30 1
90 32 1
90 36 -1
90 37 1
90 39 1
90 48 1
90 50 -1
90 62 1
90 68 -1
90 78 1
90 79 1
90 81 1
90 83 1
90 87 1
90 88 -1
90 89 1
90 94 1
90 95 -1
90 97 1
90 99 1
90 103 -1
90 106 1
90 108 1
91 1 -1
91 10 1
91 12 1
91 17 1
91 23 1
91 32 1
91 34 1
91 35 1
91 36 1
91 39 1
91 43 1
91 47 -1
91 54 1
91 69 -1
91 70 1
91 71 1
91 75 -1
91 77 1
91 80 -1
91 84 -1
91 92 1
91 93 -1
91 99 1
91 107 1
91 108 1
92 11 1
92 17 1
92 18 -1
92 19 1
92 33 -1
92 35 1
92 45 1
92 53 1
92 54 1
92 59 1
92 60 1
92 61 1
92 66 1
92 69 1
92 71 1
92 74 1
92 76 -1
92 81 -1
92 85 1
92 90 -1
92 95 1
92 106 1
92 110 1
93 1 1
93 6 -1
93 9 1
93 17 1
93 18 -1
93 26 1
93 28 1
93 31 1
93 33 -1
93 34 1
93 35 1
93 44 1
93 45 1
93 80 1
93 83 -1
93 84 1
93 100 1
93 105 1
93 107 -1
93 108 1
94 4 -1
94 6 1
94 11 1
94 13 1
94 17 1
94 19 1
94 20 1
94 21 1
94 23 1
94 24 1
94 26 1
94 32 1
94 34 1
94 36 1
94 38 -1
94 41 1
94 47 1
94 51 1
94 59 1
94 63 1
94 68 1
94 71 1
94 76 1
94 79 1
94 81 1
94 85 1
94 96 1
94 102 1
94 106 1
94 108 1
95 2 -1
95 3 1
95 4 -1
95 5 1
95 6 1
95 12 1
95 15 1
95 21 1
95 27 1
95 30 1
95 31 1
95 32 1
95 40 1
95 44 1
95 46 1
95 47 1
95 52 -1
95 62 1
95 64 1
95 68 1
95 70 1
95 71 1
95 72 1
95 82 -1
95 83 1
95 89 1
95 91 1
95 93 1
95 102 1
95 103 1
95 104 -1
95 106 1
95 109 1
96 1 1
96 11 1
96 28 1
96 37 1
96 41 1
96 45 1
96 57 1
96 68 1
96 77 1
96 78 -1
96 80 1
96 83 1
96 92 1
96 98 1
96 100 1
96 104 1
96 105 1
97 6 1
97 9 1
97 11 1
97 13 1
97 23 -1
97 25 -1
97 26 1
97 30 1
97 31 1
97 39 1
97 43 1
97 52 1
97 54 1
97 57 1
97 62 1
97 69 -1
97 71 1
97 72 -1
97 75 -1
97 80 1
97 81 1
97 84 -1
97 86 1
97 91 1
97 100 1
97 103 -1
97 105 1
98 2 1
98 5 1
98 7 1
98 8 -1
98 10 1
98 13 1
98 16 1
98 25 1
98 30 1
98 34 1
98 37 1
98 38 1
98 43 -1
98 45 -1
98 51 1
98 62 1
98 68 -1
98 69 1
98 71 1
98 73 1
98 74 -1
98 79 1
98 80 1
98 83 1
98 86 1
98 87 1
98 89 -1
98 90 1
98 91 1
98 100 1
98 103 1
99 1 1
99 2 -1
99 14 1
99 20 1
99 30 1
99 40 1
99 46 1
99 48 1
99 49 1
99 54 1
99 57 1
99 62 1
99 65 1
99 67 1
99 69 1
99 73 1
99 74 1
99 77 1
99 79 -1
99 80 1
99 94 -1
99 97 1
99 103 1
99 104 1
99 105 1
99 106 1
100 1 1
100 3 1
100 5 1
100 7 1
100 12 1
100 20 -1
100 27 1
100 33 1
100 37 1
100 40 1
100 41 1
100 42 1
100 44 1
100 54 1
100 55 1
100 57 -1
100 63 1
100 70 1
100 85 1
100 88 -1
101 3 1
101 9 1
101 12 1
101 15 1
101 20 1
101 25 1
101 30 1
101 34 -1
101 37 1
101 39 1
101 41 -1
101 42 1
101 44 1
101 47 1
101 48 1
101 49 -1
101 53 1
101 57 1
101 65 1
101 66 1
101 73 1
101 76 1
101 77 1
101 80 1
101 81 1
101 85 1
101 88 1
101 89 -1
101 92 1
101 93 1
101 94 1
101 99 1
101 105 1
101 106 -1
101 107 1
101 108 1
101 110 1
102 4 1
102 11 -1
102 15 -1
102 16 1
102 21 -1
102 22 1
102 23 1
102 26 1
102 28 1
102 29 1
102 31 1
102 33 1
102 36 -1
102 37 -1
102 41 -1
102 42 -1
102 50 1
102 53 1
102 60 1
102 62 1
102 63 1
102 65 1
102 67 1
102 68 1
102 78 1
102 84 1
102 85 1
102 96 1
102 99 1
102 100 1
102 101 1
102 104 1
102 105 1
103 1 1
103 2 -1
103 10 -1
103 14 -1
103 18 -1
103 19 -1
103 20 1
103 28 1
103 44 1
103 45 1
103 46 1
103 47 1
103 52 1
103 54 1
103 58 1
103 59 1
103 62 -1
103 74 -1
103 76 1
103 79 1
103 80 1
103 83 1
103 84 1
103 85 1
103 86 1
103 88 1
103 91 1
103 96 1
103 102 1
103 107 1
103 109 1
104 1 1
104 4 1
104 5 1
104 14 1
104 15 1
104 16 1
104 21 -1
104 23 1
104 24 1
104 26 1
104 28 -1
104 29 1
104 32 1
104 34 1
104 38 1
104 46 1
104 47 1
104 50 -1
104 51 -1
104 52 1
104 53 1
104 56 1
104 63 1
104 65 1
104 68 1
104 70 1
104 74 1
104 82 1
104 83 1
104 85 1
104 89 1
104 98 -1
104 103 1
104 109 -1
105 2 -1
105 7 1
105 8 -1
105 10 -1
105 11 1
105 14 1
105 17 1
105 18 1
105 22 -1
105 24 1
105 25 1
105 26 1
105 27 1
105 35 -1
105 37 1
105 38 1
105 41 1
105 42 1
105 43 -1
105 44 -1
105 46 1
105 55 1
105 56 1
105 59 1
105 65 1
105 67 1
105 75 -1
105 92 1
105 110 1
106 2 1
106 11 1
106 13 1
106 19 -1
106 30 1
106 36 1
106 38 1
106 44 1
106 45 1
106 48 1
106 50 1
106 52 1
106 56 1
106 69 1
106 72 1
106 77 1
106 80 1
106 86 1
106 88 1
106 89 -1
106 96 1
106 102 1
106 103 1
106 105 1
106 107 1
106 110 1
107 10 -1
107 14 1
107 15 -1
107 21 -1
107 27 -1
107 31 1
107 32 1
107 34 1
107 35 1
107 36 -1
107 41 1
107 45 1
107 46 1
107 50 1
107 59 1
107 62 1
107 64 -1
107 65 1
107 71 1
107 72 1
107 74 1
107 83 1
107 84 1
107 86 1
107 95 1
107 96 -1
107 98 -1
107 105 1
107 109 1
108 23 1
108 30 1
108 32 1
108 40 -1
108 46 1
108 49 1
108 50 -1
108 52 1
108 56 1
108 59 1
108 60 1
108 61 1
108 63 1
108 70 1
108 76 1
108 79 1
108 80 -1
108 81 -1
108 87 1
108 88 1
108 95 1
108 98 1
108 100 -1
108 102 1
109 2 1
109 7 1
109 10 1
109 14 1
109 20 1
109 22 1
109 25 1
109 37 1
109 40 1
109 41 1
109 42 1
109 46 1
109 57 1
109 69 1
109 71 1
109 74 1
109 78 1
109 81 1
109 83 1
109 91 1
109 92 1
109 100 1
109 105 1
110 2 1
110 5 1
110 12 1
110 13 1
110 22 -1
110 26 1
110 30 1
110 36 1
110 48 1
110 50 1
110 57 1
110 59 1
110 61 -1
110 62 -1
110 66 1
110 67 1
110 70 1
110 71 1
110 73 1
110 76 1
110 81 1
110 90 1
110 95 1
110 100 -1
110 104 1
110 107 1
