vertices: 110 edges: 2997
1 7 -1
1 10 -1
1 25 1
1 27 -1
1 28 1
1 29 1
1 30 1
1 33 -1
1 35 1
1 36 -1
1 37 -1
1 39 1
1 40 1
1 42 -1
1 44 1
1 51 -1
1 52 -1
1 58 -1
1 59 -1
1 60 -1
1 71 1
1 77 -1
1 81 -1
1 86 1
1 87 1
1 97 -1
1 102 1
1 104 -1
1 106 1
2 1 1
2 4 1
2 7 -1
2 8 1
2 10 -1
2 12 1
2 13 -1
2 27 1
2 32 1
2 38 1
2 40 -1
2 42 -1
2 44 -1
2 48 -1
2 52 1
2 58 -1
2 61 -1
2 63 -1
2 67 -1
2 68 -1
2 77 -1
2 79 1
2 80 1
2 83 -1
2 90 -1
2 98 -1
2 103 1
2 104 1
3 12 1
3 14 -1
3 27 1
3 31 1
3 33 1
3 35 1
3 37 -1
3 48 -1
3 49 1
3 50 -1
3 54 -1
3 56 -1
3 67 -1
3 68 -1
3 73 1
3 78 1
3 79 -1
3 87 -1
3 88 -1
3 90 -1
3 93 -1
3 96 -1
3 98 -1
3 100 1
3 101 -1
3 103 -1
3 108 1
4 6 -1
4 10 1
4 11 -1
4 15 -1
4 18 -1
4 27 1
4 29 -1
4 34 -1
4 44 -1
4 50 -1
4 51 -1
4 55 -1
4 56 -1
4 60 1
4 61 -1
4 91 1
4 92 1
4 95 -1
4 104 1
4 105 -1
5 3 -1
5 6 -1
5 10 -1
5 13 1
5 15 1
5 17 1
5 18 -1
5 19 -1
5 31 1
5 38 -1
5 44 -1
5 53 1
5 58 1
5 60 1
5 61 -1
5 62 1
5 63 -1
5 64 1
5 72 1
5 77 -1
5 80 1
5 88 1
5 92 1
5 94 -1
5 95 -1
5 109 -1
5 110 -1
6 14 1
6 20 -1
6 25 -1
6 30 -1
6 32 1
6 33 -1
6 34 1
6 39 -1
6 47 1
6 49 -1
6 52 1
6 53 -1
6 59 -1
6 65 -1
6 69 -1
6 73 1
6 78 1
6 84 -1
6 87 1
6 91 -1
6 94 1
6 95 1
6 96 -1
6 99 -1
6 105 1
6 107 -1
6 109 -1
6 110 -1
7 9 -1
7 25 1
7 28 -1
7 30 -1
7 36 -1
7 37 1
7 38 1
7 39 -1
7 43 -1
7 50 1
7 52 1
7 55 1
7 63 1
7 69 -1
7 75 1
7 81 -1
7 82 1
7 88 -1
7 99 1
7 108 -1
7 109 -1
8 4 1
8 5 -1
8 18 1
8 19 1
8 23 -1
8 24 -1
8 29 -1
8 31 -1
8 34 1
8 36 1
8 40 -1
8 42 1
8 43 1
8 49 -1
8 50 -1
8 53 1
8 59 -1
8 61 1
8 64 -1
8 66 -1
8 70 1
8 72 1
8 74 -1
8 76 -1
8 77 1
8 80 1
8 82 -1
8 88 1
8 89 -1
8 91 -1
8 93 1
8 98 -1
8 105 1
9 1 -1
9 23 1
9 26 1
9 27 1
9 29 1
9 30 -1
9 31 1
9 42 1
9 55 -1
9 60 1
9 62 -1
9 63 -1
9 65 1
9 69 1
9 71 1
9 76 -1
9 85 -1
9 86 1
9 88 1
9 91 1
9 100 -1
9 108 -1
10 3 -1
10 8 1
10 9 1
10 13 -1
10 15 1
10 19 -1
10 22 1
10 30 -1
10 33 -1
10 34 1
10 39 -1
10 40 -1
10 41 1
10 43 -1
10 44 -1
10 46 -1
10 49 1
10 51 -1
10 54 -1
10 57 -1
10 59 1
10 60 1
10 70 1
10 88 1
10 91 -1
10 92 1
10 93 -1
10 98 1
10 102 1
10 104 -1
10 107 1
10 109 1
10 110 1
11 8 -1
11 10 1
11 13 1
11 16 1
11 17 -1
11 19 1
11 35 -1
11 36 -1
11 41 1
11 44 -1
11 46 -1
11 49 1
11 51 -1
11 53 -1
11 56 -1
11 59 1
11 60 1
11 64 1
11 66 -1
11 67 1
11 70 -1
11 75 1
11 80 1
11 89 1
11 96 1
11 98 1
11 101 -1
11 103 1
12 4 1
12 7 1
12 9 -1
12 10 -1
12 15 -1
12 18 -1
12 19 1
12 21 -1
12 28 1
12 33 1
12 39 -1
12 43 -1
12 45 -1
12 46 -1
12 49 -1
12 53 -1
12 55 -1
12 57 1
12 59 -1
12 63 -1
12 65 1
12 73 -1
12 75 -1
12 82 1
12 94 -1
12 110 -1
13 3 -1
13 6 -1
13 14 1
13 17 1
13 20 -1
13 23 1
13 29 1
13 30 1
13 32 1
13 37 1
13 44 1
13 49 -1
13 50 1
13 52 1
13 54 -1
13 55 -1
13 62 1
13 63 -1
13 68 1
13 69 -1
13 76 1
13 79 1
13 85 1
13 97 1
13 99 1
13 108 1
13 109 1
14 1 1
14 8 -1
14 9 -1
14 15 1
14 23 1
14 24 1
14 25 1
14 31 -1
14 34 -1
14 45 -1
14 46 -1
14 47 1
14 48 1
14 50 -1
14 51 -1
14 52 -1
14 57 1
14 62 -1
14 63 -1
14 77 -1
14 78 1
14 85 1
14 93 1
14 96 -1
14 98 1
14 101 1
14 107 1
15 9 -1
15 11 1
15 21 -1
15 26 1
15 27 1
15 31 1
15 35 1
15 39 1
15 48 1
15 49 1
15 52 -1
15 57 1
15 63 -1
15 73 1
15 75 1
15 76 -1
15 80 -1
15 82 1
15 83 1
15 84 1
15 96 -1
15 100 1
15 107 -1
15 108 1
15 110 1
16 4 -1
16 7 -1
16 10 1
16 12 1
16 13 1
16 17 -1
16 20 -1
16 21 1
16 24 1
16 28 -1
16 29 1
16 30 -1
16 33 -1
16 35 -1
16 36 1
16 39 -1
16 41 -1
16 42 1
16 43 1
16 45 1
16 48 1
16 49 1
16 50 -1
16 57 1
16 66 -1
16 69 -1
16 70 1
16 76 -1
16 79 -1
16 88 -1
16 89 -1
16 90 1
16 93 -1
16 96 -1
16 100 -1
16 102 1
16 103 -1
16 106 -1
16 108 1
17 3 1
17 6 -1
17 8 -1
17 9 -1
17 23 1
17 28 1
17 30 -1
17 37 1
17 39 1
17 40 -1
17 41 1
17 42 -1
17 43 -1
17 53 1
17 59 1
17 62 1
17 68 1
17 69 -1
17 81 -1
17 82 -1
17 87 -1
17 89 -1
17 90 -1
17 93 1
17 94 1
17 96 1
17 98 -1
17 99 -1
17 107 1
18 2 -1
18 6 -1
18 9 -1
18 10 -1
18 11 -1
18 14 -1
18 15 -1
18 16 1
18 21 -1
18 28 1
18 30 1
18 33 1
18 35 -1
18 38 1
18 39 1
18 40 -1
18 41 -1
18 44 1
18 51 -1
18 57 -1
18 58 1
18 65 1
18 67 -1
18 87 1
18 89 -1
18 98 1
18 103 1
18 110 1
19 4 -1
19 6 -1
19 9 -1
19 14 1
19 15 1
19 16 -1
19 17 1
19 39 -1
19 44 1
19 45 1
19 48 -1
19 49 -1
19 51 1
19 52 -1
19 53 1
19 55 -1
19 58 -1
19 59 1
19 66 -1
19 67 -1
19 68 -1
19 69 -1
19 77 -1
19 78 -1
19 80 1
19 81 1
19 101 -1
19 105 -1
19 108 1
20 1 1
20 2 -1
20 8 -1
20 10 -1
20 14 1
20 17 1
20 18 1
20 21 1
20 23 -1
20 29 1
20 35 -1
20 37 -1
20 44 1
20 45 -1
20 47 -1
20 51 -1
20 53 1
20 54 1
20 57 1
20 69 1
20 70 -1
20 74 -1
20 76 1
20 80 1
20 83 1
20 85 -1
20 86 1
20 92 1
20 99 1
20 101 -1
20 102 -1
20 103 -1
20 107 1
21 2 -1
21 3 -1
21 5 -1
21 8 1
21 31 1
21 40 1
21 41 -1
21 44 -1
21 52 -1
21 53 -1
21 59 -1
21 60 -1
21 64 -1
21 68 1
21 69 1
21 75 -1
21 79 -1
21 82 1
21 86 -1
21 89 -1
21 105 -1
21 110 -1
22 9 -1
22 17 -1
22 30 1
22 36 -1
22 40 -1
22 44 1
22 46 1
22 50 -1
22 53 1
22 59 1
22 60 1
22 61 1
22 65 1
22 68 1
22 71 -1
22 72 -1
22 74 -1
22 78 -1
22 79 -1
22 80 -1
22 84 1
22 91 -1
22 93 1
22 94 -1
22 95 1
22 99 1
22 101 -1
22 106 -1
22 108 1
22 110 -1
23 3 -1
23 10 -1
23 11 1
23 18 1
23 21 -1
23 22 -1
23 33 1
23 35 1
23 42 -1
23 66 1
23 69 1
23 82 -1
23 84 -1
23 88 -1
23 95 1
23 96 1
23 99 1
23 106 1
23 108 -1
24 1 1
24 10 -1
24 13 -1
24 33 1
24 35 1
24 37 -1
24 41 1
24 42 1
24 47 -1
24 52 1
24 54 1
24 55 -1
24 60 -1
24 62 1
24 68 1
24 69 1
24 74 1
24 84 1
24 87 1
24 89 -1
24 97 -1
24 98 -1
24 99 1
24 100 1
24 101 1
24 104 -1
24 107 -1
25 2 -1
25 8 1
25 9 -1
25 10 -1
25 18 1
25 19 1
25 21 -1
25 26 1
25 27 1
25 28 1
25 31 -1
25 37 1
25 39 1
25 40 1
25 44 1
25 45 1
25 46 1
25 51 -1
25 52 -1
25 54 1
25 56 -1
25 60 -1
25 73 1
25 76 -1
25 79 1
25 80 1
25 83 1
25 84 -1
25 88 -1
25 90 -1
25 93 1
25 95 1
25 106 1
25 110 -1
26 5 1
26 11 -1
26 24 -1
26 29 -1
26 30 -1
26 40 1
26 42 -1
26 43 1
26 45 -1
26 47 1
26 52 -1
26 54 1
26 59 -1
26 60 1
26 61 -1
26 62 -1
26 64 -1
26 78 -1
26 89 -1
26 92 1
26 96 1
26 98 1
26 99 -1
26 100 -1
26 107 1
27 5 -1
27 7 -1
27 10 1
27 11 -1
27 13 1
27 21 1
27 22 1
27 26 1
27 34 1
27 38 1
27 41 1
27 51 1
27 53 -1
27 57 -1
27 62 1
27 73 1
27 74 1
27 75 -1
27 84 -1
27 87 -1
27 90 1
27 97 1
27 98 1
27 99 -1
27 100 1
27 103 1
27 106 1
28 4 1
28 5 1
28 19 -1
28 24 -1
28 26 -1
28 36 -1
28 40 -1
28 49 -1
28 53 -1
28 55 1
28 63 -1
28 66 1
28 73 1
28 83 -1
28 90 1
28 95 1
28 101 1
28 105 -1
28 107 -1
28 109 1
29 5 1
29 7 1
29 14 1
29 15 -1
29 17 1
29 21 1
29 23 -1
29 42 -1
29 51 1
29 66 -1
29 67 1
29 74 -1
29 78 1
29 79 1
29 80 -1
29 84 1
29 88 -1
29 91 1
29 103 -1
29 104 1
29 108 -1
30 11 1
30 25 -1
30 32 -1
30 40 1
30 41 -1
30 43 -1
30 44 -1
30 45 1
30 54 -1
30 58 1
30 62 -1
30 68 1
30 72 -1
30 73 -1
30 78 -1
30 85 1
30 93 -1
30 104 1
30 106 -1
30 108 1
31 2 1
31 4 -1
31 6 1
31 7 1
31 11 -1
31 12 1
31 20 -1
31 23 1
31 28 1
31 34 -1
31 37 1
31 41 -1
31 42 1
31 46 1
31 49 1
31 51 -1
31 52 -1
31 53 -1
31 71 1
31 75 1
31 84 1
31 85 -1
31 88 -1
31 91 -1
31 98 -1
31 108 1
32 8 1
32 12 1
32 15 1
32 16 1
32 19 1
32 20 -1
32 23 1
32 27 -1
32 29 1
32 35 -1
32 37 -1
32 39 -1
32 40 -1
32 45 -1
32 49 1
32 52 1
32 55 -1
32 60 -1
32 67 -1
32 71 1
32 72 -1
32 76 -1
32 79 -1
32 86 1
32 93 -1
32 94 1
32 96 1
33 4 -1
33 15 1
33 20 -1
33 26 -1
33 27 1
33 29 -1
33 30 -1
33 38 -1
33 39 1
33 44 1
33 47 -1
33 60 1
33 76 1
33 78 1
33 79 -1
33 80 -1
33 81 -1
33 82 1
33 84 -1
33 85 -1
33 95 1
33 106 -1
33 110 1
34 7 -1
34 13 1
34 15 -1
34 19 -1
34 20 -1
34 21 1
34 22 -1
34 24 1
34 26 1
34 30 -1
34 36 -1
34 40 1
34 41 -1
34 44 -1
34 45 -1
34 49 -1
34 54 -1
34 55 -1
34 67 1
34 72 -1
34 75 -1
34 78 -1
34 81 1
34 83 1
34 88 -1
34 89 -1
34 90 1
34 94 1
34 96 1
34 97 1
34 99 1
34 101 1
34 109 1
35 12 1
35 21 -1
35 25 -1
35 27 -1
35 30 -1
35 33 -1
35 38 -1
35 40 -1
35 51 1
35 53 -1
35 54 -1
35 56 -1
35 57 -1
35 60 -1
35 61 -1
35 63 -1
35 85 -1
35 87 1
35 93 -1
35 94 1
35 102 -1
35 105 -1
35 108 1
36 3 -1
36 5 1
36 6 -1
36 12 1
36 13 -1
36 14 -1
36 15 1
36 17 -1
36 18 1
36 25 -1
36 29 -1
36 30 -1
36 31 1
36 35 -1
36 42 -1
36 43 -1
36 44 -1
36 47 1
36 52 1
36 55 1
36 57 -1
36 60 1
36 63 1
36 67 1
36 75 1
36 85 -1
36 86 -1
36 96 -1
36 106 1
37 9 1
37 11 -1
37 12 1
37 14 -1
37 18 1
37 22 -1
37 29 1
37 43 -1
37 44 -1
37 48 1
37 49 1
37 51 -1
37 54 -1
37 55 -1
37 57 -1
37 59 1
37 60 -1
37 70 -1
37 74 -1
37 78 1
37 82 -1
37 84 1
37 87 1
37 91 -1
37 95 -1
37 102 -1
37 106 -1
38 6 1
38 9 1
38 10 1
38 12 -1
38 14 -1
38 17 1
38 19 1
38 36 1
38 37 -1
38 43 -1
38 48 1
38 62 -1
38 64 1
38 67 1
38 70 -1
38 73 -1
38 79 1
38 80 1
38 84 1
38 91 -1
38 92 1
38 96 -1
38 97 -1
38 101 -1
38 102 -1
38 104 -1
38 106 -1
38 110 1
39 2 1
39 8 1
39 13 1
39 23 1
39 26 -1
39 30 -1
39 34 1
39 37 -1
39 43 1
39 46 -1
39 48 -1
39 50 1
39 55 1
39 57 -1
39 65 -1
39 72 1
39 83 1
39 86 1
39 88 1
39 89 -1
39 90 1
39 93 1
39 94 -1
39 95 1
39 96 -1
39 99 -1
39 103 1
39 106 -1
40 4 -1
40 12 1
40 29 1
40 33 -1
40 36 -1
40 39 1
40 41 1
40 44 1
40 48 -1
40 49 1
40 52 -1
40 53 -1
40 66 1
40 72 -1
40 79 -1
40 80 1
40 82 -1
40 84 -1
40 94 1
40 103 1
40 105 -1
40 106 -1
41 6 1
41 8 1
41 9 1
41 15 -1
41 29 -1
41 33 -1
41 45 1
41 48 -1
41 50 1
41 61 -1
41 63 -1
41 68 -1
41 69 -1
41 70 -1
41 71 1
41 74 1
41 76 -1
41 78 1
41 79 -1
41 83 -1
41 90 -1
41 92 1
41 97 1
41 99 -1
41 102 1
41 103 -1
42 12 -1
42 21 1
42 22 1
42 25 -1
42 28 1
42 30 -1
42 32 -1
42 45 -1
42 63 1
42 64 1
42 71 1
42 74 1
42 76 -1
42 77 1
42 79 1
42 82 1
42 85 -1
42 88 -1
42 95 -1
42 107 -1
43 5 1
43 13 -1
43 19 1
43 24 1
43 25 -1
43 28 1
43 40 -1
43 42 1
43 49 -1
43 50 -1
43 57 1
43 66 1
43 67 -1
43 68 -1
43 73 -1
43 74 -1
43 90 1
43 96 1
43 97 -1
43 98 -1
43 104 -1
44 6 -1
44 9 -1
44 14 1
44 16 1
44 23 -1
44 35 -1
44 38 1
44 39 -1
44 41 -1
44 42 1
44 54 -1
44 56 1
44 61 -1
44 65 1
44 67 -1
44 69 -1
44 70 -1
44 74 -1
44 79 1
44 80 1
44 81 -1
44 83 1
44 84 -1
44 86 1
44 94 1
44 96 1
44 99 1
44 101 -1
44 102 -1
44 108 1
44 110 -1
45 1 1
45 3 -1
45 6 -1
45 9 1
45 11 -1
45 22 1
45 27 1
45 28 -1
45 31 1
45 35 1
45 38 1
45 40 1
45 43 1
45 52 -1
45 55 1
45 64 -1
45 65 -1
45 66 1
45 69 1
45 75 -1
45 81 -1
45 82 -1
45 85 -1
45 86 -1
45 89 -1
45 91 1
45 92 1
45 93 -1
45 101 -1
45 102 -1
45 103 -1
45 105 1
45 106 -1
45 110 1
46 3 1
46 4 -1
46 5 1
46 16 -1
46 17 1
46 26 1
46 27 1
46 29 -1
46 33 1
46 34 -1
46 38 1
46 45 1
46 47 -1
46 49 1
46 50 1
46 55 -1
46 56 1
46 57 -1
46 71 1
46 74 -1
46 76 -1
46 81 -1
46 94 1
46 97 1
46 101 1
46 102 -1
47 1 1
47 3 1
47 4 1
47 13 -1
47 19 -1
47 22 -1
47 28 1
47 32 1
47 38 1
47 43 -1
47 50 -1
47 67 -1
47 71 -1
47 76 1
47 79 1
47 85 -1
47 87 1
47 96 -1
47 101 1
47 106 1
47 108 -1
47 110 -1
48 7 -1
48 8 -1
48 11 -1
48 18 1
48 22 1
48 25 1
48 27 -1
48 29 -1
48 30 1
48 34 1
48 36 -1
48 46 1
48 47 -1
48 51 -1
48 52 -1
48 53 -1
48 55 -1
48 57 -1
48 65 1
48 66 1
48 68 1
48 70 1
48 73 1
48 76 1
48 83 1
48 84 1
48 88 1
48 89 1
48 92 -1
48 95 1
48 100 1
48 103 1
48 106 1
48 107 -1
48 109 -1
49 7 1
49 33 1
49 42 -1
49 44 -1
49 51 1
49 52 1
49 58 -1
49 62 1
49 66 -1
49 72 1
49 75 1
49 76 1
49 77 1
49 79 -1
49 85 -1
49 86 1
49 87 -1
49 88 1
49 95 -1
49 102 1
49 106 -1
49 110 -1
50 2 -1
50 12 1
50 15 -1
50 23 -1
50 27 1
50 28 1
50 31 -1
50 32 1
50 38 -1
50 40 -1
50 42 1
50 53 -1
50 55 -1
50 57 1
50 59 -1
50 61 1
50 65 1
50 66 1
50 68 -1
50 70 1
50 84 1
50 85 -1
50 91 1
50 92 1
50 109 -1
51 12 -1
51 22 -1
51 23 -1
51 26 1
51 28 -1
51 30 -1
51 42 -1
51 45 1
51 54 -1
51 68 1
51 78 1
51 90 1
51 91 -1
51 97 -1
51 100 -1
51 108 1
52 3 1
52 4 -1
52 9 -1
52 10 -1
52 17 1
52 22 -1
52 23 1
52 27 -1
52 28 1
52 34 1
52 37 -1
52 38 1
52 43 -1
52 44 -1
52 54 1
52 56 1
52 58 1
52 65 1
52 66 -1
52 68 1
52 69 -1
52 70 -1
52 71 -1
52 75 -1
52 78 -1
52 79 -1
52 82 1
52 83 1
52 86 1
52 87 1
52 93 1
52 94 -1
52 98 -1
52 101 -1
52 102 1
52 106 -1
53 1 1
53 2 1
53 3 -1
53 7 1
53 15 1
53 25 -1
53 37 1
53 38 1
53 42 1
53 47 -1
53 54 1
53 55 -1
53 60 1
53 62 1
53 68 -1
53 71 -1
53 73 1
53 74 -1
53 77 -1
53 80 -1
53 83 -1
53 89 1
53 100 -1
53 102 1
53 103 -1
53 106 1
53 107 -1
53 108 -1
54 1 1
54 8 1
54 12 -1
54 14 -1
54 17 1
54 19 -1
54 23 -1
54 31 -1
54 32 -1
54 38 -1
54 40 1
54 41 1
54 42 -1
54 45 1
54 47 1
54 57 1
54 70 -1
54 75 1
54 77 -1
54 89 1
54 91 1
54 95 1
54 99 1
54 103 -1
54 106 -1
54 107 1
55 8 1
55 10 -1
55 11 -1
55 14 1
55 21 1
55 27 -1
55 29 1
55 35 -1
55 38 -1
55 40 1
55 42 1
55 44 -1
55 47 1
55 54 -1
55 56 -1
55 58 1
55 59 1
55 62 1
55 66 -1
55 74 -1
55 84 1
55 87 -1
55 99 1
55 100 -1
55 101 -1
55 108 -1
56 7 -1
56 10 -1
56 12 -1
56 21 -1
56 24 1
56 27 1
56 28 -1
56 50 1
56 53 1
56 54 1
56 61 1
56 72 1
56 73 1
56 74 -1
56 75 1
56 76 1
56 84 1
56 86 1
56 88 -1
56 93 -1
56 97 -1
56 103 -1
56 105 1
56 108 1
56 110 1
57 1 1
57 2 -1
57 6 -1
57 21 -1
57 24 1
57 34 1
57 45 1
57 47 -1
57 49 1
57 52 -1
57 55 -1
57 56 1
57 65 1
57 70 1
57 73 -1
57 78 -1
57 80 -1
57 95 1
57 103 -1
57 105 1
57 106 -1
58 7 -1
58 9 1
58 10 -1
58 13 -1
58 20 1
58 22 1
58 24 1
58 27 1
58 29 -1
58 33 -1
58 34 1
58 42 1
58 47 -1
58 48 -1
58 50 -1
58 51 -1
58 54 1
58 57 -1
58 60 1
58 63 1
58 68 -1
58 69 1
58 71 -1
58 75 -1
58 82 1
58 83 -1
58 86 -1
58 90 1
58 97 -1
58 99 1
58 100 -1
58 102 -1
58 104 1
58 105 -1
58 106 1
59 2 1
59 4 1
59 18 1
59 24 1
59 27 -1
59 31 1
59 36 1
59 38 1
59 41 1
59 46 1
59 47 1
59 51 1
59 56 -1
59 58 -1
59 64 -1
59 65 1
59 67 1
59 69 -1
59 72 -1
59 73 1
59 95 -1
59 98 1
59 100 -1
59 101 -1
59 103 1
59 108 1
59 109 -1
60 2 -1
60 7 -1
60 16 1
60 18 1
60 27 -1
60 28 1
60 34 1
60 39 -1
60 41 1
60 45 1
60 52 -1
60 54 1
60 59 1
60 63 1
60 65 -1
60 73 1
60 78 -1
60 87 1
60 88 1
60 104 -1
61 6 1
61 13 1
61 14 -1
61 17 1
61 20 1
61 21 -1
61 25 -1
61 33 -1
61 38 -1
61 45 1
61 46 -1
61 48 1
61 59 1
61 65 1
61 66 -1
61 71 1
61 74 -1
61 78 1
61 80 -1
61 82 1
61 84 -1
61 86 -1
61 89 1
61 96 -1
61 98 -1
61 102 1
61 103 1
61 104 -1
61 107 1
61 108 -1
61 109 1
62 1 1
62 4 1
62 6 1
62 10 1
62 20 1
62 22 1
62 28 -1
62 31 1
62 32 1
62 33 1
62 34 1
62 35 1
62 40 1
62 41 -1
62 42 1
62 50 1
62 57 -1
62 69 -1
62 71 1
62 86 -1
62 89 -1
62 90 1
62 91 1
62 95 -1
62 96 -1
62 101 1
62 104 -1
62 106 1
63 3 -1
63 6 1
63 8 1
63 16 -1
63 18 -1
63 21 1
63 23 -1
63 24 -1
63 25 -1
63 26 -1
63 30 -1
63 34 -1
63 37 1
63 44 1
63 49 1
63 50 -1
63 51 -1
63 52 -1
63 55 1
63 67 1
63 68 1
63 72 1
63 76 -1
63 77 -1
63 78 1
63 91 -1
63 96 -1
63 102 1
63 105 -1
63 107 -1
64 2 -1
64 4 -1
64 13 -1
64 14 1
64 17 1
64 18 -1
64 24 -1
64 29 1
64 31 -1
64 35 1
64 36 -1
64 39 -1
64 40 -1
64 44 -1
64 46 -1
64 52 -1
64 54 1
64 57 1
64 61 -1
64 62 -1
64 63 1
64 65 1
64 71 -1
64 74 -1
64 77 -1
64 87 -1
64 90 -1
64 95 1
64 99 1
64 104 1
64 105 -1
65 19 1
65 20 -1
65 24 1
65 29 1
65 30 -1
65 40 1
65 55 1
65 56 -1
65 58 -1
65 78 1
65 79 -1
65 83 1
65 90 1
65 94 1
65 96 -1
65 97 1
65 98 -1
66 4 1
66 5 1
66 9 1
66 12 1
66 15 -1
66 22 -1
66 24 1
66 36 1
66 37 -1
66 41 -1
66 51 1
66 53 1
66 56 -1
66 62 -1
66 63 -1
66 64 1
66 70 1
66 74 -1
66 76 -1
66 79 1
66 82 1
66 84 -1
66 89 -1
66 90 -1
66 97 -1
66 100 -1
66 104 -1
66 107 1
67 4 1
67 5 1
67 8 1
67 9 -1
67 13 1
67 15 1
67 17 -1
67 23 1
67 24 1
67 25 -1
67 28 1
67 35 1
67 40 1
67 41 1
67 42 1
67 46 1
67 51 -1
67 58 1
67 62 -1
67 69 -1
67 70 1
67 72 1
67 73 1
67 77 -1
67 79 1
67 81 -1
67 90 1
67 96 1
67 98 1
67 99 -1
67 100 1
68 4 1
68 6 -1
68 11 1
68 15 -1
68 16 -1
68 26 -1
68 28 1
68 37 1
68 38 -1
68 42 1
68 45 -1
68 47 1
68 55 1
68 59 1
68 60 1
68 65 -1
68 66 -1
68 70 1
68 73 1
68 74 1
68 78 -1
68 84 1
68 89 -1
68 97 -1
68 99 -1
68 104 1
68 106 -1
68 108 -1
69 4 -1
69 14 -1
69 15 -1
69 18 -1
69 25 1
69 29 -1
69 34 1
69 36 -1
69 39 1
69 49 -1
69 51 -1
69 57 -1
69 63 -1
69 68 -1
69 71 -1
69 84 1
69 90 1
69 97 1
69 101 -1
69 102 1
69 103 1
69 106 1
69 107 1
69 110 1
70 1 1
70 4 1
70 6 -1
70 7 1
70 13 -1
70 14 -1
70 17 -1
70 19 -1
70 24 1
70 28 -1
70 29 1
70 39 -1
70 42 1
70 51 1
70 53 -1
70 58 1
70 59 -1
70 60 -1
70 62 1
70 63 1
70 81 -1
70 86 1
70 98 1
70 102 1
71 2 1
71 3 1
71 4 1
71 5 1
71 6 -1
71 20 1
71 28 -1
71 33 -1
71 37 1
71 40 1
71 43 -1
71 49 1
71 50 -1
71 56 1
71 60 -1
71 66 1
71 72 1
71 78 1
71 79 -1
71 81 1
71 84 -1
71 86 1
71 92 1
71 96 -1
71 98 -1
71 106 1
72 1 1
72 2 -1
72 9 1
72 10 1
72 19 -1
72 21 1
72 23 1
72 25 1
72 26 -1
72 29 1
72 36 1
72 43 1
72 47 1
72 50 -1
72 53 1
72 54 1
72 57 -1
72 58 -1
72 61 1
72 64 -1
72 65 1
72 66 -1
72 75 -1
72 76 -1
72 87 -1
72 91 -1
72 102 1
72 106 1
72 108 -1
72 109 -1
73 4 1
73 8 -1
73 9 1
73 10 1
73 13 1
73 20 -1
73 21 -1
73 23 1
73 29 1
73 37 1
73 40 1
73 45 -1
73 50 -1
73 54 -1
73 58 1
73 62 -1
73 74 -1
73 75 -1
73 79 1
73 88 1
73 92 1
73 94 -1
73 98 1
73 99 -1
73 100 -1
73 103 1
73 109 1
74 2 -1
74 4 -1
74 5 1
74 6 1
74 7 1
74 13 -1
74 16 1
74 17 1
74 18 -1
74 19 -1
74 25 -1
74 26 1
74 31 1
74 35 -1
74 36 -1
74 50 1
74 51 -1
74 54 1
74 57 -1
74 58 1
74 59 -1
74 70 -1
74 76 1
74 77 -1
74 84 -1
74 86 -1
74 90 1
74 91 1
74 92 -1
74 93 1
74 94 1
74 95 -1
74 108 -1
74 109 -1
75 2 1
75 5 1
75 9 -1
75 18 1
75 20 1
75 23 -1
75 25 1
75 28 -1
75 29 1
75 30 1
75 32 1
75 33 1
75 37 -1
75 40 1
75 41 -1
75 43 1
75 57 -1
75 60 1
75 62 -1
75 66 -1
75 71 1
75 81 1
75 82 -1
75 83 1
75 86 -1
75 87 1
75 93 1
75 108 -1
76 3 1
76 7 1
76 14 -1
76 17 -1
76 19 1
76 21 -1
76 24 1
76 26 1
76 27 1
76 29 1
76 30 -1
76 36 1
76 37 1
76 38 -1
76 40 1
76 44 1
76 55 1
76 60 -1
76 61 1
76 64 1
76 67 1
76 70 -1
76 71 1
76 75 -1
76 85 -1
76 87 -1
76 90 1
76 96 -1
76 101 1
76 104 -1
76 105 -1
76 109 -1
76 110 -1
77 10 1
77 16 1
77 17 -1
77 20 -1
77 23 -1
77 24 -1
77 26 1
77 27 -1
77 29 -1
77 30 -1
77 31 -1
77 32 1
77 34 -1
77 36 1
77 39 1
77 47 1
77 51 -1
77 52 -1
77 59 -1
77 61 1
77 68 -1
77 71 1
77 72 1
77 73 1
77 75 -1
77 83 1
77 84 1
77 88 -1
77 90 -1
77 99 -1
77 101 1
78 1 -1
78 4 -1
78 11 1
78 21 1
78 23 1
78 24 1
78 27 1
78 28 -1
78 32 -1
78 36 -1
78 38 1
78 46 -1
78 47 -1
78 48 1
78 58 1
78 62 1
78 67 -1
78 79 1
78 85 -1
78 87 -1
78 92 -1
78 97 1
78 101 -1
78 107 -1
79 1 1
79 4 1
79 10 -1
79 12 -1
79 15 -1
79 19 1
79 23 -1
79 26 -1
79 28 -1
79 30 1
79 31 1
79 36 1
79 43 -1
79 46 1
79 48 -1
79 54 1
79 55 1
79 62 1
79 69 1
79 74 1
79 89 -1
79 95 -1
79 99 -1
79 105 1
79 110 -1
80 16 1
80 28 -1
80 30 -1
80 31 1
80 34 1
80 35 1
80 36 -1
80 42 -1
80 45 -1
80 54 -1
80 55 1
80 56 1
80 58 1
80 63 -1
80 74 1
80 77 1
80 79 -1
80 82 -1
80 84 -1
80 85 1
80 89 -1
80 96 -1
80 98 -1
80 99 1
80 103 1
80 104 1
80 105 -1
80 107 1
81 3 -1
81 8 1
81 11 -1
81 12 1
81 16 -1
81 27 1
81 28 1
81 30 1
81 35 -1
81 39 1
81 41 -1
81 42 -1
81 48 1
81 49 1
81 51 1
81 54 1
81 55 -1
81 58 -1
81 59 -1
81 60 -1
81 61 -1
81 69 -1
81 74 1
81 76 1
81 77 -1
81 83 -1
81 85 1
81 86 -1
81 88 -1
81 90 -1
81 96 1
81 99 -1
81 108 1
82 2 1
82 5 -1
82 6 -1
82 9 1
82 11 -1
82 14 1
82 25 -1
82 27 -1
82 30 1
82 32 -1
82 34 -1
82 35 1
82 39 1
82 49 -1
82 50 1
82 51 1
82 53 1
82 54 -1
82 56 -1
82 60 1
82 62 -1
82 64 1
82 76 -1
82 88 1
82 90 -1
82 92 1
82 94 1
82 99 -1
82 102 -1
82 106 1
82 109 -1
83 3 -1
83 4 1
83 6 1
83 9 1
83 11 -1
83 12 1
83 17 -1
83 19 -1
83 24 1
83 29 1
83 33 -1
83 35 -1
83 42 1
83 49 -1
83 51 -1
83 54 1
83 55 1
83 57 1
83 69 -1
83 73 -1
83 74 -1
83 79 1
83 80 -1
83 89 1
83 95 1
83 99 -1
83 102 -1
83 107 -1
84 4 1
84 7 -1
84 13 1
84 21 -1
84 26 -1
84 30 -1
84 51 1
84 58 1
84 73 -1
84 75 1
84 76 -1
84 83 1
84 85 1
84 89 1
84 90 1
84 92 1
84 97 1
84 99 -1
84 101 -1
84 104 1
85 2 -1
85 4 -1
85 8 1
85 10 1
85 12 1
85 17 1
85 25 -1
85 27 -1
85 34 -1
85 39 1
85 44 -1
85 53 1
85 54 1
85 55 -1
85 56 -1
85 57 -1
85 59 1
85 61 1
85 64 1
85 65 1
85 88 1
85 89 1
85 90 -1
85 94 -1
85 105 1
86 3 1
86 4 -1
86 5 -1
86 7 1
86 11 1
86 12 1
86 23 1
86 29 1
86 30 -1
86 31 -1
86 33 1
86 34 -1
86 35 1
86 37 1
86 43 -1
86 46 -1
86 50 1
86 54 -1
86 63 -1
86 64 -1
86 65 -1
86 66 -1
86 78 1
86 87 1
86 89 -1
86 93 -1
86 94 1
86 101 -1
86 105 1
86 107 1
86 108 -1
87 2 1
87 5 1
87 8 1
87 13 1
87 16 -1
87 20 1
87 25 1
87 33 1
87 38 1
87 39 1
87 41 1
87 42 -1
87 43 1
87 44 -1
87 45 -1
87 48 1
87 53 1
87 57 -1
87 61 -1
87 73 1
87 74 1
87 77 -1
87 80 -1
87 81 1
87 82 -1
87 88 1
87 89 -1
87 91 1
87 99 1
87 102 -1
87 104 1
88 11 -1
88 14 1
88 22 1
88 35 -1
88 37 1
88 40 -1
88 43 -1
88 51 -1
88 59 -1
88 66 1
88 68 -1
88 69 1
88 70 -1
88 75 1
88 76 -1
88 79 1
88 89 -1
88 92 -1
88 108 1
89 5 1
89 9 -1
89 14 -1
89 19 -1
89 30 1
89 31 -1
89 35 1
89 36 -1
89 40 -1
89 43 -1
89 44 -1
89 46 -1
89 47 -1
89 51 1
89 65 -1
89 70 1
89 73 -1
89 82 1
89 92 1
89 100 -1
89 101 -1
89 102 1
90 1 1
90 4 1
90 8 -1
90 9 1
90 18 -1
90 19 -1
90 20 -1
90 24 -1
90 30 -1
90 31 1
90 33 -1
90 37 1
90 40 1
90 45 1
90 52 -1
90 57 1
90 61 1
90 63 1
90 70 1
90 75 1
90 79 -1
90 86 -1
90 89 -1
90 94 1
90 98 1
90 101 -1
90 102 -1
90 104 -1
90 105 1
90 106 -1
91 3 -1
91 12 1
91 13 1
91 17 -1
91 19 -1
91 21 1
91 33 1
91 39 1
91 43 -1
91 47 1
91 48 1
91 52 -1
91 56 -1
91 58 1
91 61 -1
91 64 1
91 65 -1
91 76 -1
91 83 -1
91 86 -1
91 93 1
91 94 1
91 95 -1
91 97 -1
91 101 1
91 103 -1
91 104 1
91 106 -1
91 110 -1
92 2 1
92 6 1
92 7 -1
92 8 -1
92 15 -1
92 17 1
92 19 -1
92 21 -1
92 22 1
92 24 1
92 25 -1
92 28 1
92 30 1
92 32 -1
92 33 1
92 34 -1
92 37 -1
92 42 -1
92 43 -1
92 51 -1
92 55 -1
92 61 -1
92 62 -1
92 63 -1
92 64 1
92 65 1
92 66 -1
92 67 1
92 69 -1
92 80 -1
92 81 1
92 83 -1
92 87 1
92 91 -1
92 93 -1
92 99 1
92 102 1
93 2 -1
93 6 -1
93 7 1
93 9 -1
93 12 1
93 15 1
93 21 -1
93 23 1
93 26 1
93 34 1
93 36 1
93 41 -1
93 42 -1
93 43 1
93 51 1
93 57 -1
93 58 -1
93 59 1
93 64 1
93 65 -1
93 71 1
93 73 1
93 77 -1
93 79 -1
93 82 1
93 85 1
93 90 -1
93 97 1
93 98 1
93 99 1
93 101 1
93 105 -1
93 108 1
93 110 1
94 4 1
94 11 1
94 15 -1
94 16 -1
94 18 1
94 21 1
94 24 1
94 25 -1
94 26 -1
94 27 1
94 29 -1
94 31 -1
94 33 -1
94 36 1
94 37 1
94 43 -1
94 50 1
94 51 1
94 55 1
94 58 1
94 59 1
94 61 -1
94 67 1
94 76 -1
94 80 1
94 81 -1
94 92 1
94 97 1
94 98 -1
94 103 -1
94 108 -1
94 109 -1
94 110 -1
95 3 1
95 7 -1
95 11 1
95 12 -1
95 15 -1
95 18 1
95 19 1
95 20 -1
95 21 -1
95 26 -1
95 30 -1
95 34 -1
95 35 1
95 38 1
95 40 -1
95 43 -1
95 45 -1
95 47 1
95 51 1
95 55 1
95 56 1
95 63 1
95 65 1
95 71 -1
95 76 -1
95 87 -1
95 101 -1
95 105 1
95 106 -1
96 1 -1
96 4 1
96 5 -1
96 20 1
96 22 1
96 25 1
96 28 1
96 29 -1
96 31 1
96 37 -1
96 41 1
96 48 1
96 50 -1
96 51 1
96 54 1
96 58 1
96 66 1
96 69 1
96 72 1
96 77 -1
96 79 1
96 84 1
96 86 1
96 92 -1
96 93 1
96 94 1
96 95 -1
96 100 -1
96 106 -1
96 108 1
97 5 -1
97 9 -1
97 14 -1
97 15 -1
97 19 1
97 21 -1
97 22 -1
97 28 1
97 30 -1
97 31 1
97 44 1
97 45 1
97 50 -1
97 54 1
97 57 -1
97 59 1
97 71 -1
97 75 1
97 79 1
97 80 -1
97 85 1
97 86 1
97 88 1
97 92 -1
97 99 1
97 106 -1
98 4 -1
98 7 -1
98 20 -1
98 23 -1
98 35 -1
98 39 1
98 42 -1
98 45 1
98 49 -1
98 54 1
98 62 1
98 68 1
98 69 1
98 72 1
98 77 -1
98 82 -1
98 83 1
98 91 1
98 92 -1
98 105 -1
98 107 -1
98 108 1
98 109 -1
99 2 1
99 4 -1
99 8 -1
99 10 1
99 14 -1
99 15 -1
99 18 1
99 19 -1
99 21 1
99 29 1
99 30 1
99 31 1
99 35 1
99 36 1
99 37 -1
99 43 -1
99 45 1
99 46 1
99 51 -1
99 52 -1
99 56 -1
99 65 -1
99 69 -1
99 72 1
99 74 -1
99 85 -1
99 91 -1
99 94 1
99 96 -1
99 98 1
99 104 -1
99 105 -1
99 108 1
99 109 1
99 110 1
100 1 -1
100 2 -1
100 4 1
100 6 1
100 10 1
100 11 -1
100 13 -1
100 14 -1
100 18 1
100 21 -1
100 22 1
100 29 -1
100 32 -1
100 35 -1
100 44 1
100 45 1
100 47 -1
100 49 -1
100 60 -1
100 65 1
100 69 -1
100 70 1
100 71 1
100 72 -1
100 74 1
100 78 1
100 83 -1
100 84 1
100 86 -1
100 87 1
100 91 1
100 93 1
100 94 1
100 97 -1
100 99 1
100 102 -1
100 104 1
100 105 -1
100 110 1
101 1 -1
101 2 1
101 4 1
101 5 1
101 6 -1
101 9 1
101 15 -1
101 31 1
101 41 -1
101 42 -1
101 43 -1
101 48 1
101 50 -1
101 60 -1
101 61 1
101 64 -1
101 73 1
101 74 -1
101 79 1
101 83 -1
101 88 -1
101 96 -1
101 97 -1
101 98 -1
101 100 -1
101 102 -1
101 104 -1
102 7 -1
102 11 1
102 12 -1
102 13 -1
102 14 -1
102 17 1
102 18 -1
102 19 -1
102 23 1
102 26 1
102 27 1
102 31 1
102 32 -1
102 34 -1
102 36 -1
102 39 -1
102 40 -1
102 51 1
102 57 1
102 59 -1
102 60 1
102 62 -1
102 64 1
102 67 1
102 71 1
102 74 1
102 75 -1
102 76 1
102 84 -1
102 85 1
102 86 1
102 88 1
102 103 -1
102 108 -1
103 4 -1
103 6 -1
103 8 1
103 12 1
103 13 -1
103 19 -1
103 23 -1
103 24 -1
103 36 1
103 43 1
103 47 1
103 50 1
103 63 -1
103 66 1
103 67 1
103 71 -1
103 74 1
103 85 1
103 86 1
103 88 1
103 90 -1
103 92 -1
103 93 1
103 96 -1
103 99 -1
103 109 1
103 110 1
104 5 -1
104 6 1
104 9 -1
104 11 1
104 20 1
104 21 1
104 23 -1
104 26 1
104 34 -1
104 40 -1
104 44 1
104 46 -1
104 47 1
104 48 1
104 55 1
104 59 -1
104 82 -1
104 88 1
104 103 1
104 106 -1
105 2 -1
105 3 -1
105 5 -1
105 7 1
105 9 -1
105 11 -1
105 17 1
105 20 -1
105 26 1
105 36 -1
105 37 -1
105 38 1
105 47 1
105 48 -1
105 49 -1
105 50 -1
105 51 1
105 59 1
105 62 1
105 67 1
105 68 -1
105 69 1
105 70 1
105 71 1
105 75 1
105 77 1
105 84 1
105 87 1
105 91 -1
105 92 1
105 94 -1
105 96 1
105 101 1
105 103 -1
105 104 1
105 110 1
106 2 -1
106 5 1
106 6 1
106 12 1
106 14 1
106 18 1
106 24 1
106 28 1
106 29 1
106 34 -1
106 55 1
106 59 -1
106 60 -1
106 63 1
106 64 -1
106 73 1
106 75 -1
106 77 1
106 83 1
106 84 1
106 88 1
106 99 1
106 100 -1
107 1 1
107 7 -1
107 11 -1
107 16 -1
107 21 1
107 31 -1
107 32 1
107 45 1
107 46 1
107 49 1
107 50 1
107 70 1
107 74 -1
107 75 -1
107 77 -1
107 82 1
107 85 1
107 93 -1
107 99 1
107 100 -1
107 103 1
108 1 -1
108 5 1
108 11 1
108 24 -1
108 25 1
108 32 -1
108 37 -1
108 41 -1
108 45 -1
108 62 -1
108 65 -1
108 69 -1
108 80 1
108 83 -1
108 89 -1
108 95 1
108 106 -1
108 107 1
109 4 1
109 8 1
109 11 -1
109 15 1
109 19 -1
109 23 1
109 24 -1
109 31 -1
109 37 1
109 38 1
109 40 -1
109 41 -1
109 44 1
109 47 -1
109 52 1
109 53 1
109 57 1
109 65 1
109 77 -1
109 78 1
109 79 -1
109 80 -1
109 84 -1
109 85 1
109 86 1
109 88 -1
109 91 -1
109 95 -1
109 100 1
109 110 -1
110 2 -1
110 4 -1
110 8 -1
110 9 1
110 13 -1
110 16 1
110 20 1
110 23 1
110 26 -1
110 27 -1
110 28 1
110 30 1
110 32 1
110 34 1
110 37 -1
110 50 -1
110 60 -1
110 64 1
110 73 -1
110 75 -1
110 80 -1
110 82 -1
110 86 -1
110 92 1
110 95 1
110 108 1
