vertices: 90 edges: 801
1 17 -1
1 18 1
1 22 1
1 30 1
1 31 -1
1 43 1
1 48 -1
1 52 -1
1 59 -1
1 60 1
1 68 -1
1 89 1
2 11 -1
2 24 -1
2 34 -1
2 36 -1
2 49 1
2 51 -1
2 53 1
2 60 1
2 76 1
2 83 1
3 5 1
3 7 -1
3 11 1
3 19 -1
3 24 1
3 26 1
3 31 -1
3 34 -1
3 85 -1
4 11 -1
4 17 1
4 27 1
4 42 -1
4 51 -1
4 57 1
4 59 -1
4 70 1
4 79 -1
5 38 -1
5 48 -1
5 62 -1
5 69 -1
5 72 -1
5 85 1
6 7 1
6 23 -1
6 34 1
6 54 1
6 58 -1
6 65 1
6 73 -1
6 90 -1
7 2 -1
7 39 -1
7 40 1
7 41 1
7 75 -1
7 84 1
8 12 -1
8 19 -1
8 23 1
8 27 1
8 48 1
8 76 1
8 79 -1
8 81 -1
9 1 -1
9 8 -1
9 12 1
9 53 -1
9 55 -1
9 58 -1
9 60 -1
9 65 -1
9 79 1
9 82 1
10 4 -1
10 5 -1
10 11 -1
10 32 -1
10 45 -1
10 64 -1
10 74 1
10 86 1
11 8 -1
11 21 -1
11 72 -1
11 80 -1
11 83 1
11 85 1
12 4 1
12 21 -1
12 25 -1
12 31 -1
12 47 1
12 51 1
12 58 1
12 66 1
12 68 -1
12 71 1
12 74 1
12 82 -1
13 1 1
13 6 -1
13 7 1
13 10 -1
13 24 -1
13 28 1
13 52 -1
13 57 1
13 71 -1
13 73 -1
13 87 -1
13 89 1
14 3 1
14 8 -1
14 19 1
14 36 1
14 59 -1
14 67 1
14 78 1
14 84 1
14 86 1
15 11 -1
15 21 -1
15 28 -1
15 31 -1
15 67 1
15 75 1
16 2 1
16 8 1
16 12 1
16 14 -1
16 41 1
16 50 1
16 80 1
16 83 -1
16 86 1
16 87 -1
16 89 -1
17 19 1
17 20 1
17 23 1
17 30 -1
17 41 1
17 46 1
17 54 -1
17 57 1
17 63 -1
17 90 1
18 3 1
18 24 1
18 26 -1
18 30 1
18 61 -1
18 73 -1
19 29 1
19 45 1
19 46 1
19 52 -1
19 56 -1
19 60 -1
19 62 -1
19 65 1
19 69 1
19 70 -1
19 83 -1
19 85 1
20 15 1
20 19 1
20 67 -1
20 72 1
20 73 1
20 76 -1
21 8 1
21 38 -1
21 45 1
21 50 -1
21 54 1
21 57 1
21 67 1
22 2 1
22 12 1
22 18 1
22 42 -1
22 64 -1
22 65 -1
22 66 -1
22 67 1
22 70 1
23 14 -1
23 40 -1
23 47 -1
23 52 -1
23 57 -1
23 64 1
23 81 1
23 82 -1
23 86 1
23 88 1
24 1 1
24 11 1
24 17 -1
25 9 -1
25 14 1
25 29 1
25 35 -1
25 37 1
25 45 -1
25 52 1
25 77 1
25 83 1
25 87 1
25 89 1
26 13 -1
26 14 1
26 41 1
26 46 -1
26 64 -1
26 68 -1
26 73 1
26 77 -1
26 81 1
26 89 -1
26 90 -1
27 35 1
27 36 -1
27 39 1
27 69 1
27 88 1
28 30 -1
28 42 -1
28 43 -1
28 46 -1
28 56 1
28 61 -1
28 62 -1
28 63 1
28 71 1
28 82 1
29 32 1
29 36 -1
29 55 -1
29 69 -1
29 76 1
30 14 1
30 19 -1
30 27 -1
30 29 1
30 66 1
30 77 1
30 80 1
30 86 1
31 2 -1
31 4 1
31 6 1
31 24 -1
31 25 1
31 34 1
31 35 -1
31 59 1
31 64 1
31 65 -1
31 66 -1
31 68 1
31 69 1
31 74 1
31 75 -1
31 81 -1
31 85 -1
31 88 1
31 90 1
32 17 -1
32 46 1
32 47 -1
32 50 -1
32 65 -1
33 3 -1
33 10 1
33 48 1
33 52 -1
33 58 -1
33 88 -1
34 1 -1
34 10 1
34 11 -1
34 20 -1
34 21 -1
34 26 -1
34 37 -1
34 44 -1
34 50 -1
34 57 1
34 64 1
34 75 1
34 86 -1
35 2 1
35 7 1
35 11 -1
35 14 -1
35 32 -1
35 53 1
35 54 1
35 79 -1
35 80 1
35 85 -1
36 15 -1
36 18 1
36 32 1
36 40 -1
36 46 1
36 69 1
36 70 1
37 5 1
37 20 -1
37 21 1
37 23 -1
37 29 1
37 38 1
37 39 1
37 53 -1
38 20 -1
38 39 1
38 40 -1
38 41 1
38 42 -1
38 44 1
38 64 1
38 76 1
38 81 1
38 83 -1
38 86 1
39 8 1
39 12 -1
39 17 -1
39 24 1
39 26 1
39 33 1
39 43 1
39 52 1
39 54 1
39 55 -1
39 64 1
39 69 1
39 75 -1
39 76 1
40 15 1
40 20 -1
40 21 -1
40 30 -1
40 45 -1
40 53 1
40 55 -1
40 70 1
41 2 1
41 3 -1
41 30 1
41 31 1
41 50 -1
41 87 -1
42 32 -1
42 50 -1
42 53 1
42 64 1
42 72 1
42 79 -1
42 86 -1
42 88 1
43 5 -1
43 12 1
43 17 1
43 23 -1
43 30 -1
43 45 -1
43 59 1
43 77 1
43 78 -1
43 90 1
44 22 -1
44 27 -1
44 35 -1
44 45 1
44 50 -1
44 67 -1
44 81 1
45 26 -1
45 47 1
45 52 -1
45 59 1
45 60 1
45 65 1
45 83 1
45 86 -1
46 1 1
46 24 1
46 37 1
46 49 -1
46 54 1
46 55 1
46 58 1
46 59 -1
46 65 1
46 71 -1
46 81 -1
47 4 1
47 20 -1
47 25 -1
47 26 -1
47 41 -1
47 42 1
47 46 -1
47 49 1
47 54 -1
47 56 -1
47 70 1
47 73 -1
47 76 -1
48 13 1
48 15 1
48 23 -1
48 26 -1
48 29 1
48 38 1
48 42 -1
48 43 -1
48 77 -1
48 79 -1
49 10 1
49 12 -1
49 17 1
49 28 1
49 40 1
49 54 1
49 66 -1
49 70 1
49 75 -1
49 80 1
50 14 1
50 15 -1
50 24 1
50 26 -1
50 48 -1
50 55 1
50 56 -1
50 59 -1
50 62 -1
50 64 1
50 66 1
51 31 -1
51 36 1
51 49 -1
51 77 -1
51 90 1
52 6 1
52 7 1
52 9 -1
52 15 1
52 22 1
52 27 1
52 47 -1
52 50 1
52 56 -1
52 70 1
52 82 -1
53 16 -1
53 21 -1
53 36 1
53 47 -1
53 51 1
53 64 1
53 65 1
53 74 1
54 11 1
54 12 -1
54 28 -1
54 41 1
54 55 1
54 64 -1
54 70 1
55 17 -1
55 52 -1
55 59 -1
55 60 1
55 62 1
55 64 -1
55 65 -1
55 69 -1
56 2 1
56 21 -1
56 40 -1
56 83 1
57 6 -1
57 16 -1
57 20 1
57 25 1
57 50 -1
57 61 -1
57 69 1
58 2 -1
58 15 1
58 27 -1
58 28 -1
58 53 -1
58 67 -1
58 69 -1
58 82 -1
59 9 -1
59 16 -1
59 36 1
59 47 1
59 85 -1
60 5 1
60 16 1
60 27 1
60 34 1
60 56 1
60 57 1
60 58 1
60 72 -1
60 82 -1
60 90 -1
61 2 -1
61 11 1
61 19 -1
61 36 -1
61 37 -1
61 41 1
61 44 -1
61 73 -1
61 79 1
61 85 1
61 87 -1
62 2 1
62 7 -1
62 13 -1
62 23 1
62 41 1
62 45 1
62 63 1
62 68 1
62 71 1
62 83 1
62 87 1
62 88 1
63 10 -1
63 36 1
63 53 1
63 58 1
63 59 -1
64 8 -1
64 13 1
64 14 1
64 61 -1
64 75 -1
65 3 -1
66 16 1
66 28 -1
66 33 -1
66 57 1
66 61 -1
66 65 -1
66 72 -1
67 5 -1
67 33 -1
67 46 1
67 54 -1
67 57 1
67 69 1
67 71 -1
67 80 1
67 86 -1
67 88 1
68 19 -1
68 35 1
68 39 -1
68 46 1
68 54 1
68 63 -1
68 70 -1
68 78 -1
68 82 1
69 6 1
69 41 -1
69 60 1
69 79 1
69 81 -1
69 82 -1
69 87 -1
70 8 -1
70 13 -1
70 24 -1
70 30 -1
70 33 1
70 38 1
70 41 -1
70 44 -1
70 57 -1
70 58 -1
70 65 -1
71 2 1
71 8 1
71 16 1
71 21 1
71 25 1
71 27 1
71 38 -1
71 40 -1
71 45 -1
71 47 -1
71 65 -1
71 66 -1
71 77 -1
71 79 -1
71 83 -1
71 88 1
71 90 1
72 1 1
72 27 -1
72 34 -1
72 36 1
72 37 -1
72 51 -1
72 59 1
72 61 -1
72 63 1
72 64 1
72 73 -1
72 85 -1
73 51 1
73 52 1
73 55 -1
73 57 1
73 58 1
73 81 1
73 83 -1
74 2 -1
74 3 1
74 13 -1
74 20 1
74 30 1
74 38 1
74 42 1
74 43 1
74 50 1
74 55 -1
74 61 -1
74 66 -1
74 67 -1
74 68 1
74 77 1
75 13 1
75 14 1
75 35 1
75 38 -1
75 45 -1
75 65 -1
75 71 -1
75 88 1
76 10 -1
76 27 1
76 37 1
76 52 1
76 66 -1
76 68 1
76 69 1
77 1 -1
77 15 -1
77 28 1
77 31 -1
77 34 -1
77 56 -1
78 8 1
78 34 1
78 45 1
78 46 1
78 47 -1
78 48 1
78 59 -1
78 62 1
79 1 -1
79 11 -1
79 23 -1
79 26 1
79 31 -1
79 44 1
79 57 -1
79 60 1
79 63 1
79 64 -1
79 77 -1
79 78 -1
79 82 -1
79 88 1
80 10 -1
80 13 1
80 17 1
80 32 -1
80 41 -1
80 47 -1
80 52 -1
80 73 -1
80 76 -1
80 79 1
80 89 1
81 4 1
81 6 1
81 19 -1
81 40 -1
81 53 1
81 55 1
81 56 -1
81 59 -1
81 70 -1
81 74 -1
81 75 -1
81 78 1
81 80 -1
82 3 1
82 7 -1
82 17 -1
82 30 -1
82 31 1
82 35 1
82 41 1
82 42 -1
82 44 -1
82 47 1
82 50 -1
82 54 -1
82 59 -1
82 67 -1
82 83 -1
82 85 -1
83 21 1
83 24 1
84 6 1
84 34 1
84 52 -1
84 66 1
84 80 -1
85 10 -1
85 16 1
85 17 -1
85 21 1
85 30 1
85 51 -1
85 63 -1
85 64 -1
86 7 1
86 18 -1
86 27 -1
86 54 1
86 70 -1
86 71 -1
86 75 1
86 77 1
86 85 1
87 10 1
87 14 -1
87 33 -1
87 34 -1
87 36 -1
87 44 1
87 50 -1
87 54 -1
87 66 1
87 84 -1
88 13 1
88 18 1
88 44 1
88 66 -1
88 81 1
88 89 -1
89 10 -1
89 22 1
89 33 1
89 34 1
89 38 1
89 64 1
89 79 -1
89 82 1
90 2 1
90 3 1
90 11 -1
90 13 -1
90 16 1
90 18 -1
90 23 -1
90 41 1
90 49 -1
90 53 1
90 67 1
90 69 -1
90 72 -1
90 73 -1
90 80 1
90 82 1
90 87 -1
90 89 1
