vertices: 190 edges: 3591
1 12 -1
1 18 -1
1 26 -1
1 36 -1
1 40 -1
1 73 -1
1 105 -1
1 109 -1
1 110 -1
1 119 -1
1 124 -1
1 146 -1
1 148 -1
1 155 -1
1 163 1
1 168 -1
1 173 -1
2 5 -1
2 33 -1
2 63 -1
2 86 -1
2 97 -1
2 101 -1
2 121 -1
2 140 -1
2 143 -1
2 157 -1
2 158 1
2 164 -1
2 183 -1
3 7 -1
3 8 1
3 11 -1
3 33 -1
3 70 1
3 71 -1
3 79 -1
3 82 -1
3 87 -1
3 92 -1
3 105 -1
3 116 -1
3 117 -1
3 127 -1
3 150 -1
3 155 -1
3 171 1
3 176 -1
3 182 -1
3 185 -1
4 1 -1
4 7 -1
4 12 -1
4 15 1
4 50 -1
4 66 -1
4 67 -1
4 68 1
4 98 -1
4 107 -1
4 110 1
4 113 1
4 136 -1
4 157 1
4 162 -1
4 170 -1
4 179 -1
5 10 -1
5 26 1
5 28 -1
5 35 -1
5 39 -1
5 76 -1
5 90 -1
5 108 -1
5 110 -1
5 119 -1
5 123 -1
5 157 -1
5 187 -1
5 190 -1
6 3 -1
6 43 -1
6 47 -1
6 52 -1
6 55 1
6 56 -1
6 64 -1
6 68 -1
6 84 -1
6 127 -1
6 135 1
6 137 -1
6 143 -1
6 161 1
6 177 1
6 184 -1
6 186 -1
7 47 -1
7 64 -1
7 68 -1
7 81 -1
7 83 1
7 107 1
7 132 -1
7 137 -1
7 162 -1
7 171 -1
7 174 -1
8 6 -1
8 17 1
8 34 -1
8 35 -1
8 40 1
8 47 -1
8 51 -1
8 94 -1
8 112 -1
8 114 -1
8 125 1
8 130 1
8 131 -1
8 134 -1
8 148 -1
8 152 -1
8 154 -1
8 169 1
8 172 1
8 187 -1
8 188 -1
9 1 1
9 5 -1
9 6 -1
9 32 -1
9 35 -1
9 39 1
9 45 -1
9 55 -1
9 62 -1
9 67 -1
9 90 -1
9 133 -1
9 137 -1
9 174 -1
10 21 -1
10 24 -1
10 29 -1
10 30 -1
10 37 -1
10 52 -1
10 57 -1
10 58 -1
10 60 -1
10 61 -1
10 62 -1
10 65 -1
10 72 -1
10 81 -1
10 88 -1
10 110 -1
10 125 1
10 128 1
10 158 1
10 159 -1
10 161 -1
10 163 -1
10 166 -1
10 177 -1
10 190 -1
11 28 -1
11 34 -1
11 35 1
11 36 -1
11 48 -1
11 84 -1
11 90 -1
11 93 -1
11 105 -1
11 109 -1
11 114 -1
11 123 -1
11 125 1
11 147 -1
11 166 -1
12 13 -1
12 20 -1
12 24 -1
12 26 -1
12 36 -1
12 54 1
12 68 -1
12 84 -1
12 86 -1
12 87 1
12 110 -1
12 113 1
12 123 -1
12 138 -1
12 146 -1
12 162 -1
12 174 -1
12 177 -1
12 180 -1
13 2 -1
13 9 -1
13 18 -1
13 21 -1
13 28 1
13 39 -1
13 41 1
13 43 -1
13 90 -1
13 101 -1
13 143 -1
13 154 -1
13 172 -1
13 176 -1
13 179 -1
13 190 -1
14 13 -1
14 18 -1
14 28 -1
14 30 -1
14 35 -1
14 42 -1
14 53 1
14 56 -1
14 61 -1
14 70 1
14 91 -1
14 94 1
14 105 -1
14 128 -1
14 144 -1
14 145 -1
14 168 -1
14 173 1
15 16 1
15 27 -1
15 41 -1
15 47 -1
15 60 -1
15 72 -1
15 75 -1
15 85 1
15 87 1
15 96 -1
15 102 -1
15 115 -1
15 121 -1
15 123 -1
15 148 1
15 150 -1
15 152 -1
15 154 -1
15 155 1
15 161 -1
15 164 -1
15 182 -1
15 190 -1
16 18 -1
16 19 -1
16 20 1
16 24 -1
16 28 -1
16 31 -1
16 33 -1
16 41 -1
16 42 -1
16 53 1
16 61 1
16 74 -1
16 86 -1
16 99 -1
16 107 -1
16 123 1
16 130 -1
16 150 -1
16 167 1
16 176 1
16 177 -1
17 33 -1
17 40 -1
17 41 -1
17 52 -1
17 55 -1
17 60 -1
17 84 -1
17 94 -1
17 104 -1
17 120 -1
17 126 -1
17 131 1
17 144 -1
17 158 -1
17 171 -1
17 176 -1
18 2 -1
18 9 -1
18 21 -1
18 47 -1
18 62 -1
18 65 1
18 68 -1
18 84 -1
18 98 -1
18 117 -1
18 121 -1
18 125 -1
18 143 -1
18 162 1
18 165 1
18 173 -1
18 174 -1
18 185 -1
19 7 -1
19 21 1
19 33 -1
19 44 -1
19 48 -1
19 53 -1
19 70 -1
19 78 -1
19 79 -1
19 85 -1
19 94 -1
19 112 -1
19 119 -1
19 121 -1
19 125 -1
19 126 -1
19 128 -1
19 151 -1
19 154 -1
19 155 -1
19 172 -1
19 180 -1
20 1 -1
20 4 -1
20 6 -1
20 7 -1
20 8 -1
20 15 1
20 17 -1
20 23 -1
20 24 -1
20 33 -1
20 36 -1
20 43 1
20 55 -1
20 62 -1
20 63 -1
20 70 1
20 100 -1
20 115 1
20 122 -1
20 131 -1
20 136 -1
20 137 1
20 145 1
20 169 1
20 182 -1
21 1 -1
21 11 -1
21 22 1
21 38 -1
21 48 -1
21 74 -1
21 85 -1
21 86 -1
21 93 -1
21 112 1
21 141 -1
21 159 1
22 18 -1
22 25 -1
22 29 -1
22 47 -1
22 54 -1
22 56 -1
22 65 -1
22 85 1
22 112 1
22 124 1
22 132 -1
22 140 -1
22 151 -1
22 160 -1
23 17 -1
23 21 -1
23 22 1
23 31 -1
23 32 -1
23 33 1
23 38 1
23 77 -1
23 92 -1
23 100 -1
23 125 -1
23 133 -1
23 137 -1
23 153 1
23 160 -1
23 162 -1
23 167 -1
23 172 -1
24 18 -1
24 42 -1
24 50 -1
24 52 -1
24 56 -1
24 66 -1
24 75 1
24 77 1
24 81 1
24 98 -1
24 99 -1
24 116 -1
24 123 1
24 128 -1
24 130 -1
24 145 1
24 147 -1
24 164 -1
24 167 -1
24 184 -1
24 187 1
25 6 -1
25 7 -1
25 20 -1
25 24 -1
25 38 -1
25 44 -1
25 67 -1
25 92 -1
25 123 1
25 124 -1
25 129 -1
25 140 1
25 141 -1
25 148 -1
25 161 -1
25 163 -1
25 174 1
25 182 1
26 6 -1
26 7 -1
26 32 -1
26 33 -1
26 34 -1
26 55 -1
26 56 1
26 57 -1
26 65 -1
26 66 -1
26 70 -1
26 99 -1
26 103 -1
26 107 -1
26 115 -1
26 119 -1
26 123 -1
26 154 -1
26 161 -1
26 166 -1
26 169 -1
26 172 -1
26 174 -1
26 186 1
26 190 1
27 6 1
27 8 -1
27 12 -1
27 13 -1
27 18 1
27 24 -1
27 44 -1
27 67 1
27 83 -1
27 95 -1
27 116 -1
27 118 -1
27 125 -1
27 129 -1
27 141 1
27 143 -1
27 162 -1
27 165 -1
27 172 -1
27 173 -1
27 187 -1
28 15 -1
28 24 -1
28 27 -1
28 48 -1
28 64 -1
28 65 -1
28 75 1
28 84 1
28 92 -1
28 93 -1
28 97 -1
28 123 -1
28 125 -1
28 128 1
28 153 -1
28 154 -1
28 158 1
28 176 -1
29 7 -1
29 21 -1
29 26 -1
29 34 -1
29 40 -1
29 45 -1
29 55 -1
29 59 -1
29 63 -1
29 65 -1
29 75 -1
29 101 -1
29 115 -1
29 123 1
29 178 -1
29 179 -1
29 183 1
30 7 1
30 8 1
30 12 -1
30 26 -1
30 27 1
30 47 1
30 52 -1
30 54 -1
30 57 -1
30 60 1
30 61 -1
30 69 -1
30 90 -1
30 99 -1
30 104 1
30 135 -1
30 144 -1
30 157 -1
30 171 1
30 174 -1
30 183 -1
30 184 1
31 1 -1
31 12 -1
31 17 -1
31 53 -1
31 57 -1
31 71 1
31 95 -1
31 117 -1
31 121 1
31 124 1
31 125 1
31 141 1
31 142 -1
31 143 -1
31 148 -1
31 163 -1
31 167 1
31 186 -1
32 1 -1
32 29 -1
32 40 -1
32 56 -1
32 61 -1
32 68 -1
32 72 -1
32 80 1
32 90 -1
32 97 -1
32 103 -1
32 104 -1
32 120 -1
32 123 -1
32 132 -1
32 137 -1
32 150 -1
32 151 -1
32 157 -1
32 165 -1
32 171 -1
32 172 -1
32 177 -1
32 188 -1
32 189 1
33 7 -1
33 30 1
33 50 -1
33 63 -1
33 65 -1
33 78 -1
33 98 -1
33 111 -1
33 114 -1
33 121 -1
33 129 -1
33 137 1
33 138 -1
33 140 1
33 156 1
33 162 -1
33 173 1
34 6 -1
34 17 1
34 23 -1
34 30 -1
34 31 -1
34 32 -1
34 36 -1
34 41 1
34 58 -1
34 68 -1
34 72 1
34 89 -1
34 90 -1
34 91 -1
34 93 -1
34 102 -1
34 111 -1
34 116 1
34 124 -1
34 133 -1
34 141 -1
34 146 -1
34 157 -1
34 167 -1
34 171 1
34 175 -1
34 178 -1
35 17 -1
35 25 -1
35 56 -1
35 59 -1
35 68 1
35 74 -1
35 81 -1
35 90 -1
35 95 -1
35 99 -1
35 101 1
35 103 -1
35 104 -1
35 105 -1
35 108 -1
35 111 -1
35 118 -1
35 119 -1
35 122 -1
35 130 -1
35 136 1
35 140 1
35 155 -1
35 157 -1
35 171 -1
35 173 -1
35 174 -1
36 6 -1
36 13 -1
36 26 -1
36 35 -1
36 45 -1
36 47 1
36 51 -1
36 92 -1
36 97 -1
36 99 -1
36 105 -1
36 124 1
36 138 -1
36 160 1
36 181 -1
36 182 -1
36 186 -1
37 15 -1
37 20 -1
37 35 -1
37 41 -1
37 54 -1
37 58 -1
37 79 -1
37 80 -1
37 81 -1
37 85 -1
37 94 1
37 104 -1
37 117 1
37 125 -1
37 132 -1
37 141 -1
37 142 -1
37 162 -1
37 169 -1
37 172 1
37 174 -1
37 185 1
38 4 1
38 7 -1
38 22 -1
38 29 -1
38 30 -1
38 35 -1
38 39 -1
38 53 -1
38 87 -1
38 89 1
38 90 1
38 102 1
38 116 -1
38 121 -1
38 126 -1
38 129 -1
38 141 -1
38 142 -1
38 145 -1
38 149 -1
38 153 -1
38 171 -1
38 182 1
39 1 -1
39 6 1
39 21 -1
39 22 1
39 27 -1
39 45 -1
39 92 -1
39 94 -1
39 107 -1
39 126 -1
39 141 1
39 142 -1
39 150 1
39 157 1
39 160 -1
39 161 1
39 162 -1
39 170 -1
39 189 -1
40 2 1
40 13 1
40 16 1
40 20 -1
40 45 -1
40 53 1
40 69 -1
40 77 -1
40 104 -1
40 107 -1
40 108 1
40 113 -1
40 116 -1
40 121 -1
40 123 -1
40 128 -1
40 137 1
40 147 -1
40 151 -1
40 156 1
40 162 -1
40 165 -1
40 172 -1
41 20 -1
41 59 1
41 71 -1
41 73 -1
41 77 -1
41 78 -1
41 83 -1
41 86 -1
41 100 -1
41 103 1
41 105 -1
41 113 -1
41 127 -1
41 129 -1
41 150 1
41 163 -1
41 183 -1
41 190 -1
42 7 1
42 12 -1
42 27 1
42 33 1
42 48 -1
42 60 -1
42 63 -1
42 80 1
42 90 -1
42 100 -1
42 102 -1
42 103 1
42 105 -1
42 119 1
42 121 1
42 125 -1
42 130 -1
42 135 -1
42 143 -1
42 160 -1
42 178 -1
42 179 -1
43 7 -1
43 22 1
43 25 -1
43 26 -1
43 29 -1
43 31 -1
43 54 -1
43 60 1
43 72 -1
43 75 -1
43 76 -1
43 92 -1
43 104 -1
43 109 -1
43 116 1
43 117 -1
43 122 -1
43 128 -1
43 139 -1
43 144 -1
43 145 -1
43 152 1
43 153 -1
43 184 -1
44 12 -1
44 29 -1
44 45 -1
44 49 -1
44 51 -1
44 53 -1
44 57 -1
44 64 -1
44 79 1
44 93 1
44 103 1
44 105 1
44 129 1
44 135 -1
44 136 -1
44 173 -1
44 175 1
44 177 -1
44 181 1
44 187 1
45 14 1
45 18 -1
45 24 -1
45 38 -1
45 53 -1
45 56 -1
45 59 -1
45 72 -1
45 77 1
45 85 -1
45 103 1
45 118 -1
45 125 -1
45 132 1
45 137 -1
45 152 -1
45 157 -1
45 180 1
45 182 1
45 185 1
46 25 -1
46 34 -1
46 35 -1
46 48 -1
46 54 -1
46 61 -1
46 68 -1
46 110 -1
46 132 -1
46 139 -1
46 143 -1
46 144 -1
46 151 -1
46 155 -1
46 157 -1
46 159 1
46 180 -1
46 187 1
47 9 -1
47 24 -1
47 28 -1
47 29 -1
47 42 -1
47 49 1
47 61 -1
47 72 -1
47 80 -1
47 88 -1
47 92 -1
47 93 1
47 95 -1
47 105 -1
47 107 1
47 109 -1
47 114 -1
47 118 1
47 126 -1
47 139 1
47 141 -1
47 143 -1
47 147 1
47 162 -1
47 163 -1
47 165 -1
47 178 -1
47 190 -1
48 20 -1
48 36 1
48 53 -1
48 55 -1
48 75 1
48 83 1
48 100 -1
48 104 1
48 108 -1
48 116 -1
48 120 -1
48 128 -1
48 134 1
48 143 -1
48 148 -1
48 166 -1
48 173 -1
48 189 -1
49 1 -1
49 9 -1
49 26 -1
49 38 1
49 48 1
49 66 -1
49 76 -1
49 95 -1
49 99 1
49 108 -1
49 117 -1
49 125 -1
49 132 -1
49 133 -1
49 136 1
49 143 -1
49 167 -1
49 172 -1
49 176 -1
50 14 1
50 26 -1
50 36 -1
50 39 1
50 44 1
50 51 -1
50 53 -1
50 61 -1
50 66 -1
50 67 1
50 69 -1
50 82 1
50 93 -1
50 94 -1
50 116 -1
50 120 -1
50 127 1
50 155 -1
50 172 1
50 185 -1
51 20 -1
51 31 -1
51 33 -1
51 38 -1
51 49 -1
51 54 -1
51 55 -1
51 59 -1
51 69 -1
51 70 -1
51 76 -1
51 83 -1
51 87 -1
51 106 1
51 126 -1
51 127 -1
51 136 -1
51 147 1
51 153 -1
51 162 -1
51 176 -1
51 185 -1
52 7 -1
52 8 -1
52 21 -1
52 23 -1
52 25 -1
52 26 -1
52 27 -1
52 31 1
52 33 -1
52 34 -1
52 38 1
52 44 -1
52 47 1
52 67 -1
52 85 -1
52 87 -1
52 93 1
52 144 -1
52 181 -1
53 6 -1
53 20 -1
53 21 -1
53 22 -1
53 29 -1
53 34 -1
53 47 1
53 51 1
53 63 -1
53 69 -1
53 70 -1
53 79 -1
53 84 -1
53 85 -1
53 104 -1
53 148 -1
53 165 -1
53 180 -1
53 185 -1
54 7 -1
54 29 -1
54 45 -1
54 53 -1
54 79 1
54 86 1
54 109 1
54 115 1
54 121 1
54 122 -1
54 125 -1
54 135 -1
54 163 1
55 8 -1
55 22 -1
55 30 -1
55 39 -1
55 41 -1
55 46 -1
55 59 -1
55 61 -1
55 62 1
55 94 -1
55 105 -1
55 109 -1
55 111 -1
55 130 -1
55 154 -1
55 163 -1
55 170 -1
55 171 1
55 174 -1
55 185 -1
56 27 1
56 33 1
56 38 -1
56 44 -1
56 51 -1
56 55 -1
56 68 -1
56 85 1
56 98 -1
56 107 -1
56 118 1
56 159 1
57 3 -1
57 8 -1
57 33 -1
57 37 -1
57 47 -1
57 52 1
57 62 -1
57 64 1
57 68 -1
57 132 -1
57 135 1
57 148 -1
57 169 -1
57 182 -1
57 185 1
58 20 -1
58 22 -1
58 38 -1
58 42 -1
58 50 -1
58 55 1
58 57 1
58 71 1
58 75 -1
58 85 1
58 102 -1
58 103 -1
58 107 -1
58 109 -1
58 115 -1
58 139 -1
58 154 -1
58 155 -1
58 156 -1
58 173 -1
59 1 -1
59 19 -1
59 21 -1
59 40 1
59 44 -1
59 47 -1
59 48 -1
59 66 -1
59 77 -1
59 79 -1
59 84 -1
59 132 -1
59 141 -1
59 143 -1
59 145 -1
59 156 1
59 167 -1
59 180 1
59 187 -1
60 19 -1
60 37 -1
60 41 -1
60 53 -1
60 57 -1
60 61 -1
60 94 1
60 96 -1
60 101 -1
60 102 -1
60 107 -1
60 116 -1
60 122 -1
60 123 -1
60 138 -1
60 159 1
60 162 -1
60 165 -1
60 189 -1
61 11 -1
61 18 1
61 19 -1
61 26 -1
61 72 1
61 83 -1
61 94 -1
61 130 -1
61 132 1
61 162 -1
61 163 -1
61 170 -1
61 176 -1
61 179 -1
62 12 -1
62 22 -1
62 26 -1
62 28 1
62 36 -1
62 45 -1
62 48 -1
62 100 -1
62 102 -1
62 103 1
62 107 -1
62 117 -1
62 119 -1
62 140 -1
62 151 -1
62 160 -1
62 162 -1
62 169 -1
62 171 -1
62 177 -1
63 17 -1
63 18 -1
63 30 -1
63 34 -1
63 35 -1
63 47 1
63 48 -1
63 50 -1
63 67 -1
63 74 -1
63 78 -1
63 91 -1
63 96 -1
63 110 1
63 113 -1
63 129 -1
63 151 -1
63 168 1
63 174 -1
63 182 -1
64 3 -1
64 77 1
64 78 -1
64 79 -1
64 88 -1
64 98 -1
64 105 -1
64 107 -1
64 119 -1
64 129 -1
64 132 -1
64 142 -1
64 145 -1
64 169 -1
64 171 -1
64 173 -1
65 21 -1
65 31 1
65 46 1
65 58 -1
65 60 -1
65 64 1
65 91 -1
65 94 1
65 98 -1
65 99 -1
65 121 1
65 122 -1
65 131 -1
65 132 -1
65 141 -1
65 149 1
65 159 -1
65 169 -1
65 184 -1
66 2 1
66 10 -1
66 14 1
66 28 -1
66 30 -1
66 35 -1
66 41 -1
66 47 -1
66 54 -1
66 71 -1
66 83 -1
66 90 -1
66 93 -1
66 102 -1
66 110 -1
66 118 -1
66 119 -1
66 136 -1
66 145 -1
66 177 -1
66 180 1
67 14 -1
67 38 -1
67 41 -1
67 51 1
67 65 -1
67 74 -1
67 77 -1
67 78 -1
67 81 1
67 96 1
67 113 -1
67 117 -1
67 123 -1
67 124 -1
67 132 -1
67 144 -1
67 147 -1
67 156 -1
67 160 1
67 162 1
67 164 -1
67 183 1
68 22 -1
68 28 1
68 39 1
68 43 -1
68 65 -1
68 66 -1
68 67 -1
68 69 -1
68 79 1
68 83 -1
68 99 -1
68 110 1
68 114 -1
68 125 -1
68 127 -1
68 134 -1
68 146 -1
68 150 -1
68 156 -1
68 168 -1
68 177 -1
68 181 -1
68 183 -1
69 2 -1
69 18 -1
69 19 -1
69 43 -1
69 45 -1
69 52 1
69 61 -1
69 67 -1
69 80 -1
69 84 -1
69 87 -1
69 95 -1
69 97 -1
69 142 -1
69 145 -1
69 153 -1
69 163 -1
69 175 -1
70 5 -1
70 25 -1
70 28 -1
70 47 -1
70 74 1
70 81 -1
70 98 -1
70 102 -1
70 108 -1
70 111 -1
70 114 -1
70 115 -1
70 123 -1
70 130 -1
70 138 1
70 142 -1
70 153 1
70 155 -1
70 156 -1
70 174 -1
70 182 -1
70 187 -1
71 46 -1
71 52 -1
71 91 -1
71 98 -1
71 117 -1
71 127 1
71 131 -1
71 140 -1
71 159 -1
71 161 -1
71 180 -1
71 181 -1
71 188 -1
72 7 -1
72 11 1
72 20 -1
72 23 -1
72 27 -1
72 28 -1
72 30 -1
72 58 -1
72 60 -1
72 62 -1
72 64 -1
72 73 -1
72 79 -1
72 86 -1
72 104 -1
72 113 -1
72 164 -1
72 169 -1
72 182 1
72 188 -1
73 2 1
73 3 -1
73 7 -1
73 13 -1
73 38 -1
73 39 -1
73 42 -1
73 43 -1
73 50 -1
73 60 -1
73 71 1
73 79 -1
73 86 -1
73 89 -1
73 104 -1
73 124 1
73 131 1
73 132 -1
73 144 1
73 145 -1
73 153 1
73 175 -1
74 10 1
74 14 1
74 24 -1
74 28 -1
74 44 -1
74 48 -1
74 52 -1
74 91 1
74 98 -1
74 100 -1
74 102 -1
74 107 -1
74 110 1
74 113 -1
74 130 -1
74 135 -1
74 140 -1
74 150 -1
74 162 1
74 164 -1
74 166 -1
74 167 -1
74 186 1
75 16 -1
75 41 -1
75 55 1
75 101 -1
75 116 -1
75 128 -1
75 133 -1
75 140 -1
75 145 1
75 175 -1
75 181 -1
75 182 1
75 183 1
75 189 -1
76 2 -1
76 6 -1
76 31 1
76 47 -1
76 61 1
76 74 1
76 82 -1
76 109 -1
76 129 -1
76 140 -1
76 146 -1
76 149 -1
76 165 -1
76 167 1
76 190 -1
77 12 -1
77 16 -1
77 27 -1
77 29 -1
77 37 1
77 57 -1
77 78 -1
77 89 -1
77 94 -1
77 95 -1
77 112 -1
77 122 1
77 130 -1
77 141 -1
78 1 -1
78 5 -1
78 15 -1
78 26 -1
78 32 -1
78 34 -1
78 40 1
78 42 1
78 47 -1
78 66 -1
78 71 -1
78 85 1
78 89 -1
78 98 -1
78 103 -1
78 110 1
78 124 -1
78 144 1
78 145 -1
78 166 -1
78 170 -1
78 181 -1
79 7 1
79 14 1
79 22 -1
79 31 -1
79 42 -1
79 56 -1
79 57 -1
79 61 -1
79 67 -1
79 69 -1
79 114 -1
79 115 -1
79 130 -1
79 131 -1
79 143 1
79 147 -1
79 151 -1
79 152 1
79 169 1
79 171 -1
80 5 -1
80 17 -1
80 26 -1
80 34 -1
80 36 -1
80 38 -1
80 48 1
80 49 -1
80 50 -1
80 54 -1
80 63 -1
80 76 1
80 104 1
80 110 1
80 113 1
80 131 1
80 141 1
80 143 -1
80 144 -1
80 178 1
80 182 1
80 190 -1
81 2 -1
81 17 1
81 20 -1
81 21 -1
81 34 -1
81 50 -1
81 52 -1
81 57 -1
81 58 -1
81 61 -1
81 64 -1
81 75 1
81 82 -1
81 88 -1
81 97 1
81 102 -1
81 124 -1
81 127 -1
81 133 -1
81 135 -1
81 136 1
81 142 -1
81 149 -1
81 152 -1
81 153 -1
81 159 -1
81 163 -1
81 180 -1
82 12 1
82 21 1
82 35 1
82 39 -1
82 49 -1
82 58 1
82 65 -1
82 101 -1
82 104 1
82 115 -1
82 118 -1
82 125 1
82 128 -1
82 145 -1
82 153 -1
82 162 -1
82 178 -1
82 190 -1
83 3 -1
83 14 1
83 18 1
83 21 1
83 30 -1
83 57 -1
83 60 -1
83 62 -1
83 64 -1
83 77 -1
83 79 -1
83 90 1
83 95 -1
83 136 -1
84 24 -1
84 32 -1
84 40 -1
84 52 -1
84 57 -1
84 62 -1
84 74 -1
84 98 -1
84 103 1
84 105 -1
84 113 -1
84 122 -1
84 133 1
84 134 -1
84 137 -1
84 146 -1
84 150 1
84 151 -1
84 157 -1
85 5 -1
85 29 -1
85 42 -1
85 44 -1
85 48 1
85 75 -1
85 83 -1
85 91 -1
85 92 -1
85 93 1
85 131 -1
85 140 -1
85 150 -1
85 155 -1
85 157 1
85 165 -1
86 3 1
86 23 -1
86 26 -1
86 32 1
86 45 -1
86 52 -1
86 56 1
86 64 -1
86 65 -1
86 74 -1
86 107 -1
86 119 -1
86 122 -1
86 131 -1
86 133 -1
86 136 1
86 138 -1
86 185 -1
86 190 -1
87 13 1
87 19 -1
87 23 -1
87 34 -1
87 36 1
87 73 -1
87 94 -1
87 101 -1
87 107 -1
87 110 -1
87 126 -1
87 129 1
87 161 -1
87 179 -1
87 184 -1
87 186 -1
88 1 -1
88 11 -1
88 17 1
88 19 -1
88 38 -1
88 39 -1
88 51 1
88 109 1
88 118 -1
88 149 -1
88 163 1
88 168 -1
88 174 1
88 179 -1
88 190 -1
89 19 -1
89 29 -1
89 48 -1
89 66 -1
89 67 -1
89 69 -1
89 119 -1
89 121 1
89 130 -1
89 141 -1
89 150 -1
89 177 1
89 183 -1
90 16 -1
90 22 -1
90 26 -1
90 33 -1
90 49 -1
90 51 -1
90 55 -1
90 68 -1
90 76 -1
90 87 1
90 101 -1
90 112 -1
90 116 -1
90 126 -1
90 129 -1
90 131 -1
90 138 -1
90 160 1
90 168 -1
90 174 -1
90 177 -1
90 188 -1
91 12 -1
91 18 -1
91 20 -1
91 26 1
91 27 -1
91 29 1
91 45 -1
91 54 -1
91 56 -1
91 64 -1
91 81 -1
91 86 -1
91 97 -1
91 104 -1
91 115 1
91 120 1
91 138 1
91 157 -1
91 159 1
91 167 -1
91 172 -1
91 186 -1
92 21 1
92 30 -1
92 32 -1
92 40 -1
92 48 -1
92 61 -1
92 77 -1
92 80 -1
92 84 -1
92 94 -1
92 101 -1
92 110 1
92 143 -1
92 170 -1
92 172 -1
92 189 1
92 190 -1
93 5 -1
93 6 -1
93 13 -1
93 19 -1
93 31 -1
93 33 -1
93 36 -1
93 45 1
93 53 -1
93 56 -1
93 69 -1
93 78 -1
93 79 -1
93 91 -1
93 116 -1
93 127 -1
93 131 -1
93 140 1
93 143 -1
93 156 1
93 170 1
93 190 1
94 1 -1
94 12 -1
94 13 -1
94 18 1
94 26 1
94 27 1
94 30 1
94 42 -1
94 68 1
94 75 -1
94 76 1
94 79 -1
94 97 -1
94 110 -1
94 128 -1
94 129 1
94 133 1
94 167 -1
94 176 -1
94 180 -1
94 184 -1
94 189 1
95 2 -1
95 3 1
95 13 1
95 15 -1
95 19 -1
95 21 1
95 32 1
95 33 -1
95 40 1
95 41 -1
95 46 -1
95 50 -1
95 54 -1
95 68 -1
95 118 -1
95 120 -1
95 130 -1
95 139 -1
95 141 -1
95 150 -1
95 161 -1
95 169 -1
96 8 1
96 29 1
96 30 -1
96 35 -1
96 37 -1
96 47 -1
96 51 1
96 53 -1
96 54 1
96 75 -1
96 76 -1
96 103 -1
96 111 -1
96 122 -1
96 137 -1
96 156 -1
96 158 -1
96 163 1
96 165 -1
96 180 -1
96 188 -1
97 24 1
97 25 1
97 37 -1
97 61 -1
97 68 -1
97 126 1
97 127 -1
97 149 -1
97 162 -1
97 163 1
97 167 -1
98 7 -1
98 16 -1
98 31 -1
98 52 -1
98 55 -1
98 77 -1
98 81 1
98 102 -1
98 112 -1
98 125 -1
98 132 -1
98 135 1
98 142 1
98 146 1
98 172 1
99 5 1
99 17 -1
99 20 -1
99 23 -1
99 37 -1
99 47 1
99 48 -1
99 57 -1
99 58 -1
99 70 -1
99 77 -1
99 82 -1
99 83 1
99 87 -1
99 89 -1
99 91 -1
99 95 -1
99 96 -1
99 152 -1
99 153 1
99 165 -1
99 166 -1
99 181 1
99 182 -1
99 187 -1
99 189 -1
100 10 -1
100 22 -1
100 38 -1
100 40 -1
100 46 -1
100 61 1
100 63 1
100 71 -1
100 90 -1
100 98 -1
100 112 -1
100 120 -1
100 127 1
100 128 -1
100 154 1
100 159 -1
100 161 -1
100 163 -1
100 171 -1
100 176 -1
100 178 -1
101 10 1
101 47 -1
101 56 1
101 57 -1
101 61 -1
101 64 -1
101 66 -1
101 71 1
101 73 -1
101 89 1
101 104 -1
101 106 -1
101 132 -1
101 133 1
101 140 -1
101 145 -1
101 169 -1
101 174 -1
101 184 1
101 187 -1
102 6 -1
102 9 -1
102 16 -1
102 40 -1
102 67 -1
102 68 -1
102 73 -1
102 80 -1
102 136 -1
102 155 -1
102 162 -1
102 164 -1
103 6 -1
103 10 -1
103 11 -1
103 16 -1
103 19 -1
103 20 -1
103 24 -1
103 34 -1
103 43 -1
103 54 -1
103 66 1
103 73 -1
103 80 1
103 90 -1
103 93 -1
103 104 -1
103 116 -1
103 119 -1
103 120 -1
103 135 -1
103 146 -1
103 171 -1
103 174 -1
103 179 -1
104 16 1
104 75 -1
104 81 -1
104 93 -1
104 115 -1
104 130 -1
104 139 1
104 148 -1
104 152 -1
104 161 -1
104 170 -1
105 4 1
105 18 -1
105 20 1
105 58 -1
105 59 -1
105 71 -1
105 77 1
105 82 1
105 87 -1
105 92 -1
105 103 -1
105 106 1
105 112 -1
105 161 -1
105 170 -1
105 172 -1
105 183 -1
105 190 -1
106 6 -1
106 14 -1
106 16 -1
106 22 -1
106 35 1
106 37 -1
106 39 -1
106 48 -1
106 56 -1
106 57 -1
106 64 -1
106 67 -1
106 85 -1
106 87 -1
106 99 -1
106 125 -1
106 138 -1
106 149 -1
106 155 -1
106 161 -1
106 170 -1
106 172 -1
107 2 -1
107 17 1
107 22 -1
107 89 -1
107 92 -1
107 115 -1
107 122 -1
107 142 -1
107 184 -1
107 185 -1
108 3 -1
108 6 -1
108 16 -1
108 27 -1
108 41 -1
108 47 -1
108 59 -1
108 69 -1
108 71 1
108 102 -1
108 106 -1
108 109 -1
108 111 1
108 113 -1
108 128 1
108 130 -1
108 139 -1
108 152 -1
108 155 1
108 173 1
108 181 1
108 183 -1
108 186 -1
109 12 -1
109 14 1
109 18 -1
109 25 1
109 26 -1
109 31 1
109 64 -1
109 68 -1
109 77 -1
109 79 -1
109 107 -1
109 125 1
109 141 -1
109 159 -1
109 165 1
109 172 -1
109 176 -1
109 182 1
110 6 -1
110 9 -1
110 17 1
110 33 -1
110 38 1
110 60 -1
110 73 -1
110 79 1
110 81 -1
110 91 -1
110 121 -1
110 147 1
110 150 -1
110 155 -1
110 157 -1
110 166 -1
111 3 1
111 10 -1
111 18 -1
111 27 -1
111 39 -1
111 45 -1
111 54 -1
111 76 1
111 84 -1
111 97 -1
111 105 -1
111 106 -1
111 115 1
111 117 -1
111 122 -1
111 130 -1
111 134 1
111 138 -1
111 150 -1
111 175 -1
111 177 -1
111 184 -1
111 188 1
112 17 -1
112 40 -1
112 44 -1
112 51 -1
112 54 -1
112 67 1
112 80 -1
112 82 -1
112 88 -1
112 92 -1
112 109 -1
112 114 -1
112 120 -1
112 129 1
112 150 -1
112 157 -1
112 181 -1
112 182 -1
112 184 -1
113 10 -1
113 15 -1
113 27 -1
113 39 -1
113 42 -1
113 47 -1
113 52 -1
113 58 -1
113 59 -1
113 70 -1
113 73 -1
113 100 1
113 106 1
113 107 -1
113 118 -1
113 132 -1
113 136 1
113 141 -1
113 149 -1
113 151 -1
113 154 -1
113 161 1
113 175 1
113 182 -1
113 184 -1
114 1 1
114 3 -1
114 6 -1
114 7 1
114 15 -1
114 21 1
114 26 1
114 30 -1
114 71 -1
114 73 1
114 83 -1
114 86 -1
114 94 -1
114 95 -1
114 107 -1
114 149 -1
114 154 1
114 175 -1
114 182 -1
115 7 1
115 14 1
115 18 -1
115 21 -1
115 22 1
115 35 -1
115 52 -1
115 61 1
115 64 -1
115 69 -1
115 87 -1
115 112 -1
115 126 -1
115 131 1
115 132 1
115 160 -1
116 13 -1
116 37 -1
116 54 -1
116 68 1
116 77 -1
116 88 -1
116 98 -1
116 119 -1
116 121 -1
116 122 -1
116 126 -1
116 149 -1
116 150 -1
116 172 -1
116 175 -1
116 183 -1
116 188 1
116 190 -1
117 4 -1
117 15 -1
117 29 -1
117 33 -1
117 46 1
117 75 -1
117 82 1
117 87 -1
117 119 -1
117 135 1
117 136 -1
117 148 -1
117 180 -1
117 187 -1
118 10 -1
118 25 -1
118 48 -1
118 60 1
118 63 1
118 70 -1
118 71 -1
118 72 -1
118 85 -1
118 100 -1
118 104 -1
118 107 -1
118 108 1
118 122 -1
118 125 1
118 156 -1
118 171 -1
118 186 -1
119 9 -1
119 24 -1
119 71 1
119 78 -1
119 82 -1
119 91 -1
119 93 -1
119 101 -1
119 104 -1
119 106 -1
119 107 1
119 115 -1
119 128 1
119 159 -1
119 167 -1
119 180 -1
120 1 -1
120 23 1
120 34 -1
120 46 -1
120 47 -1
120 53 -1
120 78 -1
120 80 -1
120 93 -1
120 111 -1
120 129 -1
120 130 -1
120 135 -1
120 138 -1
120 152 -1
120 154 1
120 159 -1
120 163 -1
120 166 1
120 172 -1
120 179 -1
120 183 1
120 185 -1
121 1 -1
121 10 -1
121 14 -1
121 17 1
121 46 -1
121 50 -1
121 53 -1
121 75 -1
121 113 -1
121 117 -1
121 119 -1
121 125 -1
121 132 -1
121 140 -1
121 141 -1
121 147 -1
121 151 -1
121 165 -1
121 169 -1
121 177 1
121 187 -1
121 190 -1
122 24 1
122 32 -1
122 51 -1
122 71 1
122 80 1
122 105 -1
122 139 -1
122 149 -1
122 152 -1
122 164 1
122 165 -1
122 176 -1
122 183 -1
123 6 -1
123 17 -1
123 19 -1
123 31 -1
123 37 -1
123 47 -1
123 61 -1
123 77 -1
123 96 1
123 102 1
123 108 -1
123 110 1
123 122 -1
123 131 -1
123 133 -1
123 142 1
123 144 -1
123 146 -1
123 156 1
123 158 1
123 164 -1
123 165 -1
123 174 -1
124 35 -1
124 46 -1
124 47 -1
124 54 -1
124 55 1
124 74 -1
124 94 -1
124 97 -1
124 107 -1
124 108 -1
124 114 1
124 127 -1
124 129 -1
124 145 -1
124 146 -1
124 155 -1
124 157 -1
124 159 -1
124 163 -1
124 165 -1
124 169 -1
124 171 -1
125 3 -1
125 26 -1
125 29 1
125 58 -1
125 70 -1
125 91 -1
125 126 1
125 148 -1
125 156 -1
125 164 -1
125 175 -1
125 176 -1
125 177 -1
126 4 -1
126 6 -1
126 14 -1
126 23 1
126 28 -1
126 31 -1
126 34 -1
126 35 -1
126 55 -1
126 84 -1
126 89 -1
126 93 -1
126 100 -1
126 108 1
126 113 -1
126 120 -1
126 122 -1
126 138 -1
126 155 -1
126 165 1
126 172 1
126 189 1
127 9 -1
127 13 1
127 20 -1
127 32 -1
127 33 -1
127 37 -1
127 39 -1
127 69 -1
127 72 -1
127 102 -1
127 113 -1
127 114 -1
127 125 -1
127 140 -1
127 168 -1
127 180 -1
127 186 1
128 33 -1
128 34 -1
128 55 1
128 57 -1
128 76 -1
128 77 -1
128 84 -1
128 92 -1
128 96 1
128 103 -1
128 123 -1
128 146 -1
128 159 -1
128 160 1
128 168 1
128 173 -1
128 174 -1
129 7 -1
129 10 1
129 22 1
129 34 1
129 35 -1
129 65 -1
129 74 -1
129 85 -1
129 100 -1
129 108 -1
129 122 -1
129 134 -1
129 140 -1
129 144 1
129 157 -1
129 158 -1
129 168 -1
129 185 1
129 188 -1
130 27 1
130 32 1
130 50 -1
130 51 -1
130 53 -1
130 63 -1
130 75 -1
130 81 -1
130 106 -1
130 110 -1
130 116 -1
130 124 1
130 151 1
130 154 -1
130 179 -1
130 190 -1
131 25 1
131 34 -1
131 47 -1
131 51 -1
131 61 -1
131 70 -1
131 74 -1
131 97 -1
131 105 -1
131 139 -1
131 142 -1
131 144 -1
131 146 -1
131 153 -1
131 165 -1
131 166 -1
131 180 -1
131 182 -1
132 1 1
132 6 -1
132 9 -1
132 10 -1
132 30 -1
132 34 -1
132 58 -1
132 81 -1
132 104 -1
132 106 -1
132 109 -1
132 118 -1
132 138 -1
132 139 -1
132 141 1
132 149 -1
132 150 -1
132 157 -1
132 160 -1
132 162 -1
132 167 -1
132 174 -1
132 176 -1
133 4 -1
133 14 -1
133 19 -1
133 21 -1
133 35 -1
133 46 1
133 59 -1
133 64 -1
133 76 1
133 78 -1
133 88 1
133 92 -1
133 103 1
133 104 -1
133 106 -1
133 124 -1
133 132 -1
133 145 -1
133 153 -1
133 155 -1
133 156 -1
133 157 1
133 160 -1
133 183 -1
134 21 -1
134 26 1
134 32 1
134 43 -1
134 54 -1
134 57 -1
134 65 -1
134 78 -1
134 109 -1
134 114 1
134 119 -1
134 121 -1
134 123 -1
134 127 -1
134 174 -1
134 179 1
134 184 -1
135 4 -1
135 20 -1
135 39 -1
135 51 -1
135 67 -1
135 70 -1
135 76 -1
135 83 -1
135 85 -1
135 93 -1
135 115 -1
135 118 -1
135 125 1
135 127 -1
135 145 -1
135 153 -1
135 161 -1
135 163 -1
135 179 1
135 183 -1
135 185 -1
136 5 -1
136 10 -1
136 18 -1
136 19 -1
136 22 -1
136 42 1
136 52 -1
136 71 -1
136 76 1
136 84 -1
136 85 -1
136 116 -1
136 119 1
136 121 -1
136 156 -1
136 161 -1
136 186 -1
136 189 -1
137 4 -1
137 15 -1
137 30 -1
137 43 -1
137 44 1
137 46 -1
137 59 1
137 68 -1
137 81 -1
137 93 -1
137 131 -1
137 160 -1
137 163 1
137 168 -1
137 169 -1
137 176 -1
137 187 -1
138 4 -1
138 13 -1
138 22 -1
138 23 -1
138 34 1
138 42 -1
138 50 -1
138 74 -1
138 81 -1
138 82 -1
138 85 -1
138 113 1
138 122 1
138 123 -1
138 141 -1
138 162 -1
138 178 1
138 183 -1
139 12 -1
139 18 -1
139 24 -1
139 33 1
139 38 -1
139 39 -1
139 49 -1
139 52 -1
139 68 -1
139 74 -1
139 78 1
139 84 -1
139 85 -1
139 96 -1
139 113 -1
139 121 -1
139 133 -1
139 157 1
139 159 1
139 178 -1
139 179 -1
139 188 -1
140 11 1
140 43 1
140 47 -1
140 51 -1
140 83 -1
140 89 1
140 108 -1
140 114 1
140 119 -1
140 124 -1
140 134 -1
140 139 -1
140 141 -1
140 146 -1
140 148 -1
140 149 -1
140 150 -1
140 152 -1
140 167 1
141 11 -1
141 61 -1
141 75 -1
141 85 -1
141 86 1
141 103 -1
141 115 -1
141 127 -1
141 135 -1
141 139 1
141 144 -1
141 164 -1
141 166 -1
141 188 -1
142 4 -1
142 19 1
142 36 -1
142 44 -1
142 51 -1
142 52 -1
142 55 -1
142 71 -1
142 96 -1
142 117 -1
142 120 -1
142 121 -1
142 133 -1
142 137 -1
142 138 1
142 152 -1
142 164 -1
142 165 -1
142 169 -1
142 170 -1
142 173 -1
142 175 -1
142 184 -1
142 187 -1
143 3 1
143 8 -1
143 10 -1
143 19 -1
143 20 -1
143 56 -1
143 70 -1
143 74 -1
143 96 -1
143 108 -1
143 118 -1
143 128 -1
143 131 -1
143 144 1
143 147 -1
143 163 -1
143 174 -1
143 178 -1
143 179 -1
143 180 -1
144 6 -1
144 11 1
144 15 -1
144 19 1
144 36 -1
144 56 -1
144 83 -1
144 86 -1
144 99 1
144 106 -1
144 107 -1
144 108 -1
144 110 -1
144 114 1
144 116 -1
144 130 -1
144 164 -1
144 172 1
144 177 -1
145 5 1
145 8 -1
145 17 -1
145 23 -1
145 28 -1
145 31 -1
145 33 -1
145 34 -1
145 36 -1
145 37 -1
145 42 1
145 45 -1
145 49 -1
145 60 -1
145 100 -1
145 117 1
145 120 -1
145 125 -1
145 127 -1
145 136 -1
145 137 1
145 143 1
145 147 -1
145 159 -1
145 172 -1
145 185 -1
145 187 1
146 3 -1
146 14 -1
146 22 -1
146 29 -1
146 35 -1
146 41 1
146 60 1
146 64 -1
146 79 -1
146 87 -1
146 100 -1
146 104 1
146 114 -1
146 143 -1
146 149 -1
146 157 -1
146 164 -1
146 165 1
146 169 -1
146 175 -1
147 7 -1
147 8 -1
147 65 -1
147 86 -1
147 90 -1
147 138 -1
147 154 -1
147 155 -1
147 156 -1
147 168 -1
147 181 -1
147 185 1
147 187 -1
148 12 -1
148 13 -1
148 22 1
148 37 -1
148 54 -1
148 87 -1
148 97 -1
148 137 1
148 161 -1
148 171 -1
148 173 -1
148 178 -1
149 6 -1
149 7 -1
149 9 -1
149 25 -1
149 29 -1
149 31 1
149 39 -1
149 54 -1
149 55 1
149 64 -1
149 70 -1
149 75 -1
149 77 -1
149 79 -1
149 93 -1
149 107 -1
149 115 1
149 130 -1
149 135 -1
149 147 -1
149 154 1
149 181 -1
149 185 -1
150 56 1
150 70 1
150 72 1
150 79 -1
150 119 1
150 124 -1
150 163 -1
150 181 1
150 185 -1
151 6 -1
151 8 -1
151 12 -1
151 14 -1
151 26 -1
151 38 -1
151 47 1
151 49 1
151 53 -1
151 72 -1
151 88 -1
151 92 1
151 110 -1
151 115 -1
151 134 -1
151 152 -1
151 169 -1
151 171 -1
151 178 -1
151 181 -1
152 12 -1
152 21 -1
152 24 -1
152 28 -1
152 44 -1
152 51 -1
152 62 -1
152 69 -1
152 76 -1
152 87 -1
152 91 1
152 92 -1
152 124 -1
152 138 -1
152 145 -1
152 148 -1
152 170 -1
152 189 -1
153 15 -1
153 50 -1
153 56 1
153 91 1
153 108 -1
153 132 -1
153 137 -1
153 168 -1
153 184 -1
153 190 -1
154 22 -1
154 23 -1
154 25 -1
154 29 1
154 33 1
154 44 -1
154 45 -1
154 47 -1
154 69 -1
154 73 1
154 77 -1
154 82 -1
154 85 -1
154 91 -1
154 101 1
154 127 -1
154 128 1
154 135 1
154 137 -1
154 153 -1
154 162 1
154 184 -1
154 186 -1
155 2 -1
155 13 -1
155 26 -1
155 27 -1
155 31 -1
155 42 -1
155 57 -1
155 63 -1
155 64 -1
155 73 -1
155 81 1
155 87 -1
155 90 -1
155 100 -1
155 109 -1
155 123 -1
155 125 -1
155 142 -1
155 145 -1
155 161 -1
155 178 -1
155 180 -1
155 184 -1
155 188 -1
156 1 1
156 14 1
156 28 -1
156 35 -1
156 49 -1
156 51 1
156 52 -1
156 55 -1
156 72 -1
156 79 -1
156 80 -1
156 97 -1
156 106 -1
156 111 -1
156 128 -1
156 150 -1
156 174 1
156 175 -1
156 177 -1
156 184 1
156 187 -1
156 189 -1
157 6 -1
157 16 -1
157 24 1
157 58 -1
157 62 1
157 64 1
157 71 1
157 73 -1
157 75 -1
157 93 -1
157 96 1
157 109 -1
157 113 -1
157 122 -1
157 131 -1
157 142 -1
157 155 -1
157 185 -1
158 3 -1
158 30 1
158 34 -1
158 37 -1
158 38 -1
158 44 -1
158 52 -1
158 57 -1
158 77 -1
158 81 -1
158 83 -1
158 86 -1
158 99 -1
158 102 -1
158 106 -1
158 114 -1
158 115 1
158 117 -1
158 120 -1
158 134 1
158 142 -1
158 147 1
158 153 1
158 162 -1
158 165 -1
158 173 -1
158 175 -1
158 178 1
158 185 -1
159 7 -1
159 8 -1
159 17 -1
159 18 -1
159 44 -1
159 63 -1
159 69 -1
159 75 -1
159 85 -1
159 116 -1
159 117 -1
159 126 -1
159 156 1
159 161 -1
159 162 -1
159 173 1
159 175 -1
159 188 -1
160 1 -1
160 4 1
160 7 -1
160 20 -1
160 37 -1
160 52 1
160 71 -1
160 103 -1
160 106 -1
160 112 -1
160 118 -1
160 150 -1
160 156 -1
160 158 -1
160 165 -1
160 166 1
160 170 -1
160 188 -1
161 12 -1
161 23 -1
161 36 1
161 38 -1
161 61 -1
161 81 -1
161 119 -1
161 131 1
161 141 -1
161 151 -1
161 165 1
161 169 1
161 183 1
161 185 -1
162 15 -1
162 22 -1
162 24 1
162 38 -1
162 45 -1
162 53 -1
162 57 -1
162 66 -1
162 70 -1
162 78 1
162 93 -1
162 95 1
162 113 -1
162 123 -1
162 130 -1
162 141 -1
162 144 -1
162 163 -1
162 170 1
162 183 -1
162 190 -1
163 2 -1
163 3 -1
163 30 -1
163 34 -1
163 56 -1
163 59 -1
163 79 -1
163 89 1
163 93 1
163 108 1
163 119 -1
163 121 -1
163 122 -1
163 142 -1
164 1 -1
164 4 -1
164 5 -1
164 7 -1
164 22 -1
164 23 1
164 28 -1
164 32 1
164 40 -1
164 60 -1
164 64 -1
164 81 -1
164 83 -1
164 92 -1
164 97 -1
164 114 -1
164 118 -1
164 130 -1
164 153 -1
164 168 -1
164 184 -1
164 189 -1
165 6 -1
165 8 -1
165 11 -1
165 16 -1
165 17 -1
165 26 -1
165 68 -1
165 72 -1
165 82 -1
165 91 -1
165 95 -1
165 110 -1
165 111 1
165 113 -1
165 118 -1
165 130 1
165 140 -1
165 171 -1
165 190 -1
166 14 -1
166 20 -1
166 36 -1
166 52 -1
166 55 -1
166 66 -1
166 77 -1
166 82 -1
166 87 -1
166 127 -1
166 156 -1
166 164 -1
166 165 1
167 7 -1
167 12 1
167 17 -1
167 29 -1
167 70 -1
167 90 1
167 102 -1
167 111 -1
167 122 -1
167 153 -1
167 159 -1
167 168 -1
167 171 -1
167 173 -1
167 179 -1
167 180 -1
167 181 -1
167 186 -1
168 54 -1
168 56 -1
168 107 -1
168 120 -1
168 134 -1
168 142 1
168 145 -1
168 154 -1
168 156 -1
168 169 -1
169 15 -1
169 17 -1
169 21 1
169 27 -1
169 34 -1
169 47 -1
169 75 -1
169 82 -1
169 91 -1
169 104 -1
169 118 -1
169 123 -1
169 128 -1
169 157 -1
169 167 -1
169 178 -1
169 185 -1
170 11 -1
170 18 -1
170 22 -1
170 29 1
170 41 -1
170 49 -1
170 63 1
170 103 -1
170 115 -1
170 120 1
170 128 -1
170 140 -1
170 146 1
170 148 1
170 153 -1
170 169 -1
170 174 -1
170 177 1
171 11 -1
171 25 -1
171 27 1
171 54 -1
171 61 -1
171 67 -1
171 71 -1
171 80 -1
171 83 -1
171 99 -1
171 102 1
171 125 1
171 131 -1
171 133 -1
171 138 -1
171 156 -1
171 157 -1
171 170 -1
172 1 -1
172 20 -1
172 25 -1
172 30 -1
172 54 -1
172 55 -1
172 57 -1
172 59 -1
172 66 -1
172 77 -1
172 81 -1
172 112 -1
172 117 -1
172 142 1
172 151 -1
172 169 -1
173 6 -1
173 25 -1
173 28 -1
173 36 -1
173 42 -1
173 46 -1
173 63 -1
173 91 -1
173 94 1
173 97 1
173 102 -1
173 114 -1
173 143 -1
173 149 1
173 150 1
173 177 1
174 14 1
174 36 -1
174 40 1
174 49 -1
174 50 -1
174 62 -1
174 91 -1
174 100 -1
174 124 1
174 137 -1
174 141 -1
174 153 -1
174 177 -1
174 183 -1
174 187 -1
175 2 -1
175 26 -1
175 29 -1
175 37 -1
175 46 -1
175 52 1
175 53 -1
175 64 1
175 67 -1
175 81 -1
175 92 -1
175 95 -1
175 98 -1
175 101 -1
175 107 -1
175 133 1
175 134 -1
175 165 -1
175 166 1
175 167 1
175 176 -1
176 6 1
176 8 -1
176 21 -1
176 30 -1
176 36 -1
176 59 -1
176 64 1
176 74 1
176 79 -1
176 87 -1
176 90 -1
176 120 1
176 129 1
176 138 -1
176 141 1
176 143 -1
176 147 1
176 157 -1
176 160 1
176 165 -1
177 2 1
177 15 1
177 24 -1
177 81 1
177 92 1
177 96 1
177 97 1
177 101 -1
177 105 -1
177 128 -1
177 140 -1
177 141 -1
177 151 -1
177 162 -1
177 167 1
177 176 -1
177 178 1
178 7 -1
178 19 -1
178 28 -1
178 53 -1
178 59 -1
178 60 1
178 95 -1
178 109 -1
178 110 -1
178 114 -1
178 118 -1
178 126 1
178 129 -1
178 160 -1
178 172 -1
178 173 -1
178 188 -1
179 1 1
179 9 -1
179 10 -1
179 25 -1
179 28 -1
179 30 -1
179 40 -1
179 44 1
179 47 -1
179 48 -1
179 51 -1
179 99 -1
179 101 -1
179 105 -1
179 109 -1
179 117 -1
179 127 -1
179 128 -1
179 153 1
179 168 -1
179 171 -1
179 175 -1
180 1 1
180 6 -1
180 13 -1
180 29 1
180 48 -1
180 50 1
180 51 -1
180 64 -1
180 68 -1
180 69 -1
180 74 -1
180 82 -1
180 88 -1
180 112 -1
180 115 -1
180 133 -1
180 137 -1
180 148 1
180 150 -1
180 160 1
180 177 1
180 189 -1
181 7 -1
181 10 -1
181 12 -1
181 21 -1
181 27 -1
181 29 -1
181 51 -1
181 62 -1
181 65 1
181 69 1
181 83 -1
181 85 -1
181 91 -1
181 102 -1
181 134 -1
181 148 -1
181 158 1
181 179 -1
182 4 -1
182 13 -1
182 23 -1
182 29 -1
182 42 -1
182 51 -1
182 56 -1
182 58 -1
182 86 -1
182 91 -1
182 94 -1
182 98 1
182 105 -1
182 110 -1
182 115 -1
182 141 1
182 154 -1
182 161 1
182 176 1
182 188 -1
183 22 1
183 25 -1
183 27 -1
183 36 -1
183 54 -1
183 55 -1
183 61 1
183 81 -1
183 82 -1
183 87 -1
183 94 -1
183 95 1
183 99 -1
183 113 -1
183 145 -1
183 157 -1
183 163 -1
183 164 -1
183 167 -1
184 7 -1
184 28 -1
184 29 -1
184 33 -1
184 36 -1
184 42 -1
184 48 1
184 49 -1
184 52 1
184 58 -1
184 59 -1
184 69 -1
184 71 -1
184 85 -1
184 92 -1
184 95 -1
184 100 -1
184 103 -1
184 110 -1
184 116 -1
184 118 1
184 122 -1
184 148 -1
184 150 -1
184 152 1
184 169 -1
184 181 -1
185 1 -1
185 10 -1
185 15 -1
185 24 1
185 43 -1
185 52 -1
185 58 -1
185 66 -1
185 80 -1
185 96 -1
185 98 -1
185 152 -1
185 156 -1
185 166 -1
185 174 -1
185 179 -1
185 181 -1
186 11 -1
186 32 -1
186 33 -1
186 46 -1
186 47 1
186 49 -1
186 72 -1
186 77 -1
186 88 1
186 89 1
186 101 1
186 112 -1
186 143 -1
186 155 -1
186 173 -1
187 6 -1
187 12 -1
187 43 -1
187 57 -1
187 61 1
187 65 -1
187 79 -1
187 82 -1
187 97 -1
187 103 -1
187 122 -1
187 130 -1
187 131 -1
187 133 -1
187 139 1
187 143 -1
187 154 -1
187 155 1
187 172 1
187 175 -1
187 180 -1
187 186 1
188 1 -1
188 10 -1
188 31 -1
188 36 -1
188 40 -1
188 50 -1
188 53 1
188 56 -1
188 65 -1
188 68 -1
188 70 1
188 75 -1
188 76 -1
188 77 1
188 84 1
188 87 -1
188 95 -1
188 104 -1
188 110 -1
188 119 -1
188 131 -1
188 135 -1
188 156 1
188 167 -1
188 168 -1
188 169 -1
188 170 -1
189 8 -1
189 40 1
189 49 -1
189 51 1
189 55 -1
189 58 -1
189 68 1
189 71 1
189 84 -1
189 91 -1
189 111 -1
189 119 -1
189 120 -1
189 127 -1
189 173 -1
189 188 1
189 190 -1
190 14 -1
190 59 -1
190 61 -1
190 73 -1
190 74 -1
190 90 1
190 99 -1
190 100 1
190 106 -1
190 112 1
190 113 -1
190 114 1
190 117 1
190 131 -1
190 132 -1
190 133 1
190 147 -1
190 157 -1
190 159 -1
190 163 -1
190 173 -1
190 187 -1
