vertices: 50 edges: 245
1 17 -1
1 33 1
1 48 1
2 6 1
2 32 1
3 6 -1
3 12 1
3 18 1
3 21 -1
3 26 -1
3 42 -1
4 11 -1
4 12 1
4 46 1
5 22 1
5 29 -1
6 12 -1
6 36 1
6 40 1
6 41 1
6 46 -1
6 48 -1
7 34 1
7 43 -1
7 48 -1
8 10 1
8 23 -1
8 39 -1
9 13 -1
9 30 -1
9 40 -1
9 50 -1
10 3 1
10 5 -1
10 6 -1
10 14 1
10 22 -1
10 24 1
10 27 1
10 34 1
10 38 -1
11 30 -1
12 1 -1
12 11 1
12 16 1
12 18 -1
12 28 -1
13 10 -1
13 26 1
13 34 -1
13 38 1
13 46 1
14 2 1
14 9 -1
14 16 -1
14 34 1
14 35 -1
15 2 -1
15 19 -1
15 20 -1
15 21 -1
15 35 1
16 4 1
16 19 1
16 32 -1
17 8 -1
17 19 1
17 34 1
17 47 1
18 10 -1
18 13 -1
18 32 -1
18 40 1
18 41 -1
19 4 1
19 22 1
19 26 1
19 41 -1
20 1 1
20 17 1
20 26 -1
20 46 -1
20 47 1
20 49 -1
21 11 1
21 12 -1
21 49 1
22 3 -1
22 4 -1
22 13 -1
22 15 1
22 26 -1
22 27 -1
22 30 -1
22 36 -1
22 39 -1
22 45 1
23 4 1
23 19 -1
23 27 1
23 32 1
23 39 -1
23 42 -1
23 46 -1
24 13 1
24 17 -1
24 18 1
24 20 -1
25 5 -1
25 31 1
25 39 -1
25 47 1
25 50 1
26 17 1
26 27 1
26 38 -1
26 42 -1
26 44 -1
26 49 -1
27 21 -1
27 28 1
27 31 -1
27 42 -1
28 1 1
28 44 -1
29 7 1
29 11 1
29 12 1
29 16 -1
29 18 1
29 21 1
29 22 -1
29 30 1
29 31 -1
29 45 1
30 48 -1
31 15 1
31 16 -1
31 20 -1
31 40 1
31 42 1
31 49 -1
32 6 -1
32 10 1
32 12 1
32 14 1
32 45 1
32 49 1
33 8 -1
33 16 -1
33 30 -1
33 36 1
33 46 1
34 4 -1
34 18 -1
34 19 -1
34 21 -1
34 27 -1
34 35 -1
34 39 -1
34 48 -1
34 50 -1
35 16 1
35 24 -1
35 27 -1
36 8 1
36 14 1
36 17 -1
36 40 -1
37 9 1
37 21 -1
37 46 1
37 47 1
38 3 -1
38 8 1
38 18 -1
38 31 1
39 11 -1
39 15 -1
39 18 1
39 21 1
39 24 1
39 27 1
39 37 1
39 44 1
40 27 -1
40 35 1
40 43 -1
40 50 1
41 10 -1
41 11 1
41 17 1
41 23 1
41 25 -1
41 32 1
41 33 1
41 34 1
41 36 1
41 38 1
41 40 -1
41 42 1
42 2 1
42 6 -1
42 16 -1
42 17 1
42 21 -1
42 28 -1
42 30 1
42 38 -1
42 47 1
42 48 -1
42 49 1
43 10 1
43 25 -1
43 44 1
43 49 1
44 3 1
44 4 -1
44 21 -1
44 22 1
44 24 -1
44 35 1
44 36 1
44 50 1
45 7 1
45 25 1
45 33 1
45 43 1
45 47 -1
46 8 1
46 15 1
46 18 1
46 30 1
46 45 1
47 43 1
48 2 1
48 15 1
48 19 1
48 41 -1
48 46 1
49 17 -1
49 23 -1
49 30 -1
49 41 -1
50 17 1
