vertices: 70 edges: 483
1 9 1
1 12 1
1 14 1
1 22 1
1 24 -1
1 39 -1
1 49 1
1 52 1
1 53 1
1 62 1
2 13 1
2 29 1
2 39 1
2 51 1
2 52 1
2 66 1
2 67 -1
2 69 -1
3 10 -1
3 11 -1
3 14 1
3 19 1
3 21 1
3 25 1
3 34 1
3 40 1
3 58 1
4 5 1
4 10 1
4 30 -1
4 35 -1
4 62 -1
4 70 1
5 19 -1
5 47 -1
5 50 1
5 60 1
5 70 1
6 8 1
6 13 1
6 22 1
6 26 1
6 27 1
6 48 1
6 55 1
6 63 1
7 4 1
7 19 -1
7 26 1
7 39 1
7 42 -1
7 49 1
7 52 1
8 10 1
8 11 -1
8 18 -1
8 26 1
8 36 1
8 51 1
8 54 1
8 60 1
9 21 -1
9 65 1
10 5 1
10 12 -1
10 27 1
10 29 1
10 34 1
10 38 1
10 39 1
10 55 -1
10 66 1
11 4 1
11 23 1
11 59 1
12 3 1
12 26 1
12 50 1
12 60 1
13 14 1
13 38 1
13 61 1
13 62 1
13 66 -1
14 12 1
14 16 1
14 46 1
14 52 -1
14 61 -1
14 62 1
14 68 1
15 6 -1
15 16 1
15 23 1
15 31 1
15 36 -1
15 41 -1
15 54 -1
15 55 -1
15 59 1
15 61 1
15 64 1
16 4 1
16 7 -1
16 30 1
16 37 1
16 42 1
16 61 -1
17 1 -1
17 2 1
17 14 1
17 18 1
17 22 -1
17 31 -1
17 40 1
17 52 1
17 55 -1
17 58 1
17 62 1
17 63 1
18 6 1
18 29 1
18 45 1
18 47 1
18 62 -1
19 22 1
19 31 1
19 36 1
19 43 1
19 48 1
20 7 1
20 27 1
20 32 1
20 37 1
20 45 1
20 48 1
20 51 1
20 52 1
20 56 1
21 20 1
21 26 1
21 44 -1
21 55 1
21 59 1
21 70 1
22 27 -1
22 47 1
22 66 1
22 67 1
23 10 1
23 16 -1
23 18 1
23 19 1
23 21 1
23 22 1
23 37 1
23 70 1
24 3 1
24 9 1
24 36 1
24 40 1
24 54 1
24 67 1
25 6 -1
25 12 -1
25 28 1
25 29 1
25 51 1
26 14 1
26 30 1
26 38 1
26 47 1
26 48 -1
26 61 1
26 66 1
26 67 1
27 3 1
27 13 1
27 16 1
27 17 1
27 19 1
27 24 1
27 26 1
27 32 -1
27 37 1
27 39 1
27 50 1
27 54 1
27 59 1
27 68 1
27 69 1
28 3 1
28 18 1
28 40 1
28 44 1
28 61 1
28 69 1
29 7 1
29 9 1
29 22 1
29 27 1
29 32 1
29 39 -1
29 53 1
29 67 1
30 8 1
30 9 1
30 24 1
30 29 1
30 31 1
30 43 -1
30 57 1
31 1 1
31 6 1
31 18 1
31 27 1
31 28 1
31 29 -1
31 34 1
31 48 1
31 55 -1
31 57 1
31 63 1
31 68 1
31 70 -1
32 2 -1
32 6 1
32 12 1
32 18 1
32 19 1
32 23 1
32 25 1
32 38 1
32 61 1
33 11 1
33 19 1
33 25 1
33 37 1
33 39 -1
33 41 1
33 55 1
33 63 1
34 12 1
34 24 1
34 37 1
34 39 -1
34 40 1
34 46 -1
34 47 1
34 52 -1
34 54 1
34 56 1
34 62 1
34 67 1
34 68 1
34 69 1
35 9 -1
35 13 1
35 27 1
35 36 1
35 52 1
36 9 1
36 11 1
36 13 1
36 26 1
36 28 1
36 30 1
36 32 1
36 33 1
36 37 -1
36 46 1
36 48 1
36 49 1
36 60 1
36 61 1
37 2 1
37 3 1
37 25 1
37 41 1
37 51 -1
37 57 -1
37 58 1
37 61 1
37 64 1
37 66 1
37 69 1
38 2 1
38 15 1
38 21 1
38 46 1
38 50 1
38 63 1
39 4 -1
39 28 1
39 57 1
40 5 1
40 15 -1
40 22 -1
40 33 1
40 44 1
40 45 1
40 53 1
40 58 -1
40 59 1
40 63 1
41 10 1
41 25 -1
41 30 1
41 57 1
41 62 1
41 70 1
42 25 1
42 33 1
42 56 -1
43 11 1
43 14 1
43 15 1
43 16 -1
43 25 1
43 29 -1
43 33 1
43 42 -1
43 69 -1
44 1 1
44 2 1
44 11 1
44 33 1
44 41 1
44 49 1
44 59 1
44 65 1
45 4 1
45 13 -1
45 67 1
46 5 1
46 6 1
46 27 1
46 28 -1
46 67 1
47 8 1
47 14 1
47 17 1
47 24 1
47 60 1
47 65 1
48 10 -1
48 11 1
48 13 -1
48 29 1
48 30 1
48 42 1
49 2 1
49 6 1
49 11 1
49 40 1
49 56 1
49 61 1
50 8 -1
50 16 1
50 31 1
50 32 1
50 34 -1
50 35 1
50 36 1
50 45 1
50 51 1
50 58 1
50 69 1
51 4 1
51 10 -1
51 38 1
51 40 1
51 42 1
52 38 1
52 43 1
53 6 1
53 13 1
53 21 -1
53 31 1
53 32 1
53 48 -1
54 2 1
54 23 -1
54 43 -1
54 52 -1
54 56 1
54 57 1
54 65 1
55 5 1
55 7 1
55 13 1
55 26 1
55 28 -1
55 30 1
55 60 1
56 28 1
56 36 1
56 51 1
56 69 -1
57 2 -1
57 4 1
57 7 1
57 17 1
57 18 1
57 24 1
57 29 1
57 32 1
57 33 -1
57 35 1
57 63 1
58 6 1
58 15 1
58 41 1
58 44 -1
58 60 1
58 65 1
59 6 1
59 18 1
59 20 -1
59 28 1
59 47 1
59 51 -1
60 16 -1
60 22 1
60 35 1
60 53 1
61 4 1
61 7 1
61 9 1
61 11 1
61 31 1
61 51 -1
61 64 1
62 22 1
62 24 1
62 30 1
62 36 1
62 66 1
63 23 1
63 27 1
63 30 1
63 42 1
63 46 1
63 56 1
63 59 -1
64 10 1
64 31 1
64 32 1
64 33 1
64 40 -1
64 44 1
65 12 1
65 37 1
65 49 1
65 52 1
65 57 -1
65 66 1
66 27 1
66 42 1
66 48 -1
66 58 1
67 16 1
67 32 1
67 53 1
68 5 1
68 16 1
68 20 1
68 35 -1
68 49 -1
68 51 1
68 54 1
69 10 1
69 14 1
69 16 1
69 21 1
69 22 -1
69 65 1
69 67 -1
70 28 1
70 36 1
70 37 -1
70 46 -1
70 51 1
