vertices: 110 edges: 1199
1 12 1
1 28 1
1 41 1
1 51 1
1 59 1
1 66 -1
1 67 1
1 72 1
1 77 1
1 97 1
2 5 1
2 6 1
2 9 1
2 15 1
2 24 1
2 32 1
2 53 1
2 58 1
2 77 1
2 92 1
2 105 -1
3 28 -1
3 53 1
3 59 1
3 68 1
3 103 1
4 16 1
4 21 -1
4 25 -1
4 41 -1
4 51 -1
4 61 1
4 62 1
4 71 1
4 79 1
4 85 -1
4 100 1
4 108 -1
4 110 1
5 20 -1
5 22 -1
5 38 1
5 44 1
5 48 1
5 57 -1
5 73 1
5 85 1
5 88 1
5 89 1
5 97 1
5 100 1
5 105 1
6 29 1
6 38 1
6 49 1
6 62 1
6 73 -1
6 77 1
6 79 1
6 82 1
6 97 1
6 103 1
6 108 1
7 1 1
7 12 1
7 14 1
7 30 1
7 45 1
7 46 1
7 51 -1
7 52 1
7 58 1
7 70 1
7 77 -1
7 82 1
7 86 -1
7 110 1
8 5 1
8 9 1
8 62 1
8 94 1
8 105 1
8 106 1
9 4 1
9 10 1
9 16 1
9 21 1
9 27 1
9 42 1
9 43 1
9 48 1
9 50 1
9 59 1
9 65 1
9 67 -1
9 85 1
9 89 1
9 96 1
9 106 1
10 11 1
10 14 1
10 27 1
10 35 -1
10 36 -1
10 43 1
10 52 1
10 63 1
10 64 -1
10 65 -1
10 106 1
11 17 1
11 36 1
11 42 1
11 54 -1
11 56 -1
11 72 1
11 87 1
11 96 1
11 100 -1
11 104 1
11 110 1
12 11 1
12 27 1
12 37 -1
12 38 1
12 65 1
12 66 1
12 72 1
12 74 1
12 85 -1
12 86 1
12 95 -1
13 16 -1
13 17 1
13 40 -1
13 48 1
13 54 1
13 62 -1
13 100 1
13 106 1
14 5 -1
14 22 1
14 48 1
14 72 1
14 88 1
14 91 -1
14 110 1
15 5 1
15 20 1
15 29 1
15 32 1
15 36 1
15 50 1
15 61 1
15 62 1
15 72 1
15 80 -1
15 86 1
16 17 1
16 22 1
16 32 1
16 35 1
16 59 1
16 64 1
16 82 1
16 90 1
16 100 1
17 35 1
17 60 1
17 69 1
17 73 1
17 92 1
17 97 1
17 99 -1
17 107 1
18 11 1
18 16 1
18 19 1
18 34 1
18 37 1
18 41 -1
18 60 -1
18 68 1
18 85 1
19 8 1
19 17 1
19 23 1
19 31 1
19 68 1
19 93 -1
19 109 1
20 7 -1
20 28 1
20 30 1
20 41 1
20 45 -1
20 57 1
20 72 -1
20 76 1
20 77 -1
20 86 -1
20 103 1
21 2 -1
21 8 1
21 30 -1
21 31 -1
21 41 1
21 45 1
21 46 -1
21 49 1
21 78 1
22 17 1
22 35 -1
22 40 1
22 64 1
22 83 1
23 14 1
23 22 1
23 30 1
23 48 1
23 49 1
23 55 1
23 59 1
23 62 1
23 65 1
23 79 1
23 85 1
23 88 1
24 6 1
24 10 -1
24 27 1
24 33 1
24 38 -1
24 74 1
24 75 1
24 80 1
24 108 1
25 31 1
25 40 -1
25 41 1
25 45 -1
25 56 1
25 62 1
25 63 1
25 66 1
25 72 1
25 80 1
25 87 1
25 95 1
26 6 1
26 10 -1
26 16 -1
26 19 1
26 32 1
26 40 1
26 56 1
26 86 1
26 92 -1
26 107 -1
27 4 -1
27 8 1
27 11 1
27 14 1
27 31 -1
27 41 -1
27 52 1
27 61 -1
27 62 1
27 64 1
27 70 1
27 80 -1
28 16 -1
28 18 1
28 52 1
28 65 1
28 73 -1
28 75 1
28 91 1
28 93 1
28 102 1
28 106 1
28 110 1
29 5 1
29 17 1
29 42 1
29 43 1
29 47 1
29 56 1
29 64 1
29 72 -1
29 77 1
29 88 -1
29 101 1
29 102 1
29 103 1
29 109 1
29 110 1
30 3 1
30 12 1
30 19 1
30 29 -1
30 44 1
30 47 1
30 60 1
30 65 1
30 69 1
30 80 1
30 85 -1
30 86 -1
30 93 1
30 99 1
30 104 1
31 8 1
31 13 1
31 16 1
31 20 1
31 35 1
31 37 1
31 43 -1
31 53 1
31 68 1
31 73 1
31 77 1
31 83 1
31 84 1
31 88 1
31 93 1
31 103 1
31 106 1
31 108 1
32 6 1
32 17 -1
32 24 1
32 36 1
32 37 -1
32 38 1
32 57 1
32 58 1
32 89 1
32 94 1
32 100 1
33 1 -1
33 2 1
33 8 1
33 13 1
33 17 1
33 30 1
33 32 1
33 35 1
33 39 1
33 41 1
33 68 -1
33 78 1
33 89 1
33 95 1
33 97 1
34 2 1
34 3 1
34 21 1
34 22 -1
34 33 1
34 35 -1
34 42 -1
35 8 1
35 24 1
35 68 -1
35 101 -1
36 24 1
36 30 1
36 38 1
36 42 1
36 46 1
36 54 1
36 63 1
37 3 1
37 26 1
37 27 1
37 34 1
37 39 1
37 71 1
37 88 1
37 92 1
37 100 1
37 105 1
38 43 1
38 45 1
38 53 1
38 66 1
38 71 1
38 77 1
38 78 1
38 84 1
39 14 1
39 21 -1
39 22 1
39 24 -1
39 26 1
39 27 -1
39 51 -1
39 73 -1
39 84 1
39 86 -1
39 92 -1
39 102 -1
39 109 1
40 6 1
40 19 1
40 23 -1
40 24 1
40 28 1
40 56 1
40 66 -1
40 71 1
40 87 1
40 88 1
40 96 1
40 104 1
40 107 1
41 3 1
41 30 -1
41 39 1
41 45 1
41 47 1
41 105 -1
42 2 1
42 24 -1
42 40 1
42 54 1
42 55 -1
42 69 1
42 70 -1
42 88 1
42 93 1
42 95 1
42 102 1
42 103 1
42 105 1
43 12 1
43 16 1
43 18 -1
43 50 -1
43 92 -1
43 93 1
43 100 1
43 105 1
43 107 -1
44 4 1
44 10 1
44 28 1
44 46 -1
44 50 1
44 61 1
44 62 1
44 75 -1
44 100 1
44 101 -1
44 104 1
45 2 -1
45 14 -1
45 27 1
45 40 1
45 66 1
45 71 1
45 72 1
45 101 1
46 6 -1
46 13 1
46 30 1
46 34 -1
46 51 1
46 62 1
46 68 1
46 77 1
46 87 1
47 15 1
47 16 1
47 18 1
47 34 -1
47 37 1
47 43 1
47 67 1
47 90 1
47 95 1
48 3 1
48 6 1
48 27 1
48 36 1
48 40 1
48 58 1
48 60 1
48 65 1
48 71 1
48 87 1
49 4 -1
49 8 -1
49 37 1
49 38 -1
49 56 1
49 81 1
49 94 -1
49 96 1
49 105 -1
50 7 1
50 12 1
50 13 1
50 19 1
50 22 1
50 36 -1
50 40 -1
50 71 1
50 74 1
50 84 1
50 95 1
50 100 1
51 10 1
51 19 1
51 23 -1
51 24 1
51 25 1
51 34 1
51 42 -1
51 49 1
51 58 -1
51 76 1
51 77 -1
51 79 1
51 83 -1
51 85 1
51 94 -1
52 1 1
52 9 -1
52 12 1
52 33 -1
52 51 1
52 53 -1
52 65 1
52 66 -1
52 73 1
52 74 1
52 81 1
52 85 1
52 86 1
52 88 1
52 92 1
52 95 1
52 99 1
52 100 -1
52 106 1
52 108 1
53 10 1
53 11 1
53 12 1
53 22 -1
53 23 1
53 25 1
53 39 1
53 40 -1
53 46 1
53 47 1
53 49 1
53 50 1
53 56 1
53 58 1
53 67 -1
53 68 1
53 70 -1
53 73 1
53 80 1
53 82 1
53 86 1
53 91 1
53 93 1
53 95 1
53 96 1
53 97 1
53 106 -1
54 4 -1
54 7 1
54 12 -1
54 19 1
54 29 1
54 73 1
54 100 -1
55 12 1
55 20 1
55 21 1
55 38 1
55 48 1
55 52 1
55 54 1
55 58 1
55 68 -1
55 77 1
55 88 -1
55 94 1
55 104 1
55 106 1
56 7 -1
56 22 1
56 32 -1
56 37 1
56 70 -1
56 78 1
56 85 1
56 101 -1
56 106 1
56 109 1
57 4 1
57 17 -1
57 36 1
57 44 1
57 46 1
57 86 1
57 98 -1
57 104 1
58 5 1
58 14 -1
58 27 1
58 33 1
58 38 -1
58 64 1
58 65 1
58 73 1
58 75 1
58 79 1
58 81 1
58 89 1
58 93 1
59 12 1
59 15 1
59 21 1
59 26 -1
59 63 1
59 64 1
59 71 1
59 95 1
59 97 1
59 99 1
59 100 1
59 110 1
60 21 1
60 26 1
60 27 1
60 29 1
60 40 1
60 47 1
60 49 1
60 64 1
60 66 1
60 77 1
60 100 1
61 12 1
61 13 -1
61 14 1
61 19 -1
61 21 1
61 33 1
61 47 1
61 53 1
61 59 1
61 64 1
61 75 1
61 88 -1
61 97 1
61 100 1
62 5 -1
62 43 1
62 45 1
62 49 1
62 57 1
62 58 1
62 75 -1
63 14 1
63 41 1
63 51 -1
63 55 1
63 61 1
63 77 -1
63 82 1
63 84 1
63 109 1
64 3 1
64 4 1
64 12 1
64 30 1
64 44 1
64 57 1
64 67 1
64 69 -1
64 86 1
64 93 1
64 104 1
65 20 1
65 29 1
65 33 1
65 92 1
65 100 1
66 3 1
66 4 -1
66 34 -1
66 36 1
66 44 1
66 54 1
66 70 1
66 76 1
66 80 1
66 83 1
66 95 1
66 97 1
67 5 1
67 8 1
67 18 -1
67 51 1
67 55 1
67 68 -1
67 73 1
67 75 1
67 82 -1
67 84 1
67 103 1
67 108 -1
68 34 1
68 57 -1
68 65 1
68 88 1
68 92 1
68 94 -1
68 98 1
68 109 1
69 4 1
69 24 1
69 68 -1
69 78 1
69 82 1
69 90 1
70 8 -1
70 26 1
70 40 1
70 47 -1
70 74 -1
70 75 1
70 85 1
70 88 1
70 96 1
70 99 1
70 101 1
70 102 -1
71 10 1
71 17 1
71 22 1
71 39 1
71 64 1
71 76 1
71 89 1
72 5 1
72 32 1
72 55 1
72 73 1
72 74 1
72 86 1
72 92 -1
72 94 1
72 107 1
72 110 -1
73 3 1
73 13 1
73 20 1
73 23 -1
73 38 1
73 41 1
73 45 1
73 46 1
73 78 1
73 86 1
73 95 1
73 109 1
73 110 1
74 29 1
74 33 1
74 55 1
74 58 -1
74 66 1
74 67 1
74 76 1
74 104 1
74 109 1
75 7 1
75 8 1
75 9 1
75 23 -1
75 26 -1
75 27 1
75 30 1
75 37 -1
75 77 1
75 81 -1
75 86 1
75 102 -1
75 105 1
75 107 -1
76 5 1
76 25 1
76 40 1
76 43 1
76 44 1
76 58 -1
76 59 1
76 72 1
76 75 1
76 93 -1
76 108 -1
77 14 1
77 35 1
77 40 1
77 59 1
77 61 1
77 65 1
77 67 -1
77 68 1
77 85 1
77 107 -1
78 15 1
78 26 1
78 35 -1
78 52 -1
78 55 1
78 107 -1
79 9 1
79 14 1
79 17 1
79 36 1
79 43 1
79 54 -1
79 57 1
79 59 1
79 69 -1
79 95 1
79 102 1
79 105 1
80 7 1
80 16 1
80 17 -1
80 55 1
80 67 1
80 91 -1
80 94 1
80 97 1
80 99 1
80 102 1
81 7 -1
81 16 1
81 34 1
81 43 1
81 69 1
81 70 1
81 76 1
81 78 1
81 85 1
81 90 -1
81 93 1
81 108 -1
82 2 1
82 4 1
82 5 1
82 10 1
82 12 1
82 19 1
82 39 1
82 45 -1
82 59 1
82 65 -1
82 75 1
82 81 1
82 86 1
82 89 1
82 95 1
82 96 1
82 97 1
82 109 1
83 6 1
83 24 1
83 29 1
83 32 1
83 34 -1
83 64 1
83 80 1
83 84 1
83 88 1
84 1 1
84 15 1
84 16 1
84 17 -1
84 21 1
84 32 1
84 45 1
84 51 1
84 60 1
84 69 1
84 75 1
84 76 1
84 92 -1
84 96 1
84 97 1
84 103 1
85 6 -1
85 14 1
85 22 -1
85 26 1
85 46 1
85 57 1
85 69 -1
85 88 1
86 21 1
86 29 1
86 35 1
86 54 1
86 59 -1
86 74 1
86 78 1
86 94 1
86 98 1
86 100 1
86 101 1
86 110 -1
87 6 1
87 8 -1
87 34 1
87 35 -1
87 38 1
87 44 1
87 56 1
87 71 1
87 72 1
87 84 1
87 86 1
87 98 -1
87 102 1
88 3 1
88 7 1
88 12 1
88 15 1
88 24 1
88 33 1
88 35 1
88 39 -1
88 46 1
88 62 1
88 65 1
88 78 1
88 103 1
88 106 1
89 4 -1
89 30 1
89 51 -1
89 61 1
89 63 1
89 68 1
89 100 -1
90 19 -1
90 21 -1
90 23 1
90 30 1
90 46 1
90 49 1
90 50 1
90 59 1
90 68 1
90 71 -1
90 73 1
90 94 1
90 106 1
90 110 1
91 20 -1
91 23 -1
91 24 1
91 26 1
91 35 1
91 36 1
91 52 -1
91 65 1
91 70 -1
91 75 1
91 87 1
91 89 1
91 94 1
91 106 1
91 109 1
92 30 1
92 41 -1
92 44 -1
92 48 1
92 53 1
92 57 1
92 69 1
92 83 1
92 87 1
92 94 1
92 98 1
93 55 1
93 75 1
93 83 1
93 91 1
93 98 1
94 14 1
94 19 1
94 33 1
94 35 1
94 38 1
94 43 1
94 87 -1
94 97 -1
94 98 -1
94 109 1
95 1 1
95 7 1
95 10 -1
95 11 -1
95 13 1
95 21 1
95 30 1
95 32 1
95 46 -1
95 78 1
95 107 -1
95 110 1
96 13 1
96 18 1
96 24 -1
96 29 1
96 32 1
96 39 1
96 61 -1
96 63 1
96 76 -1
96 83 -1
97 10 1
97 12 1
97 42 1
97 52 1
97 65 1
97 74 1
97 77 1
97 93 1
97 101 1
97 110 1
98 1 -1
98 8 1
98 24 1
98 28 1
98 45 1
98 50 1
98 51 1
98 58 1
98 97 1
99 4 1
99 6 1
99 15 1
99 16 -1
99 22 1
99 24 -1
99 31 1
99 51 -1
99 67 1
99 68 1
99 72 -1
99 85 1
99 94 1
100 2 1
100 7 1
100 10 1
100 15 1
100 17 1
100 26 -1
100 35 1
100 38 1
100 75 1
100 80 1
100 83 -1
100 97 1
100 99 -1
100 102 1
100 110 1
101 1 1
101 2 1
101 17 1
101 27 1
101 71 1
101 82 1
102 8 -1
102 12 1
102 21 1
102 32 -1
102 35 -1
102 38 1
102 52 1
102 57 1
102 68 -1
102 92 1
102 106 1
103 8 1
103 11 -1
103 12 -1
103 18 -1
103 21 -1
103 45 1
103 58 -1
103 66 1
103 78 1
103 81 -1
103 102 1
103 107 1
104 4 1
104 15 1
104 16 1
104 25 1
104 28 1
104 48 -1
104 51 1
104 54 1
104 60 1
104 73 1
104 77 1
104 91 1
104 96 1
104 103 -1
104 108 1
105 7 1
105 10 1
105 12 1
105 15 1
105 18 1
105 23 1
105 39 1
105 48 1
105 64 1
105 69 -1
105 70 1
105 72 1
105 78 1
105 84 1
105 90 1
105 98 1
105 101 1
105 103 1
106 21 1
106 34 -1
106 35 1
106 37 -1
106 42 -1
106 44 -1
106 58 1
106 63 -1
106 68 1
106 71 1
106 73 1
106 79 1
106 81 -1
106 84 1
106 96 1
106 99 1
106 104 1
106 109 1
107 2 1
107 15 -1
107 31 -1
107 62 1
107 84 1
107 91 1
107 105 1
108 12 1
108 18 1
108 27 1
108 33 1
108 36 1
108 42 1
108 44 1
108 55 -1
108 57 1
108 61 1
108 70 1
108 96 1
108 97 1
109 4 1
109 9 1
109 13 1
109 15 -1
109 41 1
109 59 1
109 71 1
109 101 1
109 103 1
110 18 1
110 37 1
110 41 -1
110 54 1
110 63 1
110 64 -1
110 70 1
110 75 1
