vertices: 30 edges: 87
1 3 -1
1 6 -1
1 22 -1
1 26 1
1 29 -1
2 25 -1
2 30 -1
3 4 1
3 8 -1
3 12 1
4 17 -1
4 20 1
5 21 -1
5 23 -1
6 26 1
7 6 -1
7 19 1
7 28 1
8 4 -1
8 24 -1
10 25 -1
10 28 -1
11 8 1
11 19 1
12 7 1
12 21 1
13 9 -1
13 11 -1
14 9 -1
14 10 1
14 13 -1
14 16 -1
15 4 -1
15 11 -1
15 27 -1
16 2 -1
16 15 1
16 27 -1
17 10 -1
17 11 1
17 12 1
17 14 -1
17 20 -1
18 1 -1
18 11 1
18 17 -1
18 19 1
18 24 -1
18 25 -1
18 27 -1
18 30 -1
19 5 1
19 9 -1
19 14 -1
20 1 -1
20 11 -1
20 13 -1
20 16 -1
20 25 -1
20 26 -1
21 13 -1
21 24 -1
22 14 -1
23 1 -1
23 9 -1
23 24 -1
23 28 -1
24 19 -1
25 1 -1
25 23 1
25 30 -1
26 2 -1
26 9 1
26 14 -1
26 17 -1
27 3 -1
27 12 -1
27 14 -1
28 1 -1
28 4 -1
28 12 -1
29 28 -1
30 14 -1
30 15 -1
30 19 -1
30 23 -1
30 29 1
