vertices: 190 edges: 8977
1 2 1
1 5 1
1 8 1
1 10 -1
1 12 1
1 14 1
1 15 1
1 19 -1
1 23 1
1 24 1
1 26 -1
1 29 1
1 33 1
1 37 1
1 48 1
1 50 -1
1 53 1
1 58 -1
1 62 1
1 64 -1
1 67 -1
1 69 -1
1 85 1
1 91 1
1 94 1
1 100 1
1 101 1
1 106 1
1 116 1
1 123 1
1 132 1
1 133 1
1 134 1
1 137 1
1 138 1
1 139 1
1 141 -1
1 143 -1
1 144 1
1 146 -1
1 151 1
1 152 1
1 153 1
1 156 1
1 162 1
1 164 1
1 166 1
1 172 1
1 180 1
1 185 -1
1 188 1
2 6 1
2 12 -1
2 14 1
2 16 1
2 17 1
2 24 1
2 42 1
2 59 1
2 63 -1
2 66 1
2 68 1
2 71 1
2 73 1
2 75 -1
2 78 1
2 91 1
2 93 1
2 103 1
2 104 1
2 115 -1
2 117 1
2 118 1
2 122 1
2 128 -1
2 131 1
2 139 1
2 143 1
2 144 1
2 162 -1
2 163 -1
2 164 1
2 171 1
2 181 1
2 182 -1
2 190 1
3 1 1
3 2 1
3 5 1
3 6 1
3 15 1
3 18 1
3 23 1
3 24 1
3 39 1
3 42 1
3 44 1
3 46 -1
3 48 1
3 55 -1
3 68 1
3 78 1
3 79 1
3 81 1
3 87 1
3 88 1
3 90 1
3 106 1
3 110 -1
3 111 1
3 115 1
3 118 1
3 125 1
3 128 1
3 135 1
3 137 1
3 138 -1
3 139 1
3 142 1
3 143 -1
3 146 1
3 154 -1
3 155 1
3 157 1
3 158 1
3 164 1
3 172 1
3 174 -1
3 175 1
3 181 1
3 189 1
3 190 1
4 5 1
4 9 1
4 16 1
4 20 -1
4 21 -1
4 24 1
4 25 1
4 27 1
4 29 -1
4 34 1
4 38 1
4 46 1
4 51 1
4 56 1
4 62 1
4 66 -1
4 70 1
4 71 1
4 75 1
4 79 1
4 85 1
4 92 -1
4 93 1
4 100 1
4 101 1
4 105 1
4 111 -1
4 112 1
4 114 1
4 121 -1
4 136 -1
4 143 1
4 144 1
4 145 -1
4 146 -1
4 148 1
4 155 1
4 156 1
4 162 1
4 165 -1
4 166 1
4 167 1
4 172 1
4 176 1
4 177 1
4 179 1
4 184 -1
4 185 1
4 186 -1
4 187 1
5 7 -1
5 9 1
5 11 1
5 17 1
5 22 1
5 23 -1
5 24 1
5 30 1
5 37 -1
5 38 1
5 45 1
5 48 1
5 51 1
5 52 1
5 54 1
5 58 1
5 65 1
5 74 -1
5 77 1
5 81 1
5 82 1
5 83 1
5 87 1
5 89 1
5 90 1
5 91 1
5 92 1
5 94 1
5 97 1
5 100 -1
5 104 1
5 105 1
5 111 -1
5 112 1
5 116 1
5 121 1
5 125 -1
5 127 1
5 128 1
5 132 1
5 143 1
5 150 1
5 162 1
5 168 1
5 169 1
5 172 1
5 176 1
5 185 1
5 186 1
5 187 1
5 190 1
6 1 1
6 4 1
6 5 1
6 7 1
6 9 1
6 16 -1
6 25 1
6 29 1
6 30 1
6 31 1
6 33 1
6 34 1
6 35 1
6 40 1
6 41 1
6 43 -1
6 44 1
6 46 -1
6 51 1
6 54 1
6 58 1
6 71 1
6 77 1
6 85 1
6 86 1
6 87 1
6 90 1
6 91 -1
6 97 1
6 99 1
6 110 -1
6 111 1
6 115 1
6 116 -1
6 123 1
6 125 1
6 133 -1
6 135 1
6 136 1
6 138 -1
6 140 1
6 155 1
6 159 1
6 169 1
6 171 1
6 172 1
6 176 1
6 178 1
6 181 1
6 185 1
7 1 1
7 3 1
7 9 1
7 10 1
7 17 1
7 20 1
7 21 1
7 32 -1
7 33 -1
7 34 1
7 55 -1
7 59 1
7 61 1
7 65 1
7 66 -1
7 69 1
7 71 1
7 73 1
7 74 1
7 80 1
7 88 1
7 89 1
7 93 1
7 106 1
7 108 1
7 109 1
7 113 1
7 115 1
7 122 1
7 124 -1
7 134 1
7 151 1
7 162 1
7 164 -1
7 167 1
7 170 1
7 179 1
7 182 1
7 185 1
7 187 1
7 189 1
8 2 1
8 5 1
8 18 1
8 19 -1
8 22 1
8 23 1
8 25 1
8 28 1
8 32 -1
8 34 1
8 35 -1
8 36 1
8 49 1
8 59 1
8 69 1
8 72 1
8 76 -1
8 84 -1
8 93 1
8 94 -1
8 102 1
8 103 1
8 109 -1
8 110 -1
8 111 -1
8 112 1
8 126 1
8 131 1
8 132 1
8 142 1
8 143 -1
8 144 1
8 146 1
8 152 -1
8 157 1
8 164 1
8 165 1
8 166 1
8 169 -1
8 174 1
8 175 -1
8 184 1
8 187 1
8 189 1
8 190 1
9 1 1
9 3 1
9 8 1
9 19 1
9 22 1
9 24 1
9 28 1
9 32 1
9 35 1
9 38 1
9 46 1
9 47 1
9 51 1
9 55 -1
9 57 1
9 58 1
9 59 1
9 60 -1
9 64 1
9 67 1
9 71 1
9 78 1
9 79 1
9 81 1
9 88 1
9 97 1
9 100 1
9 102 -1
9 103 1
9 104 -1
9 107 1
9 110 1
9 111 1
9 112 1
9 113 1
9 115 -1
9 117 -1
9 121 1
9 127 1
9 128 1
9 131 1
9 132 1
9 133 1
9 134 1
9 135 1
9 137 1
9 139 1
9 148 -1
9 156 1
9 157 1
9 158 1
9 163 1
9 166 1
9 167 1
9 171 1
9 175 1
9 176 1
9 177 1
9 187 1
10 5 1
10 9 1
10 17 1
10 23 1
10 31 1
10 34 1
10 36 1
10 37 1
10 42 1
10 43 1
10 48 1
10 51 1
10 54 1
10 55 1
10 58 -1
10 73 -1
10 74 -1
10 76 -1
10 79 1
10 82 1
10 85 1
10 87 1
10 90 -1
10 91 1
10 93 -1
10 97 1
10 99 1
10 101 1
10 104 1
10 105 1
10 107 1
10 121 -1
10 123 -1
10 128 -1
10 129 1
10 130 1
10 132 1
10 133 -1
10 134 1
10 144 1
10 149 1
10 151 1
10 152 1
10 162 1
10 164 1
10 170 1
10 183 1
10 187 1
10 189 1
11 1 1
11 2 -1
11 4 1
11 6 -1
11 7 -1
11 21 1
11 23 1
11 34 1
11 35 1
11 41 1
11 42 -1
11 43 1
11 53 1
11 56 1
11 66 1
11 67 1
11 78 1
11 81 -1
11 82 -1
11 83 1
11 85 -1
11 88 1
11 89 1
11 92 1
11 101 1
11 103 1
11 105 1
11 106 1
11 108 -1
11 109 1
11 110 1
11 114 1
11 123 1
11 124 1
11 128 1
11 138 1
11 141 1
11 146 1
11 147 1
11 151 1
11 153 1
11 154 1
11 158 -1
11 159 1
11 169 1
11 170 1
11 171 1
11 176 1
11 179 1
11 180 1
12 3 1
12 4 -1
12 10 1
12 11 1
12 13 -1
12 17 1
12 19 1
12 20 1
12 23 1
12 25 -1
12 27 1
12 35 1
12 44 1
12 48 1
12 57 1
12 66 1
12 68 1
12 74 -1
12 75 1
12 76 1
12 79 1
12 89 1
12 91 1
12 95 1
12 99 1
12 100 1
12 103 -1
12 115 1
12 118 1
12 123 1
12 126 1
12 131 1
12 134 -1
12 135 1
12 140 1
12 143 -1
12 146 -1
12 158 -1
12 164 -1
12 165 1
12 169 1
12 172 1
12 174 1
12 179 1
12 181 1
12 183 -1
12 184 -1
12 185 1
13 2 1
13 4 1
13 5 1
13 10 -1
13 11 1
13 19 1
13 23 1
13 26 -1
13 27 1
13 28 1
13 34 1
13 35 1
13 43 -1
13 45 1
13 47 1
13 48 1
13 49 1
13 52 1
13 54 -1
13 57 -1
13 60 1
13 67 1
13 73 1
13 74 1
13 75 -1
13 80 1
13 81 1
13 83 1
13 84 1
13 89 1
13 94 1
13 97 1
13 100 -1
13 108 1
13 109 1
13 114 1
13 117 1
13 124 1
13 126 -1
13 129 1
13 131 -1
13 137 1
13 139 1
13 142 -1
13 145 1
13 146 1
13 147 1
13 152 -1
13 157 1
13 161 1
13 165 1
13 174 -1
13 176 1
13 181 1
13 182 1
14 4 1
14 16 1
14 17 1
14 22 1
14 30 1
14 33 1
14 35 1
14 39 -1
14 41 1
14 50 1
14 58 -1
14 61 1
14 62 1
14 65 1
14 68 1
14 72 -1
14 75 1
14 78 1
14 79 1
14 84 1
14 90 -1
14 95 -1
14 105 1
14 109 1
14 110 1
14 118 -1
14 125 1
14 126 1
14 128 -1
14 135 1
14 136 1
14 142 1
14 143 1
14 151 -1
14 152 1
14 153 -1
14 155 -1
14 167 1
14 171 1
14 173 1
14 175 1
14 180 1
14 186 -1
14 190 1
15 5 1
15 6 1
15 9 1
15 10 1
15 12 1
15 18 1
15 21 1
15 25 1
15 30 1
15 33 -1
15 37 -1
15 39 -1
15 43 1
15 45 1
15 48 1
15 50 1
15 51 1
15 53 -1
15 54 1
15 61 1
15 64 -1
15 65 1
15 69 -1
15 74 1
15 79 -1
15 81 1
15 98 1
15 105 1
15 111 1
15 113 -1
15 115 1
15 127 1
15 131 1
15 135 1
15 153 1
15 163 1
15 168 1
15 171 -1
15 176 1
15 180 1
15 185 1
15 186 1
15 190 1
16 8 1
16 9 1
16 15 -1
16 17 1
16 30 1
16 32 -1
16 34 -1
16 39 -1
16 43 1
16 48 1
16 49 1
16 50 1
16 53 1
16 57 1
16 58 1
16 60 1
16 63 1
16 74 1
16 82 1
16 83 1
16 88 1
16 93 1
16 106 -1
16 107 -1
16 111 1
16 113 -1
16 115 1
16 118 1
16 125 1
16 130 1
16 132 -1
16 134 1
16 141 -1
16 142 1
16 144 1
16 146 1
16 151 1
16 152 1
16 159 1
16 160 -1
16 162 1
16 169 -1
16 172 1
16 174 -1
16 176 1
16 178 1
16 183 -1
16 184 -1
16 186 1
17 1 1
17 8 -1
17 15 1
17 22 1
17 24 1
17 38 1
17 40 -1
17 45 1
17 47 -1
17 48 -1
17 57 1
17 59 -1
17 63 1
17 66 1
17 71 -1
17 72 -1
17 74 -1
17 75 1
17 76 1
17 80 1
17 85 1
17 86 -1
17 91 1
17 93 1
17 94 1
17 95 1
17 96 -1
17 97 1
17 99 1
17 108 1
17 113 -1
17 123 -1
17 124 1
17 126 1
17 127 -1
17 128 -1
17 133 1
17 134 1
17 139 1
17 144 1
17 152 1
17 153 1
17 158 1
17 161 1
17 162 1
17 166 1
17 173 1
17 176 1
17 180 1
17 183 1
17 186 1
17 188 1
18 5 1
18 7 1
18 11 1
18 12 1
18 13 -1
18 20 1
18 23 1
18 27 1
18 28 1
18 33 1
18 34 1
18 36 1
18 37 1
18 40 -1
18 41 1
18 44 -1
18 48 -1
18 52 1
18 56 1
18 62 1
18 66 1
18 69 1
18 73 1
18 77 1
18 83 1
18 101 1
18 103 -1
18 104 1
18 105 1
18 114 -1
18 116 1
18 117 -1
18 118 1
18 122 -1
18 123 -1
18 124 -1
18 125 1
18 129 1
18 130 1
18 134 -1
18 138 1
18 141 -1
18 165 1
18 166 1
18 174 1
18 175 1
18 181 1
18 184 1
18 185 1
18 187 1
18 189 1
18 190 1
19 3 1
19 6 -1
19 7 1
19 11 1
19 14 1
19 15 1
19 17 1
19 26 -1
19 27 1
19 38 1
19 41 1
19 44 1
19 49 1
19 51 1
19 54 1
19 57 1
19 60 1
19 62 -1
19 69 -1
19 71 -1
19 79 1
19 80 1
19 82 1
19 84 1
19 97 -1
19 98 1
19 101 1
19 103 1
19 109 1
19 114 1
19 115 1
19 116 1
19 119 1
19 134 1
19 139 1
19 141 1
19 144 1
19 145 1
19 146 1
19 148 1
19 149 -1
19 151 -1
19 153 1
19 155 1
19 162 1
19 164 -1
19 165 1
19 170 1
19 174 1
19 186 1
19 189 1
20 1 1
20 5 1
20 8 1
20 10 1
20 13 1
20 15 1
20 19 -1
20 24 -1
20 25 1
20 32 1
20 39 1
20 41 -1
20 48 -1
20 62 1
20 74 1
20 76 1
20 77 -1
20 79 -1
20 81 -1
20 86 -1
20 103 1
20 104 -1
20 111 1
20 112 -1
20 113 1
20 115 -1
20 128 -1
20 131 1
20 134 1
20 139 1
20 140 1
20 141 1
20 142 1
20 151 1
20 152 1
20 159 1
20 163 -1
20 173 1
20 174 1
20 175 -1
20 178 -1
20 181 -1
20 187 -1
20 188 1
21 5 1
21 6 1
21 10 1
21 12 1
21 17 1
21 19 -1
21 27 1
21 32 -1
21 38 1
21 39 1
21 41 1
21 44 -1
21 47 1
21 49 1
21 55 1
21 57 1
21 68 1
21 70 -1
21 76 1
21 77 1
21 82 1
21 93 -1
21 96 -1
21 101 1
21 102 1
21 105 1
21 106 1
21 112 1
21 114 1
21 116 1
21 118 1
21 119 1
21 122 1
21 130 -1
21 144 1
21 145 1
21 146 1
21 147 1
21 151 1
21 159 1
21 163 1
21 167 1
21 174 -1
21 176 -1
21 185 1
21 187 1
22 1 1
22 2 1
22 4 1
22 12 -1
22 13 1
22 15 1
22 18 1
22 19 1
22 23 1
22 24 1
22 30 -1
22 35 1
22 41 1
22 43 1
22 44 1
22 46 -1
22 48 1
22 51 1
22 55 -1
22 59 1
22 66 1
22 71 1
22 77 1
22 82 1
22 84 -1
22 85 -1
22 87 1
22 91 1
22 101 1
22 105 1
22 107 -1
22 109 1
22 115 1
22 116 1
22 117 1
22 123 1
22 124 1
22 126 1
22 131 1
22 133 -1
22 142 -1
22 146 1
22 147 1
22 149 1
22 150 1
22 153 1
22 157 1
22 158 1
22 161 1
22 163 1
22 164 1
22 167 1
22 169 1
22 181 -1
22 185 1
23 2 1
23 6 -1
23 17 1
23 26 1
23 33 1
23 36 1
23 41 1
23 47 1
23 48 1
23 61 1
23 68 1
23 84 1
23 88 -1
23 89 1
23 92 1
23 93 1
23 95 -1
23 98 1
23 102 1
23 103 1
23 105 -1
23 106 1
23 107 1
23 114 1
23 117 1
23 122 1
23 125 1
23 132 1
23 136 1
23 137 -1
23 145 1
23 149 1
23 152 1
23 158 1
23 159 -1
23 160 1
23 169 -1
23 172 -1
23 173 1
23 185 -1
23 186 -1
24 8 1
24 10 1
24 11 1
24 18 1
24 32 1
24 43 1
24 51 1
24 52 1
24 56 1
24 57 -1
24 59 1
24 73 -1
24 77 1
24 80 1
24 81 1
24 82 -1
24 89 1
24 96 1
24 101 1
24 107 1
24 108 1
24 112 1
24 114 1
24 121 -1
24 122 1
24 126 1
24 127 1
24 137 1
24 139 1
24 140 1
24 149 1
24 156 -1
24 157 1
24 167 1
24 171 1
24 175 1
24 177 1
24 180 1
24 182 1
24 185 1
24 187 1
24 189 1
25 1 -1
25 2 1
25 7 1
25 11 1
25 17 1
25 26 1
25 30 1
25 34 1
25 35 -1
25 40 1
25 47 1
25 52 1
25 71 -1
25 72 1
25 80 -1
25 83 1
25 85 1
25 86 1
25 104 1
25 106 -1
25 107 1
25 110 -1
25 115 1
25 117 1
25 119 -1
25 120 1
25 122 1
25 123 -1
25 130 -1
25 132 -1
25 133 1
25 148 1
25 150 1
25 153 1
25 164 1
25 171 1
25 178 1
25 183 1
26 6 1
26 7 1
26 16 1
26 18 -1
26 21 -1
26 22 -1
26 28 1
26 30 1
26 32 1
26 39 -1
26 40 1
26 47 1
26 48 1
26 56 1
26 57 1
26 58 1
26 60 1
26 66 1
26 69 1
26 70 1
26 71 1
26 76 -1
26 79 -1
26 88 1
26 91 1
26 96 1
26 99 1
26 106 1
26 109 1
26 113 -1
26 115 1
26 118 1
26 119 1
26 120 1
26 121 -1
26 129 1
26 138 1
26 142 1
26 147 1
26 153 1
26 156 1
26 157 1
26 159 1
26 162 1
26 164 -1
26 175 1
26 179 1
26 184 1
26 189 1
27 2 1
27 6 1
27 8 1
27 10 1
27 15 1
27 16 1
27 29 1
27 35 -1
27 36 1
27 37 1
27 38 1
27 43 1
27 48 1
27 58 1
27 59 1
27 60 1
27 66 1
27 68 1
27 69 1
27 71 1
27 76 1
27 86 -1
27 87 1
27 89 1
27 90 1
27 91 -1
27 94 1
27 99 -1
27 100 1
27 101 1
27 108 1
27 109 1
27 115 1
27 117 -1
27 123 1
27 127 1
27 130 -1
27 131 1
27 137 -1
27 141 1
27 143 1
27 146 1
27 151 1
27 156 1
27 158 -1
27 161 1
27 162 1
27 171 1
27 173 1
27 177 1
27 178 1
27 180 1
27 181 1
27 182 1
27 187 -1
27 188 1
28 2 1
28 5 -1
28 10 1
28 19 1
28 35 1
28 37 1
28 39 1
28 40 1
28 48 1
28 49 -1
28 54 1
28 61 1
28 62 -1
28 73 1
28 75 1
28 76 1
28 78 1
28 80 1
28 84 1
28 85 1
28 88 -1
28 89 1
28 97 1
28 100 1
28 107 1
28 108 1
28 114 1
28 116 1
28 121 -1
28 134 1
28 136 1
28 138 1
28 139 1
28 141 1
28 161 1
28 171 1
28 172 -1
28 174 1
28 179 -1
28 180 1
28 181 1
28 182 1
28 183 1
28 190 1
29 2 1
29 7 1
29 11 1
29 12 -1
29 17 1
29 18 -1
29 25 1
29 26 1
29 28 1
29 31 -1
29 36 -1
29 37 -1
29 39 1
29 41 1
29 43 -1
29 45 1
29 48 1
29 64 1
29 68 1
29 79 1
29 80 1
29 81 1
29 82 1
29 84 -1
29 85 1
29 86 1
29 87 -1
29 90 1
29 91 -1
29 93 1
29 100 1
29 102 1
29 103 1
29 106 1
29 115 1
29 121 1
29 131 1
29 134 -1
29 135 1
29 144 1
29 145 -1
29 150 1
29 152 1
29 156 1
29 161 1
29 165 1
29 166 1
29 170 1
29 176 1
29 179 1
29 183 1
29 186 1
30 1 1
30 2 1
30 4 1
30 8 1
30 10 -1
30 20 1
30 28 -1
30 31 1
30 32 1
30 36 1
30 40 -1
30 45 1
30 53 1
30 62 1
30 65 1
30 67 1
30 69 1
30 70 1
30 72 1
30 75 1
30 77 1
30 86 1
30 88 1
30 96 1
30 100 -1
30 101 -1
30 102 1
30 107 -1
30 112 -1
30 113 1
30 114 -1
30 115 -1
30 118 -1
30 125 1
30 129 1
30 131 1
30 132 -1
30 138 1
30 140 -1
30 141 1
30 150 1
30 151 1
30 156 1
30 159 1
30 160 1
30 176 1
30 183 -1
30 184 1
30 185 1
30 187 1
30 188 -1
31 2 1
31 7 1
31 8 1
31 11 1
31 13 1
31 16 1
31 21 1
31 22 1
31 28 1
31 34 1
31 35 1
31 38 -1
31 41 1
31 51 1
31 74 1
31 75 1
31 81 1
31 84 1
31 91 1
31 95 1
31 98 1
31 102 1
31 103 -1
31 107 1
31 108 1
31 119 1
31 124 1
31 125 1
31 130 1
31 131 -1
31 134 1
31 139 -1
31 140 1
31 143 1
31 146 1
31 147 1
31 153 1
31 155 1
31 159 1
31 162 1
31 165 1
31 167 1
31 170 1
31 176 1
31 182 1
32 1 1
32 6 1
32 11 1
32 14 -1
32 18 1
32 23 -1
32 25 1
32 28 1
32 31 -1
32 33 -1
32 38 1
32 41 1
32 44 1
32 48 1
32 51 1
32 53 1
32 55 1
32 58 1
32 59 1
32 63 1
32 66 -1
32 69 1
32 72 1
32 73 1
32 80 1
32 86 1
32 94 1
32 97 -1
32 98 1
32 99 1
32 103 1
32 106 1
32 115 -1
32 116 1
32 120 1
32 126 1
32 127 1
32 130 -1
32 136 1
32 139 -1
32 140 -1
32 145 1
32 150 1
32 153 1
32 161 1
32 163 1
32 178 1
32 179 1
32 180 1
33 4 1
33 9 1
33 11 1
33 12 1
33 16 1
33 21 1
33 25 1
33 31 -1
33 39 1
33 43 1
33 45 1
33 58 -1
33 61 -1
33 67 1
33 71 1
33 77 1
33 80 1
33 83 1
33 86 1
33 91 1
33 92 1
33 93 -1
33 98 -1
33 102 1
33 109 -1
33 119 1
33 128 1
33 135 1
33 138 1
33 141 -1
33 145 1
33 151 -1
33 163 1
33 164 -1
33 167 1
33 168 1
33 170 1
33 174 1
33 177 1
33 181 1
33 182 1
33 189 -1
33 190 1
34 1 -1
34 12 -1
34 24 1
34 26 1
34 27 1
34 32 1
34 35 1
34 36 -1
34 42 1
34 49 1
34 54 1
34 57 1
34 58 1
34 71 1
34 73 1
34 78 1
34 82 -1
34 83 1
34 96 1
34 106 1
34 114 1
34 123 -1
34 128 -1
34 130 -1
34 131 1
34 135 -1
34 137 1
34 139 1
34 141 1
34 142 -1
34 143 1
34 148 1
34 150 1
34 151 1
34 153 1
34 155 1
34 156 1
34 157 1
34 168 1
34 170 1
34 173 1
34 176 1
34 178 1
34 179 1
34 180 1
34 184 1
34 185 -1
34 186 1
35 4 1
35 10 1
35 15 1
35 16 1
35 19 1
35 21 1
35 23 1
35 24 1
35 30 -1
35 32 1
35 33 1
35 40 -1
35 42 1
35 45 1
35 51 1
35 55 1
35 63 -1
35 64 -1
35 66 1
35 67 1
35 69 1
35 71 1
35 72 1
35 78 1
35 92 -1
35 98 1
35 101 -1
35 102 -1
35 104 1
35 107 -1
35 114 1
35 115 1
35 117 1
35 118 1
35 119 1
35 123 1
35 126 1
35 129 1
35 133 1
35 149 1
35 153 1
35 154 1
35 155 1
35 158 1
35 163 -1
35 164 1
35 170 1
35 174 1
35 182 1
35 187 -1
36 3 1
36 4 -1
36 5 -1
36 15 -1
36 21 1
36 22 1
36 24 1
36 32 1
36 33 1
36 37 1
36 40 1
36 41 1
36 44 1
36 48 1
36 51 1
36 66 1
36 67 1
36 69 1
36 75 1
36 76 1
36 78 1
36 79 -1
36 88 1
36 90 1
36 91 1
36 95 1
36 105 1
36 107 1
36 109 1
36 113 -1
36 114 1
36 115 1
36 120 1
36 124 -1
36 127 1
36 130 1
36 131 1
36 132 1
36 145 1
36 146 1
36 157 1
36 158 1
36 161 1
36 167 1
36 173 1
36 182 1
36 188 -1
37 4 -1
37 6 -1
37 7 1
37 8 1
37 9 1
37 13 1
37 14 1
37 19 1
37 23 1
37 31 -1
37 32 1
37 35 1
37 40 1
37 41 1
37 45 1
37 47 1
37 53 1
37 56 1
37 67 1
37 69 -1
37 70 1
37 74 1
37 79 1
37 82 -1
37 90 -1
37 93 1
37 97 1
37 98 -1
37 100 1
37 101 -1
37 107 1
37 112 1
37 114 1
37 115 1
37 121 1
37 127 1
37 135 1
37 136 -1
37 140 1
37 153 1
37 156 1
37 157 1
37 158 1
37 163 1
37 165 -1
37 185 -1
37 186 1
37 188 1
38 1 1
38 12 1
38 15 1
38 18 1
38 23 -1
38 24 -1
38 26 1
38 30 1
38 36 1
38 37 1
38 39 -1
38 41 1
38 43 1
38 48 1
38 49 1
38 51 1
38 56 1
38 63 -1
38 74 1
38 77 1
38 80 1
38 81 1
38 83 1
38 90 1
38 91 -1
38 93 1
38 96 1
38 97 -1
38 98 -1
38 102 -1
38 105 1
38 106 1
38 110 1
38 115 1
38 118 1
38 122 1
38 123 1
38 130 1
38 132 1
38 133 1
38 150 1
38 155 1
38 157 1
38 161 1
38 163 1
38 166 1
38 169 1
38 172 1
38 174 1
38 175 1
38 179 1
38 180 1
38 185 -1
38 188 1
39 2 1
39 5 1
39 13 1
39 22 1
39 24 1
39 27 1
39 31 1
39 34 -1
39 36 -1
39 41 1
39 45 1
39 46 1
39 48 1
39 51 1
39 52 1
39 56 1
39 59 1
39 65 -1
39 66 1
39 72 1
39 74 1
39 77 1
39 103 1
39 104 1
39 106 1
39 111 -1
39 115 -1
39 120 1
39 125 -1
39 129 1
39 130 1
39 139 -1
39 142 1
39 143 1
39 144 -1
39 146 -1
39 153 -1
39 161 1
39 162 1
39 173 -1
39 174 1
39 175 1
39 180 1
39 186 1
39 188 -1
40 2 1
40 5 1
40 7 1
40 9 1
40 11 1
40 14 1
40 20 1
40 22 1
40 24 -1
40 27 1
40 29 1
40 38 1
40 41 1
40 52 1
40 53 1
40 62 -1
40 66 1
40 68 1
40 69 1
40 71 1
40 73 1
40 75 1
40 80 1
40 83 1
40 88 1
40 89 1
40 95 1
40 96 -1
40 97 1
40 100 1
40 104 1
40 105 1
40 109 1
40 110 -1
40 114 1
40 117 1
40 121 1
40 123 -1
40 124 1
40 125 1
40 128 -1
40 134 1
40 135 1
40 136 -1
40 138 1
40 141 1
40 148 1
40 154 1
40 161 1
40 163 1
40 168 1
40 169 1
40 173 1
40 178 1
40 179 1
40 183 1
40 188 1
41 1 1
41 3 1
41 4 1
41 10 1
41 12 1
41 25 -1
41 26 1
41 33 -1
41 34 1
41 43 -1
41 46 1
41 51 -1
41 52 1
41 56 1
41 66 1
41 72 1
41 73 -1
41 88 1
41 93 1
41 102 1
41 115 1
41 119 1
41 120 -1
41 128 1
41 133 1
41 136 1
41 143 1
41 145 1
41 147 1
41 153 1
41 172 1
41 173 -1
41 174 -1
41 176 1
41 182 1
41 184 1
41 185 1
42 4 1
42 5 -1
42 6 -1
42 8 1
42 9 -1
42 24 1
42 27 -1
42 29 1
42 33 1
42 37 1
42 39 1
42 51 1
42 63 -1
42 67 -1
42 69 1
42 78 1
42 81 1
42 84 -1
42 86 1
42 87 -1
42 94 1
42 106 1
42 109 1
42 114 -1
42 117 1
42 120 -1
42 122 1
42 140 1
42 150 1
42 175 -1
42 182 1
42 183 1
42 185 -1
42 187 1
43 3 1
43 18 1
43 21 -1
43 26 1
43 28 1
43 32 -1
43 34 1
43 45 1
43 51 1
43 54 1
43 56 1
43 60 1
43 66 1
43 67 1
43 78 1
43 81 1
43 85 1
43 87 1
43 88 -1
43 89 1
43 90 1
43 95 1
43 105 1
43 108 1
43 109 1
43 111 -1
43 117 1
43 118 1
43 123 1
43 124 1
43 136 1
43 138 -1
43 141 1
43 151 1
43 153 1
43 154 1
43 156 1
43 160 1
43 162 1
43 172 -1
43 174 1
43 181 1
43 184 -1
43 185 1
43 186 1
43 187 -1
43 189 1
44 2 -1
44 4 1
44 7 -1
44 8 1
44 9 1
44 23 1
44 24 1
44 25 1
44 33 1
44 34 1
44 37 1
44 52 1
44 54 1
44 58 1
44 63 1
44 64 -1
44 67 1
44 73 1
44 74 -1
44 76 1
44 91 1
44 93 1
44 95 1
44 103 -1
44 104 -1
44 105 1
44 109 1
44 110 1
44 123 -1
44 143 1
44 151 1
44 154 1
44 161 1
44 164 1
44 168 1
44 170 1
44 179 -1
44 185 1
44 187 -1
44 190 1
45 4 1
45 7 1
45 8 1
45 11 1
45 12 1
45 14 1
45 22 1
45 23 1
45 25 -1
45 31 -1
45 32 1
45 34 1
45 36 -1
45 50 1
45 53 1
45 61 1
45 62 1
45 63 1
45 70 1
45 76 -1
45 80 1
45 86 1
45 87 1
45 90 1
45 91 1
45 93 1
45 98 1
45 99 -1
45 105 1
45 106 1
45 107 1
45 117 1
45 123 1
45 124 -1
45 125 1
45 127 1
45 128 1
45 134 1
45 136 1
45 138 1
45 157 1
45 166 1
45 169 1
45 171 1
45 173 1
45 175 1
45 177 1
45 182 -1
45 186 1
46 1 1
46 11 1
46 12 1
46 15 1
46 16 -1
46 17 -1
46 26 1
46 29 1
46 33 -1
46 37 1
46 38 1
46 40 1
46 44 1
46 47 1
46 49 1
46 52 1
46 56 1
46 59 1
46 60 1
46 71 1
46 76 1
46 78 1
46 82 1
46 85 1
46 86 1
46 90 1
46 95 1
46 97 1
46 98 1
46 101 -1
46 106 1
46 108 1
46 116 1
46 119 -1
46 123 -1
46 127 1
46 136 1
46 142 1
46 145 1
46 149 1
46 151 1
46 152 1
46 159 -1
46 163 1
46 170 1
46 174 -1
46 187 1
47 6 1
47 8 -1
47 12 1
47 18 1
47 19 -1
47 28 1
47 30 -1
47 33 1
47 36 -1
47 40 1
47 42 1
47 45 1
47 50 1
47 61 1
47 63 -1
47 65 1
47 67 1
47 70 1
47 71 1
47 73 1
47 95 1
47 100 1
47 103 1
47 107 1
47 109 1
47 124 1
47 128 1
47 138 1
47 139 -1
47 150 1
47 153 1
47 160 1
47 161 1
47 165 -1
47 170 1
47 172 1
47 175 1
47 182 1
47 186 1
47 189 1
47 190 1
48 6 -1
48 7 1
48 8 1
48 24 1
48 25 1
48 30 1
48 35 1
48 41 1
48 45 1
48 59 -1
48 64 1
48 75 1
48 78 1
48 80 1
48 83 1
48 89 1
48 93 -1
48 94 1
48 95 -1
48 97 1
48 105 1
48 106 1
48 112 1
48 120 1
48 122 1
48 124 1
48 127 1
48 130 1
48 131 1
48 132 -1
48 135 1
48 138 -1
48 148 -1
48 149 1
48 155 1
48 161 1
48 162 -1
48 163 1
48 166 1
48 169 1
48 170 1
48 176 1
48 177 1
48 180 1
48 181 -1
48 183 1
48 185 1
48 186 1
48 188 1
49 5 1
49 10 1
49 18 1
49 22 1
49 24 1
49 25 -1
49 31 1
49 35 1
49 36 1
49 40 1
49 44 1
49 48 1
49 50 1
49 54 1
49 59 1
49 62 1
49 65 1
49 66 1
49 79 1
49 81 -1
49 82 1
49 85 1
49 86 1
49 88 1
49 94 1
49 95 1
49 101 -1
49 102 -1
49 105 1
49 116 1
49 117 1
49 118 -1
49 120 1
49 124 1
49 126 1
49 137 1
49 139 1
49 141 -1
49 144 1
49 149 1
49 152 1
49 154 1
49 157 1
49 166 1
49 174 1
49 187 1
49 190 1
50 2 1
50 5 -1
50 7 1
50 11 1
50 13 1
50 20 -1
50 22 1
50 24 1
50 25 1
50 27 1
50 37 -1
50 38 1
50 41 1
50 42 1
50 44 1
50 48 1
50 52 1
50 56 1
50 59 1
50 65 1
50 76 1
50 77 1
50 80 -1
50 82 1
50 85 1
50 86 -1
50 90 1
50 97 -1
50 100 -1
50 107 1
50 108 -1
50 110 1
50 114 1
50 115 1
50 117 1
50 122 1
50 124 -1
50 133 -1
50 134 -1
50 136 1
50 137 1
50 146 1
50 152 1
50 153 1
50 160 1
50 170 1
50 175 -1
50 180 1
50 183 1
50 185 1
50 188 1
50 190 1
51 1 1
51 2 -1
51 3 1
51 8 -1
51 11 1
51 17 1
51 23 -1
51 26 -1
51 37 1
51 40 1
51 45 -1
51 46 1
51 49 -1
51 59 1
51 62 1
51 67 -1
51 69 1
51 70 1
51 71 1
51 72 1
51 76 1
51 78 1
51 80 1
51 84 1
51 89 1
51 95 1
51 96 1
51 97 1
51 99 1
51 105 1
51 110 1
51 115 1
51 117 1
51 125 1
51 144 1
51 146 1
51 147 -1
51 148 1
51 149 1
51 153 1
51 154 -1
51 163 -1
51 171 1
51 172 1
51 176 1
51 177 1
51 178 -1
51 183 -1
51 189 1
51 190 1
52 1 -1
52 4 1
52 7 -1
52 8 1
52 9 1
52 17 -1
52 22 1
52 28 1
52 29 -1
52 30 1
52 31 -1
52 35 1
52 36 1
52 42 -1
52 57 1
52 60 1
52 66 1
52 75 -1
52 78 1
52 82 1
52 91 -1
52 94 1
52 95 -1
52 98 1
52 116 1
52 117 1
52 119 1
52 124 -1
52 138 1
52 140 1
52 145 -1
52 148 1
52 150 1
52 153 1
52 155 -1
52 156 1
52 160 1
52 164 1
52 165 1
52 166 -1
52 168 1
52 171 1
52 172 -1
52 177 1
52 180 1
52 185 -1
52 188 1
53 2 1
53 6 1
53 8 1
53 9 1
53 13 -1
53 14 1
53 22 1
53 38 1
53 42 1
53 43 -1
53 50 -1
53 54 1
53 62 1
53 66 1
53 67 1
53 68 1
53 70 1
53 74 1
53 81 1
53 82 1
53 99 1
53 105 1
53 106 -1
53 107 -1
53 111 -1
53 117 1
53 120 1
53 135 -1
53 146 1
53 150 -1
53 152 1
53 153 1
53 154 1
53 165 1
53 172 1
53 180 1
53 184 1
53 188 1
54 3 1
54 7 1
54 12 1
54 16 1
54 23 1
54 31 1
54 32 -1
54 37 1
54 38 1
54 41 -1
54 52 -1
54 67 1
54 69 1
54 71 1
54 75 1
54 77 1
54 80 1
54 83 -1
54 91 1
54 98 1
54 112 1
54 113 1
54 114 -1
54 117 1
54 139 1
54 142 1
54 148 1
54 161 1
54 162 1
54 165 1
54 182 1
54 184 1
54 188 1
55 5 1
55 6 1
55 8 1
55 12 -1
55 19 1
55 23 1
55 24 1
55 26 1
55 28 1
55 29 1
55 31 -1
55 37 -1
55 38 -1
55 44 1
55 47 1
55 49 1
55 60 1
55 70 1
55 74 1
55 82 1
55 83 1
55 85 1
55 88 1
55 90 1
55 99 1
55 104 1
55 105 1
55 111 1
55 117 -1
55 119 1
55 120 1
55 121 1
55 126 1
55 137 1
55 138 -1
55 142 1
55 153 1
55 154 -1
55 158 1
55 159 -1
55 165 1
55 169 1
55 173 1
55 174 1
55 177 -1
55 183 1
55 185 1
55 190 1
56 3 1
56 10 1
56 19 1
56 21 1
56 31 1
56 34 1
56 35 1
56 42 1
56 47 1
56 51 1
56 55 -1
56 58 -1
56 65 1
56 66 -1
56 69 1
56 70 1
56 81 1
56 82 1
56 87 1
56 97 1
56 104 1
56 107 1
56 108 1
56 109 1
56 111 1
56 115 1
56 121 1
56 122 1
56 127 -1
56 131 -1
56 134 1
56 138 1
56 146 -1
56 154 1
56 158 -1
56 159 1
56 165 1
56 167 1
56 177 -1
56 184 1
56 185 1
56 190 1
57 4 1
57 5 1
57 6 1
57 8 1
57 15 1
57 20 1
57 25 1
57 27 1
57 31 1
57 33 1
57 36 1
57 38 -1
57 46 1
57 47 -1
57 48 -1
57 50 1
57 51 1
57 53 -1
57 56 1
57 63 1
57 68 1
57 70 -1
57 74 1
57 90 1
57 91 1
57 93 1
57 94 1
57 103 1
57 111 1
57 114 1
57 117 1
57 118 -1
57 124 1
57 126 -1
57 128 1
57 131 1
57 132 1
57 139 1
57 140 1
57 144 1
57 145 1
57 155 1
57 161 1
57 163 1
57 164 -1
57 169 -1
57 182 1
57 183 -1
57 186 1
57 188 1
57 190 -1
58 2 -1
58 3 -1
58 8 -1
58 11 1
58 12 1
58 13 1
58 17 1
58 23 1
58 25 1
58 30 1
58 35 1
58 37 1
58 38 1
58 40 -1
58 45 -1
58 47 1
58 48 1
58 50 -1
58 52 1
58 53 1
58 55 1
58 60 1
58 62 1
58 63 1
58 64 1
58 79 1
58 89 1
58 96 1
58 99 1
58 104 1
58 105 -1
58 106 -1
58 110 -1
58 114 1
58 115 1
58 126 1
58 128 1
58 129 1
58 133 1
58 140 1
58 145 1
58 148 1
58 152 -1
58 155 1
58 160 1
58 163 -1
58 175 1
58 177 1
58 182 -1
58 183 -1
58 185 1
58 188 1
59 1 -1
59 12 -1
59 15 1
59 18 1
59 23 -1
59 25 1
59 28 1
59 29 1
59 30 1
59 31 1
59 33 1
59 38 1
59 41 1
59 47 1
59 56 1
59 61 1
59 63 1
59 64 1
59 66 1
59 70 1
59 73 1
59 79 1
59 80 1
59 87 1
59 93 1
59 94 1
59 95 1
59 103 -1
59 108 1
59 128 1
59 131 1
59 137 -1
59 142 -1
59 147 1
59 148 1
59 159 -1
59 161 1
59 165 1
59 171 1
59 182 1
59 183 1
59 184 1
59 186 1
59 189 1
59 190 1
60 4 1
60 6 1
60 8 1
60 10 1
60 17 1
60 21 -1
60 22 -1
60 23 1
60 30 -1
60 32 -1
60 33 1
60 44 1
60 50 1
60 54 1
60 64 -1
60 67 -1
60 69 1
60 74 1
60 75 1
60 81 -1
60 84 1
60 94 1
60 104 1
60 108 -1
60 110 1
60 111 1
60 120 1
60 121 1
60 124 1
60 134 1
60 135 1
60 136 1
60 140 -1
60 141 1
60 146 1
60 147 1
60 151 1
60 152 -1
60 153 1
60 155 1
60 163 1
60 164 1
60 170 1
60 175 -1
60 177 -1
60 190 1
61 3 1
61 5 1
61 10 1
61 16 1
61 17 -1
61 19 1
61 25 1
61 30 1
61 31 -1
61 37 1
61 40 1
61 41 1
61 44 -1
61 46 1
61 48 1
61 49 -1
61 50 -1
61 51 1
61 55 1
61 69 1
61 71 1
61 74 1
61 75 -1
61 84 1
61 91 1
61 93 1
61 104 1
61 106 1
61 112 1
61 115 1
61 116 1
61 121 1
61 122 1
61 137 1
61 139 1
61 147 1
61 149 1
61 151 -1
61 153 1
61 160 1
61 165 1
61 169 1
61 175 1
61 190 1
62 2 1
62 5 1
62 6 1
62 8 1
62 9 -1
62 10 1
62 15 1
62 16 1
62 17 1
62 23 1
62 25 1
62 27 1
62 31 1
62 32 1
62 34 -1
62 36 1
62 37 1
62 38 1
62 41 1
62 43 1
62 44 -1
62 48 1
62 52 1
62 56 -1
62 59 1
62 75 1
62 76 1
62 78 1
62 80 1
62 90 -1
62 91 1
62 100 1
62 102 -1
62 104 1
62 105 1
62 111 1
62 134 1
62 135 1
62 145 -1
62 148 1
62 150 1
62 152 1
62 153 1
62 161 -1
62 177 1
62 180 -1
62 188 -1
62 189 1
62 190 1
63 3 -1
63 4 1
63 9 1
63 11 1
63 15 1
63 23 1
63 27 1
63 29 1
63 30 1
63 34 1
63 41 1
63 43 1
63 60 1
63 64 -1
63 65 1
63 72 1
63 73 -1
63 76 1
63 78 1
63 81 1
63 83 1
63 84 -1
63 86 1
63 91 1
63 93 1
63 94 1
63 96 1
63 105 1
63 113 1
63 115 1
63 122 1
63 123 1
63 125 -1
63 130 1
63 132 -1
63 136 -1
63 139 -1
63 147 -1
63 152 1
63 154 1
63 155 1
63 157 -1
63 160 1
63 166 1
63 167 -1
63 168 1
63 169 1
63 173 1
63 182 1
63 187 1
63 189 -1
64 2 1
64 3 1
64 4 1
64 8 1
64 10 1
64 13 1
64 14 1
64 17 1
64 22 1
64 23 1
64 25 1
64 28 1
64 30 1
64 32 1
64 33 1
64 34 1
64 39 -1
64 45 1
64 46 -1
64 55 1
64 61 1
64 65 1
64 67 1
64 72 1
64 73 1
64 74 -1
64 75 1
64 79 1
64 80 1
64 83 -1
64 87 1
64 91 1
64 99 1
64 103 1
64 105 1
64 107 1
64 111 -1
64 123 1
64 124 -1
64 129 -1
64 130 -1
64 138 1
64 162 1
64 166 1
64 167 1
64 173 1
64 175 1
64 184 1
65 6 1
65 9 1
65 11 1
65 19 1
65 25 1
65 27 1
65 29 1
65 32 1
65 35 -1
65 37 1
65 38 1
65 41 -1
65 51 1
65 53 -1
65 57 1
65 61 1
65 66 1
65 68 -1
65 70 1
65 73 1
65 76 1
65 81 1
65 85 1
65 88 -1
65 93 1
65 95 1
65 98 1
65 101 1
65 102 1
65 106 1
65 107 -1
65 110 1
65 111 -1
65 113 1
65 116 1
65 119 -1
65 126 1
65 132 1
65 134 1
65 138 1
65 142 1
65 145 1
65 149 -1
65 150 1
65 153 1
65 156 1
65 159 1
65 162 1
65 166 1
65 167 -1
65 168 1
65 171 1
65 175 1
65 182 -1
65 184 1
65 188 1
65 190 1
66 1 1
66 9 1
66 10 1
66 20 1
66 24 1
66 25 -1
66 29 1
66 31 1
66 45 1
66 51 1
66 61 -1
66 69 1
66 71 1
66 74 1
66 78 1
66 80 1
66 81 1
66 83 -1
66 87 1
66 90 -1
66 91 1
66 92 1
66 98 1
66 100 1
66 104 -1
66 108 1
66 112 1
66 119 -1
66 124 1
66 130 1
66 141 1
66 144 1
66 150 -1
66 152 1
66 153 1
66 156 1
66 163 1
66 165 1
66 167 1
66 170 1
66 171 1
66 182 1
66 184 1
66 185 1
66 188 1
66 190 -1
67 2 1
67 3 -1
67 7 1
67 8 -1
67 12 -1
67 16 1
67 17 1
67 19 -1
67 21 1
67 23 -1
67 25 1
67 26 1
67 38 1
67 46 1
67 49 1
67 52 1
67 59 1
67 61 -1
67 62 1
67 70 1
67 73 1
67 74 -1
67 89 1
67 90 1
67 95 1
67 97 1
67 98 -1
67 100 1
67 105 1
67 114 1
67 116 -1
67 125 1
67 127 1
67 129 -1
67 133 1
67 134 1
67 137 1
67 139 1
67 141 1
67 143 1
67 145 1
67 149 1
67 150 1
67 151 1
67 152 1
67 158 1
67 159 -1
67 167 1
67 173 1
67 174 1
67 175 1
67 177 -1
67 181 1
68 8 1
68 10 1
68 15 1
68 25 1
68 28 1
68 36 -1
68 38 -1
68 42 1
68 51 1
68 58 -1
68 60 1
68 74 1
68 83 1
68 84 1
68 85 -1
68 86 1
68 89 1
68 92 -1
68 94 -1
68 98 1
68 99 1
68 100 1
68 101 1
68 103 1
68 106 1
68 114 1
68 117 1
68 120 1
68 122 -1
68 126 1
68 131 -1
68 139 -1
68 141 1
68 142 1
68 147 -1
68 154 1
68 157 1
68 159 1
68 161 1
68 162 1
68 163 1
68 174 1
68 178 1
68 183 1
68 184 1
68 185 1
68 189 -1
69 2 1
69 3 1
69 12 -1
69 14 1
69 16 1
69 17 1
69 22 1
69 24 1
69 25 1
69 28 1
69 43 1
69 45 1
69 46 -1
69 50 1
69 52 -1
69 55 1
69 58 1
69 62 1
69 63 1
69 67 1
69 68 1
69 72 1
69 74 1
69 88 1
69 89 -1
69 90 -1
69 97 1
69 99 1
69 100 1
69 101 -1
69 102 1
69 105 1
69 108 1
69 109 1
69 115 1
69 116 1
69 117 1
69 118 -1
69 122 1
69 125 -1
69 129 1
69 133 1
69 137 1
69 141 -1
69 144 1
69 147 1
69 148 1
69 149 -1
69 152 1
69 155 1
69 158 1
69 159 1
69 167 1
69 171 -1
69 175 1
69 178 1
69 182 -1
69 185 1
70 3 -1
70 6 1
70 9 1
70 11 1
70 18 1
70 19 -1
70 22 1
70 23 1
70 27 -1
70 29 1
70 31 1
70 32 1
70 33 1
70 38 1
70 40 1
70 44 -1
70 46 -1
70 61 1
70 63 1
70 69 -1
70 72 1
70 75 1
70 79 -1
70 80 -1
70 82 -1
70 87 -1
70 89 1
70 90 1
70 93 -1
70 96 -1
70 102 -1
70 103 1
70 108 1
70 118 1
70 121 -1
70 124 -1
70 126 -1
70 128 1
70 129 1
70 134 -1
70 136 1
70 141 1
70 151 1
70 154 1
70 155 1
70 156 1
70 162 -1
70 167 -1
70 168 1
70 170 1
70 175 1
70 176 -1
70 177 1
70 180 1
70 182 1
70 186 1
70 190 1
71 8 -1
71 10 1
71 11 1
71 16 1
71 24 1
71 36 1
71 38 -1
71 42 1
71 52 -1
71 55 1
71 56 1
71 58 1
71 62 1
71 65 1
71 67 1
71 76 1
71 78 1
71 83 1
71 85 1
71 89 -1
71 91 1
71 94 1
71 96 1
71 97 -1
71 100 1
71 103 1
71 107 1
71 116 1
71 120 1
71 121 1
71 123 1
71 124 1
71 144 -1
71 149 1
71 156 1
71 161 1
71 166 1
71 172 1
71 176 1
71 178 1
71 181 1
71 182 -1
71 187 -1
72 1 1
72 2 1
72 4 -1
72 10 -1
72 12 1
72 13 1
72 22 1
72 26 1
72 33 1
72 36 -1
72 37 1
72 38 1
72 40 1
72 44 1
72 45 1
72 47 1
72 48 1
72 53 1
72 54 -1
72 56 1
72 59 1
72 60 1
72 66 1
72 71 -1
72 73 -1
72 75 -1
72 76 1
72 78 1
72 79 1
72 93 1
72 94 1
72 97 1
72 103 1
72 105 1
72 106 -1
72 109 1
72 114 -1
72 116 1
72 125 1
72 127 1
72 129 1
72 137 -1
72 140 1
72 144 1
72 147 1
72 151 1
72 158 1
72 160 1
72 161 1
72 162 1
72 171 1
72 172 1
73 5 1
73 21 1
73 23 1
73 25 1
73 38 1
73 46 1
73 49 1
73 50 1
73 57 1
73 66 1
73 76 1
73 77 1
73 84 1
73 87 1
73 90 1
73 92 -1
73 99 1
73 100 1
73 105 1
73 115 1
73 117 1
73 119 1
73 120 1
73 129 -1
73 133 -1
73 145 1
73 149 -1
73 150 -1
73 151 -1
73 156 1
73 160 1
73 166 1
73 169 1
73 171 1
73 172 -1
73 176 1
73 178 -1
73 181 1
73 183 1
73 187 1
73 190 1
74 2 1
74 6 1
74 8 1
74 11 1
74 24 1
74 29 1
74 33 -1
74 35 1
74 42 1
74 45 1
74 47 1
74 52 1
74 54 -1
74 56 1
74 59 1
74 65 1
74 72 1
74 73 1
74 78 -1
74 81 1
74 85 1
74 87 1
74 92 1
74 95 1
74 96 1
74 100 1
74 102 1
74 103 -1
74 104 1
74 106 1
74 118 1
74 120 1
74 121 1
74 123 1
74 127 1
74 128 1
74 130 1
74 135 1
74 137 1
74 138 1
74 140 -1
74 147 1
74 161 1
74 162 -1
74 165 1
74 166 1
74 177 1
74 178 -1
74 183 -1
74 186 1
74 189 1
75 8 -1
75 15 -1
75 16 1
75 18 1
75 33 1
75 42 1
75 43 1
75 44 1
75 55 1
75 58 -1
75 66 1
75 67 1
75 68 -1
75 73 1
75 77 1
75 86 1
75 90 1
75 94 -1
75 95 -1
75 97 1
75 113 -1
75 116 1
75 122 1
75 127 1
75 130 -1
75 131 1
75 133 1
75 134 -1
75 137 1
75 138 1
75 142 1
75 144 1
75 147 1
75 150 1
75 156 1
75 157 1
75 160 1
75 161 1
75 165 1
75 172 1
75 175 -1
75 177 1
75 182 1
76 15 -1
76 22 1
76 24 1
76 33 1
76 37 1
76 39 -1
76 40 1
76 43 1
76 47 -1
76 48 -1
76 52 1
76 53 1
76 54 1
76 57 -1
76 58 -1
76 59 -1
76 61 1
76 64 1
76 70 1
76 85 1
76 88 1
76 91 1
76 94 1
76 100 1
76 101 1
76 106 -1
76 108 1
76 117 1
76 118 1
76 121 1
76 122 -1
76 123 1
76 124 1
76 128 1
76 132 1
76 134 1
76 141 1
76 143 -1
76 145 1
76 157 1
76 162 1
76 170 1
76 172 1
76 175 1
76 180 1
76 184 -1
76 190 1
77 1 1
77 3 1
77 8 1
77 11 1
77 12 1
77 17 1
77 27 1
77 31 -1
77 32 1
77 35 1
77 36 1
77 44 1
77 46 -1
77 47 1
77 48 1
77 51 1
77 52 1
77 65 1
77 71 1
77 72 1
77 74 1
77 76 1
77 78 -1
77 81 -1
77 82 1
77 90 1
77 91 1
77 93 1
77 100 1
77 101 1
77 104 1
77 109 1
77 115 1
77 117 1
77 121 1
77 122 1
77 129 1
77 136 1
77 138 1
77 146 1
77 149 1
77 157 1
77 158 1
77 162 -1
77 164 1
77 166 1
77 167 1
77 168 1
77 172 1
77 180 -1
77 187 1
78 8 1
78 18 1
78 19 1
78 20 -1
78 22 1
78 23 1
78 27 1
78 29 1
78 31 1
78 37 1
78 38 1
78 40 1
78 41 1
78 54 -1
78 57 1
78 61 -1
78 80 1
78 84 -1
78 85 1
78 88 1
78 90 1
78 98 1
78 102 -1
78 103 1
78 106 1
78 107 -1
78 108 -1
78 110 1
78 111 1
78 112 1
78 130 -1
78 131 1
78 132 -1
78 136 1
78 137 1
78 139 1
78 149 -1
78 151 -1
78 152 -1
78 153 1
78 155 1
78 156 1
78 159 1
78 165 1
78 168 1
78 175 1
78 178 -1
78 184 1
78 185 1
78 186 1
79 1 -1
79 7 -1
79 11 1
79 13 1
79 16 1
79 21 1
79 24 1
79 27 1
79 28 -1
79 31 1
79 42 1
79 46 1
79 48 -1
79 55 1
79 57 1
79 60 1
79 63 1
79 65 1
79 71 1
79 74 1
79 76 -1
79 77 1
79 80 1
79 87 1
79 90 1
79 92 -1
79 93 1
79 95 -1
79 99 1
79 101 1
79 102 1
79 107 -1
79 116 1
79 121 1
79 123 -1
79 129 1
79 139 1
79 143 1
79 145 -1
79 147 1
79 148 1
79 150 1
79 151 1
79 157 1
79 163 1
79 165 1
79 174 1
79 179 -1
79 180 -1
79 183 -1
79 187 1
80 3 1
80 6 1
80 8 1
80 9 -1
80 14 1
80 23 -1
80 30 1
80 34 1
80 35 -1
80 42 -1
80 56 1
80 69 -1
80 71 -1
80 77 -1
80 81 1
80 85 -1
80 86 1
80 88 1
80 89 -1
80 91 1
80 92 1
80 93 1
80 95 1
80 99 1
80 101 1
80 103 1
80 104 1
80 106 1
80 107 1
80 112 1
80 116 -1
80 118 -1
80 128 1
80 129 1
80 131 1
80 133 1
80 134 -1
80 135 -1
80 136 1
80 146 -1
80 147 1
80 151 1
80 154 1
80 157 1
80 161 1
80 167 1
80 174 1
80 181 -1
80 184 1
80 186 -1
81 2 -1
81 14 -1
81 18 -1
81 21 1
81 34 1
81 35 1
81 37 1
81 45 1
81 57 1
81 58 1
81 61 1
81 71 -1
81 72 1
81 75 -1
81 78 1
81 79 1
81 89 1
81 90 1
81 95 1
81 98 1
81 110 1
81 119 1
81 125 1
81 130 1
81 134 1
81 136 1
81 142 1
81 143 1
81 152 1
81 155 -1
81 157 1
81 158 1
81 161 1
81 165 1
81 173 1
81 178 1
81 179 1
81 184 1
82 1 1
82 2 1
82 8 1
82 13 1
82 18 1
82 23 1
82 25 1
82 30 1
82 32 -1
82 36 1
82 39 1
82 40 1
82 41 1
82 44 1
82 51 1
82 58 1
82 60 -1
82 61 1
82 68 1
82 74 -1
82 79 1
82 80 1
82 81 1
82 83 1
82 84 -1
82 90 1
82 94 1
82 95 -1
82 96 1
82 102 1
82 104 1
82 105 1
82 106 1
82 110 1
82 111 1
82 112 -1
82 113 1
82 114 1
82 122 1
82 123 1
82 125 1
82 126 1
82 144 1
82 146 1
82 147 1
82 148 -1
82 161 -1
82 167 1
82 170 1
82 172 1
82 182 1
82 185 1
83 2 1
83 4 1
83 7 1
83 22 1
83 28 -1
83 31 1
83 37 1
83 41 -1
83 42 1
83 44 1
83 45 1
83 51 1
83 58 1
83 62 1
83 72 1
83 80 1
83 81 1
83 85 1
83 87 1
83 88 -1
83 91 -1
83 94 1
83 96 1
83 97 1
83 100 1
83 102 1
83 113 -1
83 118 1
83 123 1
83 125 1
83 130 1
83 131 1
83 136 1
83 139 -1
83 144 1
83 145 -1
83 156 1
83 158 1
83 160 1
83 161 1
83 162 1
83 165 1
83 167 1
83 170 -1
83 176 1
83 177 -1
83 179 1
83 180 1
83 181 -1
83 185 1
83 187 1
83 189 1
84 16 -1
84 17 1
84 25 1
84 26 1
84 27 1
84 37 1
84 44 -1
84 45 1
84 48 1
84 49 1
84 50 1
84 54 1
84 55 1
84 58 1
84 64 1
84 65 -1
84 69 1
84 71 1
84 72 1
84 74 1
84 81 1
84 88 1
84 89 1
84 94 1
84 96 1
84 102 -1
84 110 1
84 112 1
84 113 1
84 126 1
84 130 1
84 131 -1
84 132 -1
84 134 1
84 136 1
84 139 1
84 146 1
84 149 1
84 150 1
84 151 1
84 152 1
84 154 1
84 157 1
84 160 1
84 161 -1
84 167 1
84 171 1
84 177 1
84 184 1
84 185 1
84 186 -1
84 187 1
85 3 1
85 5 1
85 8 1
85 9 1
85 15 1
85 20 1
85 21 1
85 26 -1
85 34 -1
85 38 1
85 42 1
85 45 -1
85 48 1
85 56 1
85 58 1
85 60 1
85 67 1
85 70 1
85 72 1
85 75 1
85 77 1
85 79 1
85 91 1
85 93 1
85 106 1
85 107 1
85 115 -1
85 120 1
85 121 -1
85 123 -1
85 129 -1
85 130 1
85 132 -1
85 137 -1
85 140 -1
85 142 1
85 154 1
85 155 -1
85 158 1
85 164 1
85 169 1
85 170 1
85 171 1
85 184 1
85 188 1
85 189 1
85 190 1
86 2 1
86 8 1
86 10 -1
86 12 1
86 14 1
86 15 1
86 19 1
86 21 -1
86 35 1
86 40 1
86 44 1
86 52 1
86 53 1
86 57 1
86 59 -1
86 62 1
86 70 1
86 76 -1
86 78 1
86 81 1
86 84 -1
86 88 -1
86 90 1
86 91 1
86 102 1
86 105 1
86 108 1
86 118 1
86 119 -1
86 120 1
86 124 1
86 136 -1
86 143 1
86 144 -1
86 152 1
86 159 -1
86 160 1
86 161 1
86 163 1
86 166 1
86 176 1
86 178 1
86 188 1
86 189 1
86 190 1
87 2 -1
87 9 1
87 11 1
87 12 1
87 13 -1
87 14 1
87 18 1
87 19 1
87 21 1
87 24 -1
87 26 1
87 32 1
87 33 1
87 35 1
87 38 1
87 40 1
87 44 -1
87 60 1
87 61 1
87 62 1
87 63 -1
87 67 1
87 75 1
87 76 1
87 85 1
87 90 1
87 95 1
87 98 1
87 99 1
87 108 -1
87 109 1
87 112 1
87 114 1
87 115 1
87 116 1
87 118 1
87 120 -1
87 124 1
87 126 1
87 129 1
87 134 1
87 135 1
87 136 1
87 140 1
87 146 1
87 150 1
87 158 1
87 161 1
87 165 1
87 172 1
87 174 1
87 177 1
87 178 1
87 183 1
87 189 1
87 190 1
88 5 1
88 10 1
88 12 -1
88 14 1
88 15 1
88 18 1
88 20 1
88 21 -1
88 24 1
88 29 1
88 33 1
88 34 -1
88 37 1
88 38 1
88 58 1
88 59 1
88 60 -1
88 61 1
88 64 1
88 67 1
88 70 1
88 85 -1
88 87 1
88 89 1
88 95 -1
88 104 1
88 106 1
88 108 1
88 109 -1
88 110 1
88 112 1
88 113 1
88 117 1
88 125 1
88 128 1
88 130 1
88 131 1
88 137 1
88 140 1
88 146 1
88 151 1
88 152 1
88 153 -1
88 157 1
88 166 1
88 168 1
88 173 1
88 179 1
88 187 1
89 9 1
89 15 1
89 16 -1
89 20 1
89 21 1
89 31 1
89 35 1
89 37 1
89 45 -1
89 46 1
89 52 1
89 54 1
89 55 1
89 57 1
89 61 -1
89 62 1
89 65 -1
89 74 1
89 76 1
89 78 1
89 83 1
89 85 1
89 86 1
89 87 1
89 92 1
89 96 1
89 97 -1
89 104 1
89 107 1
89 113 1
89 114 1
89 118 -1
89 124 1
89 126 1
89 128 1
89 135 1
89 138 1
89 143 -1
89 148 1
89 151 1
89 154 -1
89 159 -1
89 162 1
89 170 -1
89 173 1
89 181 1
90 1 1
90 2 1
90 8 1
90 11 1
90 12 1
90 13 -1
90 17 -1
90 20 1
90 24 1
90 26 1
90 30 1
90 31 1
90 34 1
90 41 1
90 48 1
90 52 1
90 59 1
90 63 1
90 64 1
90 71 1
90 74 1
90 84 1
90 88 1
90 99 -1
90 106 1
90 107 -1
90 108 1
90 110 -1
90 111 1
90 122 1
90 123 1
90 124 1
90 138 1
90 144 1
90 145 1
90 150 1
90 153 1
90 158 1
90 162 -1
90 166 1
90 170 1
90 180 1
90 186 1
91 3 1
91 8 1
91 9 -1
91 11 1
91 14 1
91 16 1
91 28 -1
91 46 1
91 50 -1
91 51 1
91 56 1
91 58 -1
91 60 1
91 65 -1
91 70 -1
91 74 -1
91 87 1
91 105 1
91 106 1
91 108 1
91 111 1
91 113 1
91 114 1
91 119 1
91 124 1
91 125 -1
91 127 1
91 129 -1
91 134 1
91 142 1
91 145 1
91 152 -1
91 153 1
91 154 1
91 155 1
91 156 1
91 166 1
91 168 1
91 171 1
91 172 -1
91 173 -1
91 186 1
91 187 -1
92 1 1
92 2 -1
92 7 1
92 8 1
92 12 1
92 15 1
92 17 1
92 18 1
92 20 1
92 25 1
92 27 1
92 29 -1
92 30 1
92 36 1
92 37 1
92 40 1
92 42 1
92 46 1
92 47 1
92 51 1
92 54 -1
92 58 1
92 62 -1
92 81 1
92 90 1
92 93 -1
92 94 1
92 104 1
92 105 1
92 106 1
92 109 1
92 113 1
92 115 1
92 119 1
92 130 1
92 133 1
92 138 1
92 141 1
92 142 1
92 145 1
92 146 1
92 150 1
92 154 1
92 155 1
92 157 1
92 161 1
92 163 1
92 169 1
92 173 1
93 1 1
93 3 1
93 5 -1
93 6 -1
93 14 1
93 15 1
93 24 1
93 31 1
93 34 1
93 35 1
93 39 1
93 49 1
93 50 1
93 51 -1
93 53 1
93 58 1
93 74 1
93 82 1
93 86 1
93 89 1
93 96 -1
93 99 -1
93 103 -1
93 104 1
93 109 1
93 111 1
93 115 1
93 118 -1
93 120 1
93 121 -1
93 123 1
93 125 1
93 127 1
93 128 1
93 137 -1
93 138 -1
93 139 1
93 143 1
93 148 1
93 149 1
93 154 1
93 163 -1
93 166 1
93 169 1
93 176 -1
93 181 1
93 184 1
93 185 1
93 190 -1
94 2 1
94 6 1
94 10 -1
94 11 -1
94 31 1
94 37 1
94 39 -1
94 46 1
94 51 -1
94 53 1
94 61 1
94 65 1
94 69 -1
94 73 1
94 79 1
94 80 1
94 85 1
94 98 1
94 102 1
94 108 1
94 111 1
94 117 1
94 118 1
94 120 1
94 121 1
94 124 -1
94 127 -1
94 129 1
94 130 1
94 134 1
94 137 1
94 142 1
94 143 -1
94 145 1
94 147 -1
94 152 1
94 155 1
94 172 1
94 173 1
94 174 1
94 177 1
94 179 1
94 184 1
94 187 1
94 189 -1
94 190 1
95 6 1
95 11 1
95 16 1
95 19 -1
95 22 1
95 26 1
95 28 1
95 29 -1
95 34 1
95 35 1
95 38 1
95 39 1
95 41 1
95 55 1
95 56 1
95 58 -1
95 60 1
95 62 1
95 69 1
95 70 -1
95 72 -1
95 78 1
95 85 1
95 86 1
95 90 1
95 93 1
95 94 1
95 100 1
95 103 1
95 106 1
95 112 1
95 115 1
95 117 1
95 120 1
95 124 1
95 133 1
95 134 -1
95 135 1
95 140 1
95 145 1
95 150 1
95 151 -1
95 156 1
95 157 1
95 171 1
95 173 1
95 174 -1
95 175 1
95 178 1
95 180 -1
95 181 -1
95 188 1
96 5 1
96 6 -1
96 12 1
96 13 1
96 16 1
96 18 1
96 22 1
96 29 1
96 32 -1
96 33 -1
96 37 1
96 43 1
96 45 1
96 46 -1
96 53 1
96 59 1
96 64 1
96 65 1
96 66 1
96 68 1
96 77 1
96 78 1
96 90 1
96 97 1
96 100 1
96 102 1
96 106 1
96 107 1
96 110 1
96 117 1
96 119 -1
96 120 1
96 123 1
96 133 1
96 142 1
96 146 1
96 163 1
96 169 -1
96 171 1
96 173 1
96 175 1
96 178 1
96 181 1
96 184 -1
96 186 1
97 1 -1
97 4 1
97 21 -1
97 25 1
97 30 1
97 33 -1
97 34 1
97 45 -1
97 47 1
97 54 1
97 55 1
97 59 -1
97 65 -1
97 68 1
97 70 1
97 73 -1
97 74 1
97 76 1
97 77 1
97 78 1
97 79 1
97 90 -1
97 93 1
97 106 -1
97 108 1
97 112 1
97 113 1
97 114 1
97 119 -1
97 121 -1
97 125 1
97 126 1
97 127 1
97 130 -1
97 133 1
97 134 1
97 135 -1
97 138 1
97 146 1
97 147 1
97 156 1
97 171 1
97 177 1
97 179 1
97 184 1
97 187 -1
97 188 1
98 6 1
98 12 1
98 13 1
98 14 -1
98 17 1
98 20 1
98 28 1
98 30 -1
98 39 1
98 53 -1
98 69 1
98 70 1
98 73 1
98 75 1
98 76 1
98 77 1
98 88 1
98 91 1
98 104 -1
98 105 -1
98 112 1
98 117 1
98 118 -1
98 119 1
98 121 1
98 122 1
98 123 1
98 126 1
98 127 1
98 135 -1
98 137 1
98 140 1
98 141 1
98 143 1
98 144 1
98 145 1
98 146 -1
98 148 1
98 151 1
98 154 1
98 156 1
98 161 1
98 162 1
98 167 1
98 183 1
98 189 1
99 1 1
99 2 1
99 3 1
99 4 1
99 7 -1
99 13 1
99 14 1
99 15 -1
99 16 1
99 24 1
99 25 1
99 29 1
99 30 1
99 31 1
99 34 1
99 35 1
99 37 1
99 42 1
99 46 -1
99 47 1
99 49 1
99 50 -1
99 52 1
99 56 1
99 59 1
99 61 1
99 63 1
99 65 1
99 67 1
99 70 -1
99 72 1
99 82 1
99 83 1
99 84 1
99 96 -1
99 100 1
99 103 1
99 105 1
99 112 1
99 120 -1
99 121 -1
99 122 1
99 130 1
99 131 1
99 140 1
99 149 1
99 152 1
99 157 1
99 158 1
99 168 1
99 169 1
99 170 1
99 174 1
99 175 1
99 177 1
99 178 -1
99 180 -1
99 187 1
100 10 1
100 11 -1
100 14 1
100 21 1
100 22 1
100 23 1
100 25 1
100 26 1
100 35 -1
100 39 1
100 42 1
100 45 1
100 52 1
100 53 1
100 75 1
100 88 1
100 89 1
100 90 1
100 94 1
100 97 1
100 101 1
100 104 -1
100 107 1
100 109 1
100 112 1
100 113 1
100 114 1
100 124 1
100 126 1
100 128 1
100 129 -1
100 132 1
100 137 1
100 143 1
100 150 1
100 157 1
100 166 1
100 167 1
100 168 -1
100 169 1
100 171 1
100 180 1
100 183 -1
100 184 1
100 187 1
100 189 1
101 3 1
101 6 1
101 9 1
101 12 -1
101 13 1
101 17 -1
101 25 -1
101 26 -1
101 29 1
101 31 1
101 33 1
101 39 1
101 40 1
101 41 1
101 48 -1
101 50 1
101 51 -1
101 52 1
101 56 1
101 63 -1
101 64 -1
101 72 -1
101 84 -1
101 88 1
101 91 1
101 92 1
101 98 1
101 105 1
101 107 1
101 108 1
101 112 -1
101 113 1
101 118 1
101 121 1
101 125 1
101 130 1
101 131 1
101 132 1
101 137 1
101 140 1
101 142 1
101 144 1
101 145 1
101 146 1
101 149 1
101 153 -1
101 156 1
101 159 1
101 161 1
101 162 1
101 173 1
101 174 1
101 176 -1
101 179 -1
101 181 1
102 2 1
102 3 1
102 4 1
102 5 1
102 12 -1
102 15 1
102 16 1
102 18 1
102 19 1
102 20 1
102 22 1
102 28 -1
102 34 1
102 37 1
102 46 1
102 47 -1
102 52 1
102 55 -1
102 57 1
102 58 1
102 66 1
102 68 1
102 71 1
102 73 1
102 75 1
102 76 -1
102 89 1
102 100 1
102 105 1
102 115 -1
102 125 -1
102 133 1
102 134 -1
102 138 -1
102 139 1
102 144 -1
102 147 1
102 148 1
102 156 1
102 158 1
102 175 1
102 178 1
102 179 1
102 180 1
102 182 1
103 7 -1
103 25 -1
103 34 1
103 35 1
103 36 -1
103 37 1
103 38 1
103 40 1
103 42 1
103 51 1
103 52 1
103 53 1
103 55 1
103 56 1
103 62 -1
103 75 -1
103 76 1
103 79 1
103 81 1
103 84 1
103 91 1
103 101 1
103 106 1
103 110 1
103 113 1
103 116 1
103 124 1
103 132 1
103 133 1
103 134 -1
103 138 1
103 140 -1
103 144 -1
103 156 1
103 157 1
103 159 1
103 162 1
103 165 1
103 167 1
103 171 1
103 183 1
104 3 -1
104 12 1
104 14 1
104 15 -1
104 22 1
104 23 1
104 27 -1
104 30 -1
104 33 1
104 34 1
104 38 1
104 42 1
104 48 1
104 50 1
104 53 1
104 57 -1
104 63 1
104 64 1
104 65 1
104 69 1
104 76 1
104 83 1
104 86 -1
104 91 -1
104 97 1
104 101 1
104 113 1
104 115 1
104 117 1
104 122 1
104 127 -1
104 130 1
104 134 1
104 135 1
104 138 1
104 140 1
104 141 1
104 142 -1
104 144 1
104 145 1
104 149 1
104 152 1
104 155 -1
104 158 1
104 159 -1
104 170 -1
104 171 1
104 175 1
104 179 1
104 182 1
104 183 1
104 189 1
105 19 1
105 25 1
105 27 1
105 28 1
105 29 1
105 41 1
105 50 1
105 59 -1
105 65 1
105 66 1
105 68 1
105 78 -1
105 79 1
105 87 1
105 90 1
105 93 1
105 94 -1
105 96 1
105 97 1
105 103 1
105 104 1
105 109 1
105 112 -1
105 115 1
105 120 1
105 125 1
105 127 1
105 131 1
105 135 -1
105 137 1
105 143 1
105 144 -1
105 150 1
105 151 1
105 153 1
105 154 1
105 155 1
105 156 -1
105 162 1
105 170 1
105 172 1
105 177 -1
105 186 -1
106 5 1
106 8 1
106 9 1
106 10 1
106 12 1
106 13 1
106 19 1
106 22 1
106 27 1
106 33 1
106 37 1
106 47 1
106 54 -1
106 55 1
106 56 1
106 60 1
106 67 1
106 70 1
106 73 1
106 75 1
106 77 -1
106 79 1
106 81 1
106 84 1
106 101 1
106 104 1
106 110 1
106 115 1
106 121 1
106 125 1
106 126 1
106 127 1
106 130 -1
106 131 1
106 132 -1
106 135 1
106 136 1
106 138 1
106 140 1
106 152 1
106 160 1
106 161 1
106 162 1
106 172 1
106 176 1
106 179 1
106 182 -1
106 183 1
107 1 -1
107 3 1
107 4 1
107 6 -1
107 7 1
107 17 1
107 21 1
107 38 1
107 40 1
107 41 1
107 42 -1
107 46 1
107 48 1
107 58 1
107 59 1
107 73 -1
107 74 -1
107 81 1
107 84 1
107 87 -1
107 88 1
107 91 1
107 93 1
107 99 1
107 102 1
107 104 1
107 105 -1
107 106 1
107 110 1
107 118 -1
107 126 1
107 127 1
107 128 1
107 129 1
107 130 1
107 131 1
107 133 1
107 135 -1
107 146 1
107 147 1
107 148 1
107 150 1
107 153 1
107 163 1
107 166 1
107 173 1
107 190 1
108 1 1
108 6 1
108 15 1
108 16 -1
108 18 1
108 22 1
108 25 1
108 35 1
108 39 1
108 48 1
108 51 1
108 52 1
108 54 1
108 55 1
108 57 1
108 58 1
108 61 1
108 64 -1
108 68 1
108 73 1
108 75 -1
108 84 1
108 92 1
108 102 1
108 103 1
108 104 1
108 105 1
108 106 1
108 107 1
108 109 1
108 110 -1
108 119 1
108 121 1
108 123 1
108 128 -1
108 129 1
108 133 1
108 134 1
108 146 -1
108 147 1
108 154 1
108 160 1
108 164 1
108 165 1
108 169 -1
108 171 1
108 179 -1
108 184 1
108 186 1
108 187 1
109 4 1
109 6 1
109 15 1
109 16 1
109 20 -1
109 24 1
109 29 -1
109 31 1
109 37 1
109 39 1
109 46 1
109 48 1
109 50 -1
109 54 1
109 57 1
109 60 1
109 61 1
109 66 -1
109 67 1
109 83 1
109 95 1
109 97 1
109 99 1
109 107 1
109 117 1
109 120 1
109 121 1
109 128 -1
109 129 1
109 151 1
109 152 -1
109 153 1
109 158 1
109 163 1
109 168 1
109 175 -1
109 178 1
109 180 1
109 183 1
109 186 1
110 7 1
110 21 1
110 22 1
110 23 1
110 30 1
110 31 -1
110 34 -1
110 41 -1
110 42 -1
110 46 1
110 49 1
110 53 1
110 62 1
110 63 -1
110 67 1
110 68 -1
110 72 1
110 76 1
110 80 1
110 85 -1
110 86 -1
110 89 -1
110 94 -1
110 98 1
110 102 1
110 104 1
110 112 1
110 116 1
110 121 1
110 127 1
110 131 1
110 137 -1
110 140 1
110 141 1
110 149 1
110 153 1
110 154 1
110 155 1
110 159 1
110 161 1
110 170 1
110 171 1
110 173 1
110 178 -1
110 182 1
110 185 -1
110 186 1
110 188 1
110 190 1
111 13 1
111 23 -1
111 24 1
111 25 1
111 27 1
111 28 -1
111 29 1
111 32 1
111 45 1
111 50 1
111 61 1
111 71 1
111 79 1
111 83 1
111 89 1
111 95 1
111 100 1
111 101 1
111 103 1
111 106 1
111 109 1
111 117 1
111 119 1
111 121 1
111 123 1
111 124 1
111 125 1
111 128 1
111 129 1
111 133 1
111 137 1
111 141 1
111 144 1
111 146 -1
111 147 1
111 148 1
111 151 1
111 153 1
111 154 1
111 155 1
111 160 1
111 164 -1
111 176 1
111 185 -1
112 2 1
112 3 1
112 6 1
112 7 1
112 10 1
112 13 1
112 25 1
112 33 1
112 42 1
112 50 1
112 55 1
112 57 1
112 59 1
112 68 1
112 71 1
112 72 1
112 77 -1
112 79 1
112 81 1
112 92 1
112 111 -1
112 118 1
112 119 -1
112 125 1
112 126 1
112 128 1
112 129 -1
112 132 1
112 136 1
112 141 1
112 148 1
112 163 1
112 164 1
112 165 1
112 169 -1
112 171 -1
112 177 1
112 179 -1
112 182 -1
112 185 -1
112 189 -1
112 190 1
113 1 1
113 14 1
113 18 -1
113 24 1
113 27 1
113 28 1
113 29 -1
113 33 1
113 37 1
113 43 -1
113 44 1
113 45 1
113 46 1
113 47 1
113 48 1
113 56 -1
113 62 1
113 66 1
113 68 1
113 69 1
113 74 -1
113 79 1
113 86 -1
113 93 -1
113 99 -1
113 102 1
113 109 1
113 110 1
113 117 1
113 119 1
113 122 1
113 133 1
113 144 1
113 147 -1
113 152 1
113 154 -1
113 156 1
113 162 1
113 163 1
113 164 -1
113 169 -1
113 170 -1
113 171 -1
113 173 1
113 174 -1
113 182 1
113 183 1
113 184 1
113 185 1
113 189 1
114 1 1
114 5 1
114 6 1
114 12 1
114 14 1
114 33 1
114 46 1
114 47 1
114 61 1
114 66 1
114 69 1
114 70 1
114 71 1
114 73 -1
114 74 1
114 75 1
114 76 1
114 78 1
114 80 1
114 84 1
114 88 1
114 90 1
114 95 1
114 98 -1
114 101 1
114 105 1
114 106 1
114 108 1
114 113 1
114 116 1
114 118 1
114 125 -1
114 131 1
114 133 1
114 140 1
114 144 1
114 157 1
114 160 1
114 162 1
114 163 1
114 168 1
114 172 1
114 178 -1
114 180 1
114 181 -1
114 183 1
114 186 1
114 190 1
115 1 1
115 4 1
115 17 1
115 24 1
115 34 -1
115 40 1
115 42 1
115 43 -1
115 48 -1
115 49 1
115 57 1
115 59 1
115 60 1
115 74 1
115 75 1
115 76 1
115 80 1
115 88 1
115 91 1
115 101 1
115 103 1
115 107 1
115 109 1
115 110 1
115 111 1
115 112 1
115 114 1
115 121 1
115 123 1
115 130 1
115 134 1
115 143 1
115 144 1
115 149 1
115 155 1
115 156 1
115 163 1
115 164 1
115 179 -1
115 180 1
115 183 1
115 185 1
115 187 1
115 189 1
116 4 1
116 8 1
116 9 1
116 12 1
116 27 1
116 29 1
116 30 -1
116 33 1
116 36 1
116 41 1
116 43 1
116 47 1
116 51 1
116 54 1
116 56 -1
116 59 1
116 64 1
116 68 1
116 74 1
116 77 -1
116 78 1
116 83 1
116 92 -1
116 95 1
116 99 1
116 100 -1
116 111 -1
116 115 -1
116 117 1
116 123 1
116 125 1
116 132 1
116 133 1
116 135 -1
116 140 1
116 143 1
116 145 1
116 146 -1
116 147 1
116 150 1
116 153 1
116 159 1
116 162 1
116 168 1
116 175 1
116 176 1
116 177 -1
116 182 1
116 184 -1
116 186 1
117 1 1
117 3 1
117 6 1
117 7 1
117 11 1
117 15 1
117 16 1
117 21 1
117 24 1
117 29 -1
117 38 1
117 39 1
117 47 1
117 48 1
117 58 -1
117 64 -1
117 65 1
117 75 -1
117 82 1
117 86 1
117 89 -1
117 103 1
117 106 1
117 107 -1
117 112 -1
117 114 1
117 115 1
117 120 1
117 122 1
117 130 1
117 134 1
117 137 1
117 142 1
117 146 1
117 147 1
117 150 1
117 156 -1
117 158 1
117 160 1
117 164 1
117 166 1
117 175 1
117 179 1
117 180 1
117 185 1
118 6 -1
118 10 1
118 22 1
118 24 1
118 33 1
118 44 1
118 46 1
118 48 1
118 51 1
118 72 1
118 85 1
118 96 1
118 97 -1
118 104 -1
118 108 -1
118 109 1
118 110 1
118 115 1
118 116 1
118 119 1
118 122 1
118 125 1
118 127 1
118 129 1
118 137 1
118 140 1
118 142 -1
118 148 1
118 150 -1
118 151 -1
118 161 1
118 163 1
118 164 1
118 165 1
118 166 1
118 170 1
118 178 1
118 185 1
118 187 1
118 189 1
118 190 1
119 1 1
119 3 1
119 6 1
119 8 1
119 10 1
119 11 -1
119 12 1
119 13 1
119 14 -1
119 15 1
119 16 -1
119 17 1
119 22 1
119 27 1
119 39 1
119 44 1
119 45 1
119 47 1
119 48 1
119 49 1
119 50 1
119 59 -1
119 62 1
119 68 1
119 71 -1
119 83 1
119 87 1
119 89 -1
119 94 1
119 101 1
119 104 1
119 105 1
119 115 1
119 116 -1
119 134 1
119 135 1
119 139 -1
119 149 1
119 156 1
119 161 1
119 163 1
119 164 1
119 166 -1
119 169 -1
119 173 1
119 175 1
120 2 -1
120 4 1
120 5 -1
120 11 -1
120 13 1
120 15 -1
120 18 1
120 20 -1
120 21 1
120 23 1
120 28 1
120 29 1
120 31 -1
120 35 1
120 37 -1
120 43 1
120 46 1
120 47 1
120 54 1
120 61 1
120 67 1
120 76 -1
120 77 1
120 79 1
120 92 -1
120 97 -1
120 98 1
120 100 -1
120 101 1
120 103 -1
120 104 1
120 106 1
120 107 1
120 112 1
120 118 1
120 127 1
120 132 -1
120 133 1
120 146 1
120 148 1
120 154 1
120 159 1
120 160 1
120 165 1
120 166 1
120 167 1
120 168 1
120 169 1
120 171 1
120 172 1
120 178 1
120 190 1
121 1 1
121 6 1
121 7 1
121 14 1
121 19 1
121 20 1
121 23 1
121 25 -1
121 27 -1
121 31 -1
121 32 1
121 34 1
121 35 1
121 39 1
121 43 1
121 45 1
121 48 1
121 50 1
121 53 1
121 59 1
121 62 1
121 63 1
121 64 1
121 67 1
121 68 1
121 69 1
121 83 1
121 87 1
121 92 1
121 100 1
121 103 1
121 104 -1
121 105 1
121 107 1
121 113 1
121 117 -1
121 119 1
121 125 1
121 136 1
121 144 1
121 152 1
121 154 -1
121 155 1
121 158 1
121 159 1
121 170 1
121 177 1
121 180 -1
121 181 1
121 182 1
121 184 1
122 4 1
122 6 -1
122 14 1
122 17 -1
122 22 1
122 26 1
122 34 1
122 40 1
122 44 -1
122 46 1
122 59 1
122 60 1
122 62 1
122 65 1
122 70 1
122 72 1
122 74 1
122 84 -1
122 85 1
122 86 1
122 94 -1
122 102 1
122 103 -1
122 109 1
122 110 1
122 116 1
122 121 1
122 127 1
122 128 1
122 132 1
122 138 1
122 140 1
122 142 1
122 144 1
122 147 1
122 149 1
122 155 1
122 158 1
122 159 1
122 164 1
122 168 1
122 169 -1
122 171 1
122 172 1
122 178 1
122 181 -1
122 188 1
122 189 -1
123 7 1
123 14 -1
123 23 1
123 24 1
123 29 -1
123 30 1
123 33 1
123 37 1
123 50 -1
123 51 1
123 54 1
123 55 -1
123 58 1
123 60 1
123 62 -1
123 66 1
123 67 1
123 68 1
123 70 -1
123 72 -1
123 75 -1
123 77 1
123 78 1
123 81 -1
123 87 1
123 89 1
123 95 -1
123 97 1
123 99 1
123 102 1
123 104 1
123 112 -1
123 118 -1
123 126 1
123 127 -1
123 128 1
123 129 1
123 131 1
123 136 -1
123 140 1
123 144 1
123 146 1
123 148 -1
123 149 1
123 150 1
123 154 1
123 157 1
123 161 1
123 165 -1
123 173 1
123 175 1
123 189 -1
124 2 -1
124 3 1
124 5 1
124 14 1
124 23 1
124 26 1
124 37 1
124 42 1
124 54 1
124 65 1
124 77 1
124 78 1
124 80 1
124 82 -1
124 84 1
124 85 1
124 92 -1
124 93 1
124 97 -1
124 101 1
124 110 1
124 117 -1
124 118 1
124 119 1
124 123 1
124 128 1
124 130 1
124 134 1
124 139 1
124 142 1
124 145 -1
124 147 1
124 149 1
124 153 1
124 160 1
124 166 1
124 169 -1
124 175 -1
124 182 -1
125 1 1
125 2 1
125 8 1
125 12 1
125 15 1
125 17 1
125 22 1
125 24 -1
125 27 1
125 32 1
125 35 1
125 36 -1
125 37 1
125 42 1
125 44 1
125 49 -1
125 54 1
125 59 1
125 73 1
125 78 1
125 87 1
125 90 1
125 92 1
125 99 -1
125 100 1
125 104 1
125 109 1
125 110 1
125 115 -1
125 120 1
125 123 1
125 128 -1
125 131 -1
125 134 1
125 137 1
125 144 1
125 149 1
125 150 -1
125 152 1
125 158 -1
125 160 -1
125 163 1
125 168 1
125 172 1
125 176 -1
125 184 1
126 1 -1
126 2 -1
126 3 -1
126 15 1
126 19 -1
126 20 -1
126 21 1
126 26 1
126 28 1
126 31 1
126 40 1
126 41 1
126 44 1
126 45 1
126 48 1
126 52 1
126 60 -1
126 64 1
126 66 -1
126 75 -1
126 76 1
126 85 1
126 94 1
126 96 1
126 102 1
126 103 1
126 108 1
126 110 1
126 113 1
126 116 1
126 118 1
126 120 1
126 121 1
126 132 1
126 133 1
126 134 1
126 136 1
126 137 1
126 140 1
126 152 1
126 154 -1
126 157 1
126 159 1
126 160 1
126 161 1
126 163 1
126 164 1
126 167 1
126 171 1
126 173 1
126 178 -1
126 182 1
126 187 1
127 8 1
127 11 -1
127 26 1
127 30 1
127 38 1
127 40 1
127 41 -1
127 44 1
127 54 1
127 57 1
127 59 1
127 63 -1
127 68 1
127 69 1
127 73 -1
127 79 -1
127 80 1
127 82 1
127 83 1
127 88 1
127 90 1
127 95 1
127 96 1
127 99 1
127 112 1
127 121 1
127 128 1
127 131 1
127 132 1
127 134 1
127 142 1
127 143 1
127 148 1
127 154 1
127 164 1
127 167 1
127 173 -1
127 175 -1
127 177 1
127 178 1
127 181 -1
127 185 1
127 188 1
127 189 1
128 6 1
128 12 1
128 13 1
128 25 1
128 26 1
128 32 -1
128 38 1
128 39 1
128 42 -1
128 44 1
128 50 -1
128 62 1
128 64 1
128 67 1
128 71 1
128 72 1
128 73 1
128 77 1
128 78 1
128 83 1
128 85 1
128 86 1
128 87 1
128 91 1
128 94 1
128 96 -1
128 98 1
128 101 1
128 114 1
128 115 -1
128 118 -1
128 119 1
128 138 -1
128 139 1
128 140 1
128 142 1
128 152 1
128 163 -1
128 168 1
128 170 -1
128 173 1
128 174 1
128 176 1
128 183 1
128 188 1
129 1 1
129 2 1
129 3 1
129 5 1
129 11 1
129 12 1
129 20 1
129 25 1
129 28 1
129 29 -1
129 33 -1
129 34 1
129 37 1
129 41 1
129 53 1
129 54 1
129 55 1
129 57 1
129 61 1
129 63 1
129 65 -1
129 76 1
129 78 1
129 81 1
129 82 1
129 84 1
129 92 1
129 95 1
129 96 1
129 99 1
129 101 1
129 103 1
129 105 1
129 116 -1
129 134 1
129 135 1
129 136 1
129 142 1
129 162 1
129 165 -1
129 170 1
129 177 -1
129 179 1
129 184 1
129 186 1
130 2 1
130 8 1
130 9 1
130 11 1
130 12 1
130 26 -1
130 33 1
130 40 1
130 42 1
130 44 1
130 50 -1
130 51 -1
130 54 1
130 55 -1
130 57 1
130 65 1
130 68 -1
130 69 1
130 72 -1
130 73 -1
130 80 1
130 82 1
130 90 1
130 98 1
130 100 1
130 110 1
130 118 1
130 120 1
130 122 -1
130 125 1
130 128 1
130 135 1
130 138 1
130 143 1
130 147 1
130 149 1
130 162 1
130 165 -1
130 168 -1
130 175 -1
130 178 1
130 186 1
130 190 1
131 3 1
131 4 1
131 5 1
131 7 -1
131 14 -1
131 19 -1
131 24 1
131 25 1
131 26 -1
131 32 1
131 33 1
131 37 1
131 38 1
131 43 1
131 47 -1
131 52 1
131 53 1
131 54 1
131 58 1
131 65 1
131 66 1
131 67 1
131 70 -1
131 71 1
131 77 1
131 85 1
131 87 -1
131 90 1
131 93 1
131 94 -1
131 102 1
131 103 1
131 113 1
131 115 1
131 118 1
131 119 1
131 132 1
131 135 1
131 138 1
131 153 1
131 155 1
131 162 1
131 163 1
131 165 1
131 170 1
131 175 1
131 181 1
132 18 1
132 21 -1
132 26 1
132 27 -1
132 33 1
132 34 1
132 40 1
132 49 -1
132 52 1
132 55 1
132 60 1
132 61 1
132 64 1
132 68 1
132 70 1
132 74 1
132 75 1
132 79 1
132 81 1
132 87 1
132 88 1
132 89 -1
132 90 1
132 94 1
132 98 1
132 105 1
132 110 1
132 123 1
132 128 1
132 137 1
132 144 1
132 145 1
132 152 1
132 162 1
132 165 -1
132 166 1
132 167 1
132 168 1
132 170 -1
132 176 1
132 180 1
132 181 1
132 183 -1
132 184 1
132 186 1
132 187 -1
132 190 1
133 8 -1
133 11 1
133 13 1
133 20 1
133 24 1
133 27 -1
133 31 1
133 32 1
133 40 1
133 45 1
133 47 1
133 51 1
133 54 1
133 56 1
133 62 1
133 72 1
133 84 1
133 85 1
133 87 -1
133 88 1
133 100 -1
133 109 -1
133 110 1
133 121 1
133 124 1
133 128 1
133 137 1
133 144 -1
133 145 1
133 147 1
133 149 1
133 160 1
133 165 -1
133 166 1
133 172 1
133 173 1
133 176 1
133 178 1
133 181 1
133 190 -1
134 2 1
134 4 1
134 15 1
134 26 1
134 32 -1
134 34 1
134 41 -1
134 43 1
134 46 1
134 48 1
134 55 1
134 57 1
134 58 1
134 59 -1
134 63 1
134 71 -1
134 79 1
134 83 1
134 86 -1
134 93 1
134 99 1
134 100 -1
134 101 1
134 110 1
134 112 -1
134 113 1
134 120 1
134 122 -1
134 123 1
134 130 1
134 131 1
134 133 1
134 142 1
134 144 1
134 147 1
134 149 1
134 153 1
134 161 -1
134 162 1
134 164 1
134 165 1
134 168 1
134 171 1
134 172 1
134 173 -1
134 179 1
134 182 1
134 183 1
134 185 1
135 1 1
135 2 -1
135 4 1
135 10 1
135 11 1
135 21 1
135 22 1
135 25 -1
135 35 -1
135 43 1
135 47 1
135 51 1
135 52 1
135 56 1
135 57 1
135 58 1
135 61 -1
135 65 1
135 66 1
135 69 1
135 70 1
135 72 1
135 76 1
135 78 1
135 83 1
135 84 1
135 90 -1
135 92 -1
135 93 1
135 94 1
135 96 1
135 100 1
135 111 1
135 113 -1
135 117 1
135 121 1
135 124 1
135 125 1
135 138 1
135 141 1
135 142 1
135 152 1
135 166 1
135 169 1
135 174 1
135 177 -1
135 180 1
135 187 -1
136 1 1
136 3 1
136 5 1
136 9 1
136 12 1
136 24 1
136 33 1
136 36 1
136 52 1
136 54 -1
136 55 1
136 69 1
136 71 1
136 73 1
136 76 1
136 89 1
136 90 1
136 91 1
136 94 -1
136 99 1
136 102 1
136 104 1
136 105 -1
136 107 1
136 111 1
136 114 -1
136 118 1
136 124 1
136 125 1
136 131 -1
136 133 -1
136 134 1
136 135 1
136 140 1
136 141 1
136 142 1
136 143 1
136 147 1
136 151 1
136 154 1
136 156 1
136 160 1
136 168 1
136 172 1
136 177 1
136 180 1
136 181 -1
136 184 1
137 5 1
137 6 1
137 10 1
137 12 -1
137 17 1
137 18 1
137 20 1
137 21 1
137 28 -1
137 35 1
137 38 1
137 39 1
137 40 1
137 41 1
137 42 1
137 48 1
137 52 1
137 66 1
137 80 1
137 82 1
137 89 1
137 90 1
137 91 1
137 92 1
137 104 -1
137 106 1
137 107 1
137 112 -1
137 115 1
137 120 -1
137 134 1
137 139 1
137 140 1
137 144 1
137 146 1
137 156 1
137 158 1
137 167 1
137 168 1
137 175 1
137 176 -1
137 180 1
137 181 -1
137 183 1
137 190 1
138 8 1
138 9 1
138 16 -1
138 23 1
138 27 -1
138 29 1
138 37 -1
138 38 1
138 51 -1
138 53 -1
138 61 1
138 69 1
138 70 1
138 73 1
138 78 1
138 79 -1
138 81 1
138 95 -1
138 105 -1
138 107 -1
138 108 1
138 110 -1
138 113 1
138 114 1
138 123 1
138 126 1
138 133 -1
138 140 1
138 146 1
138 156 1
138 157 1
138 158 1
138 159 -1
138 160 1
138 170 1
138 171 1
138 178 1
138 185 1
138 188 1
139 4 1
139 5 -1
139 12 1
139 14 -1
139 16 -1
139 22 1
139 27 1
139 30 1
139 33 1
139 35 1
139 36 1
139 38 1
139 42 1
139 44 1
139 50 1
139 52 1
139 56 1
139 60 1
139 69 1
139 70 1
139 73 1
139 76 1
139 77 -1
139 81 -1
139 92 1
139 98 1
139 99 1
139 100 1
139 101 1
139 104 1
139 109 1
139 115 1
139 116 -1
139 120 1
139 122 1
139 127 1
139 132 1
139 134 -1
139 141 1
139 143 1
139 150 1
139 152 1
139 154 -1
139 156 -1
139 157 -1
139 166 1
139 177 1
139 181 -1
139 185 1
139 186 1
139 187 1
140 8 -1
140 9 1
140 16 1
140 19 1
140 21 1
140 27 -1
140 28 1
140 34 1
140 44 -1
140 46 -1
140 56 -1
140 62 1
140 68 1
140 69 -1
140 71 1
140 80 1
140 82 1
140 83 1
140 89 1
140 90 1
140 96 -1
140 100 1
140 102 1
140 107 1
140 111 -1
140 117 1
140 132 1
140 133 1
140 142 1
140 149 1
140 150 1
140 154 1
140 155 1
140 164 1
140 167 1
140 174 1
140 190 1
141 7 -1
141 8 1
141 9 1
141 12 1
141 17 1
141 21 1
141 23 -1
141 29 -1
141 36 1
141 37 -1
141 38 -1
141 41 1
141 47 -1
141 50 1
141 53 1
141 61 -1
141 81 1
141 84 1
141 86 -1
141 87 1
141 90 -1
141 94 1
141 97 -1
141 100 -1
141 102 1
141 106 -1
141 108 1
141 109 1
141 113 -1
141 115 1
141 121 -1
141 128 1
141 129 -1
141 133 1
141 138 -1
141 140 -1
141 157 1
141 164 -1
141 165 1
141 169 -1
141 172 -1
141 175 -1
141 178 -1
141 179 1
141 180 1
141 184 1
141 188 1
142 1 1
142 5 1
142 6 1
142 7 1
142 10 1
142 11 1
142 12 1
142 24 1
142 27 1
142 28 -1
142 30 1
142 38 1
142 40 1
142 44 1
142 48 1
142 53 1
142 58 -1
142 60 1
142 61 -1
142 66 -1
142 74 1
142 79 1
142 80 1
142 98 1
142 99 1
142 100 1
142 102 1
142 109 -1
142 114 1
142 115 -1
142 116 1
142 120 -1
142 121 1
142 123 1
142 125 1
142 133 1
142 146 -1
142 149 1
142 156 -1
142 158 1
142 160 -1
142 163 1
142 164 1
142 165 1
142 168 1
142 170 -1
142 173 1
142 174 1
142 176 1
142 189 1
143 7 1
143 10 1
143 15 1
143 16 1
143 18 1
143 24 -1
143 25 1
143 26 1
143 29 1
143 30 -1
143 33 1
143 35 1
143 36 1
143 37 1
143 40 1
143 45 -1
143 46 1
143 52 -1
143 53 1
143 54 1
143 55 1
143 56 1
143 57 1
143 58 -1
143 65 1
143 66 -1
143 68 1
143 69 -1
143 71 1
143 73 1
143 77 1
143 84 -1
143 85 1
143 91 -1
143 92 -1
143 95 -1
143 96 -1
143 99 1
143 109 1
143 110 1
143 111 -1
143 117 1
143 124 1
143 126 1
143 128 1
143 129 1
143 132 1
143 133 1
143 138 1
143 140 -1
143 141 1
143 150 1
143 155 -1
143 163 1
143 165 1
143 168 1
143 176 1
143 178 -1
143 179 1
143 180 1
143 186 1
143 190 1
144 3 1
144 7 1
144 9 1
144 12 1
144 14 1
144 24 1
144 25 1
144 32 1
144 33 1
144 35 1
144 38 -1
144 43 1
144 44 1
144 46 1
144 48 1
144 50 1
144 59 1
144 63 1
144 64 -1
144 65 1
144 74 1
144 81 -1
144 84 -1
144 87 1
144 92 -1
144 96 1
144 106 -1
144 109 1
144 110 1
144 116 1
144 124 -1
144 128 -1
144 131 1
144 138 1
144 146 1
144 149 1
144 157 1
144 167 1
144 170 1
144 172 1
144 181 -1
145 6 1
145 7 1
145 9 -1
145 10 1
145 11 1
145 14 1
145 17 1
145 20 1
145 24 -1
145 28 1
145 34 1
145 38 1
145 44 1
145 45 -1
145 50 1
145 51 1
145 53 1
145 55 1
145 56 1
145 71 1
145 72 1
145 87 1
145 100 -1
145 102 1
145 106 1
145 111 1
145 113 -1
145 114 1
145 117 1
145 119 1
145 121 1
145 127 1
145 130 1
145 131 1
145 134 1
145 136 1
145 137 -1
145 140 -1
145 141 1
145 144 1
145 150 1
145 153 1
145 159 1
145 166 1
145 172 1
145 183 1
145 185 1
145 186 1
146 5 1
146 7 1
146 10 1
146 17 1
146 25 1
146 29 1
146 30 1
146 38 1
146 42 1
146 44 1
146 45 1
146 49 1
146 52 1
146 54 1
146 58 1
146 63 1
146 65 1
146 66 1
146 68 1
146 69 1
146 72 -1
146 73 1
146 75 1
146 78 1
146 93 -1
146 94 1
146 99 1
146 106 1
146 114 1
146 115 -1
146 122 1
146 124 1
146 128 1
146 129 -1
146 135 1
146 147 -1
146 152 1
146 153 1
146 155 1
146 156 1
146 157 1
146 158 1
146 162 1
146 163 -1
146 166 -1
146 167 -1
146 173 1
146 177 1
146 186 1
146 189 -1
147 1 -1
147 17 1
147 19 1
147 23 1
147 25 1
147 30 1
147 32 1
147 33 1
147 34 1
147 36 1
147 39 -1
147 43 1
147 52 1
147 64 1
147 67 1
147 70 1
147 86 1
147 90 1
147 95 1
147 96 1
147 101 1
147 103 1
147 104 1
147 115 -1
147 119 1
147 120 1
147 126 1
147 128 1
147 137 -1
147 141 -1
147 142 1
147 143 1
147 144 1
147 152 1
147 155 1
147 160 1
147 166 1
147 168 1
147 170 1
147 177 1
147 178 1
147 185 1
148 1 1
148 3 1
148 5 1
148 8 -1
148 10 1
148 13 1
148 15 1
148 20 1
148 21 1
148 23 1
148 27 1
148 28 1
148 31 1
148 33 1
148 35 1
148 36 -1
148 39 1
148 60 -1
148 63 1
148 74 -1
148 75 1
148 84 1
148 90 1
148 91 -1
148 92 1
148 94 -1
148 105 1
148 106 -1
148 110 1
148 124 1
148 134 1
148 135 1
148 139 1
148 141 1
148 143 -1
148 144 1
148 152 1
148 160 -1
148 161 -1
148 164 1
148 166 -1
148 171 1
148 172 1
148 179 1
148 181 1
148 184 1
148 186 1
148 187 -1
148 188 -1
149 2 1
149 4 1
149 6 1
149 16 1
149 18 1
149 26 1
149 27 1
149 30 1
149 32 1
149 33 1
149 39 -1
149 47 -1
149 52 1
149 53 1
149 54 1
149 57 1
149 59 1
149 79 1
149 86 1
149 87 1
149 89 1
149 91 1
149 95 1
149 98 1
149 103 -1
149 111 1
149 113 1
149 114 1
149 121 1
149 127 1
149 136 1
149 138 1
149 139 1
149 143 1
149 145 1
149 151 1
149 156 1
149 160 1
149 165 1
149 170 1
149 179 1
149 181 -1
149 183 1
149 187 1
149 189 1
149 190 1
150 2 -1
150 3 1
150 7 -1
150 8 1
150 12 1
150 13 1
150 17 1
150 19 1
150 20 -1
150 24 1
150 26 1
150 27 1
150 41 1
150 46 1
150 49 1
150 54 -1
150 55 1
150 56 -1
150 58 1
150 59 1
150 70 1
150 77 1
150 78 1
150 83 1
150 85 1
150 98 1
150 101 1
150 113 1
150 114 -1
150 120 1
150 127 1
150 130 1
150 132 -1
150 138 1
150 144 1
150 147 1
150 151 1
150 153 1
150 154 1
150 163 1
150 164 1
150 166 1
150 169 1
150 170 -1
150 171 1
150 173 1
150 179 1
150 180 1
150 181 1
150 182 1
150 188 1
150 190 1
151 2 1
151 18 -1
151 24 -1
151 26 1
151 29 1
151 37 1
151 39 1
151 51 -1
151 54 1
151 58 1
151 59 1
151 65 1
151 66 1
151 75 1
151 77 -1
151 81 -1
151 92 1
151 93 1
151 102 1
151 104 -1
151 115 1
151 122 1
151 123 1
151 125 1
151 126 1
151 127 1
151 132 1
151 135 1
151 137 1
151 142 1
151 143 1
151 147 1
151 148 1
151 152 -1
151 153 1
151 156 1
151 158 1
151 160 1
151 163 -1
151 166 1
151 175 1
151 180 1
151 181 -1
152 2 1
152 18 1
152 25 1
152 26 1
152 32 1
152 33 1
152 41 1
152 44 1
152 47 1
152 48 -1
152 52 1
152 54 1
152 59 1
152 61 1
152 64 1
152 65 -1
152 72 1
152 79 -1
152 95 1
152 98 1
152 100 1
152 101 -1
152 102 -1
152 105 -1
152 108 -1
152 119 1
152 124 1
152 130 1
152 131 1
152 133 1
152 144 1
152 145 1
152 150 1
152 154 1
152 155 1
152 157 1
152 165 -1
152 166 1
152 172 -1
152 183 1
152 185 -1
152 187 1
152 189 1
153 3 1
153 4 1
153 9 1
153 10 1
153 12 1
153 16 -1
153 18 1
153 20 1
153 21 1
153 28 1
153 30 1
153 38 -1
153 40 1
153 44 -1
153 54 1
153 57 -1
153 58 1
153 64 1
153 67 -1
153 75 1
153 76 -1
153 79 1
153 83 1
153 85 1
153 86 1
153 87 1
153 95 1
153 97 1
153 102 1
153 104 1
153 106 1
153 112 1
153 113 1
153 115 -1
153 117 1
153 119 1
153 120 -1
153 123 1
153 133 -1
153 136 1
153 143 -1
153 149 -1
153 155 1
153 156 -1
153 157 -1
153 163 1
153 164 1
153 169 1
153 173 1
153 178 1
153 182 1
153 183 -1
153 188 -1
154 2 1
154 5 1
154 6 1
154 10 1
154 15 1
154 16 1
154 23 1
154 24 1
154 30 -1
154 31 1
154 46 -1
154 54 1
154 58 1
154 59 1
154 60 1
154 62 1
154 66 1
154 69 -1
154 83 1
154 86 1
154 97 1
154 101 1
154 109 1
154 119 1
154 122 1
154 124 1
154 125 -1
154 129 1
154 132 1
154 145 -1
154 146 1
154 149 1
154 151 1
154 153 -1
154 158 -1
154 161 1
154 175 1
154 177 1
154 178 1
154 185 -1
154 187 -1
155 1 1
155 10 1
155 24 1
155 25 1
155 29 1
155 36 1
155 41 -1
155 46 -1
155 53 1
155 62 1
155 67 1
155 71 1
155 73 -1
155 74 1
155 75 1
155 76 1
155 77 -1
155 80 1
155 82 1
155 83 1
155 87 1
155 93 1
155 100 1
155 103 1
155 112 1
155 114 -1
155 124 1
155 125 1
155 130 1
155 135 1
155 148 1
155 151 1
155 160 1
155 162 1
155 163 -1
155 176 -1
155 181 1
155 183 1
155 184 1
155 188 -1
155 190 1
156 2 -1
156 6 1
156 8 1
156 10 1
156 11 1
156 15 1
156 16 1
156 20 1
156 25 1
156 28 -1
156 35 1
156 38 1
156 44 1
156 45 1
156 54 1
156 56 -1
156 58 -1
156 85 1
156 87 1
156 100 1
156 104 1
156 111 -1
156 114 -1
156 116 1
156 120 1
156 121 1
156 122 1
156 124 -1
156 125 1
156 126 1
156 140 -1
156 141 1
156 144 1
156 148 1
156 152 1
156 161 1
156 163 1
156 165 1
156 166 1
156 171 -1
156 173 1
156 185 -1
156 186 -1
156 187 1
157 1 1
157 2 1
157 4 -1
157 5 -1
157 11 1
157 12 -1
157 16 1
157 18 1
157 19 1
157 20 -1
157 25 -1
157 29 1
157 33 1
157 42 -1
157 46 1
157 51 -1
157 54 1
157 55 1
157 57 1
157 59 1
157 60 1
157 61 1
157 66 1
157 70 -1
157 73 1
157 83 1
157 86 -1
157 87 1
157 90 1
157 93 1
157 97 1
157 101 1
157 102 1
157 105 1
157 107 -1
157 110 1
157 112 -1
157 115 1
157 121 1
157 124 1
157 125 1
157 129 1
157 131 1
157 132 -1
157 133 -1
157 135 -1
157 140 1
157 142 1
157 147 1
157 154 1
157 155 1
157 156 1
157 168 1
157 169 1
157 172 1
157 174 1
157 178 1
157 181 1
157 182 1
158 7 1
158 13 1
158 21 1
158 26 1
158 38 -1
158 46 1
158 47 1
158 49 1
158 50 1
158 52 1
158 66 1
158 74 1
158 80 1
158 82 1
158 88 -1
158 89 1
158 94 1
158 110 1
158 113 1
158 115 1
158 116 1
158 119 -1
158 123 1
158 129 -1
158 135 1
158 143 1
158 144 -1
158 149 1
158 153 1
158 157 1
158 163 1
158 168 1
158 169 1
158 170 1
158 171 -1
158 172 1
158 174 1
158 175 1
158 177 1
158 178 -1
158 179 -1
158 180 1
158 182 1
158 183 1
158 184 1
159 1 1
159 2 1
159 10 1
159 13 -1
159 18 1
159 22 1
159 24 1
159 29 1
159 35 1
159 37 1
159 38 1
159 43 -1
159 47 1
159 58 1
159 66 -1
159 70 1
159 71 1
159 72 1
159 73 1
159 74 -1
159 82 -1
159 83 1
159 87 1
159 98 1
159 106 1
159 109 1
159 114 1
159 119 1
159 123 -1
159 125 1
159 127 1
159 130 -1
159 143 1
159 147 1
159 148 1
159 156 1
159 157 1
159 161 -1
159 171 1
159 178 1
159 183 1
159 185 1
159 189 -1
160 1 1
160 2 -1
160 5 -1
160 6 1
160 9 1
160 11 1
160 12 1
160 13 1
160 17 -1
160 21 -1
160 25 1
160 29 1
160 32 1
160 36 1
160 39 1
160 42 1
160 44 -1
160 45 -1
160 66 1
160 69 1
160 71 1
160 77 1
160 78 1
160 79 1
160 80 1
160 81 -1
160 89 1
160 92 1
160 94 -1
160 98 1
160 101 1
160 102 1
160 103 1
160 105 -1
160 109 1
160 110 1
160 115 1
160 118 1
160 122 1
160 127 1
160 128 1
160 130 1
160 137 1
160 139 -1
160 140 1
160 143 -1
160 150 -1
160 157 1
160 158 -1
160 159 1
160 162 1
160 165 1
160 167 1
160 170 1
160 171 1
160 173 1
160 175 1
160 179 1
160 180 1
160 185 -1
160 190 -1
161 7 1
161 8 1
161 11 1
161 18 1
161 20 1
161 23 1
161 25 1
161 30 -1
161 31 1
161 42 1
161 53 1
161 58 1
161 60 1
161 61 1
161 63 -1
161 64 1
161 67 -1
161 89 1
161 93 -1
161 94 1
161 99 1
161 103 1
161 108 1
161 115 1
161 117 1
161 121 1
161 124 1
161 128 1
161 131 1
161 133 -1
161 136 1
161 138 -1
161 140 -1
161 149 1
161 157 -1
161 162 1
161 164 1
161 169 1
161 171 1
161 175 1
161 176 1
161 177 1
161 180 -1
161 182 1
161 183 1
161 184 1
161 185 1
161 189 1
162 3 1
162 11 -1
162 18 1
162 33 1
162 35 1
162 42 1
162 46 1
162 49 1
162 55 1
162 59 1
162 63 1
162 73 1
162 78 1
162 80 -1
162 81 1
162 86 1
162 94 -1
162 96 1
162 102 1
162 104 1
162 108 1
162 117 1
162 121 1
162 128 1
162 133 -1
162 135 1
162 138 1
162 142 1
162 147 -1
162 148 1
162 156 -1
162 163 1
162 164 1
162 165 -1
162 171 1
162 187 1
162 190 1
163 6 1
163 10 1
163 17 1
163 18 -1
163 31 1
163 39 1
163 47 1
163 55 1
163 61 1
163 70 1
163 71 1
163 72 1
163 73 1
163 74 1
163 76 1
163 77 1
163 78 1
163 80 1
163 84 1
163 85 1
163 88 1
163 89 1
163 90 -1
163 91 1
163 95 -1
163 98 1
163 101 1
163 103 -1
163 104 1
163 108 -1
163 110 1
163 127 1
163 132 1
163 133 1
163 137 1
163 139 1
163 140 1
163 148 1
163 152 1
163 154 1
163 159 1
163 166 1
163 173 1
163 176 1
163 181 1
163 182 1
163 185 -1
163 188 1
164 9 1
164 11 -1
164 13 1
164 16 1
164 17 1
164 31 -1
164 38 1
164 48 1
164 49 1
164 55 1
164 56 -1
164 59 1
164 66 -1
164 68 1
164 69 1
164 70 1
164 74 1
164 80 1
164 82 -1
164 83 1
164 86 1
164 88 -1
164 89 1
164 94 1
164 100 1
164 104 1
164 107 -1
164 114 1
164 116 1
164 125 1
164 128 1
164 131 1
164 133 1
164 138 1
164 139 1
164 143 1
164 152 1
164 156 1
164 159 -1
164 165 1
164 171 -1
164 173 1
164 182 1
164 183 -1
164 188 1
164 189 1
165 1 1
165 5 1
165 7 1
165 10 1
165 15 1
165 16 -1
165 20 1
165 26 1
165 27 -1
165 30 1
165 33 1
165 34 -1
165 38 1
165 40 1
165 41 1
165 43 1
165 46 1
165 48 1
165 57 1
165 58 1
165 65 1
165 68 1
165 71 1
165 77 1
165 85 -1
165 88 1
165 89 1
165 90 1
165 92 1
165 94 1
165 96 -1
165 100 1
165 104 1
165 109 1
165 121 1
165 128 1
165 137 1
165 140 1
165 144 1
165 145 1
165 146 1
165 153 1
165 157 1
165 159 1
165 163 -1
165 169 1
165 171 1
165 177 1
165 189 1
166 2 -1
166 3 1
166 5 1
166 19 1
166 21 1
166 22 1
166 32 1
166 33 -1
166 34 1
166 40 1
166 41 1
166 47 1
166 51 1
166 54 -1
166 55 -1
166 61 1
166 66 1
166 72 1
166 78 1
166 81 -1
166 82 1
166 83 1
166 89 1
166 94 1
166 105 1
166 106 1
166 109 1
166 113 1
166 115 1
166 122 -1
166 123 1
166 126 1
166 127 1
166 128 1
166 130 1
166 136 1
166 137 1
166 142 -1
166 144 1
166 149 1
166 159 1
166 161 1
166 165 -1
166 169 1
166 170 -1
166 182 1
166 183 -1
166 189 1
167 6 1
167 8 1
167 12 1
167 13 1
167 20 1
167 38 1
167 49 1
167 52 -1
167 55 -1
167 58 -1
167 68 1
167 72 -1
167 73 1
167 78 1
167 97 -1
167 99 1
167 101 1
167 109 1
167 110 1
167 112 -1
167 116 1
167 119 1
167 121 1
167 122 1
167 125 1
167 130 1
167 134 1
167 143 1
167 145 1
167 148 1
167 149 1
167 151 1
167 163 1
167 165 1
167 169 1
167 176 1
167 186 -1
167 188 1
167 189 1
168 6 1
168 7 1
168 10 -1
168 12 1
168 13 1
168 16 1
168 17 1
168 23 1
168 27 -1
168 28 1
168 31 1
168 37 1
168 43 1
168 46 -1
168 62 1
168 74 1
168 80 1
168 82 1
168 86 1
168 93 1
168 95 1
168 106 1
168 108 1
168 112 -1
168 115 1
168 123 -1
168 124 1
168 135 1
168 145 -1
168 150 1
168 152 1
168 156 1
168 163 1
168 164 1
168 172 1
168 179 1
169 1 1
169 2 1
169 4 1
169 9 1
169 13 1
169 17 1
169 18 1
169 19 -1
169 20 1
169 29 1
169 32 1
169 34 1
169 35 1
169 39 1
169 43 1
169 44 -1
169 46 1
169 47 1
169 49 1
169 51 1
169 54 1
169 56 1
169 59 1
169 66 1
169 67 -1
169 68 1
169 71 -1
169 74 1
169 78 1
169 83 1
169 84 1
169 97 1
169 107 1
169 116 1
169 129 1
169 131 -1
169 133 1
169 134 -1
169 139 1
169 140 -1
169 147 1
169 160 1
169 168 1
169 170 1
169 172 1
169 177 1
170 2 1
170 9 1
170 13 1
170 17 1
170 24 -1
170 30 1
170 36 1
170 41 1
170 43 1
170 45 1
170 52 1
170 55 1
170 56 1
170 57 1
170 64 1
170 67 1
170 69 1
170 71 1
170 74 1
170 77 1
170 79 -1
170 84 -1
170 87 1
170 96 -1
170 101 1
170 102 1
170 106 1
170 107 1
170 112 1
170 119 1
170 124 1
170 127 1
170 153 1
170 157 1
170 177 1
170 179 1
170 180 1
171 1 -1
171 5 1
171 16 1
171 17 1
171 19 1
171 20 1
171 23 1
171 26 -1
171 29 1
171 30 1
171 31 1
171 35 1
171 55 1
171 57 -1
171 60 1
171 62 1
171 64 1
171 68 -1
171 71 -1
171 74 1
171 78 -1
171 83 1
171 88 1
171 89 1
171 93 1
171 99 1
171 101 1
171 102 -1
171 109 1
171 111 1
171 123 -1
171 127 1
171 130 1
171 131 1
171 132 -1
171 133 1
171 136 1
171 137 -1
171 140 1
171 142 1
171 147 1
171 152 1
171 154 -1
171 169 -1
171 170 -1
171 172 1
172 11 -1
172 13 1
172 15 1
172 18 1
172 20 -1
172 21 1
172 27 -1
172 29 1
172 35 1
172 37 1
172 39 1
172 45 1
172 46 -1
172 58 1
172 63 1
172 68 1
172 70 1
172 81 1
172 85 1
172 86 1
172 88 1
172 97 -1
172 98 1
172 99 1
172 104 1
172 109 1
172 113 1
172 116 1
172 121 1
172 123 1
172 129 -1
172 132 -1
172 138 1
172 147 1
172 150 1
172 154 -1
172 156 1
172 160 -1
172 165 1
172 170 1
172 174 1
172 176 1
172 179 1
172 190 1
173 1 1
173 7 1
173 11 -1
173 13 1
173 15 1
173 18 1
173 19 1
173 22 1
173 25 1
173 29 1
173 32 -1
173 33 1
173 37 1
173 43 1
173 47 1
173 53 1
173 57 1
173 61 -1
173 65 1
173 66 1
173 72 1
173 74 -1
173 79 1
173 80 1
173 83 1
173 86 1
173 87 1
173 99 -1
173 102 1
173 104 1
173 117 1
173 118 -1
173 125 -1
173 129 1
173 130 -1
173 152 1
173 154 1
173 165 -1
173 167 1
173 168 1
173 175 1
173 187 1
174 1 -1
174 4 1
174 7 1
174 9 1
174 15 1
174 29 1
174 30 1
174 32 1
174 40 1
174 45 1
174 48 1
174 52 1
174 60 1
174 62 1
174 65 1
174 66 1
174 69 1
174 71 1
174 75 1
174 76 -1
174 91 1
174 103 1
174 104 -1
174 108 1
174 110 1
174 119 1
174 127 1
174 130 1
174 132 1
174 138 1
174 146 1
174 147 1
174 149 -1
174 152 -1
174 155 1
174 156 1
174 159 1
174 163 -1
174 164 1
174 169 1
174 185 1
174 187 1
174 190 1
175 1 1
175 13 1
175 19 1
175 25 1
175 29 -1
175 30 1
175 32 1
175 34 1
175 37 1
175 43 1
175 46 1
175 49 1
175 55 -1
175 56 1
175 62 1
175 71 -1
175 73 1
175 74 1
175 82 1
175 84 1
175 85 1
175 90 1
175 94 1
175 97 1
175 98 1
175 108 1
175 112 1
175 113 1
175 118 -1
175 121 1
175 128 1
175 134 1
175 136 1
175 138 -1
175 139 1
175 140 1
175 144 1
175 146 -1
175 147 1
175 149 1
175 155 1
175 156 -1
175 157 1
175 159 1
175 162 1
175 166 1
175 172 1
175 176 1
175 178 1
175 181 -1
175 182 -1
175 190 1
176 1 1
176 3 1
176 8 1
176 12 -1
176 19 1
176 20 1
176 22 1
176 24 1
176 26 1
176 28 1
176 32 -1
176 33 1
176 35 1
176 37 1
176 39 1
176 44 1
176 46 1
176 50 1
176 52 1
176 55 1
176 57 1
176 58 1
176 59 -1
176 61 1
176 62 1
176 64 1
176 69 1
176 72 1
176 74 1
176 76 -1
176 78 1
176 79 1
176 81 1
176 82 1
176 84 1
176 88 1
176 90 1
176 109 1
176 112 1
176 114 1
176 118 1
176 122 1
176 130 1
176 131 1
176 134 1
176 135 1
176 140 1
176 147 1
176 152 1
176 160 1
176 165 -1
176 166 -1
176 168 -1
176 173 1
176 181 -1
176 182 -1
176 185 1
176 186 1
177 2 1
177 6 1
177 8 1
177 16 1
177 18 -1
177 19 1
177 21 1
177 26 1
177 37 1
177 38 1
177 40 1
177 42 1
177 49 1
177 59 -1
177 61 1
177 77 1
177 80 1
177 86 1
177 95 1
177 96 -1
177 98 1
177 103 1
177 114 1
177 117 1
177 120 1
177 123 1
177 128 1
177 137 1
177 142 1
177 152 1
177 155 1
177 157 1
177 159 -1
177 163 1
177 172 1
177 173 -1
177 175 1
177 179 1
177 181 1
177 184 1
178 2 -1
178 7 1
178 8 1
178 9 1
178 10 1
178 12 1
178 14 1
178 15 1
178 18 -1
178 22 1
178 24 1
178 29 1
178 30 1
178 31 -1
178 35 1
178 41 1
178 42 1
178 44 1
178 49 1
178 50 1
178 53 1
178 55 1
178 57 1
178 58 1
178 61 1
178 62 1
178 80 1
178 84 1
178 88 1
178 89 1
178 92 1
178 93 -1
178 94 1
178 98 1
178 105 1
178 123 -1
178 124 1
178 125 1
178 131 1
178 132 1
178 140 -1
178 145 1
178 149 1
178 163 -1
178 165 -1
178 168 -1
178 169 -1
178 172 1
178 176 1
178 177 1
178 179 1
179 2 1
179 3 1
179 5 1
179 14 -1
179 17 1
179 18 -1
179 20 1
179 21 -1
179 22 1
179 23 1
179 24 1
179 25 1
179 36 -1
179 39 1
179 41 1
179 46 1
179 51 1
179 52 -1
179 55 1
179 58 1
179 59 1
179 60 1
179 68 1
179 70 1
179 78 1
179 80 1
179 82 1
179 84 1
179 86 1
179 92 1
179 105 1
179 109 1
179 110 1
179 111 1
179 113 1
179 116 1
179 120 1
179 121 1
179 122 1
179 123 1
179 127 1
179 135 1
179 136 1
179 137 1
179 140 1
179 159 1
179 161 -1
179 162 1
179 165 1
179 166 1
179 174 -1
179 181 1
179 182 1
179 183 1
179 187 -1
180 2 1
180 4 1
180 5 1
180 6 1
180 7 -1
180 12 1
180 20 1
180 21 -1
180 35 1
180 37 1
180 43 1
180 44 1
180 45 1
180 54 1
180 57 1
180 58 1
180 63 -1
180 65 1
180 68 1
180 69 -1
180 85 -1
180 91 1
180 93 1
180 94 1
180 103 -1
180 104 1
180 106 -1
180 107 1
180 113 1
180 120 1
180 126 1
180 130 -1
180 134 1
180 144 1
180 149 1
180 152 1
180 153 -1
180 154 1
180 166 1
180 167 1
180 168 1
180 172 1
180 179 1
180 185 -1
180 187 1
181 5 -1
181 7 1
181 10 1
181 15 -1
181 19 1
181 21 1
181 23 1
181 26 1
181 36 1
181 37 1
181 39 1
181 40 1
181 41 1
181 45 -1
181 52 1
181 54 1
181 55 1
181 61 -1
181 64 1
181 65 1
181 70 1
181 79 1
181 84 -1
181 87 1
181 90 1
181 92 1
181 94 1
181 97 1
181 100 1
181 108 1
181 111 1
181 113 1
181 117 1
181 126 -1
181 128 -1
181 135 -1
181 138 1
181 140 1
181 141 1
181 142 1
181 145 1
181 154 1
181 161 1
181 165 -1
181 169 1
181 171 1
181 182 1
181 189 1
182 10 1
182 11 1
182 14 1
182 15 1
182 18 1
182 20 -1
182 23 1
182 32 1
182 34 1
182 37 1
182 38 1
182 40 -1
182 43 1
182 44 1
182 48 1
182 51 1
182 55 1
182 60 -1
182 61 -1
182 64 1
182 76 1
182 81 1
182 83 1
182 85 1
182 86 -1
182 87 1
182 92 1
182 94 1
182 95 1
182 96 -1
182 98 1
182 101 -1
182 109 1
182 111 1
182 114 1
182 117 -1
182 118 1
182 119 1
182 123 1
182 127 1
182 129 1
182 130 1
182 132 -1
182 133 1
182 138 1
182 139 1
182 141 1
182 145 1
182 146 1
182 152 1
182 169 1
182 174 1
182 177 1
182 186 1
183 1 1
183 5 1
183 7 1
183 8 1
183 18 1
183 20 1
183 21 1
183 23 1
183 26 1
183 35 1
183 41 1
183 43 1
183 45 1
183 46 -1
183 47 -1
183 53 1
183 54 1
183 60 1
183 65 1
183 78 -1
183 81 1
183 88 -1
183 91 1
183 96 1
183 97 1
183 99 -1
183 107 1
183 108 1
183 112 -1
183 117 1
183 120 -1
183 122 -1
183 123 1
183 124 1
183 127 1
183 130 1
183 131 1
183 135 -1
183 138 1
183 143 1
183 144 1
183 146 1
183 150 1
183 156 1
183 168 1
183 172 1
183 173 1
183 177 1
183 180 1
183 184 -1
183 188 -1
183 190 -1
184 1 1
184 2 1
184 19 1
184 20 1
184 24 1
184 25 1
184 31 1
184 32 1
184 39 1
184 42 -1
184 44 -1
184 46 1
184 47 -1
184 49 1
184 50 1
184 52 1
184 60 1
184 61 -1
184 73 1
184 79 -1
184 82 1
184 87 1
184 90 1
184 92 -1
184 98 -1
184 102 1
184 103 1
184 106 -1
184 107 1
184 114 -1
184 115 1
184 117 1
184 128 1
184 137 1
184 138 1
184 139 1
184 140 -1
184 142 1
184 146 1
184 150 -1
184 151 1
184 162 1
184 164 -1
184 165 1
184 169 -1
184 173 -1
184 175 -1
184 189 1
185 8 1
185 10 1
185 17 1
185 26 -1
185 28 1
185 33 -1
185 39 1
185 47 1
185 51 1
185 70 1
185 73 1
185 76 1
185 81 1
185 87 1
185 89 1
185 95 1
185 96 1
185 98 1
185 101 -1
185 102 1
185 109 -1
185 119 1
185 122 1
185 125 1
185 126 1
185 128 1
185 131 1
185 137 1
185 140 1
185 144 1
185 150 -1
185 157 1
185 167 1
185 171 -1
185 178 1
185 181 -1
185 184 1
185 186 1
185 187 1
186 3 1
186 10 1
186 18 1
186 20 1
186 24 -1
186 27 1
186 28 -1
186 30 1
186 40 1
186 41 1
186 46 1
186 50 1
186 51 1
186 52 1
186 55 1
186 56 1
186 64 1
186 67 1
186 68 1
186 77 1
186 81 1
186 92 1
186 94 1
186 95 1
186 98 1
186 100 -1
186 102 1
186 107 1
186 113 1
186 115 1
186 117 -1
186 120 1
186 123 1
186 126 1
186 134 1
186 138 1
186 147 -1
186 151 1
186 153 1
186 157 -1
186 160 1
186 162 1
186 166 -1
186 168 1
186 174 1
186 175 1
186 177 1
186 180 -1
186 183 -1
186 189 1
186 190 1
187 15 1
187 23 1
187 26 1
187 28 1
187 31 -1
187 33 1
187 36 1
187 37 1
187 38 1
187 39 1
187 45 1
187 51 1
187 52 1
187 54 1
187 56 1
187 58 1
187 61 1
187 64 1
187 65 -1
187 68 1
187 76 1
187 82 1
187 86 1
187 87 1
187 90 1
187 95 1
187 96 1
187 102 1
187 105 1
187 106 1
187 110 -1
187 111 1
187 112 -1
187 113 1
187 117 1
187 125 1
187 130 1
187 131 1
187 133 1
187 136 1
187 142 1
187 146 1
187 157 1
187 161 -1
187 163 1
187 165 1
187 166 -1
187 169 1
187 170 -1
187 176 -1
187 177 1
187 181 1
187 186 1
187 188 1
187 190 1
188 2 1
188 4 1
188 8 1
188 13 1
188 14 1
188 15 1
188 21 1
188 28 1
188 32 1
188 33 1
188 35 -1
188 42 1
188 45 1
188 49 -1
188 56 -1
188 59 1
188 63 1
188 64 1
188 68 -1
188 69 1
188 72 1
188 73 1
188 74 1
188 79 1
188 80 1
188 88 1
188 89 1
188 93 1
188 103 1
188 105 1
188 108 -1
188 109 1
188 111 1
188 114 -1
188 123 1
188 125 1
188 129 1
188 130 1
188 133 1
188 134 1
188 140 1
188 144 -1
188 147 1
188 154 1
188 157 1
188 159 1
188 160 1
188 161 1
188 162 1
188 166 1
188 168 1
188 174 1
188 175 1
188 189 1
189 11 1
189 20 1
189 23 -1
189 25 1
189 28 1
189 29 1
189 36 1
189 40 -1
189 45 1
189 48 -1
189 49 1
189 50 1
189 54 1
189 55 1
189 61 -1
189 69 1
189 71 1
189 72 1
189 73 1
189 75 1
189 76 1
189 78 1
189 80 -1
189 82 1
189 89 1
189 90 1
189 91 1
189 93 -1
189 106 1
189 107 1
189 109 -1
189 119 1
189 121 1
189 125 1
189 128 1
189 132 1
189 134 1
189 136 -1
189 138 1
189 140 -1
189 145 1
189 153 1
189 162 -1
189 169 1
189 183 -1
189 190 1
190 6 1
190 9 1
190 12 1
190 17 -1
190 19 1
190 20 1
190 23 1
190 26 1
190 27 1
190 29 1
190 32 1
190 35 1
190 39 1
190 40 1
190 45 1
190 64 -1
190 67 1
190 69 1
190 72 -1
190 84 1
190 88 1
190 97 1
190 105 1
190 115 1
190 123 1
190 128 1
190 136 1
190 141 1
190 142 -1
190 145 1
190 147 -1
190 153 1
190 158 1
190 159 1
190 163 -1
190 170 -1
190 171 1
190 176 1
190 177 1
190 178 -1
190 181 1
