vertices: 50 edges: 245
1 14 1
1 15 1
1 30 1
2 1 -1
2 5 1
2 19 1
3 4 -1
3 32 1
3 34 1
3 37 1
3 40 -1
3 47 1
4 9 -1
4 28 1
4 29 1
4 38 1
4 42 1
4 48 1
5 8 1
5 23 1
5 39 -1
5 43 1
6 25 1
6 28 -1
6 33 1
6 47 1
7 4 1
7 12 1
7 17 1
7 19 1
7 32 1
7 34 1
8 1 1
8 3 1
8 7 1
8 12 1
8 39 1
8 40 1
8 42 -1
9 1 1
9 14 1
9 23 1
9 24 1
9 34 1
9 38 -1
10 28 1
10 32 -1
11 4 1
11 10 -1
12 5 1
12 13 1
12 14 1
12 27 -1
12 28 1
12 31 1
12 44 1
13 2 -1
13 5 -1
13 24 -1
13 38 1
13 41 1
14 3 1
14 21 1
14 34 -1
14 45 1
15 3 1
15 13 1
15 26 1
15 40 1
15 44 1
16 10 1
16 13 1
16 22 1
16 25 1
16 32 1
16 37 -1
16 49 -1
17 39 1
18 3 -1
18 5 1
18 6 1
18 21 1
18 31 1
18 40 1
18 49 1
19 18 1
19 23 -1
19 47 1
20 7 1
20 12 1
20 16 -1
20 17 1
20 22 1
20 37 1
20 39 1
20 40 1
21 1 1
21 5 1
21 15 1
21 20 1
21 22 1
22 13 1
22 39 1
22 43 -1
23 13 -1
23 32 1
23 33 -1
23 37 1
24 43 1
24 45 1
25 5 1
25 14 1
25 29 -1
25 36 1
25 41 1
26 2 1
26 8 1
26 21 1
26 25 1
26 30 1
26 36 1
26 42 1
27 2 -1
27 4 1
27 8 -1
27 21 1
27 37 1
27 38 1
27 44 1
28 1 1
28 17 1
28 26 -1
28 45 1
28 47 1
29 14 1
29 16 -1
29 30 1
29 31 -1
29 32 1
29 39 1
29 44 1
30 13 -1
30 17 1
30 37 1
30 48 1
31 7 -1
31 16 -1
31 20 1
31 48 1
32 34 -1
32 39 1
32 40 1
33 8 -1
33 11 1
33 17 -1
33 18 1
33 20 1
33 36 -1
33 38 -1
33 41 1
33 48 1
34 10 1
34 20 -1
34 33 -1
34 35 1
35 12 -1
35 25 1
35 26 1
35 43 1
35 46 -1
35 47 1
36 2 -1
36 17 1
36 21 1
36 28 1
36 34 1
36 39 1
36 45 1
36 48 -1
37 1 -1
37 4 1
37 15 -1
37 19 1
37 25 1
37 36 1
37 50 1
38 1 -1
38 6 1
38 22 1
38 39 -1
38 50 1
39 12 1
40 6 -1
40 17 1
40 29 1
40 36 -1
41 11 1
41 14 1
42 1 1
42 9 -1
42 21 1
42 50 1
43 1 1
43 3 1
43 4 1
43 7 -1
43 18 1
43 21 -1
43 25 1
43 27 1
43 47 1
44 16 1
44 18 -1
44 21 1
44 24 1
44 28 1
44 38 1
44 43 1
44 48 -1
45 12 1
45 22 1
45 25 1
45 41 1
45 47 1
45 49 1
45 50 1
46 1 1
46 14 1
46 20 1
47 16 1
47 21 -1
47 31 1
48 9 1
48 14 1
48 35 1
48 37 1
49 9 1
49 14 1
49 31 1
49 35 1
50 15 1
50 22 1
50 40 1
50 46 -1
50 48 1
