vertices: 90 edges: 2002
1 4 1
1 5 1
1 9 1
1 10 -1
1 12 1
1 18 1
1 22 1
1 24 1
1 36 1
1 38 1
1 42 1
1 44 1
1 45 -1
1 46 1
1 63 -1
1 67 -1
1 70 -1
1 83 1
1 84 1
1 86 -1
2 1 1
2 6 1
2 9 1
2 10 1
2 11 1
2 15 1
2 17 1
2 27 -1
2 30 1
2 35 1
2 36 1
2 38 1
2 42 1
2 45 -1
2 50 1
2 63 1
2 64 1
2 67 -1
2 70 1
2 71 1
2 73 1
2 77 1
2 80 1
2 85 1
2 86 -1
2 87 -1
3 9 1
3 14 -1
3 17 1
3 18 1
3 22 1
3 26 1
3 29 1
3 31 1
3 35 1
3 38 1
3 42 -1
3 44 1
3 45 1
3 55 -1
3 57 1
3 62 -1
3 70 1
3 72 -1
3 75 1
3 76 1
3 85 1
4 3 -1
4 13 1
4 14 -1
4 24 -1
4 26 1
4 31 1
4 33 1
4 36 1
4 38 1
4 44 1
4 53 1
4 63 1
4 67 1
4 71 1
4 77 1
4 80 1
4 87 1
4 88 -1
4 90 -1
5 8 1
5 20 1
5 21 1
5 22 -1
5 24 -1
5 28 -1
5 39 -1
5 42 1
5 55 -1
5 57 1
5 59 -1
5 60 -1
5 64 -1
5 67 1
5 70 1
5 71 -1
5 77 1
5 79 1
5 81 1
5 84 1
5 86 1
5 89 1
5 90 1
6 3 1
6 4 1
6 7 1
6 8 1
6 13 1
6 14 1
6 17 -1
6 21 1
6 24 1
6 25 1
6 33 1
6 41 1
6 51 -1
6 52 1
6 53 1
6 54 1
6 55 1
6 59 1
6 61 1
6 63 1
6 72 1
6 74 1
6 77 -1
6 85 1
6 86 1
7 11 1
7 14 1
7 18 1
7 20 1
7 24 1
7 25 1
7 30 -1
7 36 1
7 37 -1
7 49 1
7 52 1
7 55 1
7 61 1
7 67 1
7 73 1
7 74 1
7 75 -1
7 82 1
7 85 1
7 89 1
8 17 -1
8 21 1
8 23 1
8 29 1
8 38 1
8 46 1
8 47 1
8 48 1
8 59 1
8 63 1
8 64 1
8 65 1
8 67 -1
8 68 1
8 74 1
8 79 -1
8 85 1
9 4 1
9 7 1
9 10 1
9 13 1
9 14 1
9 20 -1
9 21 1
9 25 1
9 30 1
9 34 1
9 36 1
9 46 1
9 48 1
9 56 1
9 59 1
9 63 1
9 67 1
9 69 1
9 73 -1
10 14 1
10 16 1
10 18 1
10 36 1
10 38 1
10 44 1
10 52 1
10 56 1
10 62 1
10 70 1
10 75 1
10 76 1
10 78 1
10 84 -1
10 88 1
10 89 1
11 3 1
11 4 1
11 5 1
11 10 1
11 12 1
11 16 1
11 19 1
11 25 1
11 28 -1
11 30 1
11 38 1
11 40 1
11 46 1
11 48 1
11 49 1
11 52 1
11 54 1
11 62 1
11 67 1
11 70 1
11 71 1
11 76 1
11 78 1
11 80 -1
12 2 1
12 3 -1
12 5 -1
12 7 1
12 9 -1
12 10 -1
12 14 1
12 17 1
12 20 1
12 26 1
12 29 1
12 37 1
12 42 -1
12 44 1
12 47 -1
12 49 1
12 54 1
12 59 1
12 60 1
12 65 -1
12 68 1
12 69 1
12 74 -1
13 3 1
13 11 -1
13 12 1
13 16 1
13 17 1
13 19 1
13 21 -1
13 22 1
13 23 1
13 26 -1
13 27 1
13 30 1
13 33 -1
13 34 -1
13 38 1
13 39 1
13 45 1
13 46 1
13 48 1
13 50 1
13 51 1
13 52 1
13 58 -1
13 63 1
13 70 1
13 71 1
13 77 1
13 81 1
13 84 1
14 17 1
14 18 1
14 19 1
14 23 -1
14 26 -1
14 32 1
14 34 1
14 38 1
14 41 1
14 45 1
14 50 -1
14 56 1
14 64 1
14 67 1
14 71 1
14 72 1
14 74 -1
14 76 1
15 3 -1
15 6 1
15 8 1
15 12 1
15 16 1
15 18 1
15 23 1
15 25 1
15 26 1
15 27 1
15 31 1
15 32 1
15 35 1
15 41 -1
15 43 1
15 45 1
15 48 1
15 53 1
15 58 1
15 63 -1
15 69 -1
15 70 -1
15 73 1
15 79 1
16 3 1
16 5 1
16 7 1
16 12 1
16 14 -1
16 17 1
16 19 1
16 27 1
16 31 -1
16 35 1
16 42 1
16 44 1
16 45 1
16 48 1
16 49 1
16 54 -1
16 55 1
16 56 1
16 62 1
16 68 1
16 75 1
16 84 1
16 85 1
16 86 1
16 88 -1
16 90 1
17 4 1
17 5 -1
17 7 1
17 15 1
17 24 1
17 28 1
17 30 1
17 37 1
17 38 1
17 40 1
17 45 1
17 48 1
17 49 1
17 51 1
17 52 -1
17 55 -1
17 64 -1
17 67 -1
17 71 1
17 73 1
17 76 1
17 78 1
17 81 1
17 85 1
17 90 1
18 2 1
18 5 1
18 6 1
18 9 1
18 12 1
18 21 1
18 29 -1
18 30 1
18 31 1
18 32 1
18 37 1
18 39 -1
18 40 1
18 42 1
18 43 1
18 44 1
18 45 -1
18 52 1
18 58 -1
18 60 1
18 64 1
18 65 -1
18 67 1
18 68 1
18 79 1
18 82 1
18 89 1
19 1 1
19 4 1
19 5 1
19 10 -1
19 12 1
19 17 1
19 27 1
19 29 1
19 31 1
19 32 1
19 35 1
19 42 1
19 46 1
19 54 1
19 64 1
19 65 -1
19 68 1
19 72 -1
19 77 1
19 82 1
19 83 -1
19 87 -1
19 89 1
20 3 -1
20 8 1
20 17 1
20 21 1
20 28 1
20 36 -1
20 38 -1
20 40 1
20 41 1
20 42 -1
20 43 1
20 46 1
20 56 1
20 60 1
20 67 -1
20 78 1
20 80 1
20 82 1
20 88 1
21 2 1
21 3 -1
21 4 1
21 7 1
21 12 -1
21 15 1
21 16 1
21 23 1
21 27 1
21 29 1
21 35 1
21 39 1
21 40 1
21 45 -1
21 48 1
21 50 1
21 59 1
21 60 1
21 64 1
21 68 1
21 69 1
21 72 1
21 76 1
21 80 1
21 81 1
21 82 1
21 83 1
21 84 1
22 4 -1
22 6 1
22 7 1
22 9 1
22 10 1
22 12 1
22 16 1
22 19 1
22 20 1
22 21 1
22 25 1
22 31 1
22 32 1
22 36 -1
22 43 1
22 44 1
22 47 1
22 56 1
22 59 1
22 67 -1
22 70 1
22 77 1
22 78 1
22 82 1
22 85 1
22 87 1
22 90 1
23 3 -1
23 5 1
23 7 1
23 11 -1
23 12 1
23 18 -1
23 29 1
23 40 1
23 42 1
23 43 1
23 48 1
23 53 1
23 54 1
23 58 1
23 67 -1
23 72 1
23 78 -1
23 87 1
23 89 -1
24 8 -1
24 9 1
24 10 1
24 12 1
24 15 1
24 16 1
24 26 1
24 30 1
24 38 1
24 55 1
24 60 1
24 64 -1
24 66 1
24 69 1
24 75 -1
24 76 1
24 83 1
24 89 1
25 12 -1
25 14 1
25 17 -1
25 20 -1
25 23 -1
25 24 1
25 29 1
25 33 1
25 35 1
25 40 1
25 41 1
25 43 1
25 44 1
25 45 1
25 49 1
25 51 1
25 53 1
25 57 1
25 62 1
25 64 -1
25 69 1
25 75 1
25 80 -1
25 84 1
25 86 1
25 89 1
26 5 1
26 9 1
26 10 1
26 18 1
26 20 -1
26 29 -1
26 34 1
26 35 1
26 40 1
26 42 1
26 46 1
26 53 1
26 54 1
26 61 1
26 62 1
26 65 1
26 68 -1
26 70 1
26 71 1
26 72 1
26 82 1
26 89 -1
27 1 -1
27 3 1
27 4 1
27 5 1
27 6 1
27 20 1
27 24 1
27 25 1
27 28 1
27 31 1
27 35 1
27 40 1
27 45 1
27 47 1
27 48 1
27 53 1
27 55 1
27 63 1
27 67 1
27 72 1
27 79 1
27 81 1
27 82 1
27 85 1
27 90 1
28 2 1
28 3 1
28 4 1
28 12 1
28 15 -1
28 21 1
28 22 1
28 23 1
28 24 1
28 25 1
28 35 1
28 37 1
28 44 1
28 45 1
28 54 -1
28 58 -1
28 60 -1
28 66 1
28 73 1
28 81 1
28 84 1
29 1 1
29 4 1
29 5 1
29 9 1
29 14 1
29 15 1
29 16 1
29 17 1
29 22 1
29 24 1
29 33 1
29 34 -1
29 43 1
29 44 1
29 53 1
29 61 1
29 67 1
29 76 1
29 78 1
29 81 1
29 87 1
29 89 -1
29 90 1
30 4 -1
30 6 1
30 10 -1
30 19 1
30 20 -1
30 35 1
30 41 1
30 47 -1
30 49 1
30 51 1
30 57 1
30 58 1
30 69 1
30 74 -1
30 78 -1
30 83 1
30 84 -1
31 1 1
31 7 1
31 14 -1
31 23 1
31 30 1
31 32 -1
31 35 1
31 38 1
31 39 -1
31 40 1
31 41 1
31 45 -1
31 50 -1
31 51 1
31 56 1
31 64 1
31 66 -1
31 67 1
31 69 1
31 70 -1
31 71 1
31 75 1
31 76 1
31 78 -1
31 80 1
31 81 1
31 86 1
32 7 1
32 10 1
32 16 1
32 24 1
32 25 1
32 26 1
32 28 1
32 30 1
32 42 1
32 46 1
32 49 1
32 53 1
32 61 1
32 62 1
32 63 -1
32 65 1
32 66 -1
32 74 1
32 78 -1
32 79 -1
32 83 1
32 84 1
33 17 1
33 18 1
33 27 -1
33 30 1
33 31 1
33 35 1
33 47 1
33 57 1
33 61 1
33 64 -1
33 79 1
33 82 1
33 83 1
33 84 1
33 86 1
34 2 1
34 4 1
34 5 -1
34 10 1
34 16 -1
34 17 1
34 19 -1
34 21 1
34 22 1
34 31 1
34 33 1
34 44 1
34 46 1
34 48 1
34 49 1
34 55 1
34 56 1
34 59 1
34 60 1
34 67 1
34 68 1
34 70 1
34 72 1
34 74 1
34 77 1
34 87 1
34 89 -1
34 90 1
35 1 -1
35 7 1
35 12 -1
35 17 1
35 18 1
35 24 1
35 29 1
35 44 -1
35 47 -1
35 50 1
35 53 1
35 57 -1
35 59 1
35 60 1
35 62 -1
35 74 -1
35 75 1
35 76 -1
35 78 1
35 79 1
35 85 1
35 89 1
35 90 1
36 12 1
36 16 1
36 19 1
36 26 -1
36 31 1
36 33 -1
36 34 -1
36 41 -1
36 43 1
36 45 1
36 47 1
36 48 1
36 49 1
36 56 1
36 60 1
36 62 1
36 63 1
36 67 1
36 79 1
36 80 1
36 81 1
36 84 1
36 87 -1
37 3 1
37 5 1
37 8 -1
37 9 1
37 14 1
37 19 1
37 21 1
37 22 1
37 25 1
37 27 1
37 29 1
37 33 1
37 34 -1
37 35 1
37 39 -1
37 41 1
37 47 -1
37 51 -1
37 53 1
37 54 1
37 62 1
37 64 1
37 73 1
37 74 -1
37 76 1
37 79 1
37 84 1
37 85 1
37 87 1
38 6 1
38 7 1
38 19 1
38 32 -1
38 34 1
38 41 1
38 42 1
38 44 1
38 56 1
38 59 1
38 61 -1
38 68 -1
38 70 1
38 78 1
38 81 -1
38 82 1
39 1 1
39 4 -1
39 9 1
39 10 1
39 15 1
39 20 -1
39 22 -1
39 25 1
39 28 1
39 30 1
39 34 1
39 36 -1
39 46 1
39 51 1
39 53 1
39 60 1
39 62 1
39 64 -1
39 66 1
39 78 1
39 79 -1
39 81 1
39 82 1
39 84 -1
39 86 1
39 89 -1
40 6 -1
40 7 1
40 8 1
40 10 1
40 12 1
40 13 1
40 16 1
40 19 1
40 24 1
40 28 1
40 29 1
40 35 1
40 37 1
40 41 1
40 45 1
40 60 1
40 65 1
40 71 -1
40 72 1
40 74 1
40 75 1
40 79 1
40 80 1
40 88 -1
40 90 1
41 9 -1
41 11 -1
41 13 -1
41 17 -1
41 18 1
41 21 1
41 39 1
41 43 1
41 45 1
41 52 1
41 65 1
41 74 1
41 75 1
41 82 -1
42 14 1
42 15 1
42 17 1
42 29 -1
42 33 1
42 36 1
42 37 1
42 39 1
42 41 1
42 43 1
42 47 1
42 62 1
42 67 1
42 70 1
42 73 1
42 83 1
42 84 -1
42 86 1
43 1 1
43 4 1
43 10 1
43 14 1
43 24 -1
43 28 1
43 35 1
43 38 -1
43 40 1
43 46 1
43 58 -1
43 61 -1
43 63 1
43 64 1
43 72 -1
43 81 1
43 84 1
43 85 1
44 6 1
44 15 1
44 17 1
44 30 -1
44 31 1
44 33 -1
44 48 -1
44 57 -1
44 62 1
44 64 1
44 70 1
44 79 -1
44 83 1
44 85 1
44 87 1
44 89 1
45 10 -1
45 12 -1
45 24 1
45 29 1
45 30 -1
45 33 1
45 35 1
45 39 1
45 42 1
45 44 1
45 46 1
45 48 1
45 51 1
45 52 1
45 55 1
45 56 1
45 60 1
45 64 1
45 66 -1
45 71 1
45 74 1
45 80 1
45 81 1
45 82 -1
45 84 1
45 88 1
45 89 1
46 2 1
46 3 1
46 12 1
46 14 1
46 23 -1
46 27 1
46 31 1
46 40 -1
46 59 1
46 65 1
46 72 1
46 74 1
46 80 1
46 83 -1
46 89 -1
47 1 1
47 5 1
47 7 1
47 9 1
47 15 1
47 20 1
47 29 1
47 38 1
47 39 1
47 45 1
47 58 1
47 59 1
47 63 1
47 64 1
47 65 1
47 69 -1
47 72 1
47 75 1
47 80 1
47 81 1
47 84 1
47 86 1
47 88 1
47 89 1
48 1 1
48 3 1
48 4 1
48 5 1
48 7 1
48 10 1
48 12 -1
48 26 -1
48 31 1
48 32 1
48 40 1
48 41 1
48 43 1
48 46 1
48 54 1
48 55 -1
48 59 1
48 62 1
48 74 1
48 78 1
48 87 1
49 3 1
49 8 1
49 10 1
49 13 1
49 24 1
49 27 1
49 35 1
49 43 1
49 45 1
49 46 1
49 54 -1
49 66 1
49 68 1
49 70 1
49 77 1
49 79 1
49 83 1
49 88 1
50 5 1
50 9 1
50 15 1
50 16 1
50 19 1
50 24 1
50 26 -1
50 28 1
50 30 -1
50 32 1
50 34 1
50 42 1
50 43 -1
50 46 -1
50 49 1
50 53 1
50 55 1
50 74 1
50 88 -1
51 1 1
51 3 1
51 5 1
51 8 1
51 9 1
51 10 1
51 14 1
51 19 1
51 20 1
51 22 -1
51 26 1
51 27 1
51 32 1
51 36 -1
51 46 1
51 52 1
51 56 -1
51 58 -1
51 59 1
51 61 1
51 63 1
51 64 1
51 72 1
51 77 1
51 78 -1
51 80 1
51 84 1
51 85 1
52 2 1
52 3 -1
52 8 1
52 16 1
52 23 1
52 24 1
52 25 1
52 26 1
52 28 1
52 33 1
52 34 1
52 38 -1
52 39 1
52 42 1
52 43 1
52 47 1
52 50 1
52 56 1
52 60 1
52 78 1
52 84 1
52 89 1
53 3 -1
53 10 1
53 11 1
53 12 1
53 13 1
53 18 1
53 22 1
53 30 1
53 31 1
53 36 1
53 38 1
53 41 1
53 43 1
53 46 1
53 47 1
53 49 1
53 51 1
53 55 1
53 58 1
53 60 1
53 69 -1
53 72 1
53 74 1
53 75 1
53 76 1
53 77 -1
53 86 -1
53 87 1
53 90 1
54 1 1
54 4 1
54 7 1
54 17 1
54 18 1
54 27 -1
54 29 -1
54 31 1
54 32 -1
54 33 1
54 34 1
54 41 1
54 44 1
54 45 1
54 50 1
54 55 1
54 56 1
54 58 1
54 63 1
54 66 1
54 69 1
54 70 -1
54 71 -1
54 75 -1
54 81 1
54 82 1
54 83 1
54 86 -1
54 88 1
55 1 -1
55 4 -1
55 8 1
55 10 1
55 11 -1
55 12 1
55 14 1
55 28 1
55 35 1
55 38 1
55 39 1
55 44 1
55 47 1
55 59 1
55 60 1
55 61 1
55 62 1
55 65 -1
55 75 1
55 80 -1
55 84 1
55 87 -1
56 2 1
56 17 1
56 18 1
56 19 1
56 21 1
56 24 1
56 39 1
56 41 1
56 44 1
56 49 -1
56 50 1
56 55 1
56 59 1
56 62 1
56 70 -1
56 71 -1
56 81 1
56 83 1
57 1 1
57 4 1
57 7 1
57 8 1
57 10 1
57 12 1
57 13 1
57 20 1
57 31 1
57 36 -1
57 38 1
57 41 1
57 42 1
57 45 1
57 51 1
57 52 1
57 53 1
57 56 1
57 59 1
57 62 1
57 64 1
57 66 1
57 73 1
57 79 1
57 84 -1
57 85 1
57 88 1
57 90 1
58 3 1
58 6 1
58 8 1
58 10 1
58 11 1
58 12 1
58 14 1
58 16 1
58 19 1
58 21 -1
58 22 1
58 24 1
58 25 1
58 26 1
58 27 1
58 31 1
58 33 1
58 35 1
58 39 -1
58 44 1
58 46 1
58 52 1
58 57 1
58 61 1
58 72 1
58 75 -1
58 77 1
58 79 1
58 81 1
59 10 1
59 15 1
59 16 -1
59 20 -1
59 23 1
59 24 1
59 28 1
59 33 1
59 39 -1
59 45 1
59 50 1
59 52 -1
59 60 1
59 62 1
59 63 1
59 64 1
59 66 1
59 72 -1
59 77 1
59 80 1
59 90 1
60 6 -1
60 13 -1
60 22 -1
60 25 1
60 27 1
60 32 -1
60 43 1
60 44 1
60 51 1
60 54 1
60 56 1
60 58 1
60 63 1
60 68 1
60 70 1
60 71 1
60 74 1
60 77 -1
60 78 1
60 81 1
60 82 -1
60 83 1
60 87 1
60 88 -1
60 90 1
61 2 1
61 4 1
61 13 1
61 14 -1
61 15 1
61 18 1
61 19 -1
61 21 1
61 22 1
61 23 1
61 24 -1
61 25 1
61 27 1
61 30 1
61 35 1
61 39 1
61 41 1
61 42 1
61 56 1
61 64 1
61 67 1
61 72 1
61 75 1
61 79 1
61 81 1
61 89 1
62 4 1
62 5 1
62 7 -1
62 9 1
62 24 1
62 29 1
62 34 1
62 38 1
62 49 1
62 50 -1
62 52 -1
62 64 1
62 68 1
62 72 1
62 77 1
62 87 1
62 88 1
62 90 1
63 7 -1
63 10 -1
63 12 1
63 17 1
63 18 1
63 19 1
63 21 1
63 24 1
63 25 1
63 30 1
63 35 1
63 37 -1
63 41 1
63 50 1
63 52 1
63 55 1
63 56 -1
63 70 -1
63 73 1
63 79 -1
63 80 1
63 89 1
64 1 1
64 7 1
64 9 1
64 10 1
64 13 -1
64 20 1
64 27 -1
64 34 1
64 40 1
64 42 -1
64 48 1
64 49 1
64 53 1
64 55 1
64 56 1
64 74 1
64 77 1
64 78 1
64 83 -1
64 86 1
65 2 1
65 5 1
65 7 1
65 9 1
65 10 1
65 11 1
65 22 1
65 23 1
65 28 1
65 36 1
65 37 1
65 42 1
65 51 1
65 58 -1
65 61 1
65 63 1
65 66 -1
65 67 1
65 69 -1
65 73 1
65 86 -1
66 4 -1
66 6 1
66 13 1
66 15 -1
66 16 1
66 20 1
66 26 1
66 34 1
66 36 1
66 37 1
66 38 1
66 47 1
66 50 -1
66 58 1
66 61 1
66 62 1
66 64 1
66 70 1
66 74 1
66 83 1
66 89 1
67 12 1
67 21 -1
67 28 1
67 35 1
67 37 -1
67 44 1
67 46 1
67 47 1
67 48 1
67 53 -1
67 54 1
67 55 -1
67 56 1
67 60 1
67 66 -1
67 71 1
67 84 1
67 90 1
68 2 1
68 5 1
68 10 1
68 13 1
68 15 1
68 17 1
68 23 1
68 35 -1
68 39 1
68 42 1
68 50 1
68 54 1
68 61 1
68 74 1
68 75 1
68 76 1
68 78 1
68 79 1
68 83 1
68 89 1
68 90 1
69 2 1
69 6 1
69 7 -1
69 10 -1
69 11 1
69 14 1
69 20 1
69 33 1
69 34 1
69 37 1
69 38 1
69 39 1
69 40 1
69 41 1
69 42 1
69 43 1
69 44 1
69 45 1
69 49 1
69 50 1
69 55 -1
69 56 1
69 57 1
69 60 1
69 63 -1
69 64 1
69 66 1
69 71 -1
69 72 1
69 73 1
69 74 -1
69 75 1
69 79 1
69 82 1
69 83 1
69 84 1
70 4 1
70 9 1
70 12 1
70 14 1
70 17 1
70 18 -1
70 21 1
70 23 1
70 24 1
70 27 -1
70 28 -1
70 32 1
70 43 1
70 45 1
70 46 1
70 47 1
70 53 1
70 59 1
70 62 1
70 65 1
70 68 1
70 73 1
70 75 1
70 76 -1
70 77 1
70 79 1
70 80 1
70 82 -1
70 83 1
70 86 1
71 15 1
71 20 1
71 23 1
71 28 1
71 38 1
71 42 -1
71 43 1
71 44 1
71 47 1
71 49 -1
71 50 1
71 51 1
71 53 -1
71 65 1
71 86 -1
72 4 1
72 10 -1
72 13 -1
72 15 1
72 17 1
72 29 1
72 33 1
72 35 1
72 39 1
72 41 -1
72 49 1
72 52 1
72 55 -1
72 56 1
72 57 1
72 70 1
72 80 1
72 81 -1
72 82 1
72 84 -1
72 89 1
72 90 1
73 4 1
73 5 1
73 13 -1
73 14 1
73 24 1
73 25 1
73 26 -1
73 36 1
73 39 1
73 48 1
73 52 -1
73 54 1
73 55 1
73 56 1
73 60 1
73 64 1
73 68 1
73 74 1
73 75 1
73 76 1
73 80 1
73 82 1
73 83 1
73 86 1
73 88 1
73 90 -1
74 1 1
74 3 1
74 4 1
74 5 -1
74 19 1
74 25 1
74 28 1
74 31 1
74 38 1
74 43 1
74 51 1
74 52 1
74 58 1
74 62 1
74 65 -1
74 71 1
74 76 1
74 83 1
74 87 1
74 89 1
75 4 1
75 17 1
75 18 -1
75 22 1
75 23 1
75 26 -1
75 29 1
75 30 1
75 33 1
75 38 1
75 39 1
75 49 -1
75 52 1
75 59 -1
75 60 -1
75 65 1
75 67 1
75 76 1
75 78 1
75 89 1
76 25 1
76 33 1
76 36 1
76 38 1
76 39 1
76 42 -1
76 43 1
76 44 1
76 52 1
76 54 -1
76 55 1
76 58 1
76 59 1
76 63 1
76 72 1
76 78 -1
76 86 1
76 88 1
77 24 1
77 28 1
77 33 1
77 39 1
77 41 -1
77 44 1
77 48 1
77 55 -1
77 57 1
77 61 1
77 65 1
77 69 -1
77 76 1
77 80 1
77 82 1
78 1 1
78 3 1
78 4 1
78 5 1
78 7 1
78 9 1
78 14 1
78 26 1
78 36 1
78 49 -1
78 66 1
78 67 1
78 71 1
78 73 1
78 77 -1
78 80 1
78 84 1
78 86 -1
79 1 -1
79 2 1
79 6 1
79 7 1
79 13 -1
79 16 -1
79 20 1
79 22 1
79 25 1
79 29 1
79 46 -1
79 47 1
79 53 1
79 55 -1
79 56 1
79 60 1
79 73 1
79 75 1
79 76 1
79 77 1
79 82 1
79 84 1
79 88 1
80 5 1
80 6 1
80 7 1
80 8 1
80 10 1
80 13 1
80 17 1
80 19 1
80 23 1
80 29 1
80 34 -1
80 37 1
80 41 -1
80 58 -1
80 62 1
80 65 1
80 66 1
80 67 1
80 68 1
80 75 1
80 76 1
80 83 1
80 87 1
81 1 -1
81 2 1
81 4 1
81 6 -1
81 8 1
81 9 1
81 14 1
81 20 1
81 25 1
81 30 1
81 35 1
81 37 -1
81 42 1
81 50 1
81 59 1
81 63 1
81 64 1
81 65 -1
81 69 1
81 71 1
81 77 1
81 78 1
81 86 1
81 90 1
82 3 1
82 4 1
82 11 1
82 14 1
82 17 1
82 28 1
82 31 1
82 35 1
82 36 1
82 44 1
82 47 1
82 55 1
82 57 -1
82 58 1
82 64 1
82 68 1
82 76 1
82 80 -1
82 87 1
82 88 -1
83 3 -1
83 4 1
83 7 1
83 10 -1
83 11 1
83 12 1
83 14 1
83 16 1
83 28 1
83 39 1
83 52 1
83 53 1
83 58 1
83 62 1
83 77 -1
83 79 1
83 85 1
83 89 -1
84 2 1
84 4 -1
84 8 -1
84 20 1
84 27 1
84 34 1
84 38 1
84 44 -1
84 48 1
84 53 1
84 60 1
84 61 1
84 68 1
84 71 1
84 77 1
84 83 -1
84 85 -1
84 89 1
85 1 -1
85 11 1
85 23 -1
85 28 1
85 31 1
85 33 1
85 39 1
85 41 1
85 52 1
85 53 1
85 54 1
85 58 1
85 60 -1
85 61 1
85 64 1
85 68 1
85 69 1
85 73 -1
85 74 1
85 77 1
85 79 1
85 80 1
85 81 1
85 82 1
85 90 -1
86 3 1
86 10 -1
86 12 1
86 14 1
86 15 1
86 21 -1
86 28 1
86 29 1
86 30 1
86 35 1
86 41 -1
86 46 1
86 49 1
86 50 -1
86 52 1
86 56 1
86 57 -1
86 68 -1
86 69 -1
86 72 1
86 79 1
86 84 1
86 85 1
86 89 -1
87 1 1
87 8 -1
87 11 1
87 12 -1
87 21 1
87 26 -1
87 39 -1
87 46 -1
87 49 1
87 52 1
87 54 -1
87 58 1
87 63 1
87 66 1
87 69 -1
87 70 1
87 71 -1
87 73 -1
87 84 1
87 88 1
88 7 1
88 12 1
88 14 1
88 15 -1
88 18 1
88 22 1
88 28 1
88 29 1
88 32 1
88 35 1
88 42 -1
88 48 1
88 51 -1
88 55 1
88 56 1
88 66 1
88 70 1
88 75 1
88 78 1
88 81 1
89 1 1
89 6 1
89 11 1
89 13 1
89 15 1
89 16 1
89 27 1
89 30 1
89 32 1
89 37 1
89 38 -1
89 40 1
89 50 1
89 51 1
89 54 1
89 56 1
89 58 1
89 60 1
89 62 1
89 65 1
89 67 1
89 69 1
89 70 1
89 73 1
89 77 -1
89 81 -1
89 85 1
89 88 1
90 1 -1
90 3 1
90 7 -1
90 9 1
90 11 -1
90 13 -1
90 14 1
90 18 1
90 23 1
90 24 -1
90 25 1
90 26 -1
90 31 1
90 33 1
90 43 1
90 47 -1
90 51 1
90 54 1
90 55 1
90 58 1
90 64 -1
90 65 1
90 71 1
90 74 1
90 75 1
90 83 1
90 84 1
