vertices: 30 edges: 217
1 3 1
1 6 -1
1 7 -1
1 18 1
1 19 1
2 1 -1
2 3 1
2 4 -1
2 5 1
2 23 -1
3 8 -1
3 12 -1
3 14 -1
3 17 1
3 22 1
3 25 -1
3 27 1
4 6 -1
4 7 -1
4 12 -1
4 14 -1
4 23 -1
5 4 1
5 8 -1
5 16 1
5 23 1
5 25 -1
5 28 1
6 2 -1
6 3 -1
6 5 1
6 7 -1
6 8 1
6 10 -1
6 13 -1
6 15 -1
6 17 1
6 18 -1
6 19 -1
6 20 1
6 25 -1
6 27 -1
6 29 1
6 30 -1
7 2 -1
7 5 -1
7 13 -1
7 18 1
7 27 1
7 30 -1
8 11 -1
8 20 -1
8 22 1
8 28 1
8 29 1
9 2 -1
9 3 -1
9 15 -1
9 19 -1
9 21 -1
9 23 1
9 25 -1
9 26 -1
9 28 1
9 30 1
10 3 -1
10 5 -1
10 14 1
10 15 -1
10 20 -1
10 29 -1
11 6 -1
11 7 -1
11 13 -1
11 19 -1
11 24 -1
11 27 1
11 30 -1
12 1 -1
12 7 -1
12 9 1
12 10 -1
12 11 -1
12 15 1
12 20 -1
12 22 -1
12 23 -1
12 25 -1
12 29 -1
13 3 -1
13 4 -1
13 8 -1
13 16 1
13 17 -1
14 6 1
14 8 -1
14 17 -1
14 24 1
14 25 -1
14 27 -1
14 29 -1
15 3 1
15 11 -1
15 13 1
15 16 -1
15 17 -1
15 21 1
15 26 -1
15 28 -1
15 30 -1
16 17 -1
16 19 -1
16 21 -1
16 29 -1
17 2 -1
17 5 -1
17 8 -1
17 26 -1
18 2 -1
18 8 -1
18 13 -1
18 15 1
18 20 -1
18 25 -1
18 28 -1
19 5 1
19 10 -1
19 13 -1
19 14 -1
19 18 -1
20 7 -1
20 9 1
20 11 -1
20 14 -1
20 23 -1
20 28 -1
21 4 -1
21 8 -1
21 11 -1
21 19 -1
21 20 -1
21 22 -1
21 26 -1
21 27 -1
22 10 1
22 18 1
22 24 1
22 30 -1
23 3 1
23 6 -1
23 8 -1
23 11 -1
23 16 -1
23 19 -1
24 1 -1
24 2 -1
24 6 -1
24 7 -1
24 10 -1
24 13 1
24 15 -1
24 18 -1
24 19 -1
24 20 -1
24 29 -1
25 4 -1
25 8 -1
25 10 1
25 11 1
25 15 1
25 16 -1
25 20 -1
26 1 -1
26 2 1
26 13 1
26 19 -1
26 24 -1
27 1 -1
27 5 -1
27 8 1
27 9 1
27 13 -1
27 16 -1
27 17 1
27 19 -1
27 22 -1
27 24 -1
27 29 -1
28 1 -1
28 4 -1
28 7 1
28 11 1
28 13 -1
28 16 1
28 17 1
28 21 -1
28 22 -1
28 30 -1
29 2 -1
29 3 -1
29 4 1
29 5 -1
29 9 -1
29 11 -1
29 15 -1
29 23 1
29 25 -1
29 28 -1
29 30 -1
30 1 -1
30 2 -1
30 5 -1
30 13 -1
30 14 -1
30 16 -1
30 20 -1
30 27 -1
