vertices: 150 edges: 5587
1 2 1
1 3 1
1 6 1
1 10 1
1 14 -1
1 23 1
1 25 1
1 36 1
1 47 1
1 50 1
1 54 1
1 55 1
1 57 1
1 58 1
1 65 1
1 68 1
1 73 1
1 75 1
1 77 1
1 80 1
1 83 1
1 87 1
1 89 1
1 90 1
1 93 1
1 95 1
1 102 -1
1 111 1
1 113 1
1 122 1
1 124 1
1 127 1
1 130 -1
1 132 1
1 135 1
1 137 1
1 144 1
1 147 1
1 149 1
2 6 1
2 7 1
2 10 -1
2 12 1
2 13 1
2 18 1
2 20 1
2 22 -1
2 23 -1
2 28 1
2 29 -1
2 32 1
2 34 1
2 37 1
2 39 1
2 40 -1
2 55 1
2 58 1
2 66 -1
2 67 1
2 68 1
2 69 1
2 72 1
2 74 1
2 75 1
2 79 1
2 93 -1
2 99 1
2 100 1
2 102 1
2 106 1
2 117 -1
2 124 1
2 132 1
2 141 1
2 145 1
2 148 1
3 11 1
3 17 1
3 20 1
3 21 1
3 24 1
3 26 1
3 27 1
3 50 1
3 66 1
3 68 1
3 71 1
3 73 1
3 82 1
3 85 1
3 87 1
3 92 1
3 95 1
3 97 -1
3 101 -1
3 109 1
3 112 1
3 115 1
3 134 1
3 139 1
3 146 1
3 148 1
4 1 1
4 9 1
4 10 1
4 12 1
4 13 1
4 29 1
4 30 1
4 31 1
4 33 -1
4 37 -1
4 40 1
4 42 1
4 47 1
4 48 1
4 49 1
4 51 1
4 52 1
4 59 1
4 62 1
4 64 1
4 65 -1
4 68 1
4 69 1
4 70 1
4 72 1
4 75 1
4 78 1
4 87 -1
4 89 1
4 94 1
4 98 1
4 100 1
4 101 1
4 109 1
4 114 1
4 115 1
4 116 1
4 125 1
4 130 1
4 131 1
4 138 1
4 139 -1
4 143 1
4 145 1
4 150 1
5 3 1
5 7 1
5 13 1
5 14 1
5 16 1
5 18 1
5 24 1
5 26 1
5 32 1
5 37 1
5 39 1
5 43 1
5 45 1
5 48 1
5 50 1
5 59 1
5 61 1
5 71 -1
5 88 1
5 89 1
5 91 1
5 93 1
5 95 1
5 97 1
5 98 1
5 100 -1
5 101 1
5 103 1
5 107 1
5 108 1
5 112 1
5 121 1
5 123 1
5 126 1
5 130 1
5 133 1
5 137 1
5 138 1
5 143 1
5 144 1
5 147 1
5 149 1
6 14 1
6 16 1
6 23 -1
6 28 1
6 29 1
6 33 -1
6 36 -1
6 38 1
6 43 1
6 44 1
6 46 -1
6 51 1
6 52 1
6 55 1
6 56 1
6 57 1
6 59 1
6 61 1
6 78 1
6 79 1
6 85 1
6 90 1
6 91 1
6 94 1
6 95 1
6 96 1
6 103 1
6 106 1
6 112 1
6 113 1
6 114 1
6 115 1
6 119 -1
6 128 -1
6 140 1
6 150 -1
7 4 1
7 10 -1
7 12 1
7 13 1
7 20 1
7 24 1
7 38 1
7 39 -1
7 40 1
7 41 1
7 42 1
7 45 1
7 46 1
7 52 1
7 61 -1
7 63 1
7 66 1
7 74 1
7 75 1
7 77 1
7 78 1
7 81 1
7 83 1
7 88 1
7 92 -1
7 94 -1
7 99 1
7 101 1
7 110 1
7 111 1
7 112 -1
7 121 1
7 122 1
7 128 1
7 129 1
7 132 1
7 137 1
7 142 1
7 147 1
8 4 1
8 6 -1
8 10 1
8 13 1
8 16 1
8 18 -1
8 22 1
8 27 1
8 31 1
8 37 1
8 40 1
8 44 1
8 46 1
8 49 -1
8 55 1
8 60 1
8 70 1
8 74 1
8 85 1
8 93 1
8 99 -1
8 102 1
8 108 -1
8 110 1
8 113 1
8 115 1
8 125 1
8 134 1
8 136 1
8 137 1
8 139 1
8 141 1
8 143 1
8 144 -1
9 3 1
9 5 -1
9 8 1
9 20 1
9 23 -1
9 24 1
9 29 -1
9 30 1
9 33 -1
9 40 -1
9 42 -1
9 47 1
9 50 -1
9 52 -1
9 63 1
9 65 1
9 70 1
9 71 1
9 73 1
9 75 1
9 77 1
9 80 1
9 91 1
9 94 1
9 97 1
9 98 1
9 110 1
9 113 1
9 120 1
9 121 1
9 122 1
9 132 1
9 136 -1
9 143 1
9 147 1
10 3 -1
10 6 1
10 18 1
10 25 1
10 27 1
10 36 1
10 38 1
10 40 1
10 41 1
10 42 1
10 48 1
10 49 1
10 53 1
10 54 1
10 59 -1
10 61 1
10 63 1
10 69 1
10 71 -1
10 72 -1
10 81 1
10 90 1
10 107 1
10 117 1
10 118 1
10 119 1
10 120 1
10 132 -1
10 134 1
10 135 -1
10 136 1
10 140 -1
10 141 1
10 147 1
10 148 1
11 1 -1
11 7 -1
11 10 1
11 14 -1
11 16 -1
11 17 1
11 18 -1
11 25 1
11 42 1
11 53 1
11 54 1
11 58 1
11 59 1
11 60 1
11 61 1
11 63 -1
11 71 1
11 73 1
11 79 1
11 82 -1
11 83 1
11 89 -1
11 95 -1
11 99 1
11 101 1
11 103 1
11 111 1
11 112 -1
11 114 1
11 124 -1
11 131 1
11 136 1
11 142 1
11 149 1
11 150 1
12 1 1
12 5 1
12 13 -1
12 18 -1
12 28 1
12 33 1
12 51 -1
12 54 1
12 58 1
12 82 1
12 85 -1
12 87 1
12 94 1
12 96 1
12 98 -1
12 100 1
12 104 1
12 105 1
12 106 1
12 115 1
12 123 1
12 124 1
12 125 1
12 126 1
12 128 1
12 129 -1
12 137 1
12 142 1
12 144 1
12 146 -1
12 149 1
12 150 1
13 3 1
13 9 -1
13 16 1
13 26 1
13 27 1
13 41 1
13 44 1
13 51 1
13 56 1
13 57 1
13 59 -1
13 60 -1
13 63 1
13 70 -1
13 76 -1
13 87 1
13 89 1
13 90 -1
13 93 1
13 94 1
13 99 1
13 102 1
13 103 -1
13 107 -1
13 108 1
13 111 -1
13 112 1
13 120 1
13 125 1
13 141 -1
13 145 1
13 147 -1
14 9 1
14 16 1
14 22 1
14 23 1
14 24 1
14 34 -1
14 45 1
14 46 1
14 47 1
14 48 1
14 67 1
14 72 1
14 88 1
14 90 -1
14 92 1
14 96 -1
14 100 -1
14 101 -1
14 103 1
14 104 1
14 106 1
14 109 1
14 115 1
14 125 1
14 126 1
14 127 1
14 128 1
14 129 -1
14 134 1
14 135 1
14 138 -1
14 144 1
14 146 -1
14 149 1
15 1 1
15 2 1
15 3 1
15 6 1
15 8 1
15 12 -1
15 18 1
15 19 1
15 20 1
15 23 1
15 27 -1
15 36 1
15 42 -1
15 49 1
15 56 1
15 61 1
15 64 1
15 71 1
15 75 1
15 88 1
15 91 1
15 93 1
15 99 1
15 103 -1
15 107 1
15 111 1
15 116 1
15 117 -1
15 119 1
15 124 1
15 126 1
15 135 1
15 142 1
15 144 1
15 146 -1
15 150 1
16 3 -1
16 4 -1
16 15 1
16 20 1
16 22 1
16 28 1
16 29 1
16 30 1
16 33 1
16 47 1
16 61 1
16 63 1
16 74 1
16 86 -1
16 91 1
16 95 1
16 99 1
16 100 1
16 106 1
16 116 1
16 119 -1
16 123 1
16 133 -1
16 135 1
16 136 1
16 142 1
16 148 1
16 150 1
17 1 1
17 2 1
17 4 1
17 5 1
17 8 -1
17 9 1
17 10 -1
17 19 1
17 22 1
17 24 1
17 25 1
17 32 1
17 38 1
17 43 1
17 46 1
17 52 1
17 54 -1
17 55 1
17 57 1
17 63 1
17 66 1
17 74 1
17 77 -1
17 80 1
17 81 1
17 85 -1
17 88 1
17 97 1
17 100 1
17 101 1
17 102 1
17 107 1
17 111 1
17 114 1
17 116 1
17 119 1
17 122 1
17 125 1
17 126 -1
17 129 -1
17 131 1
17 136 -1
17 144 1
18 1 1
18 3 1
18 4 1
18 6 -1
18 9 1
18 13 -1
18 27 -1
18 28 1
18 31 -1
18 38 1
18 40 1
18 41 1
18 44 1
18 52 1
18 57 1
18 59 1
18 61 1
18 62 -1
18 66 1
18 72 1
18 84 1
18 85 1
18 87 1
18 98 1
18 105 1
18 111 -1
18 114 1
18 122 1
18 132 1
18 135 -1
18 141 1
18 146 -1
18 147 1
18 148 1
19 1 1
19 2 1
19 12 1
19 30 1
19 32 1
19 33 1
19 45 -1
19 48 1
19 52 -1
19 54 1
19 56 1
19 58 1
19 60 -1
19 70 1
19 72 -1
19 83 -1
19 88 1
19 92 1
19 105 1
19 109 1
19 115 1
19 116 1
19 117 1
19 118 1
19 120 1
19 124 1
19 127 -1
19 132 1
19 134 -1
19 137 1
19 139 1
19 145 1
19 150 1
20 1 1
20 5 1
20 10 1
20 11 1
20 12 1
20 17 1
20 28 1
20 29 1
20 35 1
20 38 -1
20 48 1
20 49 1
20 51 1
20 53 -1
20 54 1
20 56 -1
20 58 1
20 60 1
20 65 -1
20 68 1
20 75 -1
20 76 1
20 83 1
20 85 1
20 93 -1
20 98 1
20 105 1
20 109 1
20 113 -1
20 117 -1
20 121 1
20 122 -1
20 123 1
20 126 1
20 139 1
20 148 1
21 5 1
21 8 1
21 12 1
21 14 1
21 16 -1
21 19 1
21 30 1
21 31 1
21 36 -1
21 41 1
21 42 1
21 44 1
21 46 1
21 59 -1
21 62 1
21 65 1
21 71 -1
21 72 1
21 74 1
21 75 1
21 83 1
21 87 1
21 95 1
21 96 1
21 97 1
21 101 1
21 107 1
21 109 1
21 111 1
21 114 1
21 118 1
21 127 1
21 134 1
21 135 1
21 137 -1
21 140 1
21 146 1
21 147 1
22 5 1
22 12 -1
22 15 -1
22 34 1
22 35 1
22 37 1
22 39 1
22 44 1
22 49 -1
22 50 1
22 63 1
22 67 1
22 74 1
22 77 -1
22 78 1
22 79 1
22 82 1
22 85 -1
22 87 1
22 88 1
22 89 1
22 96 -1
22 101 1
22 104 -1
22 108 -1
22 115 1
22 116 1
22 118 1
22 123 -1
22 125 1
22 130 1
22 134 1
22 137 1
22 140 -1
22 147 1
22 148 1
23 3 1
23 5 1
23 18 1
23 49 1
23 50 1
23 51 1
23 58 -1
23 66 -1
23 67 1
23 68 1
23 69 1
23 72 -1
23 78 1
23 79 -1
23 85 -1
23 87 -1
23 93 1
23 98 1
23 99 1
23 100 1
23 105 1
23 107 1
23 108 1
23 112 1
23 113 1
23 115 1
23 117 1
23 118 1
23 121 1
23 130 1
23 134 1
23 136 1
23 137 -1
23 139 1
23 140 1
23 143 1
24 8 1
24 10 1
24 11 -1
24 22 1
24 23 1
24 27 1
24 30 1
24 34 -1
24 36 -1
24 38 1
24 41 1
24 42 1
24 47 -1
24 49 1
24 54 1
24 55 1
24 57 1
24 58 1
24 59 -1
24 62 1
24 68 -1
24 69 1
24 71 1
24 73 1
24 75 1
24 78 1
24 80 1
24 82 1
24 83 -1
24 87 1
24 90 1
24 91 1
24 94 1
24 100 1
24 104 -1
24 110 1
24 111 1
24 114 1
24 115 -1
24 118 1
24 121 -1
24 127 1
24 129 1
24 137 -1
24 138 1
24 142 1
24 145 1
25 3 1
25 12 -1
25 13 1
25 15 1
25 16 1
25 20 1
25 24 1
25 27 1
25 29 1
25 33 1
25 36 -1
25 42 -1
25 43 1
25 48 1
25 56 1
25 57 1
25 60 1
25 74 -1
25 76 1
25 90 -1
25 93 1
25 95 1
25 98 1
25 100 -1
25 105 1
25 108 -1
25 116 1
25 119 -1
25 121 1
25 122 1
25 124 1
25 125 1
25 128 1
25 129 1
25 133 1
25 137 1
25 141 1
25 142 -1
25 145 -1
26 9 1
26 12 1
26 16 1
26 18 -1
26 19 1
26 21 -1
26 28 1
26 29 1
26 32 -1
26 34 -1
26 36 1
26 37 1
26 39 -1
26 42 -1
26 43 1
26 44 1
26 47 1
26 55 1
26 56 1
26 58 1
26 66 1
26 68 1
26 75 1
26 77 1
26 79 1
26 90 1
26 91 -1
26 94 1
26 95 1
26 102 1
26 103 1
26 107 -1
26 108 1
26 111 1
26 118 -1
26 122 -1
26 124 1
26 125 1
26 136 1
26 141 -1
26 143 1
26 144 1
27 1 1
27 5 1
27 11 1
27 12 1
27 14 1
27 17 1
27 19 1
27 21 -1
27 28 1
27 33 1
27 41 1
27 48 1
27 49 -1
27 56 1
27 63 1
27 69 1
27 72 -1
27 80 -1
27 81 1
27 89 1
27 94 1
27 98 1
27 99 1
27 104 1
27 105 1
27 113 1
27 124 -1
27 129 1
27 135 1
27 137 1
27 143 1
27 144 1
28 9 1
28 11 1
28 14 1
28 21 1
28 24 1
28 33 -1
28 43 1
28 44 1
28 45 -1
28 47 1
28 48 1
28 57 -1
28 72 1
28 74 1
28 77 1
28 79 1
28 83 -1
28 99 1
28 100 1
28 102 1
28 105 1
28 106 1
28 117 1
28 120 -1
28 128 1
28 132 1
28 138 -1
28 148 1
29 3 1
29 14 1
29 18 -1
29 24 1
29 28 1
29 36 1
29 37 1
29 39 1
29 43 1
29 50 1
29 60 1
29 61 1
29 72 1
29 73 1
29 74 1
29 75 -1
29 76 1
29 80 1
29 82 -1
29 88 1
29 92 -1
29 106 1
29 109 -1
29 114 -1
29 122 1
29 126 1
29 127 1
29 129 1
29 137 1
29 138 1
29 139 1
29 143 1
29 145 1
29 147 -1
30 1 1
30 2 1
30 3 -1
30 5 1
30 7 1
30 10 1
30 11 1
30 12 1
30 13 1
30 17 1
30 22 1
30 29 1
30 38 -1
30 41 1
30 43 1
30 45 1
30 53 1
30 54 -1
30 59 1
30 60 -1
30 62 -1
30 66 1
30 68 1
30 80 1
30 93 1
30 95 1
30 96 1
30 99 -1
30 104 1
30 111 -1
30 117 1
30 120 1
30 122 -1
30 124 1
30 127 1
30 131 1
30 134 1
30 135 -1
30 136 1
30 138 1
30 139 -1
30 140 -1
30 147 -1
30 148 1
30 149 1
31 5 1
31 9 1
31 13 1
31 16 1
31 20 1
31 22 1
31 24 -1
31 34 1
31 36 1
31 44 1
31 46 1
31 51 1
31 53 1
31 56 -1
31 60 1
31 65 1
31 75 1
31 77 1
31 87 1
31 88 1
31 94 -1
31 96 -1
31 97 1
31 101 1
31 113 1
31 116 1
31 119 1
31 120 1
31 126 -1
31 129 1
31 131 1
31 132 1
31 135 1
31 138 1
31 142 -1
31 144 1
31 146 1
31 147 1
31 148 1
31 149 -1
32 11 1
32 13 1
32 14 1
32 16 1
32 18 1
32 23 1
32 27 -1
32 30 -1
32 41 1
32 42 -1
32 46 1
32 48 1
32 49 1
32 58 1
32 59 1
32 63 -1
32 69 1
32 73 -1
32 75 1
32 94 1
32 96 1
32 99 1
32 104 1
32 106 1
32 110 1
32 111 1
32 112 1
32 113 1
32 123 1
32 127 -1
32 130 1
32 134 1
32 136 1
32 139 1
32 146 1
33 2 1
33 5 -1
33 7 1
33 11 1
33 15 1
33 21 -1
33 22 1
33 23 1
33 29 1
33 30 1
33 31 1
33 36 1
33 38 1
33 39 1
33 40 1
33 41 1
33 52 1
33 53 1
33 61 1
33 66 1
33 68 1
33 73 1
33 75 1
33 86 -1
33 88 1
33 89 1
33 94 1
33 95 1
33 96 1
33 98 1
33 99 1
33 100 1
33 104 1
33 109 1
33 116 1
33 120 1
33 121 1
33 123 1
33 127 1
33 131 1
33 132 1
33 133 1
33 139 1
33 144 1
33 146 1
34 4 1
34 5 1
34 6 1
34 9 -1
34 10 1
34 12 1
34 16 1
34 18 1
34 20 1
34 23 1
34 25 1
34 42 1
34 44 1
34 48 -1
34 51 1
34 54 1
34 55 1
34 58 1
34 70 1
34 83 1
34 92 1
34 94 -1
34 95 1
34 96 -1
34 100 1
34 102 1
34 110 1
34 124 1
34 130 1
34 136 1
34 139 1
34 141 1
34 149 1
35 1 1
35 5 1
35 6 1
35 7 1
35 9 -1
35 12 1
35 17 1
35 18 -1
35 21 1
35 24 1
35 29 1
35 30 1
35 43 -1
35 46 1
35 52 -1
35 54 1
35 72 1
35 87 1
35 89 1
35 93 1
35 103 -1
35 107 1
35 127 -1
35 130 1
35 132 1
35 141 1
35 142 1
35 145 1
35 147 1
35 148 1
36 3 1
36 4 1
36 7 -1
36 12 1
36 18 1
36 45 -1
36 60 1
36 61 1
36 68 1
36 70 -1
36 71 -1
36 80 1
36 87 1
36 90 1
36 93 1
36 97 1
36 100 1
36 108 -1
36 112 1
36 115 1
36 117 -1
36 120 1
36 126 1
36 140 1
36 142 1
36 143 1
36 144 1
36 148 -1
36 150 1
37 1 1
37 6 1
37 12 1
37 17 1
37 18 1
37 20 1
37 21 -1
37 25 -1
37 27 1
37 28 1
37 31 1
37 34 -1
37 43 1
37 49 1
37 51 1
37 53 -1
37 54 -1
37 56 1
37 58 1
37 63 -1
37 65 1
37 71 -1
37 76 1
37 77 1
37 79 1
37 84 1
37 85 1
37 86 1
37 87 -1
37 92 1
37 93 1
37 97 1
37 104 1
37 108 1
37 112 -1
37 115 1
37 116 1
37 117 1
37 118 1
37 120 -1
37 122 1
37 126 1
37 127 1
37 129 1
37 130 1
37 135 1
37 141 1
37 143 1
37 144 1
38 1 1
38 2 1
38 11 1
38 14 1
38 27 1
38 29 1
38 31 1
38 32 1
38 36 1
38 39 1
38 43 1
38 45 1
38 51 1
38 53 1
38 54 1
38 56 1
38 60 1
38 64 1
38 65 -1
38 67 1
38 71 1
38 79 1
38 82 1
38 83 1
38 85 -1
38 96 1
38 99 1
38 106 1
38 107 1
38 108 1
38 130 1
38 131 1
38 134 1
38 138 1
38 150 -1
39 6 -1
39 10 1
39 17 -1
39 31 1
39 32 1
39 36 -1
39 43 1
39 44 1
39 45 1
39 49 1
39 52 -1
39 54 1
39 66 1
39 71 1
39 77 1
39 79 1
39 86 1
39 88 -1
39 100 1
39 103 1
39 105 1
39 110 1
39 126 1
39 128 1
39 131 1
39 138 -1
39 144 1
39 150 1
40 6 -1
40 12 1
40 17 1
40 25 -1
40 29 1
40 36 1
40 37 1
40 41 1
40 49 1
40 54 1
40 56 1
40 61 -1
40 64 1
40 66 1
40 72 1
40 73 1
40 74 1
40 75 1
40 76 -1
40 80 1
40 82 1
40 83 1
40 94 1
40 98 -1
40 101 1
40 103 -1
40 105 1
40 106 1
40 112 1
40 116 1
40 117 1
40 118 -1
40 120 -1
40 125 -1
40 128 1
40 129 1
40 136 1
40 138 -1
40 142 -1
40 145 1
40 146 1
40 149 1
40 150 -1
41 2 1
41 3 1
41 4 -1
41 5 1
41 6 1
41 14 1
41 15 -1
41 17 1
41 20 -1
41 22 1
41 26 1
41 38 1
41 43 1
41 45 1
41 48 1
41 52 1
41 55 1
41 56 1
41 60 1
41 65 1
41 72 1
41 73 1
41 78 1
41 80 1
41 81 1
41 82 1
41 85 1
41 87 1
41 92 1
41 94 1
41 98 1
41 112 1
41 114 1
41 120 1
41 122 1
41 134 -1
41 135 1
41 138 -1
41 140 -1
41 142 1
41 146 1
41 147 1
42 5 1
42 12 1
42 13 1
42 17 1
42 18 1
42 27 1
42 30 1
42 31 1
42 39 1
42 53 1
42 65 -1
42 68 1
42 73 1
42 74 1
42 76 1
42 83 -1
42 85 1
42 88 -1
42 101 1
42 105 1
42 109 1
42 110 1
42 115 1
42 120 1
42 128 1
42 131 1
42 133 1
42 134 1
42 139 1
42 144 1
43 1 1
43 12 -1
43 13 1
43 14 1
43 20 1
43 21 1
43 31 1
43 32 1
43 34 -1
43 40 -1
43 46 1
43 48 -1
43 55 1
43 56 -1
43 58 1
43 60 1
43 62 1
43 65 1
43 74 1
43 75 1
43 77 1
43 78 1
43 81 1
43 82 1
43 89 1
43 95 1
43 98 -1
43 99 1
43 101 -1
43 103 1
43 108 1
43 109 1
43 110 1
43 113 1
43 117 1
43 122 1
43 133 1
43 134 1
43 135 -1
43 143 1
43 150 1
44 1 -1
44 4 1
44 7 1
44 9 -1
44 17 1
44 19 1
44 20 1
44 27 -1
44 32 1
44 36 1
44 40 -1
44 48 1
44 52 1
44 54 1
44 56 1
44 59 -1
44 60 1
44 64 1
44 66 1
44 75 1
44 76 1
44 78 1
44 83 1
44 84 -1
44 92 1
44 93 -1
44 99 1
44 112 1
44 114 1
44 117 1
44 123 1
44 125 1
44 126 -1
44 131 1
44 135 1
44 136 1
44 139 1
44 142 -1
44 144 1
44 147 1
45 3 -1
45 8 1
45 10 1
45 11 1
45 12 1
45 13 1
45 15 1
45 20 1
45 21 1
45 29 1
45 31 1
45 32 -1
45 34 1
45 35 1
45 37 1
45 40 1
45 42 1
45 43 -1
45 44 -1
45 46 1
45 51 1
45 52 1
45 65 1
45 67 -1
45 70 -1
45 73 -1
45 74 1
45 75 1
45 76 -1
45 84 1
45 87 1
45 107 -1
45 110 1
45 116 1
45 117 1
45 118 1
45 121 1
45 126 1
45 132 1
45 134 1
45 138 -1
46 4 1
46 9 1
46 13 1
46 23 1
46 24 1
46 25 1
46 26 1
46 38 -1
46 40 1
46 41 1
46 42 1
46 48 1
46 54 1
46 60 -1
46 66 1
46 69 -1
46 70 1
46 72 1
46 74 1
46 92 1
46 101 1
46 103 1
46 104 1
46 106 1
46 108 -1
46 109 1
46 110 1
46 111 1
46 123 1
46 126 1
46 146 1
46 148 -1
47 8 1
47 19 -1
47 23 1
47 27 1
47 31 1
47 37 1
47 38 1
47 40 -1
47 42 -1
47 45 -1
47 51 1
47 54 -1
47 59 1
47 60 1
47 61 1
47 65 1
47 69 1
47 72 1
47 79 1
47 80 1
47 81 1
47 82 1
47 87 1
47 92 1
47 94 1
47 115 1
47 120 1
47 126 1
47 128 1
47 129 -1
47 131 -1
47 133 1
47 135 1
47 136 -1
47 143 1
48 9 1
48 11 1
48 12 1
48 15 1
48 30 1
48 36 1
48 37 1
48 42 1
48 45 1
48 47 -1
48 49 1
48 51 1
48 52 1
48 71 1
48 73 1
48 74 1
48 78 1
48 83 1
48 84 -1
48 92 -1
48 95 1
48 97 1
48 104 1
48 107 1
48 113 -1
48 119 1
48 121 1
48 126 1
48 129 1
48 135 1
48 139 1
48 141 1
48 144 1
48 147 1
49 2 1
49 9 -1
49 11 1
49 13 -1
49 14 -1
49 28 -1
49 29 1
49 30 1
49 31 1
49 34 1
49 35 1
49 45 1
49 46 1
49 47 1
49 52 1
49 53 1
49 56 1
49 62 -1
49 64 1
49 68 1
49 74 1
49 77 -1
49 80 1
49 83 -1
49 86 1
49 96 1
49 109 1
49 111 1
49 113 -1
49 118 1
49 120 1
49 121 1
49 126 1
49 132 1
49 133 1
49 135 -1
49 136 1
49 139 -1
49 144 -1
49 145 1
49 146 -1
49 147 1
49 148 1
50 6 1
50 8 1
50 15 1
50 17 1
50 21 1
50 27 1
50 28 1
50 31 1
50 32 1
50 36 1
50 40 1
50 41 -1
50 42 1
50 43 1
50 48 1
50 54 1
50 55 1
50 69 1
50 72 -1
50 82 1
50 86 1
50 89 1
50 90 1
50 92 1
50 93 1
50 102 1
50 104 -1
50 106 1
50 110 1
50 117 1
50 120 1
50 127 -1
50 129 1
50 133 1
50 142 1
50 145 -1
50 146 1
50 150 1
51 7 -1
51 8 -1
51 9 1
51 14 1
51 17 1
51 18 -1
51 25 1
51 29 1
51 33 1
51 36 1
51 44 1
51 50 1
51 53 1
51 54 -1
51 57 1
51 62 1
51 64 1
51 66 -1
51 68 1
51 71 1
51 77 1
51 79 1
51 81 1
51 88 1
51 93 1
51 95 1
51 98 1
51 105 -1
51 115 1
51 116 1
51 119 1
51 124 1
51 125 1
51 128 1
51 129 1
51 134 1
51 136 -1
51 142 1
51 143 1
51 150 1
52 2 1
52 11 -1
52 14 -1
52 20 1
52 23 1
52 26 1
52 27 1
52 28 1
52 31 1
52 32 1
52 36 1
52 42 1
52 50 -1
52 51 1
52 54 1
52 58 1
52 62 1
52 69 1
52 82 -1
52 88 1
52 93 1
52 98 1
52 101 1
52 103 1
52 106 1
52 107 1
52 111 1
52 113 1
52 120 1
52 121 -1
52 127 1
52 131 1
52 135 1
52 144 1
52 146 1
52 148 -1
53 4 1
53 8 1
53 16 1
53 17 1
53 18 1
53 26 1
53 27 -1
53 29 1
53 34 1
53 36 -1
53 39 1
53 40 1
53 44 1
53 47 1
53 48 1
53 59 1
53 60 -1
53 61 1
53 70 1
53 71 -1
53 78 1
53 81 1
53 82 1
53 85 -1
53 86 -1
53 88 1
53 91 1
53 92 1
53 96 1
53 102 1
53 105 1
53 107 1
53 111 1
53 112 1
53 119 1
53 120 1
53 122 1
53 125 1
53 126 1
53 133 1
53 134 1
53 136 1
53 139 1
53 147 -1
54 5 1
54 18 1
54 25 1
54 27 1
54 36 1
54 41 1
54 53 1
54 67 1
54 69 1
54 72 1
54 73 1
54 74 1
54 78 1
54 79 1
54 81 1
54 82 1
54 83 1
54 87 1
54 89 1
54 90 1
54 96 1
54 97 1
54 101 1
54 102 1
54 110 1
54 112 1
54 115 1
54 118 1
54 121 -1
54 124 1
54 125 1
54 128 1
54 129 1
54 134 1
54 142 1
54 143 -1
54 149 1
55 7 1
55 11 1
55 13 1
55 15 1
55 16 -1
55 19 1
55 21 1
55 23 1
55 25 1
55 27 1
55 29 1
55 30 1
55 32 1
55 33 -1
55 40 1
55 42 1
55 47 1
55 54 1
55 57 -1
55 62 1
55 69 1
55 71 -1
55 74 1
55 78 1
55 83 -1
55 84 1
55 86 1
55 91 1
55 93 1
55 98 1
55 102 1
55 106 1
55 114 1
55 115 1
55 117 1
55 136 -1
55 137 1
55 138 1
55 140 1
55 141 1
55 143 1
55 145 1
56 2 1
56 5 -1
56 7 -1
56 8 1
56 11 1
56 14 1
56 21 1
56 22 1
56 34 1
56 36 1
56 45 1
56 46 1
56 48 1
56 51 1
56 54 1
56 55 1
56 63 1
56 66 1
56 67 1
56 68 1
56 69 1
56 70 1
56 72 1
56 73 1
56 74 -1
56 79 -1
56 83 1
56 96 1
56 112 1
56 113 1
56 114 1
56 119 1
56 122 -1
56 127 1
56 132 1
56 135 1
56 137 1
56 138 1
56 145 1
56 147 -1
57 2 1
57 3 1
57 5 -1
57 7 1
57 12 1
57 14 1
57 19 1
57 22 -1
57 32 1
57 33 1
57 36 1
57 39 1
57 41 1
57 42 1
57 58 1
57 59 1
57 62 1
57 63 1
57 64 1
57 66 1
57 67 1
57 70 1
57 73 -1
57 74 -1
57 75 1
57 76 1
57 79 1
57 81 1
57 85 1
57 86 1
57 88 1
57 90 1
57 91 1
57 98 -1
57 99 1
57 100 1
57 102 -1
57 105 1
57 106 1
57 112 1
57 115 1
57 116 1
57 119 1
57 124 1
57 125 1
57 131 1
57 137 1
57 138 -1
57 139 1
57 142 1
58 5 -1
58 8 1
58 9 1
58 13 1
58 14 1
58 17 1
58 28 1
58 36 1
58 38 -1
58 40 -1
58 46 1
58 48 -1
58 55 1
58 63 -1
58 64 1
58 80 1
58 85 1
58 89 1
58 91 1
58 96 1
58 105 1
58 109 1
58 110 1
58 114 1
58 115 1
58 116 -1
58 120 1
58 121 1
58 124 1
58 125 1
58 127 1
58 128 1
58 130 1
58 131 -1
58 132 1
58 137 1
58 139 1
58 142 1
59 1 1
59 7 1
59 14 1
59 19 1
59 33 -1
59 40 -1
59 41 1
59 42 -1
59 45 1
59 46 1
59 48 -1
59 56 1
59 58 1
59 63 -1
59 64 -1
59 67 1
59 68 1
59 72 1
59 79 1
59 80 -1
59 88 1
59 91 1
59 93 1
59 94 1
59 95 1
59 103 1
59 106 1
59 110 1
59 115 1
59 123 1
59 130 1
59 140 -1
59 144 1
60 4 1
60 10 -1
60 15 -1
60 17 1
60 23 1
60 24 -1
60 28 1
60 32 1
60 34 1
60 45 -1
60 48 1
60 61 1
60 62 1
60 63 -1
60 65 1
60 66 1
60 73 1
60 77 1
60 84 1
60 85 -1
60 87 1
60 89 1
60 90 1
60 91 -1
60 96 1
60 101 -1
60 116 1
60 117 -1
60 119 1
60 124 1
60 125 -1
60 132 -1
60 134 1
61 2 1
61 4 1
61 12 -1
61 14 1
61 17 1
61 19 1
61 25 1
61 28 -1
61 30 1
61 31 1
61 32 -1
61 37 1
61 39 1
61 41 -1
61 46 1
61 48 1
61 50 1
61 51 -1
61 57 1
61 59 -1
61 67 1
61 76 1
61 81 1
61 85 -1
61 86 -1
61 88 1
61 93 1
61 106 1
61 119 1
61 120 1
61 121 1
61 124 -1
61 127 1
61 128 1
61 130 1
61 135 1
61 140 1
61 141 -1
61 143 1
61 147 1
61 149 1
62 6 1
62 9 1
62 15 1
62 19 1
62 25 1
62 26 -1
62 28 1
62 29 -1
62 31 1
62 37 1
62 38 1
62 40 -1
62 44 -1
62 48 1
62 58 -1
62 61 -1
62 65 1
62 68 -1
62 70 1
62 72 -1
62 73 1
62 74 1
62 79 1
62 83 1
62 85 1
62 89 1
62 90 1
62 91 1
62 92 -1
62 94 1
62 102 -1
62 103 -1
62 104 -1
62 106 1
62 113 1
62 116 1
62 118 1
62 125 1
62 127 1
62 129 1
62 130 1
62 134 1
62 136 1
62 137 1
62 140 1
62 141 1
62 143 1
62 149 1
63 3 -1
63 6 -1
63 8 1
63 12 1
63 14 1
63 25 -1
63 28 -1
63 29 -1
63 31 1
63 34 1
63 39 1
63 40 1
63 43 1
63 44 -1
63 47 1
63 49 1
63 52 1
63 62 1
63 66 1
63 68 -1
63 69 1
63 75 -1
63 77 1
63 79 1
63 80 -1
63 82 1
63 84 1
63 86 -1
63 92 1
63 96 -1
63 97 1
63 101 1
63 102 1
63 103 1
63 110 1
63 113 1
63 115 1
63 117 1
63 119 1
63 120 1
63 127 -1
63 128 1
63 133 1
63 145 1
64 2 1
64 12 1
64 16 1
64 18 1
64 27 1
64 28 1
64 29 1
64 32 1
64 36 -1
64 45 1
64 47 1
64 55 1
64 61 1
64 62 1
64 69 1
64 86 1
64 104 1
64 106 1
64 107 -1
64 109 1
64 111 1
64 117 1
64 122 -1
64 125 -1
64 128 1
64 129 -1
64 130 1
64 135 1
64 138 1
64 139 1
64 142 1
64 146 -1
64 150 1
65 6 -1
65 12 -1
65 14 1
65 15 1
65 16 1
65 19 1
65 23 1
65 27 -1
65 33 1
65 34 1
65 36 -1
65 44 -1
65 46 1
65 50 1
65 51 1
65 54 1
65 55 -1
65 56 1
65 57 1
65 59 1
65 66 1
65 68 1
65 72 -1
65 74 1
65 82 1
65 83 -1
65 84 1
65 88 1
65 89 1
65 92 1
65 95 -1
65 103 1
65 104 -1
65 108 -1
65 110 1
65 111 1
65 118 1
65 132 1
65 133 1
65 136 1
65 141 1
65 148 1
65 150 -1
66 4 -1
66 6 1
66 12 1
66 13 1
66 16 1
66 19 1
66 22 1
66 24 1
66 29 1
66 36 -1
66 49 1
66 52 1
66 61 -1
66 70 1
66 72 1
66 73 1
66 93 -1
66 95 1
66 98 -1
66 100 -1
66 103 1
66 114 1
66 118 1
66 121 -1
66 129 1
66 130 1
66 137 1
66 146 1
66 150 1
67 1 1
67 4 1
67 11 1
67 18 1
67 20 1
67 21 -1
67 26 -1
67 30 1
67 32 1
67 33 1
67 42 1
67 44 1
67 47 1
67 49 1
67 60 1
67 62 1
67 66 -1
67 68 1
67 73 1
67 85 1
67 89 1
67 90 1
67 102 1
67 105 1
67 106 1
67 116 1
67 117 1
67 119 1
67 121 1
67 122 1
67 123 -1
67 130 1
67 132 1
67 142 1
67 149 -1
67 150 1
68 11 1
68 12 1
68 13 1
68 14 1
68 15 -1
68 18 1
68 31 -1
68 37 1
68 38 1
68 39 1
68 44 -1
68 45 -1
68 47 1
68 53 1
68 57 1
68 58 1
68 61 -1
68 71 1
68 76 1
68 79 1
68 80 1
68 82 -1
68 85 -1
68 87 -1
68 89 1
68 92 1
68 98 1
68 99 -1
68 101 1
68 104 1
68 107 1
68 108 1
68 111 1
68 114 -1
68 115 1
68 121 1
68 122 1
68 123 -1
68 124 1
68 125 1
68 129 1
68 136 -1
68 139 1
68 141 1
68 143 1
68 145 1
68 147 1
68 149 1
69 1 1
69 9 1
69 14 1
69 15 1
69 16 1
69 18 1
69 20 1
69 22 1
69 25 -1
69 28 1
69 37 1
69 39 1
69 42 1
69 45 1
69 49 1
69 51 1
69 53 1
69 57 -1
69 59 1
69 65 1
69 75 1
69 77 1
69 78 1
69 90 1
69 92 1
69 96 1
69 99 1
69 103 -1
69 113 1
69 118 -1
69 121 1
69 123 1
69 124 -1
69 125 1
69 128 1
69 129 1
69 132 1
69 133 1
69 138 1
69 143 1
69 146 1
69 149 1
70 11 1
70 14 1
70 20 1
70 21 1
70 23 -1
70 26 1
70 27 1
70 29 1
70 30 -1
70 37 1
70 39 1
70 40 1
70 51 -1
70 55 1
70 60 1
70 64 1
70 67 1
70 69 -1
70 72 -1
70 76 1
70 80 1
70 81 1
70 85 1
70 87 1
70 88 1
70 89 1
70 91 1
70 98 1
70 109 1
70 110 1
70 111 1
70 123 1
70 130 1
70 131 1
70 134 1
70 136 1
70 141 1
70 142 1
70 143 -1
70 145 1
70 147 -1
70 148 -1
70 149 1
71 4 1
71 29 1
71 32 1
71 34 1
71 35 1
71 40 -1
71 43 1
71 46 1
71 47 -1
71 54 1
71 56 1
71 59 1
71 70 1
71 72 1
71 79 1
71 90 1
71 97 1
71 100 -1
71 105 1
71 108 1
71 109 1
71 123 -1
71 124 1
71 125 -1
71 126 1
71 127 1
71 131 -1
71 135 -1
71 137 1
71 138 1
71 147 -1
72 11 1
72 15 1
72 16 1
72 20 1
72 32 -1
72 34 1
72 36 1
72 37 1
72 38 -1
72 39 1
72 44 1
72 49 1
72 51 1
72 53 -1
72 55 1
72 58 1
72 64 1
72 68 1
72 74 1
72 78 1
72 79 -1
72 81 1
72 91 1
72 93 1
72 96 1
72 99 -1
72 113 1
72 115 1
72 116 1
72 124 1
72 125 1
72 128 1
72 129 1
72 131 1
72 139 -1
72 141 -1
72 142 1
72 145 1
72 147 1
72 148 -1
72 149 -1
73 4 1
73 6 1
73 10 1
73 12 1
73 13 1
73 16 1
73 19 1
73 34 1
73 37 -1
73 49 1
73 55 1
73 59 1
73 65 1
73 68 1
73 70 1
73 71 1
73 77 1
73 78 1
73 82 1
73 84 1
73 85 1
73 86 -1
73 90 1
73 91 1
73 93 1
73 101 1
73 102 1
73 105 1
73 110 1
73 117 1
73 119 1
73 122 1
73 124 1
73 128 1
73 130 1
73 131 1
73 141 1
74 1 1
74 4 1
74 5 -1
74 12 1
74 14 1
74 20 1
74 23 -1
74 26 1
74 27 1
74 30 1
74 36 1
74 37 1
74 39 1
74 41 -1
74 44 1
74 47 -1
74 50 1
74 58 1
74 64 1
74 70 1
74 78 1
74 79 1
74 81 1
74 86 -1
74 88 1
74 89 1
74 96 1
74 100 1
74 101 -1
74 103 -1
74 112 1
74 117 1
74 121 -1
74 128 1
74 133 -1
74 139 1
74 150 -1
75 6 1
75 23 1
75 25 1
75 28 1
75 30 1
75 38 -1
75 42 -1
75 47 1
75 49 1
75 52 1
75 54 -1
75 55 1
75 56 1
75 58 1
75 60 1
75 64 -1
75 66 1
75 70 1
75 73 1
75 80 1
75 84 1
75 86 1
75 91 1
75 92 1
75 93 -1
75 105 1
75 108 1
75 110 1
75 111 1
75 115 1
75 117 1
75 118 -1
75 124 -1
75 128 1
75 129 1
75 133 1
75 136 1
75 137 1
75 139 1
75 143 1
76 1 1
76 3 1
76 5 1
76 15 1
76 16 1
76 21 1
76 24 1
76 26 1
76 28 1
76 39 1
76 41 1
76 46 -1
76 47 1
76 48 1
76 51 1
76 53 1
76 55 1
76 56 1
76 64 1
76 66 1
76 67 1
76 69 1
76 71 1
76 77 1
76 86 -1
76 87 -1
76 90 1
76 92 1
76 96 1
76 98 1
76 102 1
76 106 1
76 112 1
76 114 -1
76 116 -1
76 118 1
76 119 -1
76 128 1
76 129 1
76 130 1
76 137 -1
76 144 1
76 145 1
76 149 1
77 2 -1
77 3 1
77 14 1
77 21 1
77 23 1
77 25 -1
77 27 1
77 34 -1
77 38 1
77 53 1
77 55 1
77 56 1
77 57 -1
77 58 1
77 59 1
77 62 1
77 66 -1
77 68 1
77 70 1
77 75 -1
77 79 1
77 87 1
77 92 1
77 95 1
77 97 1
77 102 1
77 105 1
77 111 -1
77 112 1
77 114 1
77 117 -1
77 118 1
77 120 -1
77 121 -1
77 123 1
77 124 1
77 133 1
77 135 1
77 139 -1
77 140 1
77 144 -1
77 145 1
78 2 1
78 3 1
78 8 -1
78 12 1
78 15 1
78 16 1
78 17 1
78 25 1
78 28 1
78 29 1
78 30 1
78 35 1
78 42 -1
78 50 1
78 56 1
78 57 1
78 65 -1
78 67 1
78 77 1
78 81 1
78 83 -1
78 100 1
78 101 1
78 102 -1
78 110 1
78 118 1
78 119 1
78 122 1
78 129 1
78 131 1
78 139 1
78 140 1
78 149 1
79 5 1
79 8 1
79 9 1
79 15 1
79 17 1
79 21 -1
79 24 1
79 40 1
79 58 1
79 60 1
79 84 1
79 89 1
79 90 1
79 94 -1
79 99 1
79 101 1
79 103 1
79 110 1
79 111 1
79 117 -1
79 120 -1
79 123 -1
79 137 -1
79 139 1
79 140 1
79 148 1
80 2 1
80 4 -1
80 6 1
80 10 1
80 11 1
80 12 1
80 15 -1
80 20 1
80 22 1
80 28 1
80 31 1
80 35 1
80 37 1
80 38 1
80 51 1
80 54 -1
80 62 1
80 76 1
80 77 -1
80 88 1
80 89 1
80 92 1
80 109 1
80 115 1
80 117 1
80 125 -1
80 126 1
80 127 -1
80 128 1
80 130 1
80 132 1
80 135 1
80 137 1
80 138 1
80 139 1
80 141 1
80 142 -1
80 144 1
81 1 1
81 9 1
81 20 -1
81 22 -1
81 23 1
81 30 1
81 35 -1
81 44 1
81 45 -1
81 48 1
81 50 1
81 60 1
81 63 1
81 65 1
81 67 1
81 68 1
81 71 1
81 77 1
81 80 1
81 88 -1
81 94 1
81 96 1
81 100 1
81 103 1
81 105 1
81 108 1
81 109 1
81 113 1
81 114 -1
81 115 -1
81 121 -1
81 127 -1
81 128 1
81 129 1
81 133 1
81 137 1
81 139 1
81 145 1
82 4 1
82 9 1
82 10 1
82 17 1
82 27 -1
82 31 -1
82 32 1
82 34 -1
82 46 1
82 49 1
82 55 1
82 56 1
82 57 1
82 60 1
82 62 -1
82 69 -1
82 75 1
82 78 1
82 80 1
82 81 -1
82 96 1
82 97 -1
82 103 1
82 106 1
82 114 1
82 115 1
82 116 1
82 123 -1
82 136 1
82 137 1
82 138 1
83 6 1
83 12 1
83 27 -1
83 29 1
83 30 1
83 32 1
83 35 1
83 37 1
83 51 1
83 52 1
83 58 1
83 59 1
83 64 1
83 66 1
83 67 -1
83 68 -1
83 73 -1
83 74 1
83 80 1
83 81 1
83 91 1
83 93 1
83 98 1
83 99 1
83 108 1
83 110 1
83 112 -1
83 125 1
83 127 1
83 131 1
83 132 1
83 134 1
83 138 -1
83 142 1
83 143 1
83 146 1
84 3 1
84 10 1
84 16 1
84 20 1
84 23 1
84 24 1
84 26 1
84 28 -1
84 29 1
84 31 1
84 33 1
84 38 -1
84 41 1
84 42 1
84 51 1
84 52 1
84 56 1
84 58 1
84 59 1
84 69 1
84 71 1
84 77 1
84 78 1
84 83 1
84 86 1
84 87 -1
84 95 1
84 96 -1
84 105 -1
84 108 -1
84 112 1
84 119 1
84 121 1
84 122 -1
84 124 1
84 126 1
84 137 1
84 139 1
84 140 -1
84 141 1
84 142 1
84 147 1
85 1 1
85 7 1
85 9 -1
85 13 1
85 14 -1
85 19 1
85 26 1
85 27 1
85 28 1
85 29 1
85 30 1
85 31 -1
85 32 1
85 33 1
85 34 1
85 35 1
85 50 -1
85 51 1
85 52 1
85 54 1
85 55 -1
85 56 1
85 64 1
85 65 -1
85 71 1
85 75 1
85 88 1
85 94 1
85 95 -1
85 101 1
85 103 -1
85 110 1
85 114 1
85 120 1
85 123 1
85 128 1
85 133 1
85 135 1
85 141 1
85 144 1
85 148 -1
86 5 1
86 7 1
86 10 1
86 11 1
86 13 1
86 18 1
86 22 1
86 26 1
86 29 1
86 35 1
86 38 1
86 40 -1
86 44 1
86 45 1
86 48 1
86 56 -1
86 59 -1
86 60 1
86 70 1
86 78 1
86 82 1
86 83 1
86 85 1
86 91 1
86 92 1
86 98 -1
86 103 -1
86 107 1
86 108 1
86 109 1
86 111 1
86 117 1
86 118 1
86 120 1
86 126 1
86 127 1
86 128 1
86 129 1
86 131 1
86 132 1
86 140 1
86 146 1
86 147 1
86 149 1
87 2 1
87 10 1
87 11 1
87 15 1
87 16 1
87 19 1
87 26 1
87 30 1
87 42 1
87 43 1
87 49 1
87 51 1
87 53 1
87 57 1
87 58 1
87 64 1
87 66 1
87 67 1
87 71 1
87 74 1
87 75 -1
87 83 -1
87 85 1
87 86 1
87 89 -1
87 91 -1
87 102 1
87 106 1
87 108 1
87 109 1
87 112 1
87 119 1
87 127 1
87 128 1
87 136 1
87 140 1
87 141 -1
87 145 -1
87 146 1
87 150 1
88 2 1
88 3 -1
88 9 1
88 13 1
88 16 1
88 20 1
88 23 1
88 30 1
88 35 1
88 37 1
88 41 1
88 47 1
88 48 -1
88 49 1
88 50 1
88 54 1
88 55 1
88 69 1
88 71 1
88 73 1
88 77 1
88 79 1
88 84 1
88 90 1
88 91 1
88 92 1
88 97 1
88 98 -1
88 101 1
88 108 1
88 109 1
88 111 -1
88 113 -1
88 116 1
88 121 1
88 122 1
88 130 -1
88 132 1
88 137 1
88 145 1
88 149 -1
88 150 1
89 8 1
89 14 1
89 19 1
89 20 1
89 21 1
89 24 1
89 26 1
89 30 1
89 31 1
89 32 1
89 39 1
89 48 1
89 49 1
89 52 1
89 53 1
89 71 1
89 73 1
89 88 1
89 90 1
89 92 -1
89 97 1
89 99 1
89 103 1
89 105 1
89 112 -1
89 116 -1
89 123 1
89 130 1
89 132 1
89 135 1
89 139 1
89 140 -1
89 141 1
89 145 1
89 148 1
89 150 1
90 2 1
90 5 1
90 8 1
90 9 1
90 12 1
90 17 -1
90 22 1
90 27 -1
90 29 1
90 31 1
90 33 1
90 34 1
90 37 1
90 43 -1
90 45 1
90 46 1
90 51 1
90 52 1
90 55 1
90 58 1
90 63 1
90 68 1
90 70 1
90 78 1
90 91 -1
90 92 1
90 101 1
90 104 1
90 113 1
90 123 -1
90 131 1
90 134 1
90 137 1
90 149 1
91 2 1
91 7 1
91 11 1
91 12 1
91 13 1
91 14 1
91 25 1
91 28 1
91 29 1
91 31 1
91 32 1
91 33 1
91 36 1
91 39 1
91 41 1
91 45 1
91 47 1
91 67 1
91 68 1
91 78 1
91 79 1
91 80 -1
91 81 1
91 84 1
91 92 1
91 96 1
91 99 1
91 104 -1
91 110 1
91 118 1
91 119 1
91 127 -1
91 128 1
91 133 1
91 134 -1
91 138 -1
91 140 1
91 142 -1
91 144 1
92 1 1
92 4 1
92 5 -1
92 10 1
92 20 1
92 21 1
92 22 1
92 30 1
92 31 1
92 39 1
92 42 1
92 58 -1
92 66 1
92 83 -1
92 84 -1
92 96 -1
92 110 1
92 112 -1
92 116 1
92 118 1
92 119 1
92 121 1
92 123 1
92 124 1
92 125 1
92 126 1
92 132 -1
92 138 1
92 140 1
92 146 1
92 148 -1
93 9 1
93 12 1
93 21 1
93 27 1
93 28 -1
93 29 1
93 34 1
93 41 1
93 47 1
93 53 1
93 58 1
93 67 1
93 68 1
93 70 1
93 74 -1
93 80 1
93 81 1
93 84 1
93 86 1
93 91 1
93 92 1
93 102 -1
93 104 1
93 109 1
93 111 1
93 115 1
93 124 1
93 131 1
93 133 1
93 134 1
93 145 1
93 147 1
94 2 -1
94 3 1
94 5 1
94 15 1
94 16 1
94 18 1
94 19 -1
94 25 1
94 39 1
94 42 1
94 44 1
94 51 1
94 55 1
94 57 1
94 60 1
94 61 1
94 63 1
94 64 1
94 68 1
94 69 1
94 70 1
94 73 -1
94 74 1
94 86 1
94 87 1
94 90 1
94 96 1
94 99 1
94 109 1
94 110 1
94 118 1
94 120 1
94 130 1
94 140 -1
94 149 1
95 2 1
95 10 1
95 12 1
95 13 1
95 19 -1
95 28 1
95 29 1
95 32 -1
95 35 -1
95 37 1
95 38 1
95 39 1
95 42 1
95 45 1
95 46 1
95 49 1
95 53 1
95 54 1
95 57 1
95 58 1
95 60 1
95 61 1
95 62 1
95 63 1
95 64 1
95 67 -1
95 69 1
95 70 1
95 73 1
95 74 1
95 78 1
95 89 1
95 91 1
95 92 -1
95 93 1
95 97 1
95 100 1
95 101 1
95 105 1
95 123 1
95 124 -1
95 128 1
95 137 1
95 138 1
96 3 1
96 7 1
96 18 1
96 19 1
96 23 1
96 26 -1
96 27 1
96 29 1
96 40 1
96 41 -1
96 42 -1
96 44 1
96 45 1
96 47 1
96 55 -1
96 68 -1
96 79 -1
96 85 1
96 111 1
96 120 1
96 124 1
96 126 1
96 127 1
96 129 1
96 133 -1
96 135 -1
96 141 1
96 143 1
96 146 1
96 150 1
97 6 1
97 12 1
97 14 -1
97 15 1
97 16 1
97 19 1
97 25 1
97 26 1
97 28 1
97 29 1
97 30 1
97 41 1
97 44 1
97 45 1
97 49 1
97 52 1
97 58 1
97 62 1
97 70 1
97 72 1
97 81 1
97 86 1
97 87 1
97 90 1
97 91 1
97 98 -1
97 104 1
97 106 1
97 117 1
97 119 -1
97 128 1
97 129 1
97 131 1
97 132 1
97 138 1
97 143 1
97 146 1
97 149 1
98 3 1
98 8 1
98 11 1
98 31 1
98 32 -1
98 35 1
98 37 1
98 42 1
98 44 1
98 45 1
98 46 -1
98 48 1
98 53 1
98 61 1
98 62 1
98 63 1
98 64 -1
98 67 1
98 69 1
98 71 1
98 81 1
98 85 1
98 91 1
98 95 1
98 96 1
98 99 -1
98 100 -1
98 108 1
98 112 -1
98 117 -1
98 120 1
98 124 1
98 129 1
98 137 1
98 139 -1
98 142 1
98 147 1
98 148 -1
99 9 1
99 20 -1
99 21 1
99 26 -1
99 35 1
99 41 1
99 45 1
99 47 1
99 56 1
99 59 1
99 66 1
99 70 -1
99 73 1
99 80 1
99 82 1
99 85 1
99 86 1
99 90 1
99 92 1
99 93 1
99 95 1
99 96 1
99 97 1
99 105 1
99 107 -1
99 109 1
99 112 1
99 116 1
99 123 1
99 124 1
99 131 1
99 142 -1
99 144 -1
99 145 1
100 6 -1
100 8 1
100 13 1
100 15 1
100 18 -1
100 19 1
100 20 1
100 22 1
100 29 -1
100 30 1
100 32 1
100 35 -1
100 38 1
100 40 1
100 41 -1
100 42 1
100 43 1
100 46 1
100 48 1
100 49 1
100 53 1
100 55 1
100 61 1
100 64 1
100 67 1
100 68 1
100 70 1
100 77 1
100 85 1
100 88 1
100 89 1
100 91 1
100 94 1
100 97 1
100 99 1
100 108 1
100 115 -1
100 119 -1
100 124 1
100 125 1
100 127 1
100 128 1
100 133 1
100 135 1
100 136 1
100 141 1
100 145 -1
101 12 1
101 16 1
101 18 1
101 19 1
101 25 -1
101 27 1
101 34 1
101 35 1
101 45 1
101 56 -1
101 58 -1
101 64 1
101 67 -1
101 71 1
101 76 -1
101 80 -1
101 84 1
101 87 1
101 102 1
101 105 1
101 106 1
101 110 -1
101 114 1
101 117 1
101 119 1
101 125 1
101 130 1
101 131 1
101 133 1
101 138 1
101 143 1
102 3 1
102 6 1
102 11 1
102 18 1
102 20 -1
102 31 1
102 33 -1
102 36 -1
102 41 -1
102 42 1
102 43 1
102 46 -1
102 47 1
102 56 1
102 61 1
102 66 1
102 68 1
102 70 1
102 71 1
102 75 1
102 80 1
102 83 1
102 86 1
102 88 1
102 89 1
102 91 1
102 99 1
102 103 1
102 109 1
102 110 1
102 111 1
102 121 1
102 123 1
102 126 -1
102 129 -1
102 132 1
102 133 -1
102 138 1
102 142 -1
102 145 1
102 147 1
102 149 1
103 2 1
103 9 1
103 18 1
103 21 1
103 22 1
103 25 1
103 27 1
103 31 -1
103 32 1
103 33 1
103 34 1
103 38 -1
103 47 1
103 48 1
103 53 -1
103 57 1
103 61 1
103 70 1
103 75 1
103 83 -1
103 88 1
103 90 -1
103 93 -1
103 94 1
103 95 -1
103 105 1
103 108 -1
103 110 -1
103 115 1
103 118 1
103 119 1
103 121 -1
103 124 1
103 125 1
103 127 1
103 128 1
103 129 1
103 132 1
103 142 1
103 143 -1
104 4 1
104 16 -1
104 17 1
104 20 1
104 23 1
104 25 1
104 29 1
104 31 -1
104 34 1
104 36 1
104 41 1
104 42 1
104 45 1
104 47 -1
104 53 1
104 54 -1
104 58 1
104 59 1
104 60 1
104 69 -1
104 71 -1
104 75 1
104 77 1
104 81 1
104 85 -1
104 86 1
104 88 1
104 95 1
104 96 1
104 99 1
104 100 -1
104 102 1
104 103 1
104 105 1
104 106 -1
104 111 1
104 113 1
104 120 1
104 130 1
104 134 -1
104 139 1
104 140 1
104 143 1
104 145 1
104 147 1
104 148 1
105 7 1
105 8 1
105 11 1
105 13 -1
105 15 1
105 17 1
105 24 -1
105 30 -1
105 31 -1
105 33 1
105 34 1
105 35 1
105 36 -1
105 41 1
105 44 1
105 45 1
105 47 1
105 50 1
105 55 1
105 61 1
105 62 1
105 70 1
105 74 1
105 91 1
105 93 1
105 114 1
105 124 1
105 128 -1
105 129 1
105 135 -1
105 137 1
105 139 1
105 140 1
105 144 1
105 150 -1
106 1 -1
106 3 -1
106 4 1
106 8 1
106 9 1
106 10 -1
106 13 1
106 17 -1
106 18 1
106 20 1
106 21 1
106 25 1
106 30 1
106 31 -1
106 42 1
106 44 1
106 47 1
106 49 1
106 58 1
106 60 1
106 63 1
106 68 1
106 70 1
106 72 -1
106 74 1
106 77 1
106 78 1
106 80 1
106 81 -1
106 88 1
106 91 1
106 93 1
106 94 -1
106 103 1
106 107 1
106 115 1
106 118 1
106 123 1
106 125 1
106 126 -1
106 137 1
106 146 1
107 1 1
107 2 1
107 3 1
107 9 1
107 11 1
107 18 -1
107 28 -1
107 29 1
107 31 -1
107 32 1
107 39 1
107 51 1
107 55 1
107 56 1
107 57 1
107 60 1
107 63 1
107 66 1
107 69 1
107 72 1
107 75 -1
107 76 1
107 81 1
107 94 1
107 98 1
107 101 1
107 108 1
107 110 -1
107 112 1
107 116 1
107 118 1
107 122 1
107 128 1
107 132 1
107 133 1
107 140 1
107 144 1
107 147 -1
108 2 1
108 4 1
108 6 1
108 9 -1
108 11 1
108 14 1
108 15 -1
108 19 -1
108 24 1
108 28 1
108 32 1
108 34 1
108 40 1
108 44 1
108 50 1
108 51 -1
108 53 1
108 61 1
108 63 1
108 76 -1
108 78 -1
108 79 1
108 80 1
108 82 1
108 89 1
108 101 1
108 113 1
108 114 1
108 115 1
108 126 -1
108 140 1
108 142 1
108 148 1
109 9 1
109 10 1
109 13 1
109 17 1
109 18 1
109 23 1
109 26 -1
109 28 1
109 37 1
109 40 -1
109 45 -1
109 60 1
109 63 1
109 66 1
109 68 1
109 75 -1
109 77 1
109 82 -1
109 83 1
109 90 -1
109 96 1
109 98 1
109 100 1
109 101 1
109 113 1
109 116 1
109 119 1
109 126 1
109 127 -1
109 131 1
109 135 -1
109 138 -1
109 143 1
109 145 1
109 148 1
110 1 1
110 4 1
110 12 1
110 14 1
110 21 1
110 47 1
110 48 1
110 51 1
110 52 1
110 55 1
110 66 1
110 71 -1
110 72 1
110 76 1
110 80 -1
110 81 1
110 84 1
110 86 1
110 97 -1
110 100 1
110 105 1
110 124 1
110 128 -1
110 133 1
110 134 1
110 138 1
110 140 1
110 144 1
110 145 1
111 5 1
111 6 1
111 8 1
111 19 -1
111 23 -1
111 27 1
111 35 1
111 36 1
111 38 1
111 41 1
111 42 -1
111 47 1
111 50 1
111 55 1
111 58 -1
111 59 1
111 60 1
111 61 -1
111 62 1
111 63 1
111 67 1
111 71 1
111 73 1
111 74 1
111 76 1
111 80 1
111 82 1
111 83 1
111 87 -1
111 89 1
111 90 1
111 91 1
111 94 1
111 97 1
111 100 1
111 107 -1
111 108 -1
111 109 1
111 116 1
111 117 1
111 118 1
111 120 1
111 122 1
111 125 -1
111 127 1
111 129 1
111 131 1
111 134 -1
111 140 -1
111 145 1
111 148 1
111 149 1
112 4 1
112 16 1
112 20 -1
112 26 1
112 28 1
112 33 -1
112 43 1
112 47 1
112 49 1
112 50 1
112 51 1
112 64 -1
112 66 1
112 67 -1
112 69 1
112 70 -1
112 72 -1
112 75 1
112 79 1
112 80 1
112 91 1
112 94 1
112 100 1
112 102 1
112 110 1
112 111 -1
112 119 -1
112 128 1
112 129 1
112 130 -1
112 132 1
112 135 1
112 136 1
112 139 1
112 141 1
113 3 -1
113 5 1
113 12 -1
113 14 1
113 16 1
113 21 1
113 22 1
113 24 1
113 26 1
113 29 1
113 30 1
113 33 -1
113 35 1
113 36 1
113 38 1
113 44 -1
113 59 1
113 61 1
113 64 -1
113 65 1
113 78 -1
113 87 1
113 91 -1
113 92 1
113 93 1
113 94 1
113 96 -1
113 103 1
113 105 1
113 111 1
113 112 1
113 116 1
113 118 1
113 127 1
113 134 -1
113 135 1
113 138 1
113 139 1
113 142 1
113 144 1
113 149 1
113 150 1
114 5 -1
114 13 1
114 15 1
114 16 -1
114 22 -1
114 26 1
114 27 -1
114 28 1
114 33 1
114 36 -1
114 40 1
114 46 1
114 47 1
114 48 1
114 49 -1
114 50 1
114 52 1
114 53 -1
114 57 -1
114 62 -1
114 64 -1
114 80 1
114 83 1
114 86 1
114 89 1
114 97 -1
114 102 1
114 107 1
114 122 1
114 125 1
114 135 1
114 138 1
114 140 1
114 142 -1
115 11 -1
115 15 1
115 18 1
115 26 1
115 29 1
115 38 1
115 40 -1
115 48 1
115 49 -1
115 61 -1
115 70 1
115 71 -1
115 74 -1
115 76 1
115 77 1
115 87 1
115 88 1
115 91 1
115 97 1
115 102 -1
115 109 -1
115 113 1
115 114 1
115 116 1
115 118 1
115 120 1
115 125 1
115 126 1
115 133 1
115 135 -1
115 137 1
115 141 1
116 1 -1
116 3 1
116 5 -1
116 6 1
116 7 1
116 18 1
116 30 1
116 35 1
116 36 1
116 42 1
116 43 -1
116 48 1
116 49 -1
116 52 -1
116 53 1
116 56 1
116 61 1
116 68 1
116 71 -1
116 83 -1
116 86 -1
116 90 1
116 93 -1
116 96 -1
116 98 1
116 101 1
116 104 1
116 106 1
116 112 1
116 119 1
116 122 1
116 124 1
116 127 1
116 133 1
116 146 1
117 4 1
117 7 -1
117 8 -1
117 11 1
117 21 1
117 24 1
117 25 1
117 32 1
117 33 1
117 51 1
117 53 1
117 57 1
117 61 -1
117 71 1
117 72 1
117 83 1
117 84 1
117 85 -1
117 91 1
117 94 1
117 100 1
117 103 -1
117 105 1
117 106 1
117 109 1
117 114 1
117 119 1
117 120 1
117 121 1
117 122 1
117 124 1
117 125 1
117 127 -1
117 128 1
117 129 1
117 130 1
117 135 1
117 140 1
117 148 1
118 1 1
118 2 1
118 7 1
118 11 1
118 14 1
118 16 1
118 25 1
118 27 1
118 28 1
118 31 -1
118 34 1
118 35 1
118 39 -1
118 47 1
118 52 1
118 53 1
118 60 1
118 61 1
118 64 1
118 71 1
118 74 -1
118 79 1
118 80 1
118 81 1
118 83 1
118 87 1
118 88 1
118 93 -1
118 97 1
118 102 -1
118 123 1
118 125 1
118 127 1
118 135 -1
118 138 1
118 144 -1
118 146 1
118 149 1
119 4 1
119 8 1
119 11 1
119 22 1
119 23 1
119 27 1
119 28 -1
119 29 1
119 30 1
119 33 1
119 34 1
119 36 1
119 37 1
119 40 1
119 41 1
119 44 1
119 52 1
119 59 1
119 64 -1
119 70 1
119 71 1
119 74 1
119 77 1
119 79 1
119 82 1
119 83 1
119 86 1
119 90 -1
119 96 1
119 99 1
119 108 1
119 110 1
119 126 -1
119 129 1
119 136 1
119 137 1
119 145 1
119 146 1
119 147 1
119 149 1
120 1 1
120 3 1
120 6 -1
120 20 1
120 23 1
120 26 1
120 32 1
120 44 1
120 62 -1
120 68 -1
120 70 1
120 72 1
120 73 1
120 76 1
120 81 1
120 82 1
120 84 1
120 90 1
120 92 1
120 95 1
120 99 1
120 100 1
120 103 1
120 105 1
120 108 1
120 114 -1
120 126 1
120 130 1
120 132 -1
120 133 1
120 137 -1
120 145 -1
120 148 1
120 149 1
121 3 -1
121 6 1
121 12 -1
121 13 1
121 18 1
121 19 -1
121 28 1
121 29 1
121 32 1
121 38 1
121 42 1
121 43 1
121 44 1
121 46 -1
121 51 1
121 56 1
121 59 1
121 63 -1
121 72 1
121 73 1
121 76 1
121 79 1
121 82 1
121 89 1
121 91 1
121 94 -1
121 95 1
121 96 -1
121 99 1
121 101 1
121 104 1
121 107 -1
121 108 1
121 112 -1
121 114 1
121 119 1
121 122 -1
121 128 1
121 131 1
121 135 1
121 141 1
121 144 1
121 149 1
121 150 1
122 2 -1
122 5 -1
122 6 1
122 11 1
122 14 -1
122 16 1
122 22 1
122 32 1
122 33 1
122 34 1
122 38 -1
122 39 1
122 40 1
122 49 1
122 50 1
122 54 1
122 57 -1
122 60 1
122 61 1
122 70 -1
122 71 1
122 72 1
122 74 1
122 76 1
122 80 1
122 86 1
122 87 -1
122 91 -1
122 93 1
122 95 1
122 98 1
122 101 -1
122 108 1
122 128 -1
122 132 1
122 137 1
122 141 1
122 149 1
123 1 -1
123 6 -1
123 8 1
123 13 1
123 17 1
123 18 -1
123 23 1
123 36 1
123 39 1
123 42 1
123 43 -1
123 45 1
123 48 -1
123 52 1
123 54 -1
123 57 -1
123 62 1
123 73 1
123 74 1
123 75 1
123 84 1
123 93 -1
123 97 -1
123 104 1
123 108 1
123 109 1
123 113 1
123 114 1
123 117 1
123 120 1
123 128 1
123 129 1
123 132 1
123 136 1
123 142 1
123 149 1
123 150 -1
124 3 1
124 4 1
124 5 -1
124 8 1
124 9 1
124 14 1
124 17 1
124 20 1
124 21 1
124 23 1
124 28 1
124 32 1
124 48 -1
124 49 -1
124 53 1
124 56 1
124 67 1
124 80 1
124 83 -1
124 90 1
124 91 1
124 94 1
124 97 -1
124 101 1
124 104 -1
124 109 -1
124 112 -1
124 119 1
124 130 1
124 133 1
124 136 1
124 143 1
124 147 1
125 3 1
125 5 -1
125 9 -1
125 19 1
125 27 -1
125 31 -1
125 34 -1
125 35 -1
125 37 1
125 48 1
125 49 -1
125 50 1
125 65 1
125 66 1
125 73 -1
125 74 1
125 76 -1
125 79 1
125 82 1
125 88 1
125 95 1
125 98 -1
125 109 -1
125 110 -1
125 119 1
125 120 1
125 124 -1
125 126 1
125 130 1
125 131 -1
125 132 1
125 133 1
125 144 1
125 146 1
126 7 1
126 9 1
126 10 1
126 25 1
126 26 1
126 33 -1
126 34 1
126 54 1
126 56 1
126 62 1
126 65 1
126 66 -1
126 72 1
126 73 1
126 74 1
126 75 1
126 77 1
126 79 1
126 82 -1
126 85 -1
126 88 1
126 89 1
126 90 1
126 93 1
126 94 1
126 101 1
126 114 1
126 121 1
126 122 1
126 129 1
126 131 1
126 139 1
126 145 1
126 148 -1
126 149 1
126 150 1
127 3 1
127 5 -1
127 6 1
127 7 1
127 11 1
127 13 1
127 18 1
127 20 1
127 34 1
127 36 1
127 38 -1
127 46 1
127 47 -1
127 53 -1
127 55 1
127 67 1
127 68 -1
127 78 1
127 88 1
127 89 1
127 94 1
127 99 1
127 108 1
127 114 -1
127 120 1
127 124 1
127 125 -1
127 137 1
127 139 1
127 141 1
127 142 1
127 144 1
127 145 -1
127 150 1
128 1 1
128 3 1
128 4 -1
128 5 1
128 11 1
128 13 1
128 16 1
128 21 1
128 22 1
128 30 1
128 35 1
128 36 -1
128 38 1
128 44 1
128 48 1
128 49 -1
128 60 1
128 62 1
128 65 1
128 88 -1
128 96 1
128 106 1
128 108 1
128 119 1
128 131 -1
128 134 1
128 143 -1
128 149 1
129 1 1
129 6 1
129 10 1
129 11 1
129 13 -1
129 15 1
129 19 1
129 32 -1
129 33 1
129 42 1
129 45 1
129 57 1
129 58 1
129 61 1
129 65 1
129 67 1
129 73 1
129 87 1
129 89 1
129 92 -1
129 93 -1
129 106 1
129 113 1
129 121 1
129 122 1
129 127 1
129 130 1
129 132 1
129 133 1
129 134 1
129 135 -1
129 139 1
129 143 -1
129 147 1
129 150 1
130 10 1
130 15 1
130 16 1
130 25 1
130 27 -1
130 28 -1
130 31 1
130 36 1
130 41 1
130 42 -1
130 44 1
130 47 1
130 50 1
130 52 1
130 55 1
130 57 1
130 68 1
130 72 -1
130 74 -1
130 77 1
130 90 1
130 91 1
130 106 1
130 109 1
130 113 1
130 114 1
130 118 1
130 121 1
130 122 -1
130 123 1
130 132 1
130 137 -1
130 138 1
130 141 1
130 143 1
130 144 1
131 1 1
131 2 1
131 10 1
131 13 1
131 16 1
131 21 1
131 36 -1
131 37 1
131 40 1
131 41 1
131 48 1
131 53 -1
131 56 1
131 62 1
131 65 1
131 67 1
131 69 -1
131 76 1
131 79 1
131 81 1
131 84 1
131 92 1
131 94 1
131 96 1
131 100 1
131 105 1
131 106 1
131 107 1
131 117 1
131 123 1
131 134 1
131 145 -1
131 149 -1
132 4 1
132 14 1
132 15 1
132 16 -1
132 17 -1
132 23 1
132 27 1
132 32 1
132 54 1
132 59 1
132 62 1
132 63 1
132 72 1
132 81 1
132 82 1
132 84 -1
132 96 1
132 99 1
132 101 1
132 111 1
132 113 1
132 116 1
132 119 1
132 121 1
132 124 1
132 126 1
132 133 1
132 135 -1
132 146 1
132 148 -1
132 150 1
133 3 -1
133 7 1
133 8 1
133 9 1
133 14 -1
133 17 1
133 26 1
133 29 1
133 30 1
133 31 1
133 34 1
133 38 1
133 41 -1
133 44 1
133 55 1
133 56 1
133 60 -1
133 61 1
133 64 -1
133 66 1
133 70 -1
133 71 1
133 82 -1
133 83 1
133 86 1
133 92 1
133 94 1
133 99 1
133 108 1
133 111 1
133 113 1
133 119 -1
133 126 1
133 128 -1
133 136 1
133 137 1
133 150 1
134 1 1
134 4 1
134 5 1
134 12 1
134 17 -1
134 24 1
134 26 1
134 28 1
134 33 1
134 35 1
134 36 1
134 37 1
134 39 1
134 48 1
134 49 1
134 56 1
134 67 1
134 69 1
134 72 1
134 84 -1
134 86 -1
134 87 1
134 99 1
134 103 1
134 107 1
134 108 1
134 117 1
134 118 -1
134 123 1
134 132 1
134 133 1
134 139 1
134 141 1
134 144 1
134 145 1
134 147 1
135 2 1
135 5 1
135 6 1
135 11 1
135 19 -1
135 23 1
135 32 1
135 39 1
135 42 1
135 46 1
135 51 1
135 54 1
135 55 1
135 58 1
135 62 1
135 67 1
135 69 1
135 74 1
135 78 1
135 86 1
135 88 1
135 98 1
135 99 1
135 107 -1
135 108 1
135 116 1
135 127 1
135 143 1
135 145 -1
135 148 1
135 149 1
136 4 1
136 6 1
136 13 -1
136 18 1
136 33 1
136 37 1
136 38 1
136 39 1
136 42 -1
136 45 1
136 52 1
136 56 1
136 59 1
136 61 1
136 66 1
136 71 1
136 74 1
136 80 -1
136 86 1
136 101 1
136 106 -1
136 109 1
136 110 1
136 117 -1
136 122 1
136 129 1
136 131 -1
136 134 -1
136 135 1
136 139 -1
136 147 1
136 148 1
136 149 -1
137 3 1
137 4 1
137 6 1
137 10 1
137 11 1
137 14 -1
137 20 -1
137 26 -1
137 31 1
137 35 1
137 37 1
137 42 1
137 43 1
137 51 1
137 53 1
137 59 -1
137 64 -1
137 91 1
137 93 1
137 97 1
137 102 1
137 109 -1
137 110 1
137 112 -1
137 116 -1
137 118 1
137 121 1
137 123 1
137 124 -1
137 128 1
137 134 1
137 135 1
137 139 1
137 140 -1
137 141 1
138 6 -1
138 7 1
138 11 1
138 13 -1
138 16 1
138 18 -1
138 19 1
138 26 1
138 32 -1
138 34 1
138 47 1
138 49 1
138 50 -1
138 52 1
138 54 1
138 59 -1
138 60 1
138 61 1
138 63 -1
138 65 1
138 66 1
138 68 -1
138 72 1
138 73 1
138 74 1
138 77 1
138 81 1
138 87 1
138 88 1
138 93 1
138 111 -1
138 115 1
138 116 1
138 119 -1
138 122 1
138 123 -1
138 125 1
138 126 1
138 127 1
138 133 1
138 134 1
138 143 1
138 147 -1
139 1 1
139 10 1
139 13 -1
139 14 1
139 15 1
139 16 1
139 21 1
139 25 1
139 27 1
139 28 1
139 31 -1
139 37 1
139 38 -1
139 40 1
139 50 1
139 51 1
139 55 1
139 62 1
139 63 1
139 65 1
139 67 1
139 73 1
139 86 1
139 92 -1
139 99 1
139 101 1
139 103 -1
139 107 1
139 111 -1
139 115 1
139 120 1
139 122 -1
139 125 -1
139 132 1
139 133 1
139 143 -1
139 147 1
140 5 1
140 7 1
140 9 1
140 12 -1
140 13 1
140 16 1
140 19 1
140 20 1
140 24 1
140 27 1
140 31 1
140 34 1
140 35 1
140 39 1
140 42 1
140 43 -1
140 44 1
140 53 1
140 57 1
140 60 1
140 64 -1
140 66 1
140 68 1
140 72 -1
140 80 1
140 81 1
140 83 1
140 90 1
140 97 -1
140 98 1
140 109 1
140 112 1
140 115 -1
140 116 1
140 119 1
140 122 1
140 123 1
140 125 1
140 127 1
140 128 1
140 130 -1
140 131 1
140 134 1
140 143 -1
140 144 1
140 149 1
141 1 1
141 3 1
141 22 1
141 27 1
141 28 1
141 30 1
141 39 1
141 41 1
141 43 1
141 52 1
141 56 1
141 58 1
141 71 1
141 75 1
141 76 1
141 81 1
141 86 1
141 90 -1
141 98 1
141 104 1
141 105 1
141 109 1
141 110 1
141 119 1
141 123 1
141 124 -1
141 129 1
141 131 -1
141 135 1
141 142 1
141 144 1
141 145 1
141 147 1
142 1 1
142 4 1
142 6 1
142 8 1
142 10 1
142 23 1
142 26 1
142 37 1
142 39 1
142 46 1
142 48 1
142 49 1
142 62 1
142 63 1
142 68 1
142 71 1
142 87 1
142 93 1
142 96 1
142 100 1
142 109 -1
142 110 1
142 111 -1
142 112 1
142 115 1
142 116 1
142 118 1
142 122 1
142 125 1
142 126 -1
142 128 -1
142 129 1
142 135 1
142 136 1
142 137 1
142 140 1
142 147 -1
143 1 1
143 2 -1
143 12 1
143 15 1
143 20 1
143 22 1
143 24 1
143 34 1
143 38 1
143 48 1
143 50 1
143 52 1
143 53 1
143 60 1
143 63 1
143 72 -1
143 74 1
143 78 1
143 80 -1
143 84 1
143 99 1
143 102 -1
143 108 1
143 111 1
143 113 -1
143 115 1
143 120 1
143 122 1
143 126 -1
143 133 1
143 142 -1
143 148 1
143 150 1
144 3 1
144 9 -1
144 10 1
144 16 1
144 19 1
144 21 1
144 28 1
144 30 1
144 35 -1
144 38 1
144 50 1
144 56 -1
144 57 1
144 60 -1
144 63 1
144 65 1
144 67 1
144 69 1
144 73 1
144 75 1
144 81 1
144 82 1
144 83 1
144 87 1
144 88 1
144 90 -1
144 93 1
144 95 1
144 100 1
144 102 1
144 115 -1
144 116 1
144 122 1
144 124 1
144 131 1
144 132 -1
144 138 -1
144 142 1
144 147 1
144 150 1
145 5 1
145 9 -1
145 11 -1
145 21 -1
145 23 1
145 31 1
145 32 1
145 34 1
145 36 1
145 39 1
145 46 1
145 51 -1
145 53 -1
145 57 -1
145 71 1
145 73 1
145 74 1
145 75 1
145 78 -1
145 83 1
145 85 -1
145 86 -1
145 95 1
145 97 -1
145 98 1
145 103 1
145 108 1
145 113 -1
145 118 -1
145 121 1
145 123 1
145 124 1
145 128 1
145 129 1
145 130 1
145 133 1
145 136 -1
145 140 -1
145 142 1
145 143 -1
145 144 1
145 150 -1
146 6 1
146 9 1
146 10 1
146 22 1
146 24 1
146 28 1
146 35 1
146 39 1
146 43 1
146 44 -1
146 54 1
146 56 1
146 58 -1
146 60 1
146 62 -1
146 63 1
146 70 -1
146 73 1
146 79 1
146 88 1
146 98 1
146 101 1
146 102 1
146 103 1
146 104 -1
146 108 1
146 111 -1
146 113 1
146 114 -1
146 115 1
146 121 1
146 122 1
146 131 -1
146 137 -1
146 143 -1
146 145 1
146 147 1
146 149 -1
146 150 1
147 19 1
147 27 1
147 32 1
147 36 1
147 40 1
147 43 1
147 45 -1
147 46 1
147 57 -1
147 58 1
147 66 1
147 75 1
147 76 1
147 78 1
147 83 1
147 85 -1
147 88 1
147 91 -1
147 92 1
147 99 1
147 100 -1
147 101 1
147 108 1
147 109 1
147 110 1
147 111 1
147 114 1
147 115 -1
147 118 1
147 121 1
147 122 1
147 125 -1
147 126 -1
147 127 1
147 128 1
147 131 1
147 135 -1
147 137 1
147 150 1
148 5 -1
148 7 1
148 11 1
148 17 -1
148 24 1
148 25 1
148 26 1
148 27 1
148 29 1
148 33 1
148 37 1
148 39 1
148 40 1
148 41 1
148 42 1
148 47 1
148 61 1
148 63 1
148 64 1
148 73 1
148 80 -1
148 86 1
148 87 1
148 90 1
148 95 1
148 100 -1
148 106 1
148 112 1
148 113 1
148 116 1
148 119 1
148 121 -1
148 123 1
148 127 1
148 134 1
148 138 -1
148 140 1
148 146 1
149 7 1
149 9 1
149 17 1
149 19 -1
149 24 1
149 28 1
149 32 1
149 37 1
149 39 -1
149 43 1
149 45 1
149 48 1
149 64 1
149 65 1
149 66 -1
149 77 1
149 83 -1
149 84 1
149 85 1
149 91 1
149 96 1
149 101 1
149 106 1
149 114 1
149 115 -1
149 116 -1
149 117 1
149 133 1
149 137 1
149 138 1
149 139 1
149 141 1
150 3 -1
150 13 -1
150 17 1
150 24 1
150 31 1
150 49 1
150 54 1
150 57 1
150 58 1
150 63 1
150 69 1
150 70 -1
150 73 -1
150 78 1
150 83 1
150 90 1
150 95 1
150 98 1
150 100 1
150 107 -1
150 110 1
150 111 1
150 114 1
150 115 -1
150 116 1
150 122 1
150 124 1
150 131 1
150 135 1
150 136 -1
150 137 -1
150 142 1
150 149 1
