vertices: 190 edges: 3591
1 22 1
1 27 -1
1 30 1
1 33 1
1 38 1
1 44 -1
1 53 -1
1 60 -1
1 61 -1
1 63 1
1 79 -1
1 80 1
1 83 1
1 91 1
1 133 -1
1 140 -1
1 143 1
1 158 1
1 178 -1
1 180 1
2 17 -1
2 19 -1
2 39 -1
2 56 1
2 59 -1
2 75 -1
2 87 -1
2 89 1
2 98 1
2 100 1
2 103 1
2 108 1
2 117 1
2 122 1
2 144 -1
2 182 1
2 186 -1
2 189 -1
3 8 1
3 29 1
3 41 -1
3 47 1
3 50 -1
3 91 -1
3 98 1
3 107 -1
3 116 1
3 136 1
3 137 -1
3 141 1
3 163 1
3 164 1
3 167 -1
4 14 1
4 15 1
4 16 1
4 19 1
4 22 -1
4 41 1
4 58 -1
4 59 1
4 62 -1
4 65 -1
4 85 1
4 97 -1
4 100 -1
4 103 1
4 109 -1
4 116 1
4 128 -1
4 133 1
4 150 1
4 151 1
4 168 -1
4 180 -1
5 7 1
5 9 1
5 11 -1
5 21 -1
5 26 -1
5 37 1
5 52 1
5 60 1
5 65 1
5 72 -1
5 78 1
5 80 1
5 122 1
5 127 1
5 133 1
5 136 -1
5 147 -1
5 166 -1
5 167 -1
5 175 -1
6 2 -1
6 11 -1
6 17 1
6 18 1
6 35 1
6 40 -1
6 56 1
6 71 1
6 75 -1
6 86 1
6 116 -1
6 126 1
6 134 -1
6 136 -1
7 39 1
7 40 1
7 43 -1
7 51 -1
7 54 1
7 66 -1
7 74 1
7 97 -1
7 104 -1
7 127 -1
7 128 1
7 132 1
7 133 -1
7 153 -1
7 163 -1
7 169 -1
7 179 -1
8 4 -1
8 25 1
8 35 1
8 41 1
8 46 -1
8 50 -1
8 58 1
8 71 -1
8 74 -1
8 77 -1
8 79 1
8 80 -1
8 104 -1
8 112 1
8 138 1
8 141 -1
8 142 1
8 158 -1
8 160 -1
8 161 -1
8 165 1
8 166 1
8 182 1
9 4 1
9 16 -1
9 22 -1
9 37 1
9 39 -1
9 46 1
9 60 1
9 64 1
9 67 -1
9 69 -1
9 72 1
9 89 -1
9 90 -1
9 91 -1
9 120 1
9 131 -1
9 137 -1
9 163 1
9 188 -1
10 34 1
10 38 -1
10 44 1
10 51 1
10 55 -1
10 56 -1
10 62 -1
10 63 -1
10 64 -1
10 71 -1
10 78 -1
10 88 -1
10 99 -1
10 117 1
10 142 -1
10 146 -1
10 147 -1
10 151 -1
10 155 1
10 178 -1
10 182 -1
10 188 -1
11 7 1
11 15 -1
11 27 1
11 29 1
11 30 1
11 34 -1
11 43 1
11 47 -1
11 50 1
11 51 1
11 70 1
11 94 -1
11 98 1
11 119 -1
11 125 1
11 146 -1
11 158 1
11 168 1
11 172 1
11 181 1
12 16 1
12 29 -1
12 45 -1
12 58 1
12 62 1
12 82 -1
12 86 1
12 112 -1
12 113 1
12 123 1
12 124 -1
12 148 -1
12 157 -1
12 172 -1
12 176 1
12 186 -1
13 8 1
13 12 1
13 24 -1
13 56 1
13 58 1
13 67 -1
13 75 1
13 90 1
13 94 1
13 95 -1
13 104 -1
13 109 1
13 115 -1
13 145 1
13 155 1
13 169 1
13 183 -1
14 12 1
14 18 1
14 35 -1
14 39 1
14 57 1
14 65 1
14 66 1
14 70 -1
14 92 1
14 93 1
14 102 -1
14 104 -1
14 121 1
14 129 -1
14 135 1
14 137 -1
14 139 1
14 147 1
14 150 1
14 163 1
14 176 -1
14 184 1
14 189 1
15 3 1
15 6 -1
15 7 -1
15 13 -1
15 22 -1
15 37 -1
15 42 -1
15 47 -1
15 62 1
15 84 -1
15 99 -1
15 114 1
15 132 1
15 137 -1
15 139 -1
15 141 1
15 143 -1
15 144 -1
15 145 -1
15 146 1
15 162 1
15 177 -1
15 187 -1
16 11 -1
16 24 1
16 34 1
16 37 -1
16 75 1
16 80 1
16 82 -1
16 89 1
16 93 -1
16 104 1
16 139 -1
16 151 1
16 156 -1
16 163 1
16 164 1
16 167 1
16 173 1
17 10 -1
17 18 -1
17 31 -1
17 38 1
17 39 -1
17 40 1
17 43 -1
17 46 1
17 48 1
17 70 -1
17 73 -1
17 74 1
17 76 1
17 88 1
17 95 1
17 97 -1
17 112 -1
17 125 -1
17 137 1
17 157 -1
17 160 1
17 165 -1
17 184 1
17 189 -1
18 4 -1
18 8 1
18 10 1
18 11 1
18 12 -1
18 22 1
18 30 -1
18 49 -1
18 53 -1
18 65 1
18 97 1
18 119 -1
18 121 1
18 139 -1
18 140 -1
18 142 1
18 148 1
18 165 1
18 179 1
19 6 -1
19 11 1
19 20 1
19 28 1
19 50 -1
19 59 -1
19 80 -1
19 83 -1
19 88 1
19 98 -1
19 108 1
19 114 -1
19 123 -1
19 141 -1
19 145 -1
19 154 1
19 166 -1
19 173 -1
20 11 1
20 13 1
20 21 -1
20 30 -1
20 37 -1
20 43 1
20 50 -1
20 98 1
20 111 -1
20 113 -1
20 119 -1
20 121 -1
20 131 -1
20 135 1
20 141 -1
20 142 1
20 163 1
20 166 -1
20 169 1
21 1 1
21 15 -1
21 18 1
21 27 1
21 34 -1
21 57 1
21 64 -1
21 65 1
21 71 1
21 74 -1
21 86 -1
21 87 1
21 91 1
21 101 1
21 104 -1
21 116 -1
21 127 1
21 130 -1
21 134 -1
21 137 1
21 148 1
21 149 1
21 156 1
21 158 1
21 166 -1
21 176 1
21 177 1
22 5 -1
22 26 1
22 39 1
22 45 -1
22 53 -1
22 72 -1
22 81 1
22 82 -1
22 93 -1
22 102 -1
22 112 1
22 121 -1
22 127 1
22 143 1
22 153 1
22 171 1
22 181 -1
22 185 1
23 10 -1
23 13 -1
23 15 -1
23 33 1
23 36 -1
23 43 -1
23 91 -1
23 97 1
23 118 -1
23 125 -1
23 155 1
23 165 1
23 190 -1
24 10 1
24 26 -1
24 52 1
24 54 1
24 57 1
24 77 1
24 88 -1
24 89 -1
24 92 -1
24 97 1
24 99 1
24 105 1
24 118 -1
24 120 -1
24 153 1
24 157 -1
24 166 -1
24 168 -1
24 173 1
25 1 -1
25 2 -1
25 3 -1
25 57 -1
25 58 -1
25 65 -1
25 75 1
25 86 -1
25 98 -1
25 103 1
25 113 -1
25 115 1
25 124 -1
25 135 1
25 148 -1
25 149 1
25 151 -1
25 153 1
25 154 1
25 155 1
25 161 1
25 166 1
26 1 1
26 8 -1
26 13 1
26 36 -1
26 48 -1
26 68 -1
26 70 1
26 91 -1
26 94 -1
26 98 -1
26 115 1
26 127 -1
26 128 -1
26 130 -1
26 165 1
26 172 1
26 187 1
26 189 -1
27 4 -1
27 9 -1
27 34 1
27 35 1
27 60 -1
27 66 1
27 72 -1
27 76 1
27 79 1
27 97 1
27 105 1
27 116 -1
27 118 -1
27 119 -1
27 131 -1
27 133 1
27 140 1
27 141 1
27 144 -1
27 146 -1
27 148 1
27 153 -1
27 177 1
28 5 1
28 13 -1
28 18 1
28 23 -1
28 25 -1
28 36 -1
28 38 -1
28 44 -1
28 51 -1
28 54 -1
28 62 -1
28 72 1
28 77 1
28 89 1
28 130 1
28 141 1
28 152 -1
28 160 -1
28 175 1
29 7 -1
29 20 1
29 24 -1
29 32 -1
29 34 -1
29 122 -1
29 135 -1
29 147 1
29 175 -1
29 183 1
29 184 -1
30 6 -1
30 13 1
30 50 1
30 52 -1
30 55 -1
30 92 1
30 95 1
30 106 1
30 124 -1
30 126 -1
30 129 1
30 143 -1
30 148 1
30 152 1
30 157 1
30 171 1
30 188 -1
31 2 1
31 18 -1
31 30 1
31 35 -1
31 41 -1
31 44 -1
31 46 1
31 60 1
31 63 -1
31 71 -1
31 80 -1
31 87 -1
31 90 -1
31 92 1
31 106 -1
31 124 -1
31 127 1
31 141 1
31 161 1
31 170 -1
32 2 -1
32 3 -1
32 17 -1
32 20 1
32 22 -1
32 47 -1
32 61 1
32 69 -1
32 72 1
32 78 1
32 84 1
32 85 -1
32 95 1
32 96 -1
32 100 1
32 109 -1
32 111 1
32 118 1
32 136 -1
32 138 1
32 149 1
32 151 1
32 153 -1
32 160 1
32 178 1
32 182 -1
32 187 -1
32 190 -1
33 15 1
33 19 -1
33 27 -1
33 30 -1
33 39 1
33 50 1
33 88 -1
33 95 -1
33 116 1
33 134 1
33 143 1
33 156 -1
33 173 -1
33 174 -1
34 6 1
34 32 1
34 41 -1
34 42 1
34 57 1
34 61 1
34 67 1
34 76 -1
34 77 -1
34 101 1
34 106 -1
34 118 1
34 122 -1
34 164 1
34 188 -1
35 4 -1
35 10 -1
35 11 1
35 19 1
35 29 1
35 53 1
35 61 -1
35 63 1
35 74 1
35 89 1
35 92 -1
35 97 1
35 118 1
35 120 -1
35 129 -1
35 149 1
35 152 1
35 153 -1
35 182 1
35 187 -1
35 190 1
36 1 1
36 18 -1
36 21 1
36 29 1
36 35 1
36 37 1
36 41 -1
36 47 1
36 52 -1
36 53 -1
36 62 1
36 69 1
36 71 -1
36 74 -1
36 75 -1
36 89 1
36 95 -1
36 106 1
36 124 -1
36 143 -1
36 147 -1
36 151 -1
36 160 -1
36 179 -1
36 182 -1
37 1 1
37 7 -1
37 10 -1
37 17 1
37 23 -1
37 34 1
37 42 -1
37 54 1
37 62 1
37 81 1
37 89 -1
37 130 1
37 135 -1
37 137 1
37 140 -1
38 32 -1
38 42 -1
38 56 1
38 83 1
38 91 -1
38 108 -1
38 116 -1
38 121 -1
38 129 1
38 132 1
38 136 1
38 167 -1
38 172 1
38 189 -1
39 6 1
39 28 1
39 36 -1
39 45 -1
39 58 -1
39 62 -1
39 77 1
39 81 -1
39 82 -1
39 84 1
39 133 1
39 160 -1
39 176 1
39 188 -1
40 2 1
40 13 1
40 16 -1
40 26 1
40 49 -1
40 78 -1
40 83 1
40 104 1
40 110 -1
40 146 1
40 168 1
40 173 1
40 179 1
40 183 1
40 188 1
41 9 -1
41 11 1
41 14 1
41 19 -1
41 20 -1
41 21 1
41 32 1
41 45 1
41 47 1
41 50 1
41 53 1
41 63 -1
41 90 -1
41 112 -1
41 115 -1
41 138 1
41 139 -1
41 141 1
41 142 1
41 157 -1
41 160 1
41 179 -1
41 182 -1
42 1 1
42 19 -1
42 22 -1
42 24 1
42 47 1
42 53 -1
42 58 1
42 63 1
42 78 -1
42 80 -1
42 90 1
42 105 1
42 135 -1
42 155 -1
42 162 -1
42 166 -1
42 188 -1
43 4 1
43 18 -1
43 30 -1
43 34 -1
43 36 1
43 46 1
43 47 1
43 50 -1
43 72 -1
43 73 -1
43 88 -1
43 92 -1
43 98 -1
43 99 1
43 100 1
43 101 -1
43 102 1
43 103 1
43 107 1
43 110 1
43 111 -1
43 128 -1
43 131 -1
43 137 -1
43 156 -1
43 157 -1
43 160 1
43 163 1
43 174 -1
43 183 -1
43 186 -1
44 14 1
44 25 1
44 34 -1
44 42 1
44 55 1
44 64 1
44 80 1
44 119 1
44 125 1
44 136 1
44 139 1
44 145 -1
44 152 1
44 161 -1
44 162 1
44 180 -1
45 9 1
45 11 -1
45 16 1
45 37 -1
45 52 1
45 59 1
45 62 -1
45 67 1
45 88 -1
45 106 -1
45 132 1
45 134 -1
45 138 -1
45 141 -1
45 145 1
45 156 1
45 157 1
45 159 -1
45 162 1
45 164 -1
45 172 -1
45 183 1
46 18 -1
46 28 1
46 29 -1
46 32 1
46 45 1
46 57 -1
46 61 1
46 78 1
46 88 -1
46 107 -1
46 120 1
46 132 1
46 142 1
46 148 1
46 188 1
46 189 1
47 2 1
47 5 -1
47 7 1
47 17 -1
47 19 1
47 23 -1
47 27 1
47 40 -1
47 44 1
47 50 -1
47 60 -1
47 71 -1
47 95 1
47 118 1
47 127 -1
47 135 -1
47 142 1
47 146 -1
47 158 1
47 168 -1
48 12 1
48 15 -1
48 23 1
48 24 1
48 33 1
48 58 1
48 78 1
48 85 1
48 86 1
48 106 -1
48 118 -1
48 119 -1
48 138 -1
48 157 1
48 183 -1
48 185 -1
48 187 1
49 14 1
49 16 1
49 23 -1
49 68 1
49 91 1
49 97 -1
49 107 -1
49 127 1
49 128 1
49 138 -1
49 148 1
49 152 1
49 154 1
49 160 1
49 166 1
49 167 -1
49 178 1
49 183 1
49 188 -1
50 18 1
50 49 1
50 58 -1
50 72 -1
50 74 1
50 84 -1
50 93 -1
50 103 1
50 104 -1
50 112 -1
50 117 -1
50 130 1
50 152 1
50 161 1
50 169 -1
50 178 -1
50 188 1
51 16 1
51 17 1
51 34 1
51 46 1
51 53 -1
51 66 -1
51 68 1
51 76 1
51 104 -1
51 117 -1
51 122 -1
51 138 1
51 144 -1
51 147 -1
51 159 -1
51 161 1
51 162 1
51 163 1
51 178 1
52 12 -1
52 41 -1
52 57 1
52 58 -1
52 66 1
52 74 -1
52 81 1
52 100 -1
52 124 -1
52 126 1
52 130 -1
52 134 1
52 151 1
52 166 1
52 172 -1
53 5 -1
53 7 1
53 39 -1
53 62 1
53 63 1
53 66 1
53 80 -1
53 84 1
53 103 -1
53 107 1
53 116 1
53 128 1
53 133 1
53 137 -1
53 144 -1
53 152 1
53 165 -1
53 178 -1
53 179 -1
54 10 -1
54 26 1
54 50 1
54 56 1
54 66 -1
54 80 1
54 84 -1
54 94 1
54 114 -1
54 142 1
54 143 -1
54 157 -1
54 158 1
54 160 1
54 161 -1
55 2 -1
55 7 -1
55 16 1
55 43 -1
55 51 -1
55 60 -1
55 75 -1
55 81 -1
55 93 -1
55 99 -1
55 130 1
55 154 1
55 174 -1
55 181 -1
55 189 1
56 18 -1
56 40 -1
56 67 1
56 80 1
56 103 -1
56 104 -1
56 107 1
56 157 -1
57 1 1
57 10 1
57 36 -1
57 56 1
57 61 -1
57 69 -1
57 77 -1
57 93 -1
57 94 1
57 102 -1
57 107 -1
57 117 -1
57 133 1
57 143 1
57 149 -1
57 161 -1
57 164 1
57 168 1
57 179 -1
57 180 1
57 182 -1
57 185 1
58 21 -1
58 23 1
58 34 1
58 35 1
58 37 1
58 67 -1
58 73 -1
58 80 1
58 83 1
58 87 1
58 97 -1
58 103 -1
58 147 -1
58 152 1
58 161 -1
58 162 1
58 167 1
58 176 -1
58 184 -1
58 185 -1
59 3 -1
59 21 -1
59 27 -1
59 49 -1
59 56 1
59 85 1
59 92 -1
59 95 1
59 100 -1
59 106 1
59 120 -1
59 121 1
59 127 1
59 139 -1
59 145 -1
59 148 -1
59 161 1
59 163 -1
59 164 -1
59 180 1
60 3 1
60 30 -1
60 34 1
60 35 1
60 42 1
60 53 1
60 57 1
60 59 1
60 68 1
60 69 -1
60 78 -1
60 114 -1
60 124 -1
60 125 -1
60 128 1
60 131 1
60 154 -1
60 184 1
60 186 1
60 187 -1
61 5 -1
61 9 -1
61 17 1
61 22 1
61 38 -1
61 64 -1
61 72 1
61 80 -1
61 104 -1
61 114 -1
61 124 1
61 126 1
61 131 1
61 133 -1
61 144 1
61 167 1
61 172 -1
61 174 1
61 175 -1
61 177 -1
61 182 -1
61 184 1
62 24 -1
62 48 -1
62 60 -1
62 80 -1
62 86 -1
62 107 -1
62 114 -1
62 117 1
62 120 1
62 129 1
62 133 -1
62 139 -1
62 153 -1
62 157 1
62 179 1
63 20 -1
63 25 -1
63 30 -1
63 33 1
63 38 1
63 45 -1
63 59 -1
63 60 1
63 65 1
63 70 1
63 71 1
63 72 1
63 89 -1
63 95 -1
63 122 1
63 132 -1
63 145 1
63 157 -1
63 160 1
63 189 -1
64 29 1
64 48 -1
64 49 1
64 59 -1
64 65 1
64 84 -1
64 112 1
64 121 1
64 154 -1
64 175 1
65 13 -1
65 26 -1
65 31 1
65 39 1
65 40 -1
65 42 -1
65 45 1
65 54 1
65 66 -1
65 72 -1
65 78 -1
65 80 -1
65 84 1
65 86 1
65 92 -1
65 96 1
65 104 -1
65 111 -1
65 117 -1
65 131 1
65 135 -1
65 136 -1
65 163 1
65 190 -1
66 3 1
66 8 1
66 9 1
66 16 -1
66 18 1
66 25 -1
66 28 1
66 30 1
66 32 -1
66 34 -1
66 43 -1
66 46 1
66 78 1
66 84 1
66 138 -1
66 143 -1
66 167 1
66 180 1
66 182 1
66 184 1
67 2 -1
67 3 1
67 5 -1
67 17 1
67 19 -1
67 44 -1
67 50 -1
67 52 1
67 57 1
67 64 -1
67 66 1
67 69 -1
67 72 -1
67 73 1
67 79 1
67 88 -1
67 113 1
67 127 -1
67 142 1
67 153 1
67 185 1
68 9 1
68 22 -1
68 36 1
68 44 1
68 45 -1
68 54 -1
68 64 -1
68 67 -1
68 76 1
68 84 -1
68 93 1
68 102 1
68 109 1
68 110 1
68 119 -1
68 123 1
68 136 1
68 139 1
68 189 1
69 3 1
69 6 -1
69 10 -1
69 16 1
69 29 1
69 31 1
69 42 1
69 44 1
69 61 -1
69 68 1
69 79 -1
69 90 1
69 107 1
69 122 -1
69 123 1
69 138 -1
69 142 -1
69 155 -1
69 166 -1
69 169 -1
69 172 1
70 15 1
70 18 -1
70 29 1
70 52 1
70 65 -1
70 66 -1
70 89 -1
70 90 1
70 100 1
70 103 1
70 106 1
70 110 -1
70 114 -1
70 122 1
70 126 1
70 149 1
70 153 -1
70 156 1
70 158 1
70 161 -1
70 170 -1
70 171 -1
71 2 -1
71 9 1
71 20 -1
71 33 -1
71 35 1
71 37 1
71 39 1
71 41 -1
71 46 -1
71 60 1
71 69 -1
71 73 1
71 78 1
71 90 -1
71 96 1
71 99 -1
71 105 1
71 110 -1
71 130 1
71 161 -1
72 31 -1
72 34 1
72 47 1
72 48 -1
72 73 -1
72 74 -1
72 90 1
72 111 -1
72 116 1
72 125 -1
72 126 1
72 128 1
72 132 1
72 136 1
72 145 -1
72 162 -1
72 173 1
72 182 1
73 14 1
73 19 -1
73 38 -1
73 61 -1
73 62 -1
73 66 -1
73 70 1
73 74 -1
73 75 1
73 84 -1
73 88 -1
73 109 -1
73 112 1
73 129 1
73 153 1
73 187 -1
74 5 1
74 14 -1
74 15 1
74 27 1
74 30 1
74 43 -1
74 45 -1
74 63 -1
74 78 -1
74 103 -1
74 109 1
74 115 -1
74 118 -1
74 120 -1
74 131 1
74 142 1
74 149 1
74 150 1
74 161 1
74 179 -1
75 18 1
75 20 -1
75 38 1
75 44 -1
75 58 1
75 63 1
75 71 -1
75 74 -1
75 87 1
75 89 1
75 94 1
75 97 1
75 117 -1
75 118 1
75 125 1
75 129 -1
75 133 -1
75 144 1
75 148 -1
75 153 -1
75 160 -1
75 161 -1
76 1 -1
76 7 1
76 22 1
76 31 1
76 48 1
76 65 1
76 70 -1
76 72 -1
76 92 -1
76 96 1
76 111 1
76 134 1
76 136 -1
76 137 1
76 139 1
76 146 -1
76 148 1
76 151 1
76 172 1
76 177 1
76 189 1
77 12 -1
77 45 1
77 50 1
77 54 -1
77 62 1
77 87 1
77 88 1
77 110 1
77 112 1
77 140 1
77 148 1
77 151 1
77 163 1
77 166 -1
78 2 -1
78 27 1
78 33 -1
78 41 1
78 43 -1
78 45 -1
78 53 -1
78 87 -1
78 107 -1
78 122 1
78 126 1
78 127 -1
78 166 -1
78 172 1
78 173 1
78 188 -1
79 10 -1
79 34 -1
79 38 1
79 39 1
79 42 -1
79 44 -1
79 50 1
79 53 1
79 85 1
79 86 1
79 116 1
79 122 1
79 128 -1
79 133 1
79 134 -1
79 157 -1
79 160 -1
79 167 -1
79 176 -1
79 189 1
80 12 1
80 20 -1
80 32 -1
80 35 1
80 41 -1
80 51 -1
80 57 1
80 59 -1
80 76 -1
80 79 1
80 87 -1
80 98 -1
80 123 -1
80 147 -1
80 149 1
80 182 -1
81 16 -1
81 19 -1
81 38 1
81 41 -1
81 61 -1
81 69 1
81 78 -1
81 93 -1
81 94 1
81 109 1
81 121 -1
81 152 -1
81 163 1
81 171 1
81 172 1
81 174 1
81 179 -1
81 188 1
82 2 -1
82 23 1
82 24 -1
82 29 1
82 45 1
82 48 -1
82 64 -1
82 70 1
82 80 1
82 92 -1
82 93 -1
82 97 -1
82 101 1
82 105 -1
82 139 1
82 143 -1
82 171 -1
82 184 -1
83 12 1
83 14 1
83 15 1
83 21 -1
83 28 1
83 35 1
83 37 -1
83 41 1
83 44 1
83 47 -1
83 55 -1
83 59 1
83 70 1
83 75 -1
83 85 -1
83 87 1
83 92 -1
83 94 1
83 101 1
83 107 1
83 127 -1
83 136 1
83 139 -1
83 144 1
83 157 -1
84 4 -1
84 6 -1
84 23 -1
84 40 1
84 42 -1
84 71 1
84 86 1
84 89 -1
84 98 1
84 108 -1
84 109 -1
84 119 1
84 129 1
84 130 -1
84 131 1
84 134 -1
84 136 -1
84 140 -1
84 141 1
84 142 1
84 147 -1
84 150 -1
84 163 1
85 8 -1
85 28 1
85 29 -1
85 74 1
85 93 -1
85 110 1
85 130 -1
85 143 -1
85 145 1
85 146 -1
85 156 -1
85 159 -1
85 169 1
86 7 1
86 27 -1
86 33 1
86 39 -1
86 40 -1
86 43 1
86 46 1
86 58 1
86 68 1
86 83 1
86 88 1
86 91 1
86 92 1
86 95 1
86 109 -1
86 115 1
86 133 -1
86 152 -1
86 165 -1
86 174 -1
86 186 -1
87 9 1
87 29 1
87 45 1
87 51 -1
87 54 -1
87 57 -1
87 63 1
87 90 1
87 109 -1
87 119 -1
87 137 -1
87 151 -1
87 157 1
87 169 -1
87 177 -1
87 182 1
88 6 1
88 7 1
88 16 1
88 27 -1
88 28 -1
88 37 1
88 53 1
88 84 -1
88 97 1
88 103 1
88 118 -1
88 178 1
88 188 -1
89 12 -1
89 31 -1
89 42 -1
89 48 -1
89 87 -1
89 114 -1
89 136 1
89 139 1
89 146 1
89 147 -1
89 156 1
89 175 -1
90 1 -1
90 6 -1
90 20 1
90 22 1
90 23 1
90 28 1
90 35 -1
90 40 1
90 43 1
90 44 -1
90 55 1
90 76 -1
90 78 -1
90 83 1
90 85 -1
90 98 1
90 114 -1
90 141 -1
90 145 1
90 151 -1
90 166 -1
90 186 -1
90 187 1
91 55 -1
91 63 1
91 66 -1
91 72 -1
91 76 -1
91 92 1
91 96 -1
91 97 -1
91 101 -1
91 115 1
91 117 1
91 124 1
91 146 1
91 157 1
91 166 1
91 171 -1
91 174 1
91 176 1
91 188 -1
92 2 -1
92 7 -1
92 10 1
92 12 -1
92 42 1
92 47 -1
92 51 -1
92 60 -1
92 61 -1
92 73 1
92 90 -1
92 104 1
92 106 -1
92 130 -1
92 132 -1
92 164 1
92 177 1
92 186 -1
92 188 -1
93 11 1
93 12 -1
93 25 -1
93 33 1
93 38 -1
93 61 -1
93 70 -1
93 100 -1
93 105 1
93 114 -1
93 120 -1
93 126 1
93 137 -1
93 141 1
93 143 -1
93 171 1
93 172 -1
93 178 -1
93 179 1
93 183 -1
93 184 -1
93 190 -1
94 12 -1
94 15 -1
94 33 -1
94 37 1
94 52 1
94 61 1
94 62 -1
94 68 1
94 82 1
94 90 -1
94 104 -1
94 110 1
94 140 -1
94 166 -1
94 168 -1
94 175 -1
94 182 1
94 189 1
95 7 -1
95 16 1
95 56 -1
95 62 -1
95 83 1
95 85 -1
95 87 -1
95 102 1
95 103 -1
95 109 1
95 116 1
95 117 1
95 119 -1
95 122 -1
95 123 1
95 131 1
95 142 1
95 143 1
95 151 -1
95 157 1
95 165 1
95 178 -1
96 6 -1
96 15 -1
96 17 1
96 20 -1
96 31 -1
96 37 1
96 72 -1
96 82 1
96 84 -1
96 87 -1
96 94 -1
96 95 1
96 111 1
96 118 1
96 124 1
96 127 1
96 136 -1
96 145 1
96 155 1
96 156 1
96 158 1
96 173 -1
96 183 1
97 33 -1
97 46 1
97 50 -1
97 78 1
97 95 -1
97 101 -1
97 123 -1
97 126 1
97 128 -1
97 144 -1
97 157 1
97 161 1
97 178 1
98 1 -1
98 27 1
98 34 -1
98 40 1
98 66 1
98 73 -1
98 74 1
98 101 1
98 105 -1
98 116 -1
98 121 -1
98 154 1
98 164 -1
98 179 -1
98 189 1
99 18 -1
99 25 -1
99 32 1
99 40 -1
99 42 -1
99 44 -1
99 67 -1
99 73 -1
99 75 -1
99 82 -1
99 89 -1
99 102 1
99 106 1
99 107 -1
99 116 1
99 123 -1
99 146 -1
99 156 1
99 160 1
99 166 1
99 183 1
100 3 1
100 10 -1
100 14 -1
100 19 -1
100 28 1
100 31 1
100 44 -1
100 45 1
100 69 -1
100 71 1
100 85 1
100 89 -1
100 105 1
100 109 1
100 117 -1
100 126 -1
100 142 1
100 153 1
100 155 -1
100 158 1
100 162 -1
100 174 1
100 177 -1
100 181 -1
100 190 -1
101 4 1
101 5 -1
101 7 1
101 12 1
101 13 1
101 18 -1
101 23 -1
101 41 1
101 56 1
101 84 1
101 114 1
101 116 1
101 117 1
101 124 -1
101 160 1
101 162 -1
101 166 -1
101 172 1
101 175 1
102 4 1
102 9 -1
102 25 -1
102 35 -1
102 39 1
102 41 -1
102 48 -1
102 59 1
102 75 -1
102 77 -1
102 92 -1
102 93 1
102 116 -1
102 119 -1
102 134 -1
102 137 1
102 155 -1
102 156 1
102 171 -1
103 1 -1
103 13 -1
103 14 -1
103 18 1
103 20 1
103 26 -1
103 28 1
103 30 1
103 34 1
103 45 1
103 67 1
103 100 1
103 106 -1
103 112 1
103 122 -1
103 128 -1
103 134 1
103 135 1
103 147 -1
103 155 1
103 163 -1
103 164 1
103 187 -1
104 26 1
104 39 1
104 55 1
104 60 -1
104 72 -1
104 90 1
104 96 1
104 106 -1
104 111 1
104 119 -1
104 127 -1
104 130 1
104 132 1
104 133 -1
104 134 -1
104 144 1
104 155 -1
104 156 -1
104 169 1
104 171 1
104 172 1
104 176 -1
104 179 -1
104 184 1
105 4 -1
105 17 1
105 19 1
105 22 1
105 44 1
105 49 1
105 63 1
105 66 -1
105 74 1
105 83 1
105 90 -1
105 106 1
105 109 -1
105 120 -1
105 123 1
105 125 1
105 126 -1
105 168 -1
105 173 -1
105 179 1
106 5 1
106 19 -1
106 20 -1
106 47 -1
106 53 1
106 63 1
106 64 1
106 65 -1
106 72 1
106 73 -1
106 74 1
106 76 1
106 77 -1
106 80 1
106 113 1
106 118 -1
106 120 -1
106 121 1
106 146 -1
106 153 -1
106 169 1
106 188 1
107 33 -1
107 37 -1
107 38 1
107 39 -1
107 45 1
107 59 1
107 75 1
107 91 -1
107 92 -1
107 98 -1
107 124 1
107 127 1
107 142 -1
107 146 1
107 149 -1
107 150 1
107 158 1
107 169 -1
107 184 1
108 11 1
108 18 -1
108 20 -1
108 23 -1
108 28 1
108 33 1
108 35 -1
108 44 1
108 49 1
108 50 1
108 60 -1
108 63 1
108 66 1
108 101 -1
108 105 1
108 106 1
108 126 -1
108 137 -1
108 141 -1
108 142 1
108 161 1
108 164 1
108 177 1
108 178 -1
108 181 -1
109 5 -1
109 10 -1
109 28 -1
109 39 1
109 54 -1
109 55 1
109 59 -1
109 64 1
109 75 1
109 92 -1
109 98 1
109 99 -1
109 102 1
109 110 1
109 120 1
109 128 -1
109 130 1
109 137 -1
109 159 -1
109 183 1
109 187 1
110 4 -1
110 5 -1
110 6 -1
110 14 1
110 20 -1
110 27 1
110 42 1
110 49 1
110 63 1
110 103 1
110 119 -1
110 123 1
110 126 1
110 137 -1
110 141 -1
110 175 1
110 177 -1
110 180 1
110 183 -1
110 188 1
110 189 1
111 6 -1
111 10 1
111 38 -1
111 42 1
111 46 -1
111 47 -1
111 58 1
111 75 -1
111 89 1
111 101 1
111 114 1
111 124 1
111 153 1
111 161 1
111 172 1
111 185 -1
112 1 1
112 9 -1
112 15 -1
112 29 1
112 32 1
112 37 1
112 44 -1
112 58 1
112 61 -1
112 62 1
112 63 1
112 86 1
112 94 -1
112 110 1
112 111 -1
112 121 1
112 123 -1
112 127 -1
112 137 -1
112 145 1
112 173 -1
112 174 1
112 189 1
113 6 -1
113 14 -1
113 32 1
113 34 1
113 39 -1
113 43 -1
113 49 -1
113 52 -1
113 59 -1
113 65 -1
113 68 1
113 84 -1
113 103 1
113 121 -1
113 125 -1
113 131 -1
113 134 1
113 139 -1
113 151 1
113 153 1
113 156 1
113 158 1
113 166 -1
113 181 -1
114 27 -1
114 32 -1
114 37 -1
114 46 -1
114 48 1
114 71 1
114 82 1
114 85 -1
114 86 -1
114 104 -1
114 116 -1
114 151 1
114 153 -1
114 156 -1
114 157 -1
114 162 -1
114 178 -1
115 7 1
115 11 1
115 27 -1
115 39 1
115 40 -1
115 57 1
115 60 1
115 64 -1
115 67 1
115 77 1
115 80 1
115 89 -1
115 96 -1
115 102 -1
115 108 -1
115 128 1
115 139 1
115 141 1
115 155 -1
115 172 -1
115 190 1
116 1 1
116 5 1
116 26 1
116 40 1
116 50 1
116 55 1
116 60 -1
116 66 -1
116 73 1
116 86 1
116 87 1
116 92 1
116 103 -1
116 107 1
116 109 -1
116 113 1
116 125 -1
116 132 -1
116 133 1
116 146 1
116 150 1
116 154 -1
116 164 1
116 166 1
117 1 1
117 11 1
117 22 -1
117 23 -1
117 35 -1
117 40 1
117 47 -1
117 52 1
117 85 -1
117 90 1
117 98 -1
117 113 -1
117 120 -1
117 137 1
117 147 -1
117 156 -1
117 160 1
117 177 -1
117 180 1
118 7 1
118 10 1
118 21 -1
118 30 -1
118 36 -1
118 77 -1
118 82 1
118 98 1
118 101 -1
118 112 1
118 148 -1
118 162 -1
118 165 1
118 177 -1
119 8 1
119 9 -1
119 32 -1
119 50 1
119 54 1
119 55 1
119 57 1
119 61 -1
119 77 -1
119 88 1
119 97 -1
119 98 -1
119 109 1
119 136 1
119 149 -1
119 181 1
119 183 -1
119 189 1
119 190 -1
120 1 1
120 11 -1
120 28 -1
120 31 -1
120 39 1
120 50 -1
120 56 -1
120 70 1
120 73 1
120 101 1
120 104 -1
120 114 1
120 128 1
120 142 1
120 144 1
120 152 -1
120 159 -1
120 174 1
120 180 -1
121 4 -1
121 9 1
121 17 1
121 21 -1
121 25 1
121 53 -1
121 56 -1
121 62 1
121 68 -1
121 77 -1
121 90 -1
121 96 -1
121 100 -1
121 116 -1
121 135 -1
121 144 1
121 157 -1
121 181 -1
121 187 1
121 189 -1
122 4 -1
122 11 1
122 31 -1
122 38 -1
122 39 -1
122 42 1
122 46 -1
122 60 -1
122 72 -1
122 90 1
122 102 -1
122 104 1
122 113 -1
122 117 -1
122 141 1
122 156 -1
122 162 1
122 164 -1
122 168 1
123 31 1
123 33 1
123 41 1
123 53 1
123 54 -1
123 59 1
123 63 1
123 65 -1
123 77 -1
123 121 1
123 143 -1
123 155 1
123 156 1
123 157 1
123 164 1
123 177 -1
123 179 1
123 185 -1
124 2 -1
124 26 1
124 48 1
124 82 -1
124 84 1
124 102 1
124 108 1
124 125 1
124 128 1
124 139 1
124 141 -1
124 155 -1
124 156 -1
124 157 1
124 162 1
124 163 -1
124 169 -1
124 174 -1
125 18 -1
125 22 1
125 39 -1
125 40 -1
125 49 1
125 55 1
125 73 1
125 74 1
125 112 -1
125 131 1
125 142 1
125 164 -1
125 188 -1
126 11 1
126 24 -1
126 28 -1
126 50 -1
126 55 1
126 69 1
126 86 1
126 101 1
126 107 1
126 129 1
126 130 1
126 141 1
126 145 1
126 161 1
126 169 -1
126 177 1
126 187 1
126 190 1
127 3 -1
127 24 1
127 29 -1
127 41 -1
127 51 1
127 58 1
127 65 -1
127 71 1
127 75 -1
127 76 -1
127 79 1
127 84 -1
127 95 1
127 105 1
127 106 1
127 110 -1
127 119 -1
127 135 1
127 138 1
127 149 -1
127 160 -1
127 162 -1
127 182 -1
127 188 1
128 1 1
128 5 -1
128 10 -1
128 11 1
128 30 1
128 35 1
128 40 -1
128 45 -1
128 50 1
128 54 -1
128 61 -1
128 67 1
128 74 -1
128 76 1
128 85 -1
128 87 -1
128 88 -1
128 104 -1
128 111 -1
128 132 1
128 164 1
128 169 -1
128 175 1
128 179 -1
128 185 1
129 6 1
129 8 -1
129 13 1
129 24 1
129 26 1
129 34 1
129 53 -1
129 64 -1
129 76 -1
129 86 -1
129 93 1
129 98 1
129 102 1
129 107 1
129 117 1
129 125 -1
129 133 1
129 162 -1
129 169 -1
129 173 1
129 179 -1
129 185 -1
129 188 -1
130 14 -1
130 15 -1
130 20 -1
130 39 -1
130 43 -1
130 48 -1
130 58 1
130 83 -1
130 94 -1
130 98 -1
130 111 -1
130 113 1
130 125 -1
130 129 -1
130 158 1
130 160 -1
130 163 -1
130 169 -1
130 175 1
130 187 -1
131 2 -1
131 25 1
131 79 1
131 82 1
131 87 1
131 105 -1
131 109 -1
131 122 -1
131 123 -1
131 143 1
131 146 -1
131 163 1
131 185 1
132 10 1
132 23 1
132 28 -1
132 35 1
132 49 -1
132 61 -1
132 66 -1
132 67 1
132 70 1
132 75 -1
132 107 -1
132 121 -1
132 133 -1
132 143 -1
132 144 1
132 156 1
132 170 1
132 172 1
132 179 -1
133 6 -1
133 23 1
133 59 1
133 73 -1
133 94 1
133 99 -1
133 112 1
133 117 1
133 121 1
133 122 -1
133 147 1
133 157 -1
133 165 1
133 170 -1
134 7 -1
134 16 1
134 20 1
134 23 -1
134 25 1
134 27 1
134 57 1
134 65 -1
134 68 -1
134 86 -1
134 89 1
134 115 -1
134 126 -1
134 133 -1
134 149 -1
134 155 1
134 161 1
134 162 1
134 166 1
134 177 -1
134 185 -1
134 188 1
135 13 1
135 15 1
135 34 -1
135 49 -1
135 56 -1
135 62 1
135 93 1
135 100 1
135 108 1
135 124 1
135 125 -1
135 134 -1
135 141 1
135 177 1
135 184 1
136 4 1
136 24 1
136 29 1
136 30 -1
136 31 -1
136 46 1
136 52 1
136 55 1
136 91 1
136 97 1
136 98 -1
136 111 -1
136 130 1
136 146 -1
136 159 -1
136 186 -1
137 7 -1
137 29 1
137 74 -1
137 88 1
137 115 -1
137 119 -1
137 142 -1
137 151 1
137 152 -1
137 154 -1
137 157 -1
137 158 -1
137 165 -1
137 169 -1
137 190 -1
138 3 -1
138 4 -1
138 10 -1
138 15 -1
138 21 -1
138 24 1
138 34 -1
138 46 1
138 61 1
138 68 -1
138 70 1
138 80 -1
138 89 -1
138 90 1
138 96 1
138 100 -1
138 108 -1
138 122 -1
138 136 1
138 141 1
138 144 -1
138 147 -1
138 160 1
138 161 1
138 163 -1
138 177 -1
138 184 1
139 11 -1
139 42 1
139 53 1
139 57 -1
139 58 1
139 65 -1
139 80 1
139 84 1
139 90 -1
139 92 -1
139 94 1
139 103 -1
139 106 1
139 122 -1
139 143 1
139 147 -1
139 169 1
140 3 1
140 9 -1
140 15 -1
140 21 1
140 39 -1
140 40 -1
140 52 1
140 58 1
140 64 1
140 68 1
140 75 1
140 99 -1
140 111 1
140 112 1
140 153 -1
140 183 -1
140 187 -1
141 7 1
141 25 1
141 38 -1
141 40 -1
141 44 1
141 56 -1
141 68 1
141 73 1
141 77 -1
141 109 -1
141 114 -1
141 116 -1
141 121 1
141 130 -1
141 139 1
141 140 -1
141 147 -1
142 7 -1
142 15 1
142 19 1
142 40 1
142 44 -1
142 61 1
142 68 -1
142 86 1
142 87 1
142 89 1
142 106 -1
142 112 -1
142 121 1
142 123 1
142 131 1
142 139 1
142 149 1
142 152 1
142 154 -1
142 168 1
142 185 -1
143 7 -1
143 52 -1
143 79 -1
143 87 1
143 101 1
143 102 1
143 104 1
143 120 1
143 121 -1
143 124 -1
143 127 1
143 153 -1
143 173 -1
143 174 -1
143 181 -1
143 184 1
144 8 -1
144 11 -1
144 13 1
144 19 -1
144 23 1
144 26 1
144 33 -1
144 45 1
144 54 1
144 60 -1
144 84 -1
144 88 -1
144 90 -1
144 95 -1
144 101 1
144 106 -1
144 110 -1
144 113 -1
144 122 1
144 125 1
144 131 -1
144 142 -1
144 145 -1
144 146 1
144 149 -1
144 150 -1
144 162 -1
144 170 -1
144 177 -1
144 181 1
145 1 1
145 16 1
145 27 -1
145 32 1
145 34 1
145 37 1
145 47 -1
145 51 1
145 56 1
145 74 1
145 75 1
145 78 1
145 89 1
145 106 1
145 124 1
145 127 -1
145 132 -1
145 143 1
145 164 -1
145 176 -1
145 183 1
146 9 1
146 30 1
146 44 1
146 52 -1
146 66 1
146 84 1
146 100 1
146 119 -1
146 121 1
146 134 -1
146 140 -1
146 149 -1
146 186 -1
147 19 -1
147 31 1
147 40 1
147 47 1
147 50 1
147 57 -1
147 76 1
147 92 1
147 94 -1
147 111 1
147 121 -1
147 130 -1
147 152 1
147 156 1
147 164 1
147 186 -1
148 5 1
148 8 -1
148 16 1
148 19 -1
148 31 -1
148 48 1
148 54 -1
148 73 1
148 86 -1
148 87 1
148 93 -1
148 117 1
148 120 1
148 142 1
148 147 1
148 176 -1
148 184 1
149 14 -1
149 17 -1
149 18 -1
149 24 1
149 34 -1
149 37 1
149 38 1
149 41 1
149 42 1
149 47 -1
149 48 -1
149 53 -1
149 85 1
149 86 -1
149 98 1
149 106 -1
149 113 -1
149 122 -1
149 140 -1
149 160 -1
149 185 1
150 30 -1
150 34 -1
150 54 -1
150 70 1
150 73 -1
150 75 1
150 83 1
150 96 -1
150 99 1
150 101 1
150 121 1
150 130 1
150 147 1
150 170 1
150 183 1
150 185 -1
150 190 1
151 1 1
151 55 -1
151 62 1
151 110 1
151 117 -1
151 136 -1
151 140 -1
151 146 -1
151 152 1
151 157 1
151 167 1
151 171 1
152 21 1
152 26 1
152 42 1
152 96 -1
152 102 1
152 116 -1
152 126 1
152 138 1
152 165 1
152 167 1
153 17 -1
153 18 -1
153 43 1
153 47 1
153 74 -1
153 81 -1
153 124 1
153 158 -1
153 184 1
154 3 1
154 8 -1
154 33 1
154 43 -1
154 58 1
154 62 -1
154 70 1
154 77 1
154 82 1
154 94 -1
154 111 -1
154 112 1
154 114 1
154 115 -1
154 118 1
154 123 1
154 144 1
154 147 -1
154 150 1
154 151 -1
154 161 -1
154 172 1
155 18 1
155 26 -1
155 34 -1
155 43 1
155 45 1
155 46 -1
155 49 -1
155 72 -1
155 82 1
155 84 -1
155 95 -1
155 118 1
155 122 -1
155 140 1
155 158 -1
155 171 -1
155 175 1
155 186 -1
156 8 1
156 31 -1
156 40 -1
156 66 -1
156 72 1
156 88 1
156 134 1
156 139 1
156 151 1
156 153 -1
156 161 -1
156 163 -1
156 176 1
156 177 1
157 1 -1
157 4 -1
157 27 1
157 32 -1
157 53 -1
157 57 1
157 78 1
157 88 -1
157 115 -1
157 127 -1
157 147 -1
157 159 1
157 167 1
157 178 -1
157 183 -1
158 2 -1
158 5 1
158 18 1
158 24 -1
158 34 -1
158 46 1
158 73 1
158 75 1
158 92 -1
158 115 1
158 138 -1
158 141 -1
158 150 -1
158 172 -1
159 34 -1
159 46 -1
159 49 1
159 59 -1
159 60 -1
159 63 -1
159 78 1
159 96 -1
159 108 1
159 114 1
159 117 1
159 129 -1
159 131 1
159 149 -1
159 160 1
159 183 1
160 4 -1
160 7 1
160 12 1
160 13 -1
160 24 1
160 31 -1
160 37 -1
160 52 1
160 80 -1
160 81 -1
160 84 1
160 87 1
160 115 -1
160 132 1
160 136 -1
160 140 -1
160 166 1
160 168 -1
160 184 -1
161 6 1
161 14 -1
161 15 -1
161 23 -1
161 47 1
161 78 1
161 83 -1
161 84 1
161 107 -1
161 127 -1
161 139 1
161 147 -1
161 152 -1
161 169 -1
161 175 1
161 178 1
161 185 1
162 6 1
162 20 1
162 32 1
162 47 1
162 49 1
162 63 -1
162 77 -1
162 82 1
162 83 -1
162 99 -1
162 105 -1
162 108 1
162 113 -1
162 143 1
162 156 1
162 160 -1
162 178 -1
162 182 1
162 185 -1
163 2 1
163 12 1
163 17 -1
163 21 1
163 23 -1
163 28 1
163 36 -1
163 39 -1
163 40 -1
163 58 -1
163 73 -1
163 76 -1
163 97 1
163 119 -1
163 122 -1
163 134 1
163 142 -1
163 164 1
163 165 1
163 173 -1
164 8 1
164 35 -1
164 42 1
164 53 1
164 56 -1
164 66 -1
164 72 1
164 85 1
164 93 -1
164 97 1
164 126 -1
164 138 -1
164 143 1
164 146 -1
164 157 1
164 161 -1
164 184 -1
165 5 1
165 37 -1
165 48 1
165 54 -1
165 70 -1
165 71 -1
165 85 -1
165 100 -1
165 107 -1
165 114 -1
165 135 1
165 139 1
165 149 1
165 151 -1
165 159 1
165 160 -1
166 9 -1
166 27 1
166 31 -1
166 41 1
166 44 -1
166 54 -1
166 76 1
166 86 -1
166 92 -1
166 97 -1
166 105 -1
166 110 -1
166 112 -1
166 119 1
166 122 1
166 133 -1
166 144 -1
166 147 1
166 154 1
166 169 1
166 176 1
166 180 1
166 182 -1
167 11 -1
167 12 -1
167 19 1
167 20 1
167 22 1
167 29 1
167 37 1
167 77 1
167 80 -1
167 82 1
167 83 1
167 123 1
167 126 1
167 134 1
167 148 1
167 158 1
167 164 -1
167 177 1
167 182 1
167 189 -1
168 6 -1
168 8 1
168 23 1
168 33 1
168 39 -1
168 41 1
168 43 -1
168 49 1
168 51 1
168 62 -1
168 64 -1
168 71 -1
168 97 1
168 98 -1
168 126 -1
168 129 1
168 148 1
168 153 1
168 178 -1
169 2 -1
169 9 1
169 17 -1
169 18 1
169 23 -1
169 29 -1
169 35 1
169 55 1
169 60 1
169 96 1
169 114 -1
169 122 1
169 133 1
169 146 -1
169 159 1
169 163 1
169 176 1
170 8 -1
170 22 1
170 23 -1
170 29 -1
170 73 -1
170 82 1
170 86 1
170 101 1
170 104 -1
170 123 1
170 135 1
170 138 1
170 172 1
170 179 -1
170 190 1
171 3 1
171 50 -1
171 55 -1
171 90 1
171 98 1
171 100 -1
171 116 1
171 127 1
171 130 -1
171 162 1
171 174 1
172 3 -1
172 6 -1
172 21 -1
172 22 -1
172 24 -1
172 30 1
172 50 -1
172 80 1
172 86 -1
172 113 1
172 116 1
172 119 1
172 127 -1
172 133 1
172 145 1
172 148 -1
172 150 -1
172 157 -1
172 160 -1
172 168 -1
172 176 -1
172 190 1
173 2 -1
173 14 -1
173 25 -1
173 32 1
173 42 -1
173 44 -1
173 46 -1
173 52 1
173 87 1
173 90 1
173 100 -1
173 111 -1
173 117 1
173 124 1
173 130 -1
173 132 1
173 144 -1
173 157 -1
173 162 -1
173 169 1
173 170 1
173 176 -1
173 178 -1
174 2 1
174 12 1
174 20 -1
174 22 -1
174 26 -1
174 38 1
174 42 -1
174 50 -1
174 51 -1
174 70 -1
174 75 -1
174 85 -1
174 109 1
174 114 -1
174 116 -1
174 129 -1
174 135 -1
174 140 1
174 146 1
174 148 -1
174 156 1
174 179 1
174 182 -1
174 188 1
174 189 -1
175 11 1
175 12 1
175 16 -1
175 17 -1
175 19 1
175 33 -1
175 41 1
175 52 -1
175 53 1
175 77 1
175 78 -1
175 81 1
175 82 1
175 148 -1
175 154 1
175 162 -1
175 185 1
176 2 1
176 8 -1
176 15 1
176 16 -1
176 25 -1
176 30 1
176 31 -1
176 33 -1
176 41 -1
176 43 1
176 72 -1
176 82 1
176 88 -1
176 93 1
176 113 -1
176 116 1
176 118 1
176 119 -1
176 120 -1
176 123 1
176 138 -1
176 142 1
176 160 1
176 164 1
176 170 -1
177 2 1
177 5 -1
177 8 -1
177 11 -1
177 12 1
177 22 -1
177 41 1
177 58 1
177 64 1
177 67 1
177 68 1
177 70 1
177 79 1
177 103 -1
177 104 1
177 111 1
177 130 -1
177 133 1
177 137 1
177 153 -1
177 155 1
178 7 -1
178 13 -1
178 40 -1
178 41 -1
178 57 -1
178 73 -1
178 78 -1
178 84 1
178 85 -1
178 94 1
178 104 1
178 113 -1
178 125 -1
178 131 1
178 145 1
178 159 1
178 165 1
179 23 -1
179 58 1
179 60 -1
179 77 -1
179 80 1
179 110 1
179 113 1
179 120 -1
179 127 -1
179 133 -1
179 145 -1
179 154 -1
179 158 -1
179 160 1
179 162 -1
179 168 1
179 171 1
179 180 1
180 6 -1
180 7 1
180 8 1
180 9 1
180 34 1
180 35 -1
180 40 1
180 48 -1
180 49 1
180 60 1
180 68 1
180 77 1
180 94 -1
180 98 -1
180 114 1
180 125 1
180 128 1
180 132 -1
180 134 1
180 136 -1
180 170 -1
180 183 -1
180 188 1
181 10 -1
181 15 1
181 17 1
181 23 1
181 24 1
181 26 -1
181 45 -1
181 46 -1
181 59 -1
181 60 1
181 66 1
181 73 -1
181 84 -1
181 86 1
181 122 -1
181 149 -1
181 152 1
181 162 -1
181 170 -1
181 171 -1
181 175 -1
181 177 -1
181 185 -1
181 190 1
182 15 -1
182 37 1
182 51 -1
182 60 1
182 64 -1
182 84 -1
182 90 -1
182 92 1
182 104 1
182 111 -1
182 113 -1
182 128 -1
182 173 1
183 5 -1
183 16 1
183 30 -1
183 42 -1
183 63 -1
183 67 -1
183 68 -1
183 79 -1
183 89 -1
183 97 -1
183 98 -1
183 117 1
183 118 -1
183 135 1
183 139 -1
183 141 -1
183 170 -1
183 182 -1
183 186 -1
184 7 -1
184 13 1
184 23 -1
184 24 1
184 36 -1
184 39 1
184 42 1
184 46 1
184 62 -1
184 69 1
184 78 -1
184 84 -1
184 85 -1
184 94 -1
184 99 -1
184 110 1
184 121 -1
184 144 1
184 152 -1
184 156 -1
184 161 1
184 166 -1
184 170 1
184 176 -1
185 4 -1
185 11 1
185 13 1
185 14 1
185 36 1
185 39 1
185 40 -1
185 61 -1
185 62 -1
185 66 -1
185 75 1
185 78 1
185 80 1
185 88 -1
185 90 -1
185 95 1
185 96 -1
185 103 1
185 110 -1
185 112 1
185 116 1
185 119 1
185 121 -1
185 126 -1
185 140 1
185 152 -1
185 158 -1
185 166 -1
185 171 1
185 172 1
185 173 1
185 188 -1
186 6 -1
186 34 -1
186 35 -1
186 41 -1
186 49 -1
186 55 -1
186 57 1
186 65 1
186 82 1
186 148 1
186 151 -1
186 152 -1
186 156 1
186 163 1
186 175 -1
186 177 1
186 178 -1
186 179 -1
186 180 1
186 189 1
187 8 1
187 13 1
187 27 -1
187 28 1
187 33 1
187 39 1
187 50 1
187 55 -1
187 84 1
187 89 -1
187 98 -1
187 108 1
187 113 1
187 117 -1
187 118 1
187 120 -1
187 144 -1
187 151 1
187 154 1
187 163 1
187 165 -1
187 166 -1
187 185 -1
187 188 1
188 8 1
188 27 1
188 32 -1
188 44 -1
188 45 1
188 51 -1
188 61 1
188 89 -1
188 94 -1
188 99 -1
188 107 1
188 108 1
188 119 -1
188 121 -1
188 124 1
188 132 -1
188 145 -1
188 151 1
188 177 1
188 178 1
189 28 1
189 29 1
189 43 -1
189 51 1
189 65 1
189 107 -1
189 137 1
189 141 -1
189 148 -1
189 168 1
189 170 1
189 171 1
190 7 1
190 16 1
190 39 1
190 42 -1
190 43 -1
190 52 -1
190 58 -1
190 61 1
190 68 1
190 70 -1
190 75 1
190 117 -1
190 125 -1
190 127 -1
190 156 -1
190 161 1
190 185 -1
