vertices: 30 edges: 348
1 5 -1
1 11 1
1 17 -1
1 18 -1
1 20 1
1 21 1
1 25 1
1 30 -1
2 3 -1
2 5 -1
2 7 1
2 8 -1
2 9 -1
2 10 1
2 13 1
2 16 -1
2 17 -1
2 20 -1
2 21 -1
2 23 -1
2 26 1
2 27 1
2 28 1
2 29 -1
3 1 1
3 6 -1
3 12 -1
3 14 -1
3 15 -1
3 25 -1
4 3 -1
4 6 -1
4 7 -1
4 9 1
4 11 -1
4 12 1
4 14 -1
4 15 -1
4 18 -1
4 19 -1
4 22 -1
4 24 -1
4 25 -1
4 27 -1
4 28 -1
4 29 -1
4 30 -1
5 3 -1
5 4 -1
5 6 -1
5 7 -1
5 9 1
5 10 -1
5 12 -1
5 14 -1
5 18 -1
5 22 -1
5 24 -1
5 27 -1
6 2 -1
6 8 -1
6 15 -1
6 16 -1
6 18 -1
6 21 -1
6 24 -1
6 30 -1
7 1 -1
7 3 -1
7 9 -1
7 10 -1
7 11 -1
7 15 -1
7 17 1
7 19 -1
7 20 -1
7 24 -1
7 27 1
7 28 1
7 30 1
8 1 -1
8 3 1
8 4 1
8 5 -1
8 13 -1
8 15 -1
8 17 -1
8 20 1
8 21 -1
8 23 1
8 26 -1
8 27 -1
8 28 1
8 29 -1
9 6 -1
9 8 -1
9 13 -1
9 17 -1
9 22 -1
9 27 -1
9 29 -1
10 1 -1
10 6 -1
10 8 1
10 9 -1
10 14 -1
10 15 -1
10 16 1
10 19 -1
10 21 -1
10 22 -1
10 23 -1
10 24 -1
10 27 -1
10 29 -1
11 2 -1
11 3 -1
11 8 -1
11 9 1
11 10 -1
11 12 1
11 17 -1
11 24 -1
11 26 1
11 27 1
12 6 -1
12 8 -1
12 9 -1
12 10 -1
12 16 -1
12 17 -1
12 19 -1
12 20 -1
12 21 -1
12 24 -1
12 25 1
12 27 -1
12 28 -1
13 1 -1
13 3 1
13 4 -1
13 5 1
13 6 -1
13 7 -1
13 10 -1
13 14 -1
13 17 1
13 18 1
13 19 -1
13 22 -1
13 25 -1
13 28 -1
13 29 -1
14 2 -1
14 6 -1
14 7 1
14 8 -1
14 12 -1
14 19 -1
14 20 -1
14 21 -1
14 23 -1
15 2 -1
15 11 -1
15 13 -1
15 18 1
15 20 1
15 26 -1
15 28 -1
15 29 -1
16 1 -1
16 3 -1
16 4 -1
16 7 1
16 8 -1
16 9 -1
16 13 -1
16 15 1
16 28 -1
17 3 -1
17 4 -1
17 5 -1
17 6 -1
17 14 -1
17 15 -1
17 16 -1
17 24 1
17 26 -1
17 27 -1
17 29 -1
18 2 -1
18 3 -1
18 7 -1
18 8 -1
18 10 -1
18 11 -1
18 12 -1
18 17 -1
18 22 -1
18 23 -1
18 26 -1
18 28 1
19 2 -1
19 3 -1
19 5 -1
19 8 -1
19 9 1
19 11 -1
19 15 -1
19 17 -1
19 18 -1
19 21 -1
19 23 -1
19 27 -1
19 30 1
20 3 -1
20 4 1
20 6 1
20 9 -1
20 10 -1
20 11 -1
20 13 -1
20 16 -1
20 17 1
20 18 -1
20 19 -1
20 23 -1
20 24 -1
20 26 -1
20 27 -1
20 29 -1
20 30 1
21 4 -1
21 5 1
21 7 -1
21 13 -1
21 16 1
21 17 -1
21 18 1
21 20 -1
21 24 -1
21 26 -1
22 1 1
22 2 -1
22 6 1
22 7 -1
22 8 -1
22 14 1
22 19 -1
22 20 -1
22 23 1
22 25 -1
22 29 -1
23 1 -1
23 3 -1
23 4 -1
23 5 1
23 6 -1
23 11 -1
23 12 -1
23 13 -1
23 15 -1
23 16 -1
23 17 -1
23 24 1
23 25 -1
23 30 -1
24 1 -1
24 2 -1
24 3 -1
24 8 -1
24 9 -1
24 13 1
24 16 1
24 22 -1
24 25 -1
24 28 -1
24 29 -1
25 5 -1
25 7 -1
25 8 -1
25 9 -1
25 10 -1
25 11 -1
25 15 -1
25 17 -1
25 18 -1
25 19 -1
25 20 -1
25 29 -1
25 30 -1
26 1 -1
26 3 -1
26 6 -1
26 12 -1
26 14 1
26 16 1
26 22 -1
26 24 -1
26 25 -1
26 27 -1
26 28 -1
26 29 -1
26 30 1
27 1 -1
27 3 -1
27 13 -1
27 14 -1
27 16 -1
27 22 -1
27 23 1
27 24 -1
27 30 1
28 1 -1
28 3 -1
28 5 1
28 6 -1
28 9 -1
28 10 -1
28 14 -1
28 19 -1
28 21 1
28 22 -1
28 23 -1
28 25 -1
28 27 -1
28 29 -1
29 5 -1
29 6 -1
29 11 1
29 12 1
29 14 -1
29 16 -1
29 18 -1
29 23 -1
29 27 -1
29 30 -1
30 2 1
30 3 -1
30 9 -1
30 10 -1
30 11 -1
30 12 1
30 13 1
30 16 -1
30 17 1
30 18 -1
30 21 1
