vertices: 150 edges: 5587
1 4 1
1 7 1
1 19 -1
1 23 -1
1 31 -1
1 34 -1
1 44 1
1 45 1
1 48 -1
1 52 1
1 58 -1
1 59 1
1 61 -1
1 63 1
1 64 1
1 75 1
1 76 1
1 79 1
1 87 -1
1 94 1
1 96 -1
1 100 -1
1 104 1
1 105 1
1 108 -1
1 109 -1
1 112 1
1 121 1
1 130 -1
1 132 -1
1 133 1
1 134 1
1 135 -1
1 136 1
1 140 1
1 145 -1
1 146 -1
1 147 1
2 4 1
2 9 1
2 13 -1
2 16 -1
2 20 -1
2 21 -1
2 23 -1
2 24 -1
2 29 1
2 30 -1
2 33 -1
2 38 1
2 39 -1
2 46 1
2 49 1
2 53 1
2 57 1
2 58 1
2 62 1
2 69 -1
2 71 -1
2 77 1
2 87 1
2 88 -1
2 96 -1
2 98 1
2 104 -1
2 105 -1
2 106 -1
2 109 -1
2 115 -1
2 117 -1
2 118 1
2 131 -1
2 132 1
2 133 1
2 134 1
2 139 -1
2 142 -1
2 146 1
2 147 -1
2 150 1
3 2 1
3 4 -1
3 6 1
3 7 -1
3 8 1
3 18 -1
3 19 -1
3 22 -1
3 24 1
3 25 -1
3 26 1
3 28 1
3 30 1
3 33 1
3 34 1
3 39 1
3 40 1
3 42 -1
3 55 -1
3 61 -1
3 63 -1
3 72 1
3 78 -1
3 81 1
3 85 1
3 90 1
3 91 -1
3 92 -1
3 95 1
3 96 -1
3 104 -1
3 105 -1
3 109 1
3 113 1
3 115 -1
3 116 1
3 118 -1
3 119 1
3 128 1
3 129 1
3 131 1
3 135 1
3 140 -1
3 142 -1
3 147 1
3 148 1
3 149 -1
4 6 -1
4 10 1
4 16 1
4 17 -1
4 23 -1
4 27 -1
4 34 1
4 41 1
4 42 -1
4 45 1
4 47 1
4 50 -1
4 57 -1
4 58 -1
4 62 1
4 64 1
4 65 1
4 67 1
4 71 -1
4 73 -1
4 77 -1
4 79 1
4 81 1
4 87 -1
4 101 -1
4 104 1
4 105 1
4 110 -1
4 112 1
4 115 -1
4 126 -1
4 128 -1
4 144 -1
4 147 -1
5 14 -1
5 16 -1
5 18 -1
5 20 1
5 25 1
5 26 1
5 36 1
5 38 -1
5 44 -1
5 48 1
5 49 1
5 66 1
5 67 -1
5 73 1
5 83 1
5 86 1
5 105 -1
5 107 -1
5 110 1
5 111 1
5 113 1
5 115 -1
5 127 1
5 131 -1
5 132 -1
5 135 1
5 136 -1
5 137 1
5 138 -1
5 139 1
5 141 1
5 142 1
5 150 1
6 17 1
6 20 -1
6 23 -1
6 35 1
6 37 1
6 41 -1
6 43 -1
6 47 -1
6 49 -1
6 62 -1
6 73 -1
6 77 -1
6 79 1
6 81 -1
6 82 1
6 85 -1
6 88 1
6 92 1
6 94 -1
6 96 1
6 97 1
6 101 -1
6 103 1
6 111 1
6 115 -1
6 119 1
6 121 -1
6 122 1
6 123 -1
6 126 -1
6 129 -1
6 130 1
6 131 -1
6 138 -1
6 145 -1
6 149 -1
6 150 -1
7 2 1
7 5 -1
7 8 1
7 11 1
7 13 -1
7 16 -1
7 32 -1
7 36 1
7 40 -1
7 42 1
7 53 -1
7 57 1
7 58 1
7 60 1
7 62 -1
7 64 1
7 65 -1
7 67 1
7 79 1
7 85 1
7 95 -1
7 99 1
7 102 -1
7 105 1
7 106 -1
7 107 1
7 109 1
7 111 1
7 118 -1
7 119 1
7 127 -1
7 134 1
7 137 -1
7 141 1
7 146 1
7 148 1
8 6 1
8 12 -1
8 18 1
8 20 1
8 24 -1
8 28 -1
8 29 -1
8 31 -1
8 33 -1
8 36 -1
8 44 1
8 47 1
8 51 -1
8 52 1
8 53 1
8 56 -1
8 60 1
8 61 1
8 72 -1
8 76 -1
8 79 1
8 80 1
8 85 1
8 88 -1
8 95 1
8 106 -1
8 109 1
8 111 1
8 114 -1
8 115 -1
8 117 -1
8 118 1
8 122 -1
8 124 1
8 127 -1
8 133 -1
8 147 -1
9 4 1
9 5 -1
9 6 1
9 10 1
9 13 1
9 17 -1
9 19 -1
9 23 -1
9 25 -1
9 29 -1
9 32 1
9 33 -1
9 34 1
9 37 1
9 38 -1
9 43 1
9 44 -1
9 45 1
9 46 1
9 49 -1
9 54 -1
9 58 -1
9 59 1
9 61 -1
9 66 -1
9 69 -1
9 72 -1
9 84 -1
9 87 1
9 97 1
9 104 1
9 105 1
9 110 -1
9 114 -1
9 116 1
9 120 -1
9 130 1
9 131 1
9 132 1
9 137 -1
9 138 -1
9 142 -1
10 2 -1
10 6 1
10 7 -1
10 8 -1
10 12 1
10 24 1
10 35 1
10 39 -1
10 44 -1
10 52 -1
10 53 1
10 57 1
10 58 1
10 78 -1
10 80 -1
10 81 -1
10 85 1
10 88 -1
10 91 -1
10 95 -1
10 98 1
10 100 1
10 105 -1
10 109 -1
10 113 1
10 122 -1
10 123 1
10 125 -1
10 128 -1
10 131 1
10 134 -1
10 136 -1
10 137 -1
10 140 -1
10 146 -1
10 147 1
10 149 1
11 4 -1
11 6 -1
11 9 -1
11 19 1
11 20 -1
11 26 -1
11 28 1
11 35 1
11 38 1
11 52 -1
11 53 1
11 70 1
11 72 -1
11 76 -1
11 86 -1
11 89 -1
11 95 1
11 100 -1
11 105 -1
11 107 -1
11 117 1
11 122 1
11 134 -1
11 137 -1
11 138 1
11 144 -1
11 145 -1
12 4 1
12 6 1
12 14 -1
12 19 1
12 20 -1
12 21 -1
12 23 -1
12 25 -1
12 32 -1
12 33 1
12 37 1
12 41 1
12 43 1
12 58 1
12 59 -1
12 61 -1
12 62 -1
12 68 1
12 72 1
12 74 1
12 83 -1
12 84 1
12 87 1
12 88 1
12 91 -1
12 92 1
12 98 -1
12 101 1
12 103 -1
12 106 1
12 107 -1
12 111 -1
12 114 1
12 118 -1
12 119 1
12 122 1
12 126 -1
12 129 -1
12 130 -1
12 135 -1
12 137 1
13 3 -1
13 4 1
13 5 -1
13 6 -1
13 8 -1
13 19 -1
13 24 -1
13 33 -1
13 34 -1
13 41 -1
13 49 1
13 59 1
13 64 -1
13 68 1
13 77 1
13 82 -1
13 83 -1
13 84 -1
13 88 1
13 93 1
13 94 1
13 105 1
13 128 -1
13 134 -1
13 138 -1
13 144 -1
13 145 1
13 147 1
14 3 -1
14 10 1
14 15 -1
14 22 -1
14 25 -1
14 27 -1
14 31 -1
14 34 -1
14 36 -1
14 37 1
14 41 -1
14 44 1
14 54 -1
14 55 -1
14 57 -1
14 58 1
14 63 1
14 67 1
14 68 -1
14 72 1
14 74 -1
14 78 -1
14 80 -1
14 81 1
14 85 1
14 88 1
14 90 1
14 93 1
14 94 1
14 98 -1
14 104 -1
14 105 1
14 111 -1
14 112 -1
14 115 1
14 117 -1
14 118 1
14 119 -1
14 120 1
14 136 1
14 139 1
14 148 1
15 6 1
15 7 1
15 9 -1
15 11 1
15 13 1
15 26 1
15 27 -1
15 32 1
15 36 -1
15 41 -1
15 43 1
15 58 -1
15 62 1
15 64 1
15 66 -1
15 69 1
15 70 1
15 71 1
15 72 1
15 73 1
15 79 1
15 80 -1
15 85 1
15 103 -1
15 110 -1
15 111 -1
15 116 1
15 120 1
15 121 1
15 124 1
15 132 -1
15 133 1
15 138 -1
15 142 1
15 146 1
15 149 1
16 3 -1
16 6 -1
16 11 -1
16 12 -1
16 14 1
16 15 -1
16 18 -1
16 20 -1
16 31 -1
16 38 1
16 40 1
16 41 1
16 43 1
16 45 1
16 46 1
16 48 -1
16 49 1
16 52 1
16 55 -1
16 57 -1
16 59 1
16 66 1
16 71 1
16 74 -1
16 80 -1
16 84 1
16 85 -1
16 87 1
16 88 -1
16 92 1
16 98 1
16 100 -1
16 101 1
16 103 -1
16 110 1
16 112 -1
16 119 -1
16 128 1
16 134 -1
16 135 1
16 139 -1
16 142 1
16 143 1
16 148 -1
16 149 1
17 8 -1
17 11 1
17 16 -1
17 23 -1
17 24 1
17 27 -1
17 29 -1
17 34 1
17 42 -1
17 44 1
17 47 1
17 60 -1
17 67 -1
17 68 1
17 75 -1
17 76 1
17 77 1
17 100 -1
17 107 -1
17 115 1
17 117 1
17 120 -1
17 123 -1
17 128 1
17 129 -1
17 131 1
17 132 -1
17 144 -1
18 1 -1
18 2 -1
18 4 1
18 10 -1
18 14 1
18 19 -1
18 25 -1
18 31 1
18 35 1
18 36 1
18 37 -1
18 42 -1
18 43 1
18 51 -1
18 57 1
18 58 1
18 59 1
18 63 -1
18 64 -1
18 66 1
18 70 1
18 73 -1
18 75 1
18 77 1
18 80 1
18 82 1
18 94 -1
18 99 -1
18 109 -1
18 119 -1
18 121 1
18 127 -1
18 133 1
18 140 -1
18 141 1
18 148 1
19 6 1
19 10 1
19 15 1
19 20 -1
19 21 1
19 24 1
19 36 -1
19 38 1
19 39 -1
19 44 -1
19 45 1
19 47 -1
19 51 1
19 53 -1
19 55 1
19 60 1
19 65 -1
19 68 -1
19 78 -1
19 83 -1
19 85 1
19 89 -1
19 92 1
19 99 1
19 101 -1
19 109 -1
19 126 1
19 127 1
19 132 -1
19 136 -1
19 138 1
19 148 -1
19 149 -1
19 150 1
20 3 -1
20 13 1
20 14 1
20 26 1
20 31 -1
20 32 -1
20 34 1
20 36 1
20 40 1
20 46 -1
20 48 1
20 51 1
20 54 1
20 55 1
20 56 1
20 57 -1
20 64 -1
20 68 -1
20 79 -1
20 80 1
20 83 1
20 84 -1
20 86 1
20 96 -1
20 98 1
20 104 1
20 106 -1
20 108 -1
20 111 1
20 114 1
20 124 -1
20 127 1
20 131 -1
20 133 1
20 135 1
20 137 -1
20 141 1
20 142 -1
20 143 1
20 144 -1
20 145 1
20 146 1
20 147 -1
21 7 -1
21 9 -1
21 14 -1
21 16 1
21 22 -1
21 24 1
21 29 -1
21 30 1
21 43 -1
21 56 1
21 59 1
21 61 1
21 66 -1
21 68 -1
21 81 1
21 83 -1
21 91 1
21 93 1
21 96 -1
21 97 -1
21 98 -1
21 102 1
21 105 -1
21 106 1
21 107 1
21 108 -1
21 112 1
21 113 -1
21 114 1
21 115 1
21 117 -1
21 121 -1
21 124 1
21 126 1
21 128 -1
21 132 1
21 134 -1
21 135 1
21 139 1
21 146 1
21 149 -1
22 5 -1
22 8 -1
22 10 -1
22 16 -1
22 17 -1
22 20 1
22 24 1
22 26 -1
22 34 1
22 37 -1
22 50 1
22 53 1
22 57 -1
22 58 1
22 61 -1
22 66 -1
22 71 -1
22 74 1
22 78 -1
22 80 -1
22 86 1
22 92 1
22 93 1
22 95 -1
22 99 1
22 100 -1
22 102 1
22 105 -1
22 107 1
22 109 1
22 114 -1
22 115 -1
22 117 1
22 120 -1
22 123 -1
22 143 -1
22 146 -1
22 148 -1
22 149 -1
23 3 1
23 13 -1
23 16 1
23 26 1
23 28 1
23 30 -1
23 36 -1
23 38 -1
23 39 -1
23 40 1
23 45 -1
23 46 -1
23 53 -1
23 57 1
23 61 -1
23 62 1
23 68 1
23 76 1
23 78 -1
23 81 1
23 82 1
23 89 -1
23 98 1
23 100 1
23 101 1
23 104 1
23 111 1
23 113 -1
23 118 -1
23 122 -1
23 128 1
23 133 -1
23 139 1
23 142 -1
23 144 -1
24 9 1
24 12 1
24 14 -1
24 15 -1
24 20 -1
24 29 1
24 37 1
24 41 -1
24 52 1
24 58 1
24 59 1
24 64 -1
24 67 1
24 68 -1
24 74 -1
24 79 1
24 84 -1
24 89 1
24 93 1
24 97 1
24 101 1
24 103 1
24 106 1
24 107 -1
24 109 -1
24 111 1
24 112 1
24 115 -1
24 118 1
24 119 -1
24 122 -1
24 124 1
24 126 1
24 127 1
24 131 -1
25 1 -1
25 8 -1
25 13 1
25 15 -1
25 21 -1
25 22 -1
25 24 -1
25 28 1
25 32 1
25 34 -1
25 38 -1
25 44 -1
25 46 1
25 47 1
25 49 1
25 66 -1
25 68 1
25 69 1
25 74 1
25 82 1
25 83 -1
25 85 -1
25 97 -1
25 99 -1
25 100 -1
25 102 1
25 104 -1
25 120 -1
25 131 1
25 137 1
25 141 -1
25 142 1
25 145 -1
26 8 -1
26 13 -1
26 17 -1
26 25 1
26 28 -1
26 30 -1
26 43 -1
26 46 1
26 47 -1
26 51 -1
26 52 -1
26 68 1
26 71 1
26 72 1
26 74 1
26 75 -1
26 78 -1
26 80 -1
26 85 1
26 93 -1
26 95 1
26 96 -1
26 98 1
26 110 1
26 112 1
26 114 1
26 116 -1
26 125 -1
26 126 -1
26 135 1
26 139 1
26 141 -1
26 148 -1
26 149 1
26 150 -1
27 1 1
27 2 1
27 5 1
27 11 -1
27 13 1
27 25 1
27 26 -1
27 28 -1
27 29 -1
27 30 -1
27 34 -1
27 39 -1
27 43 -1
27 44 1
27 46 -1
27 52 -1
27 54 1
27 56 -1
27 58 1
27 64 1
27 67 1
27 68 1
27 70 1
27 77 1
27 80 -1
27 82 1
27 87 -1
27 89 -1
27 105 1
27 106 1
27 108 1
27 113 1
27 114 1
27 117 -1
27 127 1
27 135 -1
27 136 -1
27 139 -1
27 146 -1
28 5 1
28 15 1
28 17 -1
28 18 -1
28 19 -1
28 20 1
28 24 1
28 32 -1
28 34 1
28 37 1
28 39 -1
28 46 -1
28 47 1
28 48 1
28 56 1
28 57 -1
28 60 1
28 62 1
28 71 -1
28 72 -1
28 73 1
28 76 1
28 82 -1
28 83 1
28 87 1
28 89 1
28 90 1
28 91 -1
28 93 -1
28 101 1
28 102 1
28 103 1
28 107 1
28 110 -1
28 114 1
28 118 -1
28 133 1
28 135 1
28 141 -1
28 142 -1
28 149 1
28 150 1
29 4 1
29 13 -1
29 16 -1
29 19 -1
29 20 1
29 30 -1
29 33 -1
29 34 -1
29 35 1
29 39 -1
29 47 -1
29 49 1
29 51 -1
29 53 1
29 60 1
29 61 -1
29 62 1
29 65 1
29 69 -1
29 73 1
29 74 -1
29 75 1
29 76 -1
29 79 -1
29 80 -1
29 82 1
29 85 -1
29 87 1
29 89 1
29 91 1
29 93 1
29 94 -1
29 95 1
29 98 -1
29 99 -1
29 100 1
29 102 1
29 104 -1
29 106 1
29 112 1
29 119 -1
29 126 1
29 129 1
29 141 -1
29 142 1
29 145 1
29 148 -1
30 5 1
30 8 -1
30 9 -1
30 10 -1
30 11 -1
30 17 1
30 19 -1
30 31 1
30 33 1
30 41 -1
30 44 1
30 46 1
30 53 -1
30 54 1
30 56 -1
30 64 1
30 65 1
30 66 1
30 67 -1
30 68 -1
30 71 1
30 72 -1
30 80 1
30 81 -1
30 88 1
30 99 1
30 104 1
30 110 -1
30 113 1
30 114 1
30 117 1
30 128 -1
30 132 1
30 133 1
30 145 1
31 4 1
31 10 1
31 15 -1
31 22 -1
31 25 -1
31 27 -1
31 29 -1
31 37 -1
31 43 1
31 45 -1
31 49 -1
31 52 -1
31 54 -1
31 57 1
31 58 1
31 73 1
31 74 1
31 79 1
31 80 1
31 82 1
31 85 1
31 95 -1
31 106 1
31 112 -1
31 117 -1
31 119 -1
31 125 -1
31 126 1
31 134 -1
31 138 1
31 142 -1
31 146 -1
31 147 -1
32 3 1
32 5 -1
32 8 -1
32 14 -1
32 21 1
32 27 -1
32 31 -1
32 36 -1
32 37 1
32 39 1
32 40 1
32 41 1
32 42 -1
32 44 1
32 49 1
32 55 1
32 57 1
32 68 1
32 73 1
32 74 1
32 75 -1
32 80 -1
32 81 -1
32 82 -1
32 94 1
32 96 1
32 101 -1
32 103 -1
32 105 1
32 110 -1
32 113 1
32 117 1
32 121 -1
32 123 1
32 124 -1
32 131 -1
32 133 -1
32 137 -1
33 1 1
33 5 1
33 10 -1
33 16 -1
33 18 -1
33 19 -1
33 21 -1
33 31 1
33 32 1
33 37 1
33 44 1
33 65 1
33 71 -1
33 74 -1
33 79 -1
33 85 -1
33 86 -1
33 97 1
33 100 -1
33 112 1
33 113 -1
33 115 -1
33 123 1
33 125 1
33 131 1
33 138 -1
33 144 -1
33 145 1
33 147 1
33 148 1
34 6 1
34 8 -1
34 15 1
34 18 -1
34 24 1
34 32 -1
34 35 -1
34 38 1
34 40 1
34 47 1
34 59 -1
34 61 1
34 70 -1
34 74 1
34 75 -1
34 77 1
34 80 -1
34 86 -1
34 91 -1
34 95 1
34 98 -1
34 100 1
34 101 -1
34 103 1
34 106 -1
34 113 -1
34 115 1
34 118 -1
34 120 -1
34 128 -1
34 129 1
34 137 1
35 3 1
35 5 -1
35 7 1
35 14 -1
35 15 1
35 19 -1
35 20 -1
35 21 -1
35 22 1
35 25 -1
35 26 -1
35 28 1
35 31 1
35 32 1
35 33 -1
35 39 -1
35 41 -1
35 52 1
35 56 -1
35 57 -1
35 66 -1
35 67 -1
35 68 -1
35 72 1
35 73 1
35 75 1
35 80 -1
35 86 -1
35 94 -1
35 95 -1
35 100 -1
35 106 -1
35 113 1
35 117 -1
35 119 1
35 120 -1
35 130 -1
35 131 -1
35 132 -1
35 136 1
35 137 1
35 143 1
35 145 -1
35 147 1
35 149 -1
35 150 1
36 4 1
36 10 -1
36 12 1
36 17 -1
36 21 1
36 22 -1
36 28 -1
36 29 1
36 30 -1
36 31 1
36 35 1
36 37 1
36 39 1
36 45 -1
36 46 1
36 48 1
36 51 1
36 52 -1
36 54 1
36 56 1
36 58 1
36 61 -1
36 62 -1
36 67 1
36 68 -1
36 76 -1
36 79 -1
36 80 1
36 83 -1
36 95 -1
36 97 1
36 98 -1
36 101 -1
36 102 1
36 104 -1
36 107 1
36 109 -1
36 111 1
36 112 -1
36 115 -1
36 124 1
36 129 1
36 132 -1
36 136 -1
36 149 -1
37 4 -1
37 8 1
37 16 1
37 17 -1
37 19 -1
37 27 1
37 30 -1
37 39 -1
37 50 -1
37 57 -1
37 58 1
37 59 1
37 62 -1
37 66 -1
37 68 -1
37 75 -1
37 81 1
37 82 -1
37 90 -1
37 91 -1
37 93 -1
37 95 1
37 99 1
37 105 1
37 113 1
37 114 1
37 115 1
37 121 -1
37 126 -1
37 132 -1
37 133 -1
37 136 -1
37 142 -1
38 4 -1
38 7 1
38 12 -1
38 15 -1
38 24 -1
38 28 -1
38 31 -1
38 32 -1
38 33 -1
38 46 -1
38 48 1
38 54 -1
38 56 -1
38 59 1
38 61 1
38 63 -1
38 73 -1
38 76 1
38 82 -1
38 84 -1
38 88 -1
38 92 1
38 94 -1
38 95 1
38 96 -1
38 97 1
38 98 -1
38 99 1
38 105 1
38 117 1
38 122 -1
38 124 1
38 132 -1
38 135 -1
38 136 1
38 140 -1
38 142 -1
38 148 1
38 150 -1
39 1 -1
39 8 -1
39 17 -1
39 24 1
39 25 -1
39 31 1
39 46 -1
39 47 -1
39 49 1
39 51 -1
39 65 -1
39 66 -1
39 67 1
39 69 -1
39 73 -1
39 74 -1
39 80 1
39 86 1
39 87 1
39 88 -1
39 91 1
39 92 -1
39 94 1
39 100 -1
39 103 -1
39 105 1
39 108 1
39 110 -1
39 115 -1
39 123 -1
39 124 1
39 126 1
39 135 1
39 140 -1
39 146 1
39 148 -1
40 9 1
40 10 1
40 12 1
40 13 1
40 21 1
40 28 -1
40 31 1
40 35 -1
40 38 1
40 43 -1
40 46 -1
40 55 -1
40 61 -1
40 64 1
40 69 1
40 71 1
40 73 -1
40 80 -1
40 86 1
40 90 1
40 93 1
40 97 -1
40 98 1
40 104 -1
40 107 -1
40 109 -1
40 110 -1
40 111 1
40 119 -1
40 121 1
40 123 1
40 127 -1
40 128 -1
40 131 -1
40 144 -1
40 145 1
40 146 1
41 2 -1
41 20 -1
41 28 -1
41 29 -1
41 31 1
41 39 -1
41 43 1
41 46 1
41 49 -1
41 51 1
41 56 -1
41 59 -1
41 62 -1
41 65 1
41 75 -1
41 93 -1
41 96 1
41 97 -1
41 104 -1
41 116 -1
41 124 1
41 125 -1
41 126 -1
41 129 -1
41 132 -1
41 135 1
41 146 -1
41 148 -1
41 149 -1
42 1 -1
42 2 -1
42 14 1
42 15 -1
42 19 1
42 20 -1
42 21 1
42 22 -1
42 27 -1
42 31 -1
42 33 1
42 34 1
42 35 -1
42 38 -1
42 44 -1
42 45 -1
42 49 -1
42 58 1
42 59 -1
42 63 1
42 67 -1
42 78 1
42 82 -1
42 88 -1
42 94 1
42 95 1
42 100 -1
42 102 1
42 106 -1
42 119 -1
42 124 1
42 125 -1
42 131 1
42 136 -1
42 139 1
42 144 -1
42 146 -1
42 148 1
42 150 -1
43 1 1
43 4 1
43 7 1
43 8 1
43 17 1
43 20 -1
43 24 -1
43 25 1
43 28 -1
43 30 -1
43 34 -1
43 36 -1
43 39 1
43 44 -1
43 45 -1
43 47 -1
43 48 -1
43 57 -1
43 59 -1
43 61 1
43 64 1
43 67 1
43 68 1
43 73 -1
43 74 1
43 81 1
43 82 1
43 85 1
43 86 -1
43 98 1
43 102 1
43 112 1
43 119 1
43 123 -1
43 127 1
43 128 -1
43 138 -1
43 140 -1
43 147 1
44 2 -1
44 3 1
44 15 1
44 22 1
44 24 -1
44 36 1
44 38 1
44 48 1
44 59 1
44 61 -1
44 63 1
44 64 1
44 66 1
44 68 1
44 71 1
44 75 -1
44 88 -1
44 92 -1
44 95 -1
44 103 -1
44 110 -1
44 121 1
44 122 -1
44 126 1
44 134 1
44 135 1
44 137 -1
44 140 1
44 143 -1
44 145 -1
44 148 -1
44 149 -1
45 3 1
45 5 1
45 6 -1
45 14 -1
45 20 -1
45 27 -1
45 28 -1
45 30 -1
45 32 1
45 35 -1
45 39 -1
45 44 1
45 46 -1
45 50 -1
45 61 1
45 65 -1
45 75 1
45 77 -1
45 82 -1
45 88 -1
45 92 -1
45 96 1
45 100 -1
45 102 1
45 105 -1
45 106 -1
45 110 1
45 113 1
45 115 -1
45 117 -1
45 120 1
45 123 -1
45 124 1
45 129 -1
45 131 -1
45 132 1
45 134 1
45 149 -1
46 4 1
46 6 1
46 8 1
46 12 1
46 14 1
46 18 -1
46 24 1
46 29 -1
46 31 1
46 35 -1
46 47 -1
46 52 -1
46 53 -1
46 54 1
46 58 -1
46 67 1
46 69 1
46 76 -1
46 77 1
46 80 -1
46 96 -1
46 99 1
46 101 1
46 105 -1
46 108 1
46 117 -1
46 126 1
46 132 1
46 135 -1
46 140 -1
46 143 -1
46 148 -1
47 2 -1
47 3 1
47 10 1
47 11 1
47 16 1
47 20 1
47 22 1
47 36 1
47 37 -1
47 44 -1
47 48 1
47 51 -1
47 54 -1
47 57 -1
47 60 1
47 62 1
47 63 -1
47 75 -1
47 76 -1
47 79 -1
47 85 -1
47 88 1
47 93 -1
47 96 -1
47 103 1
47 104 1
47 115 -1
47 116 -1
47 125 1
47 127 1
47 128 1
47 129 -1
47 130 -1
47 138 -1
47 140 -1
47 141 1
47 145 1
47 149 1
48 8 1
48 10 -1
48 11 -1
48 13 1
48 15 1
48 17 1
48 18 1
48 22 -1
48 24 -1
48 26 1
48 27 -1
48 41 -1
48 54 1
48 58 -1
48 63 -1
48 68 -1
48 75 1
48 77 1
48 81 -1
48 82 1
48 83 -1
48 86 -1
48 88 -1
48 93 1
48 96 1
48 103 -1
48 105 1
48 107 1
48 108 1
48 111 -1
48 114 -1
48 115 -1
48 116 1
48 117 -1
48 129 -1
48 130 -1
48 131 1
48 134 -1
48 135 1
48 141 1
48 146 1
48 148 -1
48 150 -1
49 22 1
49 24 1
49 26 -1
49 30 1
49 35 -1
49 36 1
49 44 1
49 50 1
49 51 -1
49 52 -1
49 54 -1
49 56 1
49 61 -1
49 64 1
49 80 1
49 88 -1
49 91 -1
49 92 -1
49 96 -1
49 98 1
49 100 -1
49 107 -1
49 108 1
49 111 1
49 112 -1
49 114 -1
49 116 -1
49 119 -1
49 127 -1
49 133 1
49 137 -1
49 138 -1
49 142 1
49 143 -1
49 144 1
49 148 -1
49 149 -1
50 2 -1
50 6 -1
50 13 1
50 14 1
50 15 1
50 19 -1
50 20 1
50 23 -1
50 24 1
50 30 -1
50 34 1
50 36 -1
50 38 1
50 41 -1
50 44 1
50 54 1
50 56 1
50 59 1
50 60 1
50 61 -1
50 62 1
50 64 -1
50 65 -1
50 67 1
50 69 -1
50 71 1
50 76 1
50 86 1
50 87 -1
50 92 -1
50 102 -1
50 103 1
50 104 1
50 107 1
50 109 1
50 110 -1
50 111 1
50 112 -1
50 114 1
50 116 1
50 117 1
50 119 -1
50 121 1
50 132 -1
50 139 -1
50 142 1
51 13 1
51 16 -1
51 22 -1
51 24 1
51 32 1
51 33 -1
51 40 -1
51 42 1
51 44 1
51 48 -1
51 50 1
51 54 1
51 65 -1
51 67 1
51 69 1
51 78 1
51 80 1
51 91 1
51 93 1
51 98 1
51 109 1
51 115 -1
51 119 -1
51 120 -1
51 124 -1
51 125 1
51 135 1
51 136 -1
51 137 1
51 141 -1
51 143 1
51 144 -1
52 4 1
52 5 1
52 12 1
52 15 -1
52 19 -1
52 22 -1
52 28 1
52 29 -1
52 30 -1
52 32 1
52 40 -1
52 41 1
52 42 -1
52 43 -1
52 45 -1
52 50 -1
52 51 1
52 55 -1
52 58 -1
52 60 1
52 74 1
52 75 1
52 76 1
52 78 -1
52 86 -1
52 93 -1
52 94 -1
52 98 -1
52 101 1
52 108 -1
52 113 -1
52 114 1
52 115 1
52 123 1
52 126 -1
52 129 -1
52 130 -1
52 136 1
52 146 1
52 147 -1
53 6 -1
53 13 -1
53 25 -1
53 26 1
53 27 1
53 32 1
53 36 -1
53 42 -1
53 44 1
53 45 -1
53 48 1
53 62 1
53 66 -1
53 78 -1
53 81 -1
53 82 -1
53 93 1
53 94 -1
53 95 -1
53 102 -1
53 105 1
53 110 1
53 111 -1
53 120 -1
53 122 1
53 129 -1
53 130 -1
53 131 -1
53 136 1
53 138 -1
53 139 -1
53 143 -1
53 145 1
53 149 -1
54 11 -1
54 23 -1
54 24 1
54 26 -1
54 35 -1
54 37 1
54 39 1
54 42 1
54 43 -1
54 52 -1
54 60 1
54 63 1
54 72 -1
54 82 -1
54 96 -1
54 99 1
54 107 1
54 108 1
54 110 -1
54 111 1
54 115 -1
54 119 1
54 122 -1
54 144 -1
54 146 1
54 150 1
55 2 1
55 4 -1
55 6 -1
55 13 1
55 22 -1
55 23 1
55 24 1
55 25 -1
55 29 -1
55 30 1
55 31 1
55 35 -1
55 36 -1
55 37 1
55 41 -1
55 43 1
55 47 -1
55 50 -1
55 54 1
55 58 -1
55 59 1
55 61 -1
55 72 1
55 78 1
55 80 1
55 84 -1
55 88 -1
55 90 -1
55 92 1
55 101 1
55 106 -1
55 118 -1
55 122 1
55 123 -1
55 132 -1
55 140 -1
55 145 1
55 148 -1
55 149 1
56 4 -1
56 7 -1
56 13 1
56 19 1
56 31 -1
56 33 1
56 34 -1
56 39 -1
56 47 1
56 48 1
56 51 -1
56 53 -1
56 59 1
56 62 -1
56 64 1
56 65 1
56 67 -1
56 68 -1
56 70 -1
56 74 -1
56 78 -1
56 80 -1
56 84 1
56 88 1
56 91 -1
56 93 -1
56 94 -1
56 98 -1
56 103 -1
56 110 -1
56 116 -1
56 118 -1
56 120 1
56 122 -1
56 125 -1
56 128 -1
56 129 1
56 131 1
56 146 1
57 3 1
57 11 -1
57 17 -1
57 19 -1
57 25 1
57 30 -1
57 34 1
57 36 -1
57 38 1
57 40 1
57 42 1
57 44 -1
57 45 1
57 48 -1
57 50 -1
57 53 1
57 56 1
57 58 -1
57 60 1
57 64 1
57 69 -1
57 75 -1
57 82 1
57 85 -1
57 89 1
57 93 -1
57 94 1
57 97 1
57 100 -1
57 104 -1
57 110 -1
57 111 -1
57 113 -1
57 122 1
57 124 -1
57 130 -1
57 134 1
57 137 1
57 138 -1
57 146 1
57 149 -1
57 150 -1
58 3 1
58 5 -1
58 26 1
58 30 -1
58 32 1
58 38 1
58 53 -1
58 59 -1
58 68 -1
58 73 -1
58 80 -1
58 82 1
58 85 -1
58 90 1
58 93 1
58 95 -1
58 98 1
58 101 1
58 105 1
58 112 -1
58 114 -1
58 116 -1
58 120 1
58 121 -1
58 122 -1
58 123 -1
58 128 1
58 130 1
58 134 -1
58 135 -1
58 142 1
58 143 -1
58 145 -1
59 3 -1
59 6 -1
59 14 -1
59 28 1
59 45 1
59 46 -1
59 49 -1
59 51 1
59 65 1
59 66 1
59 67 -1
59 72 -1
59 73 1
59 77 1
59 81 1
59 88 1
59 95 -1
59 96 -1
59 99 -1
59 103 1
59 106 1
59 108 -1
59 111 1
59 117 1
59 124 -1
59 126 1
59 128 -1
59 132 -1
59 134 -1
59 138 -1
59 140 1
59 142 1
59 143 -1
59 145 1
59 150 1
60 2 1
60 3 1
60 12 -1
60 14 1
60 20 -1
60 21 -1
60 31 -1
60 38 1
60 40 1
60 42 1
60 43 -1
60 46 1
60 48 1
60 51 1
60 55 -1
60 58 -1
60 63 -1
60 65 -1
60 68 1
60 70 1
60 76 1
60 80 1
60 82 -1
60 88 -1
60 91 -1
60 93 -1
60 94 1
60 98 1
60 106 -1
60 110 -1
60 115 -1
60 129 1
60 131 -1
60 134 1
60 140 -1
60 141 -1
60 149 -1
61 4 1
61 6 1
61 13 1
61 24 -1
61 25 -1
61 28 1
61 30 -1
61 32 1
61 51 -1
61 58 -1
61 59 -1
61 60 1
61 62 -1
61 63 1
61 67 -1
61 68 -1
61 69 1
61 70 -1
61 86 -1
61 88 -1
61 100 -1
61 102 -1
61 104 1
61 105 1
61 108 1
61 119 1
61 120 -1
61 121 -1
61 132 -1
61 135 -1
61 143 -1
61 144 -1
61 145 -1
61 146 -1
62 5 1
62 8 -1
62 9 -1
62 11 -1
62 16 1
62 20 -1
62 21 1
62 24 1
62 25 1
62 31 1
62 32 -1
62 38 -1
62 43 -1
62 44 1
62 46 1
62 51 -1
62 57 -1
62 58 1
62 64 1
62 81 1
62 87 1
62 88 1
62 94 1
62 99 1
62 103 1
62 108 1
62 110 -1
62 114 -1
62 122 1
62 123 -1
62 128 -1
62 130 -1
62 131 1
62 135 -1
62 136 -1
62 138 -1
62 140 1
62 147 1
63 2 1
63 6 1
63 9 1
63 10 1
63 12 -1
63 15 1
63 16 1
63 30 -1
63 32 -1
63 34 1
63 35 -1
63 45 -1
63 46 1
63 56 -1
63 58 1
63 70 1
63 73 1
63 85 1
63 88 1
63 91 -1
63 92 -1
63 102 -1
63 103 1
63 106 -1
63 115 1
63 118 -1
63 121 -1
63 122 1
63 123 -1
63 127 -1
63 132 1
63 137 -1
63 142 -1
63 146 -1
64 5 -1
64 9 -1
64 12 -1
64 25 -1
64 35 1
64 38 -1
64 46 1
64 47 1
64 55 1
64 59 -1
64 68 1
64 74 -1
64 75 -1
64 81 -1
64 82 -1
64 90 -1
64 93 1
64 95 -1
64 99 1
64 101 -1
64 109 1
64 117 1
64 121 1
64 122 -1
64 123 -1
64 127 1
64 139 1
64 142 1
65 5 1
65 6 -1
65 10 1
65 13 1
65 17 1
65 23 1
65 25 1
65 28 -1
65 35 1
65 38 -1
65 43 1
65 44 -1
65 46 -1
65 47 -1
65 48 -1
65 53 -1
65 66 -1
65 68 1
65 73 -1
65 77 -1
65 81 1
65 82 -1
65 88 -1
65 89 -1
65 90 1
65 92 -1
65 96 -1
65 97 -1
65 98 -1
65 100 1
65 106 -1
65 107 1
65 113 1
65 117 1
65 118 -1
65 119 1
65 126 -1
65 127 1
65 129 1
65 145 -1
66 3 -1
66 4 1
66 7 1
66 23 -1
66 24 -1
66 31 -1
66 33 1
66 41 1
66 42 -1
66 46 1
66 49 1
66 50 -1
66 51 1
66 54 -1
66 64 1
66 68 1
66 69 -1
66 70 1
66 77 1
66 83 1
66 88 -1
66 95 1
66 101 -1
66 104 -1
66 106 -1
66 107 -1
66 108 1
66 109 1
66 111 1
66 115 1
66 121 1
66 124 1
66 125 -1
66 126 1
66 134 -1
66 141 1
66 143 -1
67 12 -1
67 15 1
67 16 1
67 22 -1
67 25 -1
67 29 1
67 31 1
67 32 1
67 38 -1
67 40 -1
67 41 1
67 60 1
67 63 1
67 64 1
67 65 -1
67 72 -1
67 74 -1
67 79 1
67 80 -1
67 83 -1
67 86 1
67 87 -1
67 88 -1
67 91 1
67 97 1
67 99 1
67 100 -1
67 104 -1
67 112 -1
67 114 1
67 115 1
67 117 -1
67 124 -1
67 126 1
67 127 1
67 128 1
67 130 1
67 131 1
67 136 -1
67 138 -1
67 139 -1
67 142 -1
67 143 -1
67 147 1
68 5 1
68 9 1
68 33 -1
68 34 1
68 49 1
68 55 1
68 70 1
68 73 1
68 76 -1
68 88 -1
68 91 -1
68 93 -1
68 94 -1
68 95 -1
68 96 1
68 119 -1
68 123 -1
68 125 -1
68 128 1
68 132 1
68 144 1
69 1 1
69 3 1
69 12 1
69 13 1
69 22 1
69 23 -1
69 27 1
69 33 1
69 38 -1
69 41 1
69 47 -1
69 48 1
69 56 1
69 59 1
69 62 1
69 64 1
69 65 1
69 68 1
69 70 1
69 78 -1
69 82 -1
69 85 -1
69 88 1
69 94 1
69 101 -1
69 110 -1
69 113 -1
69 114 -1
69 115 -1
69 118 1
69 132 -1
69 144 -1
69 145 1
69 148 1
70 2 -1
70 4 1
70 6 -1
70 8 1
70 12 1
70 24 1
70 28 -1
70 31 1
70 32 -1
70 37 1
70 38 1
70 39 -1
70 43 -1
70 46 1
70 47 1
70 50 1
70 53 -1
70 55 1
70 65 1
70 71 -1
70 74 1
70 76 1
70 77 -1
70 90 1
70 92 -1
70 96 1
70 98 1
70 100 -1
70 102 1
70 103 1
70 105 1
70 106 1
70 108 -1
70 113 -1
70 131 -1
70 135 -1
70 142 -1
70 145 1
71 9 -1
71 11 1
71 12 1
71 18 1
71 25 -1
71 27 -1
71 35 1
71 36 -1
71 41 1
71 46 1
71 47 -1
71 48 1
71 51 -1
71 58 1
71 62 -1
71 63 1
71 65 1
71 68 1
71 69 -1
71 78 -1
71 79 -1
71 82 1
71 83 1
71 88 1
71 89 -1
71 92 -1
71 94 1
71 95 1
71 96 -1
71 100 1
71 108 -1
71 112 -1
71 113 -1
71 117 -1
71 135 -1
71 141 1
71 146 1
71 148 1
71 150 -1
72 1 -1
72 2 -1
72 5 -1
72 7 1
72 10 1
72 34 -1
72 39 1
72 40 1
72 41 1
72 49 1
72 52 -1
72 63 1
72 65 1
72 69 -1
72 70 1
72 74 1
72 87 1
72 90 1
72 95 -1
72 98 1
72 101 1
72 112 1
72 113 1
72 117 1
72 122 -1
72 123 -1
72 129 1
72 130 -1
72 137 -1
72 138 1
72 140 -1
72 144 -1
72 145 -1
72 146 -1
72 149 1
73 2 -1
73 3 1
73 7 1
73 11 1
73 13 1
73 23 -1
73 24 -1
73 27 1
73 30 -1
73 33 -1
73 34 1
73 44 1
73 51 -1
73 53 -1
73 54 -1
73 56 1
73 60 -1
73 66 1
73 70 -1
73 77 1
73 78 -1
73 81 -1
73 82 -1
73 83 1
73 85 1
73 86 -1
73 89 -1
73 95 -1
73 96 -1
73 99 -1
73 101 1
73 102 1
73 103 1
73 113 -1
73 115 -1
73 116 1
73 119 1
73 120 -1
73 123 1
73 124 1
73 130 -1
73 134 1
73 138 -1
73 142 -1
73 148 1
74 2 -1
74 7 1
74 15 1
74 17 1
74 27 1
74 30 -1
74 37 -1
74 44 -1
74 46 1
74 47 -1
74 48 1
74 51 -1
74 55 -1
74 57 -1
74 60 1
74 61 1
74 62 1
74 63 -1
74 73 1
74 75 -1
74 77 1
74 78 1
74 83 1
74 84 -1
74 88 1
74 95 1
74 96 1
74 98 -1
74 99 1
74 101 1
74 109 1
74 114 -1
74 117 1
74 119 1
74 120 -1
74 123 -1
74 124 -1
74 126 -1
74 127 1
74 128 1
74 129 1
74 134 1
74 135 -1
74 148 1
75 2 -1
75 6 -1
75 20 1
75 25 1
75 27 -1
75 28 -1
75 30 -1
75 46 -1
75 49 -1
75 53 -1
75 55 1
75 56 1
75 60 1
75 62 1
75 68 -1
75 70 -1
75 76 1
75 77 -1
75 86 1
75 87 -1
75 89 -1
75 90 1
75 92 -1
75 93 1
75 96 -1
75 98 -1
75 101 1
75 112 -1
75 115 -1
75 126 1
75 127 -1
75 135 1
75 137 -1
75 138 -1
75 147 1
75 148 1
76 6 -1
76 7 1
76 16 -1
76 18 -1
76 19 1
76 24 1
76 27 -1
76 30 -1
76 39 1
76 40 -1
76 41 1
76 42 -1
76 44 -1
76 51 -1
76 58 1
76 59 -1
76 62 -1
76 67 1
76 69 -1
76 71 1
76 73 -1
76 80 -1
76 82 1
76 88 1
76 94 -1
76 101 -1
76 107 1
76 127 -1
76 138 1
76 141 -1
76 145 -1
77 1 1
77 3 1
77 10 -1
77 24 1
77 33 -1
77 37 1
77 49 1
77 56 -1
77 57 1
77 61 1
77 62 -1
77 63 1
77 67 -1
77 68 -1
77 69 -1
77 76 -1
77 79 1
77 80 1
77 91 1
77 98 -1
77 100 -1
77 102 1
77 103 1
77 107 -1
77 115 -1
77 120 -1
77 123 1
77 124 -1
77 129 -1
77 134 1
77 135 1
77 136 1
77 139 -1
77 142 1
77 144 -1
78 1 1
78 6 1
78 12 1
78 13 1
78 17 1
78 21 -1
78 32 -1
78 35 1
78 38 1
78 43 -1
78 57 1
78 58 -1
78 61 1
78 63 1
78 64 -1
78 65 1
78 66 -1
78 68 1
78 70 1
78 72 -1
78 83 1
78 84 -1
78 92 -1
78 93 1
78 97 -1
78 101 -1
78 106 -1
78 107 1
78 108 1
78 109 -1
78 112 -1
78 113 -1
78 115 1
78 121 -1
78 125 -1
78 134 1
78 138 -1
78 142 1
78 143 -1
78 145 -1
78 146 -1
78 147 -1
79 3 1
79 12 1
79 17 -1
79 18 -1
79 21 1
79 22 1
79 28 1
79 30 1
79 34 -1
79 35 1
79 40 1
79 41 -1
79 43 -1
79 46 -1
79 53 -1
79 55 -1
79 57 1
79 68 -1
79 74 -1
79 78 1
79 83 -1
79 84 1
79 85 1
79 87 -1
79 91 -1
79 96 1
79 100 1
79 119 1
79 124 -1
79 125 1
79 138 1
79 150 1
80 1 -1
80 3 -1
80 19 -1
80 28 1
80 38 -1
80 41 1
80 42 1
80 53 -1
80 57 1
80 61 1
80 63 -1
80 64 1
80 65 -1
80 68 1
80 69 -1
80 73 -1
80 75 1
80 81 1
80 84 -1
80 89 1
80 97 -1
80 106 -1
80 108 1
80 109 1
80 110 -1
80 115 1
80 130 -1
80 133 1
80 139 1
80 141 1
80 143 1
80 145 -1
80 148 1
81 1 1
81 2 1
81 7 1
81 8 1
81 9 1
81 11 -1
81 16 -1
81 17 -1
81 20 1
81 22 -1
81 28 -1
81 29 -1
81 38 -1
81 41 -1
81 44 1
81 47 -1
81 51 1
81 52 1
81 55 -1
81 57 1
81 60 -1
81 68 -1
81 71 1
81 77 -1
81 78 1
81 79 -1
81 84 1
81 86 -1
81 89 1
81 96 -1
81 101 1
81 104 1
81 105 -1
81 118 1
81 120 -1
81 130 1
81 140 1
81 144 1
81 146 -1
82 1 1
82 3 -1
82 4 -1
82 9 -1
82 14 -1
82 17 1
82 21 1
82 33 -1
82 44 -1
82 56 -1
82 62 1
82 66 1
82 77 1
82 78 1
82 81 -1
82 85 -1
82 86 1
82 87 1
82 93 1
82 101 -1
82 103 1
82 106 -1
82 111 1
82 114 -1
82 115 1
82 125 -1
82 128 -1
82 132 -1
82 133 1
82 136 1
82 141 1
83 2 -1
83 4 -1
83 8 1
83 9 1
83 14 -1
83 16 -1
83 18 -1
83 23 -1
83 32 -1
83 38 -1
83 39 1
83 41 -1
83 43 -1
83 44 1
83 46 1
83 49 1
83 50 1
83 55 1
83 57 1
83 59 1
83 60 -1
83 61 1
83 62 -1
83 75 -1
83 76 1
83 80 -1
83 85 -1
83 88 1
83 96 -1
83 100 1
83 104 1
83 105 1
83 111 -1
83 114 1
83 126 1
83 127 -1
83 129 -1
83 135 1
83 142 -1
84 1 1
84 3 1
84 6 -1
84 7 1
84 14 -1
84 15 -1
84 17 1
84 19 -1
84 22 -1
84 31 1
84 32 1
84 34 1
84 36 -1
84 39 -1
84 40 -1
84 44 1
84 45 -1
84 46 -1
84 60 -1
84 61 -1
84 66 1
84 67 1
84 76 1
84 77 -1
84 85 -1
84 91 1
84 92 -1
84 97 -1
84 99 -1
84 100 -1
84 105 -1
84 109 -1
84 112 -1
84 115 1
84 119 1
84 123 -1
84 124 1
84 126 -1
84 130 -1
84 132 1
84 136 -1
84 141 1
84 142 1
84 150 1
85 2 1
85 9 1
85 11 -1
85 17 1
85 18 -1
85 21 -1
85 28 -1
85 30 -1
85 32 1
85 34 1
85 37 1
85 46 -1
85 51 -1
85 52 -1
85 53 1
85 59 1
85 60 -1
85 71 -1
85 76 1
85 80 1
85 88 -1
85 92 -1
85 96 1
85 97 1
85 101 1
85 102 -1
85 103 -1
85 113 -1
85 115 1
85 117 1
85 118 1
85 121 -1
85 122 -1
85 126 1
85 135 -1
85 141 1
86 3 1
86 4 -1
86 7 -1
86 9 -1
86 10 -1
86 14 1
86 18 -1
86 28 1
86 36 1
86 41 -1
86 45 1
86 47 1
86 49 -1
86 55 -1
86 56 1
86 57 1
86 58 -1
86 60 1
86 62 1
86 64 -1
86 66 -1
86 68 1
86 69 -1
86 72 -1
86 74 1
86 76 1
86 77 -1
86 90 -1
86 92 1
86 93 -1
86 94 -1
86 101 -1
86 102 1
86 104 -1
86 105 1
86 110 1
86 113 -1
86 115 1
86 117 -1
86 119 -1
86 120 1
86 122 -1
86 123 1
86 129 -1
86 133 1
86 137 -1
86 144 -1
87 3 -1
87 20 -1
87 22 1
87 23 1
87 30 -1
87 31 -1
87 34 -1
87 38 -1
87 43 1
87 44 -1
87 45 1
87 53 1
87 57 -1
87 60 1
87 61 1
87 64 1
87 66 -1
87 69 -1
87 71 1
87 74 -1
87 77 1
87 80 -1
87 84 1
87 85 1
87 89 -1
87 90 1
87 95 1
87 96 1
87 97 -1
87 101 -1
87 103 1
87 108 1
87 113 -1
87 114 1
87 115 1
87 116 -1
87 118 1
87 120 1
87 121 -1
87 136 -1
87 142 -1
87 143 1
87 145 1
87 148 -1
87 149 1
88 1 1
88 3 1
88 4 1
88 9 -1
88 19 -1
88 22 1
88 23 1
88 24 1
88 29 1
88 31 -1
88 32 -1
88 34 1
88 36 -1
88 37 1
88 41 -1
88 43 -1
88 46 1
88 51 -1
88 52 1
88 53 -1
88 58 1
88 64 1
88 73 1
88 80 -1
88 81 1
88 82 -1
88 86 1
88 87 -1
88 89 1
88 90 1
88 91 1
88 101 -1
88 102 1
88 104 -1
88 105 1
88 106 -1
88 114 -1
88 115 1
88 120 -1
88 122 1
88 123 -1
88 130 1
88 134 -1
88 136 -1
88 143 -1
88 145 -1
88 149 1
88 150 -1
89 7 -1
89 12 -1
89 17 -1
89 31 1
89 33 -1
89 38 1
89 44 -1
89 46 -1
89 47 1
89 49 -1
89 50 -1
89 51 -1
89 54 -1
89 61 -1
89 62 -1
89 63 -1
89 66 1
89 79 1
89 83 1
89 84 1
89 86 1
89 93 1
89 94 1
89 96 1
89 99 1
89 100 -1
89 102 -1
89 103 1
89 117 1
89 119 -1
89 121 1
89 123 1
89 124 -1
89 129 1
89 131 -1
89 132 -1
89 148 -1
89 149 -1
90 7 -1
90 8 -1
90 9 -1
90 11 1
90 21 1
90 25 -1
90 29 1
90 30 -1
90 32 -1
90 34 -1
90 36 -1
90 38 -1
90 39 -1
90 42 1
90 46 1
90 51 1
90 53 1
90 56 1
90 57 -1
90 59 -1
90 61 -1
90 76 -1
90 77 1
90 79 1
90 80 -1
90 83 -1
90 85 -1
90 89 -1
90 97 -1
90 99 1
90 100 1
90 103 -1
90 104 1
90 108 1
90 112 1
90 118 1
90 125 -1
90 134 1
91 6 1
91 7 -1
91 8 -1
91 18 1
91 19 -1
91 20 1
91 25 1
91 27 -1
91 31 1
91 40 -1
91 52 -1
91 53 1
91 55 -1
91 58 -1
91 65 -1
91 66 -1
91 72 1
91 73 -1
91 74 1
91 78 1
91 80 -1
91 81 -1
91 83 -1
91 85 1
91 92 -1
91 93 -1
91 94 1
91 96 -1
91 100 1
91 101 1
91 102 1
91 104 -1
91 108 1
91 109 1
91 110 -1
91 111 1
91 127 1
91 130 1
91 132 -1
91 134 1
91 138 -1
91 141 -1
91 144 1
92 2 1
92 5 1
92 7 -1
92 8 1
92 10 1
92 14 -1
92 20 1
92 24 -1
92 30 -1
92 31 -1
92 37 -1
92 40 -1
92 46 1
92 48 -1
92 52 -1
92 56 -1
92 57 1
92 59 -1
92 62 -1
92 67 -1
92 69 1
92 74 1
92 80 -1
92 82 -1
92 83 -1
92 90 -1
92 97 -1
92 98 1
92 102 1
92 104 1
92 111 1
92 116 -1
92 120 1
92 124 -1
92 131 -1
92 135 -1
93 3 1
93 5 -1
93 7 -1
93 11 -1
93 16 -1
93 20 -1
93 27 -1
93 32 -1
93 33 -1
93 36 -1
93 49 -1
93 50 1
93 66 -1
93 67 -1
93 69 -1
93 72 1
93 77 1
93 84 -1
93 87 -1
93 92 -1
93 94 1
93 100 1
93 105 1
93 106 1
93 108 -1
93 111 -1
93 114 -1
93 117 -1
93 121 1
93 123 1
93 135 -1
93 138 -1
93 147 -1
93 148 -1
93 150 -1
94 2 1
94 3 -1
94 5 1
94 7 1
94 10 -1
94 16 -1
94 17 1
94 20 -1
94 24 1
94 25 -1
94 26 -1
94 27 1
94 30 -1
94 36 -1
94 48 -1
94 49 1
94 51 -1
94 58 -1
94 61 1
94 63 -1
94 66 -1
94 67 1
94 73 -1
94 75 1
94 77 -1
94 82 1
94 87 1
94 88 1
94 90 1
94 92 -1
94 99 -1
94 106 1
94 110 1
94 112 -1
94 116 -1
94 118 1
94 119 1
94 122 1
94 124 -1
94 127 -1
94 128 -1
94 132 1
94 135 -1
94 140 -1
94 150 1
95 1 1
95 2 -1
95 4 -1
95 5 1
95 23 1
95 28 1
95 32 -1
95 40 -1
95 41 1
95 45 1
95 47 -1
95 49 -1
95 51 1
95 52 -1
95 54 -1
95 55 -1
95 62 1
95 63 -1
95 75 -1
95 76 -1
95 78 -1
95 79 -1
95 80 -1
95 82 -1
95 83 -1
95 84 1
95 85 1
95 88 1
95 92 -1
95 96 1
95 109 -1
95 112 -1
95 117 1
95 122 -1
95 123 -1
95 129 -1
95 130 1
95 131 -1
95 133 -1
95 136 -1
95 142 -1
96 4 -1
96 5 1
96 7 -1
96 10 1
96 11 1
96 12 1
96 14 1
96 16 1
96 18 -1
96 19 1
96 22 1
96 24 1
96 30 -1
96 31 1
96 36 1
96 42 1
96 50 -1
96 53 1
96 56 -1
96 62 1
96 67 1
96 78 1
96 86 -1
96 103 -1
96 105 -1
96 106 -1
96 108 -1
96 111 1
96 115 1
96 122 -1
96 124 -1
96 126 1
96 128 -1
96 134 1
96 138 -1
96 141 1
96 143 -1
96 146 1
96 149 1
97 1 1
97 3 1
97 11 1
97 13 1
97 16 -1
97 17 -1
97 18 -1
97 19 -1
97 22 -1
97 23 1
97 26 -1
97 29 1
97 30 1
97 43 -1
97 45 -1
97 46 -1
97 51 -1
97 52 1
97 54 1
97 55 1
97 58 1
97 66 -1
97 69 1
97 71 1
97 72 -1
97 75 -1
97 86 1
97 91 -1
97 95 1
97 96 1
97 102 -1
97 105 -1
97 111 1
97 113 -1
97 120 1
97 133 -1
97 137 1
97 138 1
97 140 1
97 145 -1
97 146 -1
97 147 -1
97 148 -1
98 1 -1
98 7 1
98 13 1
98 17 -1
98 18 1
98 24 -1
98 42 -1
98 44 1
98 47 -1
98 48 1
98 61 -1
98 67 1
98 68 -1
98 69 -1
98 71 1
98 79 -1
98 83 -1
98 84 1
98 86 1
98 87 1
98 90 1
98 91 1
98 93 1
98 95 -1
98 96 1
98 97 1
98 99 1
98 101 1
98 103 1
98 106 -1
98 112 -1
98 113 -1
98 120 -1
98 124 -1
98 130 1
98 132 -1
98 136 -1
98 142 -1
98 144 1
98 145 -1
98 147 -1
98 148 -1
99 1 -1
99 2 1
99 5 -1
99 6 1
99 9 -1
99 10 -1
99 16 -1
99 17 1
99 21 1
99 24 1
99 28 -1
99 33 1
99 35 1
99 36 -1
99 40 -1
99 43 -1
99 45 -1
99 48 -1
99 51 1
99 63 1
99 66 -1
99 68 -1
99 72 -1
99 75 -1
99 83 1
99 85 -1
99 86 1
99 102 -1
99 107 -1
99 108 -1
99 114 -1
99 117 -1
99 119 1
99 131 1
99 134 -1
99 135 -1
99 136 1
99 138 1
99 139 1
99 140 1
99 142 1
99 145 -1
99 149 1
99 150 1
100 4 1
100 5 1
100 14 1
100 18 1
100 19 1
100 20 1
100 28 -1
100 38 1
100 41 -1
100 43 -1
100 44 -1
100 47 -1
100 50 -1
100 53 1
100 59 1
100 63 1
100 64 1
100 68 1
100 69 1
100 72 -1
100 85 1
100 87 1
100 88 1
100 92 -1
100 94 -1
100 95 -1
100 106 -1
100 107 1
100 108 1
100 111 -1
100 121 -1
100 126 -1
100 130 1
100 131 -1
100 132 1
100 136 1
100 137 -1
100 138 -1
100 140 1
100 144 1
101 11 1
101 15 -1
101 18 1
101 21 1
101 25 -1
101 29 1
101 30 1
101 31 -1
101 44 -1
101 47 1
101 50 1
101 56 -1
101 57 -1
101 59 1
101 60 -1
101 63 1
101 68 1
101 84 -1
101 89 1
101 92 -1
101 93 1
101 96 1
101 103 1
101 108 -1
101 115 -1
101 121 -1
101 124 -1
101 125 1
101 136 1
101 139 1
102 1 -1
102 2 -1
102 3 1
102 8 1
102 18 1
102 20 -1
102 23 -1
102 24 -1
102 27 -1
102 30 1
102 32 1
102 38 -1
102 52 1
102 58 -1
102 60 -1
102 62 1
102 69 -1
102 72 -1
102 76 -1
102 80 1
102 90 1
102 98 1
102 107 -1
102 110 -1
102 120 -1
102 122 -1
102 124 1
102 127 -1
102 128 1
102 137 -1
102 142 -1
102 149 -1
103 4 -1
103 21 -1
103 30 -1
103 31 1
103 37 1
103 45 -1
103 46 -1
103 54 -1
103 55 1
103 61 1
103 64 1
103 69 -1
103 71 -1
103 72 1
103 79 -1
103 80 1
103 81 -1
103 91 1
103 94 1
103 95 1
103 99 1
103 100 1
103 102 -1
103 104 1
103 113 -1
103 117 -1
103 119 -1
103 120 1
103 126 -1
103 128 -1
103 134 1
103 140 1
103 141 -1
103 142 -1
103 143 -1
103 144 -1
104 5 -1
104 6 -1
104 10 1
104 17 -1
104 19 -1
104 22 -1
104 27 -1
104 31 1
104 34 -1
104 39 -1
104 43 -1
104 46 -1
104 48 1
104 58 1
104 59 1
104 60 -1
104 62 -1
104 71 1
104 74 -1
104 75 1
104 78 1
104 82 1
104 84 -1
104 85 -1
104 87 1
104 96 1
104 98 1
104 105 -1
104 106 -1
104 113 -1
104 117 -1
104 120 1
104 127 1
104 132 -1
104 148 -1
105 8 -1
105 15 -1
105 17 -1
105 18 1
105 19 1
105 28 1
105 30 -1
105 35 1
105 43 1
105 44 1
105 49 1
105 50 -1
105 52 1
105 55 -1
105 57 1
105 62 1
105 65 -1
105 67 -1
105 69 -1
105 71 -1
105 74 1
105 78 1
105 92 1
105 98 1
105 100 -1
105 101 -1
105 102 1
105 108 -1
105 121 1
105 124 -1
105 132 1
105 134 -1
105 135 1
105 141 1
105 144 1
106 10 1
106 11 -1
106 13 -1
106 16 -1
106 17 -1
106 30 -1
106 38 1
106 40 1
106 47 1
106 51 -1
106 52 1
106 54 -1
106 58 1
106 62 -1
106 69 1
106 71 1
106 73 -1
106 83 1
106 89 1
106 91 1
106 95 -1
106 97 -1
106 102 1
106 103 -1
106 114 1
106 118 1
106 122 1
106 123 1
106 124 1
106 131 1
106 133 -1
106 138 1
106 141 1
106 144 -1
106 146 -1
106 148 1
107 1 1
107 3 1
107 6 1
107 14 -1
107 29 1
107 32 -1
107 33 1
107 35 -1
107 38 1
107 45 1
107 47 -1
107 53 1
107 55 -1
107 57 1
107 60 1
107 64 -1
107 68 1
107 70 -1
107 81 -1
107 82 -1
107 83 -1
107 85 -1
107 86 -1
107 87 -1
107 89 -1
107 92 1
107 94 1
107 96 1
107 97 1
107 115 1
107 120 1
107 124 1
107 125 -1
107 128 -1
107 133 -1
107 143 -1
107 144 1
107 145 -1
107 147 -1
107 149 -1
108 4 1
108 10 1
108 11 -1
108 12 -1
108 14 -1
108 17 1
108 18 1
108 23 -1
108 33 1
108 37 -1
108 41 1
108 42 -1
108 43 -1
108 44 -1
108 55 -1
108 58 1
108 60 1
108 65 -1
108 69 1
108 74 1
108 84 1
108 85 1
108 86 -1
108 97 -1
108 102 1
108 109 1
108 110 -1
108 112 1
108 114 1
108 118 -1
108 119 -1
108 120 -1
108 122 1
108 134 -1
108 137 1
108 141 1
108 142 -1
108 143 1
108 144 1
109 4 -1
109 20 -1
109 21 -1
109 27 -1
109 30 1
109 32 1
109 38 1
109 47 -1
109 48 1
109 49 -1
109 52 -1
109 55 -1
109 58 -1
109 59 1
109 62 1
109 65 -1
109 72 1
109 75 -1
109 76 1
109 79 -1
109 81 1
109 87 -1
109 89 -1
109 94 1
109 97 -1
109 98 1
109 100 -1
109 103 -1
109 117 -1
109 118 -1
109 121 -1
109 123 1
109 127 -1
109 137 -1
109 146 -1
110 6 -1
110 7 1
110 8 -1
110 12 1
110 13 1
110 14 -1
110 19 1
110 21 -1
110 22 -1
110 27 1
110 29 -1
110 33 -1
110 41 -1
110 52 1
110 58 1
110 59 1
110 65 -1
110 66 -1
110 67 1
110 71 1
110 81 -1
110 84 -1
110 89 -1
110 93 -1
110 98 -1
110 101 -1
110 105 -1
110 106 1
110 109 1
110 112 -1
110 127 -1
110 129 1
110 130 -1
110 131 1
110 137 -1
110 138 -1
110 140 1
110 143 -1
110 148 -1
111 2 -1
111 4 -1
111 9 1
111 17 1
111 18 1
111 19 1
111 27 -1
111 32 1
111 37 1
111 42 -1
111 45 1
111 46 -1
111 56 1
111 60 -1
111 61 1
111 67 1
111 74 -1
111 76 -1
111 78 1
111 79 -1
111 88 1
111 90 1
111 95 -1
111 101 1
111 103 1
111 104 -1
111 105 1
111 112 -1
111 114 -1
111 123 1
111 133 1
111 134 -1
111 138 1
111 139 1
111 140 1
111 141 1
111 146 1
111 147 -1
112 2 -1
112 7 1
112 17 1
112 23 -1
112 32 1
112 41 1
112 42 1
112 53 1
112 55 -1
112 59 -1
112 62 1
112 63 -1
112 68 1
112 73 1
112 77 -1
112 81 -1
112 83 -1
112 100 1
112 101 -1
112 116 1
112 117 -1
112 119 -1
112 128 -1
112 130 1
112 131 1
112 133 -1
112 137 -1
112 139 -1
112 145 1
112 149 -1
113 9 1
113 13 -1
113 16 -1
113 18 1
113 20 1
113 28 -1
113 29 -1
113 31 -1
113 36 1
113 40 -1
113 48 -1
113 50 1
113 53 -1
113 58 -1
113 59 -1
113 68 -1
113 79 -1
113 83 -1
113 84 -1
113 90 -1
113 100 1
113 105 -1
113 108 1
113 117 1
113 120 1
113 127 -1
113 129 -1
113 131 1
113 137 -1
113 140 -1
113 142 -1
113 143 -1
113 145 -1
113 148 -1
114 4 -1
114 5 1
114 15 -1
114 19 1
114 23 -1
114 31 1
114 35 -1
114 41 1
114 51 1
114 55 1
114 56 -1
114 59 1
114 61 -1
114 66 -1
114 68 1
114 73 1
114 91 -1
114 95 1
114 101 1
114 102 1
114 103 -1
114 104 1
114 107 1
114 110 1
114 115 -1
114 117 1
114 118 1
114 125 -1
114 127 -1
114 129 -1
114 132 -1
114 133 -1
114 134 1
114 135 1
114 140 -1
114 142 1
114 150 -1
115 1 -1
115 11 1
115 12 -1
115 16 1
115 23 1
115 26 1
115 28 1
115 30 1
115 32 -1
115 41 1
115 42 1
115 49 -1
115 50 1
115 55 1
115 62 1
115 72 -1
115 94 1
115 95 -1
115 99 1
115 104 1
115 110 -1
115 116 1
115 117 1
115 118 1
115 119 -1
115 120 1
115 125 1
115 127 -1
115 128 -1
115 131 -1
115 143 -1
115 146 -1
115 147 1
115 150 1
116 1 1
116 4 -1
116 5 -1
116 7 -1
116 16 -1
116 17 -1
116 28 -1
116 29 -1
116 31 -1
116 35 1
116 36 1
116 38 -1
116 39 1
116 42 1
116 62 -1
116 65 1
116 66 1
116 67 -1
116 68 1
116 71 -1
116 77 1
116 81 -1
116 89 1
116 96 1
116 98 -1
116 101 -1
116 102 1
116 103 1
116 104 1
116 105 -1
116 107 1
116 111 1
116 120 1
116 125 -1
116 128 1
116 129 1
116 135 -1
116 148 1
117 16 1
117 18 -1
117 20 1
117 26 1
117 34 1
117 39 1
117 40 -1
117 49 -1
117 54 1
117 57 -1
117 61 1
117 63 1
117 69 1
117 73 -1
117 75 -1
117 77 -1
117 79 -1
117 80 -1
117 82 1
117 97 1
117 102 -1
117 106 -1
117 108 1
117 111 -1
117 116 1
117 118 -1
117 119 -1
117 122 1
117 124 -1
117 126 -1
117 127 1
117 139 1
117 140 1
117 143 -1
117 144 -1
117 147 1
117 148 1
118 16 1
118 21 -1
118 29 -1
118 30 1
118 31 1
118 39 -1
118 41 1
118 44 -1
118 53 -1
118 58 -1
118 60 -1
118 64 -1
118 66 1
118 67 1
118 68 1
118 72 -1
118 76 -1
118 80 -1
118 89 -1
118 91 -1
118 99 -1
118 103 1
118 104 1
118 110 -1
118 111 1
118 113 1
118 121 -1
118 132 1
118 136 1
118 143 -1
118 147 1
118 150 1
119 1 -1
119 8 1
119 11 1
119 13 -1
119 21 1
119 30 1
119 34 -1
119 53 -1
119 55 1
119 59 -1
119 64 -1
119 66 1
119 69 -1
119 70 -1
119 77 -1
119 78 1
119 87 -1
119 91 1
119 100 1
119 101 1
119 105 -1
119 111 1
119 118 -1
119 123 -1
119 131 1
119 139 -1
119 146 -1
119 147 1
120 1 1
120 2 1
120 3 1
120 5 -1
120 8 1
120 11 -1
120 19 -1
120 21 -1
120 29 1
120 40 1
120 43 1
120 46 1
120 49 -1
120 50 -1
120 60 1
120 62 1
120 66 -1
120 67 1
120 82 -1
120 85 1
120 89 -1
120 91 -1
120 95 1
120 100 -1
120 111 1
120 118 1
120 119 1
120 122 1
120 127 -1
120 129 1
120 130 -1
120 131 1
120 138 1
120 141 1
120 148 1
121 3 1
121 4 1
121 5 -1
121 9 -1
121 12 -1
121 13 1
121 17 1
121 19 1
121 22 -1
121 26 1
121 30 -1
121 34 1
121 36 -1
121 46 -1
121 47 -1
121 49 -1
121 51 -1
121 55 -1
121 67 -1
121 73 -1
121 77 1
121 80 1
121 81 -1
121 84 1
121 86 -1
121 88 -1
121 102 -1
121 103 1
121 122 -1
121 129 1
121 134 1
121 137 1
121 143 -1
121 146 -1
122 4 -1
122 9 -1
122 14 1
122 15 1
122 17 -1
122 18 -1
122 19 -1
122 22 1
122 25 -1
122 30 1
122 36 1
122 41 -1
122 47 1
122 51 1
122 65 1
122 66 1
122 67 1
122 69 1
122 75 1
122 77 1
122 78 -1
122 80 -1
122 81 1
122 84 1
122 91 1
122 92 -1
122 99 -1
122 100 1
122 103 -1
122 105 -1
122 109 -1
122 112 1
122 127 1
122 142 1
122 144 1
122 147 1
122 150 1
123 2 -1
123 5 1
123 7 -1
123 9 -1
123 12 -1
123 13 -1
123 21 1
123 23 1
123 27 -1
123 28 -1
123 29 1
123 30 1
123 35 1
123 36 -1
123 42 -1
123 46 1
123 47 1
123 51 1
123 53 -1
123 57 1
123 59 -1
123 66 1
123 69 -1
123 71 1
123 75 1
123 78 1
123 82 1
123 87 -1
123 96 -1
123 97 -1
123 99 -1
123 110 -1
123 114 1
123 115 -1
123 118 -1
123 125 -1
123 126 1
123 127 1
123 129 1
123 133 1
123 140 -1
123 147 1
123 150 1
124 3 -1
124 5 -1
124 7 1
124 11 -1
124 12 1
124 13 -1
124 16 1
124 18 -1
124 25 -1
124 31 1
124 33 -1
124 43 -1
124 46 -1
124 48 -1
124 50 -1
124 54 1
124 56 -1
124 58 1
124 64 1
124 72 1
124 80 1
124 81 -1
124 85 1
124 86 1
124 87 -1
124 88 1
124 91 -1
124 93 1
124 95 -1
124 97 1
124 110 1
124 114 1
124 120 1
124 125 -1
124 133 -1
124 136 1
124 138 1
124 145 1
124 148 -1
125 2 -1
125 3 -1
125 8 1
125 9 -1
125 13 -1
125 16 -1
125 17 1
125 21 -1
125 29 -1
125 32 1
125 40 -1
125 52 -1
125 54 1
125 58 1
125 61 1
125 67 -1
125 75 -1
125 76 1
125 84 1
125 94 -1
125 100 -1
125 103 -1
125 104 1
125 109 1
125 110 -1
125 118 -1
125 122 1
125 135 1
125 136 -1
125 137 -1
125 140 1
126 1 1
126 2 1
126 10 -1
126 13 1
126 17 1
126 18 1
126 20 1
126 22 -1
126 25 -1
126 27 1
126 35 1
126 38 1
126 40 -1
126 47 1
126 48 1
126 51 -1
126 53 1
126 55 -1
126 56 1
126 60 1
126 68 -1
126 70 1
126 71 -1
126 73 1
126 80 -1
126 82 -1
126 87 -1
126 89 -1
126 93 -1
126 97 1
126 102 -1
126 107 -1
126 109 -1
126 121 -1
126 125 -1
126 129 1
126 132 -1
126 140 1
126 144 -1
126 145 -1
126 146 1
127 9 -1
127 10 -1
127 16 -1
127 35 1
127 36 -1
127 38 1
127 50 1
127 52 1
127 56 1
127 58 1
127 68 -1
127 73 1
127 77 -1
127 78 1
127 79 1
127 80 1
127 81 -1
127 84 1
127 85 -1
127 87 -1
127 88 1
127 90 -1
127 93 -1
127 99 -1
127 101 1
127 107 -1
127 108 -1
127 148 -1
127 149 1
128 8 1
128 12 -1
128 22 -1
128 26 1
128 29 -1
128 32 1
128 35 1
128 39 -1
128 42 -1
128 48 -1
128 49 1
128 55 -1
128 65 1
128 70 -1
128 71 -1
128 73 -1
128 75 -1
128 78 -1
128 81 1
128 83 -1
128 85 1
128 87 -1
128 88 1
128 89 -1
128 92 1
128 99 1
128 109 -1
128 110 1
128 113 -1
128 118 -1
128 121 -1
128 126 1
128 129 -1
128 133 1
128 139 1
128 140 1
129 1 -1
129 9 -1
129 13 1
129 15 1
129 16 1
129 19 1
129 20 1
129 25 -1
129 27 1
129 28 1
129 31 1
129 32 1
129 33 1
129 39 1
129 43 -1
129 49 1
129 50 1
129 55 -1
129 57 1
129 59 1
129 62 1
129 63 1
129 64 -1
129 66 1
129 70 1
129 78 1
129 80 -1
129 84 -1
129 85 -1
129 93 -1
129 103 1
129 104 1
129 106 -1
129 107 -1
129 119 -1
129 125 -1
129 130 1
129 131 -1
129 147 -1
130 2 1
130 15 -1
130 17 -1
130 18 1
130 19 -1
130 26 -1
130 27 -1
130 31 -1
130 32 -1
130 38 -1
130 39 -1
130 40 -1
130 43 1
130 65 1
130 66 1
130 74 1
130 75 1
130 76 1
130 77 -1
130 78 -1
130 83 -1
130 90 1
130 93 -1
130 96 -1
130 105 1
130 107 -1
130 109 1
130 113 -1
130 117 1
130 119 -1
130 124 -1
130 125 -1
130 131 1
130 137 -1
130 143 -1
130 150 -1
131 11 1
131 13 1
131 29 1
131 34 -1
131 36 -1
131 46 -1
131 47 1
131 54 1
131 59 -1
131 61 -1
131 66 1
131 68 -1
131 69 1
131 73 -1
131 75 1
131 77 1
131 80 -1
131 81 -1
131 85 1
131 91 1
131 94 1
131 101 1
131 105 1
131 109 1
131 118 1
131 121 -1
131 122 1
131 125 1
131 126 1
131 127 -1
131 128 -1
131 133 1
131 134 1
131 138 1
131 140 1
131 142 -1
131 148 -1
131 150 -1
132 3 -1
132 7 1
132 11 1
132 20 -1
132 22 -1
132 28 -1
132 31 1
132 49 -1
132 57 -1
132 62 1
132 66 1
132 70 1
132 75 -1
132 77 -1
132 83 -1
132 85 1
132 92 1
132 93 -1
132 116 1
132 119 -1
132 122 -1
132 123 -1
132 125 -1
132 128 1
132 130 1
132 138 -1
132 140 1
132 141 1
132 143 1
132 148 -1
132 149 -1
133 5 -1
133 7 1
133 10 1
133 25 -1
133 33 -1
133 35 -1
133 36 1
133 41 -1
133 42 1
133 43 1
133 52 -1
133 53 -1
133 56 -1
133 64 -1
133 66 1
133 68 -1
133 70 -1
133 71 -1
133 73 -1
133 74 1
133 75 1
133 77 -1
133 78 -1
133 79 1
133 83 1
133 84 1
133 85 1
133 89 1
133 101 -1
133 104 1
133 105 -1
133 109 -1
133 110 1
133 116 -1
133 119 1
133 132 -1
133 135 1
133 139 -1
133 143 -1
133 146 1
133 148 1
133 149 1
134 5 -1
134 14 1
134 22 1
134 24 -1
134 29 -1
134 32 -1
134 37 1
134 38 -1
134 39 -1
134 40 -1
134 41 -1
134 47 -1
134 51 -1
134 52 1
134 53 1
134 56 -1
134 63 1
134 68 1
134 72 1
134 75 1
134 80 1
134 82 -1
134 85 -1
134 87 -1
134 98 -1
134 102 1
134 109 -1
134 117 1
134 118 1
134 126 -1
134 130 1
134 133 1
134 140 1
134 145 1
134 146 1
134 149 -1
135 4 1
135 6 1
135 10 -1
135 15 -1
135 29 -1
135 31 1
135 49 1
135 50 -1
135 65 -1
135 66 -1
135 67 -1
135 72 1
135 82 -1
135 87 -1
135 96 -1
135 100 1
135 103 -1
135 110 1
135 113 1
135 117 1
135 120 -1
135 121 -1
135 126 -1
135 127 1
135 136 -1
135 143 -1
135 148 1
135 150 1
136 2 -1
136 6 -1
136 7 1
136 9 -1
136 12 1
136 17 -1
136 20 1
136 22 -1
136 23 -1
136 24 -1
136 30 1
136 44 -1
136 49 1
136 50 -1
136 54 1
136 59 1
136 60 -1
136 68 -1
136 70 1
136 72 -1
136 74 -1
136 75 1
136 83 1
136 91 1
136 103 -1
136 104 -1
136 113 -1
136 117 1
136 123 1
136 129 1
136 130 1
136 137 1
136 139 -1
136 140 1
136 141 -1
136 142 1
136 145 1
136 147 1
137 3 -1
137 15 1
137 16 -1
137 18 1
137 21 -1
137 26 -1
137 30 -1
137 31 -1
137 36 -1
137 41 -1
137 46 -1
137 47 -1
137 48 -1
137 54 -1
137 67 1
137 69 -1
137 73 -1
137 74 -1
137 82 -1
137 84 1
137 88 -1
137 90 -1
137 93 -1
137 94 -1
137 104 -1
137 106 -1
137 107 -1
137 111 1
137 117 1
137 118 -1
137 119 1
137 120 -1
137 127 1
137 128 1
137 129 -1
137 138 -1
137 142 -1
137 145 -1
137 147 -1
138 2 -1
138 8 -1
138 17 1
138 23 1
138 26 -1
138 32 -1
138 35 1
138 36 1
138 40 -1
138 41 -1
138 45 -1
138 58 1
138 61 1
138 69 -1
138 71 1
138 85 -1
138 86 1
138 89 -1
138 92 1
138 95 -1
138 98 1
138 103 1
138 109 -1
138 112 -1
138 113 1
138 117 -1
138 118 1
138 119 -1
138 123 1
138 127 1
138 129 -1
138 139 -1
138 140 -1
138 141 1
138 147 1
138 149 -1
139 1 1
139 3 -1
139 11 -1
139 15 -1
139 18 -1
139 19 -1
139 20 -1
139 22 1
139 24 1
139 31 -1
139 32 1
139 36 1
139 43 1
139 47 1
139 51 1
139 61 1
139 69 -1
139 71 1
139 88 -1
139 89 -1
139 91 -1
139 94 -1
139 102 -1
139 105 -1
139 106 -1
139 108 -1
139 109 -1
139 115 -1
139 116 -1
139 123 1
139 127 -1
139 129 -1
139 130 1
139 134 1
139 135 -1
139 140 1
140 4 -1
140 7 1
140 8 1
140 9 1
140 12 -1
140 13 1
140 17 1
140 20 -1
140 21 1
140 25 -1
140 27 -1
140 29 -1
140 31 -1
140 33 1
140 34 1
140 49 1
140 50 1
140 52 1
140 64 -1
140 66 -1
140 75 -1
140 77 1
140 79 1
140 83 -1
140 84 -1
140 85 1
140 86 -1
140 88 1
140 90 1
140 95 -1
140 96 1
140 101 1
140 102 1
140 104 1
140 105 1
140 109 -1
140 115 -1
140 116 1
140 119 -1
140 143 1
141 2 1
141 3 -1
141 14 1
141 16 1
141 23 1
141 27 1
141 31 1
141 37 1
141 41 -1
141 42 -1
141 43 1
141 46 1
141 53 -1
141 54 -1
141 58 -1
141 59 -1
141 62 -1
141 67 -1
141 68 -1
141 70 -1
141 72 1
141 73 1
141 79 -1
141 83 -1
141 86 1
141 95 -1
141 99 1
141 100 -1
141 101 -1
141 102 1
141 113 1
141 117 1
141 127 1
141 128 1
141 129 -1
141 145 1
141 148 -1
142 12 1
142 13 1
142 30 -1
142 34 -1
142 36 -1
142 46 1
142 48 -1
142 51 -1
142 54 -1
142 55 -1
142 57 -1
142 61 1
142 68 -1
142 69 -1
142 74 1
142 75 -1
142 76 1
142 85 1
142 100 1
142 101 1
142 104 1
142 110 1
142 115 1
142 116 1
142 117 -1
142 118 1
142 120 -1
142 123 1
142 124 -1
142 127 -1
142 129 -1
142 130 1
142 132 -1
142 133 1
142 139 -1
142 147 1
142 148 -1
143 3 -1
143 6 1
143 7 1
143 8 1
143 9 1
143 10 -1
143 12 1
143 13 -1
143 17 1
143 19 1
143 33 -1
143 39 1
143 41 -1
143 48 1
143 52 -1
143 55 1
143 62 1
143 65 1
143 68 -1
143 71 1
143 73 1
143 74 1
143 77 -1
143 81 -1
143 89 1
143 90 -1
143 92 1
143 95 -1
143 97 1
143 109 1
143 111 -1
143 119 -1
143 120 -1
143 128 -1
143 138 1
143 141 -1
143 142 -1
144 1 1
144 2 1
144 3 1
144 7 1
144 18 1
144 21 -1
144 26 1
144 29 -1
144 30 1
144 34 1
144 35 1
144 36 1
144 50 1
144 53 -1
144 56 1
144 59 1
144 60 1
144 65 1
144 66 -1
144 71 -1
144 73 -1
144 74 -1
144 76 -1
144 83 1
144 87 -1
144 96 -1
144 99 1
144 110 1
144 111 1
144 121 1
144 125 -1
144 127 -1
144 128 1
144 129 1
144 133 -1
144 142 1
144 146 -1
144 148 -1
145 3 1
145 9 -1
145 12 -1
145 14 1
145 15 -1
145 17 -1
145 19 -1
145 22 -1
145 24 -1
145 28 -1
145 41 -1
145 45 -1
145 46 1
145 51 -1
145 60 -1
145 62 1
145 68 -1
145 74 1
145 79 1
145 83 -1
145 84 -1
145 86 1
145 90 -1
145 100 1
145 102 1
145 103 1
145 104 -1
145 106 -1
145 110 1
145 111 1
145 115 1
145 117 1
145 120 1
145 121 1
145 125 1
145 127 1
145 128 -1
145 131 1
145 132 1
145 133 1
145 135 -1
145 138 1
145 140 1
145 143 -1
145 146 1
145 148 1
146 3 -1
146 4 1
146 5 -1
146 13 1
146 14 1
146 18 -1
146 28 1
146 29 1
146 33 -1
146 44 1
146 45 -1
146 53 1
146 58 -1
146 59 1
146 64 1
146 67 -1
146 70 -1
146 73 -1
146 75 1
146 76 1
146 88 1
146 89 -1
146 91 1
146 92 -1
146 95 -1
146 101 1
146 104 -1
146 105 1
146 107 -1
146 113 -1
146 114 -1
146 117 -1
146 124 -1
146 129 -1
146 131 1
146 132 1
146 136 -1
146 137 1
146 138 1
146 141 1
146 142 -1
146 143 1
146 149 1
147 5 1
147 16 -1
147 18 -1
147 19 -1
147 22 1
147 26 1
147 34 1
147 38 1
147 39 -1
147 46 -1
147 47 1
147 55 1
147 56 -1
147 59 -1
147 61 -1
147 64 1
147 66 -1
147 69 -1
147 73 1
147 74 -1
147 77 -1
147 79 1
147 82 -1
147 85 1
147 86 -1
147 90 -1
147 91 1
147 92 -1
147 103 1
147 104 -1
147 110 1
147 113 1
147 114 -1
147 121 -1
147 132 1
147 133 1
147 134 -1
147 143 -1
147 148 1
147 150 1
148 2 1
148 4 1
148 10 -1
148 13 -1
148 17 1
148 20 1
148 23 -1
148 24 -1
148 25 1
148 31 1
148 35 1
148 36 -1
148 37 -1
148 40 1
148 43 -1
148 45 -1
148 53 -1
148 54 1
148 58 1
148 60 -1
148 64 -1
148 66 -1
148 67 -1
148 68 1
148 70 1
148 76 -1
148 79 -1
148 85 -1
148 86 -1
148 90 -1
148 100 -1
148 101 -1
148 107 -1
148 108 -1
148 109 1
148 111 -1
148 122 1
148 123 1
148 125 -1
148 128 -1
148 130 1
148 134 1
148 136 -1
148 137 1
148 146 1
149 1 1
149 4 1
149 7 1
149 8 1
149 12 1
149 17 1
149 20 -1
149 23 1
149 27 -1
149 29 -1
149 30 -1
149 31 -1
149 32 1
149 38 -1
149 43 1
149 50 -1
149 58 1
149 59 1
149 62 -1
149 63 1
149 65 1
149 77 1
149 78 1
149 83 1
149 84 -1
149 85 -1
149 90 1
149 91 -1
149 101 1
149 120 -1
149 124 1
149 126 1
149 131 1
149 136 -1
149 142 -1
149 143 1
149 144 -1
149 145 1
150 1 -1
150 8 1
150 14 -1
150 17 1
150 27 -1
150 29 -1
150 30 1
150 31 -1
150 32 -1
150 37 -1
150 39 1
150 41 1
150 49 -1
150 51 -1
150 52 -1
150 61 1
150 64 1
150 65 1
150 69 1
150 74 -1
150 76 -1
150 85 -1
150 86 -1
150 91 1
150 97 1
150 98 -1
150 102 1
150 105 1
150 106 -1
150 113 1
150 116 -1
150 126 1
150 127 -1
150 129 -1
150 132 -1
150 133 1
150 134 1
150 137 1
150 140 -1
150 144 -1
150 149 -1
