vertices: 50 edges: 980
1 3 1
1 4 1
1 5 1
1 8 1
1 12 1
1 14 -1
1 17 1
1 18 1
1 22 1
1 23 1
1 24 1
1 26 -1
1 31 1
1 38 -1
1 43 1
1 44 1
1 49 1
2 1 1
2 3 1
2 4 1
2 7 -1
2 8 -1
2 9 -1
2 12 1
2 13 1
2 15 1
2 18 1
2 19 -1
2 25 -1
2 30 1
2 32 1
2 39 1
2 46 1
2 47 1
2 48 1
3 5 1
3 6 1
3 7 1
3 8 -1
3 9 1
3 11 1
3 12 1
3 15 1
3 16 1
3 17 1
3 18 1
3 20 1
3 22 1
3 29 -1
3 32 1
3 36 1
3 37 -1
3 38 1
3 39 1
3 40 1
3 47 -1
3 48 1
4 3 1
4 5 1
4 7 1
4 9 1
4 11 1
4 13 1
4 16 1
4 17 -1
4 21 1
4 22 1
4 23 -1
4 24 1
4 25 1
4 28 1
4 30 1
4 31 1
4 34 1
4 37 -1
4 42 1
4 43 1
4 45 1
5 6 1
5 10 1
5 12 1
5 13 1
5 14 1
5 18 1
5 21 1
5 22 -1
5 24 1
5 26 1
5 28 1
5 29 1
5 32 1
5 33 1
5 37 1
5 38 1
5 40 1
5 42 -1
5 45 1
5 50 1
6 2 1
6 20 -1
6 23 1
6 25 1
6 31 -1
6 40 1
6 41 1
6 43 1
6 45 1
6 46 1
6 50 -1
7 1 1
7 5 1
7 6 1
7 10 -1
7 12 -1
7 13 1
7 14 1
7 16 1
7 17 -1
7 20 1
7 21 -1
7 23 -1
7 24 1
7 25 -1
7 26 1
7 27 1
7 29 1
7 30 1
7 31 1
7 40 1
7 42 1
7 45 1
7 49 -1
7 50 1
8 4 1
8 5 1
8 7 1
8 10 1
8 11 1
8 12 -1
8 15 1
8 20 1
8 21 1
8 26 1
8 27 1
8 29 1
8 31 1
8 33 1
8 34 -1
8 37 -1
8 40 1
8 43 1
8 44 1
8 46 1
9 6 1
9 7 1
9 8 1
9 10 1
9 11 1
9 13 1
9 17 1
9 21 1
9 23 -1
9 28 1
9 33 1
9 37 1
9 39 1
9 40 1
10 2 1
10 3 1
10 4 1
10 13 -1
10 14 1
10 15 1
10 19 1
10 21 -1
10 23 1
10 24 1
10 25 1
10 26 1
10 27 -1
10 28 -1
10 33 -1
10 37 1
10 40 1
10 41 1
10 43 -1
10 45 1
11 1 1
11 2 1
11 6 1
11 7 1
11 10 -1
11 13 1
11 14 1
11 15 1
11 16 1
11 17 -1
11 20 1
11 21 1
11 23 -1
11 25 -1
11 26 1
11 28 1
11 32 -1
11 33 1
11 38 1
11 42 1
11 44 1
11 47 1
11 49 1
12 4 1
12 6 -1
12 9 1
12 10 -1
12 11 -1
12 13 1
12 14 1
12 15 -1
12 17 1
12 19 -1
12 24 1
12 29 -1
12 32 -1
12 38 1
12 43 1
12 46 -1
12 49 1
13 1 1
13 3 1
13 6 1
13 8 -1
13 15 1
13 16 1
13 18 1
13 21 1
13 22 1
13 25 -1
13 26 1
13 27 -1
13 28 1
13 40 -1
13 41 1
13 42 1
13 44 1
13 49 1
14 2 1
14 3 -1
14 4 1
14 13 1
14 15 1
14 17 -1
14 19 -1
14 23 1
14 26 -1
14 28 1
14 30 -1
14 31 1
14 32 1
14 34 1
14 36 -1
14 38 -1
14 41 -1
14 44 1
15 1 -1
15 4 -1
15 6 1
15 7 1
15 9 1
15 17 1
15 21 1
15 22 1
15 25 -1
15 27 1
15 29 -1
15 33 -1
15 35 1
15 39 -1
15 41 1
15 47 1
15 48 -1
15 49 1
16 1 1
16 2 1
16 5 1
16 8 1
16 9 1
16 10 -1
16 12 1
16 14 -1
16 15 1
16 17 -1
16 20 1
16 22 1
16 24 1
16 27 -1
16 28 1
16 33 1
16 34 1
16 36 -1
16 37 1
16 38 1
16 39 1
16 42 -1
16 47 1
16 48 1
16 50 1
17 5 -1
17 6 1
17 8 1
17 13 1
17 22 1
17 23 -1
17 26 1
17 27 1
17 32 1
17 33 1
17 36 1
17 38 1
17 41 1
17 45 1
17 46 1
18 4 1
18 9 1
18 11 1
18 12 1
18 14 -1
18 17 1
18 19 1
18 21 1
18 22 1
18 24 1
18 27 1
18 31 1
18 32 1
18 35 1
18 37 1
18 39 1
18 40 1
18 41 1
18 49 -1
18 50 1
19 1 1
19 3 1
19 5 -1
19 6 1
19 7 1
19 8 1
19 9 1
19 11 1
19 15 1
19 16 1
19 17 -1
19 21 1
19 23 1
19 27 1
19 31 1
19 33 1
19 40 -1
19 42 1
19 45 1
19 47 -1
19 48 1
19 49 -1
20 2 1
20 4 -1
20 10 -1
20 12 1
20 15 1
20 17 1
20 18 1
20 19 1
20 24 -1
20 25 1
20 26 -1
20 28 1
20 31 1
20 32 1
20 33 1
20 35 1
20 38 -1
20 40 1
20 41 1
20 42 1
20 43 1
20 44 1
20 45 -1
20 46 1
20 47 -1
20 49 1
21 1 1
21 2 1
21 6 1
21 12 -1
21 14 1
21 16 1
21 17 1
21 24 -1
21 29 1
21 31 -1
21 32 1
21 34 -1
21 36 -1
21 37 -1
21 38 1
21 40 1
21 43 1
21 44 1
22 2 1
22 6 1
22 8 1
22 9 1
22 10 1
22 12 1
22 14 1
22 19 1
22 20 1
22 24 -1
22 25 1
22 31 1
22 36 1
22 37 1
22 39 1
22 41 -1
22 48 1
23 2 1
23 3 1
23 5 1
23 8 1
23 12 1
23 13 -1
23 15 1
23 16 -1
23 18 1
23 20 -1
23 21 1
23 22 1
23 26 1
23 28 -1
23 29 1
23 30 1
23 31 1
23 32 1
23 34 1
23 35 1
23 37 1
23 38 1
23 40 1
23 47 -1
23 48 1
24 2 1
24 3 1
24 8 1
24 9 1
24 11 1
24 14 -1
24 15 -1
24 19 1
24 23 1
24 25 1
24 27 1
24 33 -1
24 34 1
24 41 1
24 42 1
24 43 1
24 44 1
24 46 1
24 48 -1
24 49 1
24 50 -1
25 1 1
25 3 1
25 5 1
25 8 1
25 14 1
25 21 1
25 33 1
25 37 1
25 41 1
25 42 1
25 43 1
25 46 1
25 47 1
26 3 1
26 4 1
26 9 1
26 12 1
26 15 1
26 16 1
26 18 1
26 19 1
26 21 1
26 24 1
26 28 1
26 29 1
26 33 1
26 34 1
26 35 1
26 37 1
26 38 1
26 42 1
26 43 1
26 45 1
26 46 1
26 50 1
27 1 -1
27 2 -1
27 4 -1
27 14 1
27 20 -1
27 22 1
27 23 1
27 25 -1
27 29 1
27 35 -1
27 37 1
27 41 1
27 48 1
27 49 1
27 50 1
28 7 1
28 12 1
28 15 -1
28 17 1
28 18 1
28 21 1
28 22 1
28 24 -1
28 30 -1
28 32 -1
28 42 -1
28 43 1
28 45 1
28 46 1
29 6 1
29 9 -1
29 10 1
29 11 -1
29 13 1
29 16 1
29 18 1
29 19 -1
29 20 1
29 24 1
29 25 -1
29 28 1
29 30 1
29 32 1
29 33 1
29 36 1
29 37 -1
29 39 1
29 42 1
29 43 1
29 44 1
29 45 1
29 48 1
30 1 -1
30 5 1
30 6 -1
30 8 1
30 9 1
30 11 -1
30 13 -1
30 15 1
30 16 1
30 17 1
30 18 -1
30 19 1
30 20 1
30 21 1
30 22 1
30 24 1
30 26 1
30 27 1
30 33 1
30 35 1
30 36 1
30 43 1
30 46 1
30 48 1
30 49 1
31 9 1
31 10 1
31 11 1
31 12 1
31 13 1
31 15 1
31 24 1
31 25 -1
31 26 -1
31 27 1
31 28 1
31 30 1
31 32 1
31 33 1
31 38 -1
31 44 -1
31 46 1
31 47 1
31 48 1
32 1 1
32 6 1
32 7 -1
32 8 -1
32 9 -1
32 10 1
32 15 1
32 19 -1
32 22 1
32 24 -1
32 27 -1
32 30 1
32 33 1
32 37 1
32 39 1
32 46 -1
32 50 -1
33 1 1
33 2 1
33 6 1
33 7 1
33 14 -1
33 18 1
33 21 1
33 22 1
33 23 1
33 27 1
33 34 1
33 36 -1
33 40 -1
33 44 -1
33 45 1
34 1 1
34 3 1
34 6 1
34 7 1
34 12 1
34 20 1
34 25 1
34 29 1
34 31 1
34 32 -1
34 40 1
34 41 1
34 43 1
34 45 1
34 46 -1
34 48 1
34 50 -1
35 1 1
35 4 -1
35 7 1
35 8 1
35 10 1
35 13 1
35 14 1
35 16 1
35 17 1
35 19 1
35 21 1
35 22 -1
35 25 1
35 28 1
35 29 -1
35 37 1
35 38 1
35 39 -1
35 44 1
35 45 1
36 1 1
36 2 1
36 4 -1
36 5 1
36 6 1
36 7 -1
36 8 1
36 9 1
36 11 1
36 12 1
36 13 1
36 18 1
36 19 1
36 20 1
36 23 1
36 26 1
36 27 1
36 28 -1
36 31 1
36 32 1
36 34 1
36 35 1
36 38 1
36 44 1
36 48 1
36 50 1
37 1 1
37 2 1
37 6 -1
37 13 1
37 15 1
37 19 1
37 20 1
37 24 -1
37 28 1
37 31 1
37 34 1
37 36 1
37 38 1
37 39 1
37 42 1
37 44 1
37 45 1
38 2 1
38 4 1
38 6 1
38 7 1
38 9 1
38 10 1
38 13 -1
38 15 1
38 19 1
38 22 -1
38 24 1
38 27 -1
38 29 1
38 30 1
38 33 1
38 41 1
38 42 1
38 43 -1
38 44 -1
39 1 1
39 5 1
39 7 1
39 8 1
39 10 1
39 11 1
39 14 1
39 19 1
39 20 1
39 21 1
39 23 -1
39 25 1
39 27 1
39 28 1
39 30 1
39 31 -1
39 34 -1
39 36 -1
39 38 -1
39 41 1
39 44 1
39 45 -1
39 47 1
39 49 1
40 4 1
40 14 1
40 15 1
40 16 1
40 17 1
40 22 1
40 25 1
40 26 1
40 28 1
40 31 1
40 32 -1
40 36 1
40 39 1
40 41 1
40 44 -1
40 45 1
40 48 -1
40 49 1
41 1 1
41 2 1
41 3 1
41 4 1
41 5 1
41 9 1
41 11 1
41 16 1
41 19 1
41 21 1
41 23 1
41 28 1
41 29 1
41 30 1
41 31 -1
41 33 1
41 35 1
41 36 -1
41 37 1
41 42 1
41 44 1
41 45 1
42 2 1
42 3 1
42 8 -1
42 10 1
42 14 1
42 15 1
42 17 1
42 21 1
42 22 -1
42 23 1
42 30 -1
42 31 -1
42 32 -1
42 39 -1
42 40 1
42 44 -1
42 49 -1
42 50 -1
43 2 -1
43 5 1
43 7 -1
43 11 1
43 13 1
43 14 1
43 16 -1
43 17 1
43 19 1
43 22 1
43 23 1
43 27 1
43 31 1
43 36 -1
43 37 -1
43 40 1
43 41 1
43 42 -1
44 2 1
44 3 1
44 6 1
44 12 1
44 15 1
44 16 1
44 18 1
44 19 -1
44 22 1
44 23 1
44 25 -1
44 26 -1
44 28 -1
44 32 1
44 34 -1
44 43 1
44 45 -1
44 46 -1
44 48 1
45 2 1
45 3 1
45 8 1
45 9 1
45 12 -1
45 13 1
45 15 1
45 16 1
45 22 -1
45 24 -1
45 27 1
45 30 -1
45 31 1
45 32 1
45 36 1
45 38 1
45 42 1
45 46 1
45 47 -1
45 49 1
46 1 1
46 3 1
46 4 1
46 7 1
46 11 1
46 13 -1
46 14 1
46 15 1
46 16 -1
46 18 1
46 19 -1
46 21 -1
46 23 1
46 29 -1
46 33 1
46 35 1
46 37 -1
46 40 1
46 42 1
46 43 1
46 47 1
46 48 1
47 1 1
47 5 1
47 7 1
47 10 1
47 13 -1
47 22 1
47 24 1
47 26 1
47 27 1
47 28 1
47 29 1
47 30 1
47 32 1
47 35 -1
47 36 1
47 40 1
47 41 1
47 42 -1
47 43 -1
47 49 1
48 4 1
48 5 1
48 6 1
48 8 1
48 10 1
48 11 1
48 12 -1
48 14 -1
48 20 1
48 21 -1
48 25 1
48 28 1
48 32 1
48 33 1
48 37 1
48 39 -1
48 41 1
48 42 1
48 47 1
48 49 1
49 2 1
49 3 1
49 4 1
49 5 1
49 6 -1
49 10 1
49 14 1
49 16 1
49 17 1
49 21 1
49 22 1
49 23 1
49 25 1
49 26 1
49 28 1
49 29 1
49 31 1
49 32 1
49 34 1
49 36 1
49 41 1
49 46 1
49 50 -1
50 1 1
50 2 -1
50 3 -1
50 4 1
50 11 1
50 12 -1
50 13 1
50 17 1
50 19 1
50 20 1
50 21 1
50 22 1
50 23 1
50 28 1
50 29 -1
50 31 1
50 33 1
50 35 -1
50 40 1
50 41 1
50 44 -1
50 45 1
50 46 -1
50 47 -1
