vertices: 90 edges: 2002
1 8 1
1 16 -1
1 23 -1
1 25 1
1 26 -1
1 27 1
1 28 -1
1 29 -1
1 30 1
1 31 1
1 37 1
1 40 -1
1 48 -1
1 56 -1
1 61 1
1 63 -1
1 64 -1
1 66 1
1 69 1
1 71 -1
1 72 1
1 76 1
1 81 1
1 88 -1
1 89 -1
1 90 -1
2 5 1
2 6 1
2 10 -1
2 13 1
2 16 1
2 17 -1
2 18 -1
2 21 1
2 22 -1
2 31 -1
2 36 1
2 37 1
2 46 1
2 49 1
2 60 1
2 67 -1
2 70 -1
2 73 -1
2 76 1
2 80 -1
2 85 1
2 87 1
3 2 1
3 4 1
3 5 -1
3 7 -1
3 19 1
3 20 -1
3 22 1
3 26 1
3 28 -1
3 30 1
3 32 -1
3 35 -1
3 43 -1
3 45 -1
3 47 -1
3 52 -1
3 53 -1
3 57 -1
3 58 1
3 66 -1
3 71 1
3 74 -1
3 76 -1
3 80 -1
3 81 1
3 88 1
4 1 -1
4 2 -1
4 7 1
4 14 1
4 18 1
4 19 1
4 27 1
4 30 -1
4 35 1
4 41 -1
4 54 1
4 59 -1
4 61 1
4 68 1
4 69 -1
4 73 1
4 82 -1
4 88 -1
5 9 -1
5 13 -1
5 21 -1
5 24 1
5 27 -1
5 33 -1
5 37 1
5 39 -1
5 40 1
5 42 1
5 45 1
5 46 -1
5 48 1
5 49 1
5 56 1
5 62 1
5 74 -1
5 78 1
5 82 -1
5 83 1
6 3 -1
6 4 -1
6 17 -1
6 19 1
6 23 -1
6 25 1
6 26 1
6 29 1
6 40 -1
6 41 1
6 43 -1
6 44 -1
6 46 -1
6 48 -1
6 51 1
6 53 -1
6 54 -1
6 55 -1
6 57 -1
6 63 1
6 64 -1
6 69 -1
6 75 1
6 80 -1
6 81 -1
6 89 -1
7 12 -1
7 13 1
7 16 -1
7 24 -1
7 27 1
7 28 1
7 29 1
7 31 1
7 33 -1
7 35 1
7 39 1
7 45 1
7 50 1
7 54 -1
7 56 1
7 59 1
7 60 1
7 63 1
7 66 -1
7 70 1
7 75 -1
7 77 1
7 84 -1
7 86 -1
8 3 1
8 4 1
8 7 -1
8 10 1
8 11 1
8 15 1
8 20 1
8 23 1
8 24 -1
8 26 1
8 30 -1
8 34 -1
8 36 -1
8 40 1
8 41 -1
8 49 1
8 61 1
8 64 1
8 70 -1
8 72 1
8 76 -1
8 84 1
8 88 1
8 90 1
9 4 -1
9 12 -1
9 19 1
9 20 1
9 21 -1
9 27 -1
9 30 1
9 33 1
9 34 1
9 35 1
9 37 -1
9 38 -1
9 40 1
9 43 1
9 44 1
9 48 1
9 49 1
9 57 -1
9 61 1
9 86 -1
10 6 -1
10 7 -1
10 11 -1
10 13 1
10 18 -1
10 20 1
10 25 1
10 32 -1
10 33 1
10 35 -1
10 39 -1
10 41 1
10 58 1
10 62 -1
10 70 -1
10 76 1
10 84 -1
10 86 -1
10 87 -1
10 89 1
10 90 -1
11 2 1
11 3 -1
11 6 -1
11 7 1
11 12 -1
11 22 1
11 24 -1
11 26 -1
11 27 -1
11 30 -1
11 34 1
11 36 -1
11 38 1
11 47 1
11 48 -1
11 53 1
11 57 1
11 58 -1
11 59 -1
11 61 -1
11 65 -1
11 69 1
11 73 1
11 74 1
11 75 1
11 80 1
11 83 -1
11 85 1
12 1 1
12 3 1
12 4 -1
12 17 -1
12 18 1
12 19 -1
12 20 1
12 22 -1
12 24 1
12 25 -1
12 31 -1
12 39 1
12 40 -1
12 41 1
12 45 -1
12 53 1
12 66 -1
12 68 1
12 72 1
12 73 1
12 75 -1
12 86 -1
13 12 -1
13 16 1
13 22 -1
13 24 1
13 25 1
13 33 1
13 37 -1
13 38 -1
13 40 -1
13 44 1
13 45 -1
13 49 -1
13 52 -1
13 57 -1
13 58 1
13 61 -1
13 62 1
13 69 -1
13 82 -1
13 87 -1
14 2 -1
14 3 1
14 6 1
14 10 -1
14 13 -1
14 17 1
14 22 1
14 28 1
14 29 -1
14 36 -1
14 38 -1
14 39 1
14 46 -1
14 48 1
14 52 1
14 56 -1
14 57 1
14 58 -1
14 60 1
14 62 -1
14 66 -1
14 68 -1
14 70 1
14 79 -1
14 83 -1
14 85 -1
14 86 -1
14 89 -1
15 1 -1
15 5 1
15 9 -1
15 10 -1
15 12 -1
15 14 -1
15 18 1
15 21 1
15 22 1
15 24 1
15 29 -1
15 31 1
15 34 -1
15 35 1
15 38 -1
15 39 1
15 44 -1
15 48 1
15 53 -1
15 57 1
15 63 1
15 64 -1
15 66 -1
15 68 1
15 73 -1
15 74 1
15 80 1
15 85 1
15 89 -1
16 15 -1
16 17 1
16 19 1
16 23 1
16 26 1
16 36 -1
16 40 -1
16 42 -1
16 47 -1
16 48 1
16 50 1
16 51 -1
16 52 1
16 56 -1
16 62 1
16 63 1
16 64 -1
16 68 1
16 70 -1
16 71 1
16 73 -1
16 74 1
16 75 1
16 76 1
16 77 1
16 82 1
17 1 1
17 3 1
17 4 -1
17 13 1
17 23 1
17 25 1
17 31 -1
17 32 1
17 34 -1
17 37 1
17 38 1
17 45 -1
17 54 1
17 56 -1
17 62 -1
17 64 1
17 67 1
17 69 1
17 70 1
17 76 1
17 77 -1
17 78 -1
17 81 -1
17 82 1
17 83 -1
17 88 -1
18 1 -1
18 5 -1
18 6 1
18 14 -1
18 17 1
18 20 1
18 24 1
18 31 1
18 37 -1
18 38 -1
18 44 -1
18 48 1
18 49 1
18 50 1
18 54 -1
18 56 1
18 57 1
18 59 -1
18 61 -1
18 68 1
18 73 -1
18 85 1
18 90 -1
19 7 -1
19 13 -1
19 14 -1
19 17 -1
19 35 1
19 45 -1
19 49 1
19 55 1
19 60 -1
19 62 1
19 69 -1
19 74 1
19 89 -1
20 6 -1
20 14 1
20 15 -1
20 19 -1
20 36 1
20 37 -1
20 42 1
20 50 -1
20 57 1
20 58 -1
20 59 1
20 60 -1
20 78 1
20 83 1
20 86 1
20 87 1
20 88 1
20 89 1
21 1 1
21 3 -1
21 6 1
21 13 1
21 16 1
21 18 -1
21 19 1
21 20 1
21 31 1
21 35 1
21 38 1
21 51 1
21 56 -1
21 57 -1
21 59 -1
21 62 1
21 64 -1
21 65 -1
21 69 1
21 74 1
21 81 -1
21 84 -1
21 86 1
22 1 -1
22 4 1
22 6 1
22 16 -1
22 18 1
22 31 1
22 44 -1
22 45 -1
22 46 -1
22 53 1
22 56 -1
22 59 -1
22 61 1
22 69 -1
22 70 -1
22 74 -1
22 85 1
22 87 -1
22 88 1
23 2 -1
23 4 1
23 10 -1
23 12 1
23 13 -1
23 14 1
23 25 -1
23 26 -1
23 28 -1
23 30 1
23 47 1
23 48 1
23 49 1
23 50 1
23 53 -1
23 55 -1
23 57 1
23 62 1
23 65 1
23 66 1
23 68 1
23 85 1
23 87 1
24 2 -1
24 4 -1
24 6 1
24 9 -1
24 17 -1
24 20 -1
24 25 1
24 27 1
24 37 -1
24 43 -1
24 45 1
24 47 1
24 51 1
24 54 -1
24 55 1
24 57 1
24 61 1
24 70 1
24 72 -1
24 80 -1
24 85 1
25 4 1
25 8 -1
25 11 -1
25 14 -1
25 15 1
25 19 -1
25 26 1
25 28 1
25 29 -1
25 34 -1
25 37 1
25 41 1
25 50 -1
25 52 -1
25 53 1
25 56 1
25 60 1
25 68 -1
25 70 -1
25 71 1
25 73 -1
25 76 -1
25 78 1
25 79 1
25 82 -1
25 85 1
26 4 -1
26 5 -1
26 7 -1
26 10 1
26 13 1
26 15 -1
26 17 -1
26 20 1
26 21 -1
26 22 1
26 28 1
26 30 1
26 33 1
26 39 -1
26 42 -1
26 44 -1
26 47 -1
26 50 1
26 56 -1
26 65 -1
26 78 -1
26 79 1
26 82 1
26 86 -1
26 89 -1
26 90 1
27 15 -1
27 19 1
27 21 1
27 23 -1
27 25 1
27 30 -1
27 33 1
27 34 -1
27 35 -1
27 38 1
27 40 -1
27 42 1
27 66 -1
27 69 1
27 77 1
28 2 -1
28 9 1
28 12 -1
28 16 1
28 19 -1
28 21 1
28 24 -1
28 32 1
28 33 -1
28 35 -1
28 36 1
28 46 1
28 51 -1
28 59 1
28 76 1
28 79 -1
28 90 -1
29 2 -1
29 3 1
29 4 -1
29 5 -1
29 8 -1
29 16 1
29 21 -1
29 22 -1
29 26 1
29 28 -1
29 33 -1
29 34 1
29 36 1
29 37 -1
29 38 1
29 44 -1
29 51 -1
29 55 1
29 58 1
29 65 1
29 70 -1
29 76 1
29 78 -1
29 83 1
29 88 1
30 5 1
30 16 1
30 18 1
30 38 -1
30 46 -1
30 47 -1
30 49 1
30 58 1
30 61 1
30 62 -1
30 65 1
30 77 1
30 78 1
30 81 -1
30 86 1
30 90 1
31 3 1
31 4 1
31 8 -1
31 10 1
31 14 -1
31 19 -1
31 24 -1
31 25 -1
31 33 -1
31 40 1
31 43 -1
31 45 -1
31 48 1
31 49 1
31 56 -1
31 57 -1
31 60 1
31 61 -1
31 66 -1
31 67 -1
31 75 1
31 82 1
31 87 -1
31 90 1
32 1 -1
32 2 -1
32 6 -1
32 18 1
32 21 -1
32 29 -1
32 37 -1
32 38 -1
32 39 -1
32 48 1
32 53 -1
32 64 1
32 65 1
32 69 1
32 80 1
32 89 -1
33 1 1
33 11 -1
33 12 1
33 14 1
33 16 -1
33 17 -1
33 22 -1
33 23 -1
33 24 1
33 44 1
33 48 1
33 50 1
33 54 1
33 56 1
33 58 1
33 59 1
33 60 -1
33 63 1
33 65 1
33 66 -1
33 67 1
33 70 1
33 74 1
33 78 1
33 84 1
33 85 -1
33 86 1
34 2 -1
34 6 -1
34 7 -1
34 14 1
34 18 -1
34 21 1
34 23 1
34 30 1
34 32 1
34 33 1
34 37 -1
34 52 -1
34 55 1
34 56 1
34 65 -1
34 69 1
34 73 1
34 76 1
34 80 -1
34 81 1
34 82 -1
34 88 -1
34 90 1
35 5 -1
35 6 1
35 8 1
35 12 1
35 13 1
35 16 -1
35 18 -1
35 22 -1
35 23 -1
35 32 -1
35 36 -1
35 38 -1
35 40 -1
35 41 1
35 42 1
35 47 1
35 50 1
35 51 1
35 59 1
35 60 1
35 64 1
35 65 1
35 69 1
35 78 -1
35 79 1
35 83 -1
35 85 1
35 89 1
36 9 1
36 12 -1
36 26 -1
36 32 1
36 33 -1
36 37 1
36 55 -1
36 57 -1
36 61 -1
36 65 -1
36 67 1
36 70 1
36 71 -1
36 72 1
36 78 1
36 79 1
36 84 1
36 86 1
36 87 -1
36 89 1
37 6 1
37 7 1
37 8 -1
37 11 1
37 12 -1
37 28 1
37 38 1
37 39 1
37 40 1
37 41 -1
37 44 1
37 48 -1
37 51 -1
37 63 1
37 65 1
37 67 -1
37 72 -1
37 74 -1
37 75 -1
37 83 -1
37 85 -1
37 87 -1
38 5 1
38 19 -1
38 22 1
38 26 -1
38 31 -1
38 34 -1
38 36 -1
38 43 -1
38 45 1
38 46 -1
38 48 1
38 49 -1
38 58 1
38 60 -1
38 61 1
38 62 -1
38 63 -1
38 68 -1
38 69 1
38 71 -1
38 72 -1
38 75 1
38 82 1
38 85 -1
38 87 -1
39 1 -1
39 3 -1
39 11 1
39 16 -1
39 23 -1
39 24 1
39 27 -1
39 31 1
39 33 -1
39 44 1
39 47 1
39 55 1
39 58 1
39 65 1
39 68 1
39 70 -1
39 90 1
40 4 -1
40 10 1
40 11 1
40 14 -1
40 15 -1
40 21 1
40 23 1
40 26 -1
40 30 1
40 32 -1
40 45 1
40 50 1
40 53 1
40 62 1
40 64 -1
40 66 -1
40 67 -1
40 69 -1
40 72 -1
40 78 -1
41 7 -1
41 11 1
41 16 -1
41 19 1
41 29 1
41 33 1
41 36 -1
41 40 1
41 44 1
41 49 1
41 55 -1
41 56 1
41 59 -1
41 63 1
41 66 1
41 69 1
41 75 1
41 78 -1
41 81 -1
41 87 -1
41 88 1
41 90 1
42 2 -1
42 3 -1
42 10 -1
42 12 1
42 17 -1
42 23 -1
42 28 1
42 29 1
42 30 -1
42 33 -1
42 34 -1
42 36 -1
42 37 1
42 39 -1
42 48 -1
42 54 1
42 56 1
42 60 -1
42 61 1
42 63 1
42 70 1
42 75 1
42 76 -1
42 90 -1
43 7 -1
43 13 -1
43 14 -1
43 16 -1
43 19 -1
43 21 1
43 23 1
43 25 -1
43 26 1
43 28 -1
43 32 -1
43 33 -1
43 35 -1
43 39 1
43 46 1
43 47 -1
43 50 1
43 51 1
43 56 1
43 57 -1
43 58 -1
43 65 -1
43 70 1
43 73 -1
43 77 -1
43 79 -1
43 80 -1
43 84 1
43 85 -1
43 87 1
44 3 1
44 7 -1
44 16 -1
44 19 1
44 25 1
44 31 1
44 36 1
44 43 1
44 48 1
44 49 -1
44 52 -1
44 56 1
44 65 -1
44 66 -1
44 67 1
44 73 -1
44 81 1
44 82 1
44 84 -1
44 87 1
44 88 1
45 4 -1
45 16 1
45 23 1
45 34 1
45 49 -1
45 50 1
45 51 -1
45 53 -1
45 58 1
45 64 -1
45 66 1
45 71 -1
45 72 -1
45 76 1
45 79 -1
45 81 1
45 89 1
45 90 1
46 1 1
46 3 1
46 4 1
46 11 -1
46 15 1
46 19 1
46 20 1
46 23 1
46 33 -1
46 36 1
46 37 1
46 42 1
46 49 -1
46 50 -1
46 53 1
46 58 -1
46 60 -1
46 62 1
46 64 -1
46 65 1
46 68 1
46 73 -1
46 75 -1
46 76 1
46 77 -1
46 88 1
46 89 -1
46 90 -1
47 6 -1
47 7 1
47 9 1
47 10 -1
47 17 -1
47 20 -1
47 21 1
47 22 -1
47 28 1
47 32 -1
47 38 1
47 44 -1
47 45 1
47 46 1
47 58 -1
47 68 1
47 71 -1
47 72 -1
47 74 1
47 80 -1
47 86 1
47 87 1
47 90 1
48 3 1
48 20 -1
48 22 1
48 24 1
48 28 1
48 39 1
48 40 1
48 41 -1
48 46 1
48 64 1
48 68 -1
48 79 -1
48 80 1
48 84 1
48 87 -1
48 88 1
49 7 1
49 10 1
49 11 1
49 24 1
49 25 -1
49 29 1
49 32 -1
49 34 1
49 35 -1
49 37 -1
49 50 1
49 53 -1
49 62 1
49 63 1
49 64 -1
49 70 1
49 78 -1
49 89 1
50 8 1
50 9 1
50 10 -1
50 11 -1
50 12 -1
50 15 1
50 17 1
50 19 1
50 22 -1
50 31 -1
50 36 1
50 39 1
50 44 1
50 47 1
50 53 -1
50 55 -1
50 64 -1
50 65 1
50 66 1
50 67 1
50 72 -1
50 74 1
50 76 -1
50 78 1
50 83 1
50 85 -1
50 86 -1
51 3 -1
51 5 -1
51 7 -1
51 8 1
51 10 1
51 17 1
51 19 -1
51 20 1
51 25 1
51 27 -1
51 31 -1
51 33 -1
51 39 1
51 42 1
51 44 -1
51 47 -1
51 49 1
51 57 -1
51 59 -1
51 61 1
51 62 -1
51 66 -1
51 73 -1
51 75 -1
51 82 -1
51 83 -1
51 85 -1
51 87 1
52 2 1
52 5 1
52 8 1
52 10 -1
52 15 -1
52 20 1
52 22 1
52 23 -1
52 30 1
52 33 1
52 35 -1
52 41 1
52 47 1
52 62 -1
52 69 1
52 71 1
52 72 -1
52 73 1
52 78 1
52 84 -1
52 85 1
52 87 -1
53 7 -1
53 9 -1
53 17 1
53 18 1
53 21 1
53 29 -1
53 38 1
53 44 -1
53 47 -1
53 58 1
53 61 1
53 63 1
53 66 -1
53 68 -1
53 74 -1
53 77 -1
53 82 -1
53 83 1
53 87 1
53 88 1
54 1 -1
54 5 1
54 10 -1
54 12 -1
54 20 -1
54 22 1
54 30 -1
54 35 -1
54 46 -1
54 48 1
54 50 1
54 52 -1
54 53 -1
54 60 -1
54 70 -1
54 71 -1
54 74 1
54 75 -1
54 76 -1
54 77 1
54 78 -1
54 82 -1
54 83 1
54 88 -1
54 89 -1
55 1 1
55 3 1
55 4 1
55 5 -1
55 7 1
55 9 -1
55 16 1
55 17 1
55 20 -1
55 21 1
55 25 -1
55 26 -1
55 28 1
55 33 -1
55 40 -1
55 42 1
55 44 1
55 45 1
55 53 1
55 57 -1
55 59 -1
55 60 1
55 62 1
55 70 1
55 71 -1
55 82 1
56 2 1
56 3 -1
56 4 -1
56 6 -1
56 8 1
56 10 -1
56 15 -1
56 20 -1
56 23 -1
56 35 1
56 38 -1
56 40 1
56 46 1
56 47 -1
56 50 -1
56 51 1
56 53 1
56 55 -1
56 63 1
56 65 -1
56 66 -1
56 67 -1
56 68 -1
56 78 -1
56 81 1
56 86 1
56 89 1
57 7 -1
57 10 -1
57 16 1
57 19 -1
57 22 -1
57 30 -1
57 32 -1
57 38 1
57 39 1
57 46 -1
57 47 1
57 49 1
57 52 -1
57 56 -1
57 60 1
57 62 1
57 67 1
57 68 -1
57 72 1
57 74 1
57 81 -1
57 88 1
57 89 -1
58 1 1
58 6 -1
58 16 1
58 35 -1
58 42 1
58 44 1
58 51 1
58 52 1
58 57 -1
58 68 1
58 72 -1
58 73 -1
58 75 -1
58 76 1
58 77 -1
58 89 1
59 1 -1
59 3 -1
59 29 -1
59 31 -1
59 37 -1
59 42 -1
59 44 -1
59 49 1
59 58 -1
59 63 -1
59 69 -1
59 82 -1
59 85 1
60 1 1
60 4 -1
60 5 -1
60 6 -1
60 12 1
60 15 1
60 18 1
60 26 1
60 28 -1
60 29 1
60 30 1
60 32 -1
60 37 1
60 43 -1
60 44 1
60 45 -1
60 50 1
60 51 -1
60 52 -1
60 58 -1
60 61 -1
60 68 1
60 76 1
60 81 -1
60 82 -1
60 85 1
61 10 1
61 14 1
61 17 1
61 19 1
61 25 1
61 26 1
61 28 -1
61 35 -1
61 40 1
61 43 1
61 44 -1
61 47 -1
61 52 1
61 54 1
61 57 -1
61 58 1
61 63 -1
61 64 -1
61 68 1
61 86 1
61 87 -1
62 12 1
62 15 1
62 18 -1
62 25 1
62 26 -1
62 27 1
62 33 1
62 41 1
62 43 1
62 44 -1
62 45 1
62 50 1
62 53 -1
62 63 1
62 65 1
62 67 1
62 69 -1
62 70 1
62 72 1
62 73 1
62 76 -1
62 77 1
62 79 1
62 86 1
62 88 1
63 4 1
63 5 -1
63 8 1
63 18 -1
63 20 1
63 21 -1
63 23 -1
63 24 -1
63 27 -1
63 31 -1
63 43 1
63 44 1
63 45 1
63 46 -1
63 48 -1
63 66 -1
63 67 1
63 68 -1
63 71 1
63 75 -1
63 87 1
63 88 -1
64 4 1
64 9 -1
64 13 -1
64 20 1
64 27 -1
64 29 1
64 30 1
64 31 1
64 33 -1
64 36 -1
64 39 1
64 53 1
64 54 -1
64 60 1
64 68 1
64 71 -1
64 73 1
64 75 1
64 79 -1
64 80 -1
64 88 -1
65 3 1
65 4 1
65 8 -1
65 9 -1
65 13 1
65 14 1
65 15 1
65 16 1
65 17 -1
65 18 -1
65 19 -1
65 24 -1
65 25 -1
65 38 -1
65 52 -1
65 54 -1
65 55 -1
65 58 1
65 63 -1
65 68 1
65 69 -1
65 87 1
65 88 -1
66 6 -1
66 8 -1
66 16 -1
66 17 1
66 24 1
66 26 1
66 34 -1
66 36 -1
66 48 1
66 62 1
66 67 -1
66 68 1
66 71 -1
66 72 -1
66 74 1
67 3 -1
67 5 -1
67 7 -1
67 9 -1
67 10 1
67 15 1
67 23 -1
67 24 -1
67 27 1
67 29 -1
67 32 1
67 35 -1
67 42 1
67 47 1
67 48 -1
67 51 1
67 52 1
67 55 -1
67 61 -1
67 64 -1
67 69 1
67 71 1
67 76 -1
67 77 -1
67 78 1
67 79 -1
67 80 -1
67 83 -1
67 87 -1
68 3 -1
68 6 1
68 13 -1
68 17 -1
68 21 1
68 24 1
68 26 -1
68 30 1
68 34 1
68 37 1
68 42 -1
68 44 1
68 50 -1
68 62 1
68 76 1
68 79 1
68 82 1
68 85 1
68 87 1
68 88 -1
69 2 -1
69 10 1
69 14 -1
69 16 1
69 20 1
69 29 1
69 33 1
69 45 -1
69 50 -1
69 51 -1
69 56 -1
69 57 -1
69 71 1
69 73 -1
69 83 1
69 85 1
69 86 1
69 90 -1
70 4 1
70 6 -1
70 28 1
70 30 -1
70 34 -1
70 38 1
70 47 -1
70 51 1
70 60 1
70 64 1
70 68 1
70 72 -1
70 77 1
70 80 1
70 81 -1
70 85 1
70 86 1
71 9 -1
71 11 1
71 15 -1
71 18 1
71 20 1
71 23 1
71 29 -1
71 33 1
71 34 -1
71 37 -1
71 43 -1
71 44 -1
71 48 1
71 62 1
71 68 1
71 73 -1
71 75 -1
71 79 1
71 90 1
72 4 1
72 6 -1
72 7 -1
72 14 -1
72 17 1
72 18 -1
72 22 1
72 23 -1
72 25 1
72 32 -1
72 34 -1
72 39 1
72 42 1
72 49 1
72 51 1
72 63 -1
72 73 1
72 82 1
72 84 1
73 1 1
73 3 1
73 7 -1
73 17 -1
73 22 -1
73 23 1
73 24 -1
73 27 1
73 33 1
73 35 -1
73 36 1
73 38 -1
73 41 -1
73 42 1
73 45 -1
73 47 1
73 48 -1
73 49 -1
73 50 -1
73 54 -1
73 55 1
73 66 1
73 68 -1
73 70 1
73 74 1
73 80 1
73 83 1
73 84 1
73 90 -1
74 2 -1
74 8 1
74 9 1
74 10 -1
74 14 -1
74 23 1
74 27 -1
74 30 1
74 34 1
74 36 -1
74 38 1
74 39 -1
74 48 1
74 65 1
74 69 1
74 71 1
74 83 1
74 87 -1
74 90 1
75 8 -1
75 10 1
75 29 -1
75 32 -1
75 35 1
75 36 -1
75 48 -1
75 49 1
75 53 -1
75 60 1
75 67 1
75 73 1
75 76 1
75 79 -1
75 86 1
75 90 1
76 4 -1
76 5 1
76 7 -1
76 9 -1
76 13 1
76 18 -1
76 21 -1
76 23 1
76 43 1
76 48 1
76 52 1
76 55 -1
76 63 1
76 65 -1
76 73 -1
76 77 1
76 78 1
76 79 -1
76 80 -1
76 84 -1
76 85 1
76 86 1
76 87 -1
77 4 -1
77 5 1
77 6 -1
77 8 -1
77 10 -1
77 13 1
77 14 -1
77 18 1
77 22 -1
77 23 -1
77 25 1
77 28 -1
77 34 1
77 35 -1
77 49 1
77 51 1
77 60 1
77 61 1
77 64 1
77 66 -1
77 73 1
77 89 1
78 2 -1
78 6 1
78 9 1
78 16 1
78 18 1
78 22 -1
78 31 -1
78 37 -1
78 38 -1
78 46 1
78 51 1
78 57 -1
78 58 1
78 59 -1
78 65 1
78 66 -1
78 82 -1
78 83 1
79 1 1
79 2 -1
79 4 -1
79 6 -1
79 8 -1
79 11 -1
79 16 1
79 24 -1
79 37 1
79 40 1
79 42 1
79 44 1
79 55 1
79 58 -1
79 59 1
79 61 -1
79 65 -1
79 66 -1
79 73 1
79 77 1
79 87 1
80 9 1
80 10 1
80 13 -1
80 17 1
80 18 -1
80 26 -1
80 29 -1
80 31 1
80 37 1
80 38 -1
80 41 -1
80 46 -1
80 52 1
80 53 1
80 57 -1
80 63 1
80 65 1
80 66 -1
80 68 1
80 71 1
80 77 -1
80 79 -1
80 81 1
80 84 -1
81 5 1
81 12 -1
81 16 -1
81 23 1
81 31 -1
81 33 -1
81 35 -1
81 36 -1
81 37 -1
81 48 1
81 51 -1
81 52 -1
81 53 -1
81 55 1
81 61 -1
81 63 -1
81 65 1
81 66 1
81 73 1
81 74 -1
81 76 -1
81 82 -1
81 83 1
81 89 1
82 1 -1
82 7 1
82 8 -1
82 9 1
82 11 -1
82 14 1
82 20 -1
82 21 1
82 27 -1
82 35 -1
82 39 1
82 40 1
82 41 1
82 43 1
82 56 1
82 57 -1
82 62 -1
82 64 1
82 65 1
82 74 1
82 75 -1
83 2 1
83 4 -1
83 8 1
83 10 1
83 15 1
83 24 1
83 28 -1
83 39 1
83 40 1
83 41 1
83 45 -1
83 47 1
83 48 1
83 59 -1
83 61 -1
83 64 -1
83 66 -1
83 70 1
83 72 -1
83 75 1
83 76 -1
83 77 -1
83 79 1
83 80 -1
83 84 1
83 85 1
84 6 1
84 25 -1
84 26 1
84 27 -1
84 28 1
84 31 1
84 32 1
84 34 1
84 35 1
84 38 1
84 40 -1
84 41 -1
84 42 1
84 45 1
84 47 1
84 49 -1
84 55 -1
84 56 1
84 59 -1
84 61 -1
84 62 1
84 64 1
84 74 1
84 79 1
84 87 1
85 3 -1
85 4 -1
85 5 -1
85 7 1
85 8 -1
85 12 -1
85 17 -1
85 20 1
85 27 -1
85 29 -1
85 36 1
85 44 1
85 47 1
85 53 1
85 55 -1
85 56 1
85 58 1
85 64 -1
85 67 -1
85 71 1
85 77 -1
85 82 -1
85 84 1
85 90 -1
86 1 -1
86 4 1
86 5 1
86 11 1
86 15 1
86 19 1
86 22 1
86 28 -1
86 31 -1
86 34 1
86 38 -1
86 39 -1
86 40 -1
86 42 -1
86 43 -1
86 51 1
86 54 1
86 57 1
86 60 -1
86 68 -1
86 73 1
86 74 -1
86 79 1
86 84 1
86 85 -1
86 87 1
87 9 1
87 24 1
87 25 1
87 27 1
87 29 1
87 35 -1
87 50 -1
87 55 1
87 57 -1
87 59 1
87 64 -1
87 69 1
87 72 -1
87 78 -1
88 2 -1
88 7 1
88 11 1
88 12 1
88 14 -1
88 15 -1
88 16 1
88 21 1
88 23 1
88 24 -1
88 26 1
88 30 -1
88 31 1
88 35 -1
88 38 -1
88 39 1
88 45 -1
88 47 -1
88 51 -1
88 59 -1
88 66 -1
88 69 1
88 74 -1
88 75 -1
88 78 1
88 81 1
88 85 -1
88 86 -1
88 87 1
88 89 1
89 3 -1
89 5 1
89 9 1
89 12 -1
89 17 -1
89 22 1
89 25 1
89 28 1
89 29 1
89 30 -1
89 34 1
89 38 -1
89 40 1
89 41 -1
89 44 1
89 48 1
89 50 -1
89 52 1
89 53 -1
89 55 1
89 60 -1
89 61 -1
89 70 1
89 71 1
89 73 1
89 75 -1
89 76 1
89 78 -1
89 80 1
90 2 -1
90 11 -1
90 12 -1
90 20 -1
90 36 1
90 43 1
90 54 -1
90 58 1
90 60 -1
90 66 -1
90 79 -1
90 80 1
90 81 1
90 83 -1
90 86 1
90 89 -1
