vertices: 50 edges: 612
1 2 -1
1 7 -1
1 9 -1
1 11 -1
1 23 -1
1 25 -1
1 31 -1
1 32 -1
1 33 1
1 34 -1
1 36 -1
1 37 -1
1 42 1
1 43 -1
1 45 -1
1 48 1
2 5 -1
2 11 -1
2 13 -1
2 14 -1
2 16 -1
2 19 -1
2 25 -1
2 26 -1
2 33 -1
2 35 -1
2 36 1
2 39 -1
2 44 -1
2 46 -1
3 4 -1
3 12 -1
3 14 1
3 21 -1
3 26 1
3 31 -1
3 34 1
3 36 -1
3 37 -1
3 40 -1
3 41 -1
4 1 1
4 2 -1
4 13 -1
4 18 -1
4 20 1
4 25 -1
4 28 1
4 36 1
4 40 -1
4 43 -1
4 45 -1
5 4 1
5 8 -1
5 12 -1
5 14 -1
5 18 -1
5 21 1
5 24 -1
5 32 -1
5 39 -1
5 42 -1
5 44 -1
5 45 1
5 47 1
6 7 -1
6 8 1
6 11 1
6 12 -1
6 14 -1
6 15 -1
6 17 -1
6 18 -1
6 19 -1
6 20 1
6 25 -1
6 28 -1
6 38 -1
6 47 -1
7 2 -1
7 3 -1
7 8 -1
7 14 1
7 19 -1
7 34 1
7 36 -1
7 44 -1
7 45 -1
7 48 -1
8 3 -1
8 10 -1
8 15 -1
8 16 1
8 17 -1
8 22 -1
8 25 -1
8 38 -1
8 39 -1
8 41 -1
8 45 -1
8 47 -1
8 49 1
9 4 -1
9 7 -1
9 11 -1
9 12 1
9 19 -1
9 23 -1
9 25 -1
9 26 -1
9 29 -1
9 31 1
9 34 -1
9 35 1
9 39 -1
9 48 -1
10 1 -1
10 7 -1
10 9 -1
10 17 1
10 28 -1
10 30 1
10 31 -1
10 38 -1
10 45 -1
10 46 -1
10 48 -1
10 49 -1
10 50 -1
11 10 -1
11 12 -1
11 29 1
11 31 -1
11 37 -1
11 43 -1
11 47 -1
12 1 -1
12 7 1
12 8 1
12 15 -1
12 16 -1
12 21 -1
12 24 1
12 27 -1
12 28 1
12 34 -1
12 37 -1
12 44 -1
12 45 1
12 50 1
13 5 -1
13 7 -1
13 11 -1
13 15 1
13 16 1
13 27 -1
13 33 -1
13 49 -1
14 1 1
14 9 -1
14 11 -1
14 18 -1
14 27 -1
14 35 -1
14 39 -1
14 42 -1
14 43 -1
14 44 1
14 45 -1
14 46 -1
14 47 -1
14 49 -1
15 2 -1
15 11 -1
15 17 -1
15 18 1
15 24 1
15 29 1
15 31 1
15 32 1
15 45 -1
15 46 -1
15 49 -1
16 4 -1
16 5 -1
16 10 -1
16 14 -1
16 15 -1
16 17 1
16 20 1
16 21 -1
16 24 -1
16 26 -1
16 29 -1
16 31 1
16 33 -1
16 34 -1
16 44 1
16 45 -1
16 49 -1
17 4 1
17 5 -1
17 11 -1
17 12 -1
17 19 -1
17 22 -1
17 29 -1
17 32 -1
18 2 -1
18 7 -1
18 10 -1
18 16 -1
18 19 -1
18 20 -1
18 22 -1
18 23 1
18 25 1
18 28 1
18 31 -1
18 35 -1
18 37 -1
18 38 -1
19 4 -1
19 5 -1
19 8 -1
19 12 -1
19 14 -1
19 16 -1
19 20 -1
19 21 -1
19 24 1
19 27 1
19 32 -1
19 34 -1
19 38 -1
20 1 -1
20 2 -1
20 7 1
20 11 -1
20 12 -1
20 15 -1
20 23 -1
20 24 1
20 29 -1
20 42 -1
21 2 -1
21 7 -1
21 20 -1
21 24 -1
21 29 -1
21 32 -1
21 40 -1
21 46 1
22 1 -1
22 6 -1
22 7 -1
22 9 -1
22 10 -1
22 12 -1
22 13 -1
22 15 -1
22 19 -1
22 24 -1
22 25 -1
22 26 -1
22 28 -1
22 30 -1
22 34 -1
22 39 -1
22 46 -1
22 47 -1
23 2 -1
23 3 -1
23 4 -1
23 13 -1
23 21 -1
23 22 -1
23 26 1
23 32 -1
23 39 -1
23 45 1
23 47 1
23 48 -1
23 49 -1
24 1 -1
24 3 -1
24 6 1
24 9 -1
24 10 -1
24 11 1
24 23 1
24 27 -1
24 29 1
24 32 -1
24 44 1
24 45 1
24 47 -1
25 5 1
25 7 -1
25 12 -1
25 19 -1
25 23 -1
25 24 1
25 28 -1
25 36 -1
25 37 -1
25 41 -1
25 42 -1
25 44 -1
25 48 -1
25 49 -1
25 50 -1
26 4 -1
26 7 -1
26 12 -1
26 13 1
26 14 -1
26 15 1
26 19 -1
26 21 -1
26 25 -1
26 28 -1
26 29 -1
26 35 1
26 39 -1
26 41 1
26 43 -1
26 44 -1
26 45 1
26 47 -1
26 50 -1
27 1 -1
27 2 1
27 5 -1
27 6 1
27 11 -1
27 15 -1
27 17 -1
27 18 -1
27 20 -1
27 25 -1
27 28 -1
27 31 1
27 32 -1
27 34 1
27 36 -1
27 41 -1
27 45 -1
28 5 1
28 9 -1
28 13 -1
28 17 -1
28 19 -1
28 31 -1
28 33 -1
28 35 -1
28 45 -1
28 50 1
29 1 1
29 6 -1
29 8 -1
29 10 -1
29 13 -1
29 23 -1
29 27 -1
29 28 -1
29 35 1
29 39 -1
29 40 -1
29 42 -1
30 5 -1
30 6 1
30 7 -1
30 12 -1
30 13 -1
30 18 -1
30 20 1
30 21 -1
30 26 -1
30 28 -1
30 31 1
30 33 -1
30 34 -1
30 35 -1
30 38 -1
30 42 -1
31 17 -1
31 21 -1
31 40 -1
31 41 1
31 42 1
31 48 -1
32 4 -1
32 9 -1
32 10 -1
32 26 -1
32 34 -1
32 37 -1
32 39 -1
32 40 -1
32 46 1
33 6 -1
33 8 -1
33 17 -1
33 19 -1
33 35 -1
33 39 -1
33 45 -1
33 46 -1
33 47 -1
34 2 1
34 10 -1
34 17 -1
34 20 -1
34 24 -1
34 25 -1
34 26 -1
34 28 -1
34 33 -1
34 47 -1
35 3 -1
35 4 1
35 5 -1
35 11 1
35 12 -1
35 15 -1
35 16 1
35 19 1
35 27 -1
35 37 -1
35 50 -1
36 6 -1
36 9 1
36 12 -1
36 13 1
36 17 -1
36 23 -1
36 28 -1
36 30 -1
36 31 -1
36 41 -1
36 47 -1
36 50 1
37 4 -1
37 13 -1
37 17 -1
37 21 -1
37 24 -1
37 42 1
37 49 -1
37 50 -1
38 4 -1
38 5 1
38 9 -1
38 14 -1
38 15 -1
38 20 1
38 29 -1
38 32 -1
38 39 -1
38 42 -1
38 46 -1
38 48 -1
38 50 -1
39 3 -1
39 7 -1
39 11 -1
39 15 -1
39 17 -1
39 24 -1
39 30 -1
39 31 -1
39 43 -1
39 47 -1
40 5 -1
40 11 -1
40 12 -1
40 16 1
40 25 -1
40 30 -1
40 34 -1
40 41 -1
40 43 -1
40 49 -1
40 50 -1
41 4 -1
41 7 -1
41 11 -1
41 15 -1
41 16 -1
41 24 -1
41 32 1
41 35 -1
41 45 -1
41 47 -1
41 49 -1
42 6 -1
42 8 1
42 9 -1
42 13 -1
42 16 -1
42 17 -1
42 18 -1
42 21 -1
42 24 -1
42 27 1
42 32 -1
42 35 -1
42 36 -1
42 39 -1
42 40 -1
42 43 1
42 46 -1
42 48 -1
43 3 -1
43 6 -1
43 7 -1
43 8 1
43 10 -1
43 12 -1
43 17 -1
43 18 -1
43 21 -1
43 22 -1
43 28 -1
43 30 -1
43 31 -1
43 32 1
43 35 -1
43 36 -1
43 38 1
43 44 -1
43 47 -1
44 4 1
44 6 -1
44 18 -1
44 19 1
44 22 -1
44 28 1
44 31 -1
44 35 -1
44 36 -1
44 42 -1
44 46 -1
44 48 -1
44 49 -1
45 2 -1
45 18 1
45 21 -1
45 25 -1
45 29 -1
45 34 -1
45 35 -1
45 36 -1
45 40 -1
45 42 -1
45 47 -1
46 1 -1
46 28 -1
46 29 -1
46 31 -1
46 34 1
46 35 1
46 36 -1
46 41 1
46 43 -1
46 47 -1
46 48 -1
47 1 -1
47 3 1
47 9 -1
47 10 -1
47 12 -1
47 15 -1
47 27 -1
47 30 -1
47 35 -1
48 6 -1
48 15 1
48 16 -1
48 21 -1
48 30 -1
48 36 -1
48 43 -1
48 50 -1
49 1 -1
49 3 -1
49 4 -1
49 11 -1
49 19 -1
49 20 -1
49 22 -1
49 31 -1
49 46 -1
49 47 -1
49 48 -1
49 50 -1
50 2 -1
50 7 -1
50 13 -1
50 17 -1
50 18 -1
50 19 -1
50 20 1
50 22 -1
50 30 -1
50 33 -1
50 39 1
50 42 1
50 43 -1
50 45 -1
50 46 1
