vertices: 70 edges: 483
1 18 1
1 19 -1
1 20 -1
1 26 -1
1 27 1
1 44 -1
1 59 -1
1 68 1
2 33 1
2 37 -1
2 38 1
2 63 -1
2 64 -1
3 1 -1
3 7 1
3 11 1
3 17 1
3 20 1
3 27 1
3 30 -1
3 37 1
4 34 -1
4 35 -1
4 36 1
4 46 1
4 66 1
4 69 1
5 25 1
5 31 -1
5 34 -1
5 61 1
6 1 -1
6 10 -1
6 34 -1
6 55 1
6 59 -1
6 67 1
7 16 1
7 17 -1
7 25 1
7 28 -1
7 49 1
7 53 1
7 70 1
8 22 1
8 24 1
8 26 1
8 35 1
8 43 -1
8 44 1
8 45 1
8 46 -1
8 52 -1
8 55 1
8 62 -1
8 70 -1
9 1 1
9 5 1
9 21 1
9 48 1
9 58 -1
9 60 1
9 69 -1
10 27 -1
10 33 1
10 35 1
10 49 -1
10 50 -1
10 59 1
11 2 -1
11 6 -1
11 15 1
11 39 -1
11 46 -1
11 48 -1
11 50 1
11 52 1
11 53 -1
11 56 1
11 61 -1
12 3 1
12 7 1
12 10 -1
12 13 -1
12 27 1
12 28 1
12 33 1
12 42 1
12 60 -1
12 61 -1
12 66 -1
12 67 -1
13 25 -1
13 38 1
13 47 -1
14 5 -1
14 27 -1
14 30 -1
14 40 1
14 44 1
14 63 -1
14 69 -1
15 3 1
15 4 -1
15 16 1
15 18 1
15 35 -1
15 39 1
15 42 1
15 43 -1
15 50 1
15 51 1
15 53 -1
15 55 -1
15 57 -1
15 62 1
16 32 1
16 50 -1
16 57 1
16 61 1
17 2 -1
17 5 1
17 9 -1
17 10 1
17 11 1
17 25 -1
17 35 1
17 52 -1
18 7 -1
18 11 -1
18 21 -1
18 41 1
18 52 1
18 55 1
18 68 -1
18 70 -1
19 13 -1
19 24 1
20 5 -1
20 9 -1
20 11 -1
20 12 1
20 19 -1
20 28 -1
20 34 1
20 37 -1
20 38 1
20 43 1
20 69 1
21 34 1
21 35 -1
21 48 1
22 1 1
22 7 -1
22 17 1
22 21 1
22 26 -1
22 30 -1
22 50 1
22 52 -1
22 65 1
22 67 -1
23 12 -1
23 18 1
23 38 1
23 55 1
23 57 -1
23 58 -1
24 13 1
24 14 -1
24 28 1
24 30 -1
24 44 -1
24 51 1
24 52 -1
24 64 1
25 4 1
25 6 -1
25 24 1
25 34 -1
25 35 1
25 43 1
25 49 1
25 69 1
26 5 -1
26 16 -1
26 20 -1
26 27 1
26 41 -1
26 48 1
26 53 1
26 62 -1
26 64 -1
27 9 1
27 58 1
27 65 -1
28 3 1
28 11 1
28 14 1
28 31 -1
28 42 -1
28 47 1
28 59 1
29 1 -1
29 7 1
29 9 1
29 14 -1
29 19 -1
29 24 -1
29 31 -1
29 35 -1
29 38 -1
29 45 -1
29 49 -1
29 60 1
29 61 -1
29 69 -1
30 13 1
30 49 -1
30 58 1
30 66 1
30 70 -1
31 6 1
31 8 -1
31 15 -1
31 18 -1
31 24 1
31 34 1
31 43 -1
31 59 1
31 62 -1
32 6 1
32 7 1
32 8 1
32 14 -1
32 24 1
32 48 1
32 51 1
32 55 1
32 66 -1
33 6 1
33 17 -1
33 28 1
33 32 1
33 42 1
33 54 1
33 55 1
33 68 1
34 12 -1
34 15 1
34 23 1
34 38 -1
34 47 1
34 48 1
34 58 -1
34 68 -1
35 12 1
35 56 -1
35 60 -1
35 62 -1
35 67 -1
36 7 1
36 11 -1
36 19 -1
36 23 -1
36 29 -1
36 44 1
36 54 1
36 57 -1
36 63 -1
36 67 1
37 14 -1
37 22 1
37 28 -1
37 30 1
37 32 -1
37 41 1
37 42 -1
37 58 1
37 66 -1
38 3 1
38 5 1
38 7 1
38 11 1
38 35 -1
38 42 -1
38 48 -1
38 50 -1
38 56 1
39 10 1
39 20 -1
39 28 -1
39 30 1
39 31 1
39 32 -1
39 59 1
39 65 1
40 18 -1
40 19 -1
40 38 1
40 48 1
40 58 1
40 65 1
41 15 1
41 21 1
41 28 1
41 33 -1
41 38 -1
41 45 -1
41 62 -1
42 5 1
42 10 1
42 17 1
42 43 1
42 53 -1
42 66 1
43 7 1
43 24 1
43 56 1
44 13 -1
44 16 -1
44 26 1
44 32 1
44 45 -1
44 59 -1
44 66 1
45 38 -1
45 51 -1
45 53 -1
45 67 1
46 9 1
46 14 -1
46 17 1
46 20 1
46 29 -1
46 39 1
46 54 1
46 56 -1
46 60 -1
47 50 1
47 56 -1
48 7 1
49 14 1
49 19 1
49 62 1
49 64 -1
50 37 1
50 42 1
51 46 -1
51 47 -1
51 52 1
51 53 1
51 61 -1
51 62 1
51 64 1
52 3 -1
52 14 -1
52 23 1
52 30 1
52 32 -1
52 33 -1
52 38 1
52 60 -1
53 5 1
53 10 -1
53 16 1
53 22 1
53 29 1
53 31 -1
53 34 -1
53 38 1
53 39 1
53 41 1
53 43 1
53 56 -1
53 65 1
53 66 -1
53 68 1
54 14 1
54 24 -1
54 42 -1
54 48 -1
54 57 -1
54 63 -1
54 67 -1
55 13 1
55 16 -1
55 22 -1
55 51 1
55 66 1
56 30 -1
56 59 1
56 66 -1
57 11 1
57 13 1
57 21 -1
57 22 1
57 40 -1
57 60 -1
57 63 -1
57 70 -1
58 6 -1
58 7 1
58 8 -1
58 10 1
58 16 -1
58 21 -1
58 43 -1
58 44 -1
58 56 1
58 57 1
58 61 1
58 64 1
59 21 1
59 49 1
59 55 1
59 57 1
60 36 1
60 44 1
60 59 -1
61 2 1
61 17 -1
61 38 1
62 16 -1
62 17 -1
62 42 1
62 67 1
62 69 -1
63 16 -1
63 22 1
63 27 1
63 31 -1
63 34 -1
63 35 -1
63 41 1
63 45 1
63 62 1
63 66 1
63 70 -1
64 37 -1
64 44 -1
64 60 1
65 14 1
65 30 1
65 32 -1
65 34 1
65 48 -1
65 56 -1
65 70 1
66 5 -1
66 28 -1
66 46 -1
66 47 1
66 49 1
66 50 -1
66 52 -1
66 68 -1
66 70 -1
67 8 -1
67 14 -1
67 24 -1
67 25 -1
67 27 -1
67 28 -1
67 32 -1
67 44 1
67 55 -1
67 69 -1
68 8 -1
68 29 1
68 37 1
68 43 -1
68 45 1
68 47 1
69 26 -1
69 42 -1
69 55 -1
69 56 1
69 57 -1
70 21 -1
70 34 1
70 53 1
70 54 -1
