vertices: 50 edges: 612
1 6 1
1 14 -1
1 15 -1
1 17 -1
1 21 -1
1 22 -1
1 28 -1
1 29 -1
1 30 1
1 32 1
1 33 -1
1 37 1
1 38 -1
1 45 1
2 7 1
2 10 -1
2 13 -1
2 15 -1
2 17 1
2 18 -1
2 20 -1
2 27 1
2 28 -1
2 30 -1
2 32 -1
2 35 -1
2 39 -1
2 43 -1
2 44 1
2 45 -1
2 47 1
3 2 1
3 7 1
3 13 -1
3 15 -1
3 17 -1
3 24 -1
3 26 -1
3 29 1
3 30 1
3 31 -1
3 34 1
3 38 1
3 40 1
3 43 1
3 44 -1
3 45 -1
4 1 1
4 3 1
4 6 1
4 7 1
4 8 -1
4 15 1
4 16 1
4 17 1
4 33 -1
4 35 1
4 36 -1
4 37 -1
4 44 -1
4 49 -1
5 4 1
5 14 -1
5 17 1
5 23 -1
5 26 1
5 28 -1
5 35 1
5 42 -1
6 2 1
6 3 -1
6 11 -1
6 14 -1
6 15 -1
6 17 1
6 18 -1
6 26 1
6 27 1
6 28 -1
6 29 -1
6 31 1
6 33 -1
6 36 -1
6 37 -1
6 42 -1
6 43 -1
6 44 1
6 46 1
6 47 1
6 49 -1
7 5 -1
7 8 1
7 10 -1
7 18 1
7 20 1
7 21 -1
7 24 -1
7 25 1
7 26 1
7 39 1
7 43 1
7 49 -1
8 1 -1
8 3 -1
8 5 -1
8 10 1
8 14 1
8 22 1
8 27 -1
8 28 -1
8 29 -1
8 40 1
8 42 -1
8 43 1
8 48 -1
8 50 -1
9 10 -1
9 12 1
9 26 -1
9 31 1
9 36 1
9 37 -1
9 39 -1
9 48 -1
9 50 1
10 5 1
10 11 -1
10 18 -1
10 19 -1
10 20 1
10 22 -1
10 23 1
10 25 -1
10 36 -1
10 37 -1
10 38 -1
10 40 1
10 48 -1
10 49 1
11 2 1
11 4 1
11 7 1
11 9 1
11 12 -1
11 13 1
11 20 1
11 24 -1
11 26 -1
11 27 -1
11 29 1
11 33 1
11 37 -1
11 43 1
11 45 -1
11 46 1
11 48 -1
12 1 1
12 2 -1
12 3 1
12 4 1
12 5 1
12 8 -1
12 16 -1
12 18 1
12 22 1
12 24 1
12 27 1
12 32 -1
12 36 1
12 38 1
12 43 1
12 45 -1
12 48 1
13 1 -1
13 8 1
13 9 1
13 10 -1
13 12 -1
13 36 -1
13 38 -1
14 3 1
14 10 -1
14 17 -1
14 19 1
14 22 1
14 30 -1
14 37 -1
14 38 -1
14 44 1
15 7 1
15 12 1
15 14 1
15 17 1
15 24 1
15 27 -1
15 31 1
15 38 -1
15 46 -1
15 48 1
16 6 1
16 8 1
16 10 -1
16 14 1
16 15 -1
16 17 -1
16 24 -1
16 26 -1
16 30 -1
16 31 -1
16 32 -1
16 36 -1
16 42 -1
16 44 1
16 46 1
17 7 -1
17 9 -1
17 10 1
17 24 -1
17 25 -1
17 27 -1
17 30 1
17 31 -1
17 35 -1
17 36 1
17 37 -1
17 40 1
17 41 -1
17 42 -1
17 49 -1
18 15 1
18 19 -1
18 22 -1
18 32 -1
18 36 1
18 39 1
18 41 -1
18 42 -1
18 48 -1
18 50 1
19 3 1
19 11 1
19 13 1
19 15 -1
19 20 1
19 26 -1
19 27 -1
19 28 -1
19 30 1
19 36 -1
19 38 1
19 39 -1
19 41 1
19 42 -1
19 44 -1
19 47 -1
20 3 1
20 4 1
20 12 1
20 15 -1
20 16 -1
20 21 1
20 24 -1
20 31 -1
20 39 1
20 46 1
20 48 -1
21 11 -1
21 12 1
21 14 -1
21 16 1
21 24 -1
21 28 -1
21 30 -1
21 33 1
21 35 1
21 40 1
21 44 1
21 45 1
21 46 -1
21 48 1
22 21 -1
22 24 -1
22 25 1
22 26 -1
22 33 -1
22 36 1
22 37 1
22 38 -1
22 44 1
22 46 -1
22 47 1
22 48 -1
23 1 1
23 3 -1
23 7 1
23 11 -1
23 13 1
23 14 -1
23 26 1
23 28 -1
23 29 1
23 30 1
23 31 1
23 37 -1
23 38 -1
23 43 -1
23 48 1
24 2 1
24 8 -1
24 31 -1
24 38 1
24 39 1
25 2 -1
25 3 1
25 5 1
25 11 1
25 13 -1
25 14 -1
25 19 1
25 20 1
25 23 -1
25 24 -1
25 26 -1
25 29 -1
25 35 -1
25 38 1
25 40 -1
26 2 1
26 20 1
26 21 -1
26 31 -1
26 33 1
26 34 1
26 45 -1
27 9 1
27 13 -1
27 18 -1
27 20 -1
27 22 1
27 23 -1
27 25 1
27 26 -1
27 28 1
27 34 -1
27 43 -1
27 44 1
27 45 1
28 11 1
28 12 1
28 13 1
28 14 1
28 20 1
28 29 -1
28 35 -1
28 36 -1
28 39 -1
28 40 -1
28 41 -1
28 45 -1
28 47 -1
28 48 -1
28 50 -1
29 2 -1
29 13 -1
29 16 1
29 31 -1
29 41 -1
29 45 -1
29 47 1
29 50 1
30 6 1
30 7 -1
30 11 -1
30 25 1
30 26 1
30 40 1
30 43 -1
30 45 1
31 4 1
31 5 1
31 11 -1
31 13 -1
31 14 -1
31 19 -1
31 21 -1
31 25 1
31 27 -1
31 28 -1
31 32 -1
31 39 1
31 47 -1
32 5 -1
32 6 -1
32 8 1
32 11 1
32 13 1
32 15 1
32 20 1
32 23 1
32 27 -1
32 28 1
32 33 1
32 37 1
32 42 -1
32 45 1
32 49 -1
33 8 1
33 9 1
33 16 1
33 19 1
33 27 -1
33 36 1
33 40 -1
33 47 1
33 49 1
34 6 1
34 7 1
34 8 -1
34 10 -1
34 16 1
34 19 1
34 21 1
34 23 -1
34 29 1
34 36 1
34 37 -1
34 42 -1
34 43 1
35 6 1
35 13 -1
35 19 -1
35 22 -1
35 26 -1
35 29 -1
35 31 1
35 32 -1
35 36 1
35 42 -1
35 46 -1
35 49 -1
36 3 1
36 15 1
36 21 -1
36 23 -1
36 24 1
36 25 -1
36 27 -1
36 37 1
36 43 -1
36 49 1
36 50 1
37 12 -1
37 13 -1
37 16 -1
37 24 1
37 27 -1
37 30 1
37 31 -1
37 33 1
37 44 1
37 47 1
37 48 -1
38 4 1
38 5 1
38 11 -1
38 20 -1
38 32 -1
38 34 1
38 35 -1
38 37 1
38 40 1
38 42 1
38 43 1
38 44 -1
38 45 1
38 46 1
38 49 -1
39 3 1
39 12 1
39 16 1
39 21 -1
39 23 1
39 25 -1
39 26 -1
39 27 1
39 30 1
39 33 -1
39 37 1
39 38 1
39 41 1
39 44 1
39 45 -1
39 50 -1
40 2 1
40 16 -1
40 22 1
40 29 -1
40 35 1
40 39 -1
40 41 1
40 46 -1
40 47 -1
40 48 1
41 1 1
41 4 -1
41 10 -1
41 13 -1
41 27 1
41 31 1
41 37 1
41 43 1
41 45 1
42 2 -1
42 7 -1
42 11 1
42 12 -1
42 13 -1
42 20 -1
42 22 1
42 23 1
42 27 -1
42 29 -1
42 36 -1
42 37 1
42 50 -1
43 9 -1
43 15 -1
43 35 1
43 37 -1
43 40 -1
43 42 -1
43 45 -1
44 11 1
44 12 -1
44 18 1
44 23 1
44 30 -1
44 32 1
44 33 -1
44 34 -1
44 35 1
44 40 1
44 46 1
45 4 -1
45 8 -1
45 9 1
45 10 1
45 13 -1
45 14 1
45 17 -1
45 18 1
45 22 1
45 35 -1
45 36 -1
46 1 -1
46 3 1
46 4 -1
46 25 -1
46 31 -1
46 32 1
46 33 1
46 34 -1
46 37 -1
46 41 -1
46 43 1
46 48 -1
47 3 1
47 5 -1
47 7 -1
47 8 1
47 12 -1
47 14 1
47 17 -1
47 26 1
47 27 -1
47 30 1
47 35 1
47 43 1
47 44 1
47 46 1
48 2 1
48 4 1
48 16 1
48 17 -1
48 32 -1
48 34 1
48 42 1
48 49 1
49 3 -1
49 9 1
49 12 -1
49 18 1
49 20 1
49 21 1
49 25 -1
49 27 1
49 39 1
49 40 1
49 43 1
49 44 1
49 45 1
50 4 -1
50 6 1
50 20 1
50 21 1
50 27 1
50 30 -1
50 34 -1
50 40 -1
50 41 -1
50 45 -1
50 49 1
