vertices: 150 edges: 2235
1 15 1
1 32 -1
1 35 -1
1 46 -1
1 48 -1
1 60 -1
1 65 -1
1 68 1
1 82 -1
1 92 1
1 106 -1
1 111 -1
1 112 -1
1 115 1
1 129 -1
1 143 1
2 11 -1
2 14 -1
2 24 -1
2 37 -1
2 38 -1
2 39 -1
2 49 -1
2 52 -1
2 65 -1
2 74 -1
2 127 -1
2 131 -1
2 142 -1
3 34 1
3 35 -1
3 55 -1
3 105 -1
3 117 -1
3 146 1
4 14 -1
4 17 -1
4 25 1
4 42 -1
4 52 1
4 89 -1
4 97 1
4 109 -1
4 134 -1
4 136 -1
4 138 -1
5 27 1
5 28 -1
5 39 1
5 41 -1
5 43 -1
5 65 -1
5 73 -1
5 86 -1
5 107 -1
5 108 1
5 117 -1
5 138 -1
5 143 -1
6 4 -1
6 23 -1
6 24 -1
6 43 -1
6 49 -1
6 56 -1
6 58 1
6 75 -1
6 82 -1
6 83 -1
6 96 -1
6 111 -1
6 121 -1
6 122 -1
6 124 -1
6 142 -1
6 148 -1
7 9 -1
7 27 -1
7 34 -1
7 37 -1
7 46 -1
7 56 1
7 69 -1
7 70 -1
7 73 -1
7 97 -1
7 105 -1
7 106 -1
7 109 -1
7 110 -1
7 121 -1
7 122 -1
7 126 -1
7 147 -1
8 19 1
8 24 -1
8 58 1
8 76 -1
8 80 -1
8 87 -1
8 106 -1
8 110 -1
8 113 -1
8 131 -1
8 146 -1
9 22 -1
9 26 -1
9 30 -1
9 37 1
9 40 -1
9 47 -1
9 52 1
9 60 -1
9 62 -1
9 87 1
9 100 -1
9 128 -1
9 134 -1
9 137 1
10 2 1
10 51 1
10 73 -1
10 80 -1
10 86 -1
10 95 -1
10 97 -1
10 98 -1
10 119 -1
10 120 1
10 126 -1
11 9 -1
11 20 -1
11 42 -1
11 43 -1
11 44 -1
11 50 1
11 53 -1
11 79 -1
11 99 -1
11 111 -1
11 115 -1
11 118 -1
12 4 -1
12 7 -1
12 24 -1
12 42 -1
12 64 -1
12 70 -1
12 72 -1
12 80 1
12 90 1
12 110 -1
12 112 -1
12 115 1
12 123 -1
12 124 -1
12 134 -1
12 143 -1
12 150 1
13 10 -1
13 12 -1
13 28 1
13 39 -1
13 63 -1
13 73 -1
13 77 -1
13 82 -1
13 89 -1
13 92 1
13 94 -1
13 100 -1
13 104 -1
13 106 -1
13 107 1
13 109 1
13 110 1
14 7 -1
14 34 -1
14 44 -1
14 62 -1
14 100 -1
14 101 -1
14 118 -1
14 128 -1
14 148 -1
15 14 -1
15 28 1
15 41 -1
15 42 1
15 62 1
15 80 -1
15 92 -1
15 99 1
15 100 -1
15 103 1
15 139 -1
15 141 -1
16 5 1
16 14 -1
16 26 -1
16 39 -1
16 41 -1
16 44 1
16 54 -1
16 65 -1
16 92 -1
16 108 -1
16 111 -1
16 113 1
16 114 -1
16 131 1
16 139 -1
17 10 -1
17 14 -1
17 19 -1
17 35 -1
17 42 -1
17 67 1
17 69 -1
17 95 -1
17 113 1
17 144 -1
17 146 -1
17 147 -1
18 41 -1
18 60 1
18 61 -1
18 73 -1
18 80 -1
18 95 -1
18 111 -1
18 113 -1
18 118 -1
18 122 -1
18 144 -1
19 16 -1
19 35 1
19 44 -1
19 53 -1
19 68 -1
19 75 -1
19 78 -1
19 83 -1
19 91 -1
19 110 -1
19 111 -1
19 113 -1
19 121 -1
19 123 -1
19 150 -1
20 9 -1
20 10 -1
20 38 -1
20 39 -1
20 48 -1
20 67 -1
20 78 -1
20 84 1
20 95 -1
20 99 -1
20 111 -1
20 116 -1
20 119 -1
20 138 -1
20 143 -1
20 150 -1
21 12 -1
21 18 -1
21 24 -1
21 25 -1
21 46 1
21 55 -1
21 57 -1
21 62 -1
21 66 -1
21 69 -1
21 82 -1
21 96 1
21 103 -1
21 125 -1
21 130 1
22 11 1
22 13 1
22 53 -1
22 65 -1
22 77 -1
22 85 -1
22 87 -1
22 109 -1
22 116 -1
22 122 -1
22 133 1
22 136 1
23 14 1
23 18 -1
23 27 -1
23 31 -1
23 38 -1
23 59 -1
23 76 -1
23 77 1
23 105 1
23 124 -1
23 145 -1
23 148 -1
24 3 1
24 13 -1
24 17 -1
24 23 -1
24 27 -1
24 34 -1
24 40 1
24 70 -1
24 96 -1
24 100 -1
24 118 -1
24 124 -1
24 133 -1
24 135 -1
24 145 -1
24 149 -1
25 3 -1
25 14 -1
25 16 1
25 23 -1
25 45 -1
25 51 -1
25 83 -1
25 106 1
25 118 -1
25 119 -1
25 124 1
25 127 -1
25 130 -1
25 131 -1
26 12 -1
26 17 1
26 19 -1
26 21 -1
26 25 -1
26 29 1
26 47 -1
26 48 -1
26 72 -1
26 73 1
26 74 -1
26 79 -1
26 92 -1
26 127 -1
26 134 1
26 135 -1
26 136 1
26 141 -1
26 142 -1
27 29 1
27 31 1
27 44 -1
27 62 -1
27 63 -1
27 66 -1
27 71 -1
27 79 -1
27 87 -1
27 105 -1
27 126 1
27 129 -1
27 130 -1
27 132 -1
27 136 -1
27 146 1
28 3 -1
28 6 -1
28 7 -1
28 21 -1
28 22 -1
28 23 -1
28 41 -1
28 50 -1
28 72 -1
28 79 -1
28 107 -1
28 108 -1
28 110 -1
28 116 -1
28 144 -1
28 149 -1
28 150 -1
29 11 1
29 51 1
29 59 -1
29 70 -1
29 72 -1
29 73 1
29 75 1
29 86 -1
29 88 -1
29 122 -1
29 135 -1
29 143 -1
30 15 -1
30 39 -1
30 40 -1
30 42 -1
30 48 -1
30 61 -1
30 63 -1
30 120 1
30 125 -1
30 132 -1
30 134 -1
30 144 -1
30 145 -1
30 147 1
31 11 -1
31 16 -1
31 18 -1
31 26 1
31 32 -1
31 34 -1
31 56 -1
31 94 -1
31 100 1
31 119 -1
31 127 -1
32 29 -1
32 37 -1
32 51 -1
32 55 -1
32 76 -1
32 88 -1
32 91 -1
32 108 -1
32 114 -1
32 130 -1
33 7 -1
33 11 -1
33 16 -1
33 35 -1
33 53 -1
33 54 -1
33 56 -1
33 63 -1
33 82 1
33 84 -1
33 117 -1
33 127 1
33 138 -1
33 145 -1
34 5 -1
34 12 -1
34 13 -1
34 19 -1
34 25 -1
34 46 -1
34 53 -1
34 63 -1
34 69 -1
34 79 1
34 84 -1
34 90 -1
34 103 -1
34 104 1
34 106 -1
34 109 -1
34 111 1
34 146 -1
35 13 -1
35 22 -1
35 23 -1
35 25 -1
35 26 -1
35 34 1
35 40 -1
35 47 -1
35 51 1
35 65 -1
35 82 1
35 85 -1
35 97 -1
35 98 -1
35 102 -1
35 129 1
35 130 -1
35 131 -1
35 132 -1
36 10 -1
36 15 -1
36 35 1
36 70 -1
36 81 -1
36 117 1
36 120 -1
36 126 -1
37 43 -1
37 46 -1
37 66 1
37 71 -1
37 80 -1
37 105 1
37 107 -1
37 112 1
37 139 -1
37 141 -1
38 7 -1
38 8 -1
38 11 -1
38 16 -1
38 22 -1
38 29 -1
38 46 -1
38 52 -1
38 53 -1
38 68 -1
38 74 -1
38 81 -1
38 85 -1
38 86 -1
38 90 -1
38 105 -1
38 111 -1
38 120 -1
38 137 -1
38 138 -1
39 3 -1
39 14 -1
39 35 1
39 53 -1
39 69 -1
39 80 1
39 107 1
39 110 -1
39 114 -1
39 135 -1
39 146 -1
40 3 -1
40 7 -1
40 13 1
40 16 -1
40 26 -1
40 27 -1
40 55 1
40 86 1
40 97 -1
40 99 -1
40 107 1
40 129 -1
40 130 -1
41 1 -1
41 2 -1
41 3 -1
41 39 1
41 51 -1
41 57 -1
41 59 -1
41 60 1
41 66 -1
41 72 -1
41 87 -1
41 93 1
41 100 -1
41 106 -1
41 146 -1
42 2 1
42 6 -1
42 9 1
42 14 -1
42 20 -1
42 23 -1
42 48 1
42 55 -1
42 58 -1
42 59 -1
42 63 -1
42 72 -1
42 84 -1
42 90 -1
42 95 -1
42 98 -1
43 20 1
43 57 1
43 68 -1
43 94 -1
43 113 1
43 131 -1
43 133 -1
43 138 -1
43 143 -1
43 145 1
43 146 1
44 22 -1
44 32 -1
44 59 -1
44 87 1
44 89 -1
44 111 -1
44 125 -1
44 126 -1
44 134 -1
45 1 1
45 2 -1
45 14 -1
45 16 -1
45 27 -1
45 34 -1
45 37 1
45 47 -1
45 53 -1
45 56 -1
45 60 1
45 77 -1
45 89 -1
45 99 -1
45 105 -1
45 110 -1
45 134 -1
45 149 1
46 2 -1
46 6 1
46 11 -1
46 17 -1
46 19 -1
46 30 1
46 32 -1
46 49 -1
46 64 1
46 68 -1
46 89 1
46 117 1
46 136 -1
46 147 -1
47 3 -1
47 27 -1
47 34 -1
47 38 -1
47 44 -1
47 46 -1
47 57 -1
47 58 -1
47 72 -1
47 77 -1
47 78 1
47 112 -1
48 4 -1
48 14 1
48 27 -1
48 38 -1
48 46 -1
48 61 -1
48 71 -1
48 75 -1
48 88 -1
48 95 -1
48 119 -1
48 121 -1
48 130 -1
48 131 -1
48 132 1
49 12 -1
49 16 -1
49 31 -1
49 51 1
49 72 -1
49 90 -1
49 94 1
49 110 -1
49 118 1
49 130 -1
49 132 1
49 134 -1
49 136 -1
49 143 -1
49 148 -1
50 2 -1
50 5 -1
50 8 -1
50 12 1
50 15 -1
50 24 -1
50 27 -1
50 45 -1
50 51 -1
50 57 -1
50 71 -1
50 79 -1
50 80 -1
50 95 -1
50 103 -1
50 107 -1
50 111 1
50 131 -1
50 132 -1
50 138 -1
51 5 -1
51 14 -1
51 15 -1
51 19 -1
51 27 -1
51 37 1
51 66 -1
51 73 -1
51 94 1
51 115 1
51 122 -1
51 130 -1
51 131 -1
51 136 -1
51 140 -1
51 141 -1
51 142 -1
52 50 -1
52 53 1
52 61 -1
52 62 -1
52 91 1
52 93 -1
52 96 -1
52 125 1
52 127 -1
52 150 -1
53 3 1
53 7 -1
53 35 -1
53 44 -1
53 54 1
53 55 -1
53 64 -1
53 67 -1
53 80 -1
53 82 -1
53 88 -1
53 94 -1
53 107 -1
53 108 1
53 116 -1
53 121 -1
53 126 -1
53 139 -1
53 142 -1
53 144 -1
53 150 -1
54 25 1
54 34 -1
54 44 -1
54 71 -1
54 75 1
54 81 -1
54 87 1
54 94 -1
54 98 1
54 114 -1
54 124 -1
54 141 1
55 1 -1
55 6 -1
55 8 -1
55 17 -1
55 26 1
55 30 -1
55 41 -1
55 52 -1
55 62 -1
55 76 -1
55 91 -1
55 121 1
55 140 1
56 3 -1
56 4 -1
56 11 -1
56 12 -1
56 19 1
56 24 -1
56 34 -1
56 40 1
56 44 -1
56 54 -1
56 55 1
56 57 -1
56 70 -1
56 84 -1
56 87 -1
56 95 -1
56 101 -1
56 104 -1
56 109 1
56 111 1
56 113 1
56 115 -1
56 121 -1
56 126 1
56 137 1
57 4 -1
57 10 -1
57 12 -1
57 17 1
57 19 -1
57 20 1
57 24 1
57 28 -1
57 49 -1
57 51 1
57 64 -1
57 65 -1
57 68 -1
57 82 1
57 85 -1
57 88 -1
57 94 -1
57 97 -1
57 98 -1
57 100 -1
57 102 -1
57 109 -1
57 111 -1
57 117 -1
57 121 -1
57 146 -1
57 148 -1
58 1 -1
58 29 -1
58 32 -1
58 33 -1
58 35 -1
58 69 -1
58 87 -1
58 97 -1
58 117 -1
58 135 1
58 140 -1
59 5 -1
59 27 -1
59 48 -1
59 55 -1
59 67 -1
59 73 -1
59 85 -1
59 95 1
59 107 -1
59 109 -1
59 116 -1
59 117 -1
59 124 -1
59 133 -1
59 143 -1
59 144 -1
60 8 -1
60 17 -1
60 44 -1
60 63 -1
60 94 1
60 96 -1
60 115 -1
60 116 -1
60 123 1
61 4 -1
61 10 -1
61 12 -1
61 13 1
61 24 -1
61 27 1
61 33 -1
61 35 1
61 41 -1
61 42 -1
61 45 -1
61 63 -1
61 65 -1
61 71 1
61 96 -1
61 102 -1
61 112 -1
61 119 -1
61 127 -1
61 137 -1
61 138 -1
61 139 -1
62 1 -1
62 11 -1
62 16 -1
62 22 1
62 26 -1
62 31 -1
62 56 -1
62 57 -1
62 74 -1
62 75 -1
62 81 -1
62 101 -1
62 108 -1
62 121 -1
62 122 -1
62 135 -1
63 5 1
63 9 1
63 16 -1
63 50 1
63 54 -1
63 58 -1
63 62 -1
63 66 1
63 67 -1
63 82 -1
63 85 -1
63 95 -1
63 104 -1
63 122 -1
63 127 -1
63 132 -1
63 134 -1
63 136 -1
63 138 -1
64 3 -1
64 4 1
64 8 -1
64 17 1
64 18 -1
64 25 -1
64 32 -1
64 37 -1
64 44 -1
64 51 -1
64 61 -1
64 76 -1
64 81 1
64 86 -1
64 100 -1
64 104 1
64 106 -1
64 118 1
64 119 -1
64 122 -1
64 130 -1
64 140 -1
64 144 1
64 147 -1
65 14 -1
65 21 -1
65 24 -1
65 25 -1
65 30 -1
65 43 -1
65 63 -1
65 76 -1
65 92 -1
65 107 1
65 109 -1
65 110 -1
65 111 -1
65 113 1
65 117 -1
65 120 -1
65 124 -1
66 2 -1
66 6 -1
66 17 -1
66 56 -1
66 65 1
66 76 -1
66 107 -1
66 130 -1
66 132 -1
66 140 -1
66 148 -1
67 18 -1
67 29 -1
67 44 -1
67 45 -1
67 52 -1
67 56 -1
67 57 -1
67 68 -1
67 75 -1
67 77 -1
67 86 1
67 94 -1
67 95 -1
67 112 -1
67 120 -1
67 133 -1
67 149 -1
68 2 -1
68 21 -1
68 41 -1
68 52 -1
68 76 -1
68 77 -1
68 94 -1
68 102 -1
68 118 1
68 122 1
68 131 -1
68 136 -1
69 5 -1
69 10 -1
69 20 -1
69 25 1
69 30 -1
69 37 1
69 45 -1
69 55 1
69 56 1
69 60 -1
69 63 -1
69 78 -1
69 85 -1
69 89 -1
69 99 -1
69 101 -1
69 109 -1
69 131 -1
69 138 -1
70 1 1
70 19 -1
70 20 -1
70 26 1
70 28 1
70 42 -1
70 49 -1
70 50 1
70 55 -1
70 62 1
70 75 -1
70 98 -1
70 106 -1
70 108 -1
70 120 -1
70 145 -1
71 3 -1
71 6 -1
71 15 -1
71 24 -1
71 26 -1
71 44 1
71 47 1
71 75 -1
71 98 -1
71 111 -1
71 114 -1
71 116 1
71 141 -1
72 2 -1
72 7 -1
72 9 -1
72 31 1
72 34 -1
72 40 -1
72 55 -1
72 58 -1
72 59 -1
72 73 -1
72 87 -1
72 96 -1
72 115 -1
72 117 -1
72 127 -1
72 131 -1
72 137 -1
72 142 -1
73 11 1
73 32 -1
73 37 -1
73 40 1
73 62 -1
73 66 -1
73 68 -1
73 70 -1
73 82 -1
73 84 1
73 93 -1
73 98 -1
73 101 -1
73 102 -1
73 104 -1
73 132 1
73 148 -1
74 1 1
74 6 -1
74 20 -1
74 41 -1
74 42 -1
74 45 -1
74 59 -1
74 66 1
74 75 -1
74 77 -1
74 94 -1
74 102 1
74 110 -1
74 123 -1
74 133 -1
74 135 -1
74 144 -1
74 150 1
75 2 1
75 21 -1
75 33 1
75 38 -1
75 42 -1
75 85 1
75 127 -1
75 149 1
76 1 1
76 6 1
76 17 -1
76 22 -1
76 29 -1
76 34 1
76 59 -1
76 60 -1
76 80 -1
76 86 -1
76 88 -1
76 98 -1
76 106 1
76 134 1
77 10 1
77 28 -1
77 42 -1
77 70 -1
77 73 -1
77 93 -1
77 94 -1
77 96 -1
77 97 -1
77 105 -1
77 109 -1
77 149 -1
78 21 -1
78 37 -1
78 40 -1
78 43 -1
78 44 1
78 45 -1
78 62 -1
78 63 -1
78 67 -1
78 81 -1
78 84 1
78 89 -1
78 95 1
78 97 -1
78 99 1
78 105 -1
78 111 1
78 130 -1
78 131 -1
78 132 -1
78 142 -1
78 144 1
78 149 -1
78 150 1
79 2 1
79 46 -1
79 55 -1
79 81 -1
79 99 -1
79 111 -1
79 123 -1
79 133 1
79 142 -1
79 148 -1
79 150 1
80 29 -1
80 35 -1
80 49 -1
80 69 -1
80 93 1
80 98 -1
80 100 -1
80 102 -1
80 104 -1
80 112 -1
80 115 1
80 134 1
80 137 -1
80 139 -1
80 141 -1
80 149 -1
81 4 -1
81 7 -1
81 16 -1
81 27 1
81 49 1
81 59 -1
81 67 -1
81 87 1
81 97 -1
81 102 -1
81 117 -1
81 126 -1
81 141 -1
81 143 -1
81 150 -1
82 3 -1
82 4 -1
82 8 -1
82 11 -1
82 15 -1
82 25 -1
82 44 1
82 56 -1
82 62 -1
82 65 -1
82 70 -1
82 112 -1
82 121 1
82 127 -1
82 134 -1
82 135 -1
82 139 -1
82 150 -1
83 7 -1
83 18 1
83 47 1
83 50 -1
83 54 1
83 58 1
83 61 -1
83 64 -1
83 67 -1
83 68 -1
83 71 -1
83 76 -1
83 107 -1
83 112 -1
83 123 -1
83 125 -1
83 126 -1
83 134 1
84 8 -1
84 13 -1
84 26 -1
84 32 -1
84 47 1
84 59 -1
84 63 -1
84 88 -1
84 104 -1
84 142 -1
84 144 -1
85 2 -1
85 7 -1
85 8 1
85 13 -1
85 17 -1
85 18 -1
85 27 -1
85 30 -1
85 39 -1
85 47 -1
85 58 1
85 87 -1
85 96 1
85 98 -1
85 101 1
85 105 -1
85 107 -1
85 114 -1
85 117 -1
85 118 1
85 124 -1
85 132 -1
85 149 -1
86 1 -1
86 13 1
86 17 1
86 18 -1
86 25 -1
86 35 -1
86 49 1
86 55 1
86 69 -1
86 78 -1
86 80 -1
86 83 -1
86 84 1
86 87 1
86 88 1
86 105 -1
86 110 -1
86 114 -1
86 134 -1
86 138 -1
87 3 -1
87 10 -1
87 23 -1
87 25 -1
87 26 1
87 32 -1
87 43 -1
87 48 -1
87 70 -1
87 90 -1
87 93 -1
87 97 -1
87 129 1
87 146 -1
87 150 -1
88 6 -1
88 16 -1
88 18 -1
88 25 -1
88 33 -1
88 44 -1
88 50 -1
88 79 -1
88 99 -1
88 102 1
88 117 -1
88 128 1
88 129 -1
89 3 -1
89 9 -1
89 19 1
89 20 -1
89 28 -1
89 36 -1
89 53 -1
89 54 1
89 58 -1
89 62 -1
89 105 -1
89 114 -1
89 123 -1
90 19 -1
90 28 -1
90 41 -1
90 72 1
90 76 -1
90 79 1
90 100 -1
90 123 -1
91 26 -1
91 39 -1
91 42 -1
91 46 -1
91 51 -1
91 56 -1
91 67 1
91 88 -1
91 100 1
91 109 1
91 111 -1
91 112 1
91 129 1
91 136 -1
91 147 -1
92 21 1
92 22 -1
92 30 1
92 36 1
92 38 -1
92 47 -1
92 61 -1
92 63 -1
92 70 -1
92 71 -1
92 72 -1
92 84 -1
92 93 1
92 111 -1
92 117 -1
92 126 -1
92 127 -1
92 130 -1
92 132 -1
92 133 -1
92 146 -1
93 5 -1
93 11 -1
93 28 1
93 33 -1
93 35 -1
93 57 -1
93 63 1
93 74 1
93 82 -1
93 110 1
93 115 -1
93 138 1
93 148 1
94 21 -1
94 37 -1
94 47 1
94 80 1
94 83 1
94 96 -1
94 110 -1
94 122 -1
94 138 1
94 140 -1
94 145 -1
94 147 -1
95 3 -1
95 55 1
95 57 -1
95 81 -1
95 86 -1
95 88 -1
95 114 1
95 122 -1
95 131 -1
95 133 -1
95 135 -1
95 137 -1
95 144 -1
96 4 1
96 10 1
96 13 -1
96 16 1
96 20 -1
96 22 -1
96 55 -1
96 59 -1
96 65 1
96 83 1
96 100 -1
96 107 -1
96 113 -1
96 116 1
96 127 -1
96 136 -1
96 137 -1
97 11 -1
97 12 1
97 13 1
97 21 1
97 31 -1
97 43 -1
97 48 -1
97 52 1
97 53 1
97 62 -1
97 75 1
97 83 -1
97 102 -1
97 130 -1
97 131 -1
97 138 -1
98 15 1
98 19 -1
98 28 -1
98 33 1
98 36 -1
98 67 -1
98 74 -1
98 109 -1
98 114 -1
98 127 -1
98 137 -1
99 25 -1
99 34 -1
99 63 -1
99 66 -1
99 112 -1
99 113 -1
99 124 -1
99 130 -1
99 131 -1
99 142 -1
99 144 -1
100 5 1
100 17 -1
100 29 -1
100 39 -1
100 43 -1
100 49 -1
100 52 1
100 53 -1
100 81 -1
100 102 -1
100 117 -1
100 124 -1
100 127 -1
100 139 -1
100 149 -1
101 9 -1
101 23 -1
101 36 -1
101 38 -1
101 49 -1
101 76 -1
101 90 -1
101 109 -1
101 114 -1
101 138 -1
102 3 -1
102 13 -1
102 16 1
102 18 -1
102 24 -1
102 32 -1
102 43 -1
102 52 -1
102 53 -1
102 90 -1
102 98 -1
102 104 -1
102 105 -1
102 113 -1
102 127 -1
102 150 -1
103 52 -1
103 66 -1
103 79 1
103 83 -1
103 85 -1
103 94 -1
103 112 -1
103 113 -1
103 118 -1
103 136 -1
103 142 -1
103 143 -1
103 149 -1
103 150 -1
104 16 -1
104 17 -1
104 19 -1
104 41 -1
104 54 -1
104 58 1
104 61 -1
104 66 1
104 68 1
104 71 -1
104 76 -1
104 90 -1
104 96 -1
104 98 -1
104 115 -1
104 122 1
104 123 -1
104 124 -1
104 131 -1
104 134 -1
104 137 -1
104 147 1
104 149 -1
105 9 -1
105 11 -1
105 21 -1
105 28 -1
105 32 -1
105 40 -1
105 55 -1
105 75 -1
105 83 -1
105 90 1
105 97 1
105 99 1
105 124 -1
105 142 -1
106 30 -1
106 38 -1
106 52 1
106 53 -1
106 63 -1
106 65 1
106 80 -1
106 84 -1
106 85 -1
106 86 -1
106 89 -1
106 90 -1
106 94 -1
106 124 -1
106 147 -1
107 14 -1
107 16 -1
107 17 -1
107 29 -1
107 32 -1
107 35 -1
107 42 -1
107 55 -1
107 67 1
107 69 1
107 78 -1
107 79 -1
107 86 1
107 92 -1
107 112 -1
107 117 1
107 120 -1
107 130 1
107 136 -1
108 10 -1
108 27 -1
108 31 -1
108 41 -1
108 46 -1
108 51 -1
108 66 -1
108 69 -1
108 77 -1
108 78 -1
108 100 -1
108 114 -1
108 122 -1
108 127 1
108 135 1
108 140 -1
109 3 -1
109 8 1
109 16 -1
109 18 -1
109 27 -1
109 35 -1
109 49 -1
109 51 -1
109 75 -1
109 82 -1
109 85 -1
109 88 -1
109 95 -1
109 97 -1
109 100 -1
109 106 -1
109 118 -1
109 121 -1
109 136 -1
109 139 -1
109 148 -1
110 3 1
110 5 -1
110 25 -1
110 82 1
110 99 -1
110 107 -1
110 120 -1
110 126 -1
110 131 -1
110 144 -1
111 5 -1
111 15 -1
111 17 -1
111 31 -1
111 40 1
111 60 -1
111 76 1
111 96 -1
111 101 -1
111 121 -1
111 128 1
112 3 -1
112 27 -1
112 51 -1
112 52 -1
112 53 -1
112 58 -1
112 65 -1
112 114 -1
112 120 -1
112 123 -1
112 138 -1
112 140 -1
112 145 1
113 26 -1
113 32 -1
113 35 -1
113 53 -1
113 58 -1
113 75 -1
113 79 1
113 82 -1
113 85 -1
113 94 -1
113 97 -1
113 109 1
113 112 1
113 139 -1
113 147 -1
114 2 -1
114 3 -1
114 15 1
114 19 -1
114 21 -1
114 34 -1
114 43 -1
114 70 -1
114 87 -1
114 103 -1
114 121 -1
114 126 1
114 136 -1
114 137 -1
114 150 -1
115 8 -1
115 19 -1
115 20 -1
115 23 -1
115 25 -1
115 61 1
115 63 -1
115 65 1
115 73 -1
115 75 -1
115 79 1
115 91 -1
115 97 -1
115 101 -1
115 109 1
115 113 -1
115 132 -1
115 139 -1
116 19 -1
116 49 -1
116 50 1
116 75 -1
116 87 -1
116 91 -1
116 97 1
116 126 -1
116 135 -1
116 139 -1
117 34 -1
117 60 1
117 66 -1
117 87 1
117 94 -1
117 96 -1
117 103 -1
117 116 -1
117 122 -1
117 130 -1
117 136 -1
117 139 -1
117 140 -1
117 141 -1
118 6 -1
118 17 -1
118 19 1
118 36 -1
118 40 -1
118 54 -1
118 65 -1
118 70 -1
118 82 -1
118 100 -1
118 122 -1
118 123 -1
118 126 1
118 149 1
119 8 1
119 13 1
119 21 -1
119 22 -1
119 24 -1
119 57 -1
119 60 -1
119 73 -1
119 75 -1
119 80 -1
119 81 -1
119 88 -1
119 94 1
119 146 -1
119 147 1
120 8 -1
120 12 -1
120 17 -1
120 20 1
120 31 -1
120 35 -1
120 46 -1
120 58 -1
120 60 1
120 63 -1
120 66 -1
120 86 1
120 97 -1
120 119 -1
120 131 -1
121 2 -1
121 28 -1
121 29 -1
121 30 -1
121 37 -1
121 51 -1
121 70 -1
121 77 -1
121 78 -1
121 84 -1
121 115 -1
121 116 -1
121 123 -1
121 140 -1
121 143 -1
121 148 -1
122 13 -1
122 16 -1
122 27 -1
122 35 -1
122 37 -1
122 40 -1
122 44 1
122 60 -1
122 74 -1
122 88 -1
122 90 1
122 92 -1
122 93 1
122 97 1
122 101 -1
122 112 -1
122 113 1
122 124 -1
122 135 -1
123 2 -1
123 10 -1
123 15 -1
123 34 1
123 36 -1
123 49 -1
123 55 -1
123 69 1
123 72 1
123 85 -1
123 94 1
123 98 -1
123 107 -1
123 115 1
123 124 -1
123 149 -1
124 19 -1
124 30 1
124 40 -1
124 68 -1
124 75 -1
124 78 -1
124 80 1
124 87 1
124 93 1
124 94 1
124 107 -1
124 109 1
124 117 -1
124 138 -1
125 18 -1
125 23 -1
125 29 -1
125 35 -1
125 41 1
125 47 1
125 49 -1
125 50 -1
125 55 1
125 61 -1
125 77 1
125 94 -1
125 96 -1
125 102 -1
125 105 -1
125 113 -1
125 118 -1
125 145 -1
125 146 -1
126 1 -1
126 15 -1
126 17 -1
126 22 -1
126 31 -1
126 64 -1
126 69 -1
126 73 -1
126 78 -1
126 102 1
126 105 -1
126 143 -1
126 144 -1
127 15 -1
127 24 -1
127 30 -1
127 32 -1
127 34 1
127 35 -1
127 36 1
127 53 -1
127 54 -1
127 57 -1
127 76 -1
127 77 -1
127 79 1
127 97 1
127 105 1
127 111 -1
127 117 -1
127 123 -1
127 140 -1
127 146 -1
127 150 1
128 1 1
128 11 -1
128 16 -1
128 18 -1
128 20 1
128 22 -1
128 23 1
128 24 -1
128 28 1
128 35 -1
128 45 -1
128 50 -1
128 54 -1
128 58 -1
128 69 -1
128 70 -1
128 96 -1
128 100 1
128 106 -1
128 119 -1
128 127 -1
128 129 -1
128 131 -1
129 4 -1
129 7 -1
129 11 -1
129 14 -1
129 53 1
129 55 -1
129 61 -1
129 77 -1
129 83 -1
129 108 -1
129 118 -1
129 134 1
129 138 -1
130 5 -1
130 13 -1
130 19 -1
130 33 1
130 38 -1
130 44 -1
130 54 1
130 56 -1
130 60 -1
130 75 1
130 83 1
130 88 -1
130 105 1
130 110 -1
130 120 -1
130 129 -1
130 133 -1
130 139 -1
130 147 -1
130 149 -1
131 17 -1
131 23 -1
131 24 -1
131 74 -1
131 93 -1
131 105 -1
131 111 -1
131 116 -1
131 118 -1
131 133 -1
131 143 1
132 9 -1
132 15 -1
132 32 -1
132 55 1
132 61 -1
132 65 -1
132 72 -1
132 98 -1
132 107 -1
132 127 -1
132 145 -1
133 2 -1
133 38 -1
133 40 -1
133 41 1
133 53 -1
133 56 -1
133 64 -1
133 72 -1
133 75 1
133 83 -1
133 85 -1
133 104 -1
133 112 -1
133 115 -1
133 128 1
134 2 -1
134 3 -1
134 5 -1
134 39 -1
134 48 -1
134 57 -1
134 59 -1
134 65 -1
134 68 -1
134 90 -1
134 91 -1
134 93 -1
134 139 -1
134 144 -1
135 18 -1
135 28 -1
135 46 -1
135 54 1
135 112 -1
135 114 -1
135 119 -1
135 126 -1
135 128 1
135 149 1
136 1 -1
136 5 -1
136 8 -1
136 16 1
136 21 1
136 33 -1
136 39 -1
136 40 1
136 43 -1
136 70 1
136 79 -1
136 88 -1
136 95 -1
136 121 -1
136 126 1
137 7 -1
137 11 -1
137 15 -1
137 20 -1
137 30 1
137 32 -1
137 44 -1
137 62 -1
137 69 -1
137 81 -1
137 84 -1
137 93 -1
137 103 1
137 108 -1
137 116 -1
137 146 -1
138 24 1
138 47 -1
138 55 1
138 56 1
138 57 -1
138 58 -1
138 62 -1
138 74 -1
138 103 -1
138 120 -1
138 135 -1
138 148 -1
139 1 -1
139 14 -1
139 27 -1
139 45 -1
139 73 -1
139 87 -1
139 103 1
139 114 1
139 120 -1
139 121 -1
139 124 -1
139 137 -1
140 1 1
140 47 1
140 57 -1
140 59 -1
140 63 1
140 69 -1
140 80 -1
140 83 1
140 123 -1
140 125 -1
140 139 -1
140 149 -1
141 24 -1
141 33 -1
141 42 -1
141 74 -1
141 75 -1
141 87 -1
141 96 -1
141 104 -1
141 133 1
141 134 -1
141 140 -1
141 146 -1
142 7 -1
142 8 1
142 10 -1
142 20 -1
142 34 1
142 71 -1
142 94 -1
142 106 -1
142 125 -1
142 126 -1
142 137 -1
142 150 -1
143 14 -1
143 30 -1
143 34 -1
143 42 -1
143 50 1
143 53 -1
143 83 -1
143 107 -1
143 111 -1
143 120 -1
144 4 -1
144 5 -1
144 9 1
144 19 -1
144 20 -1
144 25 -1
144 31 -1
144 50 -1
144 55 -1
144 58 -1
144 68 -1
144 86 -1
144 88 -1
144 108 -1
144 111 1
144 115 -1
144 118 -1
144 127 -1
144 142 -1
145 13 -1
145 16 -1
145 17 -1
145 18 1
145 29 -1
145 32 1
145 47 -1
145 54 1
145 58 -1
145 71 -1
145 74 -1
145 77 -1
145 81 -1
145 90 -1
145 115 -1
145 124 1
145 133 1
145 143 -1
145 147 -1
146 6 1
146 18 -1
146 19 -1
146 49 -1
146 62 1
146 71 -1
146 74 -1
146 85 -1
146 88 1
146 100 -1
146 109 -1
146 118 -1
146 124 1
146 134 -1
147 2 1
147 4 -1
147 6 -1
147 13 1
147 26 -1
147 27 -1
147 36 -1
147 44 -1
147 52 -1
147 54 -1
147 55 -1
147 57 -1
147 72 1
147 74 -1
147 99 -1
147 108 -1
147 109 -1
147 110 -1
147 114 1
147 120 -1
147 121 -1
147 128 1
147 132 -1
147 134 -1
147 149 -1
148 4 1
148 13 1
148 20 -1
148 22 -1
148 35 1
148 42 -1
148 44 -1
148 59 1
148 60 -1
148 72 -1
148 80 -1
148 84 -1
148 89 -1
148 90 -1
148 106 -1
148 114 -1
148 136 1
149 1 -1
149 42 -1
149 46 -1
149 55 -1
149 61 -1
149 79 -1
149 84 -1
149 97 -1
149 108 1
149 120 1
149 121 -1
149 124 -1
149 146 -1
149 150 -1
150 3 -1
150 9 -1
150 11 -1
150 15 -1
150 22 1
150 29 -1
150 31 -1
150 39 -1
150 43 -1
150 49 -1
150 51 -1
150 64 -1
150 83 1
150 86 -1
150 91 -1
150 107 -1
150 111 1
150 117 -1
