vertices: 130 edges: 6708
1 5 -1
1 6 -1
1 7 -1
1 8 -1
1 10 -1
1 13 1
1 15 -1
1 17 -1
1 18 -1
1 24 -1
1 30 1
1 32 -1
1 33 -1
1 36 1
1 39 -1
1 40 -1
1 45 -1
1 46 -1
1 51 -1
1 52 -1
1 54 -1
1 55 -1
1 63 -1
1 66 -1
1 67 -1
1 69 -1
1 70 -1
1 71 -1
1 76 -1
1 82 1
1 83 -1
1 84 -1
1 87 -1
1 88 -1
1 90 -1
1 97 -1
1 98 1
1 99 -1
1 100 -1
1 102 -1
1 103 -1
1 104 -1
1 110 -1
1 117 -1
1 119 -1
1 121 -1
1 123 1
1 124 -1
1 126 -1
1 127 -1
1 129 -1
2 1 1
2 5 -1
2 6 -1
2 11 -1
2 12 1
2 14 1
2 15 1
2 17 -1
2 20 -1
2 22 -1
2 23 -1
2 24 -1
2 25 -1
2 26 -1
2 29 -1
2 30 1
2 31 -1
2 38 -1
2 39 -1
2 40 -1
2 41 -1
2 45 -1
2 46 1
2 49 -1
2 50 1
2 51 -1
2 52 -1
2 54 -1
2 56 -1
2 67 -1
2 68 -1
2 69 -1
2 72 -1
2 73 -1
2 77 1
2 78 -1
2 93 -1
2 97 -1
2 100 -1
2 104 -1
2 108 -1
2 111 -1
2 112 -1
2 116 -1
2 118 -1
2 123 1
2 125 1
2 127 -1
2 128 -1
3 1 -1
3 2 -1
3 5 -1
3 7 -1
3 9 -1
3 10 -1
3 12 1
3 14 -1
3 17 -1
3 18 -1
3 25 -1
3 27 -1
3 30 1
3 35 -1
3 40 -1
3 42 -1
3 45 -1
3 48 -1
3 50 -1
3 51 -1
3 52 1
3 53 -1
3 54 1
3 60 -1
3 61 -1
3 63 -1
3 66 -1
3 69 -1
3 73 -1
3 74 -1
3 75 -1
3 76 -1
3 80 -1
3 81 1
3 84 -1
3 86 1
3 88 -1
3 89 1
3 90 1
3 92 -1
3 94 -1
3 96 -1
3 98 -1
3 101 -1
3 102 -1
3 104 -1
3 109 1
3 111 -1
3 114 -1
3 115 -1
3 116 1
3 117 1
3 119 -1
3 126 -1
3 128 -1
3 130 -1
4 1 -1
4 2 -1
4 3 1
4 6 -1
4 7 1
4 10 -1
4 12 -1
4 15 -1
4 16 -1
4 18 -1
4 19 -1
4 20 1
4 21 -1
4 24 -1
4 27 -1
4 30 -1
4 36 1
4 38 -1
4 39 -1
4 44 1
4 46 -1
4 48 -1
4 49 -1
4 51 1
4 52 -1
4 55 1
4 56 -1
4 57 1
4 58 -1
4 61 -1
4 64 -1
4 65 -1
4 69 -1
4 70 -1
4 71 -1
4 72 1
4 74 -1
4 77 -1
4 78 -1
4 79 -1
4 81 -1
4 91 1
4 92 -1
4 94 -1
4 95 -1
4 98 -1
4 99 -1
4 104 -1
4 106 -1
4 108 1
4 113 -1
4 114 -1
4 116 -1
4 117 -1
4 128 -1
5 4 1
5 6 -1
5 7 -1
5 8 -1
5 14 1
5 23 1
5 29 -1
5 30 -1
5 34 -1
5 42 -1
5 50 -1
5 55 -1
5 58 -1
5 59 -1
5 60 -1
5 61 -1
5 65 -1
5 68 -1
5 71 -1
5 72 1
5 73 -1
5 74 -1
5 75 -1
5 78 1
5 82 -1
5 83 -1
5 88 1
5 89 1
5 91 -1
5 96 -1
5 97 -1
5 99 -1
5 101 1
5 104 -1
5 107 1
5 108 -1
5 110 -1
5 113 -1
5 117 -1
5 118 -1
5 122 -1
5 123 -1
5 128 -1
6 11 -1
6 24 -1
6 26 -1
6 27 -1
6 28 -1
6 29 1
6 30 -1
6 31 1
6 33 -1
6 34 -1
6 36 1
6 37 -1
6 38 -1
6 41 1
6 43 1
6 47 -1
6 49 -1
6 50 -1
6 51 1
6 53 1
6 54 -1
6 56 -1
6 57 -1
6 60 1
6 63 -1
6 65 -1
6 66 -1
6 68 -1
6 69 -1
6 71 -1
6 75 1
6 76 -1
6 77 -1
6 78 -1
6 85 -1
6 86 -1
6 88 -1
6 90 -1
6 92 -1
6 96 -1
6 99 -1
6 100 -1
6 104 -1
6 106 -1
6 110 -1
6 111 -1
6 112 -1
6 120 -1
6 121 -1
6 122 -1
6 123 -1
6 124 -1
6 126 1
6 128 -1
6 130 -1
7 2 -1
7 10 -1
7 18 -1
7 20 -1
7 24 -1
7 25 -1
7 26 -1
7 27 -1
7 31 -1
7 33 -1
7 39 -1
7 40 1
7 41 -1
7 45 -1
7 48 -1
7 51 -1
7 54 -1
7 56 -1
7 59 -1
7 60 -1
7 61 -1
7 64 -1
7 67 -1
7 69 1
7 70 -1
7 72 -1
7 74 -1
7 81 1
7 83 -1
7 85 -1
7 89 -1
7 94 -1
7 98 1
7 102 -1
7 106 -1
7 107 -1
7 111 -1
7 117 -1
7 119 -1
7 120 -1
7 121 -1
7 123 -1
7 125 -1
7 127 -1
7 129 1
8 2 -1
8 3 1
8 4 -1
8 7 -1
8 10 -1
8 11 -1
8 16 -1
8 17 -1
8 20 -1
8 21 -1
8 24 -1
8 25 -1
8 27 -1
8 29 -1
8 30 1
8 33 -1
8 35 -1
8 39 -1
8 40 -1
8 43 1
8 46 1
8 47 -1
8 48 1
8 51 -1
8 57 -1
8 61 -1
8 64 -1
8 72 1
8 73 -1
8 74 -1
8 80 -1
8 82 1
8 86 1
8 88 -1
8 92 -1
8 95 -1
8 102 -1
8 103 1
8 107 -1
8 110 -1
8 115 -1
8 117 -1
8 121 -1
8 124 -1
8 126 -1
8 127 -1
8 130 -1
9 1 1
9 4 1
9 5 -1
9 6 1
9 7 -1
9 10 -1
9 11 1
9 12 -1
9 13 1
9 17 -1
9 19 -1
9 28 -1
9 29 -1
9 36 -1
9 40 -1
9 41 -1
9 46 1
9 60 -1
9 63 -1
9 64 1
9 68 -1
9 70 -1
9 72 -1
9 73 -1
9 78 1
9 79 -1
9 80 -1
9 85 1
9 86 1
9 91 -1
9 94 -1
9 96 -1
9 101 1
9 102 -1
9 104 -1
9 111 -1
9 114 -1
9 115 -1
9 117 -1
9 121 -1
9 122 -1
9 129 -1
10 11 1
10 12 -1
10 13 -1
10 14 -1
10 18 -1
10 19 -1
10 21 -1
10 24 1
10 32 -1
10 33 1
10 42 1
10 44 -1
10 46 -1
10 51 -1
10 54 -1
10 56 1
10 58 1
10 59 -1
10 61 -1
10 63 -1
10 64 1
10 65 -1
10 69 -1
10 70 1
10 71 1
10 73 -1
10 74 1
10 76 1
10 77 -1
10 79 -1
10 82 -1
10 89 1
10 90 -1
10 95 1
10 98 -1
10 100 -1
10 101 -1
10 102 -1
10 104 -1
10 105 -1
10 107 -1
10 108 -1
10 109 -1
10 111 -1
10 113 -1
10 114 -1
10 116 -1
10 121 -1
10 124 -1
10 125 -1
10 127 -1
10 129 -1
11 4 -1
11 5 -1
11 14 -1
11 17 -1
11 19 -1
11 22 1
11 23 -1
11 24 -1
11 25 1
11 28 1
11 29 -1
11 34 -1
11 36 -1
11 39 1
11 43 1
11 44 1
11 47 -1
11 48 -1
11 51 -1
11 52 -1
11 55 -1
11 57 -1
11 60 -1
11 68 -1
11 70 -1
11 71 -1
11 74 -1
11 77 -1
11 80 -1
11 82 -1
11 83 -1
11 90 -1
11 93 -1
11 96 1
11 99 -1
11 101 -1
11 104 -1
11 105 -1
11 110 -1
11 112 -1
11 113 -1
11 114 -1
11 115 -1
11 116 -1
11 122 1
11 126 -1
11 127 -1
11 129 -1
12 1 -1
12 5 -1
12 6 1
12 8 -1
12 13 -1
12 16 -1
12 17 -1
12 18 -1
12 19 1
12 20 -1
12 22 -1
12 27 -1
12 32 -1
12 33 1
12 34 -1
12 35 -1
12 36 -1
12 44 -1
12 46 -1
12 49 -1
12 50 -1
12 52 -1
12 54 -1
12 58 -1
12 61 -1
12 62 1
12 63 -1
12 67 1
12 70 1
12 71 -1
12 72 -1
12 77 -1
12 81 1
12 83 -1
12 88 -1
12 95 -1
12 96 1
12 98 -1
12 99 -1
12 103 -1
12 106 -1
12 107 -1
12 108 -1
12 109 -1
12 110 -1
12 112 -1
12 116 -1
12 117 -1
12 122 -1
12 123 -1
12 125 -1
12 126 1
12 130 -1
13 3 1
13 4 1
13 14 -1
13 18 -1
13 20 -1
13 21 -1
13 23 -1
13 28 -1
13 29 -1
13 33 -1
13 34 -1
13 39 -1
13 40 -1
13 41 -1
13 42 -1
13 44 -1
13 45 -1
13 48 -1
13 49 -1
13 50 -1
13 51 -1
13 52 -1
13 53 1
13 55 -1
13 56 -1
13 59 -1
13 62 -1
13 64 -1
13 65 -1
13 68 1
13 69 -1
13 76 -1
13 77 -1
13 82 -1
13 84 -1
13 88 1
13 91 -1
13 92 -1
13 95 -1
13 97 -1
13 98 -1
13 100 -1
13 102 -1
13 104 -1
13 107 1
13 109 -1
13 115 -1
13 116 -1
13 118 -1
13 120 1
13 125 -1
13 129 -1
13 130 1
14 1 -1
14 4 -1
14 6 -1
14 7 -1
14 8 -1
14 9 1
14 12 1
14 18 1
14 19 -1
14 23 -1
14 24 1
14 25 -1
14 26 -1
14 28 1
14 30 1
14 34 -1
14 35 -1
14 36 -1
14 38 1
14 39 -1
14 40 -1
14 41 -1
14 43 -1
14 48 -1
14 49 -1
14 52 -1
14 53 -1
14 54 -1
14 55 1
14 56 1
14 57 -1
14 58 -1
14 59 -1
14 61 -1
14 62 -1
14 65 -1
14 66 -1
14 67 -1
14 71 -1
14 75 -1
14 76 1
14 78 -1
14 81 -1
14 85 -1
14 86 1
14 89 -1
14 92 -1
14 93 -1
14 94 -1
14 104 -1
14 106 -1
14 109 -1
14 110 -1
14 115 -1
14 128 -1
15 3 -1
15 5 -1
15 7 -1
15 8 -1
15 10 1
15 11 -1
15 13 -1
15 16 1
15 17 -1
15 21 -1
15 22 -1
15 24 -1
15 25 -1
15 26 -1
15 31 -1
15 33 -1
15 39 1
15 41 -1
15 42 -1
15 46 -1
15 50 -1
15 51 -1
15 53 1
15 59 1
15 60 1
15 61 -1
15 62 1
15 63 1
15 66 -1
15 70 -1
15 74 -1
15 76 1
15 78 -1
15 81 -1
15 83 1
15 84 -1
15 87 1
15 91 -1
15 93 -1
15 94 -1
15 95 -1
15 103 -1
15 104 -1
15 105 -1
15 106 -1
15 108 1
15 110 -1
15 111 -1
15 115 -1
15 117 -1
15 124 1
15 127 -1
15 129 -1
16 1 1
16 2 -1
16 3 -1
16 10 -1
16 11 -1
16 13 1
16 21 1
16 29 -1
16 35 -1
16 40 -1
16 41 -1
16 44 -1
16 45 1
16 46 -1
16 48 -1
16 50 -1
16 55 -1
16 57 -1
16 61 -1
16 64 1
16 67 -1
16 68 -1
16 69 1
16 70 -1
16 72 -1
16 73 1
16 74 -1
16 81 -1
16 84 -1
16 86 -1
16 87 -1
16 88 -1
16 89 -1
16 91 -1
16 93 -1
16 96 1
16 97 -1
16 99 -1
16 101 -1
16 102 -1
16 107 1
16 110 1
16 111 -1
16 112 -1
16 116 -1
16 122 -1
16 124 -1
16 125 -1
16 127 -1
16 129 -1
17 4 -1
17 5 1
17 13 1
17 14 -1
17 16 1
17 25 -1
17 30 -1
17 34 -1
17 36 1
17 38 -1
17 39 1
17 40 -1
17 44 -1
17 45 -1
17 46 1
17 52 -1
17 59 1
17 61 1
17 69 -1
17 70 -1
17 71 -1
17 72 1
17 73 -1
17 80 -1
17 81 1
17 83 -1
17 84 -1
17 85 -1
17 90 -1
17 93 -1
17 94 1
17 98 -1
17 103 -1
17 107 1
17 111 1
17 117 -1
17 118 -1
17 119 -1
17 122 -1
17 126 -1
17 129 -1
17 130 -1
18 5 -1
18 6 1
18 8 -1
18 11 -1
18 15 1
18 16 -1
18 25 -1
18 28 -1
18 29 -1
18 31 1
18 38 -1
18 40 -1
18 41 -1
18 46 -1
18 48 -1
18 49 -1
18 54 -1
18 55 1
18 57 -1
18 59 -1
18 69 1
18 74 -1
18 75 -1
18 80 -1
18 82 1
18 84 1
18 85 -1
18 90 -1
18 93 -1
18 94 -1
18 95 -1
18 97 -1
18 100 -1
18 104 -1
18 107 -1
18 108 -1
18 109 -1
18 110 -1
18 111 -1
18 112 -1
18 115 -1
18 116 -1
18 117 1
18 120 -1
18 122 1
18 127 -1
18 130 -1
19 2 -1
19 3 1
19 5 -1
19 6 -1
19 8 -1
19 16 -1
19 17 -1
19 18 -1
19 22 -1
19 23 -1
19 24 1
19 25 1
19 26 -1
19 31 -1
19 32 -1
19 35 -1
19 36 -1
19 37 -1
19 40 -1
19 41 -1
19 42 -1
19 43 -1
19 48 -1
19 49 -1
19 52 -1
19 54 -1
19 58 -1
19 61 -1
19 62 -1
19 67 -1
19 68 -1
19 69 -1
19 73 -1
19 74 -1
19 81 -1
19 84 1
19 87 -1
19 89 1
19 90 -1
19 93 1
19 95 -1
19 98 -1
19 99 1
19 101 1
19 103 -1
19 106 -1
19 109 1
19 111 -1
19 115 -1
19 119 -1
19 121 1
19 126 -1
19 128 -1
19 129 -1
20 3 1
20 5 -1
20 6 -1
20 9 1
20 10 -1
20 14 1
20 15 1
20 17 -1
20 18 -1
20 19 1
20 21 -1
20 23 -1
20 24 1
20 25 -1
20 26 1
20 35 -1
20 37 -1
20 38 -1
20 39 -1
20 46 -1
20 51 1
20 54 -1
20 56 -1
20 62 -1
20 65 1
20 67 1
20 73 -1
20 74 -1
20 80 -1
20 81 -1
20 86 -1
20 91 -1
20 92 1
20 95 -1
20 96 -1
20 97 -1
20 99 -1
20 103 -1
20 104 -1
20 105 1
20 108 -1
20 109 -1
20 110 -1
20 113 -1
20 115 -1
20 116 1
20 120 1
20 122 1
20 124 -1
20 130 -1
21 2 -1
21 3 -1
21 7 -1
21 9 -1
21 12 -1
21 14 -1
21 17 -1
21 18 -1
21 19 -1
21 26 -1
21 28 -1
21 30 1
21 32 -1
21 34 -1
21 37 -1
21 44 -1
21 46 -1
21 47 -1
21 48 -1
21 49 -1
21 52 -1
21 55 1
21 57 1
21 60 1
21 62 -1
21 63 -1
21 70 -1
21 74 -1
21 76 -1
21 77 -1
21 78 -1
21 79 -1
21 81 -1
21 88 -1
21 93 -1
21 96 -1
21 101 -1
21 102 -1
21 110 -1
21 114 1
21 117 1
21 119 -1
21 121 -1
21 122 -1
21 123 -1
21 124 -1
21 125 -1
21 130 -1
22 1 1
22 4 1
22 8 -1
22 9 -1
22 10 -1
22 13 -1
22 16 -1
22 20 -1
22 21 -1
22 24 -1
22 25 -1
22 26 -1
22 31 -1
22 32 -1
22 34 -1
22 37 -1
22 38 1
22 39 -1
22 44 -1
22 45 -1
22 47 -1
22 48 -1
22 51 -1
22 53 -1
22 55 1
22 56 -1
22 57 -1
22 61 -1
22 66 -1
22 68 1
22 69 -1
22 70 -1
22 76 -1
22 77 -1
22 82 -1
22 88 -1
22 92 -1
22 94 -1
22 95 -1
22 97 1
22 101 -1
22 102 -1
22 107 1
22 108 -1
22 109 -1
22 111 -1
22 113 -1
22 114 -1
22 116 -1
22 118 -1
22 124 -1
22 126 1
22 128 -1
22 130 -1
23 1 1
23 3 1
23 4 -1
23 6 -1
23 7 -1
23 8 1
23 9 -1
23 15 -1
23 16 1
23 17 -1
23 18 -1
23 25 -1
23 29 -1
23 32 -1
23 33 -1
23 34 -1
23 36 -1
23 37 -1
23 41 -1
23 45 -1
23 46 -1
23 50 -1
23 53 -1
23 55 -1
23 56 -1
23 58 -1
23 62 -1
23 68 -1
23 70 1
23 71 -1
23 72 -1
23 74 -1
23 75 1
23 79 -1
23 81 -1
23 82 -1
23 83 -1
23 85 -1
23 86 -1
23 90 1
23 92 -1
23 97 -1
23 98 -1
23 102 -1
23 104 1
23 105 -1
23 106 -1
23 108 1
23 114 -1
23 116 -1
23 117 -1
23 122 -1
23 124 1
23 125 -1
23 130 -1
24 3 -1
24 5 1
24 9 -1
24 12 -1
24 13 -1
24 16 -1
24 18 -1
24 21 -1
24 23 -1
24 30 -1
24 33 -1
24 34 -1
24 40 -1
24 47 -1
24 48 1
24 49 -1
24 53 1
24 59 -1
24 62 1
24 66 -1
24 68 -1
24 73 -1
24 74 -1
24 78 -1
24 79 -1
24 81 -1
24 85 -1
24 86 1
24 94 -1
24 95 -1
24 101 -1
24 103 -1
24 105 -1
24 108 -1
24 110 -1
24 113 -1
24 114 -1
24 116 -1
24 119 -1
24 120 -1
24 121 -1
24 122 -1
24 124 -1
24 127 1
24 128 -1
24 130 -1
25 1 -1
25 4 -1
25 5 -1
25 6 -1
25 9 1
25 10 -1
25 12 -1
25 16 -1
25 21 -1
25 24 -1
25 28 -1
25 35 -1
25 36 -1
25 43 -1
25 45 -1
25 46 -1
25 49 -1
25 51 -1
25 53 -1
25 55 1
25 59 -1
25 61 1
25 65 -1
25 66 -1
25 67 -1
25 69 -1
25 72 -1
25 79 1
25 81 -1
25 85 -1
25 87 -1
25 88 -1
25 89 -1
25 92 -1
25 94 -1
25 95 -1
25 97 -1
25 98 -1
25 99 -1
25 100 -1
25 102 -1
25 103 -1
25 108 -1
25 120 -1
25 121 -1
25 123 -1
25 129 1
26 1 -1
26 4 1
26 9 -1
26 10 -1
26 11 1
26 13 1
26 17 -1
26 18 -1
26 23 -1
26 25 1
26 28 -1
26 31 -1
26 33 1
26 39 1
26 45 -1
26 47 -1
26 49 -1
26 51 -1
26 53 -1
26 58 -1
26 66 -1
26 67 -1
26 70 -1
26 73 1
26 76 1
26 82 -1
26 87 -1
26 90 -1
26 95 1
26 100 -1
26 102 -1
26 103 1
26 104 -1
26 105 -1
26 109 1
26 110 -1
26 113 -1
26 114 -1
26 116 -1
26 118 -1
26 120 -1
26 122 -1
26 123 -1
26 126 1
26 127 -1
26 128 -1
26 129 -1
27 2 -1
27 10 -1
27 13 -1
27 15 -1
27 16 1
27 18 -1
27 19 -1
27 20 -1
27 21 -1
27 22 1
27 23 -1
27 26 -1
27 29 -1
27 31 -1
27 35 1
27 37 -1
27 38 -1
27 39 -1
27 40 1
27 41 1
27 44 1
27 45 -1
27 54 -1
27 59 -1
27 63 -1
27 64 -1
27 65 -1
27 69 -1
27 74 -1
27 75 -1
27 76 -1
27 77 -1
27 79 -1
27 80 1
27 81 -1
27 82 -1
27 84 -1
27 85 -1
27 88 -1
27 94 1
27 96 1
27 97 1
27 98 1
27 106 -1
27 107 -1
27 109 -1
27 110 -1
27 113 1
27 123 -1
27 124 -1
27 125 -1
27 126 -1
27 127 -1
27 128 1
27 129 -1
27 130 -1
28 2 -1
28 4 1
28 5 1
28 8 -1
28 10 -1
28 15 1
28 16 -1
28 17 1
28 19 -1
28 20 -1
28 22 -1
28 24 -1
28 27 -1
28 29 -1
28 30 1
28 31 -1
28 33 -1
28 36 -1
28 37 -1
28 38 1
28 41 1
28 43 1
28 44 1
28 45 -1
28 46 1
28 47 -1
28 48 -1
28 51 -1
28 52 1
28 54 -1
28 57 1
28 61 -1
28 79 -1
28 81 -1
28 83 -1
28 84 -1
28 88 -1
28 89 -1
28 90 -1
28 94 -1
28 98 1
28 100 -1
28 101 -1
28 106 -1
28 108 -1
28 115 -1
28 118 -1
28 123 -1
28 125 -1
29 3 -1
29 7 -1
29 12 -1
29 14 -1
29 17 -1
29 19 -1
29 20 -1
29 21 -1
29 22 -1
29 24 -1
29 25 -1
29 31 -1
29 34 1
29 35 -1
29 36 1
29 37 -1
29 40 -1
29 41 -1
29 42 -1
29 43 -1
29 45 1
29 48 -1
29 49 -1
29 51 -1
29 52 1
29 53 -1
29 57 -1
29 58 -1
29 61 -1
29 62 -1
29 64 -1
29 71 1
29 72 1
29 76 1
29 77 -1
29 78 -1
29 79 -1
29 81 -1
29 83 -1
29 86 1
29 89 1
29 92 -1
29 93 -1
29 96 1
29 103 -1
29 106 -1
29 107 -1
29 108 -1
29 110 -1
29 111 -1
29 112 1
29 114 -1
29 120 -1
29 122 -1
29 124 -1
29 128 -1
29 129 -1
29 130 -1
30 7 -1
30 10 -1
30 13 -1
30 15 -1
30 16 -1
30 18 -1
30 19 -1
30 22 -1
30 23 -1
30 25 -1
30 26 -1
30 27 1
30 29 1
30 32 -1
30 34 -1
30 36 -1
30 40 -1
30 42 -1
30 44 -1
30 48 -1
30 49 1
30 53 -1
30 54 -1
30 56 -1
30 59 -1
30 60 -1
30 62 -1
30 67 1
30 72 -1
30 73 -1
30 75 -1
30 77 -1
30 79 -1
30 83 -1
30 84 1
30 92 -1
30 94 1
30 95 1
30 99 1
30 107 -1
30 108 1
30 111 -1
30 112 -1
30 113 -1
30 116 -1
30 122 -1
30 123 -1
30 127 -1
30 128 -1
31 1 -1
31 3 -1
31 8 -1
31 9 -1
31 10 -1
31 11 -1
31 13 -1
31 16 -1
31 17 -1
31 20 1
31 21 -1
31 24 -1
31 30 -1
31 32 -1
31 33 -1
31 35 -1
31 39 -1
31 42 -1
31 43 -1
31 44 -1
31 45 -1
31 51 -1
31 53 -1
31 58 -1
31 65 1
31 66 -1
31 67 -1
31 77 1
31 82 -1
31 85 -1
31 89 -1
31 91 -1
31 93 -1
31 95 -1
31 100 -1
31 108 -1
31 111 -1
31 113 -1
31 115 1
31 119 1
31 120 -1
31 123 -1
31 125 -1
31 126 1
31 129 -1
31 130 -1
32 2 -1
32 3 -1
32 4 -1
32 5 -1
32 6 -1
32 7 1
32 8 -1
32 9 -1
32 13 -1
32 16 1
32 17 1
32 18 -1
32 20 1
32 24 -1
32 25 -1
32 26 -1
32 28 1
32 33 -1
32 37 1
32 38 -1
32 46 -1
32 48 -1
32 49 -1
32 51 -1
32 52 -1
32 56 -1
32 57 -1
32 58 1
32 60 -1
32 61 -1
32 62 -1
32 76 -1
32 77 1
32 81 -1
32 83 -1
32 86 1
32 89 -1
32 98 -1
32 99 1
32 100 -1
32 102 -1
32 103 1
32 104 -1
32 105 1
32 113 -1
32 116 1
32 121 -1
32 122 -1
32 124 -1
32 126 -1
33 3 -1
33 4 -1
33 5 -1
33 9 1
33 11 -1
33 14 -1
33 16 -1
33 17 1
33 21 -1
33 22 -1
33 27 -1
33 29 1
33 30 1
33 34 -1
33 36 1
33 39 -1
33 43 -1
33 44 -1
33 46 -1
33 47 -1
33 48 1
33 52 -1
33 56 -1
33 61 -1
33 65 1
33 70 1
33 71 -1
33 82 -1
33 84 -1
33 86 -1
33 92 -1
33 95 -1
33 96 -1
33 100 -1
33 102 -1
33 104 -1
33 106 -1
33 107 -1
33 115 -1
33 116 1
33 118 -1
33 119 -1
33 124 -1
33 125 -1
33 126 -1
33 127 -1
33 130 -1
34 1 -1
34 2 1
34 4 1
34 7 1
34 8 1
34 9 -1
34 15 -1
34 19 -1
34 20 -1
34 25 1
34 27 1
34 28 1
34 31 -1
34 37 -1
34 38 -1
34 41 -1
34 42 -1
34 43 -1
34 46 -1
34 49 -1
34 51 1
34 55 -1
34 56 -1
34 61 -1
34 62 -1
34 67 -1
34 70 -1
34 71 -1
34 73 -1
34 74 -1
34 79 -1
34 80 -1
34 83 -1
34 84 -1
34 85 1
34 86 -1
34 87 -1
34 90 1
34 92 -1
34 94 -1
34 99 1
34 101 -1
34 103 -1
34 105 -1
34 107 -1
34 108 -1
34 109 1
34 111 -1
34 115 -1
34 116 -1
34 117 -1
34 119 -1
34 121 -1
34 122 -1
34 124 -1
34 129 1
35 1 -1
35 2 1
35 9 -1
35 10 1
35 11 1
35 13 -1
35 15 -1
35 17 -1
35 18 -1
35 23 1
35 24 1
35 26 -1
35 30 -1
35 33 -1
35 34 -1
35 36 -1
35 39 -1
35 41 -1
35 42 -1
35 43 -1
35 47 -1
35 48 -1
35 55 -1
35 60 -1
35 62 -1
35 63 1
35 69 -1
35 71 -1
35 73 -1
35 75 1
35 76 -1
35 77 -1
35 78 -1
35 86 -1
35 87 -1
35 89 1
35 90 -1
35 91 -1
35 93 -1
35 94 -1
35 95 -1
35 96 -1
35 98 -1
35 102 -1
35 103 -1
35 104 1
35 110 -1
35 116 -1
35 117 -1
35 118 -1
35 123 1
35 124 1
35 127 -1
35 130 -1
36 2 -1
36 3 1
36 13 -1
36 15 -1
36 16 -1
36 21 -1
36 24 -1
36 26 -1
36 27 -1
36 31 -1
36 32 -1
36 34 1
36 44 1
36 52 -1
36 54 -1
36 55 -1
36 57 -1
36 58 -1
36 60 -1
36 63 -1
36 67 -1
36 71 -1
36 73 -1
36 76 -1
36 82 1
36 83 -1
36 84 1
36 88 -1
36 90 1
36 91 -1
36 93 -1
36 95 -1
36 97 -1
36 100 1
36 104 -1
36 107 -1
36 108 1
36 109 -1
36 110 -1
36 111 -1
36 114 -1
36 118 1
36 126 1
36 128 -1
36 129 -1
36 130 -1
37 1 -1
37 3 -1
37 5 -1
37 9 -1
37 10 -1
37 12 1
37 15 -1
37 17 -1
37 25 -1
37 26 -1
37 30 -1
37 31 -1
37 33 1
37 35 -1
37 36 -1
37 39 -1
37 41 -1
37 45 -1
37 47 1
37 54 -1
37 55 -1
37 59 1
37 61 -1
37 64 -1
37 67 -1
37 70 -1
37 71 -1
37 72 -1
37 75 1
37 77 -1
37 78 1
37 80 -1
37 81 -1
37 84 -1
37 87 -1
37 88 -1
37 91 -1
37 96 -1
37 97 -1
37 103 -1
37 104 1
37 106 -1
37 107 -1
37 108 -1
37 110 1
37 112 -1
37 113 -1
37 114 -1
37 115 -1
37 116 -1
37 117 -1
37 121 -1
37 123 -1
37 126 -1
37 128 -1
38 1 1
38 3 1
38 5 -1
38 7 -1
38 8 -1
38 9 -1
38 10 -1
38 11 -1
38 13 -1
38 19 -1
38 21 -1
38 23 -1
38 24 -1
38 26 -1
38 29 -1
38 30 1
38 31 1
38 33 -1
38 36 -1
38 39 -1
38 40 -1
38 41 1
38 42 -1
38 43 -1
38 45 1
38 50 -1
38 53 -1
38 54 -1
38 57 -1
38 61 -1
38 62 -1
38 64 1
38 65 -1
38 66 -1
38 67 -1
38 73 -1
38 74 -1
38 76 -1
38 77 -1
38 78 -1
38 91 -1
38 92 1
38 97 -1
38 98 -1
38 99 -1
38 103 1
38 110 -1
38 111 -1
38 112 1
38 113 -1
38 116 -1
38 121 1
38 124 1
38 125 -1
38 126 -1
39 3 -1
39 5 -1
39 10 -1
39 16 -1
39 23 -1
39 25 -1
39 34 -1
39 42 -1
39 45 1
39 46 1
39 48 -1
39 52 -1
39 56 -1
39 60 1
39 61 1
39 64 -1
39 65 -1
39 66 1
39 68 1
39 69 -1
39 74 -1
39 78 -1
39 83 -1
39 92 -1
39 95 -1
39 97 -1
39 98 1
39 101 1
39 102 -1
39 106 -1
39 109 -1
39 110 -1
39 115 -1
39 119 -1
39 120 -1
39 123 -1
39 125 -1
39 128 -1
39 130 -1
40 4 -1
40 5 -1
40 6 -1
40 10 -1
40 12 -1
40 15 -1
40 20 1
40 21 1
40 23 -1
40 25 1
40 28 -1
40 32 -1
40 33 -1
40 35 1
40 36 -1
40 37 -1
40 39 -1
40 44 -1
40 51 -1
40 52 -1
40 53 -1
40 56 1
40 57 -1
40 58 -1
40 64 -1
40 65 -1
40 71 -1
40 73 -1
40 74 1
40 75 -1
40 78 -1
40 79 -1
40 81 -1
40 82 -1
40 83 1
40 86 1
40 91 -1
40 92 -1
40 94 1
40 96 -1
40 101 -1
40 102 -1
40 104 -1
40 107 -1
40 110 -1
40 114 -1
40 115 -1
40 116 1
40 117 -1
40 120 1
40 122 -1
40 124 -1
40 125 -1
40 127 -1
40 128 -1
40 130 -1
41 1 -1
41 3 -1
41 4 -1
41 5 -1
41 8 -1
41 10 1
41 11 -1
41 12 -1
41 20 -1
41 21 -1
41 22 -1
41 25 -1
41 26 -1
41 31 -1
41 33 1
41 36 -1
41 43 -1
41 49 1
41 50 -1
41 56 1
41 59 -1
41 61 1
41 67 -1
41 69 -1
41 70 -1
41 71 -1
41 72 -1
41 75 -1
41 78 1
41 81 1
41 82 -1
41 83 -1
41 89 -1
41 90 -1
41 97 -1
41 98 -1
41 101 -1
41 116 -1
41 118 1
41 119 -1
41 121 -1
41 122 -1
41 125 1
41 126 -1
42 2 -1
42 4 -1
42 6 -1
42 8 -1
42 9 -1
42 11 -1
42 12 -1
42 14 -1
42 16 -1
42 17 -1
42 20 -1
42 23 -1
42 24 -1
42 25 -1
42 26 1
42 27 1
42 28 -1
42 32 -1
42 33 -1
42 36 -1
42 37 1
42 40 -1
42 41 -1
42 43 1
42 44 -1
42 49 -1
42 51 -1
42 52 1
42 54 -1
42 58 -1
42 63 -1
42 64 -1
42 65 -1
42 67 -1
42 70 -1
42 71 1
42 73 -1
42 75 -1
42 76 -1
42 77 -1
42 88 -1
42 89 -1
42 91 1
42 93 -1
42 94 1
42 98 -1
42 105 -1
42 106 -1
42 111 -1
42 112 -1
42 114 -1
42 115 -1
42 117 -1
42 120 -1
42 124 -1
43 1 1
43 2 -1
43 3 1
43 4 -1
43 5 1
43 7 1
43 12 1
43 13 1
43 15 -1
43 16 -1
43 17 -1
43 18 1
43 21 -1
43 23 1
43 24 -1
43 26 -1
43 27 1
43 30 -1
43 32 1
43 39 1
43 40 -1
43 50 -1
43 58 1
43 59 -1
43 60 -1
43 64 1
43 67 -1
43 70 -1
43 71 -1
43 73 -1
43 80 -1
43 81 1
43 82 -1
43 83 -1
43 88 -1
43 90 -1
43 96 1
43 97 1
43 98 -1
43 102 1
43 104 -1
43 106 -1
43 109 -1
43 110 -1
43 112 -1
43 120 -1
43 124 -1
43 126 -1
43 127 -1
44 2 -1
44 3 -1
44 5 -1
44 6 1
44 8 1
44 9 -1
44 14 1
44 15 -1
44 18 -1
44 19 -1
44 20 -1
44 23 -1
44 24 1
44 26 -1
44 29 -1
44 32 -1
44 34 1
44 35 -1
44 39 -1
44 41 -1
44 43 -1
44 49 -1
44 54 -1
44 62 1
44 66 -1
44 67 -1
44 70 -1
44 71 -1
44 73 -1
44 74 1
44 75 1
44 76 -1
44 80 -1
44 82 -1
44 83 -1
44 84 -1
44 86 -1
44 88 -1
44 90 -1
44 91 -1
44 92 1
44 94 -1
44 97 -1
44 98 1
44 102 -1
44 105 -1
44 106 1
44 110 1
44 112 -1
44 114 1
44 115 -1
44 116 -1
44 117 -1
44 120 -1
44 121 1
44 122 -1
44 123 -1
44 125 1
44 128 -1
44 129 -1
44 130 -1
45 5 -1
45 6 -1
45 8 -1
45 9 1
45 10 -1
45 11 1
45 14 -1
45 18 -1
45 20 -1
45 21 -1
45 30 -1
45 32 1
45 33 -1
45 34 1
45 35 -1
45 36 -1
45 40 1
45 42 -1
45 43 -1
45 44 -1
45 46 -1
45 49 1
45 50 -1
45 51 -1
45 54 -1
45 55 -1
45 58 -1
45 59 -1
45 62 -1
45 64 -1
45 67 1
45 71 -1
45 77 -1
45 85 -1
45 88 1
45 91 -1
45 93 1
45 94 -1
45 96 -1
45 98 -1
45 99 1
45 100 -1
45 101 -1
45 104 -1
45 105 1
45 107 -1
45 109 1
45 110 1
45 116 -1
45 117 -1
45 120 -1
45 121 -1
45 122 -1
45 123 1
45 130 -1
46 3 -1
46 5 1
46 6 -1
46 7 -1
46 13 1
46 14 -1
46 19 -1
46 22 -1
46 24 -1
46 26 -1
46 29 1
46 30 -1
46 31 -1
46 36 -1
46 37 -1
46 40 -1
46 42 -1
46 43 -1
46 51 -1
46 56 -1
46 57 -1
46 58 -1
46 59 -1
46 60 -1
46 61 -1
46 67 -1
46 70 -1
46 73 -1
46 75 -1
46 76 -1
46 77 -1
46 79 1
46 80 -1
46 83 -1
46 85 -1
46 87 -1
46 89 -1
46 90 -1
46 92 -1
46 97 -1
46 105 -1
46 106 1
46 108 -1
46 109 -1
46 114 1
46 115 -1
46 122 -1
46 127 -1
47 2 -1
47 3 1
47 4 -1
47 5 -1
47 7 -1
47 9 -1
47 10 1
47 12 -1
47 13 -1
47 14 -1
47 17 -1
47 18 -1
47 20 -1
47 23 -1
47 25 -1
47 27 -1
47 29 -1
47 30 1
47 31 -1
47 34 -1
47 38 -1
47 40 -1
47 41 -1
47 43 1
47 45 -1
47 46 -1
47 49 -1
47 51 -1
47 53 1
47 62 -1
47 63 -1
47 65 -1
47 69 1
47 71 -1
47 74 -1
47 75 1
47 78 -1
47 82 -1
47 84 -1
47 85 1
47 90 1
47 92 -1
47 93 -1
47 94 -1
47 96 -1
47 97 1
47 98 -1
47 100 -1
47 103 -1
47 107 -1
47 110 1
47 116 -1
47 119 -1
47 121 -1
47 122 -1
47 125 -1
47 129 -1
47 130 -1
48 1 -1
48 2 -1
48 5 -1
48 6 -1
48 10 -1
48 12 -1
48 17 -1
48 20 -1
48 23 -1
48 25 -1
48 26 -1
48 27 -1
48 31 -1
48 34 1
48 36 1
48 38 -1
48 40 -1
48 45 -1
48 51 -1
48 53 -1
48 55 -1
48 56 1
48 57 -1
48 58 1
48 59 -1
48 61 -1
48 62 -1
48 63 -1
48 64 1
48 69 -1
48 71 -1
48 73 -1
48 77 -1
48 79 -1
48 83 -1
48 84 1
48 85 -1
48 86 -1
48 89 -1
48 90 -1
48 95 -1
48 96 -1
48 97 -1
48 100 1
48 101 -1
48 102 -1
48 106 -1
48 110 -1
48 117 -1
48 123 -1
48 124 -1
48 125 -1
49 1 -1
49 5 -1
49 7 -1
49 8 -1
49 10 -1
49 16 1
49 20 -1
49 23 1
49 33 -1
49 35 -1
49 38 1
49 39 1
49 40 1
49 46 -1
49 48 -1
49 52 1
49 53 -1
49 54 -1
49 56 -1
49 57 -1
49 66 -1
49 67 -1
49 68 -1
49 72 -1
49 78 1
49 79 -1
49 81 -1
49 87 -1
49 88 1
49 90 -1
49 91 -1
49 94 1
49 95 1
49 96 -1
49 97 -1
49 99 -1
49 100 -1
49 101 1
49 102 -1
49 104 -1
49 106 -1
49 109 -1
49 113 -1
49 116 -1
49 117 -1
49 118 1
49 120 -1
49 126 -1
49 128 -1
50 1 -1
50 4 -1
50 7 -1
50 8 -1
50 9 -1
50 10 -1
50 14 -1
50 17 -1
50 18 -1
50 19 -1
50 20 1
50 21 -1
50 22 -1
50 25 -1
50 26 1
50 28 -1
50 29 1
50 30 1
50 32 -1
50 33 -1
50 34 1
50 35 -1
50 36 1
50 37 -1
50 39 -1
50 40 -1
50 42 -1
50 44 -1
50 46 -1
50 49 -1
50 51 1
50 54 -1
50 55 1
50 59 -1
50 64 -1
50 65 -1
50 66 -1
50 68 -1
50 69 1
50 70 -1
50 73 -1
50 76 1
50 78 -1
50 81 -1
50 83 1
50 84 1
50 85 -1
50 86 -1
50 88 -1
50 96 1
50 97 -1
50 98 -1
50 100 -1
50 104 -1
50 105 -1
50 106 1
50 107 -1
50 110 1
50 113 -1
50 114 -1
50 117 -1
50 118 -1
50 122 -1
50 125 -1
50 126 -1
50 130 -1
51 12 -1
51 14 -1
51 16 -1
51 17 -1
51 18 -1
51 21 -1
51 23 -1
51 24 -1
51 27 -1
51 33 -1
51 35 -1
51 36 -1
51 39 -1
51 41 -1
51 43 1
51 49 1
51 54 1
51 57 -1
51 59 -1
51 62 1
51 64 1
51 66 -1
51 68 -1
51 71 -1
51 76 -1
51 77 -1
51 82 -1
51 86 -1
51 87 -1
51 88 1
51 91 -1
51 92 -1
51 96 -1
51 100 -1
51 101 -1
51 105 -1
51 107 -1
51 110 -1
51 112 -1
51 113 -1
51 121 -1
51 123 1
51 127 -1
52 5 1
52 6 -1
52 7 -1
52 8 -1
52 9 1
52 10 -1
52 15 -1
52 16 -1
52 18 -1
52 22 -1
52 24 -1
52 25 -1
52 26 -1
52 27 -1
52 30 -1
52 31 1
52 37 -1
52 38 1
52 41 -1
52 44 -1
52 46 -1
52 47 -1
52 48 -1
52 50 -1
52 55 -1
52 56 -1
52 58 -1
52 61 1
52 62 -1
52 64 -1
52 69 -1
52 70 -1
52 75 -1
52 77 -1
52 78 -1
52 83 -1
52 86 -1
52 88 -1
52 90 -1
52 97 -1
52 100 -1
52 102 -1
52 103 -1
52 104 -1
52 105 -1
52 108 -1
52 112 -1
52 115 -1
52 116 -1
52 119 -1
52 120 -1
52 121 -1
52 123 1
52 125 -1
52 127 -1
52 128 -1
52 130 -1
53 2 -1
53 4 -1
53 5 -1
53 7 -1
53 10 -1
53 11 -1
53 18 -1
53 20 1
53 27 -1
53 28 -1
53 32 -1
53 33 -1
53 34 -1
53 36 -1
53 37 -1
53 39 -1
53 41 -1
53 43 -1
53 44 -1
53 45 -1
53 46 1
53 50 -1
53 52 -1
53 56 -1
53 59 -1
53 60 -1
53 61 -1
53 62 -1
53 63 1
53 65 -1
53 67 -1
53 68 1
53 71 -1
53 73 1
53 74 1
53 75 -1
53 80 1
53 84 -1
53 88 1
53 89 1
53 92 1
53 93 1
53 95 -1
53 98 -1
53 101 -1
53 102 -1
53 110 -1
53 113 -1
53 114 1
53 118 1
53 120 1
53 122 -1
53 123 -1
53 125 -1
53 126 -1
53 130 -1
54 4 -1
54 5 1
54 8 -1
54 9 -1
54 11 -1
54 16 -1
54 21 -1
54 23 -1
54 24 -1
54 26 -1
54 29 -1
54 32 -1
54 35 -1
54 39 -1
54 40 -1
54 41 -1
54 43 -1
54 46 -1
54 47 1
54 48 -1
54 57 -1
54 58 1
54 59 -1
54 60 -1
54 61 1
54 63 -1
54 65 1
54 70 -1
54 71 1
54 72 1
54 77 -1
54 78 -1
54 79 -1
54 80 -1
54 84 -1
54 86 1
54 87 -1
54 88 -1
54 93 -1
54 95 1
54 96 1
54 97 -1
54 98 1
54 101 -1
54 102 -1
54 104 -1
54 105 -1
54 108 -1
54 110 1
54 112 -1
54 113 -1
54 118 -1
54 119 -1
54 120 -1
54 121 -1
54 124 -1
54 125 -1
54 127 1
54 128 1
54 129 -1
54 130 -1
55 2 -1
55 6 1
55 7 -1
55 8 -1
55 10 -1
55 15 -1
55 17 1
55 19 -1
55 20 -1
55 24 -1
55 26 1
55 29 -1
55 33 -1
55 38 -1
55 39 -1
55 40 -1
55 42 -1
55 43 -1
55 44 1
55 46 -1
55 47 -1
55 49 -1
55 54 -1
55 56 -1
55 61 1
55 62 1
55 63 -1
55 67 1
55 68 -1
55 69 -1
55 70 -1
55 73 -1
55 75 -1
55 79 -1
55 81 1
55 82 -1
55 87 -1
55 89 -1
55 90 -1
55 93 -1
55 95 -1
55 100 -1
55 105 -1
55 106 -1
55 109 1
55 113 1
55 114 -1
55 117 -1
55 119 -1
55 123 -1
55 127 -1
55 129 1
56 1 -1
56 3 -1
56 5 -1
56 12 1
56 15 -1
56 16 -1
56 18 -1
56 21 -1
56 24 -1
56 28 -1
56 29 -1
56 31 -1
56 42 -1
56 44 -1
56 45 -1
56 47 1
56 50 -1
56 54 -1
56 57 -1
56 58 -1
56 66 -1
56 67 -1
56 68 1
56 70 1
56 71 -1
56 73 -1
56 74 -1
56 77 -1
56 84 -1
56 85 -1
56 88 1
56 93 -1
56 99 1
56 101 -1
56 104 -1
56 105 -1
56 106 1
56 109 -1
56 110 -1
56 111 1
56 121 -1
56 126 1
56 128 1
57 1 -1
57 2 -1
57 3 1
57 5 -1
57 7 -1
57 9 -1
57 12 -1
57 13 1
57 19 -1
57 20 -1
57 23 -1
57 25 -1
57 35 -1
57 37 -1
57 39 -1
57 42 -1
57 43 -1
57 44 -1
57 45 -1
57 50 -1
57 52 -1
57 55 -1
57 58 -1
57 60 -1
57 61 -1
57 63 1
57 64 -1
57 70 -1
57 73 -1
57 78 -1
57 81 -1
57 87 -1
57 89 -1
57 93 -1
57 95 -1
57 97 -1
57 99 -1
57 101 -1
57 103 -1
57 106 1
57 107 -1
57 108 -1
57 109 -1
57 112 -1
57 113 -1
57 114 -1
57 115 -1
57 120 -1
57 121 -1
57 123 -1
57 125 -1
57 126 1
57 128 -1
57 130 1
58 1 -1
58 2 -1
58 3 -1
58 7 -1
58 8 1
58 11 -1
58 13 -1
58 16 -1
58 17 -1
58 18 1
58 20 -1
58 21 -1
58 24 -1
58 25 1
58 28 1
58 33 -1
58 35 -1
58 37 -1
58 38 -1
58 39 -1
58 41 -1
58 44 -1
58 49 -1
58 50 -1
58 51 -1
58 55 -1
58 59 -1
58 62 -1
58 67 -1
58 72 -1
58 74 -1
58 80 -1
58 81 1
58 82 -1
58 83 -1
58 85 -1
58 88 -1
58 90 -1
58 92 1
58 98 -1
58 100 -1
58 103 -1
58 105 -1
58 106 -1
58 107 1
58 110 -1
58 113 -1
58 114 -1
58 120 -1
58 122 -1
58 125 -1
58 128 -1
58 129 -1
59 1 -1
59 4 1
59 6 -1
59 8 -1
59 9 -1
59 11 -1
59 12 -1
59 16 1
59 20 -1
59 21 -1
59 23 -1
59 26 -1
59 28 1
59 29 -1
59 31 1
59 32 -1
59 34 1
59 38 -1
59 39 -1
59 44 1
59 47 1
59 49 -1
59 52 -1
59 55 -1
59 56 -1
59 61 -1
59 65 1
59 67 -1
59 71 1
59 74 1
59 75 -1
59 76 -1
59 77 -1
59 78 -1
59 79 1
59 80 -1
59 90 1
59 91 -1
59 92 -1
59 93 -1
59 94 -1
59 96 -1
59 97 -1
59 98 -1
59 101 -1
59 104 1
59 107 -1
59 110 -1
59 111 -1
59 112 -1
59 117 -1
59 119 1
59 120 -1
59 122 -1
59 124 -1
59 125 -1
59 128 -1
59 130 -1
60 1 -1
60 4 -1
60 10 -1
60 13 -1
60 14 -1
60 16 -1
60 18 -1
60 24 -1
60 25 -1
60 26 -1
60 29 -1
60 33 1
60 34 -1
60 38 -1
60 40 -1
60 42 -1
60 44 -1
60 47 -1
60 48 1
60 49 -1
60 50 -1
60 52 -1
60 55 1
60 56 -1
60 58 -1
60 63 -1
60 65 1
60 67 -1
60 69 1
60 71 -1
60 72 1
60 76 -1
60 77 -1
60 79 -1
60 83 1
60 91 -1
60 92 -1
60 97 -1
60 101 -1
60 105 -1
60 107 -1
60 108 -1
60 109 1
60 112 -1
60 117 -1
60 118 -1
60 123 -1
60 125 -1
60 126 -1
60 127 -1
60 129 -1
60 130 -1
61 1 -1
61 6 -1
61 9 -1
61 11 1
61 13 -1
61 18 -1
61 20 -1
61 21 -1
61 23 -1
61 26 -1
61 27 -1
61 31 -1
61 35 -1
61 40 -1
61 45 -1
61 47 1
61 50 1
61 56 -1
61 60 -1
61 68 -1
61 69 -1
61 70 -1
61 74 -1
61 75 -1
61 84 -1
61 88 1
61 96 -1
61 100 1
61 101 -1
61 103 1
61 104 1
61 105 -1
61 106 -1
61 109 -1
61 110 -1
61 113 1
61 114 -1
61 119 -1
61 122 -1
61 127 -1
62 1 -1
62 2 1
62 3 -1
62 4 -1
62 5 -1
62 6 1
62 7 -1
62 8 -1
62 9 -1
62 11 -1
62 16 1
62 17 -1
62 25 -1
62 26 -1
62 27 1
62 33 -1
62 37 1
62 40 -1
62 41 -1
62 42 -1
62 43 -1
62 46 -1
62 50 -1
62 54 -1
62 59 -1
62 60 1
62 61 1
62 69 -1
62 73 -1
62 74 -1
62 77 1
62 78 1
62 79 -1
62 84 -1
62 88 -1
62 90 1
62 93 -1
62 96 -1
62 98 -1
62 103 -1
62 104 -1
62 108 -1
62 109 -1
62 111 -1
62 121 -1
62 122 -1
62 124 -1
62 128 -1
62 130 -1
63 2 -1
63 4 -1
63 5 -1
63 7 1
63 8 -1
63 11 -1
63 13 -1
63 16 1
63 17 -1
63 18 -1
63 20 -1
63 23 -1
63 24 1
63 25 -1
63 30 -1
63 32 1
63 34 -1
63 37 -1
63 38 -1
63 41 1
63 44 -1
63 45 -1
63 46 -1
63 49 -1
63 51 -1
63 56 -1
63 61 1
63 64 -1
63 66 -1
63 73 -1
63 74 -1
63 75 1
63 82 -1
63 83 -1
63 84 -1
63 85 -1
63 86 -1
63 90 1
63 91 1
63 92 -1
63 94 -1
63 95 -1
63 99 -1
63 101 -1
63 102 -1
63 105 -1
63 109 -1
63 110 -1
63 122 -1
63 123 -1
63 124 -1
63 127 -1
63 128 1
63 129 -1
63 130 -1
64 2 -1
64 5 -1
64 6 -1
64 14 -1
64 15 -1
64 18 -1
64 20 -1
64 22 -1
64 23 1
64 24 -1
64 25 1
64 26 -1
64 28 1
64 30 -1
64 32 1
64 35 1
64 36 -1
64 41 -1
64 46 -1
64 47 -1
64 49 -1
64 53 -1
64 58 -1
64 59 -1
64 60 -1
64 62 -1
64 65 -1
64 67 1
64 68 1
64 69 -1
64 70 -1
64 73 -1
64 74 -1
64 75 -1
64 79 -1
64 81 -1
64 82 -1
64 86 -1
64 87 -1
64 90 1
64 95 1
64 99 -1
64 102 -1
64 105 -1
64 106 -1
64 113 -1
64 116 -1
64 118 -1
64 119 -1
64 120 -1
64 121 -1
64 123 -1
64 124 -1
64 127 -1
64 130 1
65 2 1
65 7 -1
65 9 1
65 11 1
65 12 -1
65 16 1
65 17 -1
65 19 -1
65 21 -1
65 22 -1
65 23 1
65 24 1
65 26 -1
65 29 -1
65 30 -1
65 32 1
65 34 -1
65 35 -1
65 36 1
65 37 -1
65 41 -1
65 43 -1
65 45 -1
65 48 -1
65 49 -1
65 51 -1
65 55 -1
65 61 -1
65 62 -1
65 66 -1
65 71 -1
65 73 1
65 75 -1
65 77 -1
65 79 1
65 80 1
65 81 -1
65 82 -1
65 84 -1
65 86 1
65 92 -1
65 96 -1
65 97 -1
65 100 -1
65 101 -1
65 102 -1
65 103 -1
65 104 1
65 106 -1
65 110 -1
65 111 -1
65 112 -1
65 114 -1
65 115 -1
65 120 -1
65 121 -1
65 122 -1
65 124 1
65 126 -1
65 128 -1
66 2 -1
66 4 1
66 5 -1
66 7 1
66 8 -1
66 9 -1
66 10 -1
66 11 -1
66 12 -1
66 13 1
66 16 -1
66 17 -1
66 27 -1
66 28 -1
66 29 -1
66 32 -1
66 33 -1
66 36 1
66 40 -1
66 41 -1
66 42 1
66 43 -1
66 46 1
66 48 -1
66 53 1
66 54 1
66 55 -1
66 57 1
66 59 -1
66 60 -1
66 62 -1
66 64 -1
66 67 1
66 70 1
66 75 -1
66 78 -1
66 80 -1
66 81 1
66 85 -1
66 92 -1
66 101 -1
66 103 -1
66 104 -1
66 105 -1
66 113 -1
66 115 -1
66 122 -1
66 123 -1
66 124 -1
66 125 -1
66 126 1
67 4 -1
67 8 -1
67 9 -1
67 11 -1
67 13 -1
67 15 -1
67 21 -1
67 23 -1
67 24 -1
67 27 -1
67 28 1
67 29 -1
67 32 -1
67 33 -1
67 39 -1
67 40 -1
67 47 1
67 48 -1
67 50 -1
67 54 -1
67 62 -1
67 65 -1
67 71 -1
67 72 -1
67 78 -1
67 80 -1
67 85 -1
67 86 -1
67 87 -1
67 91 -1
67 92 -1
67 94 1
67 97 -1
67 99 1
67 103 -1
67 105 -1
67 109 1
67 113 1
67 116 -1
67 118 -1
67 120 -1
67 121 -1
67 125 1
67 126 1
68 1 -1
68 10 1
68 14 -1
68 15 -1
68 18 -1
68 25 -1
68 26 1
68 27 -1
68 29 -1
68 30 -1
68 31 -1
68 32 1
68 33 -1
68 34 -1
68 36 -1
68 38 1
68 40 -1
68 43 -1
68 46 -1
68 47 -1
68 48 -1
68 52 1
68 57 -1
68 58 -1
68 59 -1
68 60 -1
68 62 -1
68 63 -1
68 66 -1
68 74 1
68 77 -1
68 78 -1
68 79 -1
68 80 -1
68 81 -1
68 83 -1
68 84 1
68 86 -1
68 87 -1
68 91 -1
68 92 1
68 94 1
68 99 -1
68 100 -1
68 101 1
68 104 -1
68 105 -1
68 106 -1
68 107 -1
68 108 -1
68 111 1
68 115 -1
68 118 -1
68 122 1
68 123 -1
68 127 1
68 129 -1
69 5 -1
69 8 -1
69 9 -1
69 12 1
69 14 -1
69 20 1
69 21 -1
69 23 -1
69 24 -1
69 28 -1
69 30 -1
69 31 -1
69 32 -1
69 33 -1
69 34 -1
69 36 -1
69 38 -1
69 42 1
69 43 -1
69 46 -1
69 49 1
69 56 -1
69 57 -1
69 58 -1
69 59 -1
69 65 -1
69 66 -1
69 68 1
69 73 -1
69 74 1
69 75 -1
69 76 -1
69 77 -1
69 78 -1
69 80 -1
69 81 1
69 82 -1
69 84 1
69 92 -1
69 97 -1
69 98 1
69 99 -1
69 101 -1
69 103 -1
69 105 -1
69 107 1
69 108 -1
69 110 -1
69 111 -1
69 117 -1
69 119 -1
69 121 -1
69 123 1
69 130 1
70 3 -1
70 5 -1
70 6 -1
70 8 -1
70 13 1
70 18 -1
70 19 -1
70 20 -1
70 24 -1
70 27 -1
70 29 -1
70 30 1
70 32 -1
70 35 -1
70 36 -1
70 38 -1
70 39 -1
70 47 -1
70 48 -1
70 49 -1
70 58 -1
70 60 -1
70 62 -1
70 63 -1
70 65 -1
70 67 1
70 68 -1
70 69 -1
70 71 -1
70 76 -1
70 78 -1
70 80 -1
70 81 -1
70 82 -1
70 83 -1
70 86 1
70 87 -1
70 91 1
70 93 -1
70 94 -1
70 96 -1
70 97 -1
70 98 -1
70 103 -1
70 104 -1
70 105 -1
70 106 -1
70 107 -1
70 110 -1
70 112 -1
70 113 -1
70 114 -1
70 117 -1
70 121 -1
70 123 1
70 125 -1
70 126 -1
70 127 -1
70 128 1
70 130 -1
71 3 -1
71 7 -1
71 8 -1
71 9 -1
71 13 -1
71 16 -1
71 18 -1
71 20 -1
71 21 -1
71 22 -1
71 25 -1
71 26 -1
71 27 -1
71 28 -1
71 31 -1
71 39 -1
71 46 -1
71 49 -1
71 50 -1
71 52 1
71 57 -1
71 58 1
71 63 -1
71 64 -1
71 66 -1
71 68 -1
71 69 1
71 73 -1
71 75 1
71 77 -1
71 78 -1
71 81 1
71 83 -1
71 84 -1
71 86 -1
71 87 -1
71 95 -1
71 98 1
71 103 -1
71 107 -1
71 112 -1
71 116 -1
71 120 -1
71 127 -1
71 128 -1
71 130 -1
72 1 -1
72 10 -1
72 11 -1
72 15 -1
72 19 -1
72 20 1
72 21 -1
72 22 -1
72 24 -1
72 26 1
72 32 1
72 33 -1
72 36 -1
72 38 -1
72 39 -1
72 40 -1
72 43 -1
72 44 -1
72 50 -1
72 51 -1
72 52 -1
72 53 -1
72 55 -1
72 56 -1
72 57 -1
72 59 1
72 63 -1
72 66 -1
72 68 -1
72 69 -1
72 71 -1
72 73 -1
72 75 -1
72 77 -1
72 78 1
72 80 -1
72 85 -1
72 87 1
72 91 -1
72 93 -1
72 102 -1
72 104 -1
72 105 -1
72 106 -1
72 108 -1
72 109 -1
72 111 -1
72 112 -1
72 113 1
72 114 -1
72 117 -1
72 119 -1
72 120 -1
72 121 -1
72 122 1
72 123 1
72 128 -1
73 1 -1
73 4 -1
73 6 -1
73 12 -1
73 18 -1
73 21 -1
73 22 1
73 29 -1
73 32 -1
73 33 -1
73 37 -1
73 45 -1
73 51 1
73 52 -1
73 54 -1
73 59 -1
73 60 1
73 61 -1
73 66 -1
73 67 1
73 68 1
73 75 -1
73 79 -1
73 83 -1
73 88 1
73 89 -1
73 95 -1
73 96 -1
73 97 -1
73 99 1
73 107 1
73 109 -1
73 113 1
73 118 -1
73 119 1
73 120 1
73 122 -1
73 124 -1
73 127 -1
73 129 -1
74 1 1
74 2 -1
74 12 -1
74 13 -1
74 14 -1
74 17 -1
74 28 1
74 31 -1
74 32 -1
74 35 -1
74 36 -1
74 37 -1
74 41 -1
74 42 -1
74 46 -1
74 48 -1
74 49 -1
74 50 -1
74 51 -1
74 54 1
74 55 -1
74 57 -1
74 66 -1
74 70 -1
74 71 -1
74 72 -1
74 73 -1
74 77 -1
74 82 1
74 83 1
74 88 -1
74 89 -1
74 90 -1
74 95 -1
74 96 -1
74 97 -1
74 98 -1
74 100 -1
74 101 1
74 102 -1
74 103 1
74 106 -1
74 107 -1
74 110 -1
74 115 -1
74 116 -1
74 118 -1
74 123 -1
74 124 -1
74 125 -1
74 127 -1
75 1 -1
75 2 -1
75 7 -1
75 8 -1
75 9 -1
75 10 -1
75 11 -1
75 13 -1
75 17 -1
75 20 -1
75 21 1
75 22 -1
75 24 -1
75 25 -1
75 28 -1
75 29 -1
75 34 1
75 36 -1
75 39 1
75 43 1
75 45 -1
75 48 1
75 50 -1
75 51 -1
75 56 -1
75 57 -1
75 58 1
75 60 -1
75 62 -1
75 67 -1
75 68 -1
75 70 -1
75 74 1
75 76 -1
75 77 -1
75 79 -1
75 80 -1
75 89 -1
75 90 -1
75 92 -1
75 95 -1
75 97 -1
75 98 -1
75 99 -1
75 100 -1
75 102 -1
75 103 1
75 107 1
75 110 -1
75 112 -1
75 113 -1
75 118 1
75 120 -1
75 127 -1
75 128 1
75 130 -1
76 2 -1
76 4 -1
76 5 1
76 7 -1
76 8 -1
76 9 -1
76 12 -1
76 20 -1
76 23 -1
76 24 -1
76 25 -1
76 28 -1
76 33 1
76 34 -1
76 37 -1
76 39 -1
76 40 -1
76 41 -1
76 43 -1
76 47 1
76 49 -1
76 52 1
76 53 -1
76 55 -1
76 56 -1
76 57 -1
76 63 -1
76 68 -1
76 71 -1
76 72 -1
76 73 -1
76 78 -1
76 81 -1
76 82 -1
76 83 -1
76 84 -1
76 85 1
76 88 -1
76 89 -1
76 91 1
76 95 -1
76 96 -1
76 101 1
76 108 -1
76 111 1
76 113 -1
76 114 -1
76 119 -1
76 122 -1
76 125 -1
76 127 -1
76 128 -1
76 129 -1
76 130 -1
77 1 -1
77 3 -1
77 7 -1
77 8 1
77 15 -1
77 16 -1
77 17 -1
77 19 -1
77 20 1
77 23 -1
77 24 1
77 26 1
77 34 -1
77 36 -1
77 41 1
77 43 -1
77 44 -1
77 47 -1
77 49 -1
77 53 -1
77 67 -1
77 70 -1
77 73 -1
77 76 -1
77 84 -1
77 86 1
77 87 1
77 89 -1
77 90 1
77 91 -1
77 93 1
77 97 -1
77 101 -1
77 102 -1
77 106 -1
77 107 1
77 108 -1
77 113 -1
77 117 -1
77 120 -1
77 121 1
77 125 -1
77 128 -1
77 129 -1
78 1 -1
78 3 1
78 11 -1
78 13 -1
78 16 1
78 18 -1
78 22 -1
78 23 -1
78 25 -1
78 26 -1
78 27 -1
78 28 -1
78 30 -1
78 32 -1
78 34 -1
78 36 1
78 42 -1
78 44 -1
78 45 -1
78 46 -1
78 53 -1
78 55 -1
78 58 1
78 60 -1
78 61 -1
78 63 -1
78 64 1
78 73 1
78 74 1
78 77 -1
78 80 -1
78 82 -1
78 84 -1
78 85 -1
78 89 -1
78 90 1
78 91 -1
78 96 -1
78 101 -1
78 102 -1
78 103 -1
78 105 1
78 106 -1
78 111 -1
78 113 -1
78 115 1
78 119 -1
78 122 1
78 124 -1
78 127 -1
78 128 1
78 129 -1
79 1 -1
79 2 1
79 6 -1
79 7 -1
79 8 -1
79 12 -1
79 13 -1
79 14 -1
79 15 -1
79 16 -1
79 17 1
79 19 -1
79 20 -1
79 22 -1
79 32 1
79 35 1
79 36 -1
79 37 1
79 41 -1
79 42 -1
79 43 -1
79 44 -1
79 45 1
79 47 1
79 50 -1
79 51 -1
79 52 -1
79 53 -1
79 57 -1
79 58 -1
79 61 -1
79 63 -1
79 69 -1
79 71 -1
79 72 1
79 74 -1
79 76 -1
79 80 -1
79 81 -1
79 82 -1
79 83 -1
79 90 1
79 91 -1
79 95 -1
79 96 -1
79 97 -1
79 100 -1
79 101 1
79 106 -1
79 108 1
79 109 1
79 113 -1
79 114 -1
79 118 -1
79 120 -1
79 125 1
79 126 1
79 129 -1
79 130 1
80 4 1
80 5 -1
80 7 -1
80 10 -1
80 12 -1
80 13 -1
80 15 1
80 19 -1
80 22 -1
80 23 -1
80 26 -1
80 28 -1
80 29 -1
80 30 -1
80 31 -1
80 32 -1
80 33 -1
80 35 1
80 38 -1
80 39 -1
80 40 -1
80 41 -1
80 45 -1
80 48 -1
80 50 -1
80 51 -1
80 52 -1
80 55 -1
80 56 -1
80 60 -1
80 61 -1
80 62 -1
80 63 -1
80 64 -1
80 71 -1
80 73 -1
80 74 -1
80 76 1
80 77 1
80 84 -1
80 86 -1
80 89 -1
80 90 -1
80 94 -1
80 98 -1
80 99 -1
80 106 1
80 108 -1
80 114 -1
80 116 -1
80 117 -1
80 120 -1
80 121 -1
80 123 -1
80 125 -1
80 127 1
80 130 -1
81 1 -1
81 6 -1
81 8 -1
81 9 1
81 10 -1
81 18 1
81 22 1
81 26 -1
81 30 -1
81 31 -1
81 34 1
81 35 -1
81 36 -1
81 38 -1
81 39 -1
81 42 1
81 44 -1
81 45 1
81 46 -1
81 47 -1
81 48 -1
81 52 -1
81 54 -1
81 56 -1
81 60 -1
81 62 -1
81 67 1
81 72 -1
81 73 -1
81 74 -1
81 77 -1
81 78 -1
81 82 -1
81 83 1
81 86 -1
81 87 -1
81 88 -1
81 90 -1
81 91 1
81 92 -1
81 93 -1
81 95 -1
81 100 1
81 101 -1
81 102 -1
81 105 -1
81 109 -1
81 111 -1
81 113 -1
81 114 1
81 115 -1
81 116 1
81 117 -1
81 118 1
81 121 -1
81 127 1
81 130 -1
82 4 -1
82 6 -1
82 7 -1
82 9 -1
82 16 -1
82 17 -1
82 19 -1
82 21 -1
82 24 1
82 25 -1
82 28 -1
82 29 1
82 35 -1
82 38 -1
82 39 -1
82 45 -1
82 46 -1
82 48 -1
82 50 -1
82 52 -1
82 54 -1
82 59 -1
82 60 -1
82 62 -1
82 66 -1
82 68 1
82 72 1
82 73 -1
82 86 -1
82 91 1
82 92 -1
82 97 -1
82 98 1
82 99 1
82 101 1
82 102 -1
82 103 1
82 108 -1
82 109 -1
82 114 1
82 115 -1
82 120 -1
82 122 -1
82 124 -1
82 125 1
82 128 1
82 130 -1
83 3 -1
83 4 -1
83 6 -1
83 8 -1
83 10 1
83 13 1
83 14 -1
83 18 -1
83 20 -1
83 21 -1
83 22 -1
83 25 1
83 26 -1
83 27 -1
83 31 1
83 33 -1
83 37 1
83 42 -1
83 45 -1
83 47 1
83 49 -1
83 51 1
83 54 -1
83 55 -1
83 57 -1
83 66 -1
83 67 -1
83 69 -1
83 75 -1
83 78 -1
83 86 -1
83 89 -1
83 90 -1
83 101 -1
83 105 -1
83 111 -1
83 112 1
83 116 -1
83 118 -1
83 119 -1
83 120 -1
83 122 -1
83 124 -1
83 127 -1
83 128 -1
83 129 -1
84 2 -1
84 7 1
84 12 -1
84 20 -1
84 22 -1
84 23 1
84 24 1
84 25 1
84 29 -1
84 32 -1
84 35 -1
84 38 -1
84 42 -1
84 49 -1
84 51 -1
84 52 -1
84 55 -1
84 58 -1
84 59 1
84 60 -1
84 64 -1
84 67 -1
84 70 1
84 73 -1
84 74 1
84 75 -1
84 79 1
84 82 1
84 83 -1
84 85 -1
84 87 -1
84 90 -1
84 95 -1
84 96 -1
84 97 -1
84 99 1
84 102 -1
84 103 -1
84 104 -1
84 107 -1
84 118 -1
84 121 -1
84 124 -1
84 125 -1
85 1 -1
85 5 -1
85 8 -1
85 10 1
85 11 1
85 12 -1
85 13 -1
85 19 -1
85 20 -1
85 21 1
85 22 -1
85 26 -1
85 28 -1
85 30 -1
85 32 -1
85 33 1
85 35 1
85 37 -1
85 38 1
85 39 -1
85 40 -1
85 41 -1
85 42 -1
85 43 -1
85 49 -1
85 51 -1
85 54 -1
85 61 1
85 62 -1
85 65 -1
85 68 -1
85 69 -1
85 70 -1
85 73 -1
85 74 -1
85 75 1
85 77 1
85 79 -1
85 80 1
85 81 -1
85 82 1
85 83 -1
85 86 -1
85 88 1
85 93 -1
85 94 -1
85 97 -1
85 101 -1
85 102 -1
85 105 1
85 107 -1
85 108 -1
85 110 -1
85 111 -1
85 113 1
85 118 -1
85 123 -1
85 124 -1
85 126 -1
85 127 -1
85 128 -1
85 130 1
86 1 -1
86 2 -1
86 4 -1
86 10 -1
86 11 1
86 18 -1
86 21 -1
86 26 -1
86 27 -1
86 36 -1
86 37 -1
86 38 -1
86 41 1
86 46 1
86 49 1
86 53 -1
86 56 1
86 57 1
86 58 -1
86 60 1
86 62 -1
86 66 -1
86 69 -1
86 72 -1
86 73 -1
86 74 -1
86 75 -1
86 78 1
86 79 -1
86 87 -1
86 88 -1
86 91 1
86 94 -1
86 98 -1
86 99 -1
86 110 -1
86 112 -1
86 115 1
86 119 -1
86 126 -1
86 128 -1
86 130 -1
87 2 -1
87 4 -1
87 5 -1
87 8 1
87 9 -1
87 10 -1
87 11 -1
87 12 -1
87 13 -1
87 14 -1
87 17 -1
87 18 -1
87 20 -1
87 21 1
87 22 -1
87 24 -1
87 27 -1
87 28 -1
87 29 -1
87 30 -1
87 31 -1
87 32 -1
87 33 -1
87 36 1
87 38 -1
87 39 -1
87 43 1
87 45 -1
87 47 -1
87 52 1
87 61 1
87 63 -1
87 65 -1
87 66 -1
87 69 1
87 73 1
87 74 -1
87 75 -1
87 78 -1
87 80 -1
87 82 1
87 83 -1
87 85 -1
87 88 -1
87 90 -1
87 95 1
87 98 -1
87 102 -1
87 103 1
87 108 -1
87 110 -1
87 111 -1
87 112 -1
87 113 -1
87 114 -1
87 115 -1
87 116 -1
87 117 -1
87 121 -1
87 124 -1
87 126 -1
87 127 -1
87 128 -1
88 2 -1
88 4 1
88 10 -1
88 11 1
88 14 -1
88 15 -1
88 17 -1
88 18 -1
88 23 -1
88 24 -1
88 26 1
88 29 1
88 30 -1
88 31 -1
88 33 -1
88 34 -1
88 35 -1
88 39 -1
88 40 -1
88 41 1
88 48 1
88 57 1
88 59 -1
88 60 -1
88 63 1
88 64 -1
88 65 1
88 66 -1
88 69 -1
88 70 -1
88 71 -1
88 77 -1
88 78 1
88 80 -1
88 82 -1
88 84 -1
88 90 -1
88 91 -1
88 93 -1
88 94 -1
88 96 -1
88 97 1
88 102 -1
88 104 -1
88 106 1
88 112 -1
88 113 -1
88 118 -1
88 119 -1
88 120 1
88 123 -1
88 125 -1
88 127 -1
88 128 -1
89 1 -1
89 2 -1
89 4 -1
89 6 1
89 8 -1
89 11 1
89 13 -1
89 15 1
89 17 1
89 18 1
89 20 1
89 21 -1
89 22 -1
89 26 -1
89 27 1
89 30 -1
89 33 -1
89 37 -1
89 39 -1
89 40 -1
89 43 -1
89 44 1
89 47 -1
89 50 -1
89 56 -1
89 58 -1
89 59 1
89 60 -1
89 63 -1
89 64 -1
89 65 -1
89 66 -1
89 68 -1
89 70 -1
89 71 -1
89 79 -1
89 84 -1
89 85 -1
89 86 1
89 87 -1
89 88 1
89 90 -1
89 94 -1
89 97 -1
89 103 1
89 104 -1
89 105 -1
89 110 -1
89 112 -1
89 113 -1
89 116 -1
89 120 -1
89 121 1
89 122 -1
89 124 -1
89 127 -1
89 129 -1
89 130 1
90 2 -1
90 4 -1
90 5 -1
90 7 -1
90 8 -1
90 9 -1
90 15 -1
90 16 -1
90 21 1
90 22 1
90 24 -1
90 25 1
90 30 -1
90 33 -1
90 37 1
90 38 -1
90 39 -1
90 40 -1
90 42 -1
90 45 1
90 50 -1
90 54 -1
90 56 -1
90 60 -1
90 61 -1
90 65 1
90 66 -1
90 67 1
90 68 -1
90 69 -1
90 70 -1
90 71 -1
90 73 1
90 76 -1
90 82 -1
90 85 1
90 91 -1
90 93 -1
90 94 -1
90 96 -1
90 99 -1
90 100 -1
90 101 -1
90 102 -1
90 103 -1
90 105 -1
90 109 -1
90 110 -1
90 111 -1
90 114 1
90 117 -1
90 122 -1
90 128 -1
91 1 -1
91 3 -1
91 6 -1
91 10 -1
91 12 1
91 17 -1
91 19 -1
91 22 -1
91 23 -1
91 24 1
91 25 -1
91 26 -1
91 27 -1
91 28 1
91 29 -1
91 30 -1
91 33 1
91 39 -1
91 43 1
91 46 -1
91 47 -1
91 52 -1
91 53 -1
91 54 -1
91 55 -1
91 56 -1
91 57 -1
91 58 -1
91 61 -1
91 62 -1
91 69 -1
91 71 -1
91 73 -1
91 75 -1
91 80 -1
91 84 -1
91 85 -1
91 89 1
91 93 -1
91 94 -1
91 96 -1
91 98 -1
91 99 -1
91 100 -1
91 101 1
91 106 -1
91 110 -1
91 111 -1
91 116 -1
91 117 -1
91 119 -1
91 121 -1
91 123 -1
91 125 -1
91 127 1
91 128 -1
91 129 1
92 1 -1
92 2 -1
92 9 -1
92 12 -1
92 16 -1
92 17 -1
92 19 -1
92 24 -1
92 27 -1
92 28 -1
92 31 -1
92 32 -1
92 35 -1
92 37 -1
92 41 1
92 45 -1
92 48 -1
92 50 -1
92 52 -1
92 54 -1
92 56 -1
92 57 -1
92 61 -1
92 70 -1
92 71 1
92 72 1
92 73 1
92 74 -1
92 76 -1
92 77 -1
92 78 1
92 79 1
92 86 1
92 88 -1
92 89 -1
92 90 -1
92 100 -1
92 102 -1
92 103 -1
92 104 -1
92 105 -1
92 109 -1
92 112 -1
92 114 -1
92 116 -1
92 117 -1
92 119 1
92 120 -1
92 122 1
92 123 -1
92 124 -1
92 125 -1
92 128 1
92 129 -1
93 1 -1
93 4 -1
93 5 -1
93 9 -1
93 12 -1
93 13 -1
93 20 -1
93 22 -1
93 23 -1
93 24 1
93 26 -1
93 27 -1
93 30 -1
93 37 -1
93 38 -1
93 39 1
93 41 -1
93 43 -1
93 44 -1
93 46 -1
93 48 -1
93 49 1
93 50 -1
93 51 -1
93 52 -1
93 60 1
93 61 -1
93 63 -1
93 65 -1
93 66 1
93 68 -1
93 69 -1
93 71 -1
93 74 -1
93 76 1
93 78 1
93 79 1
93 80 -1
93 83 -1
93 84 -1
93 86 -1
93 87 -1
93 92 1
93 94 -1
93 97 -1
93 98 1
93 99 -1
93 100 1
93 103 -1
93 106 -1
93 108 1
93 111 -1
93 113 -1
93 114 -1
93 115 -1
93 117 -1
93 118 1
93 119 -1
93 123 -1
93 125 -1
93 126 -1
93 127 -1
94 2 -1
94 5 1
94 8 -1
94 11 -1
94 12 -1
94 13 -1
94 16 -1
94 19 1
94 20 -1
94 21 1
94 23 -1
94 26 -1
94 29 -1
94 32 -1
94 37 -1
94 39 -1
94 41 -1
94 48 -1
94 50 -1
94 52 -1
94 53 -1
94 54 -1
94 56 1
94 57 -1
94 58 -1
94 60 -1
94 62 -1
94 64 -1
94 65 -1
94 72 1
94 73 -1
94 74 -1
94 79 1
94 81 -1
94 83 -1
94 84 -1
94 87 -1
94 101 -1
94 102 -1
94 103 -1
94 106 1
94 109 -1
94 114 -1
94 115 -1
94 117 -1
94 118 -1
94 120 -1
94 121 -1
95 3 -1
95 5 -1
95 6 -1
95 9 -1
95 11 1
95 16 -1
95 17 -1
95 21 1
95 23 -1
95 27 -1
95 28 -1
95 32 -1
95 37 -1
95 42 -1
95 43 -1
95 44 -1
95 45 -1
95 46 -1
95 47 1
95 50 -1
95 51 -1
95 59 -1
95 60 1
95 61 -1
95 62 -1
95 66 -1
95 67 1
95 68 -1
95 70 -1
95 72 -1
95 77 -1
95 78 -1
95 80 -1
95 83 -1
95 85 -1
95 88 -1
95 89 -1
95 96 -1
95 99 -1
95 102 -1
95 103 1
95 115 -1
95 117 -1
95 118 -1
95 121 -1
95 124 -1
95 125 -1
95 128 1
95 129 -1
95 130 -1
96 1 -1
96 2 -1
96 4 1
96 10 -1
96 14 -1
96 17 -1
96 18 1
96 19 -1
96 22 1
96 23 -1
96 24 -1
96 25 1
96 28 -1
96 30 -1
96 31 -1
96 41 -1
96 44 -1
96 53 -1
96 56 1
96 57 -1
96 58 -1
96 60 -1
96 66 -1
96 67 -1
96 68 -1
96 69 -1
96 71 -1
96 72 -1
96 75 -1
96 80 -1
96 81 -1
96 83 -1
96 85 -1
96 86 -1
96 89 1
96 92 1
96 94 1
96 100 -1
96 103 -1
96 107 -1
96 108 -1
96 110 1
96 111 1
96 113 -1
96 115 -1
96 117 -1
96 118 -1
96 119 1
96 122 -1
96 123 -1
96 124 1
96 125 -1
96 127 -1
96 130 -1
97 3 -1
97 4 -1
97 8 -1
97 11 1
97 14 1
97 15 -1
97 19 -1
97 24 1
97 26 -1
97 28 -1
97 30 -1
97 32 1
97 33 1
97 34 -1
97 35 -1
97 42 1
97 45 -1
97 51 -1
97 55 -1
97 56 -1
97 58 -1
97 61 -1
97 63 -1
97 64 -1
97 68 -1
97 71 -1
97 72 1
97 76 -1
97 78 -1
97 81 -1
97 83 -1
97 86 -1
97 87 1
97 92 -1
97 94 -1
97 98 -1
97 101 1
97 103 1
97 106 -1
97 107 -1
97 108 -1
97 109 1
97 111 -1
97 112 -1
97 113 -1
97 114 -1
97 117 -1
97 119 -1
97 120 -1
97 122 1
97 123 -1
97 125 -1
97 130 1
98 2 -1
98 5 -1
98 6 1
98 8 -1
98 14 -1
98 16 -1
98 21 -1
98 22 -1
98 26 -1
98 29 -1
98 30 -1
98 36 -1
98 37 1
98 46 1
98 48 -1
98 51 -1
98 52 -1
98 61 -1
98 63 -1
98 64 1
98 65 1
98 66 1
98 67 -1
98 68 1
98 72 1
98 76 1
98 77 1
98 81 -1
98 83 -1
98 84 -1
98 85 -1
98 88 -1
98 90 1
98 94 -1
98 95 -1
98 96 -1
98 99 -1
98 100 -1
98 102 1
98 108 -1
98 109 -1
98 111 1
98 113 -1
98 116 -1
98 117 -1
98 118 -1
98 120 -1
98 122 1
98 124 -1
98 125 -1
98 128 -1
98 129 1
99 2 -1
99 3 -1
99 8 -1
99 9 1
99 13 -1
99 14 1
99 15 -1
99 18 -1
99 21 -1
99 23 -1
99 24 -1
99 26 -1
99 28 -1
99 35 -1
99 36 -1
99 37 -1
99 39 -1
99 41 1
99 42 -1
99 50 1
99 51 -1
99 53 -1
99 55 -1
99 58 -1
99 59 -1
99 60 -1
99 61 -1
99 62 1
99 65 -1
99 70 -1
99 72 1
99 77 -1
99 78 -1
99 79 -1
99 88 -1
99 89 -1
99 96 -1
99 97 -1
99 101 1
99 103 -1
99 106 1
99 107 -1
99 108 -1
99 109 -1
99 110 1
99 111 -1
99 112 1
99 114 -1
99 115 -1
99 119 -1
99 123 -1
99 127 -1
99 129 -1
99 130 -1
100 7 -1
100 9 1
100 11 -1
100 12 1
100 16 -1
100 17 -1
100 19 1
100 21 1
100 22 -1
100 24 -1
100 27 -1
100 29 -1
100 30 -1
100 34 -1
100 35 -1
100 37 1
100 38 1
100 39 -1
100 40 -1
100 41 -1
100 42 -1
100 43 1
100 44 -1
100 46 -1
100 53 -1
100 54 -1
100 56 -1
100 59 1
100 60 1
100 62 -1
100 63 -1
100 64 -1
100 66 1
100 67 -1
100 69 -1
100 70 -1
100 72 -1
100 73 -1
100 76 -1
100 82 -1
100 83 -1
100 84 -1
100 88 1
100 89 -1
100 99 -1
100 106 1
100 109 1
100 113 1
100 115 -1
100 117 -1
100 120 -1
100 124 -1
100 125 -1
100 126 -1
100 129 1
101 1 -1
101 2 -1
101 6 1
101 7 -1
101 8 -1
101 14 1
101 15 -1
101 17 -1
101 18 -1
101 23 -1
101 26 1
101 27 -1
101 30 -1
101 31 -1
101 32 -1
101 33 1
101 35 -1
101 36 1
101 37 1
101 38 -1
101 43 -1
101 46 -1
101 55 -1
101 62 -1
101 70 -1
101 71 -1
101 72 -1
101 80 -1
101 84 -1
101 86 -1
101 87 -1
101 92 -1
101 95 -1
101 96 1
101 98 -1
101 100 -1
101 106 -1
101 109 -1
101 111 -1
101 112 -1
101 113 -1
101 116 -1
101 127 -1
101 128 1
101 129 -1
102 4 -1
102 5 -1
102 6 -1
102 12 -1
102 17 -1
102 19 1
102 24 -1
102 27 -1
102 29 -1
102 30 -1
102 31 -1
102 38 -1
102 45 1
102 46 -1
102 47 -1
102 50 -1
102 55 -1
102 56 -1
102 58 -1
102 59 -1
102 61 -1
102 62 -1
102 66 -1
102 68 -1
102 71 -1
102 73 -1
102 76 1
102 79 -1
102 80 -1
102 83 -1
102 86 -1
102 89 -1
102 91 -1
102 93 -1
102 96 -1
102 97 -1
102 99 -1
102 100 -1
102 101 -1
102 103 1
102 104 -1
102 107 -1
102 109 -1
102 110 -1
102 111 -1
102 116 -1
102 117 1
102 122 -1
102 123 -1
102 127 -1
102 128 -1
102 130 -1
103 2 1
103 4 -1
103 9 1
103 10 -1
103 11 -1
103 14 -1
103 16 -1
103 18 -1
103 22 -1
103 23 -1
103 27 -1
103 31 -1
103 33 -1
103 36 -1
103 41 -1
103 43 1
103 44 -1
103 45 -1
103 49 -1
103 50 -1
103 51 -1
103 54 -1
103 59 -1
103 63 -1
103 68 -1
103 76 -1
103 77 -1
103 81 1
103 83 -1
103 85 -1
103 88 -1
103 98 -1
103 100 -1
103 101 -1
103 106 -1
103 112 -1
103 113 -1
103 115 -1
103 116 1
103 118 -1
103 123 -1
103 127 -1
104 7 -1
104 8 -1
104 12 -1
104 16 1
104 17 -1
104 19 1
104 21 -1
104 22 -1
104 25 -1
104 28 -1
104 29 -1
104 30 -1
104 34 -1
104 38 -1
104 39 -1
104 41 -1
104 44 -1
104 47 1
104 48 -1
104 51 -1
104 53 -1
104 55 -1
104 57 -1
104 60 -1
104 67 -1
104 69 -1
104 73 -1
104 74 -1
104 75 -1
104 76 -1
104 78 -1
104 80 -1
104 81 -1
104 83 -1
104 86 -1
104 87 1
104 90 -1
104 93 -1
104 95 -1
104 96 -1
104 97 -1
104 100 -1
104 103 -1
104 107 -1
104 110 1
104 111 -1
104 117 -1
104 118 -1
104 119 -1
104 120 -1
104 124 -1
104 127 -1
104 129 -1
104 130 -1
105 1 -1
105 2 1
105 5 -1
105 8 1
105 12 -1
105 14 -1
105 16 -1
105 17 -1
105 19 -1
105 21 -1
105 22 -1
105 25 1
105 30 -1
105 38 -1
105 39 -1
105 40 -1
105 41 -1
105 43 -1
105 47 -1
105 49 1
105 53 -1
105 59 1
105 62 1
105 71 -1
105 73 -1
105 74 -1
105 75 -1
105 76 -1
105 77 -1
105 79 -1
105 82 -1
105 84 -1
105 86 -1
105 87 -1
105 93 -1
105 94 -1
105 97 -1
105 98 -1
105 100 -1
105 101 1
105 102 -1
105 103 -1
105 106 -1
105 109 -1
105 111 -1
105 113 -1
105 115 -1
105 117 -1
105 120 -1
105 121 -1
105 125 -1
105 129 -1
105 130 -1
106 1 1
106 2 -1
106 5 -1
106 10 -1
106 11 -1
106 17 -1
106 20 -1
106 21 -1
106 22 -1
106 24 -1
106 26 -1
106 34 1
106 35 -1
106 36 -1
106 38 -1
106 41 -1
106 45 1
106 47 -1
106 51 -1
106 60 1
106 66 -1
106 67 -1
106 69 -1
106 73 -1
106 75 -1
106 76 1
106 81 -1
106 82 -1
106 85 -1
106 87 -1
106 89 -1
106 90 -1
106 95 -1
106 96 1
106 102 -1
106 104 -1
106 107 -1
106 110 -1
106 111 -1
106 112 1
106 117 -1
106 119 1
106 121 -1
106 123 -1
106 124 -1
106 126 -1
106 127 1
106 129 -1
106 130 1
107 1 -1
107 2 -1
107 4 1
107 6 -1
107 9 1
107 11 -1
107 19 1
107 20 1
107 21 1
107 31 -1
107 32 -1
107 35 -1
107 39 -1
107 41 -1
107 43 -1
107 44 -1
107 48 1
107 49 -1
107 53 1
107 54 -1
107 56 -1
107 63 -1
107 64 -1
107 65 -1
107 66 -1
107 72 -1
107 76 -1
107 78 -1
107 79 -1
107 80 -1
107 81 1
107 82 -1
107 86 1
107 87 1
107 89 -1
107 90 1
107 91 1
107 92 -1
107 93 1
107 94 -1
107 95 -1
107 98 -1
107 100 -1
107 101 -1
107 103 -1
107 109 -1
107 110 -1
107 117 -1
107 118 -1
107 119 -1
107 123 -1
107 124 1
107 125 -1
107 126 -1
107 129 -1
108 3 -1
108 6 -1
108 8 1
108 9 -1
108 11 1
108 14 -1
108 17 -1
108 21 -1
108 26 1
108 27 -1
108 32 -1
108 33 -1
108 35 -1
108 38 -1
108 40 -1
108 42 -1
108 43 -1
108 44 -1
108 45 -1
108 47 -1
108 48 -1
108 49 -1
108 50 1
108 51 1
108 55 -1
108 56 1
108 58 -1
108 59 -1
108 63 -1
108 65 1
108 66 -1
108 67 -1
108 70 -1
108 75 -1
108 81 -1
108 86 -1
108 88 -1
108 89 -1
108 94 1
108 95 -1
108 100 1
108 104 -1
108 105 -1
108 106 -1
108 107 -1
108 109 -1
108 112 -1
108 114 -1
108 115 -1
108 118 -1
108 126 1
108 128 -1
108 129 -1
108 130 -1
109 2 -1
109 4 1
109 6 -1
109 7 -1
109 8 -1
109 9 -1
109 11 -1
109 15 -1
109 16 -1
109 17 -1
109 24 -1
109 28 -1
109 31 1
109 32 -1
109 35 -1
109 37 1
109 38 1
109 41 -1
109 44 -1
109 50 -1
109 52 -1
109 54 -1
109 58 1
109 64 1
109 65 -1
109 66 1
109 68 -1
109 69 -1
109 70 -1
109 71 -1
109 74 -1
109 75 1
109 76 -1
109 77 -1
109 78 -1
109 80 -1
109 85 -1
109 86 1
109 88 -1
109 91 1
109 103 -1
109 110 -1
109 111 -1
109 112 -1
109 113 -1
109 114 -1
109 115 -1
109 117 1
109 118 1
109 119 -1
109 123 -1
109 124 -1
109 126 -1
110 2 -1
110 3 -1
110 4 -1
110 7 -1
110 19 -1
110 22 -1
110 23 -1
110 25 -1
110 33 -1
110 34 -1
110 42 -1
110 46 -1
110 52 -1
110 57 -1
110 60 1
110 62 -1
110 64 -1
110 68 -1
110 72 -1
110 73 -1
110 76 -1
110 80 -1
110 81 1
110 82 -1
110 84 -1
110 92 -1
110 93 -1
110 94 -1
110 95 -1
110 97 -1
110 101 -1
110 105 -1
110 108 1
110 115 -1
110 116 -1
110 120 -1
110 124 -1
110 129 1
111 1 -1
111 5 -1
111 8 -1
111 11 1
111 21 -1
111 23 -1
111 25 -1
111 26 -1
111 32 -1
111 33 1
111 35 -1
111 37 -1
111 39 -1
111 41 -1
111 43 -1
111 44 -1
111 45 1
111 46 -1
111 47 -1
111 48 -1
111 51 -1
111 52 -1
111 55 -1
111 58 -1
111 60 -1
111 63 -1
111 64 -1
111 66 -1
111 67 -1
111 71 1
111 73 1
111 74 -1
111 75 -1
111 77 -1
111 84 -1
111 86 -1
111 89 -1
111 92 1
111 95 -1
111 100 -1
111 107 1
111 108 1
111 110 -1
111 112 1
111 117 -1
111 120 -1
111 121 1
111 123 -1
111 124 -1
111 127 -1
111 130 -1
112 1 -1
112 4 -1
112 5 -1
112 7 -1
112 8 -1
112 10 -1
112 13 1
112 14 1
112 19 1
112 21 -1
112 22 -1
112 25 -1
112 26 -1
112 28 -1
112 31 -1
112 32 -1
112 39 -1
112 40 -1
112 41 -1
112 45 -1
112 46 -1
112 47 -1
112 48 -1
112 49 -1
112 53 -1
112 55 -1
112 58 -1
112 61 -1
112 62 -1
112 64 -1
112 68 -1
112 74 -1
112 76 -1
112 77 1
112 78 -1
112 79 -1
112 80 1
112 81 -1
112 82 1
112 85 1
112 90 -1
112 98 1
112 100 -1
112 110 -1
112 114 1
112 115 -1
112 119 -1
112 121 1
112 122 -1
112 126 -1
112 127 1
112 129 -1
113 1 -1
113 2 -1
113 3 -1
113 6 1
113 9 1
113 15 -1
113 16 1
113 17 -1
113 23 1
113 25 -1
113 29 -1
113 34 -1
113 36 -1
113 39 -1
113 40 -1
113 41 -1
113 42 -1
113 44 -1
113 45 -1
113 46 -1
113 48 -1
113 56 -1
113 59 -1
113 63 -1
113 65 1
113 68 -1
113 74 -1
113 82 1
113 83 -1
113 84 -1
113 90 1
113 92 -1
113 95 -1
113 99 1
113 104 -1
113 106 -1
113 111 -1
113 112 -1
113 114 -1
113 115 -1
113 117 -1
113 119 -1
113 123 -1
113 124 -1
113 125 -1
113 127 -1
113 128 -1
114 1 -1
114 2 1
114 5 -1
114 6 -1
114 8 -1
114 12 -1
114 13 -1
114 15 -1
114 16 -1
114 18 -1
114 20 -1
114 25 -1
114 28 1
114 31 1
114 32 1
114 33 -1
114 34 -1
114 35 1
114 38 -1
114 39 1
114 43 1
114 45 1
114 47 -1
114 49 -1
114 51 1
114 52 -1
114 54 -1
114 56 -1
114 60 -1
114 63 -1
114 64 -1
114 67 -1
114 68 -1
114 69 1
114 71 -1
114 73 -1
114 74 -1
114 84 -1
114 86 -1
114 88 -1
114 91 -1
114 95 -1
114 96 1
114 98 -1
114 100 1
114 101 -1
114 102 -1
114 103 -1
114 104 -1
114 105 -1
114 106 1
114 110 -1
114 111 -1
114 115 -1
114 117 -1
114 120 -1
114 123 -1
114 124 -1
114 128 -1
115 2 -1
115 4 -1
115 5 1
115 7 -1
115 10 -1
115 16 -1
115 21 -1
115 22 1
115 23 1
115 24 -1
115 25 -1
115 26 1
115 27 -1
115 29 1
115 30 -1
115 36 -1
115 38 -1
115 48 -1
115 49 -1
115 50 -1
115 53 1
115 54 -1
115 56 -1
115 58 -1
115 60 -1
115 61 -1
115 62 -1
115 63 -1
115 64 -1
115 67 -1
115 69 -1
115 70 -1
115 71 -1
115 72 1
115 75 -1
115 76 -1
115 80 -1
115 83 -1
115 85 1
115 88 -1
115 89 1
115 90 -1
115 92 -1
115 98 1
115 101 1
115 102 -1
115 104 1
115 106 -1
115 107 1
115 117 1
115 121 -1
115 125 -1
115 126 1
115 127 -1
115 130 -1
116 1 -1
116 5 -1
116 6 -1
116 7 1
116 8 -1
116 9 -1
116 14 -1
116 15 1
116 17 -1
116 25 -1
116 27 -1
116 28 -1
116 29 -1
116 31 -1
116 36 -1
116 39 -1
116 42 -1
116 46 -1
116 48 1
116 51 -1
116 53 -1
116 55 -1
116 57 -1
116 63 1
116 65 -1
116 66 -1
116 68 -1
116 70 -1
116 72 -1
116 73 -1
116 76 -1
116 77 1
116 78 -1
116 79 -1
116 82 1
116 85 -1
116 90 -1
116 94 -1
116 95 1
116 96 -1
116 97 -1
116 99 1
116 104 -1
116 105 -1
116 106 -1
116 108 1
116 111 -1
116 113 -1
116 114 -1
116 115 -1
116 119 -1
116 120 1
116 124 -1
116 125 -1
116 126 -1
116 129 1
117 2 -1
117 6 -1
117 10 1
117 13 -1
117 14 -1
117 16 -1
117 19 1
117 20 -1
117 22 -1
117 24 -1
117 25 -1
117 26 -1
117 30 1
117 31 -1
117 33 -1
117 41 -1
117 47 -1
117 52 1
117 53 1
117 54 -1
117 56 -1
117 57 -1
117 61 -1
117 62 1
117 64 -1
117 65 -1
117 66 -1
117 67 -1
117 68 -1
117 73 -1
117 74 -1
117 75 1
117 76 1
117 78 -1
117 79 -1
117 82 1
117 84 -1
117 85 -1
117 86 -1
117 88 -1
117 89 -1
117 99 -1
117 101 -1
117 108 -1
117 110 -1
117 112 -1
117 116 -1
117 118 1
117 120 -1
117 121 1
117 123 -1
117 125 1
117 127 -1
117 129 -1
117 130 -1
118 1 -1
118 4 -1
118 7 1
118 14 -1
118 16 1
118 18 1
118 19 1
118 23 -1
118 27 -1
118 29 -1
118 30 1
118 31 -1
118 32 -1
118 34 1
118 38 1
118 39 -1
118 40 -1
118 42 -1
118 45 1
118 46 -1
118 47 1
118 51 1
118 52 1
118 56 -1
118 57 -1
118 58 -1
118 59 -1
118 62 -1
118 63 -1
118 66 -1
118 69 -1
118 70 -1
118 71 -1
118 77 -1
118 78 -1
118 80 -1
118 82 -1
118 86 1
118 87 1
118 89 1
118 91 -1
118 97 -1
118 99 -1
118 100 -1
118 102 1
118 105 -1
118 111 1
118 113 -1
118 115 1
118 116 -1
118 120 -1
118 124 -1
118 127 -1
118 128 -1
118 129 -1
118 130 -1
119 4 -1
119 5 1
119 10 -1
119 11 -1
119 14 1
119 15 -1
119 16 1
119 18 1
119 20 -1
119 22 -1
119 23 -1
119 25 1
119 26 1
119 27 -1
119 28 -1
119 29 -1
119 30 -1
119 35 -1
119 37 -1
119 38 -1
119 40 -1
119 42 -1
119 43 -1
119 44 -1
119 45 -1
119 48 -1
119 50 -1
119 51 -1
119 53 1
119 56 -1
119 57 -1
119 62 -1
119 63 -1
119 65 -1
119 67 -1
119 68 1
119 71 -1
119 74 -1
119 77 -1
119 79 -1
119 80 -1
119 81 -1
119 82 -1
119 85 -1
119 98 1
119 100 -1
119 101 -1
119 102 -1
119 103 -1
119 105 -1
119 111 -1
119 114 -1
119 118 1
119 120 -1
119 122 -1
119 123 -1
119 125 -1
119 126 1
119 128 1
119 130 -1
120 1 -1
120 3 -1
120 8 -1
120 9 1
120 10 -1
120 12 -1
120 15 -1
120 17 -1
120 19 -1
120 21 -1
120 23 1
120 27 1
120 30 1
120 34 1
120 35 -1
120 38 -1
120 41 -1
120 51 1
120 55 1
120 56 1
120 60 -1
120 62 -1
120 66 1
120 68 -1
120 69 -1
120 70 1
120 74 -1
120 76 -1
120 78 1
120 81 -1
120 84 -1
120 87 -1
120 90 1
120 91 1
120 93 -1
120 95 -1
120 96 1
120 99 -1
120 101 -1
120 107 -1
120 108 -1
120 113 -1
120 122 -1
120 124 1
120 125 -1
120 126 -1
120 129 -1
120 130 1
121 2 -1
121 3 -1
121 4 -1
121 11 -1
121 14 -1
121 15 -1
121 16 -1
121 22 1
121 23 -1
121 26 1
121 27 -1
121 28 -1
121 29 -1
121 30 -1
121 31 1
121 33 -1
121 39 1
121 40 -1
121 42 1
121 46 -1
121 49 -1
121 53 -1
121 55 1
121 58 -1
121 59 -1
121 60 -1
121 61 -1
121 63 -1
121 66 -1
121 68 -1
121 76 1
121 78 -1
121 79 -1
121 82 -1
121 83 1
121 88 -1
121 90 -1
121 92 -1
121 93 -1
121 96 -1
121 97 -1
121 98 -1
121 99 -1
121 101 -1
121 103 -1
121 104 1
121 108 -1
121 109 -1
121 113 -1
121 114 -1
121 118 1
121 119 -1
121 120 -1
121 130 -1
122 1 -1
122 3 -1
122 4 1
122 10 -1
122 14 -1
122 19 1
122 22 -1
122 27 -1
122 33 -1
122 36 -1
122 37 -1
122 43 1
122 48 -1
122 49 1
122 52 -1
122 55 -1
122 56 -1
122 57 -1
122 60 1
122 69 1
122 70 1
122 71 -1
122 74 -1
122 77 -1
122 80 -1
122 85 1
122 88 -1
122 91 -1
122 93 1
122 95 -1
122 99 -1
122 100 1
122 103 -1
122 105 -1
122 106 -1
122 107 1
122 109 -1
122 114 -1
122 115 1
122 116 -1
122 117 -1
122 118 -1
122 121 -1
122 123 -1
122 129 1
122 130 -1
123 3 -1
123 9 -1
123 10 -1
123 11 -1
123 14 -1
123 15 -1
123 16 -1
123 19 1
123 22 -1
123 23 -1
123 32 -1
123 33 -1
123 34 -1
123 38 -1
123 40 -1
123 41 1
123 42 -1
123 43 -1
123 46 -1
123 49 -1
123 50 -1
123 54 -1
123 56 -1
123 58 -1
123 61 -1
123 62 -1
123 65 1
123 71 -1
123 75 -1
123 76 -1
123 78 1
123 79 -1
123 81 -1
123 82 -1
123 83 -1
123 84 -1
123 86 -1
123 89 -1
123 90 -1
123 94 1
123 98 1
123 100 -1
123 116 -1
123 124 1
123 127 -1
123 130 1
124 2 1
124 3 1
124 4 -1
124 5 -1
124 7 -1
124 12 -1
124 13 -1
124 17 -1
124 18 1
124 26 1
124 28 -1
124 31 -1
124 36 -1
124 37 1
124 39 -1
124 44 -1
124 46 -1
124 47 1
124 51 -1
124 52 -1
124 53 -1
124 55 -1
124 56 -1
124 57 -1
124 58 1
124 61 -1
124 68 -1
124 70 1
124 71 -1
124 72 -1
124 75 -1
124 77 -1
124 79 -1
124 80 -1
124 86 -1
124 88 -1
124 90 -1
124 91 -1
124 97 1
124 101 -1
124 102 -1
124 103 -1
124 105 -1
124 112 -1
124 117 1
124 119 -1
124 121 -1
124 122 -1
124 125 -1
124 127 -1
124 128 -1
124 129 -1
125 1 1
125 3 -1
125 5 -1
125 8 -1
125 9 -1
125 11 -1
125 14 1
125 17 1
125 22 -1
125 24 1
125 25 -1
125 29 -1
125 37 -1
125 42 -1
125 43 -1
125 46 -1
125 51 1
125 55 1
125 61 -1
125 62 -1
125 63 1
125 64 -1
125 68 -1
125 69 -1
125 71 -1
125 73 -1
125 75 -1
125 85 1
125 89 -1
125 90 -1
125 94 -1
125 101 -1
125 103 -1
125 104 -1
125 108 -1
125 109 -1
125 110 -1
125 111 1
125 112 -1
125 122 -1
125 123 -1
125 126 -1
125 129 -1
125 130 -1
126 2 -1
126 4 -1
126 5 -1
126 7 -1
126 9 -1
126 10 -1
126 13 -1
126 15 -1
126 18 -1
126 21 -1
126 24 -1
126 25 -1
126 30 -1
126 39 -1
126 42 -1
126 44 -1
126 45 -1
126 46 1
126 47 -1
126 51 -1
126 54 -1
126 58 1
126 59 -1
126 62 -1
126 63 -1
126 64 -1
126 68 -1
126 69 -1
126 71 -1
126 72 -1
126 75 -1
126 77 -1
126 80 1
126 81 -1
126 82 1
126 84 -1
126 90 -1
126 91 -1
126 92 -1
126 96 -1
126 97 -1
126 98 -1
126 99 -1
126 103 -1
126 104 -1
126 105 -1
126 110 -1
126 117 -1
126 121 1
126 122 1
126 124 -1
126 127 -1
126 129 -1
126 130 -1
127 4 1
127 5 1
127 6 -1
127 9 -1
127 12 -1
127 13 -1
127 14 -1
127 17 1
127 19 -1
127 20 -1
127 22 -1
127 23 -1
127 25 1
127 36 1
127 37 -1
127 38 -1
127 39 -1
127 41 -1
127 42 -1
127 44 1
127 45 -1
127 47 -1
127 48 -1
127 49 -1
127 50 1
127 56 1
127 57 -1
127 58 -1
127 59 -1
127 62 -1
127 67 -1
127 69 -1
127 72 -1
127 82 -1
127 86 -1
127 92 -1
127 94 -1
127 97 -1
127 98 -1
127 108 -1
127 110 -1
127 116 -1
127 119 -1
127 121 -1
127 122 -1
127 129 1
128 1 -1
128 8 1
128 9 1
128 10 1
128 13 -1
128 15 1
128 16 -1
128 17 1
128 18 -1
128 21 -1
128 23 -1
128 25 -1
128 28 -1
128 31 -1
128 32 -1
128 33 -1
128 35 -1
128 43 -1
128 45 -1
128 46 -1
128 47 1
128 50 -1
128 51 -1
128 55 -1
128 60 -1
128 64 -1
128 67 -1
128 68 -1
128 69 -1
128 73 -1
128 79 1
128 80 -1
128 81 -1
128 84 -1
128 89 -1
128 93 -1
128 97 -1
128 103 -1
128 104 -1
128 105 -1
128 107 1
128 109 -1
128 110 -1
128 111 -1
128 112 -1
128 115 -1
128 120 -1
128 123 -1
128 125 -1
128 126 -1
128 127 -1
128 129 -1
129 2 -1
129 3 -1
129 4 -1
129 8 -1
129 12 -1
129 14 -1
129 18 -1
129 20 -1
129 22 -1
129 24 -1
129 30 1
129 37 1
129 39 -1
129 40 1
129 48 -1
129 51 -1
129 56 -1
129 57 -1
129 59 1
129 62 -1
129 64 -1
129 65 -1
129 66 -1
129 67 -1
129 70 -1
129 71 -1
129 72 -1
129 74 -1
129 80 -1
129 81 -1
129 82 -1
129 84 -1
129 85 -1
129 86 1
129 87 -1
129 88 -1
129 90 1
129 93 1
129 94 -1
129 97 -1
129 103 1
129 109 -1
129 111 -1
129 113 -1
129 114 1
129 119 -1
129 121 1
130 2 -1
130 5 -1
130 7 -1
130 9 1
130 10 -1
130 11 1
130 15 -1
130 16 -1
130 30 -1
130 34 -1
130 37 -1
130 38 -1
130 41 -1
130 42 -1
130 43 -1
130 46 -1
130 48 -1
130 49 1
130 51 1
130 55 -1
130 58 -1
130 61 -1
130 65 -1
130 67 1
130 68 -1
130 72 1
130 73 -1
130 74 -1
130 77 -1
130 78 1
130 84 -1
130 87 -1
130 90 -1
130 91 -1
130 92 1
130 93 -1
130 100 -1
130 101 -1
130 103 -1
130 109 1
130 110 1
130 112 -1
130 114 -1
130 116 -1
130 124 1
130 127 -1
130 128 -1
130 129 -1
