vertices: 30 edges: 87
1 3 1
1 10 1
1 21 1
1 24 1
1 25 1
2 5 1
2 21 -1
3 13 1
3 16 1
4 21 -1
4 28 -1
5 7 1
5 11 -1
5 21 1
5 24 -1
6 1 -1
6 12 -1
6 18 -1
6 24 1
6 27 1
7 16 -1
8 16 -1
8 19 1
9 7 1
9 13 1
9 17 1
9 18 1
9 23 -1
9 27 1
10 6 -1
10 8 -1
10 17 -1
10 19 1
11 10 1
11 15 1
11 16 1
11 28 1
11 30 1
12 5 1
12 7 1
12 28 1
12 29 1
12 30 1
13 4 1
13 17 1
13 26 1
14 9 1
14 22 1
15 14 -1
15 18 1
15 20 1
16 25 1
16 28 1
16 29 -1
17 16 1
18 5 1
19 21 1
20 3 1
20 7 1
20 12 1
20 18 1
21 13 1
21 25 1
22 20 1
23 2 -1
23 3 1
24 10 1
24 19 1
25 5 1
25 14 1
25 28 1
26 4 1
26 24 1
27 2 1
27 4 1
27 12 1
27 15 1
28 3 1
28 27 1
29 10 1
29 21 1
29 26 -1
29 27 1
30 1 1
30 9 1
30 10 -1
30 19 1
