vertices: 30 edges: 87
1 2 -1
1 6 -1
1 29 1
2 6 1
2 7 -1
2 8 -1
2 19 -1
2 20 1
2 21 1
2 28 -1
3 7 1
3 8 -1
3 25 -1
4 1 -1
4 8 -1
4 11 1
4 12 -1
4 17 1
4 21 -1
4 23 1
4 27 -1
5 4 1
5 15 1
5 25 -1
6 8 1
6 16 -1
6 19 -1
6 29 1
6 30 -1
7 4 -1
8 13 -1
9 8 1
9 21 -1
9 28 -1
10 3 1
10 5 -1
10 8 1
10 12 -1
10 26 1
11 24 -1
12 1 1
12 13 -1
12 17 -1
12 22 -1
12 23 1
12 29 1
13 3 1
13 5 1
13 16 -1
13 29 1
14 6 1
14 12 -1
14 17 1
14 24 -1
14 27 -1
15 11 -1
16 26 -1
17 20 -1
18 10 -1
18 27 -1
20 10 1
20 19 1
21 11 1
22 11 -1
22 15 -1
22 21 -1
23 11 -1
23 14 -1
23 18 -1
23 21 -1
23 24 -1
23 28 1
24 3 1
24 4 -1
24 9 -1
24 10 1
24 16 1
24 22 -1
25 12 1
25 18 1
25 21 -1
27 1 1
27 21 -1
28 6 -1
30 4 1
30 9 1
30 25 -1
