vertices: 70 edges: 1207
1 7 -1
1 8 -1
1 11 -1
1 12 -1
1 17 -1
1 25 -1
1 30 -1
1 35 -1
1 39 -1
1 40 -1
1 51 -1
1 56 1
1 69 -1
2 1 1
2 5 -1
2 8 -1
2 11 -1
2 19 -1
2 21 -1
2 22 -1
2 27 -1
2 28 -1
2 36 -1
2 40 1
2 41 -1
2 47 -1
2 59 -1
2 65 -1
3 2 -1
3 5 1
3 12 -1
3 14 1
3 19 1
3 24 -1
3 26 1
3 27 -1
3 30 -1
3 31 -1
3 41 1
3 47 -1
3 48 -1
3 49 -1
3 53 1
3 55 -1
3 58 -1
3 59 -1
3 61 1
3 65 1
4 2 -1
4 5 -1
4 8 -1
4 14 -1
4 15 -1
4 34 -1
4 37 -1
4 38 -1
4 43 -1
4 49 -1
4 50 -1
4 51 -1
4 58 1
4 62 1
4 63 -1
4 67 -1
5 1 -1
5 12 1
5 19 -1
5 22 -1
5 26 -1
5 29 -1
5 41 -1
5 51 -1
5 53 -1
5 54 -1
5 55 -1
5 56 -1
5 59 -1
5 60 -1
5 63 -1
5 66 -1
5 67 -1
6 5 -1
6 13 -1
6 14 -1
6 15 -1
6 17 -1
6 19 -1
6 22 -1
6 28 -1
6 36 -1
6 43 -1
6 44 -1
6 47 -1
6 50 -1
6 51 -1
6 54 -1
6 57 -1
6 70 1
7 2 1
7 3 -1
7 12 -1
7 14 1
7 15 -1
7 20 1
7 22 -1
7 26 -1
7 27 -1
7 29 -1
7 34 -1
7 40 1
7 41 1
7 42 -1
7 43 -1
7 46 -1
7 50 1
7 51 -1
7 53 -1
7 61 -1
7 64 1
7 66 -1
7 70 -1
8 5 -1
8 6 -1
8 19 -1
8 23 1
8 25 -1
8 30 1
8 46 -1
8 48 -1
8 49 -1
8 54 -1
8 60 1
8 62 -1
8 67 -1
8 68 -1
8 69 -1
9 1 -1
9 3 -1
9 4 1
9 5 -1
9 11 -1
9 12 1
9 13 -1
9 24 -1
9 30 -1
9 34 -1
9 36 -1
9 39 -1
9 40 1
9 45 -1
9 47 1
9 48 -1
9 50 -1
9 52 -1
9 57 -1
9 59 1
9 62 -1
9 63 -1
9 70 -1
10 2 1
10 6 -1
10 9 -1
10 12 -1
10 20 -1
10 21 -1
10 23 1
10 26 -1
10 31 -1
10 32 -1
10 35 -1
10 46 -1
10 47 1
10 55 -1
10 60 -1
10 64 -1
10 68 -1
11 3 -1
11 19 -1
11 20 1
11 23 1
11 28 -1
11 36 -1
11 39 1
11 49 1
11 50 -1
11 53 -1
11 55 -1
11 60 -1
11 64 -1
11 65 1
11 68 -1
12 2 -1
12 11 -1
12 14 -1
12 15 -1
12 22 -1
12 29 -1
12 32 -1
12 40 -1
12 51 1
12 55 1
12 59 -1
12 60 -1
12 66 -1
12 69 1
12 70 -1
13 1 -1
13 2 -1
13 3 -1
13 7 -1
13 10 1
13 12 -1
13 16 -1
13 21 -1
13 23 -1
13 24 -1
13 25 1
13 29 1
13 32 -1
13 33 -1
13 34 1
13 35 -1
13 37 -1
13 39 -1
13 44 -1
13 50 -1
13 52 -1
13 58 -1
13 61 -1
13 68 -1
14 2 -1
14 8 -1
14 9 -1
14 11 -1
14 13 -1
14 16 -1
14 21 -1
14 22 -1
14 29 -1
14 30 1
14 32 1
14 34 -1
14 35 -1
14 38 -1
14 40 1
14 43 -1
14 45 -1
14 50 -1
14 56 -1
14 58 -1
14 61 -1
14 65 -1
14 67 -1
14 70 1
15 1 -1
15 9 -1
15 17 -1
15 18 1
15 26 -1
15 28 -1
15 29 -1
15 39 -1
15 41 -1
15 43 -1
15 45 1
15 47 -1
15 48 -1
15 50 -1
15 57 -1
15 58 1
15 61 -1
15 68 -1
15 70 -1
16 1 -1
16 3 -1
16 5 -1
16 9 -1
16 15 -1
16 28 -1
16 31 -1
16 32 -1
16 33 -1
16 39 -1
16 42 -1
16 50 1
16 51 -1
16 52 -1
16 58 1
16 60 -1
17 2 -1
17 3 -1
17 4 1
17 12 -1
17 13 -1
17 18 -1
17 28 1
17 29 -1
17 31 -1
17 42 -1
17 43 1
17 46 1
17 49 -1
17 57 1
17 59 -1
17 64 -1
17 65 1
17 69 -1
17 70 -1
18 3 -1
18 4 -1
18 6 -1
18 8 -1
18 10 -1
18 11 1
18 13 -1
18 14 1
18 21 -1
18 26 -1
18 29 -1
18 36 -1
18 45 -1
18 49 1
18 54 1
18 55 -1
18 61 -1
18 63 -1
19 10 -1
19 12 1
19 18 -1
19 22 -1
19 26 1
19 31 -1
19 37 -1
19 39 -1
19 52 -1
19 53 -1
19 56 -1
19 62 -1
19 63 -1
20 3 -1
20 5 -1
20 6 1
20 8 -1
20 15 -1
20 17 -1
20 22 -1
20 31 -1
20 33 -1
20 41 -1
20 42 -1
20 43 -1
20 44 -1
20 45 -1
20 47 -1
20 48 1
20 57 -1
20 62 1
20 63 -1
20 66 -1
20 67 -1
21 5 -1
21 6 -1
21 8 -1
21 9 -1
21 15 -1
21 19 -1
21 24 -1
21 26 -1
21 31 -1
21 36 -1
21 43 -1
21 46 -1
21 48 -1
21 50 -1
21 53 -1
21 55 -1
22 3 1
22 8 -1
22 10 -1
22 13 1
22 16 -1
22 24 -1
22 31 -1
22 32 -1
22 36 -1
22 41 -1
22 44 -1
22 53 -1
22 54 -1
22 56 1
22 58 -1
22 59 -1
22 61 1
22 69 1
22 70 -1
23 1 -1
23 3 -1
23 6 -1
23 12 -1
23 14 1
23 15 -1
23 16 -1
23 21 1
23 24 -1
23 31 -1
23 37 -1
23 41 -1
23 42 -1
23 51 -1
23 52 1
23 54 -1
23 61 -1
23 70 1
24 2 -1
24 4 -1
24 8 -1
24 11 -1
24 12 -1
24 14 -1
24 18 1
24 25 -1
24 26 1
24 35 -1
24 37 1
24 40 -1
24 42 -1
24 44 1
24 45 1
24 47 -1
24 53 1
24 55 -1
24 56 -1
24 60 -1
24 65 -1
24 69 -1
25 3 -1
25 9 -1
25 15 -1
25 16 1
25 18 -1
25 26 1
25 27 -1
25 31 1
25 33 -1
25 39 1
25 46 -1
25 49 -1
25 50 -1
25 52 -1
25 55 -1
25 67 -1
25 69 1
26 2 -1
26 6 -1
26 11 -1
26 12 -1
26 13 -1
26 34 -1
26 43 -1
26 58 1
26 64 -1
26 69 -1
27 16 -1
27 17 -1
27 18 1
27 21 -1
27 26 -1
27 32 -1
27 40 -1
27 44 -1
27 45 -1
27 48 -1
27 49 -1
27 56 -1
27 64 -1
27 67 1
27 68 -1
28 7 1
28 18 -1
28 19 -1
28 23 -1
28 24 -1
28 26 -1
28 30 -1
28 36 1
28 41 -1
28 48 -1
28 49 -1
28 53 -1
28 63 -1
28 64 -1
28 69 1
28 70 -1
29 1 -1
29 2 -1
29 4 -1
29 16 -1
29 20 -1
29 23 1
29 28 -1
29 33 -1
29 37 -1
29 39 1
29 44 -1
29 47 1
29 55 -1
29 60 1
30 5 -1
30 12 -1
30 20 -1
30 31 -1
30 40 -1
30 49 -1
30 50 1
30 53 -1
30 54 -1
30 58 1
30 63 -1
30 66 -1
31 1 -1
31 4 1
31 9 -1
31 13 -1
31 15 -1
31 35 -1
31 38 -1
31 40 -1
31 47 -1
31 48 -1
31 55 -1
31 56 1
31 58 -1
31 59 -1
31 67 -1
32 1 -1
32 2 -1
32 4 -1
32 7 -1
32 8 -1
32 9 -1
32 11 -1
32 15 1
32 17 -1
32 19 -1
32 21 -1
32 24 -1
32 26 -1
32 30 1
32 36 -1
32 38 -1
32 47 -1
32 59 -1
32 63 -1
32 65 -1
32 67 -1
33 4 -1
33 7 1
33 9 1
33 12 1
33 17 -1
33 19 -1
33 21 1
33 23 -1
33 24 -1
33 26 -1
33 28 -1
33 32 -1
33 34 -1
33 35 -1
33 36 -1
33 37 -1
33 38 -1
33 43 1
33 46 -1
33 48 -1
33 49 -1
33 50 -1
33 53 1
33 59 -1
33 62 -1
33 65 -1
33 66 -1
33 68 -1
34 5 -1
34 6 -1
34 8 -1
34 15 -1
34 17 -1
34 18 -1
34 19 -1
34 20 1
34 21 -1
34 22 -1
34 24 1
34 27 -1
34 30 -1
34 32 -1
34 37 -1
34 44 -1
34 46 -1
34 47 -1
34 48 1
34 50 1
34 54 -1
34 60 -1
34 63 -1
34 67 -1
34 70 -1
35 2 1
35 4 -1
35 11 -1
35 17 1
35 18 -1
35 21 -1
35 22 -1
35 23 -1
35 26 -1
35 40 -1
35 43 -1
35 44 -1
35 47 -1
35 49 -1
35 52 -1
35 55 -1
35 58 -1
35 64 -1
35 65 1
36 3 -1
36 4 -1
36 7 1
36 8 -1
36 10 -1
36 14 -1
36 16 -1
36 20 -1
36 23 -1
36 24 1
36 26 1
36 30 -1
36 31 -1
36 34 1
36 35 -1
36 41 -1
36 46 -1
36 47 1
36 51 -1
36 59 1
36 61 -1
36 63 -1
36 66 -1
36 68 -1
36 69 -1
37 2 1
37 3 -1
37 6 -1
37 8 -1
37 11 -1
37 16 -1
37 26 -1
37 31 -1
37 39 -1
37 40 1
37 43 1
37 48 -1
37 53 -1
37 54 1
37 57 1
37 59 -1
37 67 -1
38 1 -1
38 6 -1
38 8 -1
38 9 -1
38 11 -1
38 13 1
38 15 -1
38 19 -1
38 24 -1
38 26 -1
38 27 1
38 28 -1
38 29 1
38 35 -1
38 40 1
38 42 1
38 46 -1
38 47 1
38 49 -1
38 56 -1
39 2 -1
39 4 1
39 8 -1
39 20 -1
39 26 -1
39 27 -1
39 32 -1
39 34 -1
39 40 1
39 41 -1
39 43 -1
39 48 -1
39 49 1
39 56 -1
39 58 -1
39 63 1
40 3 -1
40 5 -1
40 10 -1
40 16 -1
40 25 -1
40 26 -1
40 29 -1
40 32 -1
40 34 -1
40 36 1
40 46 1
40 47 -1
40 50 -1
40 51 -1
40 59 -1
40 63 -1
40 64 -1
40 69 -1
41 4 -1
41 9 -1
41 13 -1
41 21 -1
41 27 1
41 32 1
41 33 -1
41 40 -1
41 43 -1
41 45 -1
41 46 -1
41 49 -1
41 65 -1
41 69 -1
42 3 -1
42 4 -1
42 6 -1
42 8 -1
42 9 -1
42 10 -1
42 13 -1
42 21 -1
42 22 1
42 25 -1
42 27 1
42 29 -1
42 30 -1
42 32 -1
42 33 -1
42 40 -1
42 41 -1
42 43 -1
42 45 1
42 47 1
42 49 -1
42 58 -1
42 59 -1
42 69 -1
43 1 -1
43 5 1
43 13 1
43 18 1
43 19 -1
43 22 -1
43 23 -1
43 29 -1
43 30 -1
43 45 -1
43 48 -1
43 53 1
43 56 -1
43 58 -1
43 62 -1
43 66 -1
43 69 1
44 1 -1
44 3 -1
44 4 1
44 14 -1
44 18 1
44 42 1
44 43 -1
44 47 -1
44 51 -1
44 52 -1
44 58 1
44 61 -1
44 66 -1
44 69 -1
45 4 1
45 10 -1
45 17 -1
45 22 1
45 33 1
45 35 -1
45 36 -1
45 38 -1
45 46 -1
45 51 -1
45 57 1
45 59 -1
46 5 -1
46 9 1
46 15 -1
46 18 1
46 19 -1
46 29 1
46 54 -1
46 62 -1
46 67 -1
47 1 -1
47 7 -1
47 16 1
47 19 -1
47 25 -1
47 27 -1
47 28 -1
47 37 -1
47 54 -1
47 55 -1
47 58 -1
47 60 1
48 2 -1
48 6 -1
48 7 -1
48 12 -1
48 16 -1
48 18 -1
48 23 -1
48 25 1
48 26 -1
48 41 -1
48 47 -1
48 53 -1
48 54 -1
48 57 -1
48 64 -1
48 69 -1
49 7 1
49 12 -1
49 15 -1
49 24 1
49 26 1
49 36 -1
49 40 -1
49 43 1
49 45 -1
49 47 -1
49 50 -1
49 51 -1
49 52 -1
49 57 -1
49 58 -1
50 2 -1
50 3 -1
50 5 -1
50 20 -1
50 22 -1
50 23 1
50 41 1
50 42 1
50 43 -1
50 46 -1
50 47 1
50 48 -1
50 51 -1
50 52 -1
50 53 -1
50 56 -1
50 57 -1
50 58 -1
50 69 -1
51 2 -1
51 10 1
51 25 -1
51 28 -1
51 30 1
51 34 -1
51 38 -1
51 42 -1
51 53 -1
51 68 1
52 1 -1
52 2 -1
52 3 1
52 4 -1
52 10 -1
52 15 -1
52 18 1
52 20 -1
52 24 -1
52 27 1
52 28 -1
52 29 -1
52 31 -1
52 40 1
52 43 -1
52 46 -1
52 47 -1
53 1 -1
53 12 -1
53 15 -1
53 18 -1
53 29 -1
53 31 -1
53 36 -1
53 41 1
53 42 -1
53 44 1
53 45 -1
53 46 -1
53 58 -1
53 62 -1
53 69 -1
54 3 -1
54 7 1
54 10 -1
54 12 -1
54 26 -1
54 31 -1
54 38 -1
54 41 1
54 42 -1
54 44 -1
54 58 -1
54 62 -1
54 67 -1
55 2 -1
55 4 1
55 7 -1
55 16 -1
55 23 -1
55 28 -1
55 37 -1
55 38 1
55 42 -1
55 43 -1
55 44 -1
55 46 -1
55 57 -1
55 68 -1
55 69 -1
55 70 -1
56 9 -1
56 13 -1
56 23 -1
56 26 1
56 32 1
56 33 -1
56 36 -1
56 41 -1
56 42 -1
56 45 -1
56 49 -1
56 52 1
56 53 1
56 54 -1
56 60 1
57 4 1
57 11 1
57 13 -1
57 14 -1
57 19 -1
57 26 -1
57 30 1
57 31 -1
57 34 -1
57 36 -1
57 41 -1
57 44 -1
57 52 1
57 56 -1
57 68 -1
58 1 -1
58 2 -1
58 17 -1
58 20 -1
58 25 -1
58 34 -1
58 41 -1
58 48 -1
58 52 -1
58 57 -1
58 62 1
58 64 -1
58 65 1
59 1 -1
59 4 1
59 11 -1
59 25 -1
59 26 1
59 35 -1
59 39 1
59 41 -1
59 48 -1
59 49 -1
59 56 1
59 60 -1
59 66 -1
60 1 -1
60 6 -1
60 14 -1
60 15 -1
60 17 1
60 19 -1
60 20 -1
60 22 -1
60 32 -1
60 38 1
60 39 -1
60 41 -1
60 42 -1
60 45 1
60 46 -1
60 50 1
60 51 -1
60 52 -1
60 62 -1
60 63 -1
60 70 -1
61 5 -1
61 9 -1
61 12 1
61 25 1
61 26 -1
61 27 -1
61 29 1
61 31 -1
61 32 -1
61 33 -1
61 38 1
61 40 -1
61 48 -1
61 54 -1
61 55 1
61 57 -1
61 59 1
61 64 -1
61 70 -1
62 2 -1
62 5 -1
62 13 1
62 14 1
62 15 -1
62 16 -1
62 17 1
62 21 -1
62 22 -1
62 25 -1
62 26 1
62 28 -1
62 29 -1
62 30 -1
62 41 -1
62 42 1
62 51 -1
62 57 1
62 59 -1
62 66 1
62 67 1
63 1 -1
63 6 -1
63 10 -1
63 11 -1
63 22 -1
63 26 -1
63 27 1
63 31 -1
63 33 -1
63 37 -1
63 42 1
63 45 -1
63 46 1
63 47 1
63 49 -1
63 54 -1
63 56 -1
63 61 -1
63 65 1
63 66 -1
63 69 1
64 1 -1
64 4 -1
64 5 -1
64 18 1
64 19 -1
64 20 1
64 21 1
64 24 -1
64 30 1
64 31 -1
64 36 1
64 38 -1
64 46 -1
64 47 -1
64 55 1
64 57 -1
64 63 -1
65 5 -1
65 9 -1
65 13 -1
65 15 -1
65 21 -1
65 27 1
65 29 -1
65 47 1
65 51 -1
65 56 -1
66 1 1
66 3 -1
66 4 -1
66 9 -1
66 11 -1
66 19 -1
66 22 -1
66 25 -1
66 26 1
66 27 1
66 34 -1
66 42 1
66 56 -1
66 57 -1
66 61 -1
66 64 -1
66 65 -1
67 3 1
67 9 -1
67 13 -1
67 15 1
67 19 -1
67 21 -1
67 23 -1
67 29 -1
67 30 -1
67 36 -1
67 40 -1
67 42 -1
67 43 -1
67 49 -1
67 51 -1
67 59 -1
67 65 -1
68 2 -1
68 3 1
68 5 1
68 7 1
68 14 -1
68 17 -1
68 20 -1
68 22 -1
68 24 -1
68 26 1
68 28 -1
68 29 1
68 31 -1
68 35 -1
68 37 -1
68 39 -1
68 40 -1
68 41 -1
68 42 1
68 47 -1
68 48 -1
68 52 -1
68 53 -1
68 67 -1
68 70 1
69 4 1
69 10 -1
69 11 -1
69 14 -1
69 16 -1
69 18 -1
69 19 1
69 21 -1
69 23 -1
69 31 -1
69 32 1
69 35 1
69 38 -1
69 46 1
69 49 -1
69 54 -1
69 70 -1
70 1 -1
70 2 1
70 5 -1
70 8 -1
70 11 -1
70 16 -1
70 21 -1
70 25 1
70 31 -1
70 33 -1
70 35 1
70 40 -1
70 41 -1
70 45 1
70 46 -1
70 47 -1
70 49 -1
70 54 -1
70 56 1
70 62 -1
