vertices: 130 edges: 4192
1 8 -1
1 14 -1
1 16 1
1 29 1
1 38 -1
1 55 1
1 59 -1
1 61 1
1 62 1
1 63 1
1 80 1
1 82 1
1 83 1
1 87 1
1 89 -1
1 90 1
1 91 -1
1 93 1
1 103 1
1 108 -1
1 109 1
1 111 1
1 115 1
1 120 1
1 124 1
1 128 -1
1 130 1
2 10 1
2 12 -1
2 15 -1
2 20 1
2 23 -1
2 26 1
2 42 1
2 45 1
2 54 1
2 57 1
2 62 1
2 66 1
2 69 1
2 72 1
2 76 1
2 77 1
2 82 -1
2 86 1
2 89 1
2 96 1
2 99 1
2 104 1
2 112 1
2 114 1
2 122 1
2 123 1
2 129 -1
3 1 1
3 4 1
3 6 1
3 15 1
3 21 1
3 26 1
3 36 1
3 40 1
3 43 1
3 45 1
3 46 1
3 56 1
3 58 1
3 65 1
3 66 1
3 68 1
3 70 1
3 85 1
3 87 1
3 90 1
3 91 -1
3 95 1
3 100 1
3 108 1
3 114 1
3 116 1
3 117 1
3 119 1
3 124 -1
4 6 1
4 7 1
4 11 1
4 14 -1
4 19 1
4 25 -1
4 29 1
4 30 1
4 32 1
4 44 1
4 45 1
4 46 1
4 48 1
4 50 -1
4 54 1
4 56 1
4 58 1
4 60 1
4 63 1
4 70 -1
4 80 -1
4 83 1
4 87 1
4 91 -1
4 93 1
4 100 1
4 105 1
4 110 -1
4 116 -1
4 123 -1
4 124 -1
4 128 1
4 129 1
5 1 1
5 9 1
5 11 1
5 13 1
5 19 1
5 22 1
5 30 1
5 32 1
5 36 -1
5 37 -1
5 50 1
5 51 -1
5 52 1
5 56 -1
5 59 1
5 60 1
5 62 1
5 69 1
5 76 1
5 78 1
5 83 1
5 84 1
5 86 1
5 89 1
5 93 1
5 95 -1
5 96 1
5 104 1
5 113 1
5 119 1
5 126 1
6 5 1
6 7 -1
6 15 1
6 17 -1
6 20 1
6 28 1
6 29 1
6 37 1
6 40 1
6 43 1
6 46 1
6 47 1
6 50 1
6 51 -1
6 54 1
6 60 1
6 69 1
6 72 1
6 74 1
6 76 1
6 97 1
6 100 1
6 101 1
6 106 -1
6 110 1
6 114 -1
6 119 1
6 122 1
6 124 1
7 2 1
7 8 1
7 20 1
7 22 1
7 26 -1
7 31 1
7 39 1
7 43 1
7 46 1
7 49 1
7 53 1
7 64 -1
7 65 1
7 66 1
7 72 -1
7 79 1
7 81 -1
7 85 1
7 88 1
7 94 1
7 95 1
7 100 1
7 103 -1
7 107 1
7 111 -1
7 113 1
7 119 1
8 5 1
8 9 1
8 10 1
8 13 1
8 17 1
8 21 -1
8 26 1
8 27 1
8 32 -1
8 34 1
8 35 1
8 36 1
8 37 -1
8 38 1
8 39 1
8 43 1
8 47 1
8 49 1
8 52 1
8 65 1
8 66 1
8 70 1
8 76 1
8 82 1
8 88 1
8 92 1
8 99 1
8 104 -1
8 108 -1
8 116 1
8 128 -1
9 1 -1
9 2 -1
9 6 1
9 15 1
9 16 1
9 19 1
9 25 1
9 27 1
9 34 1
9 40 1
9 46 1
9 47 1
9 50 -1
9 58 1
9 59 -1
9 67 1
9 73 1
9 81 1
9 82 1
9 85 1
9 90 1
9 92 1
9 97 -1
9 99 1
9 103 -1
9 109 1
9 111 1
9 114 1
9 115 1
9 116 1
9 119 1
9 121 -1
9 122 1
9 123 1
9 124 1
10 1 1
10 7 1
10 9 1
10 12 1
10 14 1
10 18 1
10 20 -1
10 25 -1
10 26 1
10 27 1
10 29 -1
10 39 -1
10 40 1
10 41 1
10 42 1
10 43 1
10 49 1
10 55 1
10 58 -1
10 61 -1
10 63 1
10 66 -1
10 72 1
10 74 1
10 75 1
10 77 1
10 96 1
10 104 1
10 112 1
10 116 1
10 118 1
10 124 1
10 126 1
10 129 1
10 130 1
11 1 1
11 7 1
11 9 1
11 16 1
11 17 -1
11 21 1
11 22 1
11 25 -1
11 27 1
11 29 1
11 30 1
11 31 1
11 34 1
11 36 -1
11 37 1
11 38 1
11 39 1
11 42 -1
11 48 -1
11 49 1
11 50 -1
11 53 1
11 55 1
11 60 -1
11 62 -1
11 65 1
11 67 1
11 70 1
11 73 1
11 76 1
11 78 1
11 82 -1
11 88 1
11 91 -1
11 94 1
11 95 1
11 97 1
11 98 1
11 101 1
11 103 1
11 108 1
11 111 1
11 112 1
11 116 -1
11 129 1
12 1 -1
12 6 1
12 11 1
12 22 1
12 23 1
12 26 1
12 33 1
12 37 1
12 44 1
12 48 1
12 53 1
12 57 1
12 60 1
12 63 -1
12 67 1
12 70 -1
12 71 1
12 75 -1
12 76 -1
12 79 1
12 85 1
12 87 1
12 89 1
12 92 1
12 96 1
12 98 -1
12 99 1
12 106 1
12 112 1
12 113 1
12 125 1
12 127 1
13 6 1
13 11 1
13 15 1
13 21 -1
13 28 1
13 30 -1
13 44 1
13 56 1
13 59 1
13 65 1
13 68 -1
13 69 1
13 76 -1
13 77 1
13 78 1
13 79 1
13 82 -1
13 83 1
13 85 1
13 87 1
13 94 1
13 101 1
13 104 1
13 107 1
13 109 1
13 114 1
13 116 1
13 119 -1
13 122 1
13 126 1
13 127 1
14 12 1
14 13 -1
14 16 1
14 17 1
14 37 1
14 39 1
14 44 1
14 45 1
14 48 1
14 59 1
14 64 1
14 65 1
14 68 1
14 69 1
14 70 1
14 75 1
14 76 1
14 78 1
14 83 1
14 84 1
14 90 1
14 96 1
14 98 1
14 115 -1
14 119 -1
14 121 -1
14 126 -1
14 129 -1
15 5 1
15 10 1
15 26 1
15 31 1
15 38 1
15 44 1
15 51 -1
15 59 -1
15 61 -1
15 63 -1
15 72 1
15 74 1
15 77 1
15 88 1
15 89 1
15 90 1
15 101 1
15 112 1
15 121 1
15 124 1
16 6 1
16 8 -1
16 12 1
16 17 -1
16 18 1
16 25 1
16 29 1
16 31 1
16 32 1
16 33 1
16 45 1
16 48 1
16 55 1
16 57 1
16 60 1
16 61 1
16 64 1
16 70 1
16 72 1
16 73 1
16 76 1
16 79 -1
16 82 1
16 83 1
16 88 1
16 89 -1
16 92 -1
16 100 1
16 106 1
16 109 1
16 110 1
16 113 1
16 116 1
16 119 1
16 120 1
16 125 1
16 126 -1
16 128 1
17 1 1
17 2 1
17 7 -1
17 15 1
17 18 1
17 24 1
17 25 1
17 26 1
17 28 1
17 35 1
17 53 -1
17 59 -1
17 64 1
17 66 1
17 67 1
17 68 1
17 72 -1
17 73 1
17 80 1
17 81 1
17 84 1
17 85 1
17 94 -1
17 96 1
17 97 1
17 114 -1
17 120 1
17 128 1
18 1 1
18 2 1
18 7 -1
18 8 1
18 9 1
18 15 1
18 21 1
18 22 1
18 24 1
18 25 -1
18 35 1
18 36 1
18 39 1
18 41 1
18 45 1
18 46 1
18 47 1
18 50 -1
18 55 1
18 56 1
18 58 1
18 59 1
18 64 1
18 82 1
18 99 1
18 101 1
18 106 1
18 110 1
18 112 1
18 115 1
18 116 1
18 119 1
18 122 1
18 123 1
18 125 -1
18 126 1
18 127 1
18 128 1
19 1 1
19 2 1
19 11 1
19 13 1
19 23 1
19 25 1
19 29 1
19 31 -1
19 33 1
19 37 1
19 38 1
19 46 1
19 49 -1
19 52 -1
19 60 -1
19 61 -1
19 68 1
19 70 -1
19 71 -1
19 73 1
19 74 1
19 76 1
19 84 1
19 89 1
19 91 1
19 96 1
19 97 1
19 101 1
19 106 1
19 109 1
19 111 1
19 112 -1
19 113 1
19 115 1
19 125 1
20 1 1
20 5 1
20 30 1
20 34 1
20 43 1
20 44 1
20 50 1
20 57 1
20 59 -1
20 61 -1
20 63 1
20 64 -1
20 65 -1
20 66 1
20 68 1
20 70 1
20 73 -1
20 78 1
20 81 1
20 88 1
20 91 1
20 96 1
20 97 1
20 101 1
20 106 -1
20 114 1
20 120 1
20 121 1
20 127 1
20 128 1
20 130 1
21 2 1
21 7 1
21 12 1
21 23 1
21 24 1
21 28 -1
21 30 1
21 34 1
21 40 1
21 43 1
21 50 1
21 51 1
21 63 -1
21 68 1
21 70 -1
21 71 1
21 75 -1
21 85 1
21 89 1
21 103 1
21 106 -1
21 108 1
21 111 1
21 119 1
21 120 1
21 123 1
21 127 1
21 128 1
22 2 1
22 4 1
22 6 -1
22 8 1
22 13 1
22 16 1
22 25 1
22 28 1
22 30 1
22 32 1
22 42 -1
22 45 1
22 54 1
22 55 -1
22 56 -1
22 57 1
22 63 -1
22 64 1
22 69 1
22 72 1
22 73 1
22 79 1
22 82 -1
22 83 1
22 96 1
22 103 -1
22 106 -1
22 110 -1
22 114 -1
22 122 1
22 129 -1
22 130 -1
23 5 1
23 6 1
23 8 1
23 13 1
23 15 1
23 34 -1
23 37 -1
23 43 1
23 45 -1
23 49 -1
23 63 1
23 66 1
23 68 1
23 75 1
23 78 1
23 83 1
23 84 1
23 86 1
23 90 1
23 92 1
23 103 1
23 105 1
23 107 1
23 108 -1
23 109 1
23 112 -1
23 114 -1
23 119 1
23 125 -1
23 126 1
23 127 1
24 10 1
24 13 1
24 15 1
24 20 1
24 22 -1
24 25 1
24 34 -1
24 38 1
24 40 1
24 41 1
24 45 1
24 46 1
24 47 1
24 48 1
24 59 -1
24 64 1
24 65 -1
24 67 1
24 69 1
24 70 1
24 76 1
24 83 1
24 85 1
24 91 1
24 98 1
24 102 1
24 103 1
24 114 1
24 117 1
24 118 -1
24 119 1
24 121 1
24 130 1
25 1 1
25 2 1
25 6 1
25 14 -1
25 20 1
25 26 1
25 30 1
25 38 -1
25 46 1
25 48 1
25 49 1
25 52 1
25 54 1
25 57 -1
25 58 -1
25 59 1
25 65 1
25 68 1
25 73 1
25 82 1
25 84 -1
25 85 1
25 87 -1
25 88 -1
25 90 1
25 94 1
25 95 1
25 100 -1
25 104 1
25 112 -1
25 113 -1
25 115 1
25 119 1
25 126 1
25 129 1
25 130 1
26 5 1
26 13 1
26 18 1
26 20 1
26 28 -1
26 30 1
26 32 1
26 35 1
26 42 1
26 48 1
26 51 1
26 53 1
26 55 1
26 67 -1
26 73 1
26 74 1
26 79 1
26 87 1
26 88 1
26 93 1
26 94 1
26 97 1
26 106 1
26 108 1
26 111 -1
26 127 1
26 129 1
27 1 1
27 12 1
27 13 1
27 16 1
27 17 1
27 19 1
27 26 -1
27 32 1
27 33 1
27 46 1
27 49 1
27 50 1
27 56 -1
27 57 -1
27 58 1
27 60 1
27 70 1
27 71 1
27 74 1
27 78 1
27 87 1
27 94 1
27 96 1
27 97 1
27 101 1
27 106 -1
27 107 -1
27 113 1
27 123 -1
28 2 1
28 11 1
28 18 1
28 20 -1
28 25 1
28 30 1
28 35 -1
28 38 -1
28 43 1
28 45 1
28 49 1
28 53 1
28 54 1
28 56 1
28 60 1
28 61 1
28 68 1
28 69 1
28 97 1
28 99 1
28 100 1
28 101 1
28 107 1
28 116 1
28 118 1
28 119 1
28 128 1
29 3 1
29 5 1
29 13 1
29 17 1
29 21 1
29 22 1
29 27 1
29 28 -1
29 36 1
29 40 -1
29 49 1
29 52 1
29 75 1
29 77 -1
29 88 -1
29 91 -1
29 106 1
29 112 1
29 113 -1
29 114 1
29 115 1
29 116 1
29 122 1
29 123 1
29 128 1
30 14 -1
30 18 1
30 29 1
30 32 1
30 42 1
30 44 -1
30 47 1
30 48 1
30 54 1
30 61 -1
30 65 1
30 68 1
30 69 -1
30 72 1
30 73 -1
30 77 -1
30 87 1
30 89 1
30 99 1
30 100 -1
30 103 1
30 108 1
30 109 -1
30 113 1
30 117 -1
30 123 1
30 124 1
30 125 1
30 126 1
31 1 1
31 2 1
31 8 1
31 13 1
31 23 1
31 25 -1
31 26 1
31 27 1
31 36 1
31 37 1
31 38 1
31 41 1
31 44 1
31 45 1
31 47 1
31 50 1
31 53 1
31 55 -1
31 57 1
31 58 1
31 63 1
31 74 1
31 76 1
31 82 1
31 84 1
31 92 1
31 96 1
31 98 -1
31 104 1
31 106 1
31 112 1
31 115 -1
31 116 1
31 117 1
31 128 1
32 3 1
32 6 1
32 10 1
32 11 1
32 12 1
32 13 -1
32 20 -1
32 29 1
32 34 1
32 38 1
32 42 1
32 46 1
32 50 1
32 52 -1
32 53 1
32 60 -1
32 65 1
32 67 1
32 70 1
32 71 1
32 74 -1
32 77 1
32 82 -1
32 85 1
32 88 1
32 91 1
32 93 1
32 102 -1
32 108 1
32 110 -1
32 114 -1
32 122 -1
32 124 -1
32 126 1
33 3 1
33 4 1
33 5 1
33 7 -1
33 13 1
33 15 1
33 18 1
33 22 1
33 23 -1
33 24 1
33 26 1
33 30 -1
33 34 1
33 38 1
33 54 1
33 55 1
33 64 1
33 66 1
33 68 -1
33 72 1
33 77 -1
33 80 1
33 85 1
33 89 -1
33 94 1
33 96 1
33 103 1
33 106 1
33 110 -1
33 111 1
33 115 1
33 118 1
33 127 1
34 2 1
34 4 -1
34 10 1
34 12 1
34 14 1
34 16 1
34 19 -1
34 25 -1
34 26 1
34 29 -1
34 30 1
34 43 1
34 46 1
34 57 1
34 58 1
34 60 1
34 63 1
34 64 -1
34 72 1
34 79 1
34 85 1
34 89 -1
34 90 1
34 91 -1
34 93 1
34 96 1
34 107 1
34 112 -1
34 122 1
34 125 1
34 128 1
35 2 1
35 5 1
35 10 -1
35 11 -1
35 12 1
35 20 1
35 23 1
35 32 1
35 38 -1
35 41 1
35 42 1
35 43 1
35 44 1
35 54 1
35 57 1
35 59 1
35 61 1
35 64 1
35 66 1
35 67 -1
35 70 -1
35 75 1
35 78 -1
35 81 1
35 83 1
35 86 -1
35 92 1
35 95 1
35 111 1
35 114 1
35 115 -1
35 118 1
35 119 1
35 120 -1
35 123 1
35 125 -1
35 128 1
35 129 -1
35 130 1
36 4 1
36 14 1
36 19 -1
36 21 1
36 37 -1
36 42 1
36 48 1
36 49 1
36 57 1
36 68 -1
36 71 1
36 73 1
36 75 1
36 76 1
36 84 1
36 88 1
36 100 1
36 101 1
36 103 1
36 115 1
36 116 1
36 127 1
37 9 1
37 10 1
37 13 1
37 15 1
37 17 1
37 18 1
37 24 -1
37 28 1
37 30 1
37 34 1
37 35 1
37 39 1
37 48 1
37 51 1
37 52 1
37 59 1
37 69 1
37 70 -1
37 72 -1
37 73 1
37 74 1
37 79 1
37 86 1
37 91 1
37 92 1
37 94 1
37 95 1
37 100 1
37 106 1
37 109 -1
37 112 1
37 114 1
37 117 1
37 119 1
37 120 1
37 122 1
37 130 1
38 2 1
38 6 1
38 10 -1
38 14 1
38 17 1
38 20 1
38 21 1
38 26 1
38 27 1
38 34 1
38 37 1
38 47 1
38 49 1
38 58 1
38 61 -1
38 69 1
38 70 1
38 87 1
38 98 1
38 107 1
38 108 1
38 110 1
38 125 1
38 128 1
39 1 1
39 2 -1
39 4 1
39 15 1
39 16 1
39 24 1
39 26 -1
39 27 1
39 30 1
39 31 1
39 34 1
39 35 -1
39 38 -1
39 44 1
39 45 1
39 46 1
39 48 -1
39 50 1
39 56 1
39 60 -1
39 62 1
39 68 1
39 69 1
39 70 1
39 71 1
39 76 1
39 78 1
39 79 1
39 98 1
39 101 -1
39 105 -1
39 109 -1
39 113 1
39 119 1
39 121 1
39 122 1
39 123 1
40 15 1
40 16 -1
40 30 -1
40 31 1
40 36 1
40 37 1
40 38 1
40 39 -1
40 48 1
40 49 1
40 53 -1
40 57 1
40 59 1
40 60 -1
40 62 1
40 64 1
40 72 1
40 80 -1
40 84 1
40 91 1
40 94 1
40 95 1
40 103 1
40 104 1
40 105 -1
40 107 1
40 110 1
40 117 1
40 118 1
40 119 -1
40 121 1
40 122 1
40 127 1
40 129 1
40 130 1
41 2 -1
41 5 1
41 6 1
41 13 -1
41 16 1
41 17 1
41 21 1
41 26 1
41 27 -1
41 34 -1
41 40 1
41 44 1
41 51 1
41 54 1
41 57 1
41 64 -1
41 67 1
41 72 -1
41 74 1
41 75 1
41 79 1
41 84 1
41 85 -1
41 87 1
41 88 1
41 110 1
41 121 1
41 122 1
41 126 1
42 4 -1
42 6 -1
42 8 1
42 12 1
42 15 1
42 16 1
42 19 1
42 20 1
42 24 1
42 25 1
42 27 1
42 37 1
42 39 1
42 48 1
42 50 1
42 55 1
42 56 1
42 66 1
42 69 1
42 72 1
42 74 1
42 80 1
42 90 1
42 91 1
42 92 1
42 95 1
42 104 1
42 107 -1
42 112 1
42 114 1
42 118 1
42 122 -1
42 126 1
42 129 1
42 130 1
43 2 1
43 5 1
43 9 -1
43 13 1
43 18 1
43 19 1
43 22 1
43 25 1
43 26 1
43 33 1
43 36 1
43 41 1
43 44 1
43 46 1
43 48 1
43 50 1
43 56 1
43 57 -1
43 61 1
43 62 1
43 65 1
43 70 1
43 72 1
43 85 -1
43 88 1
43 90 1
43 93 1
43 97 -1
43 101 1
43 113 1
43 115 1
43 119 -1
44 5 1
44 7 -1
44 8 1
44 10 1
44 11 1
44 23 1
44 26 1
44 40 1
44 45 1
44 50 -1
44 52 1
44 62 1
44 63 1
44 75 1
44 78 -1
44 82 1
44 84 1
44 85 1
44 86 1
44 88 1
44 119 1
44 121 1
44 126 1
44 127 1
45 7 -1
45 9 1
45 13 1
45 17 1
45 27 1
45 34 1
45 35 1
45 41 -1
45 42 1
45 48 1
45 51 1
45 53 1
45 55 1
45 69 -1
45 70 1
45 71 -1
45 74 -1
45 75 1
45 76 1
45 78 1
45 79 1
45 80 1
45 82 1
45 86 1
45 87 1
45 89 -1
45 93 1
45 98 -1
45 99 1
45 103 1
45 104 1
45 105 1
45 107 1
45 110 1
45 111 1
45 113 1
45 116 1
45 120 1
45 126 1
46 8 -1
46 10 1
46 13 1
46 14 1
46 16 1
46 20 1
46 33 -1
46 37 -1
46 38 1
46 41 -1
46 42 1
46 50 1
46 51 1
46 53 1
46 58 1
46 60 1
46 67 1
46 68 1
46 69 1
46 72 1
46 81 1
46 87 -1
46 89 1
46 91 1
46 95 1
46 98 1
46 101 -1
46 107 1
46 109 1
46 115 1
46 123 1
46 125 1
46 130 1
47 1 1
47 2 1
47 3 1
47 4 1
47 5 1
47 11 1
47 16 1
47 17 1
47 22 1
47 26 1
47 28 1
47 36 1
47 37 1
47 39 1
47 41 1
47 43 1
47 45 1
47 58 1
47 61 1
47 65 -1
47 68 1
47 77 1
47 79 1
47 82 1
47 83 -1
47 87 1
47 89 1
47 90 1
47 92 1
47 94 1
47 96 -1
47 101 1
47 107 1
47 108 -1
47 109 1
47 117 1
47 119 1
47 123 1
47 124 -1
47 127 1
47 128 1
47 130 -1
48 6 -1
48 7 -1
48 8 1
48 10 1
48 15 1
48 20 1
48 22 -1
48 23 1
48 34 1
48 35 1
48 47 1
48 49 -1
48 50 1
48 52 -1
48 58 1
48 61 -1
48 73 -1
48 77 1
48 81 1
48 88 1
48 90 1
48 91 1
48 92 1
48 93 1
48 99 1
48 106 1
48 114 1
48 119 1
48 129 1
49 14 1
49 15 1
49 18 1
49 24 1
49 31 -1
49 33 1
49 35 -1
49 42 1
49 43 1
49 44 1
49 45 1
49 51 1
49 52 -1
49 55 1
49 61 1
49 63 1
49 70 1
49 75 1
49 78 1
49 82 1
49 85 1
49 89 1
49 92 1
49 101 1
49 108 1
49 114 1
49 119 1
49 121 1
49 122 1
49 130 1
50 1 -1
50 10 1
50 22 1
50 24 1
50 25 1
50 28 1
50 34 -1
50 35 1
50 38 1
50 49 1
50 56 -1
50 58 1
50 59 1
50 61 1
50 69 -1
50 72 -1
50 83 1
50 92 1
50 93 1
50 102 -1
50 106 -1
50 109 -1
50 119 1
50 120 1
50 124 1
50 128 1
50 129 1
51 4 1
51 9 1
51 10 1
51 11 1
51 14 1
51 16 -1
51 17 1
51 18 1
51 23 1
51 24 1
51 32 1
51 38 1
51 42 1
51 47 1
51 54 1
51 68 1
51 70 1
51 73 -1
51 75 1
51 78 -1
51 79 1
51 81 1
51 84 -1
51 89 1
51 92 1
51 99 -1
51 103 1
51 112 1
51 114 1
51 115 1
51 119 -1
51 124 -1
52 1 1
52 7 -1
52 9 1
52 14 1
52 20 1
52 22 1
52 24 1
52 26 1
52 28 1
52 30 1
52 33 1
52 36 -1
52 39 1
52 40 -1
52 51 1
52 54 1
52 58 1
52 59 1
52 60 1
52 63 -1
52 68 1
52 72 -1
52 85 1
52 87 1
52 88 1
52 92 1
52 94 -1
52 101 1
52 103 -1
52 111 1
52 116 1
52 117 1
52 122 1
52 124 1
52 125 -1
52 130 1
53 4 -1
53 6 1
53 8 1
53 9 1
53 22 1
53 25 1
53 27 -1
53 30 1
53 37 1
53 44 1
53 51 1
53 54 1
53 59 1
53 69 1
53 77 1
53 80 1
53 82 1
53 90 1
53 91 1
53 93 1
53 97 1
53 98 -1
53 100 1
53 110 1
53 113 1
53 117 1
53 122 1
53 123 1
53 126 -1
54 1 -1
54 3 1
54 11 1
54 12 1
54 15 -1
54 19 1
54 21 1
54 23 1
54 27 1
54 37 -1
54 39 -1
54 46 -1
54 56 1
54 58 1
54 61 1
54 63 -1
54 65 1
54 74 -1
54 75 1
54 81 1
54 84 1
54 94 1
54 100 1
54 102 1
54 103 1
54 104 1
54 115 1
54 116 1
54 120 -1
54 123 1
54 130 -1
55 2 1
55 3 1
55 7 1
55 17 1
55 23 1
55 24 1
55 28 1
55 35 1
55 37 1
55 40 -1
55 50 1
55 51 -1
55 53 1
55 59 1
55 60 1
55 61 1
55 62 1
55 66 1
55 72 1
55 74 1
55 76 1
55 81 -1
55 82 1
55 90 1
55 93 1
55 99 1
55 104 1
55 109 1
55 119 1
55 121 1
55 123 1
55 124 1
56 1 1
56 2 1
56 9 1
56 12 1
56 14 -1
56 15 1
56 17 1
56 21 1
56 26 1
56 29 1
56 30 1
56 35 -1
56 36 1
56 38 1
56 45 1
56 46 1
56 51 -1
56 53 -1
56 59 1
56 66 1
56 67 -1
56 75 1
56 81 1
56 82 1
56 88 1
56 91 1
56 92 -1
56 93 1
56 94 -1
56 98 1
56 99 1
56 100 1
56 107 1
56 114 -1
56 115 1
56 121 1
56 123 1
56 124 1
56 126 1
56 127 1
56 128 -1
57 1 -1
57 7 1
57 8 1
57 19 1
57 23 1
57 24 -1
57 38 1
57 42 -1
57 44 1
57 51 -1
57 56 1
57 59 1
57 67 -1
57 72 1
57 74 1
57 76 1
57 80 1
57 84 1
57 87 1
57 90 1
57 91 1
57 97 1
57 103 1
57 104 1
57 105 1
57 107 1
57 108 1
57 111 1
57 118 -1
57 122 1
57 128 1
58 11 -1
58 13 -1
58 14 -1
58 17 1
58 19 1
58 21 1
58 23 -1
58 28 -1
58 29 1
58 30 -1
58 36 1
58 41 -1
58 49 -1
58 51 1
58 56 -1
58 64 1
58 71 1
58 72 1
58 73 1
58 75 1
58 76 1
58 77 -1
58 86 -1
58 97 1
58 98 -1
58 100 1
58 103 -1
58 105 1
58 108 1
58 113 1
58 121 1
58 124 1
58 126 1
58 128 -1
59 2 1
59 7 1
59 10 1
59 19 1
59 26 1
59 27 -1
59 28 -1
59 30 1
59 31 -1
59 33 1
59 34 1
59 36 1
59 41 1
59 44 1
59 48 1
59 54 1
59 58 -1
59 62 1
59 66 1
59 68 1
59 71 1
59 77 1
59 80 1
59 88 1
59 94 -1
59 98 -1
59 100 1
59 101 1
59 108 -1
59 110 -1
59 111 1
59 113 1
59 114 1
59 115 1
59 117 1
59 118 1
59 119 1
59 120 1
59 126 1
60 2 1
60 8 1
60 13 1
60 15 -1
60 17 1
60 24 1
60 29 1
60 33 1
60 37 1
60 41 1
60 44 1
60 49 1
60 56 -1
60 61 -1
60 67 -1
60 76 1
60 85 -1
60 88 1
60 89 1
60 97 1
60 100 1
60 103 -1
60 113 1
60 115 1
60 116 1
60 117 -1
60 118 1
60 126 1
60 128 1
61 4 1
61 5 1
61 6 1
61 8 1
61 11 1
61 21 1
61 27 -1
61 29 -1
61 32 1
61 45 1
61 51 -1
61 52 -1
61 53 1
61 58 1
61 59 -1
61 63 1
61 65 -1
61 73 1
61 80 1
61 82 1
61 87 1
61 91 1
61 94 1
61 96 1
61 115 1
61 116 1
61 121 1
61 123 1
61 125 1
62 4 1
62 13 1
62 14 1
62 17 -1
62 18 1
62 20 -1
62 27 1
62 30 -1
62 32 1
62 33 1
62 36 1
62 38 1
62 41 1
62 42 1
62 46 1
62 47 1
62 48 1
62 50 1
62 51 1
62 53 1
62 54 1
62 57 1
62 58 1
62 61 1
62 66 1
62 69 1
62 75 1
62 78 1
62 83 1
62 95 -1
62 112 1
62 113 1
62 115 1
62 120 1
62 121 1
62 122 -1
62 123 1
62 124 1
62 129 1
63 2 1
63 6 -1
63 11 1
63 13 1
63 17 1
63 25 1
63 27 1
63 28 1
63 29 1
63 30 1
63 32 1
63 36 -1
63 40 1
63 41 1
63 47 1
63 53 -1
63 58 1
63 59 1
63 64 -1
63 66 1
63 69 1
63 73 1
63 76 1
63 78 1
63 81 1
63 91 -1
63 94 -1
63 99 -1
63 100 1
63 105 1
63 108 1
63 110 -1
63 111 1
63 112 1
63 113 -1
63 125 -1
63 126 1
63 127 1
63 128 -1
63 130 1
64 5 1
64 6 -1
64 9 -1
64 27 1
64 30 1
64 32 -1
64 36 1
64 37 1
64 43 1
64 44 1
64 47 1
64 48 1
64 54 -1
64 56 1
64 66 1
64 70 1
64 72 1
64 74 1
64 79 1
64 80 -1
64 83 1
64 84 1
64 87 1
64 90 1
64 92 1
64 93 -1
64 96 1
64 101 -1
64 103 1
64 105 1
64 109 1
64 114 1
64 115 -1
64 119 1
64 123 1
64 130 1
65 2 1
65 4 1
65 5 -1
65 12 1
65 16 1
65 17 -1
65 19 1
65 22 1
65 26 1
65 27 1
65 28 1
65 29 1
65 31 1
65 34 1
65 36 -1
65 39 1
65 42 -1
65 46 1
65 48 1
65 49 1
65 53 1
65 55 1
65 59 1
65 60 1
65 68 -1
65 76 1
65 84 -1
65 85 1
65 94 1
65 104 1
65 118 1
65 122 1
65 124 1
65 125 -1
65 127 1
65 129 1
66 4 -1
66 6 -1
66 11 1
66 15 1
66 16 1
66 21 -1
66 22 -1
66 24 1
66 26 1
66 37 1
66 39 1
66 46 1
66 49 1
66 50 1
66 52 1
66 70 1
66 72 1
66 83 -1
66 84 1
66 87 1
66 89 1
66 90 1
66 91 1
66 104 -1
66 105 1
66 108 -1
66 119 -1
66 128 1
66 129 1
66 130 1
67 3 1
67 8 1
67 10 1
67 13 1
67 18 1
67 19 1
67 21 1
67 22 1
67 29 1
67 39 1
67 42 1
67 47 1
67 49 1
67 52 1
67 53 1
67 54 1
67 59 -1
67 63 1
67 64 -1
67 71 1
67 76 1
67 80 1
67 81 1
67 82 1
67 84 1
67 87 1
67 89 1
67 94 1
67 96 1
67 101 1
67 105 1
67 107 1
67 108 1
67 111 -1
67 114 1
67 118 1
67 122 1
67 124 1
67 126 1
68 4 1
68 5 1
68 7 1
68 9 1
68 11 1
68 22 -1
68 24 1
68 27 1
68 29 -1
68 32 -1
68 40 1
68 43 1
68 44 1
68 49 1
68 54 1
68 55 1
68 58 1
68 60 1
68 61 1
68 62 -1
68 63 1
68 67 -1
68 71 1
68 80 1
68 84 1
68 91 1
68 92 1
68 97 1
68 98 1
68 110 1
68 112 1
68 119 1
68 121 1
68 123 -1
68 126 1
68 127 1
69 1 1
69 11 1
69 12 1
69 16 1
69 19 1
69 25 1
69 27 1
69 29 1
69 31 1
69 34 1
69 43 1
69 47 1
69 48 -1
69 61 1
69 64 1
69 81 -1
69 83 1
69 85 1
69 86 1
69 90 1
69 91 1
69 96 1
69 98 1
69 101 1
69 102 -1
69 104 -1
69 106 1
69 112 1
69 118 1
69 121 1
70 6 1
70 7 1
70 33 1
70 34 -1
70 36 1
70 44 1
70 46 -1
70 48 -1
70 50 1
70 52 -1
70 55 -1
70 57 1
70 63 1
70 65 1
70 67 1
70 71 1
70 72 1
70 75 1
70 76 1
70 81 1
70 82 1
70 84 -1
70 88 1
70 92 1
70 93 1
70 107 -1
70 113 1
70 117 -1
70 125 -1
70 128 1
70 130 1
71 4 1
71 5 -1
71 6 -1
71 13 -1
71 16 1
71 18 1
71 22 1
71 24 1
71 29 1
71 30 -1
71 31 1
71 33 1
71 34 1
71 35 1
71 44 1
71 49 1
71 50 -1
71 51 1
71 54 1
71 57 1
71 62 1
71 64 1
71 78 1
71 79 1
71 80 1
71 81 1
71 85 -1
71 90 -1
71 95 1
71 96 1
71 99 1
71 108 1
71 109 1
71 112 1
71 122 1
71 124 1
72 5 1
72 18 1
72 27 1
72 36 1
72 39 1
72 44 1
72 45 -1
72 47 1
72 48 1
72 49 -1
72 60 -1
72 61 1
72 63 1
72 67 1
72 68 1
72 76 1
72 83 1
72 85 1
72 90 1
72 92 1
72 95 1
72 98 1
72 101 1
72 102 1
72 106 1
72 109 -1
72 110 1
72 111 1
72 112 1
72 122 1
72 126 1
72 127 -1
72 128 1
73 2 1
73 5 1
73 10 1
73 15 1
73 18 1
73 23 1
73 29 1
73 31 1
73 38 1
73 39 -1
73 45 1
73 50 1
73 52 1
73 66 1
73 68 -1
73 69 1
73 74 1
73 79 1
73 81 -1
73 88 1
73 91 1
73 92 1
73 95 1
73 101 1
73 103 1
73 104 1
73 109 1
73 115 1
73 122 -1
73 127 1
74 1 1
74 16 1
74 34 1
74 35 1
74 44 1
74 46 1
74 58 1
74 61 -1
74 66 1
74 67 1
74 68 1
74 70 -1
74 72 1
74 79 -1
74 81 1
74 82 1
74 84 1
74 86 1
74 91 -1
74 95 1
74 107 1
74 121 1
74 128 1
75 6 1
75 15 -1
75 17 1
75 27 1
75 33 1
75 38 1
75 40 1
75 43 1
75 46 1
75 57 1
75 59 -1
75 60 1
75 61 1
75 63 1
75 65 1
75 69 1
75 76 -1
75 78 1
75 81 -1
75 82 1
75 84 1
75 85 1
75 88 1
75 89 1
75 95 1
75 99 1
75 102 1
75 103 1
75 105 1
75 109 1
75 121 -1
75 124 1
75 125 -1
76 1 -1
76 7 -1
76 10 1
76 15 1
76 20 1
76 22 1
76 25 -1
76 30 1
76 33 -1
76 40 1
76 48 -1
76 54 1
76 66 -1
76 79 1
76 82 1
76 85 1
76 87 -1
76 92 1
76 109 1
76 111 1
76 112 -1
76 115 1
76 116 1
77 3 1
77 7 1
77 11 -1
77 12 1
77 19 -1
77 21 1
77 24 1
77 27 1
77 42 -1
77 44 -1
77 49 1
77 54 1
77 61 1
77 63 1
77 67 -1
77 68 1
77 72 1
77 74 1
77 76 1
77 78 -1
77 80 1
77 81 1
77 83 1
77 84 1
77 86 1
77 91 1
77 92 1
77 93 1
77 94 1
77 96 1
77 101 1
77 102 -1
77 104 1
77 105 -1
77 121 1
77 125 1
77 126 1
77 128 1
77 130 1
78 2 1
78 7 1
78 8 1
78 12 -1
78 17 1
78 18 1
78 21 1
78 25 -1
78 28 1
78 33 -1
78 34 1
78 36 -1
78 40 1
78 42 1
78 43 1
78 55 1
78 56 1
78 68 -1
78 69 1
78 81 1
78 83 1
78 90 1
78 102 1
78 109 1
78 111 1
78 112 1
78 113 1
78 115 1
78 127 1
79 4 1
79 8 1
79 10 1
79 11 1
79 14 1
79 15 -1
79 17 -1
79 21 1
79 28 -1
79 30 1
79 32 -1
79 35 1
79 36 1
79 38 1
79 40 1
79 48 1
79 56 1
79 60 1
79 61 -1
79 63 1
79 66 1
79 67 -1
79 72 -1
79 88 1
79 92 1
79 96 -1
79 103 1
79 106 1
79 113 1
79 114 1
79 125 1
79 130 1
80 3 1
80 6 1
80 8 1
80 14 -1
80 15 -1
80 19 1
80 23 1
80 24 1
80 28 -1
80 32 1
80 36 1
80 38 -1
80 46 1
80 63 1
80 72 -1
80 76 1
80 78 1
80 81 -1
80 85 1
80 86 1
80 92 1
80 102 1
80 108 1
80 116 1
80 118 -1
80 125 1
81 11 1
81 12 1
81 14 1
81 16 1
81 18 1
81 32 1
81 36 1
81 38 1
81 42 -1
81 43 -1
81 45 1
81 57 1
81 59 1
81 62 1
81 68 1
81 83 1
81 91 -1
81 92 -1
81 93 1
81 97 1
81 106 1
81 111 1
81 120 1
81 123 1
81 124 1
82 3 1
82 12 -1
82 19 1
82 20 1
82 23 1
82 26 1
82 30 1
82 33 1
82 34 1
82 36 1
82 38 -1
82 41 1
82 42 -1
82 59 1
82 60 -1
82 66 1
82 73 1
82 79 1
82 80 1
82 83 1
82 91 1
82 100 1
82 101 1
82 103 1
82 107 -1
82 109 1
82 113 1
82 114 -1
82 117 1
82 118 1
82 126 1
82 130 -1
83 3 1
83 10 -1
83 17 1
83 25 1
83 27 1
83 29 1
83 30 1
83 34 1
83 36 1
83 37 1
83 41 1
83 44 1
83 46 1
83 54 1
83 57 1
83 59 1
83 67 1
83 70 -1
83 75 1
83 76 1
83 84 1
83 90 1
83 91 1
83 93 1
83 100 1
83 106 1
83 112 1
83 114 1
83 122 1
83 123 1
83 124 1
83 125 1
84 2 -1
84 3 1
84 6 1
84 7 1
84 11 1
84 16 1
84 20 1
84 24 1
84 32 1
84 35 1
84 38 -1
84 43 1
84 46 1
84 56 1
84 63 1
84 69 1
84 72 1
84 78 -1
84 79 1
84 86 1
84 92 1
84 93 1
84 97 -1
84 104 1
84 106 1
84 108 1
84 109 1
84 113 1
84 116 1
84 125 1
85 2 1
85 6 1
85 18 -1
85 20 -1
85 27 1
85 28 1
85 30 -1
85 31 -1
85 37 1
85 46 -1
85 50 1
85 51 1
85 53 1
85 54 1
85 55 1
85 56 1
85 59 1
85 62 1
85 63 -1
85 66 1
85 77 1
85 79 1
85 82 1
85 83 1
85 84 1
85 90 1
85 91 1
85 93 1
85 101 1
85 111 1
85 118 -1
85 120 -1
85 123 1
85 128 1
85 129 1
86 11 1
86 12 1
86 18 -1
86 19 1
86 21 1
86 22 1
86 25 1
86 26 1
86 29 1
86 32 1
86 38 -1
86 39 -1
86 50 -1
86 51 1
86 60 1
86 66 1
86 81 1
86 91 1
86 92 1
86 94 1
86 96 1
86 106 -1
86 115 1
86 116 -1
86 125 1
87 6 -1
87 9 -1
87 14 1
87 15 1
87 16 1
87 17 1
87 18 1
87 19 1
87 20 1
87 21 1
87 24 1
87 34 1
87 37 1
87 43 1
87 54 1
87 60 1
87 63 1
87 65 1
87 73 1
87 78 1
87 80 1
87 81 1
87 82 -1
87 86 1
87 90 -1
87 100 1
87 102 1
87 109 1
87 110 1
87 116 1
87 117 1
87 124 1
87 129 1
87 130 1
88 4 1
88 12 1
88 19 -1
88 24 -1
88 30 1
88 40 1
88 42 1
88 46 1
88 47 1
88 49 1
88 50 -1
88 58 1
88 62 1
88 69 1
88 71 -1
88 72 1
88 78 1
88 84 -1
88 85 1
88 90 1
88 91 1
88 99 1
88 114 1
88 115 1
88 128 1
88 129 1
88 130 1
89 3 -1
89 4 1
89 7 1
89 14 1
89 20 1
89 23 1
89 27 1
89 39 -1
89 40 1
89 54 1
89 57 1
89 61 1
89 63 1
89 65 1
89 68 1
89 76 1
89 83 -1
89 92 1
89 97 1
89 104 1
89 105 1
89 119 1
89 128 1
90 4 1
90 11 1
90 13 1
90 16 1
90 17 -1
90 20 1
90 21 1
90 32 1
90 33 1
90 36 1
90 39 -1
90 41 -1
90 51 1
90 52 1
90 56 1
90 70 -1
90 75 1
90 77 1
90 81 1
90 86 1
90 93 1
90 99 -1
90 106 1
90 111 1
90 113 1
90 116 1
90 117 1
90 118 1
90 120 1
90 124 1
90 129 1
91 2 1
91 5 1
91 6 1
91 8 -1
91 9 1
91 13 1
91 14 -1
91 26 1
91 27 1
91 35 1
91 44 -1
91 45 1
91 47 1
91 52 1
91 54 1
91 62 1
91 75 1
91 76 -1
91 78 1
91 89 1
91 90 1
91 98 -1
91 99 1
91 103 1
91 107 1
91 110 1
91 114 1
91 115 1
91 116 1
91 118 1
91 119 1
91 126 1
92 1 1
92 2 1
92 3 1
92 10 1
92 14 1
92 15 1
92 17 -1
92 21 1
92 24 1
92 27 1
92 32 1
92 33 -1
92 36 1
92 39 1
92 44 1
92 45 1
92 55 1
92 57 1
92 58 1
92 60 -1
92 62 1
92 63 1
92 67 1
92 71 -1
92 75 1
92 83 1
92 85 1
92 90 1
92 99 1
92 100 1
92 103 -1
92 106 -1
92 107 1
92 108 1
92 111 1
92 118 -1
92 124 1
92 127 -1
92 129 -1
92 130 -1
93 8 1
93 13 1
93 15 -1
93 21 1
93 23 -1
93 24 1
93 27 1
93 29 1
93 35 1
93 37 1
93 39 1
93 41 1
93 52 1
93 58 1
93 63 1
93 65 1
93 66 1
93 68 1
93 73 -1
93 91 1
93 94 1
93 100 -1
93 104 1
93 109 -1
93 123 1
93 126 1
93 128 1
94 3 1
94 5 1
94 12 1
94 14 1
94 15 1
94 16 1
94 18 1
94 21 1
94 22 1
94 28 1
94 29 -1
94 30 1
94 31 1
94 38 1
94 41 1
94 42 1
94 46 -1
94 55 1
94 58 1
94 62 -1
94 64 1
94 69 1
94 76 1
94 79 1
94 85 1
94 96 -1
94 101 1
94 107 1
94 109 1
94 116 1
94 117 -1
94 122 1
94 126 -1
94 128 1
95 1 1
95 2 1
95 17 1
95 18 1
95 19 1
95 21 -1
95 23 1
95 27 -1
95 28 -1
95 31 1
95 33 -1
95 34 1
95 41 -1
95 47 1
95 48 1
95 49 1
95 51 1
95 52 -1
95 54 1
95 56 -1
95 57 1
95 58 1
95 61 1
95 67 1
95 76 1
95 85 -1
95 86 -1
95 88 1
95 89 1
95 101 1
95 111 1
95 118 -1
95 121 1
95 130 1
96 1 1
96 3 1
96 4 1
96 9 -1
96 11 1
96 23 1
96 28 1
96 38 1
96 41 -1
96 42 1
96 43 -1
96 48 1
96 53 1
96 57 1
96 60 1
96 62 1
96 63 -1
96 65 1
96 66 1
96 72 1
96 73 1
96 78 1
96 81 -1
96 85 1
96 87 1
96 88 1
96 93 1
96 101 1
96 103 1
96 105 -1
96 106 -1
96 107 1
96 109 1
96 111 1
96 113 1
96 115 -1
96 120 1
96 123 1
96 124 1
96 126 1
97 2 -1
97 5 1
97 16 1
97 18 1
97 25 -1
97 29 1
97 30 1
97 31 1
97 34 1
97 35 1
97 40 -1
97 49 1
97 55 1
97 56 -1
97 61 1
97 66 1
97 71 1
97 74 -1
97 77 -1
97 78 -1
97 80 1
97 85 1
97 87 1
97 92 -1
97 93 1
97 101 1
97 105 1
97 111 1
97 113 1
97 114 1
97 116 1
97 120 1
97 122 1
98 2 -1
98 6 1
98 15 1
98 18 -1
98 20 -1
98 21 1
98 22 1
98 30 -1
98 32 1
98 37 -1
98 43 1
98 50 1
98 51 1
98 54 1
98 61 -1
98 64 1
98 65 1
98 71 1
98 78 1
98 79 1
98 83 1
98 86 -1
98 87 1
98 90 1
98 92 1
98 95 1
98 97 1
98 100 -1
98 101 1
98 102 1
98 114 1
98 119 1
98 126 1
99 3 1
99 14 -1
99 19 -1
99 22 1
99 23 1
99 29 1
99 31 -1
99 37 1
99 38 1
99 40 1
99 42 1
99 44 1
99 46 -1
99 47 1
99 57 1
99 58 1
99 60 1
99 61 1
99 62 -1
99 65 -1
99 68 -1
99 74 1
99 78 1
99 83 1
99 84 1
99 89 1
99 98 1
99 100 -1
99 103 1
99 112 1
99 114 1
99 119 1
99 121 1
99 122 1
99 127 1
99 129 1
100 9 1
100 12 1
100 14 1
100 19 1
100 22 -1
100 23 1
100 26 1
100 32 1
100 33 1
100 34 1
100 35 1
100 38 1
100 39 1
100 40 1
100 41 1
100 44 1
100 45 1
100 48 1
100 49 1
100 55 1
100 57 1
100 68 1
100 70 1
100 76 1
100 78 -1
100 79 1
100 80 -1
100 81 1
100 88 1
100 90 1
100 91 -1
100 94 1
100 96 -1
100 109 1
100 113 1
100 114 1
100 117 -1
100 122 1
100 124 1
100 125 1
101 5 1
101 8 1
101 9 1
101 17 1
101 22 -1
101 23 1
101 25 1
101 31 1
101 32 -1
101 34 1
101 41 -1
101 45 1
101 48 1
101 51 1
101 56 1
101 58 1
101 60 1
101 65 -1
101 68 1
101 78 1
101 81 1
101 86 -1
101 87 1
101 89 1
101 91 1
101 99 1
101 100 1
101 102 1
101 105 -1
101 107 -1
101 110 1
101 112 -1
101 115 -1
101 121 1
101 122 1
101 125 1
101 126 -1
101 127 1
101 128 1
102 4 1
102 5 -1
102 8 -1
102 11 -1
102 13 -1
102 15 -1
102 17 1
102 20 1
102 22 -1
102 23 1
102 25 1
102 26 1
102 27 1
102 30 1
102 35 -1
102 37 1
102 49 1
102 56 1
102 57 1
102 59 1
102 60 -1
102 61 1
102 62 1
102 70 1
102 73 1
102 84 -1
102 85 1
102 89 -1
102 90 1
102 92 1
102 106 1
102 109 1
102 115 1
102 116 -1
102 119 1
102 124 1
103 4 1
103 5 1
103 6 -1
103 8 1
103 10 1
103 14 1
103 15 1
103 17 1
103 19 -1
103 20 -1
103 39 1
103 41 1
103 42 1
103 47 1
103 55 1
103 59 1
103 62 1
103 63 1
103 66 1
103 68 1
103 71 1
103 76 -1
103 77 1
103 88 1
103 94 1
103 101 1
103 108 1
103 113 1
103 115 1
103 116 -1
103 123 1
103 124 -1
103 128 1
104 7 1
104 11 1
104 14 -1
104 16 1
104 24 1
104 29 1
104 33 1
104 34 1
104 41 1
104 47 1
104 49 1
104 52 -1
104 58 1
104 59 1
104 60 1
104 61 1
104 63 1
104 64 1
104 68 1
104 70 1
104 71 1
104 82 1
104 86 1
104 88 1
104 92 1
104 94 1
104 95 -1
104 99 1
104 103 1
104 105 1
104 117 1
104 121 1
104 125 1
105 3 1
105 5 1
105 10 1
105 11 -1
105 14 1
105 18 1
105 21 1
105 28 1
105 29 -1
105 30 1
105 33 1
105 43 1
105 49 1
105 53 1
105 61 1
105 69 1
105 79 1
105 82 1
105 84 -1
105 85 1
105 86 1
105 92 -1
105 115 1
105 118 1
105 127 1
105 128 1
106 1 1
106 3 1
106 4 1
106 10 1
106 15 -1
106 25 1
106 30 -1
106 34 1
106 38 1
106 40 1
106 41 1
106 46 1
106 47 1
106 52 1
106 54 1
106 56 -1
106 64 1
106 65 1
106 67 1
106 71 1
106 76 1
106 78 1
106 80 1
106 87 -1
106 97 -1
106 100 -1
106 101 1
106 113 1
106 116 -1
106 118 1
106 119 -1
106 120 1
106 121 1
106 123 1
106 130 1
107 4 1
107 8 1
107 16 -1
107 19 1
107 20 1
107 22 1
107 25 1
107 31 1
107 35 -1
107 39 1
107 41 1
107 48 1
107 58 1
107 65 1
107 66 1
107 71 1
107 72 1
107 73 1
107 77 1
107 81 1
107 85 1
107 86 1
107 89 1
107 90 1
107 93 1
107 95 1
107 99 1
107 105 -1
107 118 1
107 120 1
107 121 1
107 128 1
107 129 -1
108 5 1
108 16 -1
108 18 1
108 28 1
108 31 1
108 33 1
108 42 1
108 50 1
108 51 1
108 55 1
108 61 -1
108 74 1
108 75 -1
108 76 1
108 78 -1
108 89 1
108 91 1
108 94 1
108 96 1
108 98 1
108 99 1
108 100 1
108 102 1
108 104 1
108 119 -1
108 122 -1
108 124 1
109 3 1
109 4 1
109 5 1
109 11 -1
109 20 1
109 29 -1
109 40 1
109 43 1
109 44 1
109 48 1
109 49 1
109 53 1
109 58 1
109 59 1
109 60 1
109 65 1
109 67 1
109 69 1
109 77 1
109 79 -1
109 80 1
109 81 1
109 83 1
109 86 1
109 89 1
109 90 1
109 92 1
109 95 1
109 97 1
109 106 -1
109 110 1
109 112 1
109 119 1
109 122 1
109 123 1
109 126 1
109 128 1
110 2 -1
110 12 1
110 23 1
110 25 1
110 29 1
110 30 1
110 36 -1
110 37 1
110 42 -1
110 43 1
110 44 1
110 54 -1
110 56 1
110 57 1
110 58 -1
110 70 1
110 75 1
110 77 -1
110 79 1
110 88 1
110 97 1
110 99 1
110 102 1
110 103 1
110 106 1
110 112 -1
110 115 1
110 117 1
110 125 1
110 130 1
111 5 1
111 6 1
111 12 -1
111 14 1
111 17 1
111 18 1
111 24 1
111 27 1
111 34 -1
111 39 1
111 40 1
111 51 1
111 60 1
111 64 1
111 68 1
111 69 -1
111 71 1
111 73 1
111 77 -1
111 80 1
111 82 1
111 84 1
111 93 1
111 99 1
111 100 1
111 101 1
111 102 1
111 105 1
111 107 1
111 109 1
111 123 1
111 127 1
111 129 1
112 8 1
112 9 1
112 20 1
112 22 1
112 26 1
112 27 1
112 41 1
112 46 1
112 47 1
112 48 1
112 49 1
112 50 1
112 53 -1
112 57 1
112 58 1
112 65 1
112 66 1
112 67 1
112 77 1
112 79 1
112 81 1
112 88 1
112 90 1
112 94 -1
112 95 1
112 104 -1
112 105 1
112 106 1
112 107 1
112 114 1
112 115 1
112 121 1
112 122 1
112 129 -1
113 15 1
113 17 1
113 18 -1
113 20 1
113 26 1
113 35 1
113 37 -1
113 41 -1
113 44 1
113 51 1
113 54 1
113 56 1
113 57 1
113 66 1
113 74 -1
113 76 1
113 80 1
113 83 1
113 85 1
113 88 -1
113 89 1
113 95 1
113 101 1
113 104 1
113 107 -1
113 109 1
113 110 1
113 111 1
113 114 -1
113 117 1
113 118 -1
113 120 1
113 128 1
113 129 1
113 130 1
114 4 1
114 11 1
114 14 1
114 16 1
114 18 1
114 21 1
114 36 1
114 40 1
114 41 -1
114 46 1
114 50 -1
114 54 1
114 55 -1
114 57 1
114 60 -1
114 65 1
114 66 1
114 70 1
114 71 1
114 73 1
114 80 -1
114 84 1
114 93 1
114 102 1
114 107 -1
114 108 1
114 119 1
114 121 -1
114 122 1
115 4 1
115 8 1
115 11 1
115 17 -1
115 22 1
115 38 1
115 40 1
115 42 1
115 45 1
115 52 -1
115 57 -1
115 58 -1
115 65 -1
115 68 1
115 77 1
115 87 1
115 89 1
115 95 -1
115 97 1
115 98 1
115 100 -1
115 121 1
115 122 1
115 123 -1
115 128 1
116 2 1
116 6 1
116 12 1
116 17 1
116 23 1
116 24 1
116 30 -1
116 33 -1
116 35 1
116 44 1
116 46 -1
116 51 1
116 53 1
116 55 1
116 57 1
116 66 1
116 68 -1
116 74 -1
116 78 1
116 82 -1
116 88 -1
116 93 1
116 114 1
116 115 -1
116 117 1
116 119 1
116 122 1
116 124 1
116 126 -1
116 129 -1
116 130 1
117 4 1
117 5 1
117 10 1
117 11 1
117 14 1
117 18 1
117 25 1
117 26 1
117 32 1
117 33 1
117 38 1
117 41 -1
117 42 1
117 46 1
117 49 1
117 54 1
117 56 1
117 62 1
117 63 1
117 66 1
117 68 -1
117 72 1
117 75 1
117 76 1
117 77 1
117 79 1
117 83 1
117 84 -1
117 88 1
117 89 -1
117 101 1
117 103 -1
117 105 1
117 108 1
117 109 1
117 111 1
117 112 1
117 115 1
117 118 1
117 127 -1
117 128 1
117 130 1
118 1 1
118 3 1
118 4 1
118 8 1
118 9 1
118 14 1
118 15 1
118 18 1
118 19 1
118 23 1
118 34 1
118 38 1
118 39 1
118 41 1
118 43 1
118 44 1
118 54 1
118 62 -1
118 63 1
118 66 1
118 68 1
118 71 -1
118 72 -1
118 74 -1
118 79 1
118 83 -1
118 84 1
118 93 1
118 94 -1
118 97 1
118 100 1
118 101 1
118 102 -1
118 114 1
118 115 1
118 116 1
118 123 1
118 128 1
119 1 1
119 11 1
119 19 1
119 20 1
119 22 1
119 27 1
119 31 1
119 34 1
119 45 1
119 54 -1
119 60 -1
119 61 1
119 73 1
119 84 1
119 85 1
119 86 1
119 97 -1
119 112 1
119 115 1
119 120 -1
119 127 -1
119 130 -1
120 3 -1
120 4 1
120 6 1
120 9 1
120 11 1
120 12 -1
120 13 -1
120 22 1
120 27 1
120 29 1
120 30 1
120 33 1
120 36 -1
120 38 1
120 43 1
120 51 1
120 57 1
120 63 1
120 72 1
120 74 -1
120 75 -1
120 82 -1
120 84 1
120 92 1
120 93 1
120 98 1
120 100 1
120 101 -1
120 112 -1
120 117 1
120 118 1
120 122 1
120 125 1
121 2 -1
121 8 1
121 17 1
121 33 -1
121 34 1
121 35 1
121 37 1
121 42 1
121 48 1
121 51 1
121 59 1
121 60 1
121 64 1
121 71 -1
121 72 1
121 73 1
121 76 1
121 82 1
121 83 1
121 84 1
121 85 1
121 89 1
121 90 1
121 91 1
121 93 1
121 97 1
121 98 1
121 100 1
121 103 1
121 111 -1
121 113 -1
121 118 1
121 119 1
121 120 1
121 122 1
121 130 1
122 1 1
122 3 1
122 4 1
122 5 1
122 8 1
122 20 1
122 21 1
122 28 -1
122 30 1
122 44 1
122 56 -1
122 58 1
122 63 1
122 66 -1
122 68 1
122 69 1
122 70 1
122 77 -1
122 79 -1
122 82 1
122 84 1
122 85 1
122 87 -1
122 88 1
122 92 1
122 93 -1
122 96 1
122 102 1
122 111 1
122 113 1
122 118 1
122 124 1
122 129 1
123 5 1
123 7 -1
123 8 1
123 10 1
123 12 1
123 14 1
123 19 1
123 20 1
123 22 1
123 26 1
123 34 -1
123 37 1
123 38 1
123 42 1
123 43 1
123 57 -1
123 58 1
123 59 1
123 63 1
123 66 1
123 69 1
123 72 1
123 74 1
123 77 1
123 80 1
123 86 1
123 89 -1
123 95 1
123 99 1
123 107 1
123 108 1
123 113 -1
123 114 1
123 119 1
123 121 1
123 129 1
123 130 1
124 5 1
124 11 1
124 13 -1
124 21 1
124 24 1
124 34 1
124 44 1
124 45 1
124 53 1
124 54 1
124 68 1
124 79 -1
124 80 1
124 91 1
124 97 1
124 99 1
124 106 1
124 119 1
124 129 1
125 1 1
125 5 1
125 7 1
125 14 1
125 17 1
125 21 -1
125 26 1
125 29 1
125 31 1
125 32 1
125 36 1
125 37 1
125 43 1
125 48 1
125 49 1
125 51 1
125 53 1
125 56 1
125 58 1
125 59 -1
125 62 -1
125 66 1
125 67 1
125 69 -1
125 71 1
125 78 1
125 81 1
125 82 1
125 85 1
125 88 1
125 93 1
125 95 1
125 99 -1
125 105 1
125 108 -1
125 111 1
125 112 1
125 117 1
125 122 1
126 17 1
126 22 1
126 28 1
126 31 1
126 34 1
126 36 1
126 38 1
126 46 1
126 47 1
126 49 1
126 50 -1
126 54 1
126 57 1
126 62 1
126 69 1
126 70 1
126 71 1
126 73 1
126 75 1
126 78 1
126 79 1
126 81 1
126 83 1
126 88 1
126 95 1
126 99 1
126 106 1
126 108 1
126 113 1
126 119 1
126 121 -1
126 124 1
126 128 1
127 1 1
127 3 1
127 4 1
127 9 1
127 17 1
127 24 -1
127 25 1
127 28 1
127 29 1
127 30 1
127 31 1
127 34 -1
127 35 1
127 37 1
127 45 1
127 46 -1
127 49 -1
127 51 -1
127 53 1
127 54 1
127 60 1
127 62 1
127 71 1
127 74 -1
127 76 1
127 80 1
127 81 1
127 84 1
127 87 1
127 88 1
127 90 1
127 94 1
127 95 1
127 96 1
127 98 1
127 100 1
127 109 -1
127 116 1
127 122 1
127 128 1
127 129 1
128 7 -1
128 11 1
128 25 1
128 27 1
128 32 1
128 33 1
128 37 -1
128 39 1
128 41 1
128 42 1
128 48 1
128 51 -1
128 53 -1
128 54 1
128 59 1
128 61 -1
128 64 1
128 65 -1
128 69 1
128 73 1
128 75 1
128 76 1
128 78 -1
128 79 1
128 80 1
128 81 1
128 84 1
128 90 -1
128 91 1
128 92 1
128 97 1
128 106 1
128 108 1
128 110 1
128 119 1
128 124 1
128 125 1
128 129 1
129 5 1
129 6 1
129 7 1
129 8 1
129 9 1
129 15 1
129 16 -1
129 17 1
129 19 1
129 20 1
129 24 1
129 28 1
129 34 1
129 36 1
129 41 -1
129 44 1
129 47 1
129 56 1
129 57 1
129 63 1
129 64 1
129 67 1
129 68 -1
129 75 1
129 77 1
129 79 -1
129 81 1
129 86 1
129 89 1
129 93 1
129 95 1
129 103 1
129 104 1
129 105 -1
129 109 1
129 115 1
129 121 1
130 2 1
130 3 1
130 6 1
130 13 1
130 14 1
130 17 1
130 18 1
130 19 1
130 29 -1
130 36 -1
130 39 1
130 41 1
130 43 1
130 44 -1
130 50 1
130 53 1
130 55 1
130 59 1
130 62 1
130 75 1
130 80 1
130 81 -1
130 91 1
130 101 1
130 103 1
130 114 1
130 128 1
