vertices: 150 edges: 2235
1 4 -1
1 20 1
1 21 -1
1 24 1
1 30 -1
1 38 1
1 40 -1
1 43 -1
1 45 -1
1 46 -1
1 52 1
1 64 -1
1 69 1
1 95 1
1 108 -1
2 9 -1
2 29 -1
2 56 1
2 72 1
2 88 -1
2 98 -1
2 114 1
2 117 -1
2 147 1
2 148 1
3 23 -1
3 25 -1
3 27 1
3 28 -1
3 37 -1
3 54 -1
3 56 1
3 65 -1
3 73 1
3 117 -1
3 138 1
3 146 -1
3 147 -1
4 3 -1
4 8 1
4 14 1
4 22 1
4 32 1
4 39 -1
4 46 -1
4 49 -1
4 81 1
4 86 -1
4 106 1
4 120 -1
4 125 1
5 3 1
5 9 -1
5 12 1
5 18 -1
5 27 -1
5 44 -1
5 47 1
5 58 1
5 77 -1
5 81 1
5 85 1
5 106 1
5 119 -1
5 121 1
5 130 -1
5 132 -1
5 149 1
6 19 -1
6 41 1
6 76 1
6 92 1
7 3 1
7 4 -1
7 11 -1
7 34 -1
7 41 1
7 42 -1
7 65 -1
7 72 1
7 80 -1
7 86 -1
7 88 1
7 111 1
7 124 1
7 147 1
8 16 1
8 27 -1
8 30 1
8 67 1
8 73 1
8 75 1
8 85 -1
8 90 1
8 95 -1
8 102 -1
8 147 1
9 27 -1
9 33 1
9 87 1
9 93 -1
9 120 -1
9 135 -1
9 143 1
9 149 1
10 21 1
10 24 1
10 48 1
10 75 1
10 94 -1
10 103 1
10 109 1
10 112 1
10 122 1
10 125 1
10 129 -1
10 137 -1
11 6 1
11 24 -1
11 30 -1
11 35 1
11 36 -1
11 41 -1
11 45 -1
11 46 -1
11 49 1
11 62 1
11 70 1
11 73 1
11 91 1
11 96 1
11 99 1
11 102 1
11 124 1
11 132 1
11 143 1
12 10 1
12 25 -1
12 40 1
12 74 1
12 75 -1
12 95 1
12 101 -1
12 108 1
12 120 -1
12 129 -1
13 26 1
13 55 -1
13 65 -1
13 67 -1
13 68 -1
13 71 1
13 87 -1
13 106 -1
13 116 1
13 119 1
13 120 1
13 142 -1
13 148 -1
14 8 -1
14 11 -1
14 15 -1
14 24 -1
14 36 1
14 61 -1
14 62 1
14 66 -1
14 67 -1
14 93 -1
14 97 1
14 103 1
14 120 1
14 132 -1
14 135 -1
15 1 -1
15 6 1
15 17 -1
15 24 -1
15 26 -1
15 29 -1
15 37 -1
15 44 -1
15 49 1
15 69 -1
15 85 -1
15 98 1
15 118 -1
15 122 -1
15 126 -1
15 133 1
15 142 -1
15 144 1
15 146 1
16 9 -1
16 12 1
16 24 -1
16 45 1
16 68 1
16 69 1
16 81 -1
16 94 -1
16 99 1
16 108 1
16 113 1
16 116 -1
16 132 1
16 134 1
16 146 -1
17 20 1
17 35 1
17 36 -1
17 38 -1
17 41 -1
17 44 1
17 57 1
17 71 1
17 77 -1
17 115 -1
17 145 1
17 147 -1
18 3 1
18 10 1
18 17 1
18 20 1
18 23 1
18 26 1
18 29 1
18 33 1
18 45 -1
18 70 -1
18 80 1
18 95 1
18 98 1
18 108 1
18 111 -1
18 128 -1
19 7 -1
19 8 1
19 64 1
19 70 -1
19 72 -1
19 86 1
19 97 1
19 100 -1
19 112 1
19 114 1
19 130 1
19 131 -1
19 147 1
20 7 -1
20 21 -1
20 23 1
20 31 1
20 32 1
20 34 -1
20 46 1
20 63 1
20 67 1
20 73 1
20 86 -1
20 88 -1
20 98 1
20 112 1
20 118 -1
20 121 -1
20 123 -1
20 134 -1
20 138 1
21 23 1
21 47 -1
21 49 1
21 53 -1
21 56 1
21 61 -1
21 77 1
21 104 1
21 109 -1
21 112 1
21 119 -1
21 130 1
21 132 1
21 136 -1
21 143 1
21 145 -1
22 10 -1
22 31 1
22 43 -1
22 44 1
22 51 1
22 60 -1
22 61 -1
22 65 1
22 72 1
22 94 -1
22 123 -1
22 130 1
23 10 1
23 14 1
23 63 1
23 66 1
23 75 -1
23 78 -1
23 85 -1
23 86 1
23 91 -1
23 104 -1
23 107 -1
23 112 1
23 121 1
23 129 1
23 130 1
23 143 -1
24 20 1
24 21 -1
24 31 -1
24 62 -1
24 64 -1
24 65 -1
24 66 -1
24 87 1
24 91 1
24 92 1
24 101 -1
24 107 1
24 114 1
24 145 -1
24 148 -1
24 149 -1
25 9 1
25 11 -1
25 16 1
25 19 1
25 32 1
25 34 1
25 72 1
25 79 -1
25 93 -1
25 105 -1
25 108 -1
25 138 1
25 145 1
26 2 -1
26 17 -1
26 28 -1
26 35 -1
26 41 -1
26 42 -1
26 49 -1
26 54 1
26 65 -1
26 77 1
26 96 1
26 98 -1
26 102 1
26 109 1
26 113 -1
26 134 -1
26 138 -1
26 141 1
26 142 -1
26 147 1
27 20 -1
27 24 -1
27 29 1
27 44 1
27 61 -1
27 66 -1
27 113 1
27 115 1
27 126 1
27 127 1
27 130 -1
27 135 -1
27 147 -1
28 2 1
28 8 -1
28 54 -1
28 55 1
28 60 1
28 64 -1
28 73 -1
28 89 1
28 97 1
28 99 1
28 101 1
28 113 1
28 133 -1
28 144 1
29 14 -1
29 48 1
29 58 1
29 62 -1
29 65 1
29 73 -1
29 79 -1
29 82 -1
29 87 1
29 97 -1
29 105 1
29 127 1
29 137 1
30 3 1
30 5 1
30 19 1
30 52 1
30 53 -1
30 64 1
30 69 1
30 71 1
30 75 1
30 91 -1
30 97 1
30 101 -1
30 127 -1
30 131 -1
30 132 1
30 147 -1
31 1 -1
31 11 1
31 38 1
31 46 -1
31 47 -1
31 55 -1
31 72 1
31 84 -1
31 115 -1
31 134 -1
31 135 1
31 138 -1
31 142 -1
31 146 1
32 5 1
32 16 1
32 18 -1
32 19 1
32 26 1
32 28 -1
32 44 -1
32 54 1
32 62 -1
32 103 1
32 129 1
33 19 -1
33 31 -1
33 43 -1
33 63 1
33 92 -1
33 95 -1
33 98 -1
33 103 -1
33 120 1
33 125 1
33 137 1
33 138 1
33 141 1
33 142 1
33 144 -1
33 146 1
33 150 1
34 6 -1
34 14 1
34 16 -1
34 18 1
34 28 1
34 31 -1
34 35 -1
34 44 1
34 47 -1
34 70 -1
34 79 -1
34 89 -1
34 92 -1
34 113 -1
34 120 -1
34 126 1
34 132 -1
34 137 1
34 139 1
35 1 1
35 15 1
35 18 -1
35 24 1
35 32 -1
35 37 -1
35 52 -1
35 67 1
35 98 1
35 99 1
35 120 -1
35 126 -1
36 2 1
36 20 -1
36 22 1
36 51 1
36 73 1
36 100 -1
36 105 1
36 121 1
36 123 -1
36 127 -1
37 2 -1
37 9 1
37 25 1
37 30 -1
37 47 -1
37 52 -1
37 67 -1
37 91 1
37 95 1
37 98 1
37 103 -1
37 113 -1
37 131 -1
37 137 -1
37 147 1
37 150 1
38 9 1
38 10 1
38 19 1
38 45 -1
38 71 -1
38 78 -1
38 85 -1
38 97 1
38 116 1
38 146 1
39 9 1
39 11 1
39 13 -1
39 25 -1
39 30 1
39 35 -1
39 48 1
39 71 -1
39 79 1
39 90 1
39 92 1
39 97 -1
39 140 -1
39 141 1
39 143 -1
40 2 1
40 8 -1
40 17 -1
40 23 1
40 33 -1
40 47 1
40 57 1
40 76 -1
40 84 1
40 90 -1
40 95 -1
40 118 -1
40 124 -1
40 132 -1
40 141 -1
40 148 1
41 12 -1
41 32 1
41 46 -1
41 53 1
41 55 -1
41 69 1
41 73 -1
41 84 1
41 87 1
41 90 -1
41 95 1
41 99 -1
41 111 1
41 115 -1
41 129 -1
41 146 -1
41 149 -1
42 2 -1
42 3 1
42 6 1
42 13 -1
42 27 1
42 32 -1
42 36 1
42 40 -1
42 45 1
42 54 -1
42 59 -1
42 70 -1
42 75 1
42 76 1
42 81 1
42 82 1
42 93 1
42 114 -1
43 6 -1
43 9 -1
43 12 1
43 32 1
43 35 -1
43 36 -1
43 49 -1
43 59 1
43 71 1
43 73 -1
43 84 1
43 92 1
43 98 1
43 102 1
43 112 1
43 118 1
43 122 -1
44 9 1
44 31 1
44 50 1
44 57 1
44 62 1
44 64 1
44 68 1
44 82 1
44 112 1
44 118 -1
44 119 -1
44 122 1
44 140 1
44 141 -1
45 12 -1
45 51 1
45 52 -1
45 64 -1
45 81 -1
45 86 1
45 109 -1
45 116 1
45 122 1
45 125 1
45 131 -1
45 134 -1
46 7 -1
46 9 -1
46 12 -1
46 39 1
46 44 1
46 45 -1
46 55 -1
46 66 1
46 74 -1
46 92 1
46 95 -1
46 102 -1
46 105 -1
46 115 1
46 125 1
47 7 1
47 14 -1
47 41 -1
47 57 -1
47 58 1
47 70 -1
47 76 -1
47 104 -1
47 112 1
47 127 1
47 138 -1
47 140 1
48 19 1
48 47 -1
48 50 -1
48 77 -1
48 83 -1
48 85 1
48 90 1
48 107 -1
48 128 1
49 2 -1
49 16 -1
49 29 -1
49 40 -1
49 42 1
49 47 -1
49 64 -1
49 68 1
49 73 -1
49 82 -1
49 99 1
49 113 -1
49 118 -1
49 128 1
50 10 1
50 14 1
50 19 1
50 23 -1
50 29 1
50 43 1
50 47 -1
50 73 -1
50 90 -1
50 93 1
50 96 -1
50 102 1
50 104 -1
50 124 -1
50 128 1
50 148 1
51 4 -1
51 20 -1
51 33 1
51 37 -1
51 38 1
51 53 1
51 56 1
51 59 1
51 64 -1
51 66 -1
51 71 -1
51 81 -1
51 86 1
51 109 1
51 111 1
51 112 -1
51 124 -1
51 132 -1
51 143 -1
51 147 -1
52 2 1
52 7 -1
52 22 -1
52 24 1
52 60 -1
52 67 -1
52 76 -1
52 78 -1
52 82 -1
52 88 -1
52 99 -1
52 100 -1
52 108 -1
52 109 1
52 115 1
52 116 1
52 124 1
52 129 1
52 131 -1
52 140 -1
53 4 -1
53 16 1
53 23 1
53 24 1
53 28 1
53 34 -1
53 35 1
53 37 -1
53 47 1
53 60 1
53 63 -1
53 65 1
53 70 -1
53 85 1
53 102 1
53 128 -1
53 142 1
54 2 1
54 25 -1
54 29 -1
54 47 -1
54 60 1
54 67 -1
54 71 -1
54 108 -1
54 109 -1
54 119 1
54 140 -1
54 145 -1
54 146 1
55 12 1
55 29 1
55 34 1
55 39 -1
55 40 -1
55 47 -1
55 49 -1
55 60 -1
55 67 -1
55 72 -1
55 77 -1
55 80 1
55 81 1
55 83 -1
55 88 1
55 98 1
55 99 -1
55 103 1
55 104 1
55 113 -1
55 126 1
55 130 -1
55 131 1
55 144 1
55 150 -1
56 13 1
56 22 -1
56 23 -1
56 40 1
56 43 1
56 58 -1
56 61 1
56 74 -1
56 82 1
56 90 -1
56 91 1
56 115 -1
56 123 1
56 124 -1
56 133 -1
56 140 -1
56 144 1
57 53 1
57 70 -1
57 86 1
57 87 1
57 100 1
57 101 -1
57 105 1
57 108 -1
57 118 1
57 119 1
57 131 -1
57 139 1
58 2 1
58 3 1
58 7 -1
58 11 -1
58 44 -1
58 67 1
58 80 1
58 91 -1
58 96 -1
58 109 1
58 110 -1
58 113 -1
58 114 1
58 117 -1
58 127 1
58 136 1
58 137 1
59 5 -1
59 26 -1
59 52 -1
59 66 1
59 72 -1
59 87 1
59 91 -1
59 109 -1
59 117 1
60 3 -1
60 8 1
60 17 1
60 34 -1
60 67 -1
60 77 1
60 96 1
60 105 -1
60 109 1
60 114 1
60 135 1
60 145 1
61 35 1
61 62 -1
61 63 1
61 77 1
61 146 1
62 26 1
62 33 1
62 40 -1
62 53 1
62 54 1
62 56 -1
62 57 1
62 86 1
62 95 1
62 110 -1
62 112 -1
62 133 -1
62 141 1
62 142 -1
62 144 -1
63 5 -1
63 11 1
63 15 1
63 35 -1
63 42 -1
63 43 -1
63 50 -1
63 87 1
63 111 1
64 11 1
64 13 -1
64 33 -1
64 48 -1
64 70 1
64 73 -1
64 81 1
64 97 -1
64 116 1
64 123 1
64 135 1
64 137 1
65 5 1
65 49 1
65 85 -1
65 97 -1
65 142 1
66 2 -1
66 30 1
66 40 1
66 44 1
66 55 1
66 57 1
66 68 1
66 81 1
66 92 -1
66 95 1
66 96 1
66 107 1
66 113 1
66 119 1
66 131 1
66 138 1
66 140 -1
66 145 1
67 3 1
67 17 -1
67 27 -1
67 30 1
67 34 -1
67 36 -1
67 47 1
67 51 -1
67 57 -1
67 79 1
67 98 1
67 102 -1
67 107 1
67 123 1
67 133 1
68 3 1
68 39 1
68 54 -1
68 59 -1
68 80 1
68 86 -1
68 88 -1
68 89 1
68 94 -1
68 108 1
68 117 1
68 121 1
68 129 1
68 132 -1
68 134 1
68 135 -1
68 140 1
69 6 -1
69 12 1
69 23 -1
69 27 1
69 46 -1
69 55 -1
69 66 -1
69 67 -1
69 79 -1
69 80 -1
69 86 1
69 87 1
69 88 -1
69 98 -1
69 101 1
69 129 1
69 145 1
70 4 1
70 7 1
70 8 -1
70 16 1
70 35 -1
70 44 1
70 51 1
70 71 -1
70 73 1
70 76 1
70 85 1
70 95 -1
70 101 1
70 114 1
70 117 -1
70 123 -1
70 128 -1
70 141 -1
70 146 1
71 37 -1
71 61 1
71 78 -1
71 96 1
71 102 -1
71 117 -1
71 119 1
71 138 1
71 147 -1
72 10 1
72 14 1
72 40 -1
72 45 -1
72 62 1
72 63 1
72 76 1
72 83 -1
72 86 -1
72 91 -1
72 92 -1
72 95 1
72 101 1
72 106 -1
72 110 -1
72 120 1
72 137 -1
72 146 1
73 2 -1
73 4 -1
73 10 -1
73 37 -1
73 69 1
73 80 1
73 82 -1
73 85 -1
73 104 -1
73 106 -1
73 113 1
73 114 -1
73 135 -1
74 20 -1
74 34 1
74 42 -1
74 43 1
74 47 -1
74 49 -1
74 59 -1
74 68 1
74 72 1
74 78 1
74 109 -1
74 122 1
74 123 1
74 128 -1
74 137 1
74 143 -1
74 145 1
75 1 1
75 13 -1
75 15 -1
75 25 1
75 29 -1
75 36 -1
75 52 1
75 73 1
75 79 -1
75 91 1
75 95 1
75 101 -1
75 106 1
75 111 -1
75 120 1
75 124 1
75 129 -1
75 132 -1
75 134 1
76 33 -1
76 34 1
76 36 1
76 44 1
76 50 1
76 63 1
76 73 -1
76 74 -1
76 87 -1
76 95 -1
76 97 1
76 106 -1
76 115 1
76 117 1
76 132 1
76 150 1
77 13 1
77 30 -1
77 53 -1
77 54 1
77 62 -1
77 69 1
77 93 1
77 95 -1
77 113 -1
77 128 -1
77 139 1
78 6 -1
78 11 1
78 15 1
78 18 -1
78 30 -1
78 32 -1
78 34 1
78 45 -1
78 57 1
78 66 1
78 67 -1
78 69 -1
78 82 1
78 85 1
78 89 -1
78 107 -1
78 123 1
78 124 -1
78 126 1
78 130 -1
78 133 -1
78 139 -1
78 144 1
78 145 -1
78 150 1
79 18 -1
79 21 -1
79 40 -1
79 61 -1
79 72 -1
79 73 1
79 77 1
79 80 -1
79 84 -1
79 87 1
79 90 1
79 100 1
79 118 -1
79 143 -1
80 2 -1
80 62 -1
80 63 -1
80 70 -1
80 72 -1
80 101 1
80 105 -1
80 109 1
80 115 1
80 126 1
80 127 1
80 131 1
80 138 1
80 143 1
81 10 1
81 15 1
81 25 1
81 33 -1
81 40 -1
81 43 1
81 44 -1
81 50 1
81 59 -1
81 86 -1
81 95 1
81 106 -1
81 114 -1
81 137 -1
82 5 1
82 11 1
82 21 1
82 30 1
82 34 -1
82 36 1
82 37 -1
82 41 -1
82 47 1
82 110 -1
82 112 -1
82 121 -1
82 122 1
82 141 -1
83 7 -1
83 21 1
83 23 1
83 31 1
83 43 -1
83 64 -1
83 77 -1
83 99 -1
83 100 1
83 109 1
83 118 1
83 125 -1
83 127 -1
83 129 1
83 132 1
83 149 1
84 6 1
84 8 -1
84 9 1
84 10 -1
84 11 1
84 42 1
84 45 -1
84 52 -1
84 66 1
84 68 1
84 69 -1
84 102 -1
84 105 1
84 121 1
84 135 1
85 22 -1
85 27 -1
85 28 1
85 31 -1
85 55 1
85 57 -1
85 76 -1
85 102 1
85 104 -1
85 121 1
85 127 1
85 130 -1
85 144 -1
86 3 1
86 38 -1
86 48 -1
86 49 -1
86 60 -1
86 67 -1
86 83 1
86 92 -1
86 94 -1
86 98 1
86 100 -1
86 106 1
86 116 1
86 130 -1
86 137 -1
86 139 -1
86 145 1
86 147 1
86 149 1
87 1 -1
87 14 -1
87 17 -1
87 20 1
87 31 -1
87 39 -1
87 64 -1
87 67 1
87 74 1
87 77 -1
87 82 1
87 84 -1
87 85 1
87 92 -1
87 94 1
87 107 1
87 108 -1
87 109 -1
87 116 -1
87 126 1
87 131 -1
87 138 1
88 1 1
88 9 -1
88 11 1
88 15 1
88 22 1
88 29 1
88 36 -1
88 39 -1
88 46 1
88 53 -1
88 57 1
88 79 -1
88 89 1
88 114 1
88 120 -1
88 124 1
88 131 -1
88 132 -1
88 144 1
88 145 -1
89 7 1
89 11 1
89 19 -1
89 23 -1
89 36 1
89 41 1
89 46 -1
89 56 1
89 64 1
89 77 -1
89 79 -1
89 100 -1
89 103 1
89 107 -1
89 109 -1
89 113 1
89 116 1
89 123 -1
89 124 1
89 138 1
89 140 -1
90 3 1
90 34 1
90 37 -1
90 71 1
90 72 1
90 76 1
90 85 -1
90 111 -1
90 123 -1
90 127 -1
90 132 -1
90 138 1
90 146 -1
90 147 -1
91 12 1
91 21 1
91 33 -1
91 34 -1
91 39 -1
91 49 1
91 50 -1
91 51 -1
91 53 1
91 63 -1
91 67 1
91 68 1
91 71 1
91 81 1
91 85 1
91 89 -1
91 90 1
91 96 1
91 98 -1
91 103 1
91 104 1
91 120 1
91 125 1
91 132 -1
91 133 -1
91 139 -1
92 21 -1
92 22 -1
92 23 1
92 27 1
92 31 -1
92 63 1
92 65 -1
92 97 1
92 99 1
92 109 1
92 114 -1
92 116 -1
92 125 1
92 129 1
92 134 -1
92 136 1
92 140 1
93 2 -1
93 8 1
93 17 -1
93 29 1
93 31 1
93 39 -1
93 44 1
93 57 -1
93 73 -1
93 85 1
93 111 -1
93 112 1
93 119 1
93 131 -1
93 137 1
94 3 -1
94 8 -1
94 42 -1
94 43 1
94 47 -1
94 48 1
94 59 -1
94 61 -1
94 63 1
94 72 1
94 102 1
94 107 1
94 114 -1
94 133 1
94 146 -1
94 149 1
95 11 1
95 16 1
95 19 1
95 23 1
95 28 1
95 52 1
95 59 1
95 73 1
95 74 1
95 104 1
95 117 1
95 123 1
95 126 1
95 130 1
95 138 -1
95 146 -1
96 5 -1
96 20 1
96 22 1
96 35 -1
96 40 -1
96 113 -1
96 144 -1
96 145 -1
97 6 -1
97 17 -1
97 22 -1
97 49 1
97 53 -1
97 59 -1
97 63 -1
97 127 1
98 5 1
98 38 -1
98 42 1
98 58 1
98 68 1
98 100 1
98 105 -1
98 111 -1
98 114 1
98 122 -1
98 142 -1
99 3 -1
99 9 1
99 31 1
99 34 -1
99 48 1
99 54 -1
99 56 -1
99 105 1
99 110 -1
99 114 -1
99 125 1
99 128 1
99 136 -1
99 146 -1
100 4 1
100 6 -1
100 7 1
100 11 1
100 14 -1
100 21 -1
100 28 1
100 58 1
100 66 -1
100 70 -1
100 84 1
100 85 -1
100 99 -1
100 126 1
100 143 1
101 17 1
101 18 -1
101 34 -1
101 38 1
101 43 1
101 59 1
101 68 -1
101 79 -1
101 91 -1
101 97 -1
101 115 1
101 128 -1
101 137 -1
101 138 -1
101 141 1
101 145 1
102 6 -1
102 16 -1
102 30 -1
102 58 -1
102 79 -1
102 87 -1
102 88 1
102 92 1
102 99 1
102 129 -1
102 131 -1
102 140 1
103 5 -1
103 9 -1
103 19 -1
103 60 1
103 71 1
103 81 -1
103 93 -1
103 97 -1
103 100 1
103 106 1
103 122 1
103 132 1
103 143 1
103 146 1
103 149 -1
104 3 -1
104 10 -1
104 25 1
104 27 1
104 39 -1
104 41 -1
104 57 -1
104 61 1
104 62 -1
104 66 1
104 68 1
104 71 -1
104 80 1
104 88 -1
104 105 -1
104 112 1
104 119 1
104 125 -1
104 126 1
104 136 1
105 16 1
105 24 -1
105 35 1
105 76 1
105 93 1
105 115 1
105 116 1
105 117 -1
105 136 1
105 141 -1
105 143 -1
106 1 -1
106 6 1
106 8 1
106 17 -1
106 39 -1
106 42 1
106 46 -1
106 61 -1
106 63 -1
106 66 1
106 67 1
106 83 -1
106 85 1
106 96 -1
106 102 -1
106 112 -1
106 120 -1
106 124 -1
106 150 -1
107 4 1
107 6 1
107 19 1
107 22 1
107 37 -1
107 44 -1
107 59 1
107 60 -1
107 71 -1
107 74 1
107 92 1
107 102 1
107 105 1
107 113 -1
107 122 -1
107 138 1
107 143 -1
107 145 -1
108 37 1
108 42 -1
108 43 -1
108 48 -1
108 49 1
108 55 1
108 58 1
108 80 1
108 89 1
108 94 -1
108 128 1
109 6 1
109 22 1
109 25 -1
109 33 1
109 34 1
109 63 1
109 69 -1
109 75 1
109 99 -1
109 103 -1
109 110 -1
109 128 1
109 143 -1
109 146 -1
110 9 -1
110 10 1
110 11 -1
110 23 1
110 24 1
110 28 -1
110 36 1
110 41 -1
110 65 -1
110 67 1
110 76 1
110 78 -1
110 107 1
110 116 1
110 119 -1
110 121 -1
110 135 -1
110 136 1
110 144 1
111 1 1
111 2 -1
111 14 1
111 24 1
111 26 1
111 48 -1
111 49 -1
111 52 1
111 74 -1
111 77 1
111 81 -1
111 83 -1
111 87 1
111 91 1
111 95 1
111 121 -1
112 8 -1
112 11 -1
112 17 -1
112 27 1
112 32 -1
112 42 1
112 50 -1
112 78 1
112 85 1
112 89 -1
112 100 1
112 110 1
112 130 -1
112 141 -1
112 148 1
113 3 -1
113 18 -1
113 42 1
113 45 -1
113 46 -1
113 59 -1
113 61 -1
113 65 -1
113 81 1
113 100 1
113 108 -1
113 109 1
113 125 -1
113 137 1
113 144 -1
113 146 -1
113 150 1
114 1 1
114 4 1
114 6 1
114 9 -1
114 16 -1
114 36 -1
114 93 -1
114 96 -1
114 129 1
114 130 -1
114 138 -1
114 147 -1
115 4 1
115 11 1
115 26 1
115 42 -1
115 43 1
115 59 -1
115 63 -1
115 97 1
115 100 -1
115 117 -1
115 125 -1
115 141 1
115 144 1
116 23 -1
116 36 -1
116 39 -1
116 40 -1
116 50 1
116 51 1
116 57 -1
116 63 1
116 84 -1
116 122 -1
116 127 -1
116 134 -1
116 142 1
116 144 1
116 147 1
117 8 -1
117 13 1
117 14 1
117 17 -1
117 18 1
117 27 1
117 31 -1
117 33 1
117 38 1
117 61 1
117 62 1
117 89 1
117 111 -1
117 148 -1
118 5 1
118 6 -1
118 25 1
118 28 1
118 30 -1
118 35 -1
118 55 1
118 58 1
118 93 1
118 101 1
118 106 -1
118 112 1
118 113 -1
118 116 1
118 129 -1
118 149 1
119 30 -1
119 35 -1
119 41 1
119 42 1
119 60 1
119 61 1
119 62 1
119 74 1
119 101 -1
119 115 1
119 118 -1
119 128 1
119 129 1
119 142 1
119 145 1
120 1 1
120 3 1
120 22 -1
120 30 1
120 37 1
120 45 1
120 47 1
120 48 -1
120 53 1
120 67 -1
120 107 1
120 111 -1
120 123 1
120 133 -1
120 136 -1
120 147 1
120 149 -1
121 26 1
121 35 1
121 38 -1
121 39 1
121 52 -1
121 55 1
121 89 1
121 96 1
121 101 -1
121 102 -1
121 106 1
121 117 -1
121 122 1
121 128 1
121 132 -1
121 136 -1
121 142 1
121 149 -1
122 19 1
122 20 1
122 26 1
122 28 -1
122 30 1
122 36 -1
122 38 -1
122 40 1
122 42 1
122 48 -1
122 77 -1
122 87 -1
122 88 1
122 92 1
122 108 -1
122 118 1
122 130 1
122 139 -1
122 144 -1
122 146 1
122 150 1
123 3 1
123 8 1
123 17 -1
123 35 1
123 42 -1
123 53 1
123 60 1
123 62 -1
123 63 -1
123 65 -1
123 73 1
123 86 -1
123 88 1
123 91 -1
123 107 1
124 14 -1
124 16 -1
124 19 -1
124 23 1
124 24 -1
124 29 1
124 34 -1
124 54 -1
124 117 -1
124 126 1
124 143 1
125 1 -1
125 6 -1
125 13 1
125 31 -1
125 35 -1
125 41 -1
125 58 -1
125 65 -1
125 70 -1
125 78 -1
125 108 -1
125 109 -1
125 111 1
125 121 1
125 126 1
125 143 1
126 4 1
126 33 -1
126 47 -1
126 49 -1
126 56 -1
126 61 -1
126 62 -1
126 74 -1
126 91 1
126 99 -1
126 115 -1
126 132 1
126 142 1
127 16 1
127 41 1
127 54 -1
127 76 1
127 95 1
127 99 -1
127 107 1
127 108 1
127 118 1
127 131 1
127 132 -1
127 143 -1
127 144 1
128 1 -1
128 9 -1
128 10 -1
128 13 1
128 17 1
128 19 -1
128 31 1
128 62 1
128 63 -1
128 86 -1
128 95 1
128 110 -1
128 118 -1
128 126 1
128 127 -1
128 136 1
129 9 -1
129 24 1
129 30 -1
129 31 -1
129 37 1
129 38 1
129 42 -1
129 45 1
129 51 1
129 53 -1
129 65 -1
129 66 -1
129 67 1
129 78 1
129 80 -1
129 88 -1
129 94 1
129 101 1
129 108 1
129 120 1
129 125 1
129 137 1
130 6 1
130 9 -1
130 24 1
130 33 1
130 53 -1
130 62 -1
130 67 -1
130 102 1
130 123 -1
130 128 -1
130 129 1
130 138 1
130 143 1
130 144 -1
131 9 1
131 11 1
131 15 -1
131 21 -1
131 22 1
131 33 1
131 61 -1
131 79 1
131 81 -1
131 83 -1
131 99 1
131 105 1
131 120 -1
131 132 1
131 138 -1
131 150 1
132 25 1
132 26 1
132 28 -1
132 44 1
132 45 -1
132 46 1
132 49 1
132 78 -1
132 80 1
132 82 1
132 99 -1
132 105 -1
132 106 1
132 107 -1
132 109 1
132 116 1
132 120 -1
132 122 -1
132 128 -1
132 142 1
133 1 1
133 2 1
133 3 -1
133 4 1
133 5 1
133 13 1
133 18 1
133 20 1
133 23 1
133 29 1
133 58 -1
133 61 -1
133 63 -1
133 83 -1
133 108 1
133 125 -1
133 140 1
134 1 -1
134 8 1
134 44 1
134 50 1
134 54 1
134 57 1
134 63 -1
134 64 1
134 65 1
134 87 1
134 88 -1
134 95 1
134 104 -1
134 106 -1
134 111 -1
134 117 -1
134 122 1
134 140 1
135 12 1
135 17 1
135 33 1
135 37 1
135 40 -1
135 47 1
135 54 -1
135 76 -1
135 77 -1
135 86 1
135 88 1
135 102 1
136 29 -1
136 41 -1
136 47 -1
136 48 -1
136 49 1
136 51 1
136 55 -1
136 67 -1
136 80 -1
136 95 -1
136 102 -1
136 106 1
136 115 -1
136 116 -1
136 126 -1
136 142 -1
137 6 -1
137 12 1
137 20 -1
137 21 -1
137 26 1
137 45 -1
137 59 -1
137 80 -1
137 82 -1
137 96 -1
137 102 -1
137 143 1
138 22 -1
138 36 -1
138 40 1
138 43 1
138 49 -1
138 50 -1
138 85 -1
138 102 -1
138 122 -1
139 6 -1
139 10 -1
139 16 -1
139 20 1
139 26 1
139 33 1
139 65 1
139 75 -1
139 93 1
139 110 -1
139 118 1
139 120 1
139 130 1
139 133 -1
139 135 1
140 1 -1
140 4 -1
140 10 -1
140 11 -1
140 18 -1
140 20 -1
140 23 1
140 24 -1
140 32 1
140 48 -1
140 72 -1
140 104 1
140 111 1
140 119 -1
140 138 -1
140 139 1
140 145 1
141 11 1
141 32 -1
141 34 1
141 43 1
141 63 -1
141 66 1
141 75 -1
141 79 1
141 83 1
141 91 -1
141 93 -1
141 109 -1
141 116 -1
141 118 1
141 122 -1
141 149 -1
142 22 -1
142 38 -1
142 63 1
142 73 1
142 76 1
142 93 -1
142 97 1
142 127 1
142 143 -1
143 4 1
143 6 1
143 14 1
143 16 -1
143 37 1
143 67 1
143 86 -1
143 96 1
143 116 -1
143 118 -1
143 147 -1
143 148 -1
143 149 -1
144 16 -1
144 22 1
144 29 1
144 37 1
144 39 -1
144 57 -1
144 65 -1
144 80 1
144 97 -1
144 102 1
144 107 -1
144 135 -1
144 146 1
144 150 1
145 6 -1
145 8 1
145 15 -1
145 18 1
145 22 1
145 27 1
145 30 -1
145 45 1
145 57 -1
145 59 1
145 62 -1
145 73 1
145 76 1
145 82 -1
145 87 -1
145 105 -1
145 124 -1
145 126 -1
145 127 -1
145 129 -1
145 133 -1
146 1 -1
146 5 1
146 13 -1
146 21 1
146 27 1
146 34 -1
146 36 1
146 40 -1
146 45 1
146 66 -1
146 68 -1
146 78 1
146 81 -1
146 108 1
146 110 1
146 135 1
146 142 1
147 1 -1
147 25 1
147 45 -1
147 55 1
147 66 -1
147 78 1
147 80 1
147 88 1
147 91 1
147 93 1
147 108 1
147 144 -1
148 8 -1
148 9 1
148 19 -1
148 33 1
148 55 1
148 70 1
148 74 1
148 79 -1
148 84 -1
148 98 1
148 110 1
148 120 1
148 126 -1
148 130 1
148 139 -1
148 142 -1
149 2 -1
149 18 1
149 26 1
149 34 1
149 38 1
149 39 -1
149 45 1
149 48 -1
149 49 -1
149 60 -1
149 68 -1
149 69 -1
149 70 -1
149 77 1
149 89 1
149 92 1
149 95 -1
149 119 -1
149 133 1
149 134 -1
150 6 1
150 19 -1
150 23 1
150 36 1
150 50 -1
150 52 -1
150 54 1
150 61 -1
150 64 -1
150 82 1
150 85 1
150 89 1
150 90 -1
150 132 1
150 133 1
150 145 -1
