vertices: 170 edges: 2873
1 2 1
1 3 1
1 9 1
1 13 1
1 15 1
1 30 1
1 43 1
1 50 -1
1 68 -1
1 69 1
1 74 1
1 87 -1
1 94 1
1 109 -1
1 118 1
1 130 1
1 132 -1
1 133 1
1 146 1
1 159 1
1 161 1
2 6 1
2 14 -1
2 22 1
2 34 1
2 46 1
2 49 1
2 73 1
2 76 -1
2 86 1
2 94 1
2 105 1
2 110 -1
2 141 1
2 142 1
2 143 1
2 147 1
2 153 1
2 158 1
3 2 1
3 18 1
3 31 1
3 32 -1
3 45 1
3 46 1
3 50 1
3 82 1
3 84 -1
3 93 1
3 117 1
3 120 1
3 139 1
3 163 -1
3 165 -1
4 3 1
4 25 1
4 30 1
4 32 1
4 41 1
4 51 1
4 63 1
4 71 1
4 77 1
4 86 1
4 88 1
4 90 -1
4 132 1
4 155 1
4 160 1
5 1 -1
5 12 1
5 18 1
5 24 1
5 25 1
5 27 1
5 32 1
5 45 1
5 48 1
5 52 1
5 68 1
5 75 1
5 76 1
5 78 1
5 79 -1
5 80 -1
5 87 -1
5 91 1
5 102 1
5 108 1
5 116 1
5 119 -1
5 120 1
5 137 1
5 139 1
5 146 1
5 150 -1
5 170 -1
6 11 1
6 14 1
6 28 -1
6 41 1
6 72 1
6 79 1
6 83 1
6 90 1
6 100 1
6 111 1
6 113 -1
6 122 -1
6 146 1
7 2 -1
7 9 1
7 35 1
7 44 1
7 47 1
7 54 1
7 65 1
7 92 1
7 97 1
7 104 1
7 115 1
7 120 1
7 126 1
7 127 1
7 129 1
7 133 1
7 142 1
7 148 -1
7 155 -1
8 4 -1
8 9 1
8 17 1
8 19 1
8 37 1
8 38 1
8 55 1
8 81 1
8 95 1
8 96 1
8 111 1
8 116 -1
8 126 1
8 131 1
8 137 1
8 164 -1
9 2 1
9 13 1
9 37 -1
9 49 1
9 51 1
9 57 1
9 59 1
9 60 -1
9 61 1
9 71 1
9 76 1
9 97 1
9 111 -1
9 121 1
9 138 1
9 143 1
9 146 1
9 152 1
9 158 1
9 163 1
10 15 -1
10 17 1
10 40 1
10 48 1
10 57 -1
10 61 1
10 71 1
10 85 -1
10 86 -1
10 88 1
10 89 1
10 98 1
10 104 -1
10 108 1
10 109 1
10 112 1
10 131 1
10 151 1
10 152 1
10 167 1
11 19 1
11 27 1
11 35 1
11 40 1
11 42 1
11 88 1
11 100 1
11 132 1
11 134 1
11 142 1
11 148 1
11 167 1
12 4 1
12 9 -1
12 15 1
12 17 1
12 20 1
12 25 1
12 28 1
12 31 1
12 40 1
12 45 1
12 75 1
12 80 1
12 92 1
12 94 1
12 95 1
12 103 1
12 104 1
12 109 -1
12 113 1
12 136 1
12 137 1
12 147 1
12 154 1
12 164 1
13 22 1
13 27 1
13 43 1
13 52 1
13 53 1
13 71 1
13 89 -1
13 90 1
13 101 1
13 136 -1
13 156 1
13 162 1
14 3 1
14 22 1
14 25 1
14 26 1
14 35 -1
14 38 1
14 55 1
14 56 1
14 65 1
14 91 1
14 93 1
14 95 1
14 97 1
14 98 1
14 125 1
14 142 1
14 148 1
15 2 1
15 18 1
15 20 -1
15 23 1
15 35 1
15 36 1
15 69 1
15 86 1
15 102 1
15 109 1
15 121 1
15 135 1
15 138 -1
15 147 1
16 10 1
16 12 1
16 31 1
16 42 -1
16 43 1
16 76 1
16 105 1
16 106 1
16 114 1
16 133 1
16 147 1
16 149 -1
16 160 1
17 4 1
17 5 1
17 6 1
17 33 1
17 54 -1
17 68 1
17 74 1
17 81 1
17 92 1
17 94 1
17 100 1
17 101 1
17 103 -1
17 107 1
17 113 1
17 115 1
17 126 -1
17 127 1
17 137 1
17 140 1
17 155 -1
18 11 1
18 14 1
18 23 1
18 25 -1
18 32 -1
18 36 1
18 61 1
18 66 1
18 92 1
18 97 1
18 105 1
18 109 1
18 110 1
18 111 1
18 128 -1
18 157 1
18 163 1
19 5 1
19 39 -1
19 54 1
19 57 1
19 59 1
19 80 1
19 88 1
19 96 1
19 106 -1
19 145 -1
19 152 -1
20 25 1
20 32 1
20 46 1
20 60 1
20 81 1
20 85 1
20 88 1
20 97 1
20 102 1
20 106 -1
20 112 1
20 138 1
20 139 -1
20 144 1
20 146 1
20 148 1
20 151 1
20 157 1
21 1 1
21 12 1
21 14 -1
21 15 1
21 16 1
21 31 1
21 32 1
21 60 -1
21 63 1
21 84 1
21 97 1
21 137 1
21 138 1
21 139 1
21 158 1
21 160 1
22 23 1
22 25 1
22 64 1
22 68 1
22 72 1
22 83 1
22 87 1
22 96 1
22 104 1
22 108 1
22 121 1
22 129 1
22 136 1
22 147 -1
22 154 -1
22 155 1
22 159 1
23 6 -1
23 7 1
23 9 1
23 12 1
23 30 1
23 38 -1
23 40 1
23 49 1
23 66 1
23 71 1
23 88 1
23 95 1
23 100 1
23 110 1
23 114 1
23 116 -1
23 124 1
23 126 -1
23 127 1
23 145 1
23 155 1
23 156 1
23 159 1
23 170 1
24 3 1
24 19 1
24 23 1
24 28 1
24 33 1
24 42 -1
24 54 1
24 62 1
24 72 1
24 77 1
24 81 1
24 95 -1
24 114 1
24 125 1
24 137 1
24 139 -1
24 146 1
24 152 1
24 161 1
24 165 1
25 28 1
25 37 1
25 62 1
25 68 1
25 78 1
25 80 -1
25 95 -1
25 107 1
25 113 -1
25 117 -1
25 127 1
25 132 -1
25 133 1
26 11 1
26 17 1
26 41 1
26 62 1
26 81 1
26 83 1
26 94 1
26 95 1
26 101 1
26 114 1
26 116 1
26 123 1
26 125 1
26 149 1
26 164 1
26 167 -1
27 6 1
27 10 1
27 14 1
27 17 1
27 31 -1
27 35 1
27 38 1
27 46 1
27 57 1
27 65 1
27 70 1
27 98 -1
27 106 1
27 118 1
27 122 1
27 135 1
27 153 1
27 154 1
28 15 1
28 22 -1
28 33 -1
28 38 1
28 64 1
28 68 1
28 73 1
28 79 1
28 83 -1
28 84 1
28 98 -1
28 120 1
28 123 1
28 124 1
28 130 1
28 140 1
29 9 1
29 20 1
29 28 1
29 42 1
29 43 -1
29 50 -1
29 51 -1
29 55 1
29 119 1
29 140 1
29 157 -1
29 166 1
30 22 -1
30 32 -1
30 34 1
30 43 1
30 68 1
30 69 1
30 76 1
30 106 1
30 134 -1
30 149 -1
30 157 1
31 8 1
31 18 1
31 35 1
31 40 1
31 48 1
31 61 1
31 62 1
31 64 1
31 71 1
31 76 1
31 85 1
31 86 1
31 88 1
31 101 1
31 103 1
31 108 -1
31 110 -1
31 120 1
31 143 1
31 151 1
32 1 1
32 16 -1
32 34 1
32 38 1
32 54 1
32 68 -1
32 73 1
32 98 1
32 100 -1
32 112 -1
32 120 1
33 1 1
33 4 -1
33 7 1
33 9 1
33 10 1
33 36 1
33 70 1
33 71 1
33 74 -1
33 120 1
33 128 1
33 162 1
34 7 1
34 16 1
34 31 -1
34 41 -1
34 53 1
34 72 1
34 78 1
34 91 1
34 92 1
34 108 -1
34 119 -1
34 121 -1
34 124 -1
34 130 1
34 146 1
34 152 1
35 3 1
35 5 -1
35 8 1
35 25 1
35 29 1
35 30 1
35 34 1
35 48 1
35 57 -1
35 60 -1
35 62 1
35 68 1
35 79 -1
35 102 1
35 104 1
35 140 1
35 141 1
35 162 1
35 168 1
36 31 1
36 38 -1
36 74 1
36 116 1
36 140 -1
36 147 1
37 17 1
37 35 1
37 39 -1
37 43 1
37 55 1
37 56 1
37 57 1
37 68 1
37 78 1
37 80 1
37 104 1
37 105 1
37 112 1
37 116 1
37 121 1
37 126 1
37 127 1
37 141 1
38 20 1
38 35 -1
38 42 1
38 44 1
38 57 1
38 62 1
38 71 -1
38 83 -1
38 94 1
38 95 -1
38 103 1
38 105 1
38 108 1
38 110 1
38 111 -1
38 129 1
38 160 1
39 13 1
39 16 1
39 22 1
39 46 1
39 62 1
39 66 1
39 67 -1
39 76 1
39 82 1
39 84 -1
39 88 1
39 92 -1
39 93 1
39 108 1
39 115 1
39 116 1
39 125 1
39 135 1
39 139 1
39 156 1
39 164 1
40 20 1
40 27 1
40 49 -1
40 51 1
40 57 1
40 63 1
40 83 1
40 92 1
40 93 1
40 119 1
40 120 1
40 167 1
41 3 1
41 16 1
41 28 -1
41 29 1
41 47 1
41 71 -1
41 88 1
41 91 1
41 101 1
41 103 1
41 105 1
41 114 1
41 116 1
41 123 1
41 128 1
42 33 -1
42 39 1
42 41 1
42 71 -1
42 87 1
42 88 1
42 117 1
42 130 1
42 131 -1
42 143 1
42 147 1
42 160 1
42 168 -1
43 3 -1
43 17 -1
43 22 1
43 35 1
43 55 1
43 73 1
43 89 1
43 94 1
43 96 1
43 103 -1
43 105 1
43 110 1
43 118 1
43 154 1
44 2 1
44 5 1
44 12 1
44 21 1
44 25 1
44 50 1
44 51 1
44 53 1
44 56 1
44 63 -1
44 68 1
44 91 1
44 113 1
44 117 1
45 8 1
45 26 1
45 41 1
45 42 -1
45 47 1
45 50 1
45 58 1
45 60 1
45 77 1
45 79 1
45 94 1
45 95 1
45 103 -1
45 104 -1
45 116 1
45 117 1
45 132 1
45 141 1
46 11 -1
46 26 1
46 35 1
46 38 1
46 61 1
46 83 1
46 86 1
46 90 1
46 93 1
46 94 1
46 96 1
46 111 -1
46 114 1
46 127 -1
46 150 1
46 155 1
46 157 1
46 162 1
47 2 1
47 13 -1
47 22 1
47 28 1
47 44 -1
47 59 1
47 74 -1
47 109 1
47 116 1
47 128 1
47 131 1
47 154 1
48 2 1
48 11 1
48 22 1
48 24 1
48 34 -1
48 41 -1
48 45 1
48 58 1
48 77 1
48 97 1
48 126 -1
48 127 -1
48 129 1
48 146 -1
48 153 -1
48 160 1
49 4 -1
49 5 1
49 15 1
49 37 1
49 41 -1
49 45 -1
49 59 1
49 72 1
49 83 1
49 87 1
49 118 1
49 129 1
49 130 1
49 147 1
49 154 -1
49 158 -1
49 166 -1
50 10 1
50 13 1
50 18 1
50 21 1
50 25 -1
50 28 1
50 54 -1
50 68 -1
50 69 1
50 76 1
50 77 1
50 94 1
50 109 -1
50 110 1
50 115 -1
50 119 1
50 121 1
50 123 1
50 126 1
50 130 1
50 131 1
50 149 1
51 2 1
51 20 1
51 37 -1
51 46 1
51 50 1
51 59 1
51 61 1
51 62 1
51 66 1
51 72 1
51 77 -1
51 78 1
51 89 1
51 95 1
51 118 1
51 147 -1
51 152 -1
51 155 1
52 6 -1
52 8 1
52 12 1
52 23 1
52 29 1
52 45 1
52 49 1
52 51 -1
52 66 1
52 98 1
52 106 -1
52 117 -1
52 120 1
52 143 1
52 153 1
52 155 1
53 3 1
53 9 1
53 10 1
53 21 1
53 29 1
53 31 1
53 36 1
53 38 1
53 59 1
53 75 1
53 80 1
53 91 1
53 98 1
53 100 1
53 102 1
53 109 -1
53 111 1
53 117 1
53 118 -1
53 124 1
53 131 1
53 132 1
53 135 -1
53 150 1
53 153 1
53 161 1
54 9 -1
54 23 1
54 27 1
54 78 1
54 80 1
54 100 1
54 101 1
54 115 1
54 125 1
54 126 1
55 2 1
55 3 1
55 11 -1
55 20 1
55 26 1
55 33 1
55 40 -1
55 53 1
55 78 1
55 84 1
55 87 -1
55 89 -1
55 93 1
55 117 -1
55 122 1
55 126 1
56 11 1
56 17 1
56 27 -1
56 33 1
56 40 1
56 52 1
56 74 -1
56 81 1
56 92 1
56 105 -1
56 132 1
56 142 -1
56 164 1
56 165 1
57 4 -1
57 14 1
57 15 -1
57 32 1
57 41 1
57 50 -1
57 59 1
57 60 1
57 65 1
57 67 1
57 71 1
57 92 1
57 96 1
57 103 1
57 104 1
57 108 1
57 122 1
57 138 1
57 141 1
57 143 1
57 159 1
57 163 -1
57 165 1
58 1 1
58 2 1
58 5 1
58 24 1
58 46 1
58 86 -1
58 106 -1
58 111 1
58 112 1
58 120 1
58 121 1
58 123 -1
58 157 -1
59 29 1
59 37 1
59 46 -1
59 61 1
59 66 1
59 74 1
59 81 1
59 89 -1
59 100 1
59 105 1
59 111 -1
59 135 1
59 136 1
59 148 1
59 152 1
60 3 1
60 8 1
60 15 1
60 30 1
60 34 1
60 39 1
60 40 1
60 41 1
60 61 1
60 74 1
60 81 1
60 88 -1
60 99 1
60 111 1
60 117 1
60 131 -1
60 137 1
60 138 -1
60 153 1
60 165 1
60 168 1
61 7 1
61 32 1
61 33 1
61 39 1
61 45 1
61 54 1
61 74 1
61 83 -1
61 85 1
61 98 -1
61 101 1
61 102 1
61 105 -1
61 112 1
61 117 -1
61 118 1
61 126 -1
61 139 1
61 165 1
61 169 1
62 13 1
62 16 1
62 23 1
62 33 -1
62 45 1
62 46 1
62 47 1
62 54 -1
62 63 1
62 66 1
62 73 1
62 83 1
62 87 1
62 88 1
62 91 1
62 99 1
62 101 1
62 124 1
62 127 -1
62 129 1
62 144 1
62 160 1
63 36 1
63 37 1
63 39 -1
63 65 1
63 71 1
63 81 -1
63 85 1
63 87 1
63 106 1
63 112 1
63 113 1
63 114 1
63 129 -1
63 132 1
63 136 1
63 142 1
63 143 1
63 150 1
63 151 -1
63 153 1
63 156 1
63 170 1
64 10 1
64 23 1
64 46 1
64 48 1
64 49 1
64 51 1
64 68 1
64 69 1
64 72 1
64 73 1
64 80 1
64 85 1
64 105 1
64 111 1
64 148 1
64 150 1
64 158 1
65 2 1
65 13 1
65 17 1
65 20 -1
65 23 1
65 28 1
65 34 1
65 37 1
65 49 1
65 64 1
65 68 1
65 91 1
65 115 1
65 126 1
65 134 -1
65 140 1
65 168 1
66 8 1
66 11 -1
66 33 1
66 53 1
66 61 -1
66 69 1
66 77 -1
66 82 1
66 98 1
66 101 1
66 104 1
66 115 1
66 126 -1
66 129 1
67 4 1
67 9 1
67 12 1
67 41 1
67 46 -1
67 52 1
67 59 1
67 61 -1
67 81 1
67 94 1
67 98 1
67 99 -1
67 113 1
67 128 -1
67 142 1
67 144 1
68 8 1
68 41 1
68 45 1
68 51 1
68 54 -1
68 56 1
68 67 1
68 74 1
68 89 -1
68 96 1
68 97 -1
68 107 1
68 108 1
68 112 -1
68 122 1
68 150 1
69 5 1
69 7 1
69 17 1
69 20 1
69 23 1
69 28 1
69 45 1
69 60 1
69 73 -1
69 76 1
69 82 1
69 114 1
69 119 1
69 120 1
69 122 1
69 149 1
69 151 1
69 153 -1
69 162 1
70 3 -1
70 4 -1
70 5 -1
70 16 1
70 17 -1
70 25 1
70 34 1
70 50 -1
70 53 1
70 105 -1
70 111 1
70 112 -1
70 118 1
70 139 -1
70 144 1
70 161 1
71 6 1
71 15 1
71 16 -1
71 19 1
71 54 1
71 58 -1
71 68 1
71 80 1
71 82 1
71 87 1
71 99 1
71 111 1
71 118 1
71 133 1
71 134 1
71 141 -1
71 142 -1
71 146 1
71 160 1
71 167 1
72 17 1
72 20 1
72 27 -1
72 36 1
72 41 1
72 47 1
72 48 1
72 57 1
72 74 1
72 117 1
72 118 1
72 136 1
72 143 1
72 146 1
72 147 1
72 168 -1
73 5 1
73 22 1
73 23 1
73 24 1
73 49 1
73 51 1
73 63 1
73 65 1
73 76 1
73 84 1
73 92 -1
73 97 1
73 104 1
73 106 1
73 110 1
73 112 1
73 133 1
73 134 1
73 145 1
73 164 1
73 167 1
73 168 1
74 10 1
74 11 1
74 12 1
74 18 1
74 19 -1
74 25 1
74 30 -1
74 35 1
74 42 1
74 54 1
74 66 1
74 70 1
74 73 1
74 77 1
74 99 1
74 104 1
74 107 -1
74 148 1
74 156 1
74 163 1
74 168 1
75 9 1
75 24 1
75 28 1
75 30 1
75 39 1
75 40 1
75 51 1
75 70 -1
75 72 1
75 88 1
75 90 -1
75 98 -1
75 103 1
75 105 1
75 107 1
75 111 1
75 123 -1
75 130 1
75 134 1
75 137 1
75 149 1
75 153 1
75 157 1
75 161 1
76 3 -1
76 15 -1
76 18 1
76 22 1
76 33 1
76 34 1
76 43 1
76 60 1
76 74 -1
76 93 1
76 94 1
76 123 1
76 135 1
76 151 1
76 165 -1
76 166 -1
76 169 1
77 11 1
77 20 1
77 21 1
77 23 1
77 29 1
77 34 1
77 64 1
77 73 -1
77 76 1
77 78 1
77 81 1
77 100 1
77 103 1
77 104 1
77 108 1
77 131 1
77 144 1
78 12 1
78 14 1
78 19 1
78 21 1
78 23 1
78 26 1
78 30 1
78 56 1
78 65 1
78 71 -1
78 81 -1
78 87 1
78 88 -1
78 92 1
78 111 1
78 116 1
78 117 1
78 137 1
78 146 1
78 165 1
79 2 -1
79 10 1
79 12 1
79 13 1
79 19 -1
79 20 1
79 22 -1
79 36 1
79 37 1
79 47 -1
79 71 1
79 80 1
79 82 1
79 95 1
79 112 1
79 118 1
79 122 1
79 129 -1
79 133 1
79 135 -1
79 136 1
79 145 1
79 168 -1
80 1 1
80 72 1
80 78 1
80 83 1
80 90 1
80 107 1
80 124 1
80 130 1
80 135 1
80 143 1
80 148 1
80 153 1
80 154 1
80 168 1
80 170 1
81 3 1
81 5 1
81 19 -1
81 44 1
81 52 1
81 57 1
81 80 1
81 92 1
81 93 1
81 105 1
81 106 1
81 108 1
81 127 1
81 133 -1
81 140 -1
81 151 1
81 152 1
81 160 1
81 162 -1
81 170 1
82 4 1
82 18 1
82 47 -1
82 54 1
82 64 1
82 76 1
82 78 1
82 84 -1
82 89 1
82 92 1
82 102 1
82 107 -1
82 110 1
82 113 1
82 125 1
82 126 -1
82 144 1
82 160 1
83 11 1
83 27 -1
83 41 1
83 50 1
83 52 -1
83 67 1
83 105 1
83 121 1
83 125 1
83 131 1
83 145 1
83 155 1
83 161 -1
83 162 1
83 166 1
83 167 1
84 17 -1
84 19 1
84 24 1
84 35 1
84 37 1
84 46 -1
84 56 1
84 62 1
84 69 -1
84 70 1
84 88 1
84 90 1
84 99 1
84 111 1
84 116 1
84 119 -1
84 122 1
84 123 1
84 128 -1
84 133 1
84 134 1
84 135 1
84 151 1
84 156 1
84 157 1
84 166 -1
85 3 1
85 13 1
85 15 1
85 22 1
85 48 1
85 51 1
85 55 1
85 66 1
85 75 1
85 93 -1
85 97 1
85 111 -1
85 124 1
85 130 1
85 135 1
85 145 1
85 148 1
85 149 1
85 158 1
86 3 1
86 6 1
86 12 1
86 18 1
86 30 1
86 37 1
86 85 -1
86 102 1
86 105 -1
86 115 1
86 128 1
86 129 1
86 142 1
86 143 1
86 156 1
86 159 1
86 165 1
86 169 -1
87 2 1
87 6 1
87 8 1
87 16 1
87 19 1
87 26 1
87 35 1
87 36 1
87 39 1
87 41 -1
87 56 1
87 94 -1
87 102 1
87 124 1
87 134 -1
87 136 1
87 138 1
88 5 1
88 9 -1
88 32 -1
88 40 1
88 45 1
88 52 -1
88 70 1
88 113 -1
88 117 1
88 119 1
88 120 1
88 136 -1
88 152 1
88 165 1
88 168 -1
89 4 1
89 16 1
89 26 1
89 42 1
89 47 1
89 61 1
89 95 1
89 117 1
89 119 1
89 135 1
89 148 1
89 149 1
89 161 1
90 12 1
90 16 1
90 20 1
90 25 1
90 34 1
90 38 1
90 43 -1
90 49 1
90 51 -1
90 69 1
90 70 1
90 74 1
90 81 1
90 89 1
90 100 1
90 148 1
90 152 1
90 156 1
90 166 1
91 27 1
91 37 -1
91 46 -1
91 57 1
91 67 -1
91 69 -1
91 111 1
91 112 1
91 123 1
91 128 1
91 136 1
91 155 1
91 168 1
92 21 1
92 44 1
92 86 1
92 98 1
92 109 1
92 110 1
92 113 1
92 137 1
93 19 -1
93 20 1
93 27 1
93 30 1
93 50 1
93 78 1
93 91 1
93 94 1
93 104 1
93 113 1
93 138 1
93 157 1
93 161 1
93 165 1
94 31 1
94 37 1
94 41 1
94 59 1
94 65 1
94 79 1
94 85 1
94 88 1
94 90 -1
94 112 1
94 114 1
94 119 1
94 122 1
94 123 -1
94 140 1
94 141 1
94 144 1
94 149 1
94 164 -1
94 169 1
95 18 1
95 19 -1
95 32 1
95 65 1
95 82 1
95 88 1
95 90 1
95 113 1
95 129 1
95 139 1
95 154 1
95 157 1
96 4 1
96 12 1
96 16 1
96 31 1
96 42 1
96 58 1
96 61 -1
96 69 1
96 73 1
96 80 1
96 87 1
96 101 1
96 112 -1
96 115 1
96 117 -1
96 124 1
96 128 1
96 140 -1
96 141 1
96 144 1
96 148 1
96 162 1
97 2 -1
97 4 1
97 6 1
97 17 1
97 25 1
97 27 1
97 43 1
97 49 -1
97 50 1
97 59 1
97 60 1
97 64 1
97 66 -1
97 79 1
97 104 -1
97 127 1
97 139 1
97 142 1
97 158 1
97 165 1
97 169 1
98 1 -1
98 12 1
98 15 1
98 20 1
98 78 1
98 85 -1
98 93 1
98 105 -1
98 129 1
98 142 -1
98 144 -1
98 154 1
98 161 1
98 163 -1
98 168 1
98 170 1
99 3 1
99 11 1
99 15 1
99 27 1
99 52 1
99 69 1
99 75 1
99 85 1
99 91 1
99 108 1
99 116 1
99 140 1
99 163 1
99 168 -1
99 170 1
100 21 1
100 31 1
100 52 1
100 61 1
100 82 1
100 99 1
100 117 -1
100 128 1
100 136 1
100 148 1
100 149 1
100 156 -1
100 169 1
101 1 1
101 6 1
101 24 1
101 27 -1
101 33 1
101 37 1
101 45 1
101 51 1
101 58 1
101 65 1
101 79 1
101 105 1
101 106 -1
101 117 1
101 126 1
101 127 -1
101 128 1
101 144 1
101 158 1
102 13 1
102 23 1
102 44 1
102 45 1
102 68 1
102 72 1
102 77 1
102 84 -1
102 113 1
102 117 -1
102 119 1
102 120 1
102 144 1
102 147 -1
102 150 1
102 153 1
102 154 1
102 163 1
102 169 1
103 10 -1
103 28 -1
103 33 1
103 34 1
103 42 1
103 64 1
103 65 -1
103 72 1
103 81 1
103 94 1
103 98 -1
103 99 1
103 142 1
103 157 -1
103 159 1
103 160 1
103 162 1
103 163 1
103 165 1
103 166 1
103 168 1
104 2 1
104 5 1
104 18 1
104 28 1
104 33 -1
104 48 1
104 89 1
104 95 -1
104 110 1
104 114 1
104 118 -1
104 121 1
104 126 -1
104 147 -1
104 150 1
104 154 1
104 162 1
105 40 -1
105 45 -1
105 57 1
105 95 1
105 110 -1
105 118 -1
105 122 -1
105 127 1
105 128 1
105 131 1
105 135 1
105 136 1
105 139 1
105 145 1
105 156 1
105 157 1
105 160 -1
106 1 1
106 10 1
106 26 1
106 53 1
106 67 -1
106 72 1
106 75 1
106 86 1
106 92 1
106 95 1
106 97 1
106 102 1
106 114 1
106 123 1
106 134 1
106 138 1
106 151 1
106 153 1
106 156 1
106 168 1
107 6 1
107 23 -1
107 29 -1
107 43 1
107 44 1
107 54 1
107 77 1
107 85 1
107 93 1
107 96 -1
107 115 1
107 135 1
107 153 1
107 154 -1
107 162 1
108 2 1
108 8 1
108 25 1
108 36 1
108 66 1
108 69 1
108 70 1
108 83 1
108 84 1
108 88 1
108 90 1
108 94 1
108 97 1
108 103 1
108 116 1
108 120 1
108 124 -1
108 125 1
108 127 -1
108 132 1
108 136 1
108 142 1
108 165 -1
109 8 1
109 11 1
109 19 1
109 24 1
109 37 1
109 38 1
109 40 1
109 45 1
109 63 1
109 70 1
109 74 1
109 78 1
109 82 1
109 83 1
109 96 1
109 103 1
109 146 1
109 148 1
110 8 -1
110 14 1
110 19 1
110 33 -1
110 61 1
110 67 1
110 68 1
110 70 1
110 86 1
110 94 1
110 136 1
110 138 1
110 143 1
110 153 1
110 154 -1
110 158 -1
110 162 1
111 17 1
111 19 1
111 20 1
111 40 1
111 69 1
111 90 1
111 92 1
111 95 1
111 100 1
111 104 1
111 119 1
111 141 1
111 151 1
111 156 1
111 159 1
111 161 1
111 168 1
112 1 1
112 16 1
112 34 -1
112 35 1
112 42 -1
112 56 1
112 57 1
112 82 1
112 97 1
112 125 1
112 136 1
112 148 1
113 21 1
113 34 1
113 65 1
113 68 1
113 79 1
113 99 1
113 131 1
113 143 1
113 147 -1
113 148 1
113 150 -1
114 3 1
114 4 -1
114 8 1
114 11 1
114 18 1
114 20 1
114 37 1
114 49 1
114 58 1
114 70 1
114 74 1
114 88 1
114 127 1
114 129 1
114 132 1
114 139 1
114 144 1
114 150 -1
115 11 1
115 37 1
115 38 -1
115 59 1
115 62 1
115 103 -1
115 109 1
115 122 1
115 128 1
115 133 1
115 155 1
115 169 1
116 2 1
116 3 1
116 12 -1
116 22 -1
116 40 1
116 43 1
116 62 1
116 71 -1
116 88 1
116 120 1
116 121 1
116 132 1
116 136 1
116 137 -1
116 141 1
116 148 1
117 6 1
117 15 1
117 41 1
117 65 1
117 68 1
117 81 1
117 118 -1
117 139 1
117 157 -1
118 3 -1
118 19 1
118 50 -1
118 55 -1
118 65 1
118 87 1
118 103 1
118 109 -1
118 124 1
118 144 1
119 3 1
119 6 1
119 15 1
119 52 1
119 55 1
119 60 1
119 64 1
119 73 1
119 74 1
119 80 1
119 114 1
119 128 1
119 130 1
119 131 1
119 139 1
120 4 -1
120 16 -1
120 27 -1
120 43 -1
120 46 -1
120 51 -1
120 55 1
120 70 1
120 72 1
120 81 1
120 107 1
120 114 -1
120 118 -1
120 141 1
120 145 1
121 1 1
121 7 -1
121 10 1
121 38 -1
121 42 1
121 53 1
121 54 1
121 60 -1
121 72 1
121 75 1
121 88 1
121 101 1
121 107 1
121 108 1
121 115 1
121 127 1
121 134 1
121 136 1
121 141 1
121 142 1
121 143 1
121 145 1
121 152 1
121 170 1
122 4 -1
122 5 1
122 21 1
122 22 -1
122 23 1
122 45 -1
122 48 1
122 51 1
122 58 1
122 96 1
122 107 1
122 119 1
122 131 1
122 132 -1
122 157 1
123 7 1
123 12 -1
123 14 1
123 16 -1
123 18 1
123 40 -1
123 48 -1
123 51 1
123 54 1
123 60 1
123 65 1
123 71 1
123 87 1
123 96 1
123 98 1
123 114 1
123 118 1
123 125 1
123 126 1
123 143 1
123 147 1
123 154 -1
123 159 1
124 3 1
124 8 1
124 20 1
124 22 -1
124 27 1
124 29 -1
124 32 -1
124 42 1
124 61 1
124 69 1
124 73 1
124 82 1
124 83 1
124 103 1
124 133 1
124 142 -1
124 144 1
124 155 -1
124 158 -1
125 5 1
125 20 1
125 56 1
125 57 -1
125 62 1
125 70 1
125 92 -1
125 97 -1
125 104 1
125 119 1
125 122 1
125 132 1
125 141 1
125 143 1
125 147 1
125 155 1
125 169 1
126 3 1
126 6 1
126 15 1
126 18 1
126 45 1
126 68 1
126 72 -1
126 73 -1
126 76 -1
126 84 1
126 113 1
126 118 1
126 119 1
126 132 1
126 138 1
126 145 1
126 163 1
126 165 1
126 168 1
127 2 -1
127 8 -1
127 16 1
127 28 1
127 50 1
127 63 1
127 73 1
127 85 -1
127 91 1
127 100 1
127 163 1
128 14 1
128 19 1
128 22 1
128 29 1
128 49 1
128 52 1
128 53 1
128 55 1
128 59 -1
128 66 -1
128 77 1
128 82 1
128 92 1
128 94 1
128 109 1
128 117 1
128 130 1
128 135 -1
128 138 -1
128 142 1
128 145 1
128 149 1
128 150 1
129 1 1
129 16 -1
129 23 1
129 90 1
129 92 1
129 99 1
129 104 1
129 106 1
129 122 1
129 124 1
129 127 1
129 146 1
130 14 1
130 21 -1
130 26 1
130 48 1
130 72 1
130 74 1
130 78 1
130 103 1
130 122 -1
130 123 1
130 129 1
130 131 1
130 139 -1
130 147 -1
130 157 -1
130 164 1
131 39 1
131 40 1
131 41 1
131 43 1
131 46 -1
131 58 1
131 63 1
131 68 1
131 69 -1
131 71 1
131 114 1
131 127 -1
131 138 -1
131 160 -1
132 5 1
132 13 1
132 16 1
132 26 -1
132 29 -1
132 38 -1
132 39 1
132 41 -1
132 46 1
132 49 1
132 54 1
132 73 1
132 74 1
132 82 1
132 83 1
132 85 1
132 102 1
132 106 1
132 129 1
132 137 1
132 142 -1
132 152 1
132 161 1
132 162 1
132 163 1
133 30 1
133 33 1
133 60 1
133 61 1
133 63 1
133 80 1
133 86 -1
133 90 -1
133 91 1
133 105 1
133 107 1
133 111 1
133 126 1
133 136 1
133 142 1
133 149 1
133 151 1
134 14 1
134 17 1
134 24 1
134 34 -1
134 36 1
134 41 -1
134 57 1
134 58 1
134 74 1
134 104 1
134 119 1
134 122 1
134 127 -1
134 139 -1
134 167 1
134 168 1
135 9 -1
135 17 1
135 28 1
135 33 1
135 52 1
135 55 1
135 93 1
135 103 -1
135 123 1
135 140 1
135 151 1
135 154 1
135 158 -1
136 15 1
136 21 1
136 26 1
136 39 -1
136 43 -1
136 54 1
136 56 1
136 58 1
136 80 1
136 89 -1
136 97 -1
136 101 -1
136 119 1
136 124 1
136 128 1
136 143 1
136 148 1
136 149 -1
136 150 1
136 160 -1
137 4 -1
137 25 1
137 36 1
137 39 1
137 49 1
137 61 1
137 77 1
137 90 1
137 93 1
137 107 1
137 111 1
137 122 1
137 123 1
137 145 1
137 146 1
137 151 1
137 156 1
137 159 -1
137 167 1
137 170 1
138 4 1
138 16 1
138 22 -1
138 25 1
138 30 1
138 34 1
138 49 1
138 54 1
138 100 1
138 122 1
138 139 1
138 153 1
139 22 -1
139 27 1
139 36 -1
139 41 1
139 48 1
139 57 1
139 58 1
139 62 1
139 79 1
139 82 1
139 83 1
139 85 1
139 89 1
139 101 1
139 102 1
139 108 -1
139 161 1
140 2 1
140 5 1
140 7 1
140 8 1
140 13 -1
140 15 1
140 47 -1
140 57 1
140 71 1
140 76 -1
140 85 1
140 102 1
140 111 1
140 112 1
140 125 1
140 133 1
140 152 1
140 159 -1
140 165 1
140 166 1
140 170 1
141 11 1
141 19 1
141 23 1
141 24 1
141 28 1
141 66 1
141 70 1
141 78 1
141 104 1
141 112 -1
141 117 1
141 118 1
141 126 1
141 129 1
141 135 1
141 136 1
141 138 -1
141 139 1
141 142 1
141 154 1
141 169 1
142 17 1
142 44 1
142 45 1
142 51 -1
142 59 1
142 60 1
142 80 -1
142 90 1
142 95 -1
142 114 -1
142 131 -1
142 134 1
142 135 1
142 144 1
142 162 1
143 10 1
143 12 1
143 49 -1
143 50 1
143 58 1
143 59 1
143 74 1
143 82 1
143 100 1
143 118 1
143 128 1
143 131 1
143 132 1
143 154 1
143 157 1
143 160 1
144 1 1
144 5 1
144 10 1
144 19 1
144 21 1
144 25 1
144 26 1
144 28 1
144 32 -1
144 33 1
144 39 1
144 40 1
144 42 1
144 58 1
144 63 1
144 71 1
144 95 1
144 122 1
144 125 1
144 131 1
144 134 1
145 7 1
145 14 1
145 15 1
145 16 1
145 40 1
145 42 1
145 43 -1
145 62 1
145 64 1
145 65 1
145 67 1
145 70 1
145 74 1
145 92 1
145 99 -1
145 104 1
145 136 1
145 140 1
145 144 -1
145 159 1
146 8 1
146 18 1
146 45 1
146 49 1
146 51 1
146 56 1
146 93 1
146 97 1
146 101 1
146 105 1
146 115 1
146 134 1
146 150 1
146 151 1
146 170 1
147 6 1
147 14 -1
147 38 1
147 55 1
147 77 1
147 101 1
147 114 1
147 128 -1
147 132 1
147 151 1
147 164 1
147 170 -1
148 4 1
148 36 1
148 51 1
148 62 1
148 67 1
148 76 1
148 104 1
148 117 -1
148 129 1
148 131 1
148 140 1
148 144 -1
148 147 1
148 152 1
148 166 1
149 19 1
149 21 -1
149 24 -1
149 58 1
149 98 1
149 103 1
149 104 -1
149 113 1
149 121 1
149 127 1
149 134 1
149 148 1
149 156 1
149 162 1
149 168 1
150 15 1
150 19 1
150 27 1
150 35 1
150 42 1
150 49 1
150 51 -1
150 59 -1
150 61 1
150 70 1
150 108 1
150 139 1
150 151 1
150 152 1
150 162 -1
151 1 1
151 9 -1
151 14 1
151 15 1
151 27 1
151 32 1
151 34 -1
151 39 1
151 51 1
151 53 1
151 54 1
151 62 1
151 90 1
151 97 1
151 116 1
151 120 1
151 131 1
151 134 1
151 142 1
151 156 1
152 32 -1
152 61 1
152 72 1
152 74 1
152 85 1
152 91 1
152 92 -1
152 103 1
152 104 1
152 118 1
152 120 1
152 126 1
152 130 1
152 133 1
152 136 1
152 145 -1
153 7 1
153 13 1
153 16 -1
153 25 1
153 32 -1
153 76 1
153 85 1
153 99 1
153 103 1
153 104 1
153 124 -1
153 135 1
153 150 1
153 158 1
154 5 1
154 6 1
154 16 1
154 24 1
154 39 1
154 42 -1
154 66 1
154 86 1
154 87 1
154 93 1
154 112 1
154 115 1
154 120 -1
154 126 1
154 147 -1
154 151 1
154 157 1
154 160 1
154 162 1
154 167 1
155 3 1
155 8 1
155 12 -1
155 26 -1
155 28 -1
155 39 1
155 40 1
155 41 1
155 54 -1
155 56 1
155 58 -1
155 59 -1
155 66 1
155 78 -1
155 87 1
155 94 1
155 99 1
155 119 1
155 147 1
155 159 1
156 6 1
156 17 1
156 20 -1
156 29 1
156 35 1
156 45 1
156 50 1
156 60 1
156 70 -1
156 82 -1
156 94 1
156 126 -1
156 130 -1
156 131 -1
156 135 1
156 145 1
157 9 -1
157 10 -1
157 17 1
157 39 1
157 44 1
157 45 1
157 48 1
157 52 -1
157 63 1
157 74 1
157 104 -1
157 111 1
157 116 -1
157 129 1
157 134 -1
157 138 1
158 3 1
158 4 1
158 11 -1
158 23 1
158 29 1
158 35 1
158 53 1
158 58 1
158 72 1
158 86 1
158 90 1
158 92 -1
158 104 -1
158 111 1
158 116 1
158 117 1
158 127 1
158 129 1
158 144 -1
158 145 1
158 155 1
158 164 1
159 8 1
159 12 1
159 14 1
159 26 1
159 40 1
159 45 -1
159 52 1
159 56 1
159 59 1
159 60 1
159 72 1
159 85 -1
159 88 -1
159 118 1
159 139 1
159 141 1
159 143 -1
159 149 1
159 158 1
159 160 1
160 1 1
160 11 1
160 54 -1
160 58 1
160 61 1
160 86 1
160 89 1
160 92 1
160 115 1
160 118 1
160 138 1
160 151 1
160 161 1
160 166 -1
160 167 1
161 9 1
161 11 1
161 19 1
161 33 -1
161 35 -1
161 58 1
161 86 1
161 91 1
161 112 1
161 119 1
161 122 1
161 152 1
161 154 1
161 158 -1
162 22 1
162 27 1
162 40 -1
162 41 -1
162 57 1
162 61 1
162 70 -1
162 73 1
162 80 1
162 94 1
162 95 -1
162 98 1
162 114 1
162 129 -1
162 144 1
162 151 1
162 153 1
162 168 1
163 22 1
163 39 1
163 54 1
163 65 1
163 66 1
163 70 1
163 80 -1
163 91 -1
163 93 1
163 112 1
163 118 1
163 122 1
163 139 1
163 140 1
163 143 -1
163 151 1
163 165 1
164 7 1
164 31 1
164 32 -1
164 34 1
164 50 -1
164 79 1
164 103 1
164 105 1
164 149 1
164 152 1
164 163 -1
164 170 1
165 27 1
165 53 1
165 70 1
165 98 1
165 109 1
165 111 1
165 116 1
165 117 1
165 137 1
165 139 1
165 146 1
165 155 1
165 158 1
166 6 1
166 14 1
166 23 1
166 26 1
166 37 1
166 39 1
166 40 1
166 45 -1
166 48 1
166 70 -1
166 92 1
166 96 1
166 97 1
166 107 1
166 111 1
166 117 1
166 134 1
166 136 1
166 145 1
166 170 -1
167 5 1
167 6 1
167 12 1
167 14 -1
167 18 1
167 22 -1
167 25 1
167 39 1
167 89 -1
167 103 1
167 114 1
167 120 1
167 125 1
167 161 1
168 5 -1
168 13 1
168 24 -1
168 30 -1
168 32 1
168 41 1
168 56 -1
168 62 1
168 71 1
168 125 1
168 131 1
168 136 1
168 150 -1
168 155 -1
168 156 1
169 9 -1
169 15 1
169 22 1
169 39 1
169 54 1
169 63 1
169 84 1
169 93 1
169 95 1
169 113 1
169 114 1
169 121 1
169 139 1
169 147 1
170 9 1
170 27 1
170 31 1
170 34 1
170 44 1
170 49 1
170 62 1
170 78 1
170 83 1
170 86 1
170 89 1
170 91 1
170 105 -1
170 120 1
170 124 1
170 135 1
170 152 1
170 163 -1
