vertices: 90 edges: 3204
1 3 -1
1 4 -1
1 6 -1
1 7 -1
1 11 -1
1 13 1
1 15 -1
1 20 1
1 26 -1
1 27 -1
1 30 1
1 31 -1
1 32 -1
1 34 1
1 35 1
1 37 1
1 40 -1
1 43 -1
1 45 1
1 46 1
1 51 -1
1 53 -1
1 58 -1
1 61 -1
1 65 -1
1 66 -1
1 67 1
1 78 1
1 79 1
1 80 1
1 81 -1
1 83 1
1 88 1
1 90 -1
2 5 -1
2 6 -1
2 10 1
2 11 -1
2 12 1
2 14 1
2 17 -1
2 21 1
2 26 1
2 27 -1
2 28 1
2 31 1
2 32 1
2 34 -1
2 35 -1
2 36 -1
2 37 -1
2 38 1
2 41 -1
2 46 1
2 48 -1
2 50 -1
2 53 1
2 54 1
2 55 -1
2 56 1
2 58 1
2 59 -1
2 61 1
2 63 1
2 64 1
2 65 1
2 66 1
2 68 1
2 69 1
2 70 -1
2 71 1
2 72 1
2 74 -1
2 81 1
2 82 -1
2 88 1
3 2 -1
3 4 1
3 5 -1
3 8 -1
3 9 1
3 12 1
3 15 -1
3 19 -1
3 20 1
3 22 1
3 23 -1
3 26 -1
3 27 -1
3 29 -1
3 31 1
3 33 1
3 35 1
3 37 -1
3 38 -1
3 39 1
3 40 -1
3 42 1
3 44 1
3 48 1
3 49 1
3 51 -1
3 58 1
3 59 -1
3 60 -1
3 62 -1
3 63 1
3 68 1
3 71 -1
3 73 1
3 78 -1
3 79 -1
3 81 -1
3 83 1
3 84 -1
3 90 -1
4 2 -1
4 7 -1
4 14 1
4 18 1
4 29 -1
4 30 -1
4 31 -1
4 33 -1
4 40 -1
4 41 1
4 45 1
4 53 -1
4 54 1
4 55 1
4 56 1
4 57 -1
4 58 -1
4 62 1
4 65 1
4 72 1
4 73 -1
4 74 1
4 76 1
4 78 -1
4 80 1
4 81 -1
4 86 -1
4 87 1
5 1 1
5 4 -1
5 7 -1
5 12 -1
5 14 -1
5 21 -1
5 23 -1
5 25 -1
5 26 -1
5 27 1
5 32 1
5 33 1
5 34 1
5 35 -1
5 37 1
5 38 -1
5 42 -1
5 44 -1
5 46 1
5 47 1
5 48 1
5 50 -1
5 52 -1
5 54 1
5 55 -1
5 58 1
5 59 -1
5 63 1
5 66 -1
5 68 -1
5 74 -1
5 77 1
5 79 1
5 81 1
5 86 -1
5 87 1
5 90 -1
6 3 -1
6 5 -1
6 15 1
6 16 1
6 17 -1
6 18 1
6 20 1
6 21 1
6 23 1
6 24 1
6 26 -1
6 27 1
6 29 -1
6 30 1
6 31 -1
6 32 1
6 34 1
6 36 1
6 37 1
6 38 1
6 40 1
6 46 -1
6 48 1
6 49 -1
6 53 -1
6 54 -1
6 55 -1
6 60 1
6 62 -1
6 63 -1
6 66 -1
6 67 1
6 68 -1
6 71 1
6 76 -1
6 79 -1
6 83 1
6 84 -1
6 86 -1
6 90 1
7 2 1
7 3 1
7 6 -1
7 8 1
7 9 -1
7 13 -1
7 17 1
7 18 -1
7 20 -1
7 22 1
7 23 -1
7 27 1
7 28 1
7 31 -1
7 34 -1
7 35 1
7 36 1
7 37 -1
7 38 -1
7 42 1
7 43 -1
7 44 -1
7 47 -1
7 48 1
7 52 1
7 56 -1
7 60 -1
7 61 -1
7 62 1
7 63 1
7 65 -1
7 70 -1
7 72 -1
7 76 -1
7 78 1
7 81 -1
7 82 -1
7 83 1
7 88 -1
8 1 -1
8 6 -1
8 9 1
8 10 1
8 11 1
8 16 -1
8 17 -1
8 19 1
8 21 -1
8 24 -1
8 25 1
8 27 1
8 28 1
8 31 -1
8 35 -1
8 41 1
8 43 1
8 45 -1
8 46 1
8 47 1
8 51 -1
8 54 -1
8 58 -1
8 64 1
8 73 -1
8 76 -1
8 79 1
8 80 1
8 85 1
8 86 1
8 87 -1
8 88 -1
9 1 1
9 4 -1
9 5 1
9 6 1
9 10 -1
9 11 -1
9 13 -1
9 15 1
9 16 1
9 20 -1
9 23 1
9 24 -1
9 29 -1
9 33 -1
9 38 -1
9 39 1
9 40 1
9 42 -1
9 44 1
9 45 -1
9 46 -1
9 50 -1
9 51 1
9 52 -1
9 55 1
9 56 -1
9 59 -1
9 62 -1
9 64 -1
9 71 -1
9 73 -1
9 75 -1
9 78 1
9 81 1
9 83 -1
9 84 1
9 88 1
9 89 -1
10 1 1
10 6 -1
10 7 -1
10 13 -1
10 15 1
10 18 1
10 29 1
10 30 -1
10 33 -1
10 35 1
10 38 -1
10 41 1
10 44 -1
10 46 1
10 50 -1
10 56 1
10 59 1
10 61 -1
10 64 1
10 65 1
10 66 -1
10 67 -1
10 68 -1
10 74 1
10 75 1
10 77 1
10 78 -1
10 80 1
10 85 1
10 87 1
11 3 -1
11 4 -1
11 5 -1
11 6 -1
11 7 1
11 12 1
11 13 -1
11 15 -1
11 21 1
11 23 -1
11 31 1
11 34 1
11 36 -1
11 37 1
11 38 -1
11 40 1
11 46 -1
11 48 -1
11 50 1
11 52 -1
11 57 1
11 63 1
11 65 -1
11 71 -1
11 72 -1
11 75 1
11 86 1
11 89 1
12 1 -1
12 4 1
12 6 1
12 9 1
12 15 1
12 17 1
12 19 1
12 20 -1
12 21 -1
12 24 -1
12 25 -1
12 27 1
12 28 1
12 30 -1
12 32 1
12 34 -1
12 37 1
12 39 1
12 41 1
12 44 1
12 45 -1
12 49 1
12 54 1
12 56 1
12 57 1
12 63 -1
12 64 -1
12 68 -1
12 69 1
12 71 -1
12 72 1
12 74 -1
12 77 1
12 78 1
12 80 -1
12 85 -1
12 86 1
12 87 -1
12 88 1
13 2 -1
13 4 -1
13 5 1
13 6 1
13 8 -1
13 12 -1
13 18 1
13 20 1
13 24 -1
13 28 1
13 30 -1
13 31 -1
13 32 1
13 33 -1
13 34 1
13 35 1
13 41 -1
13 42 1
13 46 -1
13 47 -1
13 49 1
13 50 -1
13 55 1
13 61 -1
13 64 1
13 66 1
13 67 -1
13 71 -1
13 72 -1
13 74 -1
13 75 -1
13 76 1
13 77 1
13 84 -1
13 89 1
13 90 -1
14 1 -1
14 6 -1
14 7 1
14 8 -1
14 9 1
14 10 1
14 11 -1
14 12 1
14 15 -1
14 20 1
14 27 1
14 32 -1
14 34 1
14 35 1
14 36 -1
14 43 1
14 48 1
14 53 -1
14 55 -1
14 56 -1
14 58 -1
14 64 -1
14 66 -1
14 67 1
14 70 1
14 74 1
14 75 -1
14 79 -1
14 81 1
14 85 -1
14 86 -1
14 88 1
15 4 -1
15 5 1
15 7 1
15 8 1
15 16 1
15 19 1
15 21 -1
15 22 -1
15 23 -1
15 25 -1
15 27 -1
15 30 -1
15 31 -1
15 40 -1
15 42 1
15 43 -1
15 44 -1
15 45 1
15 47 1
15 50 -1
15 51 -1
15 54 -1
15 55 1
15 57 -1
15 59 1
15 62 1
15 67 -1
15 68 -1
15 70 1
15 71 -1
15 73 1
15 75 -1
15 78 1
15 79 1
15 82 1
15 83 -1
15 84 -1
15 90 1
16 2 -1
16 4 -1
16 5 1
16 7 1
16 10 1
16 13 -1
16 14 -1
16 17 -1
16 18 -1
16 23 1
16 25 1
16 26 -1
16 27 -1
16 31 -1
16 32 -1
16 33 -1
16 35 1
16 42 1
16 46 1
16 48 1
16 52 1
16 54 1
16 55 -1
16 56 1
16 57 1
16 63 -1
16 68 -1
16 69 1
16 73 -1
16 74 1
16 76 1
16 80 1
16 83 1
16 89 -1
17 1 -1
17 3 -1
17 4 1
17 5 1
17 9 1
17 10 1
17 11 -1
17 13 1
17 19 -1
17 25 -1
17 30 1
17 36 1
17 37 1
17 43 -1
17 44 -1
17 46 -1
17 47 1
17 51 1
17 53 -1
17 57 1
17 59 -1
17 61 1
17 62 1
17 63 -1
17 65 1
17 66 -1
17 70 1
17 71 -1
17 73 1
17 75 1
17 78 -1
17 79 1
17 85 1
17 87 -1
18 1 -1
18 2 1
18 5 -1
18 9 -1
18 11 1
18 12 1
18 15 1
18 19 -1
18 20 -1
18 22 1
18 24 -1
18 25 -1
18 32 -1
18 33 1
18 34 -1
18 37 -1
18 41 1
18 44 -1
18 47 1
18 50 -1
18 51 1
18 52 1
18 53 -1
18 55 1
18 56 -1
18 59 1
18 63 -1
18 64 1
18 65 -1
18 67 1
18 70 1
18 72 -1
18 75 -1
18 78 -1
18 83 -1
18 84 1
18 85 -1
18 86 -1
19 1 1
19 2 1
19 10 1
19 13 1
19 14 -1
19 20 1
19 21 -1
19 23 -1
19 28 1
19 32 -1
19 35 -1
19 36 -1
19 37 -1
19 42 -1
19 43 -1
19 48 -1
19 49 1
19 51 -1
19 56 1
19 58 1
19 61 -1
19 62 1
19 64 1
19 68 1
19 75 1
19 76 1
19 78 1
19 79 1
19 80 1
19 82 1
19 83 -1
19 84 1
19 85 -1
19 90 -1
20 2 -1
20 4 -1
20 5 1
20 8 1
20 16 -1
20 17 1
20 21 -1
20 25 1
20 26 -1
20 27 -1
20 30 1
20 32 -1
20 34 1
20 38 -1
20 42 -1
20 46 -1
20 48 1
20 50 1
20 53 1
20 54 1
20 56 -1
20 58 -1
20 60 -1
20 61 1
20 64 1
20 68 1
20 70 1
20 71 1
20 72 1
20 74 -1
20 78 1
20 79 -1
20 81 -1
20 84 1
20 85 -1
20 90 1
21 4 1
21 7 1
21 9 1
21 10 -1
21 16 -1
21 17 1
21 18 -1
21 28 -1
21 30 1
21 35 1
21 36 -1
21 37 -1
21 39 -1
21 40 1
21 46 1
21 48 -1
21 49 -1
21 50 -1
21 52 1
21 54 1
21 59 1
21 60 1
21 61 -1
21 62 -1
21 64 -1
21 65 1
21 66 1
21 70 -1
21 72 1
21 74 -1
21 75 -1
21 76 1
21 79 1
21 80 1
21 82 1
21 84 1
21 87 -1
22 1 1
22 2 1
22 4 1
22 5 1
22 6 1
22 9 -1
22 11 -1
22 12 1
22 14 1
22 16 -1
22 19 -1
22 25 -1
22 26 -1
22 28 -1
22 30 1
22 31 1
22 36 1
22 38 1
22 40 1
22 43 1
22 44 1
22 46 1
22 48 1
22 49 1
22 51 -1
22 56 -1
22 57 -1
22 58 -1
22 64 -1
22 66 1
22 70 -1
22 73 1
22 74 1
22 75 -1
22 76 -1
22 77 1
22 78 1
22 82 1
22 86 1
22 88 -1
23 1 -1
23 2 -1
23 8 1
23 10 -1
23 12 -1
23 13 -1
23 14 1
23 17 -1
23 18 1
23 26 1
23 32 -1
23 36 1
23 37 -1
23 43 1
23 50 -1
23 51 1
23 53 -1
23 56 -1
23 57 -1
23 58 1
23 59 1
23 60 -1
23 62 -1
23 63 1
23 66 1
23 70 -1
23 77 1
23 78 1
23 84 -1
23 87 1
23 90 1
24 1 1
24 3 -1
24 4 1
24 14 1
24 16 1
24 17 1
24 21 1
24 22 1
24 23 -1
24 25 1
24 26 1
24 27 -1
24 28 -1
24 30 1
24 32 1
24 34 1
24 35 1
24 36 1
24 39 1
24 42 1
24 43 1
24 44 1
24 45 1
24 46 1
24 47 -1
24 48 -1
24 54 1
24 55 1
24 58 1
24 59 1
24 61 1
24 63 -1
24 64 1
24 65 1
24 67 -1
24 72 1
24 75 1
24 80 1
25 1 -1
25 2 -1
25 3 -1
25 6 -1
25 7 -1
25 9 1
25 13 -1
25 14 1
25 19 1
25 21 1
25 23 1
25 29 1
25 30 -1
25 31 -1
25 33 -1
25 35 1
25 42 -1
25 47 -1
25 48 1
25 52 -1
25 54 1
25 55 -1
25 57 -1
25 61 1
25 62 -1
25 63 1
25 65 -1
25 69 -1
25 70 -1
25 71 1
25 76 1
25 83 1
25 84 1
25 85 1
25 86 -1
25 88 1
25 90 1
26 4 -1
26 9 -1
26 12 -1
26 14 -1
26 15 -1
26 17 -1
26 18 1
26 19 1
26 21 -1
26 27 1
26 30 -1
26 31 1
26 32 -1
26 33 -1
26 34 1
26 37 -1
26 38 -1
26 41 1
26 45 1
26 46 1
26 48 -1
26 49 -1
26 50 -1
26 54 -1
26 61 1
26 67 1
26 69 -1
26 70 -1
26 74 1
26 76 -1
26 77 -1
26 79 1
26 83 1
27 9 1
27 11 1
27 18 -1
27 21 -1
27 22 1
27 28 1
27 30 1
27 31 -1
27 33 -1
27 34 -1
27 35 1
27 36 1
27 47 1
27 50 -1
27 51 -1
27 53 1
27 54 1
27 57 1
27 58 -1
27 59 1
27 67 -1
27 70 1
27 72 1
27 73 -1
27 75 1
27 77 -1
27 78 -1
27 83 1
27 86 1
27 88 -1
28 1 -1
28 3 1
28 4 -1
28 6 -1
28 10 1
28 14 1
28 15 -1
28 16 -1
28 17 1
28 18 -1
28 20 1
28 25 1
28 30 -1
28 34 1
28 39 1
28 40 -1
28 44 -1
28 47 1
28 48 -1
28 49 1
28 51 -1
28 53 -1
28 59 -1
28 60 1
28 62 1
28 63 -1
28 66 -1
28 67 1
28 68 1
28 69 -1
28 71 -1
28 72 1
28 73 1
28 76 -1
28 83 -1
28 84 -1
28 85 1
28 90 -1
29 5 -1
29 8 -1
29 11 -1
29 12 -1
29 14 1
29 15 1
29 16 1
29 17 -1
29 20 -1
29 21 -1
29 24 1
29 26 1
29 27 -1
29 28 -1
29 30 1
29 31 -1
29 32 1
29 38 -1
29 41 1
29 42 -1
29 44 -1
29 54 -1
29 57 -1
29 58 1
29 59 -1
29 68 1
29 69 -1
29 75 -1
29 76 -1
29 77 1
29 78 1
29 80 -1
29 83 -1
29 84 1
29 86 -1
29 87 1
29 89 -1
30 2 -1
30 8 1
30 11 -1
30 16 1
30 18 1
30 19 1
30 23 -1
30 34 1
30 40 -1
30 45 -1
30 47 1
30 52 -1
30 56 1
30 61 1
30 63 1
30 66 1
30 68 -1
30 69 -1
30 72 1
30 75 1
30 77 -1
30 79 -1
30 83 -1
30 85 1
30 87 -1
30 89 -1
31 5 1
31 9 1
31 10 1
31 12 1
31 19 1
31 20 1
31 21 1
31 24 1
31 30 1
31 32 -1
31 35 -1
31 38 1
31 43 1
31 46 1
31 49 1
31 51 1
31 52 1
31 53 1
31 54 -1
31 61 -1
31 62 -1
31 66 -1
31 67 -1
31 68 1
31 71 -1
31 72 -1
31 73 -1
31 77 1
31 79 1
31 81 -1
32 4 -1
32 7 -1
32 8 1
32 9 -1
32 11 1
32 15 -1
32 21 1
32 22 1
32 27 -1
32 33 -1
32 35 -1
32 36 1
32 37 1
32 38 1
32 39 1
32 40 1
32 42 1
32 43 -1
32 44 1
32 45 1
32 50 -1
32 53 -1
32 55 -1
32 56 1
32 57 1
32 59 -1
32 60 -1
32 62 1
32 68 -1
32 69 1
32 72 -1
32 77 1
32 78 -1
32 79 1
32 81 1
32 85 1
32 88 1
32 90 1
33 6 -1
33 7 -1
33 11 -1
33 14 -1
33 15 -1
33 19 1
33 20 1
33 22 -1
33 24 1
33 28 1
33 29 -1
33 36 1
33 39 -1
33 44 1
33 46 -1
33 51 1
33 53 -1
33 57 1
33 58 1
33 61 1
33 63 1
33 65 -1
33 66 1
33 76 1
33 78 -1
33 80 1
33 82 -1
33 88 -1
33 89 -1
34 3 -1
34 4 1
34 8 -1
34 9 1
34 10 1
34 15 -1
34 17 1
34 19 -1
34 21 -1
34 22 1
34 23 1
34 25 -1
34 29 1
34 31 -1
34 32 -1
34 38 -1
34 48 1
34 50 1
34 53 -1
34 58 1
34 60 1
34 64 -1
34 65 -1
34 67 -1
34 69 1
34 71 1
34 74 -1
34 76 1
34 78 -1
34 80 -1
34 87 1
34 88 -1
35 6 -1
35 11 -1
35 15 1
35 18 1
35 20 -1
35 23 1
35 28 -1
35 30 -1
35 33 -1
35 34 1
35 36 1
35 38 1
35 40 1
35 41 1
35 42 1
35 43 1
35 45 -1
35 58 1
35 61 -1
35 64 1
35 66 -1
35 67 1
35 69 -1
35 73 1
35 74 1
35 75 1
35 80 -1
35 81 1
35 83 -1
35 87 1
35 89 -1
36 1 -1
36 4 -1
36 8 -1
36 9 -1
36 10 -1
36 16 -1
36 18 -1
36 25 -1
36 28 -1
36 29 1
36 30 1
36 31 -1
36 34 -1
36 37 1
36 38 -1
36 39 -1
36 40 -1
36 41 1
36 45 -1
36 48 1
36 52 1
36 55 -1
36 57 -1
36 60 -1
36 63 -1
36 64 -1
36 65 1
36 66 1
36 68 -1
36 69 -1
36 70 -1
36 71 1
36 73 -1
36 74 -1
36 75 1
36 76 -1
36 81 -1
36 83 1
36 85 -1
36 86 1
36 88 1
36 89 -1
36 90 1
37 4 1
37 8 1
37 15 -1
37 16 1
37 22 -1
37 24 -1
37 25 1
37 28 -1
37 31 1
37 33 -1
37 39 -1
37 41 1
37 46 -1
37 48 -1
37 50 -1
37 56 -1
37 57 -1
37 58 -1
37 59 -1
37 62 1
37 69 -1
37 72 -1
37 74 -1
37 75 1
37 78 -1
37 82 -1
37 86 1
37 87 -1
37 89 1
37 90 1
38 1 -1
38 4 1
38 13 -1
38 14 -1
38 15 -1
38 18 1
38 21 -1
38 23 -1
38 24 -1
38 30 1
38 33 -1
38 37 1
38 39 -1
38 44 1
38 46 -1
38 49 1
38 55 -1
38 56 -1
38 58 1
38 62 1
38 66 -1
38 70 1
38 72 -1
38 74 1
38 75 -1
38 76 1
38 77 1
38 81 1
38 86 -1
39 5 1
39 6 1
39 7 -1
39 8 -1
39 10 -1
39 13 -1
39 14 1
39 15 -1
39 16 -1
39 17 -1
39 18 -1
39 20 -1
39 22 1
39 23 1
39 25 -1
39 29 -1
39 30 1
39 31 1
39 34 -1
39 40 -1
39 43 1
39 46 -1
39 47 1
39 48 -1
39 50 -1
39 53 1
39 57 -1
39 61 1
39 62 -1
39 64 -1
39 65 1
39 69 1
39 70 1
39 75 1
39 76 1
39 78 -1
39 82 1
39 84 -1
39 85 -1
39 86 -1
39 87 -1
39 88 1
39 89 -1
40 2 1
40 5 -1
40 8 -1
40 13 1
40 14 1
40 17 -1
40 18 -1
40 19 -1
40 23 -1
40 25 1
40 26 -1
40 27 1
40 31 -1
40 33 -1
40 37 -1
40 38 1
40 41 1
40 42 1
40 45 1
40 46 1
40 47 -1
40 51 -1
40 52 -1
40 53 -1
40 55 -1
40 58 -1
40 59 -1
40 61 -1
40 62 -1
40 64 -1
40 66 1
40 68 1
40 73 1
40 76 1
40 77 1
40 78 1
40 80 -1
40 81 -1
40 82 -1
40 83 -1
40 84 -1
40 86 -1
40 88 -1
41 1 -1
41 5 -1
41 6 -1
41 7 -1
41 14 -1
41 15 1
41 16 1
41 19 1
41 20 1
41 22 1
41 23 -1
41 24 1
41 25 -1
41 28 1
41 32 1
41 38 -1
41 39 -1
41 42 -1
41 49 1
41 50 1
41 51 -1
41 54 1
41 56 1
41 57 -1
41 61 1
41 65 -1
41 69 -1
41 72 1
41 76 1
41 78 -1
41 81 -1
41 83 1
41 84 1
41 85 1
41 87 -1
42 1 1
42 2 -1
42 4 1
42 6 -1
42 8 -1
42 10 1
42 11 -1
42 12 -1
42 17 -1
42 21 1
42 22 1
42 23 -1
42 26 1
42 28 -1
42 30 1
42 31 -1
42 33 -1
42 34 -1
42 36 -1
42 37 -1
42 43 1
42 50 1
42 52 1
42 53 -1
42 54 1
42 59 1
42 64 -1
42 66 1
42 69 -1
42 79 1
42 82 1
42 83 -1
42 86 1
42 89 -1
43 2 1
43 5 -1
43 6 1
43 10 -1
43 12 -1
43 13 1
43 16 1
43 20 -1
43 25 -1
43 28 -1
43 29 -1
43 30 1
43 33 1
43 34 -1
43 36 1
43 37 -1
43 38 -1
43 40 1
43 44 1
43 46 1
43 49 1
43 52 -1
43 53 1
43 54 1
43 55 -1
43 56 1
43 57 1
43 58 -1
43 59 -1
43 61 1
43 62 1
43 66 -1
43 71 -1
43 72 -1
43 73 1
43 74 1
43 75 1
43 76 1
43 79 1
43 84 -1
43 86 -1
43 87 1
43 90 1
44 1 -1
44 2 -1
44 4 -1
44 6 1
44 8 1
44 13 1
44 14 -1
44 16 -1
44 19 1
44 21 -1
44 26 1
44 35 -1
44 36 1
44 39 -1
44 40 1
44 41 -1
44 42 1
44 45 -1
44 46 1
44 47 -1
44 48 1
44 49 -1
44 50 -1
44 52 1
44 56 -1
44 58 -1
44 59 -1
44 62 1
44 64 -1
44 65 1
44 66 -1
44 69 1
44 70 -1
44 76 1
44 77 -1
44 78 1
44 81 -1
44 86 -1
45 3 1
45 5 1
45 7 1
45 11 -1
45 14 -1
45 16 1
45 17 1
45 19 -1
45 20 -1
45 22 -1
45 25 -1
45 28 -1
45 29 -1
45 33 -1
45 34 -1
45 37 1
45 38 -1
45 39 -1
45 41 -1
45 47 -1
45 49 1
45 50 -1
45 51 -1
45 56 -1
45 57 1
45 58 -1
45 63 1
45 68 -1
45 71 -1
45 72 -1
45 73 1
45 74 1
45 75 -1
45 77 1
45 80 -1
45 81 1
45 82 -1
45 83 1
45 85 1
45 86 -1
45 87 1
45 88 1
45 90 -1
46 3 1
46 4 1
46 7 1
46 14 1
46 18 -1
46 23 -1
46 27 -1
46 28 1
46 29 1
46 32 -1
46 34 -1
46 36 -1
46 41 -1
46 42 1
46 45 1
46 48 -1
46 50 1
46 54 1
46 56 1
46 57 1
46 59 -1
46 60 -1
46 61 1
46 63 -1
46 64 -1
46 65 -1
46 69 -1
46 72 -1
46 76 -1
46 81 1
46 84 1
46 86 1
46 89 -1
46 90 -1
47 1 1
47 3 -1
47 9 1
47 10 -1
47 11 -1
47 20 -1
47 21 -1
47 26 1
47 29 1
47 33 -1
47 34 -1
47 37 -1
47 38 -1
47 41 1
47 42 -1
47 48 -1
47 49 1
47 50 1
47 54 -1
47 55 1
47 62 1
47 63 1
47 67 1
47 70 1
47 76 1
47 80 1
47 81 1
47 82 -1
47 83 1
47 89 -1
47 90 1
48 1 -1
48 4 1
48 9 1
48 10 1
48 15 -1
48 17 1
48 23 1
48 27 -1
48 30 1
48 31 1
48 33 1
48 35 -1
48 38 -1
48 40 -1
48 41 -1
48 45 -1
48 50 1
48 51 1
48 54 1
48 58 1
48 60 1
48 62 1
48 66 -1
48 68 -1
48 75 -1
48 78 -1
48 81 1
48 83 1
48 84 -1
48 89 -1
48 90 -1
49 1 -1
49 4 1
49 9 1
49 10 1
49 11 1
49 20 -1
49 23 1
49 24 -1
49 25 -1
49 29 -1
49 30 -1
49 33 -1
49 35 -1
49 36 1
49 40 1
49 42 1
49 46 -1
49 48 1
49 50 -1
49 51 -1
49 54 1
49 55 1
49 57 -1
49 59 -1
49 62 1
49 66 1
49 67 -1
49 68 1
49 69 -1
49 70 1
49 73 -1
49 77 -1
49 78 1
49 79 1
49 81 1
49 86 -1
49 87 1
49 89 -1
49 90 -1
50 3 1
50 4 -1
50 7 -1
50 12 -1
50 14 1
50 16 1
50 17 1
50 28 -1
50 30 1
50 31 -1
50 33 -1
50 35 -1
50 36 1
50 38 1
50 40 1
50 43 1
50 52 -1
50 55 -1
50 57 1
50 60 1
50 61 -1
50 62 1
50 63 -1
50 65 -1
50 66 -1
50 68 -1
50 69 -1
50 70 -1
50 72 -1
50 73 -1
50 75 1
50 77 1
50 82 -1
50 84 1
50 86 1
50 87 1
50 90 -1
51 4 -1
51 6 -1
51 7 1
51 11 1
51 12 1
51 16 1
51 20 -1
51 21 1
51 25 -1
51 30 -1
51 34 -1
51 35 -1
51 36 1
51 37 -1
51 38 -1
51 42 1
51 43 1
51 46 -1
51 47 -1
51 50 -1
51 54 1
51 60 1
51 61 -1
51 64 1
51 66 -1
51 69 1
51 75 1
51 76 -1
51 77 -1
51 78 -1
51 81 1
51 82 1
51 85 -1
51 89 1
52 1 -1
52 2 1
52 3 -1
52 4 -1
52 6 -1
52 12 1
52 13 -1
52 17 -1
52 19 1
52 20 -1
52 33 1
52 34 -1
52 37 -1
52 38 1
52 39 1
52 41 -1
52 45 1
52 46 -1
52 48 -1
52 53 -1
52 54 -1
52 55 -1
52 57 1
52 59 -1
52 60 -1
52 63 1
52 71 1
52 75 1
52 77 1
52 78 -1
52 81 -1
52 84 -1
53 5 1
53 8 -1
53 12 1
53 16 -1
53 22 -1
53 25 -1
53 26 1
53 29 -1
53 30 1
53 37 -1
53 41 -1
53 45 1
53 47 -1
53 48 -1
53 49 1
53 51 1
53 55 -1
53 56 1
53 57 1
53 61 1
53 63 1
53 66 -1
53 67 1
53 70 1
53 72 -1
53 73 -1
53 81 1
53 82 -1
53 85 -1
53 86 -1
53 88 -1
53 90 1
54 3 -1
54 7 1
54 9 -1
54 10 1
54 11 -1
54 13 1
54 14 1
54 17 -1
54 18 -1
54 19 -1
54 22 -1
54 28 1
54 30 1
54 32 -1
54 33 -1
54 35 -1
54 36 1
54 37 -1
54 38 1
54 39 -1
54 40 1
54 45 -1
54 50 -1
54 53 -1
54 57 -1
54 60 1
54 62 1
54 63 1
54 71 -1
54 72 -1
54 75 1
54 76 -1
54 77 1
54 81 -1
54 82 1
54 86 -1
54 87 -1
55 1 -1
55 7 -1
55 8 1
55 10 1
55 11 1
55 17 -1
55 20 1
55 21 -1
55 22 -1
55 27 -1
55 28 -1
55 29 -1
55 30 1
55 31 -1
55 34 -1
55 35 -1
55 37 -1
55 39 -1
55 41 -1
55 44 -1
55 45 -1
55 46 1
55 51 1
55 54 -1
55 57 1
55 59 1
55 61 -1
55 64 1
55 65 1
55 66 1
55 67 1
55 69 -1
55 75 -1
55 85 -1
55 89 1
56 5 1
56 8 1
56 11 -1
56 13 -1
56 15 1
56 17 1
56 25 -1
56 26 1
56 27 1
56 28 1
56 29 -1
56 31 -1
56 33 1
56 34 -1
56 39 -1
56 40 1
56 47 -1
56 48 -1
56 51 -1
56 52 1
56 57 -1
56 58 -1
56 59 -1
56 63 -1
56 64 1
56 65 1
56 66 -1
56 67 -1
56 70 1
56 72 -1
56 78 1
56 87 -1
56 88 1
57 1 1
57 6 -1
57 7 1
57 8 1
57 9 -1
57 10 -1
57 13 -1
57 14 1
57 18 -1
57 19 1
57 20 -1
57 24 -1
57 26 -1
57 28 1
57 34 -1
57 35 1
57 40 -1
57 42 -1
57 47 1
57 51 -1
57 58 -1
57 59 1
57 65 1
57 66 -1
57 70 -1
57 74 -1
57 80 -1
57 81 1
57 85 1
57 86 1
57 87 -1
58 7 1
58 9 1
58 11 -1
58 12 -1
58 13 1
58 18 1
58 25 1
58 30 -1
58 32 1
58 36 1
58 39 -1
58 41 1
58 46 1
58 47 1
58 49 1
58 51 1
58 52 -1
58 54 1
58 55 -1
58 62 1
58 64 -1
58 65 -1
58 68 -1
58 69 1
58 73 -1
58 74 -1
58 75 -1
58 80 1
58 81 -1
58 85 -1
58 87 -1
59 1 1
59 4 1
59 6 -1
59 7 -1
59 8 1
59 11 -1
59 12 -1
59 13 -1
59 14 1
59 16 -1
59 19 -1
59 20 1
59 22 1
59 25 -1
59 30 1
59 31 -1
59 34 1
59 35 -1
59 36 -1
59 38 -1
59 39 -1
59 47 -1
59 48 -1
59 50 -1
59 51 1
59 53 -1
59 54 1
59 58 1
59 64 -1
59 65 -1
59 66 1
59 69 1
59 71 1
59 72 -1
59 74 -1
59 76 1
59 79 1
59 80 -1
59 82 -1
59 83 1
59 85 1
59 87 -1
60 5 -1
60 8 -1
60 9 1
60 10 -1
60 12 -1
60 13 -1
60 14 -1
60 15 -1
60 16 1
60 18 1
60 19 1
60 22 1
60 24 1
60 25 -1
60 26 -1
60 27 -1
60 29 -1
60 33 -1
60 35 1
60 37 1
60 39 1
60 40 1
60 41 1
60 44 -1
60 45 -1
60 47 1
60 49 1
60 53 -1
60 56 -1
60 57 -1
60 61 -1
60 64 -1
60 65 1
60 66 1
60 77 1
60 80 1
60 83 1
60 84 -1
60 87 -1
61 3 1
61 4 1
61 5 1
61 6 -1
61 8 -1
61 9 -1
61 11 -1
61 15 1
61 16 1
61 22 -1
61 23 -1
61 27 1
61 28 -1
61 29 -1
61 32 -1
61 36 -1
61 37 1
61 42 1
61 44 -1
61 47 -1
61 48 1
61 49 1
61 52 -1
61 56 1
61 57 -1
61 58 -1
61 59 -1
61 66 1
61 67 -1
61 69 -1
61 73 1
61 74 1
61 75 -1
61 78 1
61 80 1
61 84 -1
61 86 -1
61 88 1
62 1 -1
62 5 1
62 10 1
62 13 -1
62 16 -1
62 22 1
62 29 1
62 30 -1
62 33 1
62 34 1
62 35 -1
62 36 1
62 41 -1
62 42 1
62 45 -1
62 55 -1
62 56 -1
62 57 1
62 59 1
62 61 1
62 64 -1
62 67 1
62 68 1
62 69 -1
62 71 -1
62 72 -1
62 74 1
62 83 1
62 84 -1
62 85 -1
62 86 -1
62 88 1
62 90 1
63 1 1
63 4 -1
63 8 -1
63 9 -1
63 10 1
63 13 -1
63 15 -1
63 19 -1
63 20 -1
63 21 -1
63 22 1
63 27 -1
63 29 1
63 31 1
63 34 1
63 35 -1
63 37 1
63 38 -1
63 39 1
63 40 -1
63 41 -1
63 42 -1
63 44 1
63 48 -1
63 49 -1
63 55 -1
63 57 -1
63 58 1
63 60 1
63 61 1
63 62 -1
63 64 1
63 66 1
63 71 1
63 73 1
63 74 -1
63 76 -1
63 78 1
63 82 -1
63 87 -1
63 89 1
63 90 -1
64 1 1
64 3 1
64 6 1
64 7 -1
64 11 1
64 15 1
64 16 -1
64 17 1
64 23 1
64 25 1
64 26 -1
64 29 -1
64 31 -1
64 32 -1
64 37 1
64 41 -1
64 43 1
64 45 1
64 47 1
64 48 -1
64 49 -1
64 50 -1
64 52 1
64 61 1
64 65 1
64 68 1
64 69 -1
64 72 -1
64 74 1
64 75 -1
64 78 -1
64 79 -1
64 85 -1
64 87 1
64 88 1
65 3 1
65 5 -1
65 6 1
65 8 1
65 12 1
65 13 1
65 14 -1
65 15 -1
65 19 1
65 29 1
65 31 1
65 32 -1
65 37 -1
65 38 1
65 40 1
65 42 1
65 43 1
65 45 -1
65 53 -1
65 54 1
65 61 1
65 62 1
65 66 -1
65 67 1
65 69 1
65 70 1
65 71 1
65 73 1
65 74 1
65 77 -1
65 81 -1
65 83 -1
66 3 1
66 8 1
66 9 1
66 11 1
66 12 1
66 18 1
66 19 -1
66 20 1
66 24 -1
66 25 1
66 27 1
66 29 1
66 32 -1
66 37 -1
66 39 -1
66 41 1
66 46 1
66 47 -1
66 54 1
66 62 -1
66 77 -1
66 80 -1
66 83 1
67 4 1
67 9 -1
67 11 -1
67 12 1
67 16 1
67 17 1
67 19 1
67 22 -1
67 25 -1
67 33 1
67 37 -1
67 38 1
67 39 1
67 41 1
67 42 -1
67 44 -1
67 46 -1
67 50 -1
67 54 -1
67 58 -1
67 59 1
67 60 1
67 63 1
67 68 1
67 72 1
67 79 -1
67 80 -1
67 82 -1
67 87 -1
67 88 1
67 89 -1
68 8 1
68 11 1
68 13 1
68 14 -1
68 17 1
68 18 -1
68 21 -1
68 22 1
68 23 1
68 24 -1
68 25 1
68 27 -1
68 33 1
68 37 1
68 38 1
68 41 -1
68 42 -1
68 47 -1
68 51 -1
68 52 1
68 53 -1
68 55 -1
68 56 -1
68 57 1
68 59 -1
68 65 -1
68 66 -1
68 69 -1
68 70 1
68 72 1
68 76 1
68 79 1
68 80 1
68 81 -1
68 82 1
68 87 -1
68 88 1
68 90 -1
69 3 -1
69 4 1
69 5 1
69 7 -1
69 8 -1
69 11 1
69 14 1
69 18 1
69 20 -1
69 21 1
69 22 1
69 27 -1
69 31 1
69 40 -1
69 43 -1
69 45 1
69 47 1
69 53 1
69 54 -1
69 56 1
69 60 1
69 66 1
69 67 -1
69 72 1
69 75 1
69 76 1
69 78 1
69 81 1
69 82 1
69 83 -1
69 88 -1
69 90 -1
70 4 1
70 6 -1
70 8 -1
70 10 -1
70 12 -1
70 13 1
70 16 1
70 29 -1
70 30 1
70 35 -1
70 37 -1
70 42 1
70 43 1
70 45 1
70 46 -1
70 48 1
70 51 1
70 52 -1
70 54 -1
70 55 -1
70 59 1
70 60 -1
70 61 -1
70 62 -1
70 63 1
70 66 -1
70 67 -1
70 71 1
70 73 1
70 76 1
70 78 -1
70 79 1
70 81 1
70 85 -1
71 4 1
71 5 1
71 7 -1
71 18 1
71 22 1
71 26 1
71 27 -1
71 29 -1
71 32 1
71 33 -1
71 37 -1
71 41 1
71 42 -1
71 46 1
71 47 1
71 48 1
71 50 -1
71 51 -1
71 57 1
71 58 1
71 60 1
71 61 -1
71 64 1
71 66 1
71 68 -1
71 69 -1
71 76 1
71 77 -1
71 78 -1
71 80 1
71 86 1
71 87 1
71 89 1
71 90 -1
72 1 -1
72 3 1
72 8 -1
72 9 1
72 10 1
72 14 -1
72 15 1
72 16 -1
72 17 1
72 23 -1
72 29 -1
72 33 -1
72 34 1
72 35 -1
72 36 1
72 39 -1
72 44 -1
72 47 1
72 48 1
72 57 -1
72 58 1
72 60 -1
72 65 1
72 66 1
72 70 1
72 71 1
72 74 1
72 79 -1
72 82 1
73 1 -1
73 2 1
73 5 -1
73 6 -1
73 7 1
73 10 -1
73 11 -1
73 12 -1
73 14 1
73 19 -1
73 20 1
73 21 1
73 23 -1
73 24 1
73 26 1
73 29 -1
73 32 -1
73 34 1
73 37 -1
73 38 -1
73 44 1
73 47 -1
73 48 -1
73 52 -1
73 54 1
73 55 1
73 56 -1
73 57 -1
73 64 -1
73 66 1
73 68 1
73 69 -1
73 74 -1
73 76 1
73 78 -1
73 90 1
74 1 -1
74 3 1
74 6 -1
74 7 1
74 9 -1
74 11 1
74 17 -1
74 18 1
74 19 -1
74 24 1
74 25 -1
74 27 1
74 28 -1
74 29 1
74 30 -1
74 31 -1
74 32 -1
74 33 1
74 39 1
74 40 -1
74 41 -1
74 42 1
74 46 1
74 47 -1
74 48 1
74 50 -1
74 51 1
74 53 -1
74 55 -1
74 56 1
74 60 -1
74 66 1
74 67 1
74 68 -1
74 69 1
74 70 -1
74 71 -1
74 75 -1
74 77 1
74 79 1
74 87 1
74 88 -1
74 90 1
75 1 -1
75 3 -1
75 4 -1
75 8 -1
75 12 -1
75 20 1
75 23 -1
75 25 1
75 28 1
75 32 -1
75 33 1
75 40 1
75 42 1
75 44 1
75 47 -1
75 49 -1
75 53 -1
75 56 -1
75 57 1
75 59 -1
75 60 -1
75 65 -1
75 67 -1
75 68 1
75 70 1
75 71 1
75 72 -1
75 73 1
75 77 -1
75 79 1
75 80 1
75 82 1
75 85 1
75 87 -1
75 89 1
75 90 -1
76 1 -1
76 2 1
76 3 -1
76 9 1
76 10 -1
76 11 1
76 12 1
76 17 -1
76 20 -1
76 23 1
76 24 -1
76 32 -1
76 35 1
76 42 1
76 45 1
76 50 -1
76 52 -1
76 53 -1
76 55 1
76 58 1
76 60 1
76 61 -1
76 64 1
76 65 1
76 66 -1
76 72 1
76 74 1
76 75 1
76 77 -1
76 79 1
76 83 -1
76 84 -1
76 87 -1
76 90 1
77 1 -1
77 2 -1
77 6 1
77 9 -1
77 11 -1
77 14 -1
77 15 1
77 16 -1
77 17 -1
77 19 -1
77 21 -1
77 24 -1
77 33 1
77 34 1
77 35 -1
77 36 -1
77 37 -1
77 39 1
77 41 -1
77 42 1
77 43 -1
77 46 1
77 48 1
77 53 -1
77 55 1
77 56 -1
77 57 1
77 58 -1
77 61 1
77 62 -1
77 63 1
77 64 1
77 67 -1
77 68 1
77 72 -1
77 73 1
77 78 1
77 80 -1
77 81 1
77 86 -1
77 90 1
78 5 1
78 8 -1
78 16 -1
78 21 1
78 24 1
78 25 1
78 31 1
78 35 -1
78 36 -1
78 42 1
78 45 1
78 46 1
78 47 -1
78 53 1
78 54 -1
78 58 1
78 59 -1
78 62 -1
78 65 -1
78 66 -1
78 67 1
78 68 1
78 74 1
78 76 -1
78 80 -1
78 81 1
78 82 1
78 86 1
78 87 -1
78 88 1
78 89 1
79 2 1
79 7 1
79 9 1
79 12 -1
79 13 1
79 16 1
79 22 -1
79 23 -1
79 24 -1
79 25 1
79 33 1
79 34 1
79 37 1
79 39 -1
79 41 1
79 44 -1
79 45 1
79 46 1
79 47 1
79 48 -1
79 50 -1
79 51 1
79 53 -1
79 55 1
79 56 -1
79 57 -1
79 60 -1
79 62 1
79 63 -1
79 65 -1
79 66 1
79 78 1
79 80 1
79 83 -1
79 84 -1
79 87 -1
79 90 -1
80 3 1
80 5 1
80 6 -1
80 7 -1
80 9 1
80 13 1
80 15 1
80 17 1
80 18 1
80 20 -1
80 22 1
80 23 -1
80 25 1
80 26 1
80 30 1
80 32 -1
80 36 1
80 37 -1
80 39 -1
80 41 1
80 43 -1
80 46 1
80 48 1
80 50 1
80 51 -1
80 52 1
80 53 1
80 54 -1
80 55 -1
80 63 -1
80 64 1
80 65 -1
80 69 -1
80 72 -1
80 73 1
80 76 1
80 86 -1
80 88 -1
80 89 -1
81 11 -1
81 12 1
81 13 -1
81 16 -1
81 17 -1
81 19 1
81 21 1
81 22 1
81 23 -1
81 24 1
81 25 1
81 28 -1
81 29 -1
81 30 -1
81 33 1
81 34 1
81 37 -1
81 42 1
81 50 1
81 55 -1
81 56 1
81 60 -1
81 61 -1
81 64 -1
81 67 1
81 72 1
81 74 -1
81 75 1
81 79 1
81 80 1
81 82 1
81 84 1
81 86 -1
81 90 -1
82 1 1
82 4 1
82 5 1
82 6 1
82 10 -1
82 12 -1
82 13 -1
82 14 1
82 16 -1
82 18 -1
82 20 1
82 23 -1
82 24 1
82 25 -1
82 27 1
82 28 -1
82 29 1
82 30 -1
82 32 -1
82 34 1
82 35 1
82 36 -1
82 38 1
82 41 -1
82 43 1
82 46 -1
82 48 -1
82 49 1
82 52 1
82 55 -1
82 56 -1
82 60 -1
82 61 1
82 62 1
82 64 -1
82 65 -1
82 70 1
82 71 1
82 74 -1
82 76 -1
82 77 -1
82 79 1
82 80 1
82 84 1
82 87 1
83 2 1
83 4 -1
83 8 1
83 10 1
83 11 1
83 12 -1
83 13 1
83 14 1
83 20 1
83 21 -1
83 23 1
83 24 1
83 31 1
83 32 1
83 33 -1
83 38 1
83 43 -1
83 44 -1
83 46 -1
83 49 1
83 50 -1
83 51 -1
83 52 1
83 53 -1
83 56 -1
83 57 1
83 58 1
83 61 -1
83 63 -1
83 64 1
83 70 -1
83 71 -1
83 73 1
83 74 1
83 78 1
83 80 1
83 81 -1
83 82 1
83 84 1
83 86 -1
83 89 -1
84 1 1
84 2 -1
84 4 1
84 5 -1
84 7 1
84 8 1
84 12 1
84 16 1
84 17 -1
84 24 1
84 26 -1
84 31 1
84 32 1
84 33 1
84 35 1
84 36 -1
84 44 1
84 45 1
84 53 1
84 56 -1
84 64 -1
84 66 -1
84 67 -1
84 68 1
84 69 1
84 71 1
84 72 1
84 73 1
84 74 1
84 75 -1
84 77 -1
84 78 1
84 80 -1
84 86 -1
84 87 1
84 88 1
84 89 -1
85 1 1
85 2 1
85 3 1
85 5 1
85 6 -1
85 7 -1
85 9 -1
85 11 -1
85 13 1
85 16 -1
85 21 -1
85 22 -1
85 24 -1
85 29 1
85 34 1
85 35 1
85 37 1
85 38 -1
85 40 -1
85 42 -1
85 43 -1
85 46 -1
85 48 1
85 49 1
85 52 1
85 56 1
85 60 -1
85 61 1
85 66 1
85 67 1
85 68 1
85 69 1
85 71 1
85 74 -1
85 77 -1
85 78 1
85 79 1
85 81 1
85 82 -1
85 84 -1
85 90 1
86 2 -1
86 3 1
86 9 1
86 10 1
86 13 -1
86 15 -1
86 16 1
86 19 -1
86 20 1
86 21 1
86 24 -1
86 31 1
86 32 -1
86 34 -1
86 35 -1
86 41 1
86 47 -1
86 48 1
86 51 1
86 56 1
86 58 -1
86 59 -1
86 60 -1
86 63 1
86 64 -1
86 65 -1
86 66 1
86 67 -1
86 68 1
86 69 1
86 70 1
86 73 -1
86 74 -1
86 75 -1
86 76 1
86 79 1
86 82 1
87 3 -1
87 6 -1
87 9 -1
87 11 -1
87 13 -1
87 14 -1
87 15 1
87 16 -1
87 18 1
87 19 1
87 20 1
87 24 -1
87 26 -1
87 31 1
87 36 -1
87 40 1
87 42 1
87 47 1
87 48 -1
87 51 1
87 52 -1
87 53 1
87 61 -1
87 62 1
87 66 1
87 69 1
87 70 -1
87 72 -1
87 73 1
87 77 1
87 80 1
87 81 -1
87 83 1
87 85 -1
87 86 -1
87 90 1
88 3 -1
88 4 -1
88 5 1
88 11 1
88 18 1
88 19 1
88 20 1
88 23 -1
88 26 -1
88 28 1
88 29 -1
88 30 1
88 31 -1
88 35 1
88 37 1
88 38 -1
88 41 -1
88 43 -1
88 44 1
88 46 1
88 47 -1
88 49 -1
88 50 -1
88 51 -1
88 55 -1
88 57 1
88 58 -1
88 60 1
88 65 -1
88 66 1
88 70 1
88 73 -1
88 75 -1
88 76 1
88 77 -1
88 79 -1
88 81 1
88 82 1
88 83 1
88 86 1
88 87 -1
89 1 1
89 2 -1
89 3 -1
89 4 1
89 5 1
89 8 -1
89 10 -1
89 12 1
89 14 1
89 15 -1
89 17 1
89 20 1
89 21 1
89 22 1
89 24 -1
89 26 -1
89 27 -1
89 31 1
89 32 -1
89 38 1
89 43 -1
89 45 1
89 50 -1
89 52 -1
89 54 -1
89 56 1
89 57 -1
89 58 -1
89 62 -1
89 64 -1
89 66 -1
89 68 1
89 70 -1
89 72 -1
89 76 1
89 77 1
89 79 1
89 82 1
89 85 -1
89 86 1
89 87 -1
89 88 1
90 2 1
90 4 -1
90 7 -1
90 8 1
90 9 -1
90 12 1
90 16 -1
90 17 1
90 18 1
90 21 1
90 22 1
90 24 -1
90 26 1
90 27 -1
90 29 1
90 30 -1
90 31 1
90 33 -1
90 34 1
90 35 1
90 38 -1
90 40 -1
90 41 -1
90 44 -1
90 51 1
90 52 -1
90 55 1
90 56 -1
90 58 -1
90 61 -1
90 65 1
90 67 1
90 70 1
90 78 1
90 82 -1
90 83 -1
90 88 1
