vertices: 50 edges: 612
1 3 -1
1 4 1
1 9 1
1 16 1
1 19 1
1 20 -1
1 29 1
1 31 -1
1 32 1
1 33 1
1 35 1
1 40 1
1 42 -1
2 3 -1
2 6 1
2 7 1
2 12 1
2 13 1
2 14 -1
2 16 1
2 24 -1
2 30 1
2 31 1
2 32 1
2 33 1
2 34 1
2 40 1
2 46 1
3 9 1
3 13 1
3 14 1
3 17 1
3 19 -1
3 21 1
3 22 1
3 23 1
3 27 -1
3 35 1
3 36 1
3 38 -1
3 39 1
3 40 1
3 41 -1
3 47 -1
3 48 1
3 49 1
4 2 1
4 8 1
4 10 1
4 12 1
4 15 1
4 16 1
4 27 1
4 33 1
4 34 1
4 38 1
4 39 1
4 40 -1
4 43 1
5 3 1
5 6 -1
5 7 1
5 8 1
5 11 1
5 13 1
5 15 1
5 17 1
5 20 1
5 21 -1
5 22 1
5 23 -1
5 29 -1
5 35 1
5 36 1
5 46 1
5 47 1
5 50 1
6 11 1
6 13 -1
6 20 1
6 24 1
6 26 -1
6 31 1
6 35 1
6 38 1
6 43 1
6 44 1
6 45 1
7 1 1
7 4 1
7 9 -1
7 14 -1
7 23 1
7 26 1
7 32 -1
7 35 1
7 38 1
7 39 -1
7 49 1
8 1 1
8 2 -1
8 11 1
8 16 1
8 22 1
8 24 -1
8 29 1
8 31 1
8 40 1
8 44 1
8 50 1
9 15 1
9 17 1
9 18 1
9 22 1
9 23 -1
9 25 1
9 31 1
9 35 1
9 39 1
9 42 1
9 43 -1
9 44 1
9 50 -1
10 2 1
10 5 1
10 6 1
10 8 -1
10 11 1
10 14 -1
10 15 1
10 20 1
10 26 1
10 27 1
10 36 1
10 43 1
10 48 1
10 49 1
11 3 1
11 9 1
11 15 1
11 17 1
11 18 1
11 19 1
11 24 1
11 29 1
11 32 1
11 42 1
11 45 1
12 3 1
12 6 -1
12 7 1
12 10 1
12 13 1
12 27 1
12 30 1
12 34 -1
12 40 1
12 47 1
13 8 1
13 9 1
13 11 1
13 14 1
13 16 1
13 17 1
13 22 1
13 32 1
13 35 -1
13 38 -1
13 45 1
13 47 1
13 48 1
13 50 1
14 1 1
14 4 1
14 5 1
14 22 -1
14 25 -1
14 36 1
14 41 1
14 43 1
14 49 1
15 6 1
15 12 -1
15 13 1
15 18 1
15 23 -1
15 37 1
15 38 1
15 45 1
15 48 -1
16 5 -1
16 9 -1
16 12 -1
16 24 1
16 25 1
16 26 -1
16 30 -1
16 37 1
16 40 1
16 42 1
17 2 1
17 12 1
17 14 1
17 15 1
17 22 1
17 25 1
17 31 -1
17 34 1
17 37 1
17 39 -1
17 43 1
17 45 1
18 1 1
18 3 1
18 7 -1
18 10 1
18 13 1
18 16 -1
18 20 1
18 26 1
18 29 1
18 45 1
18 47 -1
19 2 -1
19 4 1
19 7 -1
19 9 1
19 12 1
19 25 1
19 27 1
19 28 1
19 36 1
19 37 1
19 41 1
19 42 1
19 46 1
20 3 -1
20 14 1
20 25 1
20 29 1
20 30 1
20 39 1
20 50 1
21 2 1
21 6 -1
21 9 1
21 10 1
21 12 1
21 13 1
21 14 1
21 23 1
21 24 1
21 28 1
21 29 1
21 43 1
21 46 1
21 48 -1
21 49 1
22 7 1
22 16 1
22 18 1
22 24 1
22 25 1
22 27 1
22 40 -1
22 49 1
22 50 1
23 10 -1
23 22 1
23 29 1
23 35 1
23 41 1
23 43 1
23 45 -1
23 47 -1
24 1 1
24 7 -1
24 9 1
24 14 1
24 17 -1
24 19 1
24 23 1
24 25 1
24 33 -1
24 48 1
25 1 1
25 2 1
25 5 -1
25 8 1
25 45 1
26 12 -1
26 19 1
26 20 1
26 25 1
26 30 1
26 32 1
26 39 -1
26 42 -1
26 43 1
26 44 1
26 46 1
27 5 -1
27 6 1
27 13 -1
27 14 1
27 17 1
27 18 -1
27 28 -1
27 31 1
27 32 1
27 36 1
27 40 1
27 46 1
28 3 1
28 7 1
28 8 -1
28 9 1
28 11 1
28 12 1
28 13 1
28 18 1
28 22 -1
28 23 1
28 25 1
28 33 1
28 34 1
28 36 -1
28 39 1
28 44 -1
29 12 1
29 13 1
29 15 1
29 17 1
29 24 -1
29 26 1
29 27 -1
29 30 1
29 31 -1
29 39 1
29 44 -1
29 46 -1
29 48 1
29 49 1
30 3 1
30 5 1
30 8 1
30 9 1
30 17 -1
30 18 1
30 25 1
30 28 1
30 34 -1
30 35 1
30 43 1
30 45 -1
30 50 1
31 14 -1
31 18 1
31 19 -1
31 24 -1
31 28 1
31 39 -1
31 40 1
31 45 1
31 49 1
32 6 1
32 10 1
32 15 1
32 18 1
32 29 1
32 34 1
32 39 1
32 43 1
32 48 1
33 3 1
33 5 1
33 7 1
33 8 1
33 9 1
33 13 1
33 14 1
33 17 1
33 20 1
33 25 1
33 26 1
33 31 1
33 34 -1
33 38 1
33 41 1
33 43 -1
33 46 1
34 5 1
34 6 1
34 7 1
34 8 1
34 18 1
34 21 -1
34 22 1
34 23 -1
34 29 1
34 37 1
34 41 1
34 43 1
34 45 1
34 46 -1
35 4 1
35 8 1
35 11 1
35 14 1
35 15 1
35 16 1
35 19 -1
35 21 1
35 22 1
35 25 1
35 29 1
35 33 1
35 36 1
35 39 1
35 40 1
35 44 1
35 45 1
35 48 1
36 1 1
36 16 1
36 32 1
36 34 1
36 41 1
36 45 -1
36 50 1
37 1 1
37 2 1
37 3 1
37 6 1
37 8 1
37 12 1
37 21 1
37 22 1
37 23 1
37 25 1
37 26 1
37 27 1
37 28 1
37 31 1
37 32 1
37 36 1
37 39 1
37 43 1
38 1 1
38 2 1
38 10 1
38 12 1
38 22 1
38 30 -1
38 31 -1
38 39 1
38 41 -1
38 42 -1
39 6 -1
39 8 1
39 11 -1
39 14 1
39 22 1
39 23 1
39 27 1
39 30 1
39 33 1
39 42 1
39 44 1
39 50 1
40 17 1
40 19 1
40 20 1
40 26 1
40 29 1
40 30 1
40 33 1
40 34 1
40 37 1
40 41 -1
40 42 1
40 46 1
40 47 1
41 4 -1
41 6 -1
41 7 -1
41 10 1
41 11 1
41 16 1
41 17 1
41 18 1
41 24 1
41 27 1
41 29 1
41 37 1
41 47 1
41 48 -1
42 3 -1
42 4 1
42 5 1
42 7 -1
42 12 1
42 14 1
42 18 1
42 21 1
42 23 1
42 28 1
42 33 1
42 34 1
42 43 1
42 47 1
43 2 1
43 3 1
43 5 -1
43 15 1
43 22 1
43 25 1
43 28 1
43 35 1
43 36 1
43 40 1
43 44 -1
43 45 1
44 3 1
44 7 1
44 10 -1
44 11 1
44 15 1
44 24 1
44 27 1
44 31 -1
44 32 1
44 37 -1
44 42 1
44 46 1
44 48 1
44 49 -1
45 1 -1
45 22 1
45 26 1
45 29 1
45 37 1
45 44 1
45 47 -1
45 50 1
46 7 1
46 8 1
46 11 -1
46 12 1
46 17 1
46 18 -1
46 20 1
46 35 -1
46 38 1
46 41 1
46 42 1
46 48 1
46 49 1
47 2 1
47 4 1
47 7 1
47 8 -1
47 9 1
47 14 1
47 17 1
47 20 1
47 24 1
47 25 1
47 28 1
47 29 -1
47 46 1
48 2 1
48 5 1
48 8 1
48 11 1
48 14 1
48 16 1
48 17 1
48 34 1
48 36 -1
48 39 1
48 42 1
48 45 1
48 47 -1
49 1 1
49 6 1
49 11 1
49 12 1
49 18 1
49 20 1
49 23 1
49 27 1
49 32 1
49 36 1
49 48 1
50 1 1
50 3 -1
50 4 1
50 6 1
50 10 1
50 11 -1
50 12 1
50 16 1
50 17 1
50 18 1
50 21 -1
50 26 1
50 32 1
50 33 1
50 38 1
50 48 -1
50 49 1
