2501 8471
1 1631 -1
1 7 1
4 2491 1
7 2260 1
2468 1631 1
8 1631 1
8 2491 1
1631 2468 1
1631 2260 1
2491 8 1
7 8 1
2468 2260 1
8 2260 1
8 7 1
2491 1631 1
1631 2491 1
2260 1631 1
2468 7 1
1631 8 1
2468 8 1
14 12 1
14 13 1
14 1782 1
12 13 1
1782 13 1
1787 2485 -1
2219 38 1
22 38 1
291 38 1
2123 1711 1
1449 2123 1
2123 2244 1
1449 2324 1
2324 30 1
1787 2324 -1
2219 2123 1
38 1711 1
1711 2123 1
1947 38 1
2219 2501 1
2353 973 1
22 2501 1
38 30 1
26 28 1
38 2485 1
2324 2501 -1
38 878 1
1449 1711 1
2501 2353 1
2353 36 1
1787 38 -1
2371 38 -1
1711 2324 1
30 2324 1
1947 2324 1
2244 2353 1
2123 2353 1
2501 22 1
2324 973 -1
2219 26 1
38 2353 1
878 26 1
2501 878 1
878 38 1
2324 38 -1
36 2353 1
2485 1787 -1
1787 2501 -1
1947 2353 1
2358 2485 -1
1947 1449 1
2371 2324 -1
38 22 1
2244 2485 1
2324 2123 -1
1711 38 1
2219 2324 1
29 2501 1
2353 38 1
38 29 1
28 26 1
878 2501 1
29 2324 1
28 38 1
2501 38 1
2501 36 1
2485 38 1
1711 1787 1
26 878 1
1702 38 -1
2353 2123 1
2123 973 1
2324 1449 -1
2353 2501 1
2501 29 1
2244 38 1
38 973 1
2123 38 1
29 38 1
2219 30 1
2353 2324 1
38 33 1
2219 878 1
2353 1947 1
2219 1787 -1
38 36 1
1711 1449 1
2244 2123 1
2485 2324 1
2501 1947 1
26 973 1
2324 1787 -1
1711 2485 1
38 2123 1
2244 2501 1
2123 2501 1
38 2501 1
2219 2353 1
2123 1449 1
2324 2353 -1
2358 26 -1
973 26 1
2371 2485 1
38 1947 1
2358 38 -1
973 38 1
38 26 1
38 1449 1
2324 2244 -1
2501 2324 1
973 2123 1
36 38 1
1449 1947 1
973 2324 1
2324 2485 1
26 38 1
2324 29 1
2358 2501 -1
2353 2244 1
2244 2324 1
38 291 1
2123 2324 1
2485 1711 1
2324 1947 1
1449 38 1
38 2324 1
33 38 1
36 2501 1
41 2494 1
2494 1956 1
1956 2494 -1
2494 2052 1
2443 2448 1
2494 41 1
41 1898 1
2448 1956 1
1956 1898 1
2494 1898 1
1898 2448 1
2448 41 1
2448 2494 -1
41 48 1
1898 41 1
1898 1956 1
2443 2494 1
1956 2448 1
41 2443 -1
41 2448 1
2494 2443 1
1898 2494 1
2494 2448 1
1956 41 1
2052 41 1
48 41 1
41 1956 1
41 2052 1
2052 2494 1
2448 2443 1
578 55 1
2086 55 1
55 1067 1
55 52 1
58 55 1
2086 2126 -1
55 53 1
1459 55 1
52 1459 1
61 55 1
55 2294 1
2294 58 1
53 55 1
55 1459 1
55 578 1
2294 61 1
63 55 1
1067 55 1
58 2294 1
1459 2126 -1
2294 55 1
55 58 1
55 2086 1
52 55 1
55 2078 1
55 2337 1
55 61 1
2337 55 1
1516 55 1
55 1516 1
2078 55 1
61 2294 1
1459 52 1
55 2126 -1
2294 1067 1
1067 2294 1
55 63 1
84 81 1
78 81 1
81 2146 1
81 1059 1
81 79 1
81 2294 1
1753 81 1
1805 1555 1
717 578 1
717 2465 1
1059 81 1
67 81 1
717 2201 1
2201 578 1
717 1555 1
81 84 1
2465 717 1
81 70 1
578 81 1
2185 81 1
1555 81 1
1805 1999 1
2294 2201 1
81 578 1
1805 81 1
81 2465 1
1501 81 1
1805 2294 1
2201 1753 1
2201 1555 1
2201 717 1
65 81 1
1555 717 1
81 1753 1
81 2201 1
81 78 1
81 717 1
81 65 1
2294 1501 1
717 81 1
1753 2201 1
1501 2294 1
1555 1805 1
2465 81 1
79 81 1
2201 81 1
2294 81 1
71 81 1
1999 1805 1
81 67 1
578 717 1
81 1999 1
2294 1805 1
578 2201 1
2146 81 1
1805 2201 1
2201 1805 1
2201 2294 1
81 2185 1
81 1501 1
87 86 1
1688 86 1
86 1688 1
86 87 1
89 2491 1
1620 91 1
91 1620 1
92 1872 1
1872 92 1
95 2403 1
2488 97 1
97 2488 1
102 101 1
767 2491 1
102 261 1
2491 102 1
102 767 1
767 102 1
2491 767 1
101 102 1
102 2491 1
261 102 1
103 2328 1
2328 103 1
105 2404 -1
111 114 1
2195 114 1
2491 114 1
2294 2491 1
2221 110 1
2195 2294 1
2491 2294 1
2491 2234 1
2221 114 1
114 2221 1
112 2491 1
110 2221 1
110 114 1
2195 112 1
114 2234 1
2491 112 1
2234 114 1
2195 2491 1
115 114 1
2491 2195 1
114 2294 1
2294 110 1
2221 112 1
110 2294 1
114 2491 1
2294 114 1
114 112 1
2234 2294 1
112 110 1
110 112 1
114 115 1
112 2221 1
112 114 1
2294 2234 1
114 110 1
131 1461 1
2452 198 1
182 245 1
2231 2448 1
1059 1700 1
1700 128 1
2491 2460 1
2429 973 1
1449 2403 -1
2201 2412 1
2429 192 1
2258 2201 1
2400 2404 1
1137 2118 -1
191 2201 -1
2467 2129 1
2498 973 1
2219 2393 1
1676 517 1
2195 2201 1
230 1787 1
2122 973 1
2244 2201 1
2201 2318 1
1567 2452 1
2404 131 -1
2318 1058 1
162 1923 1
173 229 1
2448 1995 1
200 182 -1
169 2294 1
2448 2491 1
2460 2494 1
2322 2429 -1
131 2467 1
2498 2056 1
182 2052 1
1643 182 1
170 2411 1
192 1449 1
1817 2452 1
1643 2412 1
241 182 1
2429 1058 1
241 2339 1
182 224 1
270 2258 1
201 2366 -1
1461 2404 1
182 248 1
196 135 1
2498 1831 1
2467 2322 1
1787 178 1
2498 2440 1
224 2462 1
2467 2448 1
1059 182 1
2462 2429 1
2056 2491 1
2201 2322 1
209 182 1
2494 2201 1
1787 230 1
2462 2411 1
1643 2258 1
154 2412 1
2452 1790 1
1058 174 1
1148 2201 1
2219 1461 1
182 939 1
2393 2201 1
2452 230 1
1059 1676 1
250 182 1
182 131 1
2429 2498 1
2448 2429 1
131 2412 1
2318 866 1
1700 182 1
2411 131 1
2258 1058 1
2448 2404 -1
1817 2429 1
2440 2325 1
1817 1900 1
1077 2429 -1
1817 2404 -1
170 2452 1
170 2052 1
866 2494 1
2359 2404 -1
517 2318 1
1831 182 1
2052 2404 1
182 1874 1
2318 2244 1
182 2412 1
1790 2429 1
2467 1449 1
2201 2358 1
2366 2052 1
2201 517 1
2491 2452 1
2404 2288 1
122 253 1
2452 1148 1
1868 2257 1
2491 224 1
2448 170 -1
2440 1777 1
2337 223 1
182 2318 1
2498 2462 1
2056 2448 1
2462 224 1
973 2429 1
2339 1805 1
2231 2207 1
2412 2322 1
182 134 1
2412 2448 1
2294 2231 1
2400 162 1
2467 131 1
1620 2318 1
2201 136 1
1995 2412 1
182 268 1
2448 2201 -1
2460 170 1
1620 128 1
134 182 1
2339 2201 1
128 2244 1
182 192 1
2491 2458 1
200 201 1
1932 1995 1
2337 2393 1
1635 2403 -1
2404 2325 1
182 1923 1
2025 1817 1
1995 2318 1
2462 2403 -1
2462 131 1
201 200 1
2498 2288 1
2411 182 1
2219 2498 1
1643 1790 1
2201 1700 1
170 2412 1
2404 2195 1
210 118 1
270 973 1
2339 241 1
182 2056 1
2462 1077 1
2393 169 1
2244 221 1
2201 1643 1
1635 2485 1
2318 2294 1
2025 2207 1
1137 2294 1
182 162 1
2494 2498 1
182 2393 1
1817 1787 -1
2201 2467 1
170 2318 1
1059 266 1
202 2412 -1
2359 131 1
136 2294 1
1058 2337 1
182 170 1
135 2318 1
1787 1461 -1
270 162 1
2460 192 1
2460 2337 1
2366 134 1
2294 1995 1
2056 131 1
2491 2294 1
2244 2288 1
2467 182 1
2440 2366 1
2452 1787 -1
2467 1923 1
2462 134 1
154 2462 1
1864 182 1
2404 2411 1
2201 2339 1
2201 182 1
2288 2448 1
1868 128 1
2359 2201 1
1932 2448 1
2494 2244 1
1995 2440 1
170 2322 1
1831 1790 1
182 178 1
2404 1635 1
819 2294 1
1444 2325 1
198 182 1
1777 2366 1
2491 2404 1
170 2393 1
1817 2318 1
182 1461 1
2294 1620 1
2318 2411 1
1995 1868 1
1995 2358 1
182 1787 1
1077 2462 1
1777 2440 -1
224 2452 1
243 154 -1
2359 1787 1
2448 192 1
2452 517 1
2337 2467 1
2429 2411 1
1790 2318 1
137 182 1
1461 2244 1
162 2452 1
201 182 -1
1790 128 1
1461 2231 1
2429 819 1
248 182 1
2448 2056 1
2294 2322 1
2440 2448 1
1787 2485 -1
182 1643 1
2294 2448 1
2467 1817 1
1476 182 -1
2462 170 1
2491 1059 1
173 2201 1
154 182 1
2412 2403 1
182 1673 1
2452 128 1
170 178 1
174 2195 -1
182 2467 1
2491 1635 1
2318 1444 1
2491 2358 1
2412 2339 1
2412 182 1
122 182 1
2201 1137 1
2485 2122 1
182 1677 1
2448 2440 1
517 182 1
1777 2448 1
2467 2207 1
2318 1995 1
2337 2339 1
2337 182 1
1444 2411 1
1137 1995 1
2448 2244 -1
2448 2025 -1
2195 2411 1
257 182 1
1995 1643 1
2219 270 1
2288 2462 1
2448 1868 1
170 2462 1
2118 182 1
1787 196 1
2498 1995 1
1643 1817 1
2498 2118 1
583 182 1
2498 2452 1
2462 1461 1
1805 2294 1
137 2452 -1
2325 1549 1
170 1700 1
200 2498 1
2400 1101 1
2498 2366 1
2318 1620 1
2440 2404 1
943 182 1
1461 2325 1
2491 2337 1
1676 182 1
2458 2294 1
170 2467 1
2404 2448 1
2219 2411 1
131 2244 1
182 2460 1
2429 1620 1
2485 1444 1
2366 1643 1
1058 170 1
1900 182 1
2201 2491 1
196 1787 1
2325 2201 1
169 2491 1
1995 2339 1
182 135 1
2318 2448 1
178 2322 1
2448 118 1
182 1777 1
1058 2201 1
128 1620 1
182 270 1
1461 1676 1
2412 2207 1
2498 200 1
1677 182 1
2025 1148 1
169 2129 1
2288 182 1
1932 182 1
2429 2448 1
1700 1059 1
200 202 1
118 2467 1
939 2448 1
259 182 1
1868 154 1
1817 1643 1
2467 2429 1
135 182 1
2404 2400 1
1817 2467 1
2201 1148 1
242 182 1
2462 2485 1
2244 1620 1
2201 2494 1
2056 226 1
182 1831 1
1449 2129 1
2244 131 1
1700 2318 1
2201 2288 1
2411 1058 1
154 2491 1
973 2462 1
517 1790 1
2318 2404 1
2339 2258 1
2025 2318 1
2258 2448 1
2485 2448 1
131 1995 1
819 2412 1
1995 1137 1
2337 2491 1
2393 2366 1
1059 1101 1
1864 2403 1
2404 170 1
2440 182 1
2294 2339 1
2294 182 1
1677 2452 -1
2325 2440 1
1643 2429 1
2366 135 1
2219 131 1
2366 973 1
1673 182 1
973 2467 1
2339 2411 1
2498 1923 1
2244 2412 1
2366 270 1
1077 2452 1
2498 2404 1
246 2358 1
2448 2460 1
2207 182 1
2404 2201 1
2339 2358 1
1777 182 1
2494 131 1
182 2491 1
2358 2462 -1
2052 2411 1
2318 170 1
182 866 1
2201 2257 1
2288 943 1
136 2393 1
128 2404 1
1137 1805 1
1700 2359 1
2244 2294 1
2448 973 1
1059 2358 1
2452 2201 1
2318 2201 1
2404 1461 1
270 2452 1
182 2129 1
2393 152 1
1137 2201 1
131 2411 1
2494 2448 1
2498 170 1
2322 2258 1
1776 1676 -1
2452 1677 -1
270 2366 1
2195 2404 1
2440 2485 1
1700 2411 1
2118 260 1
2358 1677 -1
2207 973 1
136 2201 1
1461 131 1
131 819 1
1790 135 1
2318 1461 1
1817 2056 1
2358 1864 -1
2294 1137 1
226 2491 1
182 1900 1
1787 192 1
2325 2462 1
2491 2201 1
2448 1831 1
1874 182 1
170 866 1
122 2498 1
2491 206 1
134 1101 1
2458 2485 1
2404 162 1
246 1620 1
973 270 1
206 2491 1
2325 2467 1
2366 866 1
1787 517 -1
2129 2448 1
819 2201 1
2056 1058 1
1817 169 1
224 182 1
128 1461 1
939 2339 1
2294 232 1
2219 2258 1
2025 2403 -1
1923 2467 1
2294 2244 1
2452 162 1
1923 162 1
2244 1868 1
2491 973 1
2358 583 1
162 182 1
198 221 1
339 2318 1
2201 128 1
2258 1461 1
2288 2494 1
2288 2404 -1
2358 137 1
517 1787 -1
2404 2498 1
131 1620 1
2339 2412 1
2467 2337 1
2201 1995 1
178 1101 1
2400 170 1
2244 1461 1
2201 2337 1
1148 170 1
2366 2494 1
2122 162 1
2258 2339 1
339 2337 1
1995 2294 1
1643 2318 1
2452 2498 1
2366 2288 1
1923 2498 1
2462 2494 1
137 2318 1
160 2448 1
2467 2359 1
2337 1059 1
2359 2244 1
182 2231 1
1635 2448 1
2231 2258 1
182 160 1
1677 1635 -1
2404 118 1
2491 169 1
182 2122 1
1449 182 1
973 2491 1
2244 1643 1
2494 2207 1
1817 1148 1
1700 2201 1
1700 2412 1
1790 2462 1
973 2366 1
174 182 -1
2244 2467 1
2025 182 1
182 1059 1
1148 1461 1
2411 2052 1
1817 2288 1
2052 182 1
182 1635 1
243 2366 -1
1444 2485 1
973 2129 1
2467 517 1
2318 2025 1
198 2325 1
174 1635 1
1643 2359 1
120 182 1
182 583 1
2452 229 1
2207 2288 1
2452 1817 1
2429 1777 1
2325 2411 1
2231 2393 1
2448 2294 1
154 243 1
178 2452 1
2491 221 1
973 2494 1
1058 2411 1
1817 2294 1
1567 192 1
182 1444 1
131 2056 1
1676 2318 1
973 2288 1
131 1676 1
866 2325 1
192 182 1
182 1995 1
939 2452 1
1643 2358 1
1700 2056 1
2467 2052 1
270 1461 1
182 2246 -1
1995 1932 1
266 1059 1
152 182 1
270 1787 1
2467 1643 1
1995 128 1
2294 819 1
182 243 1
2393 2485 1
2452 1567 1
2366 1635 1
2325 2452 1
2440 1787 -1
339 1643 1
182 196 1
2052 2207 1
2448 2122 1
2231 136 1
229 173 1
2358 2491 1
270 2467 1
1461 1101 1
2246 1101 -1
2201 154 1
1077 182 1
170 1995 1
182 198 1
2201 1805 1
1101 2452 1
1817 2411 1
2448 1635 1
2452 1101 1
2460 2366 1
1476 2452 -1
2366 1444 1
182 1827 1
2294 517 1
1643 2467 1
226 2056 1
2494 270 1
2411 2448 1
182 246 1
2448 1932 1
517 2052 1
1676 2358 1
339 182 1
2201 206 1
234 1461 1
2403 1635 -1
182 943 1
2412 1700 1
973 2122 1
2462 182 1
2452 2411 1
2412 1643 1
2448 1444 1
2294 128 1
2317 1101 1
2358 2404 -1
2201 134 1
210 2207 1
1677 2404 -1
2412 2467 1
135 196 1
2118 2052 1
2491 2258 1
973 1635 1
1817 1995 1
2412 939 1
2448 2366 1
1137 819 1
2246 2025 -1
866 2452 1
1817 2366 1
182 1449 1
264 173 1
2460 2448 1
2366 200 1
866 2366 1
157 1549 1
2052 2429 1
131 1101 1
2358 170 -1
1476 2412 -1
2337 1805 1
1790 2452 1
1827 182 1
1058 2294 1
2129 1790 1
2462 198 1
135 2412 1
2404 1677 -1
2219 866 1
973 1444 1
162 2025 1
2452 2052 1
1790 339 1
182 1549 1
2358 1635 -1
2322 1101 1
2337 2201 1
2201 1058 1
1702 182 1
2358 2201 -1
2452 224 1
1787 2440 -1
1046 1831 1
2318 517 1
2494 866 1
118 2448 1
1787 1620 1
2411 2462 1
2337 2460 1
1620 170 1
268 2491 1
182 2257 -1
2429 517 1
192 2429 1
517 128 1
1635 2317 1
170 2400 1
2411 1700 1
1817 2448 1
192 2494 1
1461 1148 1
137 2056 1
2201 1868 1
2359 2448 1
2412 135 1
2231 1817 1
1817 2412 1
2412 973 1
1101 2322 1
182 206 1
2325 170 1
2411 1643 1
1077 2491 1
170 1790 1
1864 2404 1
866 2412 1
160 2494 -1
1620 2201 1
2318 131 1
131 1777 1
2411 2467 1
182 241 1
224 2294 1
128 517 1
182 137 1
2462 1449 1
2452 2288 1
575 182 1
630 2339 1
630 182 1
1817 134 1
1995 2201 1
2318 1700 1
2462 1790 1
1635 2491 1
2258 2467 -1
1058 2358 1
1620 1787 1
2467 2462 1
270 866 1
2358 162 -1
1461 2318 1
2366 154 1
2412 2440 1
2429 1700 1
239 182 1
2491 1077 1
2288 2201 1
2411 2339 1
1461 128 1
2404 1817 -1
170 2201 1
2452 2318 1
2325 1444 1
1643 2491 1
200 2366 -1
1643 2452 1
2452 134 1
2452 2294 1
2404 182 1
2025 1059 1
1787 1817 -1
819 131 1
135 2201 1
2467 2494 1
2403 1449 -1
2366 2201 1
2452 1868 -1
182 244 1
182 1058 1
202 182 -1
1059 2491 1
2244 2231 1
1476 2322 1
2244 2403 -1
2404 1676 1
174 1058 1
1868 2201 1
2258 152 1
1831 1046 1
1101 131 1
2318 182 1
1635 2404 -1
2400 2195 1
270 2494 1
2288 973 1
866 170 1
1461 2359 1
973 2404 1
134 1817 1
2052 2318 1
2429 182 1
939 182 1
1700 2491 1
2440 2201 1
1995 1058 1
1817 2201 1
1643 2494 1
1790 170 1
2411 1817 1
2412 2462 1
2219 2052 1
1148 2025 1
1643 2288 1
630 2317 1
1635 170 -1
2201 2325 1
2452 170 1
260 2118 1
131 2318 1
170 162 1
128 182 1
2448 1461 1
2322 2412 1
1620 246 1
2317 2322 1
1461 2358 1
1790 2201 1
170 1058 1
1817 1461 1
1461 517 1
229 2412 1
2359 1461 1
2294 157 1
2452 2358 1
1995 2498 1
2258 182 1
2485 182 1
2411 2317 1
182 221 1
2195 182 1
2056 137 1
2400 1635 1
2201 135 1
1449 2429 1
2052 2359 1
2207 210 1
2412 2288 1
182 2244 1
1790 1461 1
270 517 1
2462 1058 1
2359 2339 1
2452 1932 1
1101 182 1
182 226 1
819 1676 1
2358 246 1
131 2448 1
1676 2462 1
2288 2498 1
2452 1461 1
170 2498 1
134 2452 1
2404 2429 -1
182 1077 1
2056 2339 1
131 2359 1
1900 2462 1
2448 1058 1
2429 943 1
2366 2498 1
2411 2452 1
2325 2400 1
2201 2411 1
2219 2412 1
2052 517 1
1776 2448 -1
943 2288 1
2452 1700 1
339 1059 1
2494 182 1
1444 2448 1
221 182 1
2201 819 1
2452 1643 1
2491 1461 1
1932 2462 1
2339 131 1
1148 182 1
2288 2244 1
2393 182 1
2358 1643 1
583 2339 1
2452 2467 1
131 517 1
2429 1449 1
182 2477 1
268 182 1
223 2448 1
939 1449 1
2440 2498 1
1635 1677 -1
2429 1790 1
1700 2404 1
1077 2337 1
2393 1676 1
1476 1817 -1
2411 2429 1
2460 2452 1
1805 182 1
2467 2452 1
2491 226 1
1932 2288 1
1461 182 1
2246 182 -1
2201 2452 1
1549 2325 1
2403 182 1
1787 2452 -1
2339 583 1
2318 2485 1
2201 2366 1
1449 939 1
2366 2412 -1
2458 182 1
939 973 1
517 2429 1
2448 1777 1
198 2452 1
196 2339 1
2429 2485 1
1700 170 1
1817 1777 1
1673 2462 1
973 2498 1
1817 2025 1
2448 2231 1
182 2258 1
2294 2458 1
2491 1101 1
2201 1620 1
1643 1995 1
198 2462 1
2122 2485 1
2448 2412 -1
2201 131 1
170 2325 1
2339 182 1
2467 1900 1
128 2485 1
1643 2366 1
1831 1059 1
2317 182 1
2411 2257 1
2359 2452 1
170 2460 1
2025 2201 1
1059 2337 1
232 182 1
2322 2467 1
182 819 1
2467 2412 1
2219 1790 1
2366 2460 1
2462 2325 1
2201 2448 1
154 2366 1
2412 1995 1
182 209 1
1995 2122 1
517 2452 1
1777 2207 1
253 182 1
2412 2366 1
2025 134 1
2244 2485 1
1995 2411 1
131 182 1
2358 2056 1
238 182 1
2257 1868 1
2448 2325 1
2337 339 1
182 234 1
2201 2294 1
2358 1058 1
2322 182 1
234 182 1
230 182 1
2412 196 1
1932 2411 1
2393 136 1
229 182 1
262 182 1
192 1567 1
2494 2462 1
2467 2404 1
152 2201 1
201 2412 -1
2195 2403 1
1444 182 1
1676 2452 1
1148 1805 1
2052 2056 1
2025 162 1
2201 2404 1
210 182 1
1461 1790 1
191 182 -1
245 182 1
2462 2052 1
2294 1101 1
1868 2429 1
2404 2359 -1
1461 2491 1
2448 2258 1
223 182 1
1868 2404 -1
1868 2411 1
182 1620 1
2339 122 1
2411 1932 1
122 2448 1
2411 2318 1
2452 2491 1
2201 2393 1
1620 2244 1
196 2452 1
2467 170 1
2448 2411 1
1790 2129 1
1620 131 1
2025 1868 1
2201 170 1
1932 2452 1
2129 973 1
2219 182 1
137 2404 1
2288 2366 1
2448 819 1
182 2322 1
517 2294 1
2294 2358 1
182 2448 1
2400 2403 1
2467 2201 1
202 201 1
1817 819 1
1995 131 1
2325 1077 1
2485 2458 1
2258 1817 1
264 182 1
1676 2448 1
2458 2429 1
2411 2359 1
1900 2288 1
2448 2462 -1
170 1620 1
202 2366 -1
1449 2462 1
247 182 1
2491 2129 1
2201 1461 1
1995 2448 1
2448 1776 1
131 1790 1
2288 1900 1
2129 2025 -1
1620 2294 1
2052 2462 1
2294 2452 1
2294 2052 1
1148 1058 1
1643 2201 1
2318 1101 1
1449 2467 1
2317 2195 -1
137 2201 1
2294 224 1
1817 517 1
2411 1868 1
2359 517 1
170 2448 1
169 182 1
2412 170 1
2288 2412 1
1868 131 1
135 152 1
2322 2491 1
2366 152 1
2207 2052 1
2052 2494 1
2404 517 1
1676 2404 1
2366 2448 1
2056 2494 -1
182 238 1
2491 2448 1
206 2412 1
1148 1817 1
162 270 1
2412 2201 1
1787 2467 -1
1101 2318 1
517 2358 1
1817 2403 -1
2462 2448 1
2359 128 1
2322 1476 1
2412 206 1
128 1101 1
2318 2358 1
1676 2393 1
131 2494 1
128 2359 1
182 2462 1
2498 2429 1
2325 1676 1
2460 182 1
517 1461 1
2467 1868 1
1790 131 1
2404 2452 1
2359 1700 1
2404 2052 1
128 2429 1
170 2404 1
2440 2412 1
1137 2025 1
866 1635 1
2467 2498 1
1787 182 -1
2491 2195 1
1058 2258 1
2404 1700 1
1995 170 1
1676 2201 1
1461 1059 1
1549 2201 1
206 2404 1
2129 2467 1
1101 2359 1
131 2339 1
160 2288 -1
2207 2412 1
2498 1777 1
2318 2052 1
210 2404 -1
2485 2411 1
2452 1059 1
136 2231 1
1059 1831 1
630 2494 -1
2452 1635 1
1567 182 1
224 2491 1
256 182 1
2429 2052 1
517 2467 1
1676 1461 1
196 2358 1
973 2448 1
2448 182 1
182 2339 1
2467 118 1
1643 2498 1
162 2491 1
1817 182 1
1995 2207 1
2359 182 1
1700 1058 1
1101 517 1
2219 2429 1
174 2411 -1
182 252 1
128 2452 1
2448 1676 1
2491 1700 1
2056 182 1
2452 1444 1
1817 1676 1
2294 2393 1
2358 2485 -1
2056 2498 1
2411 2460 1
1444 2052 1
2452 1995 1
1817 2258 1
2400 2325 1
1787 2412 1
866 2258 1
2358 1995 1
170 1787 1
2440 170 1
1137 182 1
182 1101 1
1643 2244 1
152 135 1
2339 128 1
1932 192 1
2452 1676 1
136 182 1
2358 2440 -1
2460 1449 1
2452 2359 1
1831 2498 1
2294 2201 1
939 2412 1
2452 196 1
2339 2337 1
2122 1995 1
2257 1676 -1
2358 196 1
2122 182 1
2491 182 1
2288 2467 1
2412 2244 1
2052 2491 1
2052 2452 1
2429 2318 1
1476 2467 -1
2056 1817 1
339 2325 1
517 2404 1
2412 229 1
2494 2052 1
2294 136 1
120 2491 1
1900 2412 1
2339 2359 1
182 1046 1
182 122 1
2462 1567 1
2358 1790 -1
1476 154 -1
196 182 1
2358 2448 1
2318 2056 1
1868 2467 1
2339 2429 1
2440 1700 1
1444 2318 1
1449 2288 1
2317 2411 1
1932 2498 1
2231 2294 1
2025 2404 -1
2460 2429 1
162 2404 1
973 2207 1
2462 1101 1
182 230 1
2440 2467 1
182 2452 1
178 170 1
2244 2318 1
2025 2448 1
2129 2491 1
152 2366 1
1635 2429 1
1790 1643 1
182 239 1
2207 2467 1
2358 206 -1
2491 943 1
131 2404 -1
2246 1673 -1
2412 2460 1
2448 2485 1
223 2337 1
1700 2325 1
2258 2322 1
162 170 1
2452 137 -1
2318 1790 1
2429 1868 1
2195 2322 1
2257 2411 1
182 2458 1
1058 2056 1
2195 2056 1
2219 128 1
1058 1676 1
182 1148 1
2244 2448 1
2485 2393 1
162 1635 1
2452 939 1
2366 1777 1
1643 2411 1
2452 131 1
178 1787 1
182 250 1
128 1868 1
192 2448 1
174 2404 -1
182 2288 1
2393 2294 1
1777 2498 1
1676 2325 1
2318 2462 1
1461 2201 1
1776 182 -1
1995 2458 1
2201 2195 1
2494 192 1
943 2491 1
182 242 1
2339 939 1
221 198 1
1101 2317 1
2404 137 1
2412 2411 1
2429 2462 1
2129 2412 1
2448 270 1
2318 1643 1
2462 2452 1
1635 2366 1
2404 2025 -1
263 182 1
128 136 1
2195 178 1
174 170 -1
2201 2244 1
2404 2403 1
2412 819 1
2429 1643 1
2339 630 1
170 1148 1
2318 137 1
2052 170 1
2429 2467 1
2404 2339 1
2317 630 1
2498 1643 1
1101 178 1
2118 2494 1
2411 2325 1
2494 2440 1
270 2318 1
182 253 1
2498 2467 1
128 1700 1
943 2429 1
1643 339 1
2231 2337 1
2491 120 1
2467 2288 1
1777 1817 1
2201 152 1
1787 2498 1
2052 2201 1
2485 2462 1
1923 182 1
2318 2339 1
2339 2318 1
2195 2462 1
2462 1900 1
1900 2494 1
2258 1643 1
1101 2462 1
2025 1461 1
2462 2288 1
2460 2318 1
2429 2339 1
1790 1831 1
152 2393 1
270 2322 1
2485 2467 1
131 2201 1
2118 2498 1
270 2448 1
2460 2294 1
1461 2440 1
2339 192 1
2129 2393 1
2498 182 1
2452 1058 1
2448 866 1
128 2339 1
2294 2491 1
1643 2448 1
2219 1700 1
2462 2318 1
2339 2056 1
182 2358 1
2318 270 1
2412 131 1
182 517 1
2462 2294 1
2403 2494 -1
2219 1643 1
2337 2231 1
2411 2358 1
1567 2318 1
819 182 1
2412 1900 1
2317 162 1
2403 2288 -1
2448 2129 1
2462 2257 1
2318 1817 1
2337 1077 1
174 1677 -1
182 1702 1
182 1932 1
2448 2318 1
1137 1817 1
2494 1643 1
2452 178 1
1058 2429 1
192 1787 1
2244 182 1
2201 1676 1
2359 2318 1
2494 2467 1
2467 2258 1
2195 1567 1
270 2404 1
2201 2258 1
162 2400 1
2429 1137 1
192 2339 1
2294 2429 1
182 2118 1
2460 2411 1
1620 2231 1
2056 2318 1
2440 2494 1
1461 2462 1
2246 2462 -1
201 202 1
2467 2411 1
1676 131 1
182 1700 1
261 182 1
1831 2448 1
2412 134 1
2258 270 1
1831 2412 1
2467 2358 1
2404 2491 1
2452 2244 1
1777 2429 1
1700 2440 1
1046 1700 1
2244 135 1
2448 2359 1
2400 182 1
244 182 1
2359 1101 1
2498 122 1
819 1817 1
2294 169 1
131 1868 1
819 1137 1
2462 2358 1
209 2056 1
2318 2452 1
169 2393 1
1476 2025 -1
2288 2403 -1
178 2491 1
2494 2460 1
1790 1101 1
2219 135 1
169 154 1
2412 1676 1
2219 223 1
2429 2491 1
2462 1932 1
939 2491 1
2359 2411 1
1805 2339 1
1635 1461 1
2448 2358 1
2448 2467 -1
2491 128 1
1101 1059 1
137 2358 1
1868 2025 1
2494 973 1
2322 178 1
2359 2358 1
2462 1787 1
157 2294 1
1046 182 1
1790 2325 1
575 2294 1
2201 1449 1
2411 2412 1
2052 2467 1
131 2462 1
2318 2429 1
2201 1790 1
2056 2358 1
2452 2325 1
270 182 1
1137 2429 1
1700 2462 1
2325 866 1
2429 2458 1
866 270 1
1790 517 1
2462 1700 1
2452 2460 1
2231 1461 1
1817 2231 1
2448 160 1
2258 2491 1
1995 182 1
2294 131 1
2258 866 1
246 182 1
2358 2460 1
2393 1137 1
2195 2491 1
1059 1461 1
2195 2452 1
2207 2025 1
2429 2404 -1
2477 2494 1
1461 270 1
2244 2452 1
2207 2231 1
134 2404 1
2359 2052 1
2498 2494 1
2325 2318 1
1101 2491 1
226 182 1
1787 170 -1
2467 2485 1
1777 131 1
2491 2429 1
2452 270 1
2448 1643 1
170 182 1
583 2358 1
2201 2485 1
2460 2412 1
2412 1787 1
1995 2258 1
266 182 1
1805 1137 1
1476 2366 -1
2411 2404 1
1776 1817 -1
1058 2318 1
2056 2052 1
206 182 1
2366 182 1
2448 939 1
2056 1700 1
819 2429 1
1868 1995 1
1787 224 1
1444 2494 1
2485 2429 1
2294 2318 1
1449 192 1
2429 2294 1
2462 2412 1
2325 2448 1
221 2491 1
2244 1148 1
2056 209 1
2201 137 1
1148 2452 1
2244 2494 1
2411 170 1
2366 2258 1
2244 2404 -1
2440 1995 1
134 2201 1
1058 2448 1
2201 2403 1
182 2201 1
128 2294 1
2207 1444 1
517 131 1
2491 2052 1
2411 2201 1
182 1567 1
2207 1995 1
192 2460 1
264 2462 1
2393 2129 1
973 939 1
1449 2025 -1
2129 206 1
1461 2452 1
135 2322 1
2195 2294 1
339 1790 1
182 210 1
2458 1995 1
866 2318 1
2458 2491 1
2494 1900 1
182 157 1
2452 866 1
2322 270 1
1868 2448 1
2404 2318 1
2294 575 1
2366 2393 1
2494 2288 1
2411 1787 1
2448 223 1
2491 939 1
2201 173 1
2404 134 1
973 182 1
1700 2429 1
2404 128 1
973 2412 1
1549 157 1
2491 154 1
2429 1635 1
243 182 -1
2288 1449 1
2462 154 1
1077 2325 1
253 122 1
2339 2452 1
173 182 1
2485 1787 -1
182 120 1
1676 2485 1
2258 2231 1
2201 1817 1
2494 2477 1
266 1567 1
128 1059 1
1700 1046 1
169 1817 1
1676 2257 -1
229 2411 1
2452 1077 1
2325 1700 1
2498 1932 1
2358 182 -1
2429 128 1
1790 2448 1
2195 170 1
1461 2448 1
157 182 1
136 128 1
2448 122 1
174 2440 1
178 182 1
2339 196 1
2491 2318 1
2458 2448 1
1058 1700 1
2452 2448 1
2025 2244 1
2485 1635 1
182 169 1
182 2403 1
1787 2359 1
2429 2337 1
131 2452 1
2219 1787 -1
2195 1635 1
2448 1900 -1
2448 2494 -1
2491 157 1
196 2412 1
1700 2452 1
2412 1831 1
2477 182 1
2129 169 1
2448 2288 -1
2219 2122 1
2448 1790 1
1101 2201 1
973 2393 1
2317 2404 -1
1223 182 1
170 2195 -1
1620 182 1
2485 2318 1
128 1995 1
2452 2462 -1
230 2452 1
200 2412 -1
1643 866 1
2322 2366 1
2485 128 1
182 247 1
1476 206 -1
2393 2231 1
2491 2322 1
2122 2448 1
2325 182 1
2498 2359 1
2219 1635 1
2491 2056 1
1444 2452 1
170 2440 1
232 2288 1
2258 1995 1
1567 2462 1
1101 1461 1
2244 128 1
1101 134 1
2403 2404 1
1444 2366 1
2393 170 1
2491 162 1
134 2025 1
1058 182 1
191 2366 -1
2452 2404 1
2294 1805 1
1817 2462 1
2339 2294 1
2201 1101 1
2412 866 1
2448 2458 1
1449 2460 1
182 1817 1
2052 2294 1
2358 1676 1
262 1148 1
2359 1643 1
232 2294 1
2359 2195 -1
1461 170 1
866 1643 1
2412 1476 1
2219 1995 1
2412 2129 1
170 1635 -1
2201 2429 1
2359 2467 1
2339 2404 1
122 2339 1
2244 2359 1
2325 198 1
2494 1444 1
2448 137 1
2400 1444 1
2294 2460 1
1805 2201 1
1461 1635 1
2491 178 1
1868 182 1
2404 2467 1
224 1787 1
260 182 1
131 2294 1
2494 2118 1
2462 2498 1
1995 1817 1
2494 2366 1
2025 1676 1
118 182 1
2393 2337 1
1635 2195 1
191 2448 -1
2219 196 1
2322 2294 1
2467 2244 1
157 2491 1
1787 270 -1
866 182 1
2288 1817 1
2359 2498 1
517 1101 1
1805 2337 1
2467 2122 1
2317 1635 1
182 2337 1
1643 517 1
1790 182 1
252 182 1
2288 2207 1
2491 1643 1
2201 2052 1
2411 1995 1
2219 2448 1
2294 1058 1
2462 1817 1
2452 2339 1
2452 182 1
1444 2400 1
2325 1790 1
2337 2429 1
1900 2467 1
2257 182 -1
2195 2400 1
182 2359 1
2359 270 1
2318 1567 1
2448 1817 1
2404 973 1
2231 1620 1
2429 2201 1
131 2358 1
1676 1101 1
152 2258 1
2322 170 1
2318 2460 1
2404 270 1
2429 206 1
2052 1444 1
266 2294 1
206 2129 1
182 2429 1
162 2448 1
270 2359 1
1817 1137 1
182 2411 1
2052 2118 1
2460 2491 1
2429 2460 1
517 270 1
1620 2429 1
2318 135 1
2322 2201 1
128 2201 1
2129 1449 -1
2052 2366 1
271 2491 1
274 280 1
280 2376 1
280 1879 1
280 2443 -1
2281 280 1
280 797 1
2281 2443 1
2376 280 1
797 1869 1
277 2494 -1
2281 791 1
791 1869 1
1869 797 1
1869 280 1
2494 2376 1
277 2281 -1
2443 2494 1
280 791 1
280 277 1
791 2281 1
280 2494 1
280 1869 1
2494 1879 1
797 280 1
280 2281 1
797 2443 -1
277 2376 1
791 2376 1
2376 791 1
2494 280 1
2494 2443 1
2281 2376 1
2376 277 1
2376 2494 1
2376 2281 1
1869 791 1
277 2443 -1
277 280 1
274 1879 1
1879 274 1
2281 274 1
280 274 1
791 280 1
2353 285 1
285 2353 1
288 2497 1
288 1877 1
288 286 -1
1877 288 1
297 295 1
295 1498 1
2004 295 1
295 1080 1
295 1760 1
1760 295 1
298 295 1
290 295 1
295 298 1
295 2004 1
295 297 1
1080 295 1
295 290 1
1498 295 1
295 291 1
291 295 1
2429 301 1
2429 2491 1
2294 2491 1
2491 2294 1
2201 2491 1
2201 301 1
2294 301 1
2429 2201 1
2294 2201 1
2153 1805 1
301 2294 1
301 1805 1
2294 2429 1
301 2153 1
1805 2294 1
2491 301 1
2153 2294 1
306 301 1
301 2491 1
2153 301 1
1805 2153 1
2201 306 1
2201 2429 1
306 2201 1
2491 2201 1
2429 2294 1
1805 301 1
2294 1805 1
2153 2201 1
2294 2153 1
1805 2201 1
301 2201 1
2491 2429 1
2201 1805 1
301 2429 1
2201 2294 1
1457 307 1
307 1457 1
1137 311 1
2294 311 1
311 1137 1
2221 311 1
311 2294 1
311 2221 1
2294 1137 1
1137 2294 1
1318 314 1
314 1318 1
2174 314 -1
2460 317 1
317 2460 1
318 1571 1
1571 318 1
321 2385 1
2385 321 1
1790 323 1
1995 327 1
327 323 1
323 1995 1
2385 323 1
323 1930 1
323 328 1
323 327 1
1995 323 1
323 2385 1
327 1995 1
1077 323 1
1930 323 1
323 1077 1
328 323 1
323 1790 1
2494 330 1
330 2494 1
335 1688 1
338 332 1
335 332 1
1688 336 1
336 1688 1
332 335 1
1688 337 1
1688 332 1
336 332 1
332 2501 -1
332 338 1
337 1688 1
337 332 1
332 336 1
1688 335 1
332 337 1
332 1688 1
340 341 1
341 340 1
339 340 1
1944 354 1
1944 2461 1
349 344 1
2443 1076 1
355 352 1
1864 349 1
349 354 1
343 349 1
349 1944 1
1843 349 1
2461 1076 1
344 349 1
355 1944 1
354 349 1
2349 349 1
349 2461 1
349 343 1
1076 2349 -1
349 351 1
2461 1944 1
351 349 1
354 1944 1
1944 349 1
1076 1864 -1
349 1076 1
2443 2349 1
349 355 1
349 2443 -1
355 349 1
349 1864 1
349 352 1
356 357 1
357 356 1
360 358 1
360 2491 1
2491 2195 1
2195 2491 1
2195 360 1
358 360 1
2491 360 1
363 1498 1
1498 363 1
365 364 1
364 365 1
368 2376 1
2376 2500 1
2500 368 1
2376 368 1
2500 2376 1
368 2500 1
372 371 1
630 371 1
371 372 1
371 630 1
370 371 1
371 370 1
1805 375 1
377 375 1
1540 375 1
375 1805 1
378 375 1
375 1546 1
375 378 1
375 1540 1
2440 379 1
379 2440 1
381 2443 -1
384 2500 1
2500 384 1
385 386 1
386 2494 1
2494 386 1
386 385 1
388 389 1
389 388 1
2440 391 1
391 2440 1
393 2491 1
395 2491 1
397 2404 1
398 2448 1
2448 2491 1
2491 2448 1
2448 398 1
398 2491 1
401 2359 1
401 2469 1
2440 404 1
404 2440 1
408 1396 1
408 2331 1
1396 408 1
1396 410 1
409 408 1
410 1396 1
408 410 1
2331 408 1
411 2443 1
2443 411 1
414 413 1
413 414 1
2491 416 1
416 2491 1
420 1176 1
420 988 1
1176 420 1
420 419 1
419 420 1
988 420 1
1101 422 1
422 1101 1
424 423 1
423 424 1
424 426 1
426 424 1
2328 424 1
424 2328 1
435 2201 1
2469 831 1
435 2469 1
2411 831 1
435 2411 1
435 430 1
435 1250 1
435 831 1
435 1059 1
831 2469 1
2201 435 1
1250 435 1
2411 2201 1
2201 2411 1
831 2411 1
1080 435 1
1059 435 1
435 2465 1
435 1080 1
2400 2404 1
437 2400 1
2400 1869 1
437 2404 1
437 1869 1
437 1657 1
1657 2400 1
2404 2400 1
2400 1657 1
1869 2400 1
1869 2404 1
1869 1657 1
2404 1657 1
1657 2404 1
2404 1869 1
2264 443 1
443 2264 1
2491 443 1
444 443 1
443 2491 1
447 1240 1
1240 447 1
449 2452 1
451 450 1
620 453 1
453 620 1
455 456 1
456 1466 1
457 1466 1
457 455 1
457 456 1
455 1466 1
1466 455 1
456 455 1
1466 456 1
455 457 1
1466 457 1
1648 2375 1
2403 2309 1
465 2309 1
1899 2404 1
2404 1788 1
470 2403 1
472 2403 1
474 2404 1
472 1788 1
470 1788 1
1648 1899 1
466 467 1
2058 463 1
1788 2375 1
1899 2058 1
1665 2309 1
1665 2403 1
467 1665 1
2309 470 1
1899 1665 1
2375 467 1
467 2403 1
2375 472 1
2403 2375 1
2404 2405 -1
1665 2404 1
467 1648 1
463 2058 1
2404 1899 1
2309 465 1
463 2375 1
2403 1665 1
2058 2404 1
2403 1899 1
1665 2058 1
1899 1648 1
467 2404 1
2375 463 1
470 2375 1
2058 1648 1
1665 2375 1
2403 1788 1
2309 467 1
1788 2403 1
2375 2309 1
2404 470 1
2058 2375 1
1665 2405 1
2375 2403 1
2309 2404 1
2058 1665 1
467 458 1
1648 2404 1
467 2405 1
2403 1648 1
1665 1788 1
2405 467 1
1648 472 1
1899 2405 1
463 1648 1
1648 2058 1
2058 1788 1
467 1788 1
1788 2404 1
2375 2404 1
2405 1648 -1
2309 1665 1
1648 463 1
1788 470 1
2375 1648 1
472 2375 1
1648 1665 1
2375 2058 1
474 467 -1
2309 2403 1
472 2405 -1
1548 467 -1
458 472 1
2404 467 1
463 1665 -1
1648 2403 1
2403 467 1
1648 1788 1
2375 2405 1
2375 1665 1
470 1899 1
463 467 1
1665 1899 1
467 2375 1
2403 2405 1
2375 1788 1
1899 2375 1
2058 1899 1
2404 463 1
477 467 1
1788 467 1
467 477 1
1899 467 1
1899 470 1
1548 2403 -1
2404 2403 1
1788 1648 1
2404 465 1
1788 2058 1
1648 2405 1
466 2404 1
465 467 1
1899 463 1
1788 1665 1
470 467 1
472 467 1
1548 2404 -1
2375 1899 1
463 1899 1
1548 1648 -1
472 2404 1
2403 2404 1
470 2404 1
2404 1648 1
1665 467 1
1899 2403 1
472 1648 1
2404 2058 1
2404 466 1
465 2058 1
463 2404 1
2058 467 1
2375 470 1
1548 2375 -1
472 463 1
2405 472 -1
2404 2375 1
2404 1665 1
472 458 1
2404 2309 1
472 1665 1
1459 481 1
481 1459 1
481 2004 1
2174 479 1
2004 481 1
481 2174 -1
481 479 -1
483 2294 1
2294 483 1
485 2048 1
2048 485 1
497 1631 1
2498 1756 1
494 2491 1
494 497 1
2324 2498 1
500 497 1
2358 1756 1
2295 497 1
2491 1756 1
2201 2491 1
500 2201 1
2201 2324 1
2201 500 1
497 1756 1
1756 2491 1
497 2498 1
2498 497 1
2366 497 1
2498 2324 1
2366 2324 1
491 497 1
2201 497 1
2201 2358 1
2366 2201 1
2491 2358 1
1631 2491 1
1756 497 1
1631 497 1
2201 2366 1
1756 2358 1
1631 2201 1
497 2491 1
2498 2366 1
497 2324 1
497 500 1
2358 497 -1
2358 2491 1
2491 497 1
497 491 1
2366 2498 1
2491 494 1
2358 2201 -1
2324 500 1
2491 2201 1
2201 1631 1
497 2358 1
2201 1711 1
497 494 1
1756 2498 1
497 2201 1
2324 497 1
497 2366 1
1711 497 1
1711 2324 1
2324 2366 -1
2491 1631 1
497 2295 1
500 2324 1
497 1711 1
2407 2078 1
2407 502 1
2491 2078 1
2078 2491 1
2078 502 1
2078 2407 1
2491 2407 1
502 2491 1
502 2407 1
502 2078 1
2491 502 1
2407 2491 1
615 505 1
505 615 1
2353 508 1
508 2353 1
510 509 1
509 510 1
511 1058 1
511 2452 1
1058 511 1
2452 1058 1
514 2491 1
1787 2485 -1
2485 524 -1
1817 524 -1
517 1787 -1
2501 2448 1
1787 2324 -1
2485 2448 1
2501 2412 1
2448 2412 -1
1817 2448 1
1817 2412 1
2324 2501 -1
521 1787 1
521 2501 -1
1711 2324 1
525 2324 -1
2448 2485 1
1787 524 1
526 521 -1
2412 2501 1
517 524 -1
1787 2501 -1
2485 1787 -1
524 2485 -1
524 1787 1
1817 1787 -1
524 2501 -1
1787 2412 1
2412 1711 1
525 2485 -1
1817 517 1
521 524 1
521 2324 -1
1711 524 1
521 1817 -1
1711 1787 1
2448 524 1
2412 524 1
2412 1787 1
1711 1817 1
1817 525 -1
525 521 1
2448 2501 1
1787 526 -1
1787 1817 -1
524 2324 -1
1817 2501 1
2485 2324 1
2324 1787 -1
1787 521 1
1711 2485 1
525 524 1
2485 521 -1
517 521 -1
524 521 1
1817 521 -1
1787 525 1
2324 521 1
2485 525 -1
2448 1817 1
1711 521 1
2501 2324 1
2501 1817 1
1787 517 -1
2324 2448 -1
2412 521 1
517 2501 1
2324 2485 1
521 2485 -1
524 1817 -1
526 524 -1
526 1787 -1
521 525 1
2485 1711 1
2324 2412 -1
525 1787 1
525 1817 -1
1817 1711 1
525 2501 -1
2412 2448 1
529 2491 1
2153 535 1
531 535 1
1510 2153 1
535 531 1
2153 1510 1
534 535 1
535 2153 1
535 1510 1
1510 535 1
536 2443 -1
536 903 1
1937 536 1
536 1937 1
903 536 1
541 1643 1
541 2107 1
541 1058 1
544 545 1
545 544 1
546 2404 1
2443 550 1
563 2353 1
2412 2500 1
2258 2500 1
1995 2412 1
2501 2412 1
2443 931 1
2443 2501 1
2385 2383 1
2500 563 1
2383 2443 -1
2412 2353 1
2219 1995 1
2219 2501 1
2324 2501 -1
2443 2353 1
2462 2324 1
2383 2473 1
2383 2258 1
2443 2462 1
2500 2501 1
2501 2353 1
563 2501 1
563 565 1
1700 563 1
1995 2443 1
2324 565 1
565 2324 1
2258 2385 1
2258 563 1
2473 1995 1
1995 2500 1
2500 565 1
931 2324 1
1700 2462 1
1700 2325 1
2353 2473 1
2353 2500 1
2353 2258 1
2443 2473 1
550 2443 1
2443 2500 1
2219 1700 1
2462 2383 1
2462 1700 1
2462 2325 1
2324 2383 1
2412 2501 1
2412 1995 1
2385 2462 1
2383 2385 1
2385 563 1
2501 2500 1
2258 2473 1
1995 2122 1
2412 565 1
2501 2258 1
1700 2443 1
931 563 1
2383 1995 1
2443 2412 1
2219 2324 1
1700 2412 1
563 931 1
563 1995 1
2353 1700 1
2385 2258 1
550 563 1
2258 2353 -1
1995 563 1
2324 931 -1
931 2443 1
2219 2412 1
2500 931 1
2325 1700 1
563 2324 1
2412 1700 1
1700 2353 1
2325 2443 1
2500 1995 1
2443 563 1
2500 2412 1
2500 2324 1
565 2501 -1
931 2412 1
1995 2473 1
1995 2258 1
2219 563 1
2324 2462 -1
2353 2501 1
2412 931 1
2353 2324 1
2462 563 1
563 2383 1
2324 563 1
1700 2500 1
2501 1995 1
2258 2501 1
2501 565 1
563 550 1
2500 2462 1
2462 2473 1
2500 1700 1
2122 1995 1
563 1700 1
563 2325 1
565 563 1
563 2443 1
2462 2443 1
2443 2122 1
2325 2462 1
2473 2383 1
2473 2325 1
2500 2443 1
2412 563 1
2383 2324 1
2412 2383 1
2219 2122 1
2353 2325 1
563 2412 1
2462 2412 1
2500 2122 1
2258 2383 1
2412 2443 1
2219 2353 1
2412 2473 1
2325 2473 1
2473 2324 1
565 2412 1
2353 2443 1
2324 2353 -1
1995 2501 1
563 2385 1
2122 563 1
2462 2385 1
2500 2353 1
2443 2324 1
2383 2462 1
2473 2412 1
2383 563 1
2122 2500 1
563 2462 1
2443 1995 1
2501 2324 1
2353 2412 1
2325 2353 1
2122 2443 1
2258 2324 -1
2473 2353 1
2258 1995 1
2219 2473 1
2473 563 1
2219 2258 1
2324 2473 -1
2353 563 1
2500 2258 1
563 2473 1
1995 2383 1
563 2500 1
563 2258 1
2412 2462 1
2325 563 1
565 2500 1
2383 2412 1
931 2500 1
2501 563 1
2324 2412 -1
2473 2443 1
563 2122 1
2443 2383 1
2443 1700 1
2443 2325 1
2473 2258 1
575 580 1
568 580 1
583 580 1
580 2488 1
2222 580 1
580 2222 1
1097 580 -1
570 580 1
572 580 1
2153 2222 1
578 2488 1
580 2153 1
2337 2153 1
1094 1097 1
574 580 1
580 568 1
580 578 1
580 583 1
2337 580 1
580 570 1
580 572 1
580 574 1
2488 578 1
580 2337 1
2488 580 1
578 580 1
2222 2153 1
2153 2337 1
1094 580 -1
569 580 1
580 569 1
2153 580 1
1097 1094 -1
571 580 1
596 590 1
590 587 1
590 589 1
586 590 1
1043 595 1
589 590 1
2404 590 1
587 590 1
590 1043 1
595 590 1
590 595 1
590 585 1
594 590 1
585 590 1
1043 590 1
590 586 1
592 590 1
593 590 1
590 593 1
590 2404 1
590 592 1
584 590 1
590 596 1
590 584 1
590 594 1
1884 2412 1
2412 1884 1
601 2494 -1
2494 2443 1
601 2412 -1
601 1884 1
601 2443 1
2443 2494 1
2443 2412 1
2494 1884 1
2443 1884 1
599 1884 1
1884 2443 1
599 2412 -1
2412 2443 1
2412 601 -1
1884 2494 1
601 599 1
605 1495 1
604 605 1
1495 605 1
606 2443 -1
2408 608 1
608 2408 1
613 612 1
1106 612 1
611 612 1
612 1106 1
1106 613 1
612 611 1
612 613 1
613 1106 1
614 615 1
615 614 1
2491 617 1
617 2491 1
618 1923 1
618 620 -1
620 618 -1
1923 618 1
622 1526 1
2153 623 1
623 1999 1
2294 625 1
623 2294 1
2294 2153 1
623 2153 1
623 625 1
625 2294 1
625 623 1
625 2153 1
2153 2294 1
2153 625 1
2294 623 1
1960 628 1
630 628 1
628 1960 1
1151 631 1
631 1151 1
1399 634 -1
634 1399 -1
634 1817 -1
634 2412 -1
2412 634 -1
1034 2126 -1
634 2455 -1
634 2126 -1
1817 634 -1
1817 2412 1
2412 2126 1
642 2412 1
1034 2025 -1
2455 634 -1
2025 634 -1
2025 1817 1
2412 642 1
637 634 -1
634 642 -1
1034 1399 -1
634 2025 -1
634 1034 1
1817 2025 1
2126 2412 1
2353 643 1
643 2123 1
2353 2500 1
2500 2353 1
643 2500 1
2123 2294 1
2219 2123 1
2219 643 1
2500 2123 1
2123 2500 1
2417 643 1
2126 2123 1
2500 643 1
643 2353 1
643 2126 1
643 2417 1
2219 2126 1
2294 2123 1
2353 2123 1
2123 2353 1
2219 2353 1
2294 643 1
1859 2456 1
2456 653 1
1859 653 1
653 1859 1
2456 1859 1
653 2456 1
907 657 1
655 657 1
657 907 1
657 655 1
657 2407 1
2407 657 1
658 2443 -1
661 1196 1
1196 661 1
660 661 1
661 660 1
2105 665 1
665 663 1
665 2105 1
2105 663 1
663 665 1
663 2105 1
2004 2086 1
666 2086 1
668 666 1
666 2004 1
2086 666 1
2004 666 1
666 668 1
2353 2363 1
670 671 1
670 2363 1
2353 670 1
670 2353 1
2363 2353 1
2363 670 1
671 670 1
675 674 1
676 677 1
676 675 1
674 677 1
677 675 1
674 675 1
677 674 1
676 674 1
679 2440 1
2440 679 1
681 680 1
682 683 1
683 682 1
687 1101 1
2491 1101 1
2195 2491 1
2195 687 1
2491 2195 1
2491 687 1
1101 687 1
1101 2491 1
688 2412 1
2412 688 1
790 701 1
701 693 1
907 701 1
701 704 1
701 790 1
701 700 1
2491 2106 1
699 701 1
703 701 1
701 1072 1
2491 697 1
704 701 1
701 705 1
2106 2491 1
2232 701 1
701 696 1
697 2491 1
701 699 1
701 695 1
790 2491 1
705 701 1
700 701 1
693 701 1
1072 701 1
701 703 1
2491 704 1
704 2491 1
701 2232 1
703 2491 1
907 2491 1
701 2106 1
695 701 1
2106 701 1
700 2491 1
2491 1072 1
1072 2491 1
2491 695 1
696 701 1
2491 703 1
701 907 1
697 701 1
701 2491 1
2491 701 1
695 2491 1
1859 709 1
2456 709 1
2440 709 1
1859 2456 1
1859 2440 -1
709 1859 1
2456 2440 1
709 2440 1
2456 1859 1
709 2456 1
2440 2456 1
2440 1859 1
1944 710 1
1944 2363 1
710 1944 1
2363 1944 1
2363 710 1
713 2452 1
2452 713 1
851 2473 1
851 2452 1
717 2452 1
722 2498 1
722 851 1
2452 2491 1
2473 2498 1
2473 722 1
2498 2473 1
2498 2452 1
2473 851 1
1070 722 1
2491 2452 1
717 722 1
851 722 1
2498 722 1
2491 717 1
2452 717 1
2452 851 1
2452 2498 1
2452 722 1
722 2473 1
722 2491 1
2491 722 1
722 2452 1
717 2491 1
722 717 1
2123 1449 1
2353 1574 1
2123 2353 1
2353 2497 1
2497 1449 1
2110 2207 1
2353 739 1
1574 739 1
2446 907 1
734 739 -1
739 730 1
973 2207 1
737 739 1
739 2497 1
741 739 1
1449 2123 1
2207 973 1
2110 739 1
1449 2497 1
2123 2422 1
1449 739 1
2123 2110 1
907 2446 1
2207 2110 1
727 907 1
2446 739 1
2240 739 1
727 2123 -1
973 2123 1
739 727 1
2446 727 1
739 1869 1
727 2446 1
2353 973 1
2497 739 1
727 730 1
1574 2353 1
907 739 1
973 739 1
739 741 1
739 2353 1
2353 2422 1
730 727 1
739 1449 1
1869 739 1
2123 739 1
2110 2353 1
973 727 1
2207 739 1
727 2497 1
739 2110 1
2123 727 -1
727 739 1
739 907 1
2353 2110 1
1449 2110 1
2240 1869 -1
2422 2123 1
2110 1449 1
739 2422 1
907 727 1
2497 727 1
2422 739 1
2353 2123 1
739 2240 1
2497 2353 1
739 2446 1
739 2123 1
2110 2123 1
2123 973 1
745 743 1
743 1999 1
742 743 1
743 745 1
743 742 1
746 1730 1
1920 752 1
1920 2440 1
752 1859 1
750 2440 1
1859 1920 1
1859 2440 -1
752 1920 1
1920 1859 1
750 752 1
2440 750 1
2440 1920 1
752 2440 1
1859 752 1
752 750 1
2440 752 1
2440 1859 1
2353 2443 1
2443 1995 1
2105 757 1
2353 757 1
757 2353 1
2443 2353 1
1995 2443 1
2443 757 1
757 2105 1
757 2443 1
1995 757 1
761 1504 1
759 761 1
1504 761 1
761 759 1
760 761 1
2328 762 1
762 2328 1
2363 1955 1
2363 765 1
765 1955 1
768 767 1
770 2019 1
770 2488 1
772 2494 1
2494 772 1
2500 772 1
2500 2494 1
772 2500 1
2494 2500 1
781 2452 1
851 2452 1
1827 781 1
781 1098 1
851 781 1
782 781 1
2452 2358 1
781 851 1
781 782 1
1700 2452 1
781 1366 1
2452 781 1
2452 851 1
1700 781 1
781 1700 1
1366 781 1
781 1827 1
1098 781 1
2452 1700 1
2358 781 -1
785 2500 1
2500 785 1
787 790 1
1869 789 1
787 791 1
2288 1869 1
1869 787 1
2288 787 1
903 787 1
792 1869 1
791 792 1
787 903 1
1869 2288 1
787 1866 1
790 2443 -1
792 787 1
787 1869 1
787 2295 1
797 787 1
797 1869 1
787 789 1
2288 2443 1
1869 797 1
791 1869 1
791 787 1
789 787 1
789 1869 1
2295 787 1
1869 792 1
792 797 1
787 2288 1
797 2443 -1
791 2288 1
787 2443 -1
787 797 1
1866 787 1
2288 791 1
2288 1866 1
2443 2288 1
797 792 1
1869 791 1
792 791 1
790 787 1
787 792 1
1866 2288 1
798 799 1
799 798 1
800 1999 1
803 802 1
1899 802 1
1899 2375 1
802 1899 1
802 2375 1
2375 1899 1
805 802 1
2195 808 1
2195 2452 1
2452 808 1
808 2452 1
810 2478 1
2478 810 1
812 819 1
819 812 1
1058 814 1
814 1058 1
818 1459 1
818 819 1
1459 816 1
816 818 1
819 816 1
816 1459 1
819 1459 1
1459 818 1
1459 819 1
816 819 1
818 816 1
823 822 1
822 973 1
973 823 1
823 973 1
973 822 1
2366 973 1
973 2366 1
822 823 1
823 2366 -1
2407 2078 1
2206 2407 1
2078 2407 1
2206 825 1
2407 825 1
2078 825 1
825 2206 1
2407 2206 1
825 2407 1
825 2078 1
828 2207 1
1866 828 1
828 2342 1
828 2440 1
2342 2240 1
828 831 1
840 2342 1
1166 828 1
837 844 -1
840 828 1
843 828 1
1166 2342 1
2207 828 1
828 2120 1
828 843 1
2207 2342 1
2440 2412 1
2342 832 1
1866 2240 1
2342 844 1
832 828 1
2412 1166 1
828 832 1
837 828 -1
834 844 -1
832 2342 1
2412 828 1
844 828 1
828 844 1
2240 2412 -1
831 2412 1
841 828 1
834 1166 -1
2342 840 1
2240 1866 -1
2120 828 1
828 2412 1
2412 2342 1
2412 831 1
2412 2440 1
2412 2207 1
2440 2342 1
844 2342 1
844 2207 1
828 1866 1
828 1166 1
2207 2412 1
2240 2342 -1
1166 2412 1
2342 828 1
828 840 1
834 828 -1
2240 828 -1
1866 2342 1
2207 844 1
2449 2498 1
2244 1224 1
2500 851 1
846 1224 1
2494 2469 1
1224 2007 1
2219 2123 1
2411 2443 1
2052 846 1
1643 1711 1
851 1449 1
2498 973 1
1449 1711 1
846 1444 1
861 2500 1
2496 2494 1
2219 1224 1
846 867 1
939 2501 1
2500 2494 1
2496 2123 -1
1224 2443 1
846 1711 1
2449 2496 1
2498 2501 1
1643 2007 1
2496 2443 1
2219 1643 1
867 2449 1
2244 1643 1
846 1643 1
973 2449 1
846 848 1
2443 2411 1
878 2501 1
2494 1643 1
867 2494 1
2219 851 1
2411 2052 1
2244 851 1
853 1449 1
2123 973 1
846 939 1
2294 2007 1
1711 2472 1
2494 882 1
2494 851 1
1444 2500 1
2219 846 1
1711 1449 1
856 2244 1
1449 2469 1
869 846 1
846 2500 1
861 2123 1
1449 861 1
2244 2501 1
2123 2501 1
846 878 1
2469 1449 1
973 2494 1
2052 2469 1
866 2494 1
1224 846 1
2123 2498 1
2494 853 1
846 856 1
2469 2123 1
2411 846 1
861 1449 1
2500 2496 1
2052 2123 1
2443 1224 1
2443 846 1
2007 2294 1
2494 2500 1
1643 2123 1
2411 1711 1
846 861 1
2500 870 1
846 2469 1
1449 2123 1
2123 2244 1
882 846 1
2496 846 1
939 2449 1
2494 973 1
2469 846 1
2244 2496 1
2449 2443 1
2219 2501 1
2443 939 1
869 2500 1
2443 1711 1
1076 2123 -1
848 846 1
2500 866 1
2219 2498 1
2500 2449 1
2494 2501 1
2501 2496 1
2443 2500 1
846 863 1
1076 1224 -1
846 1449 1
861 851 1
861 973 1
2494 2498 1
2294 2052 1
973 2443 1
846 2123 1
2500 1444 1
1449 851 1
2498 2494 1
856 2443 1
2469 973 1
2294 846 1
2052 2494 1
861 2501 1
863 846 1
939 2443 1
870 2443 1
1224 878 1
867 846 1
1643 2500 1
846 882 1
861 2498 1
2496 2500 1
2469 2500 1
1449 853 1
2494 2244 1
2469 2501 1
2443 856 1
1444 2494 1
850 846 1
1076 846 -1
2500 2443 1
2494 2496 1
2449 2052 1
2496 2469 1
973 867 1
973 1224 1
846 853 1
846 851 1
2498 2443 1
2244 2494 1
973 846 1
2123 2294 1
2219 866 1
2449 846 1
973 1444 1
1224 2469 1
2007 1224 1
2443 2469 1
2443 2498 1
2500 878 1
2449 939 1
846 2501 1
2494 866 1
973 939 1
1076 2500 -1
869 882 1
2449 867 1
2449 1224 1
846 2494 1
1224 2123 1
2443 2123 1
2472 846 1
867 2500 1
846 850 1
882 869 1
846 973 1
1643 2501 1
973 2500 1
851 2494 1
2500 2123 1
2123 2443 1
2411 1643 1
1643 2498 1
1444 2411 1
2123 2052 1
1711 866 1
2472 1711 1
2007 846 1
939 846 1
870 846 1
878 1224 1
2501 878 1
1076 2498 -1
846 2498 1
2469 866 1
1076 861 -1
1444 2052 1
2443 870 1
2469 2449 1
2498 2449 1
2500 846 1
2052 2449 1
1643 2244 1
2294 2123 1
2219 2411 1
973 861 1
2500 939 1
2498 846 1
1643 2496 1
2500 867 1
2500 1224 1
2496 1643 1
878 846 1
846 2244 1
2443 2494 1
2500 1643 1
846 2496 1
2469 2494 1
2449 2469 1
2494 2443 1
973 2469 1
1444 846 1
2123 939 1
939 2500 1
846 870 1
2501 1643 1
2494 2052 1
2443 1076 1
1643 866 1
846 2472 1
2500 1711 1
2123 1076 -1
2500 2498 -1
973 2123 1
2244 846 1
1711 2411 1
2123 846 1
1076 1449 -1
853 2443 1
2501 939 1
2496 2501 1
1643 2494 1
878 2500 1
2443 973 1
1224 2498 1
846 866 1
2219 2052 1
882 2494 1
846 2449 1
851 846 1
973 863 1
2501 846 1
2123 1711 1
2494 1224 1
2052 2294 1
866 846 1
2469 2443 1
2443 2501 1
866 1643 1
1711 2123 1
2294 851 1
2494 846 1
856 846 1
867 973 1
2500 2501 1
2498 861 1
2494 1444 1
2244 856 1
846 2007 1
2500 2469 1
2007 1643 1
866 1711 1
2498 2123 1
2052 2411 1
2494 867 1
2500 861 1
863 2443 -1
853 846 1
2501 2500 1
2469 2496 1
2123 2496 -1
2244 2294 1
2244 2500 1
2123 2500 1
846 2294 1
866 2500 1
1711 846 1
1643 2411 1
863 973 1
2469 2052 1
1224 2244 1
851 2294 1
851 2500 1
1076 2501 -1
939 2123 1
2443 2496 1
1224 2449 1
2219 878 1
2500 869 1
2244 2123 1
2449 2500 1
2501 2498 1
939 1449 1
1711 1643 1
2469 1224 1
861 846 1
846 2443 1
2498 1224 1
866 2469 1
846 2052 1
2123 1449 1
2496 2244 1
870 2500 1
2498 1643 1
851 861 1
1449 939 1
2052 1444 1
2496 2449 1
939 973 1
1224 2494 1
2294 2244 1
1711 2500 1
1643 846 1
973 2498 1
1449 846 1
883 1648 1
1250 886 1
1247 886 1
886 1250 1
886 1247 1
890 2359 1
890 2491 1
2359 890 1
891 892 1
2353 2448 1
2462 1955 1
895 899 1
2435 895 1
2448 2449 1
2496 2288 1
2462 2288 1
2496 2032 1
1446 943 1
2376 2500 1
895 937 1
909 895 1
2376 2448 1
931 1955 1
2491 2501 1
2324 1635 -1
909 2353 1
2500 928 1
1449 1711 1
2411 895 1
2449 2435 1
1574 932 1
939 2376 1
907 895 1
895 1711 1
895 2376 1
2491 1885 1
2462 909 1
939 2501 1
2448 2491 1
1635 2448 1
2448 903 1
2376 897 1
895 2500 1
2449 2496 1
895 913 1
2324 1454 1
2500 2288 1
2500 1885 1
2500 2376 1
973 2491 1
973 2449 1
895 973 1
2423 2288 1
897 2491 1
1446 2491 1
2496 2353 1
2501 2288 1
1885 2376 1
2376 1449 1
906 895 1
2288 2353 1
1885 2500 1
931 895 1
2376 2379 1
2496 907 1
2462 2411 1
893 895 1
929 1711 1
912 895 1
2288 907 1
2353 2324 1
1955 2484 1
895 2501 1
1574 895 1
1955 2501 -1
1711 1449 1
1711 2462 1
1454 895 1
2247 2353 1
2376 931 1
912 2379 1
2379 2500 1
1076 1955 -1
1955 939 1
2324 2496 1
2501 909 1
2500 1454 1
929 2500 1
895 943 1
2496 895 1
2462 895 1
2435 2500 1
2288 895 1
973 1955 1
899 2496 1
897 909 1
2376 2462 1
2324 2353 -1
2449 2288 1
895 897 1
2379 2376 1
973 2288 1
2448 931 -1
1955 929 1
899 2449 1
928 2500 1
2247 895 1
895 931 1
2324 2448 -1
897 2376 1
2500 2496 1
2448 2411 1
909 1449 1
925 2491 1
2448 2353 1
2491 2435 1
2500 912 1
2411 2484 1
2288 2449 1
2448 907 1
1454 1635 1
2411 1711 1
939 2491 1
1955 2500 1
1076 2353 -1
1449 2324 1
939 2449 1
2448 895 1
2496 899 1
2501 895 1
2353 973 1
2448 2462 -1
1449 2462 1
906 2501 -1
895 2462 1
2500 2449 1
2013 895 1
2448 1635 1
2324 909 1
2501 1454 1
2353 2500 1
2501 2496 1
2449 907 1
895 2491 1
1574 2449 1
931 1711 1
2379 912 1
2411 2448 1
943 895 1
939 1955 1
2500 929 1
973 895 1
2324 931 -1
913 895 1
2353 2247 1
2353 2376 1
895 2288 1
2449 895 1
895 2247 1
2500 2484 1
2462 1711 1
1446 895 1
1885 2491 1
2376 1885 1
2324 1449 -1
2324 2462 -1
909 2501 1
895 893 1
2353 2501 1
2324 2411 1
2500 1955 1
2491 2448 1
895 928 1
2496 2500 1
2496 2448 1
2379 2448 -1
973 1635 1
1955 2324 1
2448 939 1
2462 2448 1
2435 2462 1
2288 2448 1
895 900 1
939 2353 1
895 909 1
2288 2423 1
2500 2448 1
2376 2013 1
1076 899 -1
1076 1635 -1
931 2448 1
895 932 1
2324 895 1
1955 2462 1
2435 2491 1
909 897 1
1885 2032 1
1449 2376 1
895 2032 1
2324 1446 1
937 895 1
2500 2353 1
899 895 1
2376 2496 1
2376 1454 1
909 2324 1
2449 899 1
2449 1574 1
939 895 1
1574 2353 1
2376 2435 1
2411 2324 1
2491 895 1
895 2411 1
2449 939 1
2501 1955 1
2484 2500 1
943 1446 1
895 916 1
925 895 1
973 939 1
2353 2496 1
895 1885 1
1076 2500 -1
919 895 1
2491 1446 1
2411 2462 1
2448 2500 1
1454 2324 1
2501 2448 1
1885 895 1
2462 1574 -1
2491 1635 1
973 2500 1
2376 2449 1
973 2448 1
2500 897 1
2324 1076 -1
895 2013 1
2496 2324 1
2324 2501 -1
2462 2324 1
2435 2376 1
909 2462 1
1454 1449 1
1454 2462 1
2491 939 1
1955 973 1
2501 2353 1
929 2501 1
1076 2423 -1
931 2324 1
1885 2496 1
2353 1574 1
1449 1454 1
939 899 1
2324 973 -1
2462 1449 1
909 2491 1
2376 2288 1
895 2496 1
895 1454 1
2288 1449 1
2288 2462 1
2376 1574 1
895 912 1
895 2449 1
1635 2491 1
899 939 1
895 2435 1
2449 2448 1
2379 895 1
2449 2423 1
1711 929 1
2353 2288 1
2379 1449 -1
903 895 1
895 1635 1
2500 939 1
907 2288 1
2032 1885 1
943 2500 1
895 2484 1
895 903 1
2353 909 1
1076 943 -1
2013 931 1
932 895 1
2288 2500 1
2448 2288 -1
1454 2376 1
2435 912 1
2288 973 1
897 895 1
1076 2324 -1
939 2500 1
939 2448 1
895 1574 1
1454 2501 1
2500 1711 1
1885 2449 1
2496 2376 1
931 973 1
2501 2324 1
907 2376 1
895 2423 -1
2353 895 1
2288 2376 1
2032 2496 1
1711 2411 1
1076 1449 -1
1076 2462 -1
973 2324 1
2501 939 1
2496 2501 1
900 895 1
928 895 1
1449 909 1
973 931 1
931 2376 1
2376 895 1
2379 2449 1
2288 2501 1
931 2500 1
1446 2324 1
2376 2353 1
895 1955 1
2435 2496 1
1449 2288 1
925 2353 1
1574 2376 1
973 2462 1
2449 2379 1
2496 1885 1
895 933 1
2435 2449 1
2376 907 1
895 929 1
2324 943 1
1711 895 1
2484 1955 1
2462 2376 1
2491 897 1
895 906 1
1711 897 1
943 2324 1
929 2423 -1
2500 2501 1
1711 931 1
2448 2376 1
1711 2324 1
1454 2496 1
2491 943 1
1885 2448 1
2376 1446 1
2324 1955 -1
895 2448 1
1955 2448 -1
1635 1454 1
2288 943 1
897 1711 1
929 1955 1
2501 2500 1
939 2324 1
2496 1454 1
932 1574 1
2462 1454 1
907 2496 1
2500 943 1
2288 2496 1
2448 973 1
2496 2013 1
2491 931 1
2496 2435 1
1635 895 1
907 2449 1
925 2324 1
895 2353 1
1955 909 1
897 2500 1
2500 931 1
2376 939 1
2353 925 1
912 2496 1
2500 2324 1
895 907 1
943 2288 1
2484 2353 1
931 2013 1
1076 2501 -1
2324 939 1
2484 2411 1
912 2435 1
2448 2501 1
2013 2376 1
943 2491 1
2353 939 1
2496 912 1
2500 2462 1
1449 895 1
1446 2376 1
2449 2500 1
939 1449 1
907 2491 1
895 1449 1
1955 1449 -1
903 2448 1
897 2501 1
2448 1885 1
912 1574 1
895 2379 1
2462 2435 1
929 895 1
895 1446 1
2484 895 1
931 2491 1
1454 2500 -1
1076 895 -1
2501 897 1
1574 912 1
900 2448 1
2449 1885 1
1955 931 -1
2449 2376 1
2353 2484 1
895 2324 1
2288 1574 1
2013 2496 1
1955 895 1
1449 939 1
933 895 1
2496 2449 1
939 973 1
895 939 1
909 1955 1
2462 2449 1
1711 2500 1
2491 909 1
2496 903 1
1076 1454 -1
2032 895 1
2491 973 1
1574 2288 1
916 895 1
2353 933 1
2448 2496 1
944 1817 1
944 2201 1
2201 1817 1
1817 944 1
2201 944 1
1817 2201 1
953 950 1
953 947 1
951 953 1
953 949 1
2294 953 1
953 2056 1
947 953 1
953 2294 1
2056 953 1
953 951 1
949 953 1
950 953 1
1801 955 1
955 1801 1
960 958 1
2153 960 1
2294 2153 1
960 956 1
956 960 1
2294 960 1
958 960 1
2153 2294 1
960 2294 1
960 2153 1
961 2270 1
2270 961 1
966 1820 1
966 2366 1
963 966 1
1820 2366 1
2366 1820 1
2366 966 1
966 963 1
1820 966 1
1950 967 1
2078 2491 1
969 2078 1
969 2491 1
2491 969 1
2078 969 1
2491 2078 1
1920 975 1
975 973 1
973 975 1
975 1920 1
972 975 1
975 972 1
2468 2260 1
2468 976 1
976 2260 1
982 983 1
980 982 1
983 982 1
982 1042 1
2075 982 1
982 980 1
982 2075 1
987 1676 -1
1676 2276 1
987 2258 -1
987 2276 -1
2276 1676 1
988 990 1
990 988 1
990 2322 1
2322 990 1
2417 2452 1
2324 2417 1
995 991 1
2452 2417 1
2452 995 1
2452 2324 1
2324 991 1
995 2417 1
2417 995 1
2417 2324 1
995 2452 1
995 2324 1
2324 995 1
991 995 1
2105 1004 1
996 2105 1
1004 2048 1
2105 1001 -1
1004 1620 -1
1004 996 1
1001 2105 -1
2260 1003 1
996 1004 1
1004 2260 1
1001 1004 1
2048 1004 1
1004 2105 -1
1003 2260 1
1224 1004 1
1004 1224 1
1004 1001 1
1003 1004 1
2105 996 1
1006 1007 1
2491 1007 1
2491 1006 1
1006 2491 1
1007 1006 1
1007 2491 1
1013 2188 1
1013 1008 1
1009 1013 1
1013 1009 1
1013 2487 1
1008 1013 1
2188 1013 1
1013 1012 1
1012 1013 1
2487 1013 1
1476 1013 1
1016 1015 1
2294 2004 1
1020 1059 1
1059 1020 1
1396 1018 1
2201 2004 1
1018 2004 1
2132 2201 1
2294 1018 1
2294 2201 1
1020 2294 1
1020 2004 1
2004 1018 1
2201 1018 1
1805 2294 1
2004 2201 1
1018 2201 1
2294 1020 1
2234 2294 1
1059 1018 1
2201 2132 1
1018 2132 1
1018 1020 1
1020 1018 1
1020 2201 1
1018 1059 1
2294 1805 1
1805 1018 1
1805 2201 1
2294 2234 1
2201 1020 1
2004 1020 1
2234 1018 1
1018 1396 1
2201 1805 1
1018 1805 1
2234 2201 1
2004 2294 1
2201 2294 1
1018 2294 1
2201 2234 1
1018 2234 1
2118 1028 1
1028 2118 1
1029 1999 1
1034 2126 -1
1031 1034 1
1031 1033 1
1031 2126 -1
1033 1031 1
1033 2126 -1
1825 1995 1
1069 1035 1
1899 2404 1
1069 1051 1
1038 1058 1
1058 1379 1
2258 1643 1
1069 1061 1
2404 2498 1
1038 1069 1
1643 1995 1
1080 1700 1
1059 1700 1
1098 1379 1
2328 1069 1
1790 1089 1
1379 2498 1
1069 1366 1
1379 1058 1
1825 2318 1
1062 2498 1
2258 1631 1
1069 1379 1
1366 1058 1
1643 2318 1
2318 1058 1
1061 1631 1
1058 1366 1
2318 1069 1
1069 1094 1
1069 1041 1
1042 1069 1
1379 2328 1
2429 1068 1
2231 2258 1
2489 1643 1
1069 1070 1
1061 1047 1
1070 1631 1
2429 1058 1
2429 2455 1
2258 1070 1
1068 2429 1
1995 1069 1
1069 1065 1
1058 2429 1
2358 1058 1
1097 1094 -1
2498 1074 1
1643 2258 1
1092 2328 1
1620 1069 1
1620 2231 1
1069 2429 1
1069 1717 1
1069 1058 1
2429 2498 1
1088 1069 1
2258 1058 1
1047 1061 1
1043 1065 1
1077 2429 -1
1072 2328 1
2358 1089 1
1046 1047 1
1046 1700 1
1825 2258 1
1074 1069 1
1087 1069 1
1069 1046 1
1061 2498 1
1058 1069 1
1069 1055 1
1098 1069 1
1643 2358 1
1790 2429 1
1069 2163 1
1069 1087 1
1038 1379 1
1825 2404 1
2358 1899 -1
1058 1038 1
1097 1069 -1
1069 1049 1
1049 1069 1
1068 1069 1
1620 2318 1
1069 1038 1
2318 1379 1
1038 1067 1
2498 1061 1
1089 2358 1
1379 1070 1
1790 1069 1
1631 1070 1
2404 1069 1
1062 2429 1
1069 1059 1
1995 2318 1
2429 1379 1
2004 2455 1
1091 1069 1
1643 1790 1
2004 1069 1
2318 2429 1
2404 2195 1
1069 1091 1
1631 1069 1
1069 2231 1
2075 1069 1
2498 1379 1
2489 1069 1
1047 1069 1
1062 1069 1
1047 1046 1
1069 2075 1
2231 1080 1
2429 2404 -1
1379 2429 1
1069 1079 1
1069 1097 1
1083 1069 1
1069 2489 1
1700 1092 1
1069 1620 1
1995 1825 1
1995 2258 1
2358 2404 -1
1069 1995 1
1058 2318 1
1069 1043 1
1366 1069 1
2358 1069 1
1069 1077 1
1035 1069 1
2318 2358 1
1700 1080 1
1070 1379 1
1069 2318 1
2498 2429 1
1069 1067 1
1092 1069 1
1379 1069 1
1069 1083 1
1717 1643 1
2328 1072 1
1995 2358 1
1069 1084 1
1069 1899 1
1069 1098 1
1379 1038 1
1058 2258 1
1366 2231 1
2404 1700 1
1825 2498 1
1790 2318 1
1631 1061 1
2429 1069 1
1069 1825 1
1069 2258 1
2498 1069 1
1047 2318 1
2258 1069 1
1379 2231 1
1059 1069 1
1379 1995 1
1631 1379 1
2328 1092 1
1069 1072 1
1061 1069 1
2404 2318 1
1069 2404 1
1079 1069 1
2498 1038 1
1072 1069 1
1643 2498 1
2318 1995 1
1379 2318 1
1631 2429 1
1700 2429 1
1700 1058 1
1043 1069 1
1995 1643 1
2404 1899 1
2195 1069 1
1069 2358 1
1076 2498 -1
1080 1069 1
2318 1700 1
2358 1076 -1
2498 1995 1
1366 1620 1
2258 2231 1
1058 1825 1
1700 1046 1
1058 2358 1
2318 1620 1
2358 1995 1
1069 1062 1
1070 1069 1
2429 1700 1
2455 2429 1
2429 1620 1
1069 1042 1
2358 2075 1
2231 1379 1
1366 2318 1
1058 1700 1
1076 1058 -1
1643 2004 1
1084 1069 1
1077 1069 1
1065 1069 1
1379 1098 1
2075 2358 1
1899 2195 1
1080 2231 1
1069 1047 1
1069 1700 1
2429 2318 1
2163 1069 1
2404 1825 1
2231 1366 1
1069 1643 1
1080 2075 1
1055 1069 1
1038 2498 1
1700 1059 1
1089 1790 1
2455 1069 1
2358 1790 -1
1062 2358 1
2258 1995 1
1995 1058 1
1069 1631 1
2318 1825 1
1051 1069 1
1047 1038 1
1700 2318 1
1046 1069 1
1062 1790 1
2318 2404 1
2004 1643 1
1069 1080 1
1825 2429 1
1631 1995 1
1995 2498 1
1094 1069 1
1790 1062 1
1643 2429 1
1643 1717 1
2195 1899 1
2455 2004 1
1070 2318 1
1790 1643 1
1825 1069 1
2498 2404 1
1069 1086 1
1069 1074 1
2231 1069 1
2498 1825 1
2318 1790 1
1069 1068 1
2404 2429 -1
2258 1825 1
1086 1069 1
2075 1080 1
1038 1047 1
1069 2455 1
1825 1058 1
1059 2358 1
1065 1043 1
1092 1700 1
1036 1069 1
1074 2498 1
1643 1069 1
2195 2404 1
1069 2328 1
1069 1088 1
2358 1062 1
1700 1069 1
1208 1069 1
2318 1047 1
2358 1643 1
1069 1089 1
1049 2328 1
1069 2498 1
1069 1036 1
1041 1069 1
2429 1062 1
2318 1643 1
1379 1631 1
1050 1069 1
2429 1790 1
1995 1379 1
2498 1062 1
1067 1069 1
1700 2404 1
1717 1069 1
1069 1790 1
1098 1058 1
2429 1643 1
1069 2004 1
1089 1069 1
2318 1366 1
1620 1366 1
2498 1643 1
2231 1620 1
1094 1097 1
1620 1379 1
1067 1038 1
1631 2258 1
2328 1379 1
2429 1631 1
1076 1069 -1
1069 1092 1
1620 2429 1
2318 1070 1
1070 2258 1
1099 2408 1
1101 2407 1
1101 2318 1
1102 1101 1
1102 2407 1
2407 1102 1
1102 2318 1
1101 1102 1
2318 1101 1
2407 1101 1
2318 1102 1
1805 1113 1
1113 1999 1
1112 1106 1
1805 1999 1
1112 1113 1
1106 1112 1
1113 1805 1
2201 1113 1
1113 1112 1
1110 1113 1
1113 1107 1
1113 2201 1
2092 1113 1
1999 1805 1
1113 1110 1
1113 1106 1
1106 1113 1
1805 2201 1
1113 2092 1
2201 1805 1
1107 1113 1
2440 1114 1
1114 2440 1
1116 1739 1
1739 1116 1
1369 1118 1
2195 1118 1
2195 2294 1
1118 1369 1
1118 2294 1
2294 1118 1
2276 1124 1
1124 1504 1
1504 1124 1
1124 2276 1
1128 1127 1
2110 1129 1
1129 2110 1
2110 1128 1
1128 2491 1
2491 1128 1
1128 2110 1
1127 1128 1
1128 1129 1
1129 1128 1
1130 1131 1
1131 1130 1
1132 1133 1
1133 1132 1
1135 2429 1
2429 1135 1
1135 1134 1
1134 1135 1
1138 1137 1
2496 1139 1
2497 2462 1
2449 1139 1
2462 1139 1
2449 2496 1
2497 1139 1
1817 2497 1
2496 2497 1
2494 2462 1
2494 1139 1
1139 2497 1
2497 2496 1
2496 2449 1
2462 2449 1
2462 1817 1
1139 2496 1
2494 2496 1
1139 2449 1
2494 2497 1
2496 2494 1
2497 2494 1
2462 2494 1
1817 2462 1
1817 1139 1
1139 2494 1
1147 1146 1
1146 1147 1
1148 1147 1
1147 1148 1
1149 1156 1
1149 1688 1
1157 1149 1
1155 1149 1
1820 1149 1
1149 1151 1
1156 1149 1
1818 1149 1
1688 1149 1
1151 1149 1
1688 1157 1
1149 1157 1
1151 1157 1
1157 1151 1
2201 1149 1
1149 2201 1
1149 1820 1
1157 1688 1
1158 1159 1
1159 1158 1
2460 1162 1
1370 1162 1
1162 1370 1
1162 2359 1
1162 2460 1
2359 1162 1
1164 1165 1
1167 1168 -1
1167 1166 -1
1170 1169 1
1169 1170 1
1173 2353 1
1172 2353 1
1172 1173 1
1805 1180 1
2337 1805 1
1805 2337 1
1180 2234 1
1176 1180 1
1178 1180 1
1180 1182 1
1805 2294 1
2294 1180 1
1180 2337 1
2337 1180 1
2234 2294 1
1180 1177 1
2294 1805 1
2294 2234 1
1180 1805 1
2234 1180 1
1177 1180 1
1180 2294 1
2501 1183 1
1183 2501 1
1186 1185 1
1186 2294 1
2429 1700 1
1700 2429 1
1186 1188 1
1186 1192 1
1186 1700 1
1186 2429 1
2294 2429 1
1185 1186 1
1188 1186 1
1427 1186 1
1700 1186 1
2429 2294 1
2294 1186 1
2429 1186 1
1192 1186 1
1193 1196 1
1193 1194 1
1196 1194 1
1194 1196 1
2313 1194 1
1194 1193 1
1194 2313 1
1196 1193 1
1197 1825 1
1197 1366 1
1825 1197 1
2491 1201 1
1201 2491 1
1202 1665 1
2153 2175 1
2175 1207 1
1207 2175 1
1207 2153 1
1205 1207 1
2175 2153 1
1208 1207 1
1207 1208 1
2153 1207 1
1207 1205 1
1209 2123 1
2123 1209 1
2407 1211 1
2407 1213 1
1213 2407 1
1211 2491 1
1211 2407 1
2491 1213 1
2491 2407 1
1211 1213 1
1213 1211 1
2491 1211 1
2407 2491 1
1213 2491 1
2153 1228 1
2462 1228 1
1239 2452 1
2324 1228 1
2328 1224 1
1866 1216 1
2324 1224 1
2399 1228 1
2244 1224 1
2244 1228 1
2258 2500 1
2201 2324 1
1228 2258 1
1444 2324 1
2244 2318 1
2318 1444 1
1228 1561 1
1228 1223 1
2452 2324 1
2122 2449 1
2500 1240 1
1228 2449 1
1224 2328 1
2258 2201 1
1959 2399 1
2324 1444 1
2462 2324 1
1228 2122 1
1228 1244 1
1238 1228 1
1219 1240 1
1244 1228 1
2452 1228 1
2244 2201 1
2500 2449 1
2201 2318 1
2500 2328 1
2500 2469 1
2318 1228 1
2469 2462 1
2469 1216 1
2462 2318 1
1228 1959 1
2452 1444 1
2399 1216 1
1242 1228 1
2328 1228 1
1228 2399 1
1228 2153 1
2469 2449 1
2244 2500 1
1239 1228 1
1228 2324 1
2258 2469 1
1240 2500 1
2452 2201 1
2500 1444 1
1223 2324 1
2452 1239 1
2500 2399 1
1240 1219 1
2244 2452 1
1228 1406 1
1228 2469 1
2318 2201 1
2452 1224 1
2449 2122 1
1228 1224 1
1216 2500 1
1238 2462 1
2153 2201 1
1224 2244 1
2500 2324 1
1228 2462 1
2452 2318 1
2462 1238 1
2324 2469 -1
2324 2462 -1
2318 2462 1
1223 1228 1
1224 2258 1
2500 1224 1
2500 1228 1
1959 1228 1
2201 2258 1
2452 1561 1
1216 1866 1
2449 1240 1
1228 1444 1
1444 2500 1
1224 2449 1
1224 2452 1
2500 2462 1
2469 2500 1
2500 1216 1
2469 2258 1
2201 1406 1
2399 2500 1
2449 2500 1
2324 2153 1
2328 2153 1
2469 2452 1
2462 2452 1
1561 1228 1
1228 2328 1
2469 1224 1
2258 1224 1
2324 1223 1
2258 1228 1
1228 1239 1
2328 2500 1
1216 2399 1
2153 2449 1
2201 1959 1
2449 2469 1
1240 2449 1
1228 1238 1
2469 1228 1
2452 2462 -1
1228 1241 1
2500 2201 1
2500 2122 1
2201 2244 1
2452 2244 1
1406 2201 1
1228 2318 1
1224 2153 1
2122 2500 1
2399 1959 1
1240 1228 1
1959 2462 1
2324 2244 -1
2201 2452 1
2399 1240 1
2318 2244 1
1224 2324 1
1228 1219 1
1216 2469 1
1444 2452 1
2258 2324 -1
1406 1228 1
1216 1228 1
1241 1228 1
2449 2153 1
1228 2452 1
1224 2469 1
1228 2201 1
2469 2324 1
2328 2399 1
1240 2399 1
2153 2328 1
2462 2449 1
2318 2452 1
1444 1228 1
1228 1866 1
2500 2258 1
2452 2469 1
2244 2324 1
2399 2328 1
2153 2324 1
1224 1228 1
1866 1228 1
1444 2318 1
2244 1866 -1
2449 1224 1
2462 2469 1
1228 2244 1
2153 1224 1
1247 1245 1
1245 1247 1
1245 2468 -1
1246 1245 1
1248 1245 1
2468 1245 1
1245 1248 -1
1245 1246 -1
1379 1255 1
1379 2113 1
1255 1250 1
1960 1255 1
1255 2404 1
1255 1257 1
2113 2404 1
1250 1255 1
1255 1379 1
1255 2113 1
2113 1379 1
1960 1250 1
1250 1960 1
1379 1250 1
2404 2113 1
1255 1960 1
2105 1255 1
2113 1255 1
1257 1255 1
2404 1255 1
1250 1379 1
1255 2105 1
2452 2359 1
1260 2359 1
2359 2452 1
2359 1260 1
2452 1260 1
1260 2452 1
2429 2491 1
1265 2359 1
2156 1265 1
1265 2491 1
2359 1265 1
2429 2052 1
2491 1265 1
2156 2491 1
1265 2052 1
2052 1265 1
1265 2156 1
1265 2429 1
2491 2052 1
2052 2359 1
2359 2052 1
2052 2491 1
2429 1265 1
2491 2429 1
2491 2156 1
2052 2429 1
2452 1268 1
1268 2452 1
2331 1270 1
1270 2331 1
1272 2491 1
1274 2491 1
2309 1277 1
1277 1276 1
1277 2309 1
1291 2342 1
2429 2491 1
2353 2497 1
2353 2500 1
2452 1291 1
1379 2113 1
2491 2342 1
2452 1379 1
1291 2480 1
2500 2429 1
2500 2353 1
1379 2359 1
2452 1444 1
2491 2113 1
1291 1379 1
2500 2342 1
2441 1291 1
1291 2441 1
2500 1291 1
2497 1291 1
1291 1444 1
2452 2491 1
1291 2497 1
1291 2113 1
1444 2500 1
2452 2359 1
1379 2452 1
2359 1379 1
2441 2113 1
1444 2452 1
2429 2497 1
2497 2500 1
2491 2452 1
1291 2491 1
1291 2359 1
2113 1291 1
2480 1291 1
1291 2452 1
2429 1291 1
2113 1379 1
2429 2342 1
2113 2441 1
2342 2429 1
1379 2429 1
2353 1291 1
2500 1444 1
2359 2452 1
2500 2497 1
1379 1291 1
2429 1379 1
1291 2429 1
1291 2353 1
2113 2491 1
1444 1291 1
2497 2429 1
2491 2429 1
2497 2353 1
2429 2500 1
2359 1291 1
2313 1292 1
1292 2313 1
2500 2324 1
1294 2324 1
1294 2500 1
2500 1294 1
2324 1294 1
2400 1298 1
2400 2403 1
2058 2404 1
2403 1899 1
2400 1899 1
2403 1298 1
1899 1654 1
1654 2403 1
1298 2058 1
1899 2404 1
2195 2058 1
1299 1298 1
1654 1298 1
1899 2058 1
1654 1899 1
2058 2195 1
2404 2400 1
1817 1899 -1
1817 2403 -1
2404 1654 1
1899 2195 1
2404 1298 1
1299 2404 -1
2403 2404 1
1298 2403 -1
2400 2404 1
2400 1654 1
2403 1654 1
2195 1298 1
1654 2404 1
1298 1899 1
1817 1298 -1
2195 1899 1
2195 2403 1
2400 2058 1
1899 2403 1
2058 1899 1
2404 2058 1
2058 2400 1
1298 2404 1
1899 1298 1
1654 2058 1
1298 2400 1
2500 2403 1
2400 2195 1
1817 2404 -1
2500 1298 1
2404 2195 1
2404 1817 -1
2195 2404 1
2404 2403 1
2403 2500 1
2404 1899 1
2195 2400 1
1309 1308 1
1308 1309 1
1311 1631 1
1631 1311 1
1312 2324 1
2324 1312 1
1317 2494 1
1317 1318 1
2494 1318 1
2494 1317 1
1317 1316 1
1315 1317 1
1317 1315 1
1318 2494 1
1316 1317 1
2342 1319 1
2399 1319 1
1319 2342 -1
1319 2399 1
2448 2342 -1
1319 2448 1
2342 2448 1
1324 1817 -1
1325 1817 -1
1817 1325 -1
1817 1324 -1
1325 1324 1
1324 1325 1
1326 2048 1
2048 1326 1
1329 2078 1
2078 1329 1
1335 2443 -1
1335 2412 -1
1335 2501 -1
2443 2412 1
1335 1333 -1
2501 2412 1
1333 1335 -1
2443 2501 1
1332 1335 1
2480 1335 1
1335 1331 -1
1331 1335 1
2412 2501 1
1332 2412 1
1332 2443 -1
1335 2480 1
2412 2443 1
1338 2485 1
1339 1338 1
1338 1339 1
1342 1341 1
1341 1342 1
2324 1343 1
1343 1345 1
1711 1343 1
1346 1343 1
2324 2244 -1
1343 2324 -1
1343 2412 -1
1343 1346 -1
2412 1343 1
2412 1711 1
2412 2126 1
1711 1349 1
1349 1711 1
1343 1711 -1
1343 2126 -1
2244 2324 1
2412 2244 1
2244 2412 1
1343 2244 1
2324 2412 -1
1346 2324 1
2324 1346 1
1711 2324 1
1345 1343 1
1343 1349 -1
2244 1343 1
2126 2412 1
1352 2126 -1
1355 2358 1
2358 2404 -1
2358 1355 1
1355 2116 -1
1355 2404 1
2116 2404 1
2404 2116 1
1498 1358 1
1360 1358 1
1358 1360 1
1358 2175 1
1358 1498 1
1363 1362 1
1362 1363 1
2358 1365 1
1366 1365 1
1365 1366 1
1365 2358 1
1372 1373 1
1372 1371 1
1369 1371 1
1370 1372 1
1372 2234 1
1369 1372 1
1371 1372 1
1373 1372 1
2195 1371 1
1372 1369 1
1372 1370 1
2195 1372 1
1371 1369 1
2052 1374 1
1374 2052 1
1377 1376 1
1376 1377 1
1378 1379 1
1379 1378 1
1383 2500 1
2353 2443 1
2353 1383 1
2353 2500 1
2443 2353 1
2500 1383 1
2443 2500 1
2500 2353 1
2443 1383 1
2500 2443 1
1383 2443 1
1383 2353 1
2324 2429 -1
2460 2429 1
2322 1385 1
2429 2324 1
2322 2429 -1
2429 1385 1
2460 1754 1
1754 2460 1
1385 2324 1
1385 2429 1
2324 2460 1
2429 1754 1
1385 1754 1
1754 1385 1
2324 1385 1
2429 2460 1
1754 2429 1
2460 2324 1
1385 2322 1
1385 2460 1
1391 2423 -1
1391 2443 -1
1396 2500 1
1397 2491 1
1393 1397 1
2500 1399 1
1393 2500 1
1399 2500 1
1393 2491 1
1393 1396 1
2491 1393 1
1399 1393 1
2500 1396 1
2500 1393 1
1395 1393 1
1396 1393 1
1393 1395 1
1397 1393 1
1393 1399 1
1401 1999 1
1805 1401 1
1999 1805 1
1805 1999 1
2467 2497 1
2288 2494 1
2467 2201 1
2494 1406 1
1417 1415 1
1417 2244 1
1407 1417 1
2153 2294 1
2153 1417 1
2494 2288 1
1417 1407 1
2309 2244 1
2244 1417 1
2494 1417 1
1884 1417 1
1417 1884 1
2244 2201 1
1408 1417 1
2309 2491 1
1884 2467 1
1884 2201 1
2494 2309 1
2294 2491 1
2201 1417 1
1406 2494 1
2497 2288 1
2201 2467 1
2491 1417 1
2244 2294 1
2467 2244 1
2288 1417 1
1417 2153 1
2244 2467 1
1406 1417 1
2153 2201 1
1416 2153 1
2497 2494 1
2294 1417 1
2288 2201 1
2467 1884 1
2201 2294 1
2494 2467 1
1417 2309 1
2494 2201 1
1417 1406 1
2491 2294 1
1417 2494 1
2201 2491 1
2244 2288 1
1415 1417 1
2294 2201 1
2467 2494 1
2288 2244 1
2309 2494 1
1417 2288 1
2201 1406 1
2494 2244 1
2497 1417 1
2309 2288 1
2244 2497 1
1417 1416 1
2244 1884 1
2491 2201 1
2288 2467 1
2244 2309 1
2309 1417 1
1417 2491 1
2201 2244 1
1406 2201 1
2244 2494 1
1884 1406 1
1884 2494 1
2201 2309 1
2201 1884 1
2491 2309 1
1884 2288 1
2288 2497 1
2497 2467 1
2294 2244 1
2467 2288 1
1417 2294 1
2201 2494 1
2288 1884 1
2288 2309 1
2494 2497 1
2294 2153 1
2494 1884 1
1417 2497 1
2201 2288 1
1417 2467 1
1416 1417 1
1406 1884 1
1417 2201 1
1421 1495 1
1423 2075 1
1423 1760 1
1760 1423 1
2075 1423 1
1426 2443 -1
1430 1429 1
1428 1429 1
1429 1428 1
1427 1428 1
1429 1430 1
1428 1430 1
1430 1428 1
1428 1427 1
1431 2423 -1
1431 2443 -1
1436 2500 1
2500 1436 1
1436 2491 1
2500 1437 1
1436 1437 1
2491 1436 1
1438 2491 1
1440 1441 1
1441 1440 1
2491 1442 1
1442 1444 1
1442 2491 1
1444 1442 1
1447 1869 1
1450 1447 1
1447 1449 1
1447 1446 1
1447 1450 1
1869 1446 1
1449 1447 1
1869 1447 1
1446 1447 1
1447 2443 -1
1446 2443 -1
1446 1869 1
1451 2491 1
1455 1454 1
2491 1455 1
1454 1455 1
1455 2491 1
1461 1456 1
1458 1456 1
1460 1456 1
1456 1461 1
1458 1457 1
1459 1456 1
1457 1458 1
1456 1457 1
1456 1460 1
1457 1456 1
1456 1458 1
1456 1459 1
1463 1464 1
1463 2491 1
1465 1467 1
1467 1466 1
1467 1465 1
2429 2462 1
2462 1468 1
2462 2429 1
2429 1468 1
1468 2429 1
1477 2050 1
1477 2371 1
2050 2440 1
1477 2440 1
1477 2123 1
1476 2123 -1
2440 2050 1
2123 2440 1
2123 1477 1
1477 1813 1
2123 1813 1
2050 1477 1
1813 2123 1
1476 1477 -1
1479 1478 1
1478 1479 1
1481 2322 1
2322 1481 1
2462 2443 1
2443 2469 1
2469 1483 1
2469 2443 1
2469 2462 1
1483 2462 1
1483 2443 1
2443 2462 1
2462 2469 1
1838 1487 1
1488 1487 1
1487 1488 1
1487 1838 1
2500 1490 1
1490 2473 1
1490 2500 1
2473 1490 1
1665 2403 1
1493 2403 1
1493 1665 1
2403 1665 1
1496 1502 1
1502 1501 1
1502 1498 1
1502 1499 1
2188 1502 1
1502 1495 1
1702 1502 1
1502 2188 1
1504 1502 1
1495 2188 1
1502 1504 1
1502 2487 1
1502 1496 1
1495 1502 1
1498 1502 1
1499 1502 1
2188 1495 1
1501 1502 1
2487 1502 1
1502 1702 1
1505 2455 1
2455 1505 1
1511 1509 1
2337 2429 1
1805 1509 1
1509 2429 1
1509 1508 1
1509 1511 1
2337 1509 1
1509 1805 1
2429 2337 1
1805 2337 1
2337 1805 1
2429 1509 1
1510 1509 1
1508 1509 1
1515 1514 1
2455 1515 1
1515 2455 1
1516 1515 1
1514 1515 1
1518 2078 1
2078 1518 1
1868 2404 -1
2467 1520 1
1868 2422 -1
2467 2412 1
1523 2467 1
1523 1533 -1
2467 1868 1
2219 1526 1
1523 2412 1
1523 1868 1
2404 1533 1
2195 1526 1
2422 1523 -1
2448 2467 -1
2412 2467 1
2448 1868 1
2448 1523 1
2412 1523 1
1526 2404 1
2448 2412 -1
1520 2467 1
1533 2404 1
1523 2404 -1
1523 2422 -1
2219 2448 1
1868 2448 1
2404 1526 1
2467 2404 1
2219 1520 1
1868 2467 1
1520 1523 1
2219 1523 1
2467 1526 1
2195 1533 1
2448 2422 1
1523 1526 -1
2448 2404 -1
2219 2412 1
1523 2460 1
1868 1523 1
1526 2448 1
1522 1523 1
2412 1526 1
2460 2448 1
2448 1526 1
1526 1523 -1
2467 2448 1
1523 2448 1
1523 2195 -1
2404 2448 1
1526 2467 -1
2404 2195 1
2195 2404 1
2448 2460 1
2404 2467 1
2412 2460 1
2460 2412 1
1526 2412 1
2412 2448 1
1535 2201 1
2294 1535 1
2294 2201 1
2294 1543 1
2201 1543 1
2201 2294 1
2201 1535 1
1543 2201 1
1543 2294 1
1543 1535 1
1535 1543 1
1535 2294 1
1560 1563 1
1540 1555 1
1546 1563 1
1782 1563 1
1559 1563 1
1562 1563 1
1550 1563 1
1560 2078 1
1555 1550 1
1805 1563 1
1548 1805 1
1715 1563 1
1563 2078 1
1805 2201 1
1550 2201 1
1561 1563 1
2201 1805 1
1563 1559 1
2201 1543 1
1550 1542 1
2078 1563 1
1558 1563 1
2201 2432 1
2201 1555 1
2132 1555 1
1563 1635 1
1555 1563 1
2078 1560 1
1540 1563 1
2201 2175 1
2201 1782 1
1563 2175 1
1555 1805 1
2432 1555 1
2132 1563 1
1635 1563 1
1561 1635 1
1555 2132 1
2175 1563 1
1549 1563 1
2201 1562 1
1561 2078 1
1563 1561 1
1563 1562 1
1554 1563 1
1546 2201 1
1548 1563 1
1546 1555 1
1543 1563 1
1782 2201 1
1563 1555 1
1549 1547 1
1872 1542 1
1563 1547 1
1550 1555 1
1563 1560 1
2201 1563 1
1563 1782 1
1547 1549 1
1563 1872 1
1805 1555 1
2432 1563 1
2132 2201 1
1542 1872 1
1872 1563 1
2078 1561 1
1563 1805 1
1563 1554 1
2201 1546 1
1547 1563 1
1563 1558 1
1542 1563 1
2175 2201 1
1549 2201 1
2201 2132 1
2201 1872 1
1548 2201 1
1543 2201 1
1564 1565 1
1565 1564 1
1567 1568 1
1568 1567 1
2328 1567 1
2328 1568 1
1567 2328 1
1570 2498 1
2498 1570 1
1571 2052 1
1572 2052 1
2052 1571 1
1572 1571 1
2052 1572 1
1571 1572 1
1575 1574 1
1575 2399 1
1574 1575 1
2399 1575 1
2349 1578 1
1578 2349 1
1580 2491 1
2491 1580 1
1581 1582 1
1582 1581 1
1585 1584 1
1588 1586 1
1586 1588 1
1587 1586 1
1586 1585 1
1586 1587 -1
1584 1586 1
1583 1586 1
1585 1586 1
1590 2403 1
2201 1591 1
1591 2201 1
1594 2491 1
2491 1594 1
2078 1595 1
1595 2078 1
2363 2424 1
2424 2363 1
2363 1597 1
1597 2363 1
2424 1597 1
1597 2424 1
1602 1605 1
1605 2500 1
2498 1605 1
2500 2498 -1
1605 2441 1
1605 1602 1
2459 1605 1
2441 1605 1
2500 1605 1
1605 2459 1
1605 2498 1
1608 2448 1
1608 2383 1
2383 1608 1
2448 1608 1
2383 2488 1
2488 1608 1
2488 2383 1
1608 2488 1
1613 1618 1
1616 1618 1
1618 2412 1
1618 1614 1
1611 1613 1
1618 1616 1
1872 1618 1
1611 1618 1
1614 1618 1
1618 1872 1
1615 1618 1
1618 1611 1
2123 2412 1
1618 1613 1
1618 1615 1
1611 1614 1
1613 1611 1
1618 2123 1
2412 2123 1
2412 1618 1
1622 2412 1
1622 1620 1
1623 1622 1
1619 1622 1
2412 1622 1
1622 1623 1
1620 1622 1
1625 1628 1
1628 1744 1
1628 2331 1
1628 1625 1
2331 1628 1
1625 2331 -1
1626 1628 1
1629 1631 1
2105 1629 1
1629 2105 1
1631 2105 -1
2105 1631 -1
1631 1629 1
2294 1632 1
1632 2294 1
1636 2385 1
2385 1636 1
1636 1635 1
1641 1639 1
1643 2324 1
1641 1643 1
2412 1641 1
1641 2324 1
1641 2412 1
1643 1641 1
2459 1641 1
2324 2110 1
2110 2324 1
1643 2412 1
2110 1641 1
2324 1643 1
1641 2459 1
1641 2110 1
2324 1641 1
2324 2412 -1
1639 1641 1
2412 1643 1
1648 2375 1
1788 1660 1
2400 2403 1
2195 1657 1
1653 1660 1
2375 1660 1
1649 2132 1
1899 2404 1
1649 1657 1
2195 1660 1
2404 1788 1
2132 2375 1
1648 1649 1
1653 2195 1
1648 1899 1
1649 1659 1
1788 2375 1
1899 2058 1
2195 2116 1
2400 1648 1
2195 2375 1
2404 2132 1
2404 1654 1
2404 1657 1
1649 1660 1
2400 2404 1
1648 1657 1
2195 1649 1
2195 1899 1
1649 2195 1
1657 2132 1
2404 2116 1
1648 1659 1
1656 1899 1
1654 2058 1
2132 1657 1
2403 2375 1
2404 2195 1
2404 1649 1
2400 1788 1
2404 1899 1
2058 2400 1
1656 1788 1
1788 1657 1
1648 2195 1
2058 2404 1
2403 1899 1
1899 1648 1
1660 1899 1
1899 1654 1
1656 1657 1
2058 1648 1
2132 2403 1
1657 2116 1
1659 2404 -1
2400 2132 1
2403 1788 1
1649 2058 1
1788 1656 1
1788 2403 1
2132 1649 1
2058 2375 1
1899 2116 1
2375 2403 1
1656 1660 1
2404 1659 1
1657 1899 1
2400 1654 1
1788 1649 1
2403 1659 1
1648 2404 1
2403 1648 1
2403 1654 1
2400 1660 1
2116 1657 1
2404 1660 1
2132 2404 1
2403 1660 1
1648 2058 1
2058 1788 1
1649 1656 1
1649 2403 1
1654 1660 1
2400 2116 1
2375 2400 1
1746 2403 1
1788 2404 1
1653 2404 1
2375 2404 1
1746 1649 -1
2400 2375 1
1660 2403 1
2195 2404 1
2375 1648 1
2058 2132 1
2400 1649 1
2195 1648 1
2058 1657 1
1653 2058 1
2375 2058 1
2400 1899 1
1649 1648 1
2195 2058 1
1648 2403 1
1648 1788 1
1649 2404 1
1899 1660 1
2058 2116 1
2058 2195 1
2132 1788 1
2400 1657 1
1657 1649 -1
1660 2404 1
1899 2195 1
1660 1648 1
1648 1654 1
1653 1788 1
2058 1649 1
2375 1788 1
2195 1656 1
2195 2403 1
1899 2375 1
2058 1899 1
2116 2404 1
2195 1788 1
1648 2400 1
2132 2400 1
1659 2375 1
1649 1746 1
1788 2132 1
1653 2132 1
2116 2058 1
2132 1648 1
2375 2132 1
2375 1657 1
2404 1653 1
2400 2195 1
2195 2132 1
1660 2375 1
2132 2058 1
2132 2116 1
2404 1656 1
2404 2403 1
1649 1788 1
2195 2400 1
1788 1648 1
1653 1648 1
1657 2058 1
1788 2058 1
1654 2403 1
1660 1788 1
2375 2195 1
1653 2375 1
1649 1654 1
1656 2404 1
1746 2404 -1
2058 1660 1
1654 1899 1
1653 1649 1
2375 1649 1
1660 2132 1
2404 2400 1
1648 2132 1
2375 1899 1
1657 1656 1
2403 2404 1
1649 2116 1
2404 1648 1
1654 2404 1
2400 2058 1
1649 2375 1
1899 1656 1
1899 2403 1
2404 2058 1
1648 1660 1
1659 2403 1
1649 1899 1
2132 1660 1
1657 2400 1
1660 2195 1
2375 1659 1
1660 1649 1
2404 2375 1
1657 2404 1
2132 2195 1
1663 1665 -1
1665 2139 1
1899 1665 1
1899 2139 1
1663 1899 1
1665 1899 1
1663 2139 1
1668 2448 1
1670 2491 1
1671 1869 1
1869 1671 1
1677 1674 1
1674 1675 1
1678 1674 1
1674 1678 1
1674 1673 1
1674 1679 1
1679 1674 1
1674 1676 1
1674 1677 1
1675 1674 1
1681 2201 1
2201 1681 1
1682 1683 1
1682 2491 1
2491 1682 1
2491 1683 1
1683 2491 1
1683 1682 1
1685 1686 1
1686 1685 1
1688 1687 1
1687 1688 1
1691 1690 1
2491 1691 1
1691 2491 1
1692 1691 1
1691 1692 1
2440 2500 1
1695 2500 1
2500 2440 1
1694 2440 1
2500 1694 1
1695 1694 1
2440 2201 1
2500 2201 1
1694 2500 1
1698 1694 1
1694 1695 1
2440 1694 1
2201 1694 1
1703 1700 1
1703 2175 1
2429 1700 1
2175 1703 1
2429 1703 1
1700 1703 1
1702 1703 1
1703 1702 1
1700 2429 1
1703 2429 1
2494 2342 1
2403 2342 1
2403 1704 -1
2403 2494 -1
2342 1704 -1
1704 1730 -1
1704 2342 -1
1704 2494 -1
1730 2342 1
2342 1730 1
2342 2494 1
1712 1710 1
1710 1712 1
1825 1712 1
1710 1711 1
1710 1825 1
1712 1825 1
1825 1710 1
1936 1714 1
1714 1936 1
1718 1717 1
1715 1718 1
1718 2237 1
1718 1715 1
1717 1718 1
2237 1718 1
1718 1999 1
1904 1721 1
1721 2468 1
1721 1904 1
2468 1721 1
1721 2443 -1
2477 1724 1
1724 2477 1
1728 1726 1
1726 1728 1
1726 2491 1
2491 1726 1
2491 1728 1
1733 2342 -1
1733 1729 1
1729 1733 1
2494 2342 1
1729 2342 -1
1730 2342 1
1733 2494 -1
2342 1730 1
2342 1729 -1
2342 2494 1
1729 2494 -1
1733 1730 -1
1736 2123 1
1736 2497 1
2491 1737 1
1737 2491 1
1740 1739 1
1745 2440 1
1745 1744 1
1744 2440 1
1744 1745 1
2456 2440 1
1745 1741 1
2440 1744 1
2440 2456 1
1745 2456 1
1747 1746 1
1747 1899 1
1749 2404 1
1754 2390 1
1752 2358 1
2390 1752 1
1752 1753 1
2358 1756 1
2390 1754 1
1752 1754 1
1756 1752 1
1756 2358 1
1753 1752 1
2358 1752 1
1754 1752 1
1752 2390 1
1752 1756 1
2352 1757 1
1757 2352 1
1760 1759 1
1759 1760 1
2299 1762 1
1762 2299 1
2494 2501 1
1767 1770 1
1767 2476 1
1764 1767 1
1775 2443 -1
2440 1764 1
1767 2494 1
2476 1767 1
2440 1772 1
1764 2440 1
2370 2443 -1
2494 1767 1
2494 2440 1
2443 2501 1
1767 1775 1
1767 2440 1
2494 1775 1
1763 1767 1
1770 2370 1
2370 1770 1
2440 2494 1
1775 2494 1
1772 1767 1
2443 2494 1
1772 2440 1
2443 2440 1
2440 1767 1
1775 1767 1
1767 1763 1
2370 1767 1
2494 2443 1
2440 2443 1
1767 2370 1
1767 2443 -1
1767 1772 1
1767 1764 1
2370 2440 1
1767 1768 1
1768 1767 1
1767 2501 1
1770 1767 1
2440 2370 1
1788 1789 1
1868 2411 1
1782 2411 1
1789 1782 1
1789 1777 1
2452 2448 1
2448 1868 1
1782 1789 1
1868 1789 1
1777 2417 -1
2417 1789 1
1788 1787 1
1787 2452 -1
2452 1787 -1
1776 1778 -1
2448 2412 -1
1789 2411 1
2412 1788 1
1788 2452 1
1781 1789 1
1778 1789 1
2452 1868 -1
2448 1778 1
2411 2448 1
1777 1789 1
1787 2412 1
2452 1788 1
2448 2417 1
2448 1782 1
1782 2448 1
1868 2448 1
2412 2417 1
2417 2448 1
2412 2411 1
1788 1868 1
2448 2411 1
1788 2412 1
1777 2448 1
2411 1787 1
2412 1787 1
2411 2452 1
2448 1777 1
1781 2448 -1
1789 1787 1
2411 1868 1
2411 2412 1
2452 1782 1
1789 1868 1
2448 1789 1
2417 1868 1
1782 2452 1
1782 1788 1
2412 1789 1
2417 2412 1
2417 2452 1
1776 1789 -1
1788 1782 1
1778 2448 1
2411 1788 1
1787 1789 1
2452 2417 1
1788 2411 1
2452 2411 1
1789 2412 1
1789 2452 1
1789 1788 1
1776 2448 -1
2411 1782 1
1789 1781 1
2411 2417 1
1789 1778 1
2448 1776 1
2412 2448 1
1790 1791 1
1790 2318 1
1791 2318 1
2318 1790 1
2318 1791 1
1791 1790 1
1793 2452 1
2452 1793 1
1796 2390 1
1796 2007 1
1796 2491 1
2491 1796 1
2390 1796 1
2007 1796 1
1904 1800 1
1800 1904 1
1802 1801 1
1801 1802 1
2491 1804 1
1804 2491 1
1805 1806 1
1806 1805 1
1806 1807 1
1807 1806 1
2318 2056 1
2318 1811 1
1811 2318 1
2056 1811 1
2491 2056 1
2491 2318 1
2491 1811 1
2056 2491 1
1811 2491 1
2056 2318 1
1811 2412 1
1811 2056 1
2412 1811 1
1813 1821 1
1817 1813 -1
1820 2324 1
2324 2383 1
1818 1821 1
1821 1818 1
1817 1821 1
2324 1813 1
1820 2491 1
1813 1817 -1
1821 2383 1
1821 1813 1
2491 1821 1
1813 2324 1
2383 2416 1
1821 2416 1
2383 1821 1
2324 2416 1
2324 1821 1
2416 2383 -1
2491 1820 1
2416 1821 1
2383 2324 1
1821 2491 1
1821 2324 1
2324 1820 1
1820 1821 1
2416 2324 -1
1821 1817 1
1821 1820 1
1822 1823 1
1823 1822 1
1824 1827 1
1827 1824 1
1826 1824 1
1827 1826 1
1825 1826 1
1826 1827 1
1829 2324 1
2324 1829 1
1830 1831 1
1831 1830 1
2460 1834 1
1832 1834 1
1834 2460 1
1834 2494 1
1834 1832 1
2460 2494 1
2494 1834 1
2494 2460 1
1837 2491 1
2491 1837 1
1838 1839 1
1839 1838 1
1842 2491 1
2491 1844 1
1842 1844 1
1844 1842 1
1840 1842 1
2491 1843 1
1843 2491 1
1842 1843 1
1844 2491 1
1843 1842 1
1842 1840 1
2322 2412 1
2322 1846 1
1846 2412 1
2412 1846 1
1846 2322 1
2412 2322 1
1849 2491 1
1851 2107 1
2107 1851 1
1853 2491 1
2129 2448 1
2448 2129 1
1858 2126 -1
2129 1858 1
2448 1858 1
2252 1858 1
2252 2126 -1
1858 2448 -1
1862 1859 1
1859 1862 1
1861 1862 1
2105 1862 1
1862 1863 1
1862 1861 1
1862 2105 1
1898 2288 1
2288 2494 1
2467 2449 1
2443 2123 1
2443 1886 1
1886 1879 1
2500 1869 1
2467 2328 1
1886 1897 1
1955 2500 1
2175 1889 1
1869 2342 1
2288 1898 1
1869 1900 1
1900 2494 1
2494 1926 1
1886 1864 1
1886 1884 1
2494 1900 1
1899 2376 1
1884 1900 1
1926 1869 1
2376 2500 1
2403 1866 -1
2500 1898 1
2443 2118 1
1899 2123 1
1864 2403 1
2376 2449 1
1886 1868 1
2449 2443 1
2500 2123 1
1896 1886 1
2123 2443 1
1900 2376 1
2467 1900 1
2494 2288 1
1926 2376 1
1897 1886 1
1886 1926 1
1900 2288 1
1955 1872 -1
2500 1886 1
1886 1900 1
1886 2494 1
1886 2455 1
2288 2328 1
1886 1955 1
2500 2024 1
1878 2024 1
2376 1926 1
2328 2467 1
2494 1886 1
1886 1885 1
1879 2342 1
1886 1898 1
2123 1866 1
2500 1864 1
2376 2494 1
2403 2123 1
1900 1886 1
2500 2403 1
1888 2342 1
1926 2449 1
2500 2449 1
2500 2328 1
2500 2118 1
2403 1884 -1
2342 1898 1
1886 2288 1
1866 2342 1
1884 2467 1
2449 1872 1
1879 1886 1
1876 1886 1
2494 2118 1
1884 2403 -1
1868 2342 -1
2123 1898 1
2449 2342 1
1868 1872 1
2403 1899 1
2376 2288 1
2443 2500 1
1926 2494 1
2500 2494 1
1955 1886 1
2024 2500 1
2288 1900 1
1876 1868 1
2288 2342 1
1879 1884 1
2342 1886 1
1889 2175 1
1898 2500 1
2376 1886 1
2403 2494 -1
1888 1884 1
2500 2288 1
2500 1885 1
2024 2467 1
1886 2403 -1
2500 1902 1
1886 1874 1
1886 2118 1
1868 1886 1
1886 1896 1
2500 2376 1
2288 2443 1
2123 2500 1
2342 2449 1
2342 1888 1
1884 2342 1
1898 2467 1
2403 2342 1
2123 1884 1
2342 1926 1
2403 2288 -1
1869 2500 1
1872 1877 1
1872 2467 1
2123 2024 1
2449 2467 1
2123 1868 1
2342 2494 1
2123 2403 1
1900 2123 1
1879 1898 1
2118 1886 1
1884 2443 1
1888 2123 -1
1926 1886 1
2118 2500 1
1885 2376 1
2494 2500 1
2467 2443 1
2467 1884 1
1869 1899 1
2024 2288 1
1886 1889 1
1879 2288 1
1885 1886 1
1902 1886 1
1955 1902 1
2376 1900 1
1902 2443 -1
2123 1900 1
1902 2500 1
1885 2500 1
1872 1955 -1
2494 2467 1
1868 1876 1
2376 1885 1
1898 1879 1
1866 1879 1
2024 1886 1
1886 2123 -1
1869 2288 1
1886 2500 1
2494 1866 1
2500 1955 1
2500 2342 1
2449 1879 1
2123 2288 1
1884 1869 1
1888 1886 1
1879 2449 1
1868 2123 1
2467 2494 1
2443 1884 1
1877 1872 1
1866 1886 1
2288 1879 1
2024 2449 1
1876 1955 -1
1888 2449 1
1869 1886 1
1872 1886 1
1886 2467 1
2449 1886 1
1900 2342 1
1866 2024 1
2123 1886 1
1898 1884 1
2449 2500 1
2449 2024 1
2494 2342 1
2443 2494 1
2376 1899 1
1889 1886 1
2024 2494 1
1886 1866 1
2288 2500 1
2288 2024 1
1877 1886 1
2449 1884 1
1872 1884 1
1878 2123 1
1868 2024 -1
2500 2443 1
2288 2467 1
1886 2175 1
2450 1886 1
2328 2500 1
1955 1876 -1
2449 1926 1
2342 1900 1
2494 2443 1
1878 1886 1
2467 2500 1
2443 1878 1
2288 1866 1
1886 2450 1
1869 1926 1
1886 2342 1
1866 2288 1
2403 2500 1
1864 2500 1
1900 2467 1
1876 2443 1
1898 2376 1
2467 2024 1
2449 2288 1
1926 2328 1
2288 1869 1
2467 1868 1
1866 2376 1
1876 2467 1
1898 1886 1
1898 2123 1
2449 1885 1
2123 2342 1
2450 2494 -1
1866 2123 1
1886 2443 1
2449 2376 1
1885 2449 1
1884 2494 1
1886 2024 1
2342 1884 1
1874 1886 1
2118 2494 1
2328 2288 1
1874 2123 1
2494 1898 1
1884 1872 1
1884 1898 1
2288 2376 1
1926 2342 1
2443 2403 1
1886 1888 1
1886 2449 1
2175 1886 1
2288 1886 1
1886 1899 -1
2288 2123 1
1866 2403 -1
1884 2288 1
1886 1877 1
2123 2467 1
2494 2376 1
1868 2467 1
2376 1866 1
2467 2288 1
1899 2403 1
2123 1888 -1
2288 1884 1
2443 1955 1
2288 2403 -1
1872 1868 1
1902 1955 1
2449 1888 1
2494 1879 1
2328 1886 1
1886 1869 1
1872 2449 1
2024 2342 1
1884 1886 1
1886 1872 1
1884 1879 1
1869 1884 1
1868 1899 -1
1898 2494 1
2342 1872 1
1878 2443 1
1898 2342 1
2494 1884 1
2467 2123 1
2288 2449 1
1866 2494 1
2376 1898 1
2443 2288 1
2123 1874 1
2500 2467 1
1886 1878 1
1900 1884 1
1886 1902 1
1886 2376 1
2494 2024 1
1864 1886 1
1884 2024 1
2328 1926 1
1903 1904 1
1904 1903 1
1905 1903 1
1903 1905 1
2440 1906 1
1906 2440 1
1909 2105 1
2274 1909 1
2105 1909 1
1909 2274 1
2237 1911 1
1911 2237 1
1913 2491 1
2491 1913 1
1915 1916 1
1916 1915 1
2276 2498 1
2412 2276 1
1917 2130 1
2462 1955 1
2462 1932 1
1955 2500 1
2412 2500 1
2123 2422 1
1917 1923 1
2201 2324 1
2366 1917 1
2498 2473 1
2130 2324 1
2353 1944 1
1926 2353 1
2366 2324 1
2501 2412 1
2302 2130 1
2324 1917 -1
1923 2500 1
2201 2412 1
1955 2412 -1
1955 1944 1
2299 2473 1
1917 2422 1
1917 1924 1
2500 2123 1
2118 2498 1
1950 2498 1
2412 2353 1
1946 1917 1
2324 2501 -1
1944 1917 1
1951 2302 1
2462 2324 1
2500 1917 1
1940 2501 1
2500 2501 1
2501 2353 1
2498 1923 1
1932 2324 1
2123 2412 1
2130 1955 1
2302 2462 1
1917 2276 1
1925 1917 1
2276 2201 1
2324 2299 1
2498 1950 1
1956 2412 1
1923 2498 1
2500 2118 1
2500 1947 1
1936 1950 1
1947 2324 1
2500 2366 1
2412 2123 1
1917 2412 -1
2123 2353 1
2299 1950 1
1917 1947 1
2353 1917 1
2353 1937 1
2462 2498 1
2353 2473 1
2498 2123 1
2353 2500 1
2324 2498 1
2498 1917 1
2366 2123 1
2324 1955 -1
1939 2324 -1
1917 1929 -1
2123 1939 -1
1955 1917 1
2500 1923 1
1936 1917 1
2412 2501 1
2501 2500 1
1917 1955 1
2130 1917 1
2299 1917 1
2317 1917 1
1917 1932 1
2473 2498 1
1947 2353 1
2498 2501 1
2366 2501 1
2353 1926 1
2498 2118 1
2498 2276 1
2500 1932 1
2462 2123 1
1923 1917 1
1917 1930 1
1917 1939 -1
2412 2366 1
1944 2123 1
1917 1950 1
2123 2500 1
2324 2123 -1
2324 1925 1
2501 1956 1
2353 2498 1
2498 2366 1
1956 2500 1
2366 2353 1
2501 1923 1
1923 2501 1
2366 2498 1
1944 2501 1
1917 2123 1
2353 1932 1
2201 1924 1
1917 1920 1
2123 1944 1
2473 2123 1
2498 1932 1
2118 2473 1
1917 2324 1
1926 1917 1
2118 2500 1
2130 2462 1
1944 2324 1
1956 1944 1
1939 2123 -1
2324 1956 1
2353 2123 1
2302 1951 1
2500 2412 1
2500 2324 1
1944 1947 1
2422 1917 1
2500 1948 1
1917 2501 1
1937 2353 1
2130 2302 1
1917 2299 1
1931 1917 1
2324 2366 -1
1939 1917 -1
2473 2201 1
2473 2118 1
1917 1944 1
2324 2130 1
1925 2324 1
2324 2462 -1
2462 1940 1
2462 2302 1
1947 1944 1
2353 2501 1
1944 1955 1
2201 1937 1
2201 2473 1
1917 1926 1
2500 1955 1
2130 2500 1
1917 2498 1
2412 1956 1
2353 2324 1
2412 2201 1
2473 2366 1
1932 2462 1
2498 2324 1
2353 1947 1
1955 2501 -1
2501 1944 1
2500 2462 1
2462 2473 1
2366 2201 1
1948 2500 1
1955 2324 1
1955 2130 1
1946 2500 1
1917 1936 1
2473 1932 1
1939 2366 -1
2501 1947 1
2123 1917 1
2299 2324 1
2324 1923 1
2501 2366 1
2412 1940 1
1936 2366 1
2501 2498 1
1956 1917 1
1923 2324 1
1932 2473 1
1932 2500 1
2412 1955 1
2123 2501 1
2123 2201 1
1950 2462 1
1940 2412 1
2422 2123 1
1956 2501 1
2462 2412 1
2118 1917 1
1955 2462 1
1947 2500 1
2462 2130 1
2302 2123 1
2500 2201 1
2123 2366 1
1917 1956 1
2201 1917 1
2412 2473 1
1930 1917 1
1932 2353 1
2473 2324 1
2422 2501 1
1951 1917 1
2324 2353 -1
1917 2353 1
2123 2498 1
1944 1956 1
1917 1931 1
2302 1917 1
2500 2130 1
2501 1917 1
1951 2500 1
1944 2353 1
2366 2473 1
2366 2500 1
2462 2422 1
2500 2353 1
1950 2500 1
2473 2299 1
2462 1950 1
1946 2422 1
2473 2412 1
2324 2422 -1
2201 2501 1
2201 2276 1
1940 2462 1
2324 1939 -1
2353 1953 1
1917 1940 1
2501 2324 1
1924 2201 1
2500 2498 -1
2353 2412 1
1917 2462 1
2500 1950 1
2500 1940 1
1953 2353 1
2462 1917 1
1948 1917 1
2473 2353 1
2500 1946 1
2500 1951 1
1917 2302 1
2201 2366 1
2366 2412 -1
2123 2473 1
1932 1917 1
1917 1946 1
2422 1946 1
1917 1951 1
2324 2473 -1
2353 2422 1
1944 2500 1
2501 1940 1
2422 2462 1
1940 2500 1
1947 1917 1
1937 2201 1
2123 2324 1
2412 2462 1
1917 1937 1
1917 1925 1
1917 2473 1
1917 2500 1
2501 1955 1
2500 1956 1
2324 2412 -1
2324 1944 1
1956 2324 1
2498 2462 1
2324 1947 1
1953 2473 1
2500 1944 1
1917 1953 1
1932 2498 1
2473 1953 1
1958 1960 1
1959 1958 1
1960 1958 1
1958 1959 1
1961 1962 1
1964 1963 1
1964 1965 1
1963 1964 1
1965 1964 1
2472 1969 1
1969 2472 1
1969 2416 1
1967 2472 1
1969 1967 1
1967 1969 1
2472 1967 1
2416 1969 1
2363 1971 1
1972 2359 1
1977 2443 -1
1975 1976 1
1975 2443 -1
1977 1976 1
1976 1977 1
1976 1975 1
1976 2443 -1
1981 1983 1
1981 1982 1
1979 1981 1
1981 2462 1
1982 1981 1
1981 1979 1
1981 1978 1
1985 2376 1
2376 1985 1
2318 1988 1
1988 2088 1
2358 2404 -1
1988 2358 1
2318 2358 1
2088 1988 1
2404 1988 1
1988 2318 1
2318 2404 1
1988 2404 1
2358 1988 1
2404 2318 1
2385 1991 1
1991 2385 1
1993 2294 1
2294 1993 1
1995 1996 1
1996 1995 1
1997 1999 1
1997 1998 1
1998 1997 1
2003 2352 1
2003 2468 1
2105 2003 1
2105 2468 1
2004 2000 1
2006 2000 1
2000 2003 1
2003 2000 1
2000 2006 1
2004 2352 1
2003 2004 1
2007 2003 1
2352 2004 1
2006 2105 1
2000 2004 1
2003 2006 1
2003 2007 1
2003 2105 1
2468 2003 1
2468 2105 1
2006 2003 1
2009 2491 1
2496 2446 1
2013 2446 1
2496 2013 1
2446 2013 1
2446 2491 1
2496 2014 1
2014 2446 1
2491 2014 1
2446 2496 1
2446 2014 1
2491 2446 1
2014 2013 1
2013 2496 1
2014 2491 1
2014 2496 1
2013 2014 1
2016 2015 1
2015 2016 1
2017 2105 1
2105 2017 1
2021 2020 1
2019 2020 1
2020 2019 1
2022 2020 1
2020 2021 1
2324 2353 -1
2353 2500 1
2324 2129 1
2024 2500 1
2500 2353 1
2035 2033 1
2129 2025 -1
2496 2376 1
2353 2033 1
2353 2324 1
2033 2129 1
2033 2025 -1
2376 2496 1
2496 2032 1
2129 2496 1
2496 2500 1
2376 2500 1
2324 2025 -1
2034 2324 -1
2034 2033 -1
2500 2129 1
2032 2496 1
2023 2033 1
2500 2376 1
2033 2032 1
2129 2500 1
2324 2034 1
2129 2024 -1
2033 2496 1
2500 2496 1
2324 2496 1
2033 2500 1
2496 2033 1
2376 2033 1
2129 2033 1
2496 2324 1
2324 2024 -1
2129 2324 1
2324 2033 1
2032 2033 1
2035 2129 1
2034 2126 -1
2033 2024 1
2500 2024 1
2129 2035 1
2353 2129 1
2033 2324 1
2353 2376 1
2496 2353 1
2376 2353 1
2129 2353 1
2353 2025 1
2353 2496 1
2024 2129 1
2500 2033 1
2500 2324 1
2033 2023 1
2500 2035 1
2035 2500 1
2126 2033 1
2033 2126 1
2033 2353 1
2322 2412 1
2041 2358 1
2037 2469 -1
2322 2037 1
2359 2411 1
2041 2359 1
2491 2322 1
2358 2041 1
2037 2411 1
2359 2041 1
2411 2041 1
2491 2358 1
2359 2358 1
2041 2037 1
2411 2358 1
2041 2411 1
2037 2041 1
2412 2411 1
2037 2322 -1
2358 2491 1
2411 2359 1
2411 2412 1
2037 2358 1
2359 2037 1
2037 2491 1
2322 2491 1
2037 2359 1
2469 2037 1
2037 2412 1
2037 2040 1
2040 2037 1
2358 2037 1
2412 2322 1
2048 2047 1
2047 2048 1
2429 2052 1
2053 2051 1
2429 2110 1
2053 2050 1
2053 2052 1
2110 2053 1
2051 2053 1
2052 2053 1
2051 2429 1
2110 2429 1
2053 2429 1
2429 2053 1
2053 2110 1
2052 2429 1
2429 2051 1
2050 2053 1
2057 2466 1
2056 2057 1
2057 2056 1
2466 2057 1
2404 2058 1
2059 2404 1
2058 2404 1
2059 2058 1
2061 2294 1
2339 2061 1
2294 2061 1
2339 2294 1
2061 2339 1
2294 2339 1
2175 2064 1
2064 2175 1
2066 2491 1
2071 2440 1
2072 2456 1
2440 2068 1
2068 2071 1
2068 2220 1
2071 2068 1
2068 2440 1
2071 2456 1
2456 2071 1
2456 2220 1
2220 2068 1
2220 2456 1
2456 2440 1
2068 2456 1
2440 2071 1
2440 2220 1
2456 2072 1
2068 2072 1
2072 2068 1
2220 2440 1
2440 2456 1
2080 2126 -1
2088 2080 1
2086 2126 -1
2080 2079 1
2074 2080 1
2080 2074 1
2076 2080 1
2078 2080 1
2082 2080 1
2258 2080 1
2080 2083 1
2075 2080 1
2258 2324 -1
2075 2358 1
2080 2258 1
2079 2080 1
2358 2080 1
2080 2082 1
2083 2080 1
2358 2076 -1
2081 2080 1
2080 2324 -1
2080 2088 1
2080 2076 1
2080 2358 1
2086 2080 1
2080 2086 1
2080 2078 1
2080 2075 1
2080 2081 1
2358 2075 1
2090 2407 1
2407 2090 1
2089 2090 1
2092 2090 1
2090 2092 1
2353 2095 1
2353 2376 1
2376 2353 1
2095 2353 1
2095 2376 1
2234 2097 1
2097 2234 1
2098 2097 1
2097 2098 1
2100 2101 1
2101 2099 1
2099 2101 1
2101 2100 1
2103 2473 1
2105 2104 1
2104 2105 1
2108 2107 1
2107 2108 1
2108 2106 1
2118 2112 1
2112 2111 1
2491 2113 1
2111 2112 1
2113 2404 1
2110 2112 1
2491 2112 1
2112 2404 1
2112 2117 1
2117 2112 1
2112 2110 1
2116 2404 1
2404 2113 1
2404 2116 1
2112 2116 -1
2112 2416 1
2112 2113 1
2113 2491 1
2112 2491 1
2113 2112 1
2491 2404 1
2404 2491 1
2416 2112 1
2404 2112 1
2112 2118 1
2119 2120 1
2120 2119 1
2125 2299 1
2467 2299 1
2467 2122 1
2122 2125 1
2130 2125 1
2299 2125 1
2125 2122 1
2122 2123 1
2129 2125 1
2125 2130 1
2121 2125 1
2129 2123 -1
2125 2126 1
2125 2129 1
2123 2125 1
2126 2125 1
2123 2467 1
2129 2501 1
2126 2123 1
2501 2126 1
2467 2129 1
2299 2467 1
2129 2467 1
2123 2501 1
2125 2123 1
2467 2125 1
2123 2122 1
2126 2501 1
2126 2467 1
2501 2129 1
2467 2123 1
2125 2121 1
2125 2501 1
2125 2467 1
2131 2500 1
2131 2132 1
2500 2131 1
2134 2131 -1
2134 2132 -1
2136 2294 1
2294 2136 1
2179 2404 1
2139 2404 1
2137 2179 1
2137 2404 1
2404 2139 1
2137 2139 1
2404 2179 1
2324 2141 1
2141 2324 1
2500 2141 1
2500 2324 1
2141 2500 1
2500 2144 1
2144 2500 1
2148 2146 1
2147 2148 1
2146 2148 1
2353 2443 1
2353 2363 1
2443 2353 1
2443 2152 1
2363 2353 1
2363 2152 1
2152 2443 1
2152 2353 1
2353 2152 1
2154 2153 1
2153 2154 1
2485 2155 1
2158 2155 1
2156 2155 1
2155 2158 1
2155 2156 1
2155 2160 1
2160 2155 1
2407 2155 1
2155 2485 1
2155 2407 1
2165 2164 1
2164 2162 1
2165 2161 1
2161 2162 1
2165 2162 1
2161 2165 1
2163 2165 1
2162 2164 1
2164 2165 1
2162 2165 1
2162 2161 1
2172 2390 1
2172 2462 1
2462 2498 1
2429 2172 1
2498 2359 1
2390 2172 1
2498 2172 1
2359 2172 1
2429 2498 1
2172 2359 1
2429 2462 1
2172 2257 1
2462 2172 1
2462 2257 1
2257 2172 1
2498 2429 1
2498 2462 1
2462 2429 1
2359 2498 1
2172 2429 1
2172 2498 1
2173 2174 1
2192 2173 1
2173 2175 1
2175 2173 1
2178 2452 1
2452 2178 1
2179 2404 1
2403 2404 1
2401 2403 -1
2183 2404 1
2404 2179 1
2183 2401 1
2179 2403 1
2403 2401 1
2179 2183 -1
2401 2183 1
2404 2403 1
2183 2179 -1
2403 2183 1
2183 2403 1
2189 2187 1
2184 2189 1
2186 2189 1
2188 2189 1
2187 2189 1
2185 2189 1
2191 2189 1
2190 2189 1
2189 2188 1
2189 2184 1
2189 2190 1
2189 2191 1
2189 2186 1
2189 2185 1
2192 2193 1
2193 2192 1
2195 2194 1
2194 2404 1
2404 2194 1
2404 2195 1
2195 2404 1
2491 2198 1
2198 2491 1
2205 2294 1
2205 2204 1
2294 2200 1
2294 2205 1
2205 2200 1
2294 2201 1
2200 2294 1
2337 2201 1
2205 2201 1
2205 2337 1
2205 2199 1
2201 2337 1
2201 2294 1
2204 2294 1
2294 2204 1
2208 2209 1
2207 2209 1
2209 2208 1
2209 2206 1
2209 2207 1
2211 2318 1
2214 2491 1
2215 2214 1
2491 2215 1
2215 2385 1
2491 2214 1
2385 2214 1
2385 2215 1
2214 2385 1
2215 2491 1
2216 2491 1
2491 2216 1
2219 2218 1
2218 2220 1
2220 2218 1
2225 2223 1
2294 2223 1
2223 2221 1
2223 2225 1
2222 2223 1
2223 2222 1
2221 2223 1
2223 2294 1
2226 2404 1
2412 2229 1
2229 2412 1
2231 2230 1
2230 2231 1
2233 2232 1
2232 2233 1
2234 2235 1
2235 2234 1
2237 2236 1
2236 2237 1
2239 2491 1
2491 2239 1
2324 2249 1
2342 2240 1
2317 2251 1
2251 2342 1
2251 2244 1
2251 2247 1
2251 2240 1
2462 2342 1
2324 2462 -1
2358 2462 -1
2358 2251 -1
2443 2500 1
2249 2251 1
2244 2342 1
2443 2324 1
2240 2251 -1
2252 2251 -1
2500 2256 1
2258 2500 1
2500 2342 1
2251 2317 1
2324 2244 -1
2257 2251 1
2324 2251 -1
2462 2251 1
2251 2250 1
2251 2443 1
2256 2251 1
2244 2251 1
2500 2462 1
2258 2324 -1
2251 2500 1
2256 2500 1
2244 2500 1
2251 2258 1
2251 2257 1
2246 2462 -1
2246 2251 -1
2462 2443 1
2358 2443 -1
2462 2358 1
2500 2251 1
2249 2324 1
2462 2257 1
2462 2324 1
2500 2258 1
2500 2257 1
2500 2443 1
2257 2500 1
2443 2462 1
2244 2324 1
2250 2251 1
2251 2256 1
2247 2251 1
2240 2342 -1
2462 2249 1
2443 2251 1
2500 2324 1
2255 2251 -1
2258 2251 1
2251 2249 1
2251 2462 1
2263 2264 1
2264 2263 1
2263 2262 1
2263 2468 1
2263 2260 1
2263 2491 1
2468 2260 1
2262 2263 1
2468 2263 1
2260 2263 1
2331 2477 1
2265 2477 1
2331 2265 1
2265 2494 -1
2477 2494 1
2265 2331 1
2494 2477 1
2477 2265 1
2477 2331 1
2270 2269 1
2269 2270 1
2272 2273 1
2273 2272 1
2491 2272 1
2272 2491 1
2275 2274 1
2276 2275 1
2274 2275 1
2275 2276 1
2278 2277 1
2277 2278 1
2280 2279 1
2376 2285 1
2496 2285 1
2494 2363 1
2288 2494 1
2376 2288 1
2497 2285 1
2497 2281 1
2285 2288 -1
2285 2376 1
2281 2497 1
2363 2285 1
2363 2288 1
2363 2376 1
2496 2376 1
2496 2288 1
2497 2288 1
2412 2363 1
2497 2376 1
2363 2496 1
2376 2496 1
2288 2285 1
2288 2376 1
2285 2496 1
2285 2497 -1
2288 2496 1
2281 2363 1
2496 2497 1
2376 2497 1
2497 2496 1
2363 2494 1
2494 2288 1
2494 2376 1
2363 2412 1
2496 2412 1
2288 2497 1
2376 2363 1
2285 2412 -1
2412 2285 1
2412 2288 1
2288 2412 1
2494 2496 1
2496 2363 1
2494 2497 1
2281 2376 1
2496 2494 1
2376 2494 1
2376 2281 1
2497 2494 1
2285 2494 -1
2285 2281 -1
2363 2281 1
2412 2496 1
2441 2290 1
2290 2441 1
2293 2292 1
2294 2292 1
2295 2292 1
2292 2295 1
2293 2294 1
2294 2293 1
2292 2294 1
2292 2293 1
2297 2491 1
2297 2298 1
2298 2491 1
2491 2298 1
2298 2297 1
2297 2300 1
2297 2299 1
2300 2297 1
2491 2297 1
2299 2297 1
2303 2308 1
2461 2303 1
2303 2307 1
2303 2301 1
2303 2305 1
2305 2303 1
2308 2303 1
2302 2303 1
2303 2498 1
2311 2309 1
2311 2400 1
2313 2314 1
2313 2491 1
2314 2313 1
2491 2313 1
2491 2314 1
2314 2491 1
2317 2432 1
2432 2317 1
2316 2317 1
2316 2432 1
2432 2316 1
2319 2324 1
2473 2324 1
2318 2319 1
2324 2319 1
2325 2323 1
2319 2323 1
2473 2448 1
2323 2319 1
2323 2325 1
2324 2448 -1
2322 2319 1
2325 2319 1
2324 2473 -1
2318 2448 1
2319 2318 1
2473 2319 1
2448 2319 1
2473 2325 1
2448 2318 1
2325 2318 1
2319 2325 1
2448 2325 1
2319 2322 1
2325 2448 1
2319 2448 1
2448 2473 1
2325 2473 1
2319 2473 1
2326 2404 1
2340 2337 1
2340 2339 1
2353 2500 1
2465 2340 1
2467 2452 1
2467 2328 1
2339 2500 1
2353 2467 1
2500 2353 1
2500 2339 1
2452 2340 1
2390 2340 1
2341 2340 1
2339 2452 1
2337 2340 1
2340 2390 1
2465 2452 1
2339 2465 1
2340 2462 1
2467 2337 1
2462 2340 1
2467 2353 1
2353 2337 1
2500 2462 1
2339 2337 1
2452 2467 1
2340 2331 -1
2452 2465 1
2465 2339 1
2338 2340 1
2328 2340 1
2353 2339 1
2337 2467 1
2340 2500 1
2467 2462 1
2339 2353 1
2500 2340 1
2462 2452 1
2337 2339 1
2467 2340 1
2452 2339 1
2340 2341 1
2328 2500 1
2328 2467 1
2340 2452 1
2340 2467 1
2340 2465 1
2337 2353 1
2353 2340 1
2467 2500 1
2500 2328 1
2452 2462 -1
2500 2467 1
2339 2340 1
2340 2328 1
2343 2345 1
2345 2343 1
2343 2344 1
2343 2342 1
2342 2343 1
2344 2343 1
2346 2416 1
2348 2346 1
2416 2346 1
2346 2348 1
2349 2350 1
2350 2349 1
2353 2351 1
2357 2351 1
2351 2352 1
2351 2468 1
2351 2353 1
2468 2351 1
2355 2351 1
2352 2351 1
2354 2351 1
2358 2361 -1
2359 2358 1
2359 2361 1
2361 2359 1
2430 2361 1
2361 2358 1
2363 2412 1
2362 2412 1
2412 2362 1
2363 2362 1
2412 2363 1
2443 2448 1
2366 2443 1
2366 2448 1
2372 2365 1
2372 2373 1
2371 2448 -1
2370 2443 -1
2372 2448 1
2448 2372 1
2368 2372 1
2448 2366 1
2372 2370 1
2371 2372 -1
2371 2366 -1
2443 2372 1
2365 2372 1
2443 2366 1
2372 2443 1
2366 2372 1
2372 2366 1
2370 2372 1
2443 2371 1
2448 2373 1
2372 2368 1
2372 2371 1
2373 2372 1
2448 2443 1
2374 2375 1
2379 2378 1
2376 2379 1
2378 2376 1
2378 2491 1
2376 2378 1
2379 2376 1
2491 2378 1
2378 2379 1
2498 2384 1
2384 2393 1
2394 2384 1
2488 2498 1
2443 2473 1
2443 2448 1
2498 2443 1
2390 2384 1
2384 2381 1
2383 2488 1
2393 2443 1
2383 2385 1
2488 2385 1
2448 2381 1
2383 2384 1
2381 2498 1
2390 2448 1
2473 2498 1
2498 2473 1
2384 2498 1
2390 2473 1
2488 2383 1
2385 2391 1
2443 2393 1
2385 2384 1
2384 2392 1
2390 2443 -1
2385 2383 1
2382 2384 1
2488 2384 1
2384 2385 1
2384 2395 1
2383 2443 -1
2384 2390 1
2391 2498 1
2384 2383 1
2384 2391 1
2381 2384 1
2443 2498 1
2473 2390 1
2392 2384 1
2391 2385 1
2390 2393 1
2383 2473 1
2473 2384 1
2391 2384 1
2448 2390 1
2385 2448 1
2448 2385 1
2473 2383 1
2395 2498 1
2393 2390 1
2381 2448 1
2384 2473 1
2384 2443 -1
2384 2448 1
2393 2384 1
2473 2443 1
2443 2383 1
2448 2384 1
2498 2385 1
2395 2384 1
2498 2395 1
2473 2448 1
2385 2498 1
2448 2473 1
2498 2391 1
2384 2394 1
2448 2443 1
2396 2456 1
2398 2399 1
2399 2398 1
2403 2402 1
2403 2404 1
2400 2404 1
2402 2405 -1
2400 2403 1
2402 2401 1
2401 2403 -1
2403 2405 1
2401 2402 1
2404 2400 1
2404 2405 -1
2402 2400 1
2403 2401 1
2404 2403 1
2402 2404 1
2402 2403 1
2406 2407 1
2407 2406 1
2408 2452 -1
2412 2410 1
2412 2411 1
2410 2452 1
2408 2411 1
2411 2410 1
2411 2452 1
2452 2410 1
2410 2411 1
2452 2411 1
2411 2408 1
2452 2408 1
2410 2408 1
2411 2412 1
2410 2412 1
2408 2410 1
2415 2500 1
2415 2413 1
2413 2415 1
2415 2416 1
2413 2500 1
2500 2413 1
2500 2415 1
2416 2415 1
2417 2418 1
2418 2417 1
2491 2419 1
2419 2491 1
2421 2422 1
2423 2422 1
2421 2423 1
2422 2423 1
2421 2424 1
2424 2421 1
2440 2425 1
2425 2440 1
2427 2425 -1
2429 2428 1
2428 2429 1
2431 2430 1
2430 2431 1
2432 2433 1
2433 2432 1
2496 2436 1
2435 2496 1
2496 2435 1
2436 2496 1
2436 2435 1
2435 2436 1
2440 2437 1
2437 2440 1
2440 2439 1
2439 2440 1
2496 2450 1
2450 2451 1
2443 2496 1
2443 2448 1
2446 2443 1
2446 2496 1
2491 2446 1
2448 2491 1
2448 2449 1
2491 2448 1
2449 2441 1
2497 2450 1
2448 2451 1
2449 2446 1
2449 2496 1
2496 2446 1
2496 2443 1
2446 2491 1
2448 2497 1
2496 2448 1
2446 2449 1
2451 2446 -1
2451 2450 -1
2444 2451 1
2449 2443 1
2496 2497 1
2449 2448 1
2441 2448 1
2497 2496 1
2451 2441 -1
2441 2443 1
2496 2449 1
2448 2443 1
2496 2451 1
2446 2451 1
2451 2497 -1
2491 2451 1
2451 2448 -1
2448 2450 1
2449 2451 1
2450 2497 1
2450 2496 1
2441 2449 1
2451 2443 -1
2451 2496 -1
2441 2451 1
2451 2449 -1
2448 2441 1
2448 2496 1
2451 2444 -1
2453 2452 1
2454 2455 1
2455 2454 1
2457 2456 1
2467 2464 1
2464 2466 1
2464 2460 1
2469 2462 1
2464 2458 1
2464 2465 1
2464 2467 1
2465 2464 1
2467 2469 1
2466 2464 1
2458 2464 1
2469 2467 1
2459 2464 1
2461 2464 1
2464 2461 1
2469 2464 1
2464 2468 1
2464 2469 1
2467 2462 1
2462 2464 1
2464 2462 1
2468 2464 1
2463 2464 -1
2464 2459 1
2460 2465 1
2465 2460 1
2462 2469 1
2462 2461 1
2470 2491 1
2474 2473 1
2472 2473 1
2474 2472 1
2473 2474 1
2473 2472 1
2477 2476 1
2475 2476 1
2475 2479 1
2475 2477 1
2478 2475 1
2475 2478 1
2480 2481 1
2481 2480 1
2483 2482 1
2482 2484 1
2484 2482 1
2482 2485 1
2485 2482 1
2482 2483 1
2486 2487 1
2487 2486 1
2488 2490 1
2489 2490 1
2490 2488 1
2490 2489 1
2499 2493 1
2493 2499 1
2501 2496 1
2499 2498 1
2492 2499 1
2500 2494 1
2499 2492 1
2500 2499 1
2501 2500 1
2494 2499 1
2500 2498 -1
2494 2498 1
2496 2500 1
2498 2501 1
2497 2500 1
2499 2497 1
2491 2501 1
2499 2500 1
2496 2497 1
2499 2491 1
2500 2496 1
2497 2496 1
2496 2501 1
2501 2498 1
2499 2496 1
2499 2501 -1
2500 2497 1
2500 2501 1
2498 2494 1
2494 2496 1
2498 2499 1
2494 2497 1
2496 2499 1
2496 2494 1
2497 2499 1
2491 2499 1
2497 2494 1
2499 2494 1
2494 2500 1
2495 2499 1
2494 2501 1
2499 2495 1
