vertices: 30 edges: 435
1 2 -1
1 4 1
1 6 -1
1 7 1
1 13 1
1 16 -1
1 18 1
1 19 1
1 21 1
1 22 1
1 24 1
1 26 1
1 27 1
1 28 -1
1 29 1
1 30 -1
2 3 -1
2 4 1
2 11 1
2 12 1
2 14 1
2 17 1
2 18 -1
2 23 1
2 26 1
2 28 1
3 1 -1
3 5 1
3 10 1
3 14 1
3 17 1
3 18 1
3 21 -1
3 22 1
3 23 -1
3 25 1
3 28 1
3 29 1
4 3 1
4 5 1
4 7 1
4 8 1
4 10 1
4 12 1
4 14 1
4 15 -1
4 16 1
4 17 1
4 18 1
4 20 1
4 21 1
4 24 1
4 25 1
4 26 1
4 28 1
4 30 -1
5 1 1
5 2 1
5 8 -1
5 11 1
5 13 -1
5 15 1
5 16 -1
5 18 1
5 19 1
5 20 1
5 21 1
5 22 1
5 23 -1
5 27 1
5 28 1
5 29 1
5 30 1
6 2 1
6 3 1
6 4 -1
6 5 1
6 7 1
6 8 -1
6 10 1
6 12 1
6 14 1
6 15 1
6 18 1
6 19 1
6 21 -1
6 23 1
6 26 1
6 27 1
6 30 1
7 2 1
7 3 1
7 5 1
7 8 -1
7 9 1
7 11 1
7 13 1
7 14 1
7 16 1
7 17 1
7 20 1
7 22 1
7 24 -1
7 25 1
7 26 1
7 27 1
8 1 1
8 2 -1
8 3 1
8 10 1
8 11 1
8 12 1
8 15 1
8 16 -1
8 17 1
8 18 1
8 19 -1
8 21 -1
8 22 1
8 27 -1
8 28 -1
9 1 1
9 2 1
9 3 1
9 4 1
9 5 1
9 6 1
9 8 1
9 10 1
9 13 1
9 14 -1
9 16 1
9 19 1
9 21 1
9 22 1
9 23 1
9 24 -1
9 26 1
9 27 1
9 30 1
10 1 1
10 2 1
10 5 1
10 7 -1
10 12 1
10 14 -1
10 16 1
10 17 1
10 18 -1
10 19 1
10 21 1
10 23 -1
10 26 -1
10 28 1
10 29 -1
10 30 1
11 1 1
11 3 1
11 4 1
11 6 1
11 9 1
11 10 1
11 12 1
11 13 1
11 14 1
11 16 1
11 18 1
11 20 1
11 22 1
11 23 1
11 25 1
11 26 1
11 29 1
12 1 1
12 3 -1
12 5 1
12 7 1
12 9 1
12 14 1
12 15 -1
12 16 1
12 17 1
12 20 -1
12 23 1
12 27 -1
12 28 1
13 2 1
13 3 1
13 4 1
13 6 -1
13 8 1
13 10 -1
13 12 -1
13 14 1
13 15 1
13 16 -1
13 17 1
13 18 -1
13 19 1
13 24 1
13 25 1
13 26 1
13 28 1
13 29 1
14 1 -1
14 5 1
14 8 1
14 15 1
14 16 1
14 18 -1
14 20 1
14 21 1
14 23 1
14 24 1
14 28 1
15 1 1
15 2 -1
15 3 1
15 7 1
15 9 1
15 10 1
15 11 1
15 16 1
15 18 1
15 19 1
15 21 1
15 23 1
15 24 1
15 28 1
15 29 1
15 30 1
16 2 1
16 3 1
16 6 1
16 17 1
16 19 1
16 21 -1
16 22 1
16 23 -1
16 29 -1
17 1 1
17 5 1
17 6 1
17 9 1
17 11 1
17 14 1
17 15 1
17 18 1
17 21 1
17 23 -1
17 29 1
18 7 1
18 9 1
18 12 -1
18 16 1
18 19 1
18 21 1
18 22 -1
18 23 1
18 24 1
18 26 1
18 28 1
18 29 -1
19 2 1
19 3 -1
19 4 -1
19 7 1
19 11 1
19 12 1
19 14 1
19 17 1
19 21 1
19 22 1
19 23 1
19 26 1
19 28 1
19 29 1
19 30 1
20 1 1
20 2 1
20 3 -1
20 6 1
20 8 1
20 9 1
20 10 1
20 13 -1
20 15 1
20 16 1
20 17 1
20 18 1
20 19 1
20 22 -1
20 26 1
20 27 1
20 28 -1
21 2 1
21 7 -1
21 11 1
21 12 1
21 13 1
21 20 1
21 22 1
21 23 -1
21 24 -1
21 25 1
21 26 1
21 27 1
21 28 1
21 29 1
22 2 1
22 4 1
22 6 1
22 10 1
22 12 1
22 13 1
22 14 1
22 15 1
22 17 1
22 23 -1
22 25 1
22 30 -1
23 1 1
23 4 1
23 7 1
23 8 1
23 13 1
23 20 1
23 26 -1
23 27 1
23 30 -1
24 2 1
24 3 1
24 5 1
24 6 1
24 8 -1
24 10 1
24 11 1
24 12 1
24 16 -1
24 17 1
24 19 1
24 20 -1
24 22 1
24 23 1
24 26 1
24 28 1
25 1 1
25 2 1
25 5 1
25 6 1
25 8 1
25 9 1
25 10 1
25 12 1
25 14 1
25 15 1
25 16 1
25 17 1
25 18 1
25 19 1
25 20 1
25 23 1
25 24 -1
25 27 1
25 28 -1
25 29 1
25 30 1
26 3 1
26 5 1
26 8 1
26 12 -1
26 14 1
26 15 1
26 16 1
26 17 1
26 22 1
26 25 -1
26 27 1
26 30 1
27 2 1
27 3 -1
27 4 1
27 10 1
27 11 -1
27 13 -1
27 14 1
27 15 -1
27 16 1
27 17 1
27 18 1
27 19 1
27 22 1
27 24 1
27 28 -1
27 29 1
27 30 1
28 6 1
28 7 1
28 9 1
28 11 1
28 16 1
28 17 1
28 22 1
28 23 1
28 26 1
29 2 1
29 4 -1
29 6 -1
29 7 -1
29 8 1
29 9 1
29 12 1
29 14 1
29 20 1
29 22 -1
29 23 1
29 24 1
29 26 1
29 28 1
30 2 1
30 3 -1
30 7 1
30 8 1
30 11 1
30 12 1
30 13 1
30 14 -1
30 16 1
30 17 -1
30 18 1
30 20 1
30 21 1
30 24 1
30 28 1
30 29 1
