vertices: 130 edges: 8385
1 3 -1
1 4 -1
1 5 -1
1 9 -1
1 11 -1
1 12 -1
1 13 1
1 15 -1
1 18 -1
1 20 -1
1 21 1
1 22 -1
1 23 -1
1 24 -1
1 25 -1
1 27 -1
1 30 -1
1 31 -1
1 33 -1
1 34 -1
1 35 -1
1 37 -1
1 40 -1
1 41 1
1 42 -1
1 43 -1
1 44 -1
1 45 -1
1 46 1
1 49 -1
1 51 -1
1 54 -1
1 55 -1
1 56 -1
1 59 1
1 62 -1
1 65 -1
1 69 -1
1 72 -1
1 74 -1
1 75 -1
1 77 -1
1 80 -1
1 81 -1
1 85 -1
1 86 -1
1 88 -1
1 89 -1
1 91 -1
1 92 -1
1 93 -1
1 95 -1
1 98 -1
1 103 1
1 104 -1
1 105 -1
1 106 -1
1 107 -1
1 109 1
1 110 -1
1 113 -1
1 115 -1
1 116 1
1 118 1
1 120 -1
1 122 -1
1 126 1
1 128 -1
1 129 -1
1 130 -1
2 1 -1
2 3 -1
2 4 1
2 5 -1
2 8 1
2 9 -1
2 16 -1
2 18 -1
2 21 -1
2 22 -1
2 23 -1
2 24 -1
2 27 -1
2 30 -1
2 32 -1
2 34 -1
2 36 -1
2 37 1
2 38 -1
2 39 -1
2 41 -1
2 42 -1
2 43 -1
2 44 -1
2 46 -1
2 47 1
2 48 -1
2 49 -1
2 51 -1
2 53 -1
2 54 -1
2 55 -1
2 57 -1
2 59 -1
2 61 -1
2 62 -1
2 63 1
2 64 -1
2 65 -1
2 66 -1
2 67 -1
2 69 -1
2 71 -1
2 72 1
2 74 -1
2 75 -1
2 77 -1
2 79 -1
2 80 -1
2 89 1
2 92 -1
2 94 -1
2 95 -1
2 98 1
2 100 -1
2 102 1
2 105 -1
2 106 -1
2 107 -1
2 111 -1
2 113 -1
2 116 -1
2 118 -1
2 119 -1
2 121 1
2 125 1
2 127 1
2 128 -1
2 129 -1
2 130 -1
3 4 -1
3 6 -1
3 10 -1
3 11 -1
3 13 1
3 15 1
3 17 1
3 18 -1
3 19 -1
3 21 -1
3 22 -1
3 23 -1
3 24 -1
3 26 -1
3 27 -1
3 29 -1
3 32 -1
3 33 1
3 35 -1
3 36 -1
3 37 1
3 38 -1
3 39 -1
3 40 -1
3 41 -1
3 42 -1
3 44 -1
3 45 1
3 48 -1
3 50 -1
3 51 1
3 54 -1
3 55 1
3 56 -1
3 61 -1
3 62 -1
3 65 -1
3 66 -1
3 67 -1
3 68 -1
3 69 -1
3 73 -1
3 78 -1
3 79 -1
3 81 -1
3 83 -1
3 84 1
3 85 -1
3 87 -1
3 88 -1
3 89 -1
3 90 1
3 91 1
3 93 -1
3 95 -1
3 97 -1
3 99 -1
3 102 -1
3 104 -1
3 105 -1
3 108 1
3 109 -1
3 110 -1
3 111 1
3 113 1
3 115 -1
3 116 -1
3 122 -1
3 123 -1
3 125 -1
3 126 -1
3 127 1
4 5 1
4 6 -1
4 9 -1
4 10 -1
4 12 -1
4 13 -1
4 14 -1
4 15 -1
4 17 1
4 18 -1
4 20 -1
4 22 -1
4 25 -1
4 26 1
4 30 -1
4 32 -1
4 36 1
4 39 -1
4 40 -1
4 43 -1
4 45 1
4 46 -1
4 48 1
4 54 -1
4 55 1
4 60 -1
4 61 -1
4 63 -1
4 65 -1
4 66 1
4 67 -1
4 69 -1
4 70 -1
4 72 -1
4 73 -1
4 75 -1
4 76 1
4 77 -1
4 78 -1
4 80 -1
4 81 -1
4 83 -1
4 84 -1
4 85 -1
4 86 -1
4 87 1
4 89 -1
4 90 1
4 92 -1
4 94 -1
4 96 1
4 99 -1
4 102 -1
4 103 1
4 106 -1
4 108 1
4 109 -1
4 113 -1
4 114 -1
4 116 -1
4 117 -1
4 119 -1
4 121 -1
4 123 -1
4 124 -1
4 129 -1
5 3 -1
5 8 1
5 9 -1
5 11 1
5 16 -1
5 17 -1
5 18 -1
5 19 -1
5 20 1
5 21 -1
5 23 -1
5 26 -1
5 30 -1
5 31 1
5 32 1
5 33 -1
5 34 1
5 35 -1
5 37 1
5 45 1
5 46 -1
5 50 -1
5 51 -1
5 53 -1
5 54 -1
5 55 -1
5 57 -1
5 58 -1
5 59 -1
5 60 -1
5 61 -1
5 63 -1
5 64 -1
5 66 -1
5 67 -1
5 70 -1
5 71 -1
5 73 -1
5 74 -1
5 75 -1
5 80 1
5 82 -1
5 83 -1
5 84 1
5 89 -1
5 91 -1
5 93 1
5 94 -1
5 95 -1
5 96 -1
5 97 -1
5 100 -1
5 102 -1
5 106 1
5 111 -1
5 112 -1
5 114 -1
5 117 -1
5 118 -1
5 120 1
5 122 -1
5 123 -1
5 124 -1
5 127 -1
6 1 -1
6 2 -1
6 5 -1
6 9 1
6 10 -1
6 11 -1
6 13 -1
6 14 -1
6 17 -1
6 24 -1
6 25 -1
6 27 -1
6 28 1
6 30 -1
6 34 -1
6 35 -1
6 37 -1
6 38 -1
6 42 -1
6 45 1
6 46 -1
6 49 -1
6 54 -1
6 55 -1
6 59 -1
6 60 -1
6 62 -1
6 63 -1
6 64 -1
6 65 -1
6 66 -1
6 67 1
6 68 -1
6 69 -1
6 80 -1
6 82 -1
6 85 -1
6 94 1
6 95 1
6 96 1
6 98 -1
6 100 1
6 101 -1
6 102 -1
6 105 -1
6 106 -1
6 107 -1
6 108 1
6 109 -1
6 112 1
6 114 -1
6 120 -1
6 122 1
6 123 -1
6 130 -1
7 1 -1
7 2 -1
7 3 -1
7 4 -1
7 5 -1
7 6 1
7 8 -1
7 9 -1
7 11 -1
7 12 -1
7 13 -1
7 14 -1
7 15 1
7 17 -1
7 18 1
7 21 -1
7 26 -1
7 27 -1
7 28 -1
7 29 -1
7 31 -1
7 32 -1
7 35 -1
7 37 -1
7 38 -1
7 40 -1
7 42 -1
7 43 1
7 47 -1
7 48 -1
7 50 -1
7 52 1
7 53 1
7 54 -1
7 58 -1
7 63 -1
7 64 1
7 66 -1
7 76 -1
7 78 -1
7 80 -1
7 83 -1
7 84 -1
7 85 -1
7 86 -1
7 88 -1
7 89 1
7 91 1
7 93 -1
7 97 -1
7 98 -1
7 100 -1
7 101 -1
7 102 -1
7 103 -1
7 104 -1
7 107 1
7 108 -1
7 116 -1
7 117 1
7 120 1
7 121 -1
7 123 1
7 126 -1
7 129 -1
7 130 -1
8 1 -1
8 3 -1
8 4 1
8 6 1
8 10 -1
8 12 -1
8 13 -1
8 14 -1
8 15 -1
8 16 -1
8 22 -1
8 25 -1
8 27 -1
8 28 -1
8 31 -1
8 32 1
8 33 -1
8 34 -1
8 36 -1
8 38 -1
8 42 -1
8 44 -1
8 46 1
8 47 -1
8 49 -1
8 51 -1
8 57 -1
8 58 -1
8 61 -1
8 65 -1
8 66 -1
8 68 -1
8 69 -1
8 70 -1
8 74 -1
8 75 -1
8 76 -1
8 78 -1
8 80 1
8 81 1
8 85 1
8 88 -1
8 90 -1
8 91 -1
8 94 -1
8 99 1
8 102 -1
8 103 -1
8 106 1
8 107 -1
8 113 -1
8 116 -1
8 117 -1
8 118 -1
8 119 -1
8 120 -1
8 121 -1
8 122 -1
8 123 -1
8 124 -1
8 125 1
8 126 -1
8 129 -1
8 130 -1
9 3 -1
9 8 1
9 10 -1
9 11 1
9 13 -1
9 15 -1
9 16 -1
9 20 1
9 23 -1
9 26 -1
9 27 1
9 31 -1
9 32 -1
9 37 -1
9 40 1
9 41 -1
9 42 1
9 43 1
9 44 -1
9 45 -1
9 47 -1
9 51 -1
9 55 -1
9 56 -1
9 57 -1
9 59 1
9 60 -1
9 63 -1
9 65 -1
9 66 1
9 67 -1
9 70 -1
9 77 -1
9 78 -1
9 79 1
9 80 -1
9 82 -1
9 84 1
9 85 1
9 87 1
9 91 -1
9 92 -1
9 94 -1
9 96 -1
9 97 -1
9 98 -1
9 99 -1
9 105 -1
9 110 -1
9 114 -1
9 117 -1
9 118 -1
9 121 -1
9 127 -1
9 128 -1
9 129 1
10 1 1
10 2 -1
10 5 1
10 7 -1
10 12 -1
10 13 1
10 18 -1
10 19 1
10 20 -1
10 22 -1
10 23 -1
10 25 -1
10 26 -1
10 33 -1
10 34 -1
10 35 -1
10 36 1
10 39 -1
10 40 -1
10 42 -1
10 44 -1
10 45 -1
10 48 1
10 49 -1
10 51 -1
10 54 1
10 56 -1
10 59 -1
10 60 -1
10 61 -1
10 65 -1
10 67 1
10 70 1
10 72 1
10 73 -1
10 74 -1
10 75 -1
10 78 1
10 80 -1
10 84 -1
10 86 -1
10 87 -1
10 89 -1
10 90 -1
10 91 -1
10 93 -1
10 94 -1
10 97 -1
10 102 -1
10 104 1
10 107 -1
10 108 -1
10 109 -1
10 110 -1
10 111 1
10 113 -1
10 114 -1
10 115 -1
10 116 -1
10 117 1
10 122 -1
10 126 1
10 128 1
10 129 -1
11 2 -1
11 4 -1
11 8 -1
11 10 -1
11 13 -1
11 15 -1
11 16 -1
11 18 1
11 19 -1
11 20 -1
11 24 -1
11 28 -1
11 33 1
11 36 -1
11 38 -1
11 39 -1
11 40 -1
11 41 -1
11 46 1
11 47 -1
11 48 1
11 51 -1
11 52 1
11 55 1
11 56 -1
11 57 -1
11 58 -1
11 63 1
11 64 -1
11 67 -1
11 68 -1
11 73 -1
11 77 -1
11 80 -1
11 83 1
11 84 -1
11 87 -1
11 88 1
11 89 -1
11 92 -1
11 93 1
11 94 1
11 96 1
11 101 1
11 103 -1
11 105 -1
11 106 -1
11 107 1
11 108 -1
11 109 1
11 110 -1
11 111 -1
11 114 -1
11 115 -1
11 116 -1
11 119 -1
11 120 1
11 121 -1
11 122 -1
11 124 -1
11 125 -1
11 126 -1
11 127 -1
12 2 -1
12 3 -1
12 5 1
12 6 -1
12 9 1
12 11 -1
12 13 -1
12 14 -1
12 16 -1
12 17 -1
12 21 -1
12 26 -1
12 27 -1
12 28 -1
12 29 1
12 32 -1
12 33 -1
12 37 -1
12 38 -1
12 39 -1
12 42 1
12 44 -1
12 45 1
12 48 1
12 52 -1
12 53 -1
12 54 -1
12 57 1
12 58 1
12 59 1
12 61 -1
12 62 -1
12 63 -1
12 66 1
12 67 -1
12 68 -1
12 70 -1
12 72 -1
12 73 1
12 76 -1
12 77 -1
12 79 -1
12 85 -1
12 87 -1
12 90 -1
12 92 -1
12 93 1
12 95 -1
12 96 -1
12 98 -1
12 100 -1
12 101 -1
12 102 -1
12 105 -1
12 106 -1
12 107 -1
12 111 -1
12 112 -1
12 113 -1
12 116 1
12 117 -1
12 119 -1
12 120 -1
12 124 1
12 125 1
12 129 -1
12 130 1
13 2 -1
13 5 -1
13 15 -1
13 17 -1
13 18 -1
13 19 -1
13 20 -1
13 21 -1
13 24 -1
13 25 -1
13 26 1
13 28 -1
13 29 1
13 30 1
13 33 -1
13 35 1
13 36 -1
13 37 -1
13 40 -1
13 41 -1
13 42 -1
13 43 -1
13 44 -1
13 45 -1
13 47 1
13 49 -1
13 50 -1
13 51 -1
13 56 -1
13 58 -1
13 59 -1
13 60 -1
13 61 -1
13 62 1
13 63 -1
13 65 -1
13 66 -1
13 68 -1
13 69 -1
13 70 1
13 71 -1
13 72 1
13 73 -1
13 75 1
13 76 -1
13 77 1
13 78 1
13 79 -1
13 82 -1
13 86 -1
13 87 1
13 92 -1
13 93 -1
13 94 -1
13 97 -1
13 98 -1
13 99 -1
13 100 -1
13 101 -1
13 104 -1
13 109 -1
13 110 -1
13 111 1
13 117 -1
13 118 -1
13 121 -1
13 122 -1
13 124 -1
13 125 -1
13 126 -1
13 130 1
14 1 -1
14 2 -1
14 3 -1
14 5 -1
14 9 -1
14 10 -1
14 11 -1
14 13 -1
14 15 -1
14 16 1
14 17 -1
14 19 -1
14 20 -1
14 21 -1
14 22 -1
14 23 -1
14 24 -1
14 25 1
14 26 1
14 28 1
14 29 1
14 30 -1
14 33 -1
14 35 -1
14 41 -1
14 42 -1
14 43 1
14 45 -1
14 50 1
14 51 1
14 54 -1
14 55 1
14 58 1
14 60 -1
14 64 -1
14 65 1
14 66 -1
14 68 -1
14 77 1
14 78 -1
14 82 -1
14 85 -1
14 91 -1
14 92 1
14 93 -1
14 94 -1
14 96 -1
14 97 -1
14 98 -1
14 99 1
14 100 -1
14 101 -1
14 102 -1
14 103 1
14 104 1
14 105 -1
14 107 1
14 108 -1
14 110 -1
14 111 -1
14 112 -1
14 117 -1
14 119 -1
14 120 -1
14 122 1
14 125 -1
14 126 -1
15 2 -1
15 5 -1
15 6 1
15 10 -1
15 12 -1
15 16 1
15 17 -1
15 18 -1
15 20 -1
15 24 1
15 29 -1
15 30 -1
15 33 1
15 35 -1
15 38 1
15 40 -1
15 42 -1
15 45 -1
15 48 1
15 53 -1
15 55 1
15 58 -1
15 60 -1
15 61 -1
15 63 -1
15 64 -1
15 65 -1
15 68 1
15 75 -1
15 76 1
15 78 -1
15 81 -1
15 82 -1
15 83 -1
15 84 -1
15 86 -1
15 87 -1
15 89 -1
15 92 1
15 96 1
15 104 1
15 105 -1
15 108 -1
15 112 -1
15 114 1
15 116 -1
15 117 -1
15 118 1
15 119 -1
15 123 -1
15 126 1
15 127 -1
15 128 1
15 129 -1
16 1 -1
16 3 -1
16 4 -1
16 6 1
16 7 -1
16 10 -1
16 13 -1
16 18 1
16 21 -1
16 24 -1
16 26 -1
16 27 -1
16 28 -1
16 29 -1
16 33 -1
16 34 -1
16 36 -1
16 37 -1
16 40 -1
16 42 -1
16 43 -1
16 44 -1
16 45 -1
16 48 1
16 49 -1
16 52 -1
16 53 -1
16 54 -1
16 56 -1
16 59 -1
16 60 -1
16 62 -1
16 63 -1
16 65 -1
16 66 -1
16 67 -1
16 68 -1
16 70 -1
16 71 1
16 73 -1
16 74 -1
16 75 -1
16 76 -1
16 77 1
16 78 -1
16 80 -1
16 82 -1
16 83 -1
16 84 -1
16 86 1
16 88 -1
16 89 -1
16 91 -1
16 93 -1
16 96 -1
16 100 -1
16 101 -1
16 103 1
16 104 -1
16 107 1
16 109 1
16 110 -1
16 111 -1
16 112 -1
16 113 -1
16 114 -1
16 115 -1
16 117 -1
16 118 -1
16 120 1
16 121 1
16 124 -1
16 125 -1
16 129 1
16 130 -1
17 1 -1
17 2 -1
17 8 -1
17 9 -1
17 10 1
17 11 -1
17 16 -1
17 19 -1
17 20 -1
17 22 -1
17 29 1
17 30 -1
17 31 -1
17 32 -1
17 34 -1
17 35 -1
17 36 -1
17 39 -1
17 40 -1
17 41 -1
17 42 -1
17 44 -1
17 46 -1
17 53 -1
17 54 -1
17 55 -1
17 56 1
17 58 -1
17 59 1
17 60 -1
17 62 -1
17 63 -1
17 64 1
17 67 -1
17 71 1
17 72 1
17 73 -1
17 76 1
17 77 1
17 78 -1
17 82 -1
17 83 -1
17 84 -1
17 93 -1
17 94 -1
17 95 -1
17 99 1
17 100 1
17 101 -1
17 102 1
17 107 -1
17 108 -1
17 109 -1
17 110 -1
17 114 -1
17 116 -1
17 118 -1
17 120 1
17 123 -1
17 125 -1
17 126 -1
17 127 -1
17 130 -1
18 6 -1
18 8 -1
18 9 -1
18 12 -1
18 14 -1
18 17 1
18 19 1
18 24 -1
18 29 -1
18 30 -1
18 31 -1
18 32 -1
18 33 -1
18 37 1
18 38 -1
18 41 -1
18 43 -1
18 44 -1
18 51 -1
18 53 -1
18 54 -1
18 56 -1
18 57 -1
18 59 1
18 60 -1
18 68 -1
18 69 1
18 73 -1
18 74 -1
18 75 1
18 76 -1
18 78 -1
18 80 -1
18 81 -1
18 82 -1
18 83 -1
18 84 1
18 87 -1
18 88 1
18 89 -1
18 95 -1
18 96 -1
18 97 -1
18 99 -1
18 100 -1
18 102 -1
18 103 -1
18 109 -1
18 111 -1
18 112 1
18 113 -1
18 116 -1
18 122 -1
18 124 -1
18 126 -1
18 127 1
18 128 -1
19 1 -1
19 2 -1
19 4 -1
19 6 -1
19 7 1
19 8 -1
19 9 1
19 12 -1
19 15 1
19 16 -1
19 20 -1
19 21 -1
19 24 1
19 25 -1
19 26 -1
19 27 1
19 29 1
19 30 -1
19 31 -1
19 33 -1
19 34 1
19 36 -1
19 37 -1
19 38 1
19 39 -1
19 42 -1
19 43 -1
19 45 -1
19 46 -1
19 47 -1
19 48 1
19 50 -1
19 51 -1
19 55 -1
19 57 -1
19 60 -1
19 62 1
19 64 -1
19 65 -1
19 66 -1
19 67 -1
19 68 -1
19 69 -1
19 70 -1
19 71 1
19 72 -1
19 73 -1
19 75 1
19 76 -1
19 79 -1
19 81 -1
19 82 -1
19 84 1
19 85 1
19 88 -1
19 89 -1
19 90 -1
19 93 -1
19 95 -1
19 99 -1
19 103 -1
19 108 1
19 109 -1
19 110 -1
19 116 -1
19 117 -1
19 122 -1
19 123 -1
19 124 -1
19 125 -1
19 128 -1
19 129 -1
20 2 -1
20 3 -1
20 6 -1
20 7 -1
20 8 -1
20 12 -1
20 16 -1
20 18 -1
20 22 -1
20 24 -1
20 25 -1
20 26 -1
20 28 -1
20 29 -1
20 33 -1
20 35 -1
20 37 -1
20 39 -1
20 40 1
20 41 -1
20 43 -1
20 44 1
20 47 -1
20 49 -1
20 50 1
20 51 -1
20 52 -1
20 53 -1
20 54 -1
20 55 -1
20 56 -1
20 57 -1
20 59 -1
20 61 -1
20 63 1
20 65 -1
20 68 -1
20 69 -1
20 70 -1
20 71 -1
20 73 -1
20 77 -1
20 78 -1
20 79 -1
20 82 -1
20 83 -1
20 88 -1
20 92 -1
20 93 -1
20 95 -1
20 96 -1
20 97 -1
20 98 -1
20 100 -1
20 101 -1
20 102 -1
20 104 -1
20 105 -1
20 109 -1
20 110 -1
20 113 -1
20 114 -1
20 115 1
20 116 -1
20 120 1
20 121 -1
20 125 -1
20 130 -1
21 4 -1
21 6 -1
21 8 -1
21 9 -1
21 10 -1
21 11 -1
21 15 -1
21 17 -1
21 18 -1
21 20 -1
21 22 1
21 23 -1
21 29 -1
21 30 -1
21 31 -1
21 32 -1
21 33 -1
21 35 -1
21 37 1
21 39 1
21 40 -1
21 43 -1
21 46 -1
21 47 -1
21 50 -1
21 51 1
21 55 -1
21 56 -1
21 59 -1
21 60 -1
21 61 -1
21 64 1
21 65 -1
21 67 -1
21 68 -1
21 69 -1
21 70 -1
21 71 -1
21 72 -1
21 73 -1
21 75 -1
21 76 -1
21 77 -1
21 79 -1
21 80 -1
21 81 1
21 83 -1
21 84 -1
21 85 -1
21 90 1
21 91 1
21 92 -1
21 93 -1
21 95 1
21 99 -1
21 101 -1
21 104 -1
21 105 -1
21 106 -1
21 108 -1
21 110 1
21 114 1
21 120 -1
21 122 -1
21 124 1
22 5 1
22 6 -1
22 7 -1
22 9 -1
22 11 1
22 12 1
22 13 -1
22 15 -1
22 16 -1
22 18 -1
22 19 -1
22 25 -1
22 26 -1
22 27 -1
22 28 -1
22 32 1
22 33 -1
22 35 1
22 36 -1
22 37 -1
22 38 -1
22 39 -1
22 40 -1
22 41 -1
22 42 -1
22 44 -1
22 45 1
22 49 -1
22 50 -1
22 53 1
22 54 -1
22 56 -1
22 61 -1
22 62 -1
22 63 -1
22 65 -1
22 70 1
22 72 -1
22 73 -1
22 74 -1
22 75 -1
22 78 -1
22 81 -1
22 82 -1
22 85 -1
22 86 -1
22 89 -1
22 91 -1
22 94 -1
22 95 -1
22 96 -1
22 97 -1
22 98 -1
22 99 -1
22 102 -1
22 103 -1
22 104 -1
22 106 -1
22 108 -1
22 109 1
22 111 -1
22 113 -1
22 114 1
22 118 -1
22 121 1
22 122 -1
22 125 -1
22 130 -1
23 4 -1
23 6 -1
23 7 -1
23 8 1
23 11 -1
23 12 -1
23 13 1
23 15 -1
23 16 1
23 17 -1
23 18 -1
23 19 -1
23 20 -1
23 22 -1
23 28 -1
23 29 -1
23 32 1
23 33 -1
23 34 -1
23 39 -1
23 41 -1
23 42 -1
23 43 -1
23 45 -1
23 50 1
23 51 -1
23 52 1
23 53 -1
23 56 -1
23 57 1
23 58 -1
23 60 -1
23 64 -1
23 72 -1
23 74 -1
23 75 1
23 76 -1
23 78 -1
23 79 1
23 81 -1
23 82 -1
23 85 1
23 87 -1
23 89 -1
23 91 -1
23 92 1
23 94 -1
23 98 -1
23 99 -1
23 100 -1
23 102 -1
23 104 -1
23 105 -1
23 109 -1
23 111 1
23 113 -1
23 116 -1
23 117 -1
23 120 -1
23 122 -1
23 124 -1
23 125 -1
23 126 1
24 4 -1
24 5 -1
24 7 -1
24 8 -1
24 9 -1
24 10 -1
24 12 -1
24 17 -1
24 21 1
24 22 -1
24 23 -1
24 25 -1
24 27 -1
24 30 -1
24 31 -1
24 33 -1
24 34 1
24 36 -1
24 43 -1
24 44 -1
24 45 -1
24 47 1
24 49 -1
24 52 1
24 53 -1
24 54 -1
24 55 1
24 56 -1
24 57 -1
24 59 -1
24 65 1
24 67 -1
24 68 -1
24 69 -1
24 72 -1
24 76 1
24 77 -1
24 78 -1
24 81 -1
24 82 -1
24 83 -1
24 84 -1
24 85 1
24 87 -1
24 89 1
24 93 -1
24 94 -1
24 95 1
24 96 1
24 97 -1
24 98 -1
24 99 -1
24 100 -1
24 102 -1
24 103 -1
24 105 -1
24 107 -1
24 109 -1
24 112 -1
24 119 1
24 125 -1
24 127 -1
24 129 -1
24 130 -1
25 2 -1
25 3 -1
25 5 -1
25 7 -1
25 9 -1
25 11 1
25 12 1
25 15 -1
25 16 -1
25 17 -1
25 18 1
25 21 -1
25 23 -1
25 27 -1
25 29 -1
25 30 1
25 31 -1
25 34 -1
25 39 1
25 42 1
25 44 -1
25 45 1
25 47 -1
25 49 1
25 50 -1
25 52 -1
25 55 -1
25 56 1
25 63 -1
25 68 -1
25 69 1
25 74 -1
25 76 -1
25 81 -1
25 83 -1
25 84 -1
25 85 -1
25 86 -1
25 88 -1
25 93 -1
25 94 -1
25 95 -1
25 97 -1
25 98 -1
25 99 -1
25 100 -1
25 103 -1
25 104 -1
25 108 -1
25 109 -1
25 110 -1
25 111 1
25 113 1
25 115 -1
25 116 -1
25 119 -1
25 123 -1
25 125 -1
25 129 1
25 130 -1
26 1 -1
26 2 -1
26 6 -1
26 8 -1
26 11 -1
26 15 -1
26 17 1
26 18 -1
26 21 -1
26 23 -1
26 24 -1
26 25 -1
26 27 -1
26 31 -1
26 32 -1
26 33 1
26 34 -1
26 35 1
26 37 -1
26 38 -1
26 41 -1
26 44 -1
26 49 1
26 52 -1
26 55 -1
26 57 -1
26 58 -1
26 60 -1
26 61 -1
26 64 -1
26 66 -1
26 67 -1
26 68 -1
26 69 -1
26 70 1
26 71 -1
26 73 -1
26 74 -1
26 75 -1
26 76 -1
26 79 -1
26 82 1
26 83 -1
26 84 -1
26 86 1
26 87 -1
26 88 -1
26 90 1
26 93 -1
26 95 1
26 97 -1
26 98 -1
26 101 -1
26 105 -1
26 107 -1
26 108 -1
26 110 -1
26 112 1
26 113 1
26 114 -1
26 115 -1
26 117 -1
26 120 1
26 123 1
26 124 -1
26 127 -1
26 128 -1
26 129 -1
27 4 -1
27 5 1
27 10 -1
27 11 1
27 13 -1
27 14 -1
27 15 -1
27 17 -1
27 18 -1
27 20 -1
27 21 1
27 23 -1
27 28 -1
27 31 -1
27 33 1
27 39 -1
27 43 1
27 44 -1
27 47 -1
27 48 1
27 49 -1
27 50 1
27 52 -1
27 53 -1
27 54 1
27 55 1
27 59 -1
27 60 -1
27 61 -1
27 66 -1
27 68 -1
27 69 1
27 70 -1
27 71 1
27 79 -1
27 80 -1
27 81 -1
27 82 -1
27 85 -1
27 86 -1
27 88 -1
27 90 1
27 92 -1
27 93 -1
27 94 -1
27 95 -1
27 97 -1
27 100 -1
27 101 -1
27 102 -1
27 103 -1
27 105 -1
27 106 1
27 107 -1
27 108 -1
27 109 -1
27 111 -1
27 113 -1
27 114 -1
27 115 -1
27 116 -1
27 119 -1
27 120 -1
27 121 -1
27 123 -1
27 124 -1
27 126 1
27 127 1
27 130 -1
28 1 -1
28 2 -1
28 3 -1
28 4 -1
28 5 -1
28 9 -1
28 10 -1
28 15 -1
28 17 1
28 18 -1
28 19 -1
28 21 -1
28 24 -1
28 25 1
28 26 -1
28 32 1
28 33 -1
28 34 -1
28 37 -1
28 38 1
28 39 -1
28 41 -1
28 42 -1
28 43 -1
28 44 -1
28 45 -1
28 46 -1
28 50 -1
28 51 -1
28 53 -1
28 54 -1
28 55 -1
28 56 -1
28 57 -1
28 58 1
28 59 -1
28 61 1
28 64 -1
28 65 -1
28 67 -1
28 68 -1
28 69 -1
28 70 -1
28 73 -1
28 74 -1
28 75 -1
28 79 -1
28 80 1
28 83 -1
28 85 -1
28 88 -1
28 89 -1
28 91 -1
28 92 -1
28 94 1
28 95 -1
28 97 -1
28 98 -1
28 99 -1
28 100 -1
28 108 1
28 110 1
28 111 -1
28 113 1
28 114 1
28 115 -1
28 117 -1
28 118 -1
28 120 -1
28 123 1
28 124 1
28 125 -1
28 126 -1
28 127 1
28 128 -1
29 1 -1
29 2 -1
29 4 -1
29 5 1
29 6 -1
29 8 -1
29 9 -1
29 10 -1
29 11 1
29 22 -1
29 24 -1
29 26 -1
29 27 -1
29 28 -1
29 30 -1
29 32 -1
29 33 1
29 34 -1
29 35 -1
29 37 -1
29 39 -1
29 41 -1
29 44 -1
29 45 -1
29 47 -1
29 49 -1
29 50 -1
29 52 -1
29 53 -1
29 57 -1
29 58 -1
29 59 -1
29 61 -1
29 65 -1
29 67 -1
29 68 1
29 69 -1
29 71 -1
29 72 -1
29 74 -1
29 75 1
29 81 -1
29 83 -1
29 84 -1
29 86 -1
29 88 -1
29 94 -1
29 95 -1
29 96 -1
29 97 1
29 99 -1
29 102 -1
29 103 1
29 104 1
29 105 -1
29 107 -1
29 108 1
29 111 -1
29 116 1
29 118 -1
29 119 -1
29 120 -1
29 122 -1
29 123 -1
29 127 -1
29 129 -1
30 3 1
30 7 -1
30 8 -1
30 9 -1
30 10 -1
30 11 -1
30 12 -1
30 16 -1
30 20 1
30 22 1
30 23 1
30 26 -1
30 27 -1
30 28 1
30 32 -1
30 34 -1
30 35 1
30 36 -1
30 39 -1
30 41 -1
30 44 1
30 45 -1
30 47 -1
30 50 -1
30 57 -1
30 60 1
30 62 -1
30 65 -1
30 70 1
30 74 -1
30 76 -1
30 77 1
30 78 -1
30 81 1
30 82 -1
30 83 -1
30 84 -1
30 88 -1
30 89 -1
30 90 -1
30 91 -1
30 92 -1
30 94 -1
30 95 1
30 96 -1
30 97 -1
30 99 -1
30 100 -1
30 102 -1
30 104 -1
30 106 -1
30 107 1
30 109 1
30 112 -1
30 115 -1
30 116 -1
30 117 1
30 121 -1
30 124 -1
30 128 -1
30 129 -1
31 2 -1
31 3 -1
31 4 -1
31 6 -1
31 10 1
31 11 -1
31 12 -1
31 13 -1
31 14 -1
31 15 -1
31 16 -1
31 20 -1
31 22 -1
31 23 -1
31 28 -1
31 29 -1
31 30 -1
31 32 -1
31 33 -1
31 35 -1
31 37 -1
31 38 -1
31 41 -1
31 45 -1
31 47 -1
31 48 1
31 49 -1
31 50 1
31 51 -1
31 52 1
31 58 -1
31 59 -1
31 61 -1
31 62 1
31 64 1
31 65 -1
31 66 1
31 67 1
31 69 -1
31 70 -1
31 71 -1
31 72 -1
31 75 -1
31 78 -1
31 81 -1
31 83 1
31 85 1
31 88 -1
31 89 -1
31 92 -1
31 97 1
31 98 -1
31 99 -1
31 100 -1
31 101 -1
31 102 -1
31 104 1
31 106 -1
31 108 -1
31 109 -1
31 111 -1
31 113 -1
31 115 -1
31 117 -1
31 120 -1
31 123 -1
31 126 -1
31 129 -1
32 1 -1
32 6 -1
32 10 -1
32 11 -1
32 13 -1
32 14 -1
32 15 -1
32 16 -1
32 19 -1
32 20 -1
32 24 -1
32 25 -1
32 27 -1
32 35 -1
32 38 -1
32 40 -1
32 42 -1
32 45 -1
32 46 -1
32 50 -1
32 52 1
32 53 -1
32 57 -1
32 59 -1
32 60 1
32 61 -1
32 63 1
32 64 -1
32 65 -1
32 67 1
32 68 -1
32 69 -1
32 70 1
32 72 -1
32 74 -1
32 77 -1
32 79 -1
32 80 -1
32 83 -1
32 84 -1
32 86 -1
32 94 -1
32 96 -1
32 101 -1
32 102 -1
32 103 -1
32 105 -1
32 110 -1
32 111 -1
32 112 -1
32 114 -1
32 115 -1
32 120 1
32 121 -1
32 123 -1
32 124 -1
33 2 -1
33 4 -1
33 6 -1
33 7 -1
33 9 -1
33 17 -1
33 25 1
33 30 -1
33 32 -1
33 34 -1
33 37 -1
33 40 -1
33 42 -1
33 43 -1
33 46 1
33 47 -1
33 48 -1
33 50 -1
33 51 1
33 52 -1
33 54 -1
33 55 1
33 56 -1
33 63 -1
33 64 -1
33 65 -1
33 71 1
33 74 -1
33 76 -1
33 77 -1
33 79 -1
33 80 -1
33 82 -1
33 84 1
33 86 -1
33 87 -1
33 89 1
33 90 1
33 91 -1
33 100 -1
33 102 1
33 103 1
33 106 -1
33 108 1
33 109 -1
33 111 -1
33 112 -1
33 115 -1
33 118 -1
33 119 -1
33 122 -1
33 124 1
33 125 -1
33 126 -1
33 127 -1
33 128 -1
34 3 -1
34 4 -1
34 7 1
34 9 -1
34 11 -1
34 12 -1
34 13 -1
34 14 -1
34 15 -1
34 18 1
34 20 -1
34 21 1
34 22 -1
34 27 1
34 31 -1
34 32 -1
34 35 -1
34 37 -1
34 41 -1
34 44 -1
34 47 -1
34 48 -1
34 50 -1
34 52 -1
34 54 -1
34 59 1
34 60 -1
34 61 -1
34 62 -1
34 65 -1
34 66 -1
34 67 -1
34 70 -1
34 73 -1
34 74 -1
34 75 1
34 78 -1
34 80 -1
34 81 1
34 86 -1
34 87 -1
34 88 -1
34 93 -1
34 97 -1
34 98 -1
34 101 1
34 102 -1
34 103 -1
34 105 -1
34 106 -1
34 108 1
34 109 -1
34 111 -1
34 113 -1
34 114 -1
34 115 -1
34 117 -1
34 118 -1
34 126 1
34 127 -1
34 128 1
34 129 -1
35 2 -1
35 4 -1
35 8 -1
35 9 -1
35 11 -1
35 12 1
35 16 -1
35 18 -1
35 19 -1
35 23 1
35 24 -1
35 25 -1
35 27 -1
35 28 -1
35 33 -1
35 36 -1
35 37 -1
35 39 -1
35 40 -1
35 43 -1
35 44 -1
35 45 1
35 48 -1
35 49 1
35 52 -1
35 53 -1
35 54 -1
35 55 -1
35 56 -1
35 57 -1
35 58 -1
35 60 -1
35 61 -1
35 62 -1
35 63 -1
35 75 -1
35 76 -1
35 83 -1
35 85 1
35 87 -1
35 88 -1
35 89 -1
35 90 1
35 91 -1
35 92 1
35 93 -1
35 95 -1
35 96 -1
35 97 -1
35 98 -1
35 100 1
35 102 -1
35 103 1
35 104 -1
35 105 1
35 107 1
35 108 -1
35 111 -1
35 112 -1
35 115 1
35 116 1
35 119 -1
35 120 1
35 125 -1
35 126 -1
35 127 -1
35 129 -1
35 130 1
36 1 1
36 5 -1
36 6 -1
36 7 1
36 9 -1
36 12 -1
36 14 -1
36 15 -1
36 18 -1
36 20 -1
36 21 -1
36 23 -1
36 25 -1
36 26 1
36 27 1
36 28 -1
36 29 -1
36 31 -1
36 32 -1
36 33 -1
36 34 -1
36 38 -1
36 39 -1
36 40 -1
36 41 -1
36 45 -1
36 48 -1
36 49 -1
36 50 -1
36 52 -1
36 53 -1
36 54 -1
36 55 -1
36 58 -1
36 60 1
36 61 1
36 62 -1
36 63 -1
36 64 1
36 67 1
36 69 -1
36 70 -1
36 71 -1
36 73 -1
36 74 -1
36 75 1
36 76 -1
36 77 -1
36 78 -1
36 79 -1
36 80 -1
36 81 -1
36 83 -1
36 89 -1
36 90 -1
36 91 -1
36 92 -1
36 93 -1
36 94 -1
36 95 -1
36 97 -1
36 98 1
36 99 -1
36 102 -1
36 103 -1
36 104 -1
36 106 -1
36 108 -1
36 109 1
36 111 -1
36 115 -1
36 116 -1
36 117 -1
36 118 -1
36 119 1
36 120 -1
36 122 -1
36 126 1
36 127 1
36 128 1
36 129 1
36 130 -1
37 4 -1
37 8 1
37 10 -1
37 11 -1
37 14 -1
37 15 -1
37 17 -1
37 23 1
37 24 -1
37 25 -1
37 27 -1
37 30 -1
37 32 -1
37 36 -1
37 39 -1
37 40 -1
37 44 1
37 46 -1
37 48 1
37 50 -1
37 52 1
37 54 1
37 57 -1
37 63 -1
37 65 -1
37 67 -1
37 68 -1
37 71 -1
37 72 -1
37 74 -1
37 76 -1
37 77 -1
37 78 1
37 80 -1
37 81 -1
37 82 -1
37 85 1
37 87 -1
37 90 -1
37 91 1
37 95 1
37 96 -1
37 97 -1
37 100 -1
37 101 -1
37 105 -1
37 107 -1
37 108 1
37 109 -1
37 110 -1
37 114 1
37 115 -1
37 117 1
37 118 -1
37 119 -1
37 120 1
37 121 1
37 123 1
37 127 -1
37 129 -1
38 1 1
38 4 -1
38 5 -1
38 9 -1
38 10 -1
38 13 -1
38 14 -1
38 16 -1
38 17 -1
38 20 1
38 21 -1
38 23 1
38 24 -1
38 25 -1
38 27 -1
38 29 -1
38 30 -1
38 33 -1
38 34 -1
38 35 -1
38 37 -1
38 40 1
38 42 -1
38 43 -1
38 44 -1
38 45 -1
38 47 -1
38 53 -1
38 55 -1
38 58 -1
38 62 -1
38 63 -1
38 64 -1
38 71 -1
38 72 -1
38 73 -1
38 74 -1
38 75 -1
38 80 -1
38 82 -1
38 83 1
38 84 -1
38 85 -1
38 86 -1
38 92 -1
38 93 -1
38 94 -1
38 95 -1
38 103 -1
38 104 -1
38 105 -1
38 106 -1
38 107 -1
38 109 -1
38 110 -1
38 111 -1
38 114 -1
38 115 -1
38 125 1
38 126 -1
38 128 -1
38 129 -1
39 1 -1
39 5 -1
39 6 -1
39 7 -1
39 8 -1
39 9 -1
39 13 -1
39 14 1
39 15 1
39 16 -1
39 18 -1
39 24 1
39 26 -1
39 31 -1
39 32 -1
39 33 -1
39 34 -1
39 38 1
39 40 1
39 42 -1
39 43 -1
39 50 -1
39 52 -1
39 54 -1
39 55 -1
39 56 -1
39 57 1
39 59 -1
39 62 -1
39 64 -1
39 66 -1
39 67 -1
39 68 -1
39 70 -1
39 73 -1
39 74 1
39 76 -1
39 78 -1
39 79 -1
39 80 -1
39 82 1
39 84 -1
39 89 1
39 90 -1
39 91 -1
39 94 1
39 96 1
39 98 -1
39 99 -1
39 100 -1
39 101 -1
39 103 -1
39 104 -1
39 105 -1
39 108 -1
39 109 -1
39 113 -1
39 120 -1
39 122 -1
39 124 -1
39 125 -1
39 127 -1
39 128 -1
39 130 -1
40 2 -1
40 5 -1
40 6 -1
40 8 -1
40 12 -1
40 14 -1
40 18 1
40 19 -1
40 23 1
40 24 -1
40 25 -1
40 26 -1
40 27 -1
40 28 1
40 29 -1
40 30 -1
40 31 -1
40 34 -1
40 41 1
40 45 -1
40 48 -1
40 49 1
40 51 -1
40 59 -1
40 62 -1
40 64 -1
40 65 -1
40 66 -1
40 67 -1
40 68 1
40 70 -1
40 72 -1
40 77 1
40 79 -1
40 80 -1
40 82 1
40 83 -1
40 84 -1
40 85 -1
40 86 1
40 88 -1
40 92 -1
40 93 -1
40 95 -1
40 97 1
40 98 -1
40 99 -1
40 100 -1
40 101 -1
40 105 1
40 106 -1
40 107 -1
40 108 -1
40 113 1
40 114 -1
40 116 -1
40 122 -1
40 124 1
40 125 -1
40 127 1
41 4 1
41 5 -1
41 6 -1
41 7 1
41 8 1
41 10 1
41 12 -1
41 15 -1
41 16 -1
41 19 -1
41 21 1
41 24 -1
41 25 -1
41 27 -1
41 32 -1
41 33 -1
41 35 -1
41 37 -1
41 38 -1
41 39 -1
41 44 -1
41 45 -1
41 47 -1
41 48 -1
41 50 -1
41 52 -1
41 54 1
41 56 -1
41 57 -1
41 59 -1
41 60 -1
41 61 -1
41 63 -1
41 67 -1
41 69 -1
41 73 -1
41 75 1
41 76 -1
41 79 -1
41 81 -1
41 82 -1
41 83 -1
41 86 -1
41 87 -1
41 88 -1
41 90 -1
41 92 -1
41 95 1
41 98 -1
41 100 1
41 101 1
41 102 -1
41 106 -1
41 107 -1
41 111 -1
41 114 -1
41 120 -1
41 122 -1
41 125 1
41 126 -1
41 127 -1
41 128 -1
42 4 -1
42 5 -1
42 11 -1
42 18 -1
42 20 -1
42 21 1
42 24 -1
42 26 -1
42 27 1
42 29 -1
42 30 -1
42 31 -1
42 34 1
42 35 -1
42 36 -1
42 37 -1
42 40 -1
42 41 -1
42 43 -1
42 45 -1
42 46 -1
42 47 -1
42 48 -1
42 50 -1
42 54 1
42 55 -1
42 60 -1
42 62 1
42 64 -1
42 66 -1
42 69 -1
42 74 -1
42 75 -1
42 76 -1
42 77 -1
42 79 -1
42 82 -1
42 86 -1
42 87 -1
42 88 -1
42 92 -1
42 93 -1
42 95 -1
42 96 -1
42 97 -1
42 98 -1
42 100 -1
42 101 -1
42 103 1
42 107 1
42 109 -1
42 110 1
42 111 -1
42 112 -1
42 115 1
42 116 -1
42 117 -1
42 119 -1
42 121 -1
42 122 -1
42 123 -1
42 124 1
42 125 -1
42 126 -1
42 127 -1
43 3 1
43 5 1
43 6 -1
43 8 -1
43 10 -1
43 11 -1
43 12 -1
43 15 1
43 17 -1
43 22 -1
43 25 -1
43 26 -1
43 29 -1
43 30 1
43 31 -1
43 32 -1
43 34 -1
43 36 -1
43 37 -1
43 40 -1
43 41 -1
43 44 -1
43 45 -1
43 47 1
43 50 -1
43 51 -1
43 55 -1
43 56 1
43 58 -1
43 63 -1
43 64 -1
43 65 -1
43 69 -1
43 70 -1
43 74 -1
43 76 -1
43 77 -1
43 79 -1
43 81 1
43 82 -1
43 83 -1
43 85 1
43 87 1
43 89 -1
43 90 -1
43 91 -1
43 93 1
43 94 -1
43 95 -1
43 96 -1
43 97 -1
43 98 1
43 101 -1
43 102 -1
43 103 -1
43 104 1
43 106 1
43 107 -1
43 108 -1
43 109 -1
43 111 -1
43 112 -1
43 115 1
43 118 -1
43 123 1
43 125 -1
43 126 -1
43 129 -1
44 4 -1
44 5 1
44 6 -1
44 7 -1
44 11 -1
44 14 -1
44 15 -1
44 19 -1
44 21 1
44 23 1
44 31 -1
44 32 -1
44 33 -1
44 36 -1
44 39 -1
44 40 -1
44 42 -1
44 45 -1
44 46 -1
44 49 -1
44 51 -1
44 52 -1
44 53 -1
44 55 -1
44 57 -1
44 60 -1
44 61 1
44 62 1
44 63 -1
44 67 1
44 69 -1
44 70 -1
44 71 -1
44 75 -1
44 76 1
44 79 -1
44 83 -1
44 85 1
44 88 -1
44 89 -1
44 91 -1
44 93 1
44 95 -1
44 96 -1
44 98 -1
44 99 -1
44 100 -1
44 105 -1
44 109 -1
44 110 -1
44 111 -1
44 116 -1
44 119 1
44 121 1
44 123 -1
44 125 -1
44 126 -1
44 127 -1
44 128 -1
44 129 -1
45 2 -1
45 7 -1
45 8 -1
45 11 -1
45 17 1
45 18 -1
45 20 -1
45 21 -1
45 26 -1
45 27 -1
45 33 -1
45 34 1
45 37 -1
45 39 -1
45 46 -1
45 48 -1
45 50 -1
45 52 -1
45 54 -1
45 55 -1
45 57 -1
45 65 -1
45 67 -1
45 69 -1
45 70 -1
45 75 1
45 76 -1
45 77 1
45 81 1
45 82 -1
45 85 1
45 86 1
45 87 -1
45 89 -1
45 92 -1
45 94 -1
45 95 -1
45 96 -1
45 103 -1
45 104 -1
45 111 -1
45 115 -1
45 117 -1
45 120 1
45 122 -1
45 125 1
45 127 -1
45 129 -1
46 3 -1
46 7 -1
46 9 -1
46 10 -1
46 12 -1
46 13 -1
46 14 1
46 15 -1
46 16 1
46 18 -1
46 20 1
46 22 -1
46 23 1
46 24 -1
46 25 -1
46 26 -1
46 27 -1
46 29 -1
46 30 1
46 31 -1
46 34 1
46 35 -1
46 36 -1
46 38 -1
46 39 -1
46 40 -1
46 41 -1
46 43 -1
46 48 -1
46 50 -1
46 51 -1
46 53 -1
46 54 -1
46 60 -1
46 68 -1
46 69 -1
46 70 -1
46 72 -1
46 73 -1
46 74 1
46 75 -1
46 76 -1
46 78 -1
46 79 -1
46 80 -1
46 83 -1
46 87 -1
46 88 -1
46 91 -1
46 95 1
46 96 -1
46 97 -1
46 98 -1
46 99 -1
46 102 -1
46 104 -1
46 107 -1
46 109 -1
46 110 1
46 111 -1
46 112 -1
46 115 -1
46 116 -1
46 117 -1
46 119 -1
46 120 -1
46 121 1
46 123 -1
46 125 -1
46 128 -1
46 129 -1
46 130 -1
47 1 -1
47 3 1
47 4 -1
47 5 -1
47 6 -1
47 10 -1
47 12 -1
47 14 -1
47 15 -1
47 16 -1
47 17 -1
47 18 -1
47 22 -1
47 23 -1
47 26 1
47 28 -1
47 32 -1
47 35 -1
47 36 -1
47 37 -1
47 39 -1
47 40 -1
47 44 1
47 45 -1
47 46 -1
47 48 -1
47 53 1
47 58 -1
47 60 1
47 61 -1
47 62 -1
47 63 -1
47 64 1
47 65 -1
47 67 -1
47 68 -1
47 69 1
47 71 -1
47 73 -1
47 76 -1
47 79 -1
47 80 -1
47 82 -1
47 83 -1
47 84 1
47 85 -1
47 87 -1
47 88 1
47 89 -1
47 90 -1
47 92 -1
47 93 -1
47 96 -1
47 97 -1
47 98 -1
47 101 -1
47 102 -1
47 103 -1
47 104 -1
47 105 -1
47 106 -1
47 107 -1
47 108 -1
47 110 1
47 114 -1
47 115 -1
47 116 1
47 117 -1
47 118 -1
47 119 1
47 123 1
47 125 -1
47 127 -1
47 129 -1
48 1 -1
48 5 1
48 6 1
48 8 -1
48 9 -1
48 13 1
48 14 -1
48 17 -1
48 18 1
48 20 1
48 21 -1
48 22 -1
48 23 -1
48 24 -1
48 25 -1
48 26 1
48 28 1
48 29 -1
48 30 -1
48 32 -1
48 38 -1
48 39 1
48 43 -1
48 44 -1
48 49 -1
48 50 -1
48 51 -1
48 57 -1
48 58 1
48 59 -1
48 63 1
48 67 -1
48 71 -1
48 73 -1
48 75 -1
48 76 -1
48 77 -1
48 78 -1
48 79 -1
48 80 -1
48 83 -1
48 85 -1
48 89 -1
48 90 -1
48 91 -1
48 93 -1
48 94 -1
48 96 -1
48 98 -1
48 100 -1
48 101 -1
48 104 -1
48 107 -1
48 108 -1
48 109 1
48 110 -1
48 113 -1
48 115 -1
48 116 -1
48 120 -1
48 121 -1
48 122 -1
48 124 -1
48 125 1
48 127 -1
48 129 -1
48 130 -1
49 3 -1
49 4 -1
49 5 -1
49 7 -1
49 9 -1
49 11 -1
49 12 -1
49 14 -1
49 15 -1
49 17 -1
49 18 1
49 19 -1
49 21 -1
49 23 1
49 28 1
49 30 -1
49 32 1
49 33 -1
49 34 -1
49 37 -1
49 38 -1
49 39 -1
49 41 -1
49 42 -1
49 43 -1
49 45 -1
49 46 -1
49 47 -1
49 51 1
49 52 -1
49 56 -1
49 67 -1
49 68 -1
49 69 -1
49 70 -1
49 71 -1
49 76 -1
49 77 -1
49 79 -1
49 80 -1
49 81 -1
49 82 -1
49 85 -1
49 86 -1
49 89 -1
49 90 -1
49 94 -1
49 95 -1
49 96 1
49 100 -1
49 101 -1
49 104 -1
49 108 -1
49 109 -1
49 112 -1
49 114 -1
49 116 -1
49 117 1
49 119 1
49 125 -1
49 129 1
50 1 -1
50 2 -1
50 4 -1
50 6 -1
50 8 1
50 9 -1
50 10 1
50 11 -1
50 12 -1
50 15 -1
50 16 -1
50 17 1
50 18 -1
50 24 -1
50 26 -1
50 35 -1
50 38 -1
50 40 -1
50 44 -1
50 47 -1
50 49 -1
50 51 -1
50 54 -1
50 56 -1
50 60 -1
50 67 1
50 71 -1
50 72 -1
50 73 -1
50 81 -1
50 82 1
50 84 -1
50 85 -1
50 86 -1
50 89 -1
50 90 -1
50 93 -1
50 95 -1
50 96 1
50 98 -1
50 100 -1
50 105 -1
50 106 -1
50 107 -1
50 108 -1
50 109 1
50 110 -1
50 113 -1
50 116 1
50 119 -1
50 120 -1
50 122 1
50 126 -1
50 127 -1
51 4 -1
51 6 -1
51 7 -1
51 12 -1
51 15 -1
51 16 -1
51 17 -1
51 22 1
51 24 -1
51 25 -1
51 26 -1
51 27 -1
51 29 -1
51 30 -1
51 32 -1
51 34 -1
51 35 -1
51 36 -1
51 37 -1
51 38 1
51 39 -1
51 41 1
51 42 -1
51 45 -1
51 47 -1
51 52 -1
51 54 -1
51 55 -1
51 56 1
51 57 -1
51 58 -1
51 59 -1
51 63 1
51 66 -1
51 70 1
51 71 1
51 74 -1
51 78 -1
51 79 -1
51 81 -1
51 82 -1
51 83 -1
51 85 -1
51 89 -1
51 90 1
51 92 -1
51 94 -1
51 97 -1
51 98 -1
51 100 -1
51 101 -1
51 102 1
51 104 -1
51 105 -1
51 107 -1
51 109 1
51 110 -1
51 113 1
51 114 -1
51 115 -1
51 119 -1
51 121 -1
51 122 -1
51 124 1
51 125 -1
51 126 -1
51 127 1
51 128 -1
51 129 -1
51 130 -1
52 1 -1
52 2 -1
52 3 -1
52 4 1
52 5 -1
52 6 1
52 8 -1
52 9 -1
52 10 -1
52 13 -1
52 14 -1
52 15 -1
52 17 1
52 18 1
52 19 -1
52 21 -1
52 22 -1
52 28 -1
52 30 -1
52 38 1
52 40 -1
52 42 -1
52 43 -1
52 46 -1
52 47 -1
52 48 -1
52 50 -1
52 53 -1
52 62 1
52 64 -1
52 65 -1
52 66 -1
52 67 1
52 68 1
52 69 -1
52 73 -1
52 74 -1
52 77 1
52 78 -1
52 80 -1
52 81 -1
52 82 -1
52 83 -1
52 84 -1
52 85 -1
52 87 -1
52 88 -1
52 89 -1
52 90 -1
52 91 -1
52 94 -1
52 96 -1
52 97 1
52 101 -1
52 102 -1
52 105 -1
52 106 1
52 107 -1
52 109 -1
52 112 -1
52 113 -1
52 117 -1
52 118 -1
52 119 -1
52 122 -1
52 123 -1
52 124 -1
52 128 -1
52 130 -1
53 1 -1
53 3 -1
53 4 -1
53 6 -1
53 8 -1
53 9 -1
53 10 1
53 11 -1
53 13 -1
53 14 -1
53 19 -1
53 21 -1
53 25 -1
53 26 -1
53 30 1
53 31 1
53 33 -1
53 34 -1
53 37 -1
53 39 1
53 40 -1
53 41 1
53 42 -1
53 43 -1
53 45 -1
53 48 -1
53 49 -1
53 50 1
53 51 -1
53 55 -1
53 58 -1
53 70 -1
53 74 1
53 75 -1
53 76 -1
53 77 -1
53 78 -1
53 80 -1
53 81 1
53 84 1
53 90 -1
53 92 -1
53 96 -1
53 101 -1
53 107 -1
53 111 -1
53 115 -1
53 118 -1
53 121 -1
53 126 -1
53 127 -1
53 128 1
53 129 1
53 130 -1
54 8 -1
54 9 -1
54 11 -1
54 13 -1
54 15 -1
54 19 -1
54 21 -1
54 23 -1
54 25 -1
54 26 -1
54 29 -1
54 30 1
54 31 -1
54 32 -1
54 38 -1
54 40 -1
54 43 -1
54 44 -1
54 47 -1
54 48 -1
54 49 -1
54 52 1
54 53 -1
54 57 1
54 58 -1
54 61 1
54 62 1
54 66 1
54 67 -1
54 71 1
54 75 -1
54 76 -1
54 77 -1
54 78 -1
54 79 -1
54 80 -1
54 83 -1
54 86 -1
54 90 -1
54 91 1
54 92 -1
54 93 -1
54 96 -1
54 98 -1
54 99 -1
54 100 -1
54 101 -1
54 102 1
54 103 -1
54 105 -1
54 106 -1
54 107 -1
54 110 -1
54 111 -1
54 112 -1
54 113 -1
54 116 -1
54 118 -1
54 121 -1
54 123 -1
54 124 1
54 126 -1
54 127 -1
54 130 -1
55 7 1
55 8 -1
55 10 1
55 12 -1
55 13 -1
55 16 -1
55 18 -1
55 22 1
55 23 -1
55 29 -1
55 30 -1
55 31 -1
55 32 1
55 34 -1
55 37 -1
55 40 -1
55 41 -1
55 46 1
55 47 1
55 48 -1
55 49 -1
55 50 -1
55 52 -1
55 54 1
55 57 -1
55 59 1
55 60 -1
55 62 -1
55 65 -1
55 67 -1
55 68 1
55 71 1
55 78 -1
55 80 1
55 81 -1
55 83 -1
55 84 -1
55 86 -1
55 88 -1
55 93 -1
55 96 -1
55 102 -1
55 106 -1
55 109 1
55 110 -1
55 113 -1
55 114 1
55 115 -1
55 116 1
55 120 -1
55 124 -1
55 125 -1
55 126 -1
55 128 -1
55 129 -1
55 130 1
56 2 -1
56 4 -1
56 5 -1
56 6 -1
56 7 1
56 8 -1
56 12 -1
56 14 -1
56 15 -1
56 19 1
56 26 -1
56 27 -1
56 29 -1
56 30 -1
56 31 -1
56 32 1
56 34 -1
56 36 -1
56 37 -1
56 38 -1
56 40 1
56 42 1
56 44 -1
56 45 -1
56 46 -1
56 47 -1
56 48 -1
56 52 -1
56 53 -1
56 54 1
56 55 -1
56 58 -1
56 59 -1
56 61 -1
56 62 -1
56 66 -1
56 67 -1
56 69 1
56 71 -1
56 75 -1
56 78 1
56 81 -1
56 88 -1
56 89 -1
56 90 -1
56 95 -1
56 98 1
56 101 -1
56 104 1
56 105 -1
56 106 -1
56 108 1
56 109 -1
56 110 1
56 112 -1
56 114 -1
56 115 1
56 116 -1
56 117 1
56 120 -1
56 121 -1
56 122 -1
56 124 -1
56 125 -1
56 126 -1
56 128 -1
56 129 -1
56 130 1
57 1 -1
57 3 -1
57 4 -1
57 6 1
57 7 -1
57 10 -1
57 13 1
57 14 -1
57 15 -1
57 16 1
57 17 -1
57 21 1
57 22 -1
57 25 -1
57 27 1
57 31 -1
57 33 -1
57 34 -1
57 36 1
57 38 -1
57 40 -1
57 42 1
57 43 -1
57 46 -1
57 47 -1
57 49 -1
57 50 -1
57 52 1
57 53 -1
57 56 -1
57 58 -1
57 61 1
57 62 -1
57 68 1
57 72 1
57 74 -1
57 77 -1
57 80 1
57 83 -1
57 84 -1
57 87 -1
57 88 -1
57 92 -1
57 93 -1
57 94 1
57 96 -1
57 103 -1
57 104 -1
57 105 -1
57 107 -1
57 111 -1
57 113 -1
57 114 -1
57 116 1
57 117 1
57 118 -1
57 121 1
57 123 -1
57 124 1
57 127 -1
57 128 -1
57 129 -1
57 130 -1
58 1 -1
58 2 -1
58 3 -1
58 4 -1
58 6 -1
58 9 1
58 10 -1
58 16 -1
58 18 -1
58 19 -1
58 20 -1
58 21 -1
58 22 1
58 24 -1
58 25 -1
58 27 -1
58 30 1
58 32 -1
58 33 1
58 34 -1
58 37 -1
58 39 1
58 40 -1
58 41 -1
58 42 -1
58 44 -1
58 45 -1
58 46 -1
58 49 -1
58 50 -1
58 52 -1
58 55 1
58 61 -1
58 64 -1
58 65 -1
58 66 -1
58 67 -1
58 68 -1
58 69 -1
58 70 -1
58 71 -1
58 74 -1
58 75 1
58 76 -1
58 77 -1
58 78 -1
58 79 -1
58 80 1
58 83 -1
58 86 1
58 87 -1
58 88 1
58 89 1
58 91 -1
58 97 -1
58 99 -1
58 102 1
58 103 -1
58 106 1
58 107 -1
58 108 -1
58 109 -1
58 110 -1
58 111 1
58 112 -1
58 113 1
58 118 -1
58 121 -1
58 128 -1
58 129 -1
59 3 -1
59 4 -1
59 7 1
59 8 -1
59 11 1
59 14 1
59 15 -1
59 19 -1
59 22 -1
59 23 -1
59 25 -1
59 26 -1
59 30 -1
59 33 -1
59 35 1
59 36 -1
59 37 -1
59 38 1
59 42 -1
59 43 -1
59 44 -1
59 45 -1
59 46 -1
59 47 -1
59 49 1
59 50 -1
59 52 -1
59 53 -1
59 54 -1
59 57 1
59 58 -1
59 62 -1
59 66 1
59 67 1
59 71 1
59 74 -1
59 77 -1
59 80 -1
59 83 -1
59 84 1
59 86 -1
59 93 -1
59 96 -1
59 97 1
59 98 1
59 100 -1
59 101 -1
59 102 -1
59 103 -1
59 104 1
59 105 -1
59 106 -1
59 107 -1
59 108 -1
59 111 -1
59 113 -1
59 118 -1
59 122 -1
59 123 -1
59 124 -1
59 125 -1
59 126 -1
60 1 -1
60 2 -1
60 3 -1
60 7 1
60 8 -1
60 11 -1
60 12 -1
60 20 1
60 22 -1
60 24 -1
60 25 1
60 28 -1
60 29 -1
60 31 -1
60 33 -1
60 37 -1
60 38 1
60 39 -1
60 40 1
60 43 -1
60 45 -1
60 48 1
60 49 -1
60 51 1
60 52 -1
60 53 -1
60 54 -1
60 56 -1
60 57 -1
60 58 1
60 59 -1
60 64 -1
60 65 1
60 67 -1
60 70 -1
60 75 -1
60 76 -1
60 77 1
60 78 1
60 82 -1
60 84 1
60 86 1
60 87 -1
60 88 1
60 90 -1
60 91 -1
60 95 -1
60 98 -1
60 102 1
60 103 1
60 104 -1
60 108 1
60 109 -1
60 111 -1
60 113 -1
60 115 1
60 116 -1
60 117 1
60 120 -1
60 126 -1
60 129 -1
60 130 -1
61 1 -1
61 6 -1
61 7 1
61 9 -1
61 11 1
61 14 -1
61 16 -1
61 17 -1
61 18 -1
61 19 -1
61 23 -1
61 24 1
61 25 -1
61 30 -1
61 33 -1
61 37 -1
61 38 -1
61 39 -1
61 40 -1
61 42 1
61 43 1
61 45 -1
61 46 1
61 48 -1
61 49 -1
61 50 -1
61 51 -1
61 52 -1
61 53 -1
61 55 -1
61 59 -1
61 60 -1
61 63 1
61 65 -1
61 66 1
61 74 -1
61 75 -1
61 76 1
61 78 -1
61 80 -1
61 85 -1
61 94 1
61 96 -1
61 97 -1
61 101 -1
61 102 1
61 103 1
61 104 -1
61 107 1
61 108 1
61 110 -1
61 111 -1
61 112 1
61 113 -1
61 116 -1
61 118 -1
61 127 -1
61 129 -1
61 130 -1
62 4 -1
62 5 -1
62 7 -1
62 8 1
62 9 -1
62 10 -1
62 11 -1
62 14 1
62 15 -1
62 18 1
62 20 -1
62 21 -1
62 23 1
62 24 -1
62 25 -1
62 26 -1
62 27 -1
62 28 -1
62 29 -1
62 32 -1
62 33 -1
62 37 -1
62 41 -1
62 43 1
62 45 -1
62 46 -1
62 48 1
62 49 1
62 50 -1
62 51 -1
62 53 -1
62 58 -1
62 60 -1
62 61 -1
62 63 1
62 64 -1
62 66 -1
62 67 1
62 68 -1
62 71 -1
62 72 -1
62 75 -1
62 78 -1
62 79 -1
62 80 -1
62 81 -1
62 82 -1
62 83 1
62 86 -1
62 89 1
62 90 -1
62 91 -1
62 93 -1
62 95 -1
62 96 -1
62 103 -1
62 105 -1
62 107 1
62 108 -1
62 110 1
62 111 -1
62 114 -1
62 116 -1
62 120 -1
62 122 -1
62 124 1
62 126 -1
62 130 -1
63 1 -1
63 3 -1
63 8 -1
63 10 -1
63 14 -1
63 18 -1
63 19 -1
63 21 -1
63 23 -1
63 24 -1
63 26 -1
63 27 1
63 28 -1
63 29 -1
63 30 -1
63 31 -1
63 34 -1
63 39 1
63 40 -1
63 42 -1
63 45 -1
63 46 -1
63 49 -1
63 50 -1
63 52 1
63 53 -1
63 54 1
63 55 1
63 56 -1
63 57 1
63 58 -1
63 59 -1
63 60 -1
63 65 -1
63 66 1
63 68 -1
63 69 -1
63 72 -1
63 73 -1
63 74 -1
63 75 -1
63 76 -1
63 80 -1
63 81 -1
63 82 -1
63 83 -1
63 84 -1
63 85 1
63 86 -1
63 89 -1
63 90 1
63 91 -1
63 92 -1
63 94 1
63 96 -1
63 98 -1
63 102 1
63 103 1
63 104 -1
63 105 1
63 106 -1
63 108 -1
63 109 -1
63 114 1
63 116 -1
63 117 -1
63 119 -1
63 120 1
63 124 -1
63 125 -1
63 128 -1
63 129 -1
63 130 1
64 1 1
64 3 -1
64 4 -1
64 8 1
64 9 -1
64 10 -1
64 12 -1
64 13 -1
64 16 -1
64 18 -1
64 20 -1
64 22 -1
64 24 -1
64 25 -1
64 27 -1
64 29 1
64 30 -1
64 34 -1
64 35 -1
64 37 -1
64 41 1
64 44 -1
64 45 -1
64 46 -1
64 48 -1
64 49 1
64 50 -1
64 51 1
64 53 -1
64 54 -1
64 55 -1
64 56 -1
64 57 -1
64 59 1
64 61 -1
64 63 -1
64 65 -1
64 66 -1
64 67 -1
64 68 -1
64 69 -1
64 71 -1
64 73 -1
64 74 -1
64 75 -1
64 77 -1
64 78 -1
64 81 1
64 82 -1
64 84 -1
64 85 -1
64 89 -1
64 91 1
64 92 -1
64 93 1
64 94 -1
64 97 -1
64 98 -1
64 104 -1
64 105 -1
64 107 -1
64 108 1
64 112 1
64 113 -1
64 115 1
64 116 -1
64 118 -1
64 122 -1
64 124 1
64 126 1
64 128 -1
64 129 -1
64 130 -1
65 5 -1
65 7 -1
65 11 -1
65 12 -1
65 17 1
65 18 -1
65 23 1
65 25 -1
65 26 -1
65 27 -1
65 35 -1
65 36 -1
65 38 1
65 39 -1
65 41 1
65 42 1
65 44 -1
65 46 1
65 48 1
65 49 -1
65 50 1
65 51 1
65 53 1
65 54 -1
65 56 -1
65 57 -1
65 59 -1
65 62 -1
65 68 -1
65 70 -1
65 71 1
65 72 -1
65 75 -1
65 76 -1
65 80 -1
65 84 -1
65 85 -1
65 86 1
65 87 -1
65 88 -1
65 92 -1
65 93 -1
65 94 -1
65 96 -1
65 98 1
65 99 -1
65 100 -1
65 101 -1
65 103 -1
65 105 -1
65 106 -1
65 108 -1
65 109 -1
65 110 -1
65 111 1
65 112 -1
65 114 -1
65 115 -1
65 116 -1
65 117 -1
65 119 -1
65 121 1
65 123 -1
65 124 -1
65 128 -1
66 1 -1
66 10 -1
66 11 -1
66 15 1
66 17 -1
66 18 -1
66 20 -1
66 21 -1
66 22 1
66 23 -1
66 24 -1
66 25 -1
66 28 1
66 29 -1
66 30 1
66 32 -1
66 33 -1
66 35 -1
66 36 1
66 37 -1
66 38 -1
66 41 -1
66 43 1
66 44 1
66 45 -1
66 46 -1
66 47 -1
66 48 -1
66 49 -1
66 50 -1
66 53 -1
66 55 -1
66 57 1
66 60 -1
66 65 -1
66 67 -1
66 69 -1
66 71 -1
66 73 -1
66 74 1
66 76 1
66 77 -1
66 78 -1
66 81 -1
66 85 -1
66 88 -1
66 90 -1
66 91 -1
66 93 -1
66 94 -1
66 96 -1
66 98 -1
66 99 -1
66 102 1
66 103 -1
66 105 -1
66 108 -1
66 109 -1
66 110 -1
66 112 1
66 113 -1
66 116 -1
66 117 -1
66 118 -1
66 120 1
66 122 -1
66 123 -1
66 124 -1
66 126 -1
66 127 -1
66 128 -1
66 130 -1
67 1 -1
67 7 -1
67 8 -1
67 13 -1
67 14 -1
67 15 -1
67 18 -1
67 20 -1
67 22 -1
67 23 -1
67 25 -1
67 27 -1
67 30 -1
67 33 -1
67 35 -1
67 38 -1
67 42 -1
67 43 -1
67 46 -1
67 51 -1
67 53 -1
67 57 1
67 61 -1
67 63 -1
67 65 -1
67 68 -1
67 70 -1
67 71 1
67 73 -1
67 75 -1
67 76 -1
67 77 -1
67 78 -1
67 80 -1
67 81 -1
67 82 -1
67 85 -1
67 86 -1
67 88 1
67 89 1
67 90 1
67 91 -1
67 94 -1
67 97 -1
67 98 -1
67 101 -1
67 104 1
67 106 1
67 108 1
67 109 -1
67 112 -1
67 113 -1
67 119 -1
67 121 -1
67 122 -1
67 123 -1
67 125 -1
67 126 -1
67 127 1
67 128 -1
67 130 -1
68 1 -1
68 2 -1
68 4 -1
68 5 -1
68 7 -1
68 9 1
68 10 1
68 17 1
68 22 -1
68 23 -1
68 30 -1
68 31 1
68 33 1
68 34 -1
68 35 1
68 36 -1
68 38 -1
68 41 1
68 42 1
68 43 -1
68 44 -1
68 45 -1
68 48 -1
68 50 -1
68 51 -1
68 53 -1
68 54 1
68 56 -1
68 59 -1
68 60 -1
68 61 -1
68 66 -1
68 70 -1
68 74 -1
68 78 -1
68 79 -1
68 81 -1
68 82 -1
68 83 -1
68 84 -1
68 85 -1
68 86 -1
68 89 -1
68 90 -1
68 92 -1
68 94 -1
68 96 -1
68 98 -1
68 100 -1
68 103 -1
68 104 -1
68 109 -1
68 110 1
68 111 1
68 112 1
68 113 -1
68 116 -1
68 118 1
68 120 -1
68 128 -1
68 129 -1
68 130 -1
69 5 -1
69 7 1
69 9 -1
69 10 -1
69 11 -1
69 12 1
69 14 1
69 15 1
69 16 -1
69 17 -1
69 22 -1
69 23 1
69 30 -1
69 33 -1
69 34 -1
69 35 -1
69 37 -1
69 38 -1
69 39 1
69 40 -1
69 48 -1
69 50 -1
69 51 -1
69 53 1
69 54 -1
69 55 -1
69 57 -1
69 59 -1
69 60 1
69 61 -1
69 62 -1
69 65 -1
69 67 -1
69 68 -1
69 71 1
69 72 -1
69 75 -1
69 76 -1
69 79 -1
69 84 1
69 86 1
69 89 1
69 91 -1
69 93 -1
69 99 -1
69 103 -1
69 104 -1
69 105 -1
69 106 -1
69 107 -1
69 108 -1
69 111 1
69 112 -1
69 113 -1
69 115 -1
69 116 -1
69 117 -1
69 118 -1
69 120 -1
69 121 1
69 123 -1
69 125 1
69 127 -1
69 130 -1
70 1 -1
70 2 -1
70 3 -1
70 6 -1
70 7 -1
70 11 -1
70 14 1
70 15 -1
70 17 -1
70 18 -1
70 23 -1
70 24 -1
70 25 -1
70 29 -1
70 33 1
70 35 -1
70 37 -1
70 38 -1
70 41 -1
70 42 -1
70 47 -1
70 48 -1
70 50 -1
70 52 -1
70 54 -1
70 55 -1
70 56 -1
70 57 -1
70 59 -1
70 61 -1
70 62 -1
70 63 1
70 64 -1
70 66 -1
70 69 -1
70 71 -1
70 73 -1
70 74 -1
70 75 -1
70 77 -1
70 79 -1
70 80 -1
70 83 -1
70 85 -1
70 87 -1
70 88 -1
70 90 -1
70 92 -1
70 94 -1
70 95 1
70 97 -1
70 100 1
70 102 -1
70 104 -1
70 105 -1
70 107 -1
70 109 -1
70 112 -1
70 113 -1
70 114 -1
70 116 1
70 117 -1
70 118 -1
70 119 1
70 121 -1
70 122 1
70 123 -1
70 128 -1
70 129 -1
71 1 -1
71 3 -1
71 4 -1
71 6 -1
71 7 1
71 8 -1
71 9 1
71 10 1
71 11 -1
71 12 1
71 14 -1
71 15 -1
71 18 -1
71 22 -1
71 23 -1
71 24 -1
71 25 -1
71 28 -1
71 30 -1
71 32 -1
71 34 -1
71 35 1
71 39 -1
71 40 -1
71 41 -1
71 42 1
71 43 -1
71 45 -1
71 46 -1
71 52 -1
71 53 -1
71 57 -1
71 60 -1
71 61 -1
71 63 1
71 68 -1
71 73 -1
71 74 1
71 78 -1
71 79 -1
71 80 -1
71 81 -1
71 86 -1
71 87 -1
71 88 -1
71 91 -1
71 92 -1
71 93 1
71 94 -1
71 96 1
71 100 -1
71 104 -1
71 106 -1
71 107 -1
71 108 1
71 109 -1
71 110 -1
71 113 1
71 117 -1
71 119 -1
71 121 -1
71 122 -1
71 123 -1
71 124 -1
71 125 -1
71 126 -1
72 3 1
72 5 -1
72 6 -1
72 7 -1
72 8 -1
72 9 -1
72 11 -1
72 14 -1
72 15 -1
72 16 -1
72 18 -1
72 20 -1
72 25 -1
72 26 1
72 27 1
72 28 -1
72 30 -1
72 33 -1
72 34 1
72 35 -1
72 36 1
72 39 -1
72 41 -1
72 42 1
72 43 -1
72 44 -1
72 45 -1
72 47 -1
72 48 -1
72 49 -1
72 51 1
72 52 -1
72 53 -1
72 54 1
72 55 -1
72 56 1
72 58 1
72 59 -1
72 60 -1
72 61 1
72 64 -1
72 66 -1
72 67 -1
72 68 -1
72 70 -1
72 71 -1
72 73 -1
72 74 -1
72 76 1
72 77 1
72 80 -1
72 83 -1
72 84 -1
72 85 1
72 86 -1
72 88 -1
72 89 -1
72 90 -1
72 91 1
72 93 1
72 94 1
72 99 -1
72 100 -1
72 101 1
72 102 1
72 104 1
72 107 -1
72 108 1
72 109 1
72 111 -1
72 114 -1
72 116 -1
72 123 -1
72 124 -1
72 125 -1
72 130 1
73 1 -1
73 2 -1
73 6 1
73 7 -1
73 8 1
73 9 -1
73 14 -1
73 15 -1
73 23 -1
73 24 -1
73 25 -1
73 27 -1
73 29 -1
73 30 -1
73 31 -1
73 32 -1
73 33 -1
73 35 -1
73 37 -1
73 40 -1
73 42 1
73 43 -1
73 44 -1
73 45 -1
73 49 1
73 51 1
73 53 -1
73 54 -1
73 55 -1
73 56 -1
73 57 -1
73 58 -1
73 59 -1
73 60 -1
73 61 -1
73 62 -1
73 65 -1
73 68 -1
73 69 -1
73 77 -1
73 79 -1
73 82 -1
73 86 -1
73 89 -1
73 90 -1
73 92 1
73 93 1
73 94 -1
73 102 -1
73 103 -1
73 104 -1
73 105 -1
73 108 -1
73 110 -1
73 113 -1
73 114 -1
73 116 -1
73 117 -1
73 121 -1
73 125 -1
73 127 -1
74 3 -1
74 4 -1
74 6 -1
74 7 -1
74 9 -1
74 11 -1
74 12 -1
74 13 -1
74 14 -1
74 15 1
74 17 -1
74 19 -1
74 20 -1
74 21 1
74 24 1
74 27 -1
74 31 -1
74 35 -1
74 40 -1
74 41 -1
74 44 -1
74 45 1
74 47 -1
74 48 1
74 49 -1
74 50 -1
74 54 -1
74 55 1
74 56 -1
74 60 -1
74 62 1
74 65 -1
74 67 -1
74 69 -1
74 73 1
74 76 -1
74 78 -1
74 79 -1
74 80 1
74 81 -1
74 84 -1
74 86 -1
74 87 1
74 88 1
74 89 -1
74 91 -1
74 92 -1
74 95 -1
74 97 1
74 100 -1
74 102 -1
74 105 -1
74 106 -1
74 107 1
74 108 -1
74 110 1
74 111 -1
74 112 -1
74 114 -1
74 118 -1
74 125 -1
74 129 -1
75 3 -1
75 6 -1
75 7 -1
75 9 -1
75 11 1
75 12 -1
75 14 -1
75 17 -1
75 20 -1
75 24 -1
75 25 -1
75 27 -1
75 30 1
75 32 -1
75 33 1
75 37 -1
75 39 -1
75 40 -1
75 43 -1
75 47 -1
75 49 -1
75 50 -1
75 51 1
75 52 -1
75 55 -1
75 57 1
75 59 1
75 66 -1
75 68 1
75 71 -1
75 72 1
75 73 -1
75 74 -1
75 77 -1
75 78 -1
75 80 -1
75 84 -1
75 85 -1
75 88 -1
75 89 1
75 91 1
75 93 -1
75 94 -1
75 95 -1
75 96 -1
75 98 -1
75 99 -1
75 100 -1
75 102 1
75 103 -1
75 106 -1
75 111 -1
75 112 -1
75 113 1
75 114 -1
75 115 -1
75 119 -1
75 121 -1
75 122 -1
75 124 1
75 126 1
75 127 -1
75 128 1
75 130 -1
76 1 -1
76 2 -1
76 3 -1
76 5 -1
76 6 -1
76 9 -1
76 10 -1
76 11 -1
76 14 1
76 20 -1
76 22 -1
76 27 -1
76 28 1
76 29 -1
76 31 1
76 32 -1
76 34 -1
76 38 -1
76 40 -1
76 50 1
76 51 -1
76 52 -1
76 55 1
76 56 1
76 57 -1
76 59 -1
76 62 -1
76 64 -1
76 68 -1
76 70 -1
76 71 1
76 73 -1
76 75 -1
76 77 -1
76 79 -1
76 80 -1
76 81 1
76 83 -1
76 84 -1
76 85 -1
76 88 -1
76 89 1
76 90 -1
76 92 -1
76 94 -1
76 95 -1
76 98 -1
76 99 -1
76 100 -1
76 101 -1
76 102 -1
76 105 -1
76 106 -1
76 107 -1
76 109 1
76 111 -1
76 113 -1
76 114 1
76 116 -1
76 123 1
76 124 -1
76 125 -1
76 127 -1
77 3 -1
77 5 -1
77 6 -1
77 7 1
77 8 -1
77 10 1
77 15 -1
77 18 -1
77 19 1
77 22 1
77 23 1
77 25 -1
77 26 -1
77 27 -1
77 28 -1
77 29 -1
77 31 -1
77 34 -1
77 35 1
77 38 -1
77 39 -1
77 41 -1
77 44 -1
77 46 -1
77 47 -1
77 50 1
77 51 -1
77 55 -1
77 56 -1
77 61 1
77 62 1
77 63 -1
77 65 -1
77 68 -1
77 69 1
77 71 -1
77 74 -1
77 78 -1
77 80 -1
77 82 -1
77 83 -1
77 84 -1
77 85 -1
77 86 -1
77 88 -1
77 90 1
77 93 -1
77 96 -1
77 102 -1
77 104 -1
77 106 -1
77 107 -1
77 108 1
77 109 -1
77 112 1
77 117 -1
77 118 -1
77 121 -1
77 124 -1
77 125 -1
77 127 -1
77 128 1
77 130 -1
78 1 -1
78 2 -1
78 5 -1
78 6 -1
78 11 1
78 12 -1
78 19 1
78 21 1
78 25 1
78 26 -1
78 27 1
78 28 -1
78 29 -1
78 32 -1
78 33 -1
78 35 -1
78 38 -1
78 40 -1
78 41 -1
78 42 -1
78 43 -1
78 44 -1
78 45 -1
78 47 -1
78 49 -1
78 50 1
78 57 -1
78 59 -1
78 63 -1
78 65 -1
78 69 -1
78 70 1
78 72 -1
78 73 1
78 76 -1
78 86 -1
78 92 -1
78 93 -1
78 94 -1
78 95 -1
78 96 -1
78 97 -1
78 100 1
78 101 -1
78 102 -1
78 105 -1
78 106 1
78 108 -1
78 109 1
78 110 -1
78 115 -1
78 118 -1
78 119 -1
78 122 -1
78 123 1
78 124 -1
78 127 -1
78 128 -1
78 130 -1
79 1 -1
79 4 -1
79 5 1
79 6 -1
79 7 -1
79 8 -1
79 10 -1
79 11 -1
79 14 -1
79 15 -1
79 16 -1
79 17 -1
79 18 -1
79 22 -1
79 24 1
79 25 -1
79 29 -1
79 30 -1
79 31 -1
79 34 -1
79 35 -1
79 37 1
79 38 -1
79 45 1
79 50 -1
79 52 1
79 53 -1
79 55 -1
79 56 1
79 57 -1
79 59 -1
79 60 -1
79 61 -1
79 63 -1
79 64 -1
79 65 -1
79 66 -1
79 67 -1
79 72 -1
79 75 -1
79 77 -1
79 78 -1
79 80 1
79 81 -1
79 82 -1
79 83 -1
79 84 -1
79 85 1
79 88 -1
79 90 -1
79 94 1
79 96 -1
79 97 -1
79 99 -1
79 103 -1
79 104 1
79 108 -1
79 110 1
79 111 -1
79 113 -1
79 115 -1
79 117 -1
79 118 -1
79 119 -1
79 120 1
79 121 -1
79 122 1
79 125 1
79 126 -1
79 128 -1
79 129 -1
80 3 -1
80 12 1
80 13 1
80 14 1
80 15 -1
80 17 -1
80 19 -1
80 20 -1
80 22 1
80 23 -1
80 24 -1
80 25 -1
80 26 -1
80 29 -1
80 30 -1
80 31 1
80 35 -1
80 41 1
80 42 -1
80 43 -1
80 44 -1
80 45 -1
80 50 -1
80 51 1
80 56 -1
80 60 -1
80 64 -1
80 66 1
80 68 -1
80 69 -1
80 73 1
80 78 1
80 81 -1
80 82 -1
80 84 -1
80 85 -1
80 93 -1
80 95 1
80 98 -1
80 100 -1
80 103 -1
80 111 -1
80 113 -1
80 116 -1
80 121 -1
80 122 -1
80 124 -1
80 125 -1
80 128 -1
80 129 -1
80 130 -1
81 2 -1
81 5 1
81 6 -1
81 7 -1
81 9 -1
81 10 -1
81 11 -1
81 12 -1
81 13 -1
81 14 -1
81 16 -1
81 17 -1
81 20 -1
81 26 -1
81 28 1
81 32 -1
81 33 -1
81 35 -1
81 38 -1
81 39 -1
81 40 -1
81 42 -1
81 44 -1
81 46 -1
81 47 -1
81 48 -1
81 54 1
81 57 -1
81 58 -1
81 59 -1
81 60 -1
81 61 1
81 65 -1
81 69 -1
81 70 -1
81 72 -1
81 73 -1
81 75 1
81 77 -1
81 78 -1
81 82 -1
81 83 1
81 84 -1
81 85 1
81 87 -1
81 88 -1
81 89 1
81 90 -1
81 93 -1
81 94 1
81 98 1
81 100 -1
81 102 -1
81 103 -1
81 105 -1
81 106 -1
81 107 -1
81 109 -1
81 111 -1
81 114 -1
81 115 -1
81 117 -1
81 118 1
81 120 -1
81 121 -1
81 123 1
81 124 -1
81 125 -1
81 126 1
81 130 1
82 1 1
82 2 -1
82 3 1
82 4 -1
82 7 -1
82 8 -1
82 10 -1
82 11 -1
82 12 -1
82 21 -1
82 25 -1
82 28 -1
82 29 -1
82 31 -1
82 32 -1
82 34 -1
82 35 1
82 36 -1
82 44 -1
82 46 -1
82 48 -1
82 53 -1
82 54 -1
82 55 -1
82 56 -1
82 57 -1
82 58 -1
82 59 -1
82 61 1
82 65 1
82 66 -1
82 69 -1
82 70 -1
82 71 -1
82 72 1
82 74 -1
82 75 1
82 76 -1
82 78 1
82 83 -1
82 84 -1
82 85 -1
82 87 -1
82 88 -1
82 91 -1
82 94 -1
82 101 -1
82 104 -1
82 108 -1
82 109 -1
82 111 1
82 113 -1
82 114 -1
82 115 -1
82 116 -1
82 118 -1
82 119 -1
82 125 -1
82 128 1
82 130 -1
83 1 -1
83 2 -1
83 6 -1
83 8 -1
83 9 -1
83 10 -1
83 12 -1
83 13 1
83 14 -1
83 19 -1
83 22 1
83 23 -1
83 27 1
83 33 -1
83 34 -1
83 37 -1
83 39 -1
83 42 -1
83 45 -1
83 49 -1
83 50 -1
83 53 -1
83 56 1
83 60 -1
83 61 -1
83 64 -1
83 65 -1
83 66 -1
83 67 -1
83 69 -1
83 71 -1
83 73 -1
83 74 -1
83 75 -1
83 78 -1
83 80 -1
83 84 -1
83 85 1
83 86 -1
83 87 -1
83 91 1
83 93 -1
83 96 1
83 98 1
83 99 1
83 100 -1
83 102 -1
83 105 -1
83 112 -1
83 114 -1
83 115 1
83 117 -1
83 118 -1
83 119 -1
83 120 -1
83 122 -1
83 128 -1
83 130 1
84 1 1
84 2 -1
84 6 -1
84 8 -1
84 12 -1
84 13 -1
84 14 -1
84 20 -1
84 22 -1
84 23 -1
84 27 -1
84 28 -1
84 31 -1
84 34 -1
84 35 -1
84 36 -1
84 37 -1
84 41 -1
84 42 -1
84 43 -1
84 44 -1
84 45 -1
84 46 -1
84 48 -1
84 49 1
84 51 1
84 54 -1
84 56 -1
84 58 -1
84 61 -1
84 62 1
84 66 1
84 67 -1
84 70 -1
84 71 1
84 73 -1
84 78 -1
84 85 -1
84 86 1
84 87 -1
84 89 -1
84 90 -1
84 91 -1
84 92 -1
84 93 -1
84 94 -1
84 95 -1
84 98 -1
84 99 -1
84 101 -1
84 102 -1
84 105 -1
84 108 -1
84 109 -1
84 115 -1
84 117 -1
84 118 1
84 120 -1
84 121 -1
84 123 -1
84 124 -1
84 125 -1
84 126 -1
84 127 -1
84 129 -1
84 130 -1
85 2 -1
85 5 -1
85 10 -1
85 11 -1
85 13 1
85 15 -1
85 16 -1
85 17 -1
85 18 -1
85 20 -1
85 26 -1
85 29 -1
85 30 -1
85 32 1
85 33 -1
85 34 -1
85 36 1
85 39 -1
85 41 -1
85 42 -1
85 46 1
85 53 -1
85 54 -1
85 55 -1
85 56 -1
85 57 -1
85 58 -1
85 59 -1
85 60 -1
85 62 -1
85 69 -1
85 71 1
85 73 -1
85 74 -1
85 78 -1
85 86 -1
85 88 -1
85 90 -1
85 92 1
85 94 1
85 95 -1
85 98 -1
85 99 1
85 101 -1
85 102 1
85 103 -1
85 104 -1
85 105 1
85 106 -1
85 109 -1
85 118 1
85 119 -1
85 120 -1
85 123 -1
85 124 -1
85 126 1
85 127 -1
86 2 -1
86 3 -1
86 5 -1
86 6 -1
86 8 -1
86 9 -1
86 11 -1
86 12 -1
86 14 -1
86 17 -1
86 18 -1
86 19 -1
86 20 1
86 21 -1
86 23 -1
86 24 1
86 28 -1
86 30 -1
86 31 1
86 35 1
86 36 -1
86 37 -1
86 39 -1
86 43 -1
86 44 -1
86 46 1
86 47 1
86 48 -1
86 51 -1
86 52 1
86 53 -1
86 56 1
86 57 1
86 61 -1
86 64 -1
86 66 -1
86 70 -1
86 75 1
86 76 -1
86 79 -1
86 80 -1
86 81 -1
86 82 1
86 92 -1
86 95 -1
86 96 -1
86 101 1
86 102 -1
86 104 -1
86 106 -1
86 107 -1
86 108 -1
86 110 1
86 112 -1
86 114 -1
86 115 1
86 116 -1
86 119 -1
86 122 -1
86 124 -1
86 125 -1
86 126 -1
86 127 -1
86 128 -1
86 130 -1
87 1 -1
87 2 1
87 5 -1
87 6 -1
87 7 -1
87 8 -1
87 14 -1
87 16 -1
87 17 -1
87 19 -1
87 20 -1
87 21 1
87 22 -1
87 25 -1
87 27 -1
87 28 -1
87 29 -1
87 30 1
87 31 -1
87 32 -1
87 36 -1
87 38 1
87 39 -1
87 40 1
87 44 -1
87 48 -1
87 49 -1
87 50 -1
87 51 1
87 53 -1
87 54 -1
87 55 -1
87 56 -1
87 59 -1
87 61 -1
87 62 -1
87 63 1
87 64 -1
87 66 -1
87 67 -1
87 68 -1
87 69 -1
87 72 -1
87 73 -1
87 75 -1
87 76 -1
87 77 -1
87 78 -1
87 79 -1
87 80 -1
87 85 -1
87 86 1
87 88 -1
87 89 -1
87 91 -1
87 93 -1
87 95 -1
87 97 -1
87 101 1
87 102 -1
87 106 -1
87 107 -1
87 108 1
87 110 1
87 111 -1
87 112 -1
87 113 -1
87 114 -1
87 115 -1
87 119 -1
87 120 -1
87 124 -1
87 126 -1
87 128 -1
87 129 -1
88 2 -1
88 4 1
88 5 1
88 6 -1
88 9 -1
88 10 1
88 12 -1
88 13 -1
88 14 -1
88 15 -1
88 17 -1
88 21 1
88 22 1
88 23 -1
88 24 -1
88 32 1
88 33 1
88 36 -1
88 37 -1
88 38 -1
88 39 1
88 43 -1
88 45 -1
88 48 -1
88 49 -1
88 50 -1
88 51 -1
88 53 -1
88 54 -1
88 59 -1
88 61 -1
88 62 1
88 63 -1
88 64 -1
88 68 1
88 69 -1
88 73 -1
88 78 -1
88 80 1
88 83 -1
88 84 1
88 86 -1
88 91 -1
88 94 -1
88 95 -1
88 96 -1
88 97 1
88 100 -1
88 104 -1
88 106 -1
88 107 -1
88 109 -1
88 110 -1
88 111 -1
88 112 -1
88 114 -1
88 117 -1
88 118 -1
88 120 -1
88 123 -1
88 124 -1
88 128 -1
88 130 1
89 6 -1
89 8 -1
89 9 -1
89 12 -1
89 13 -1
89 14 -1
89 17 -1
89 20 -1
89 21 -1
89 25 1
89 26 -1
89 27 -1
89 29 -1
89 32 -1
89 34 -1
89 37 -1
89 38 -1
89 40 -1
89 41 -1
89 42 -1
89 46 -1
89 53 -1
89 54 -1
89 55 -1
89 57 -1
89 59 -1
89 60 -1
89 61 -1
89 65 1
89 66 -1
89 70 -1
89 71 1
89 77 1
89 78 -1
89 79 1
89 80 -1
89 82 1
89 83 -1
89 85 -1
89 86 1
89 88 -1
89 91 -1
89 92 -1
89 93 -1
89 98 -1
89 99 -1
89 100 -1
89 101 -1
89 103 1
89 104 -1
89 107 1
89 108 -1
89 110 -1
89 112 -1
89 113 -1
89 117 -1
89 118 -1
89 120 1
89 121 -1
89 122 -1
89 123 -1
89 125 -1
89 130 -1
90 1 -1
90 2 -1
90 5 -1
90 6 -1
90 7 -1
90 9 -1
90 11 -1
90 13 -1
90 14 -1
90 15 -1
90 16 1
90 17 1
90 18 -1
90 20 1
90 22 -1
90 23 -1
90 24 -1
90 25 -1
90 28 -1
90 29 -1
90 31 -1
90 32 -1
90 34 -1
90 38 1
90 40 -1
90 42 -1
90 44 -1
90 45 -1
90 46 1
90 55 1
90 57 1
90 58 -1
90 59 1
90 61 1
90 64 -1
90 65 -1
90 69 1
90 71 1
90 74 1
90 75 -1
90 78 1
90 80 -1
90 82 -1
90 83 -1
90 86 -1
90 87 1
90 88 -1
90 89 -1
90 92 -1
90 94 -1
90 95 -1
90 97 -1
90 100 -1
90 101 -1
90 104 -1
90 106 -1
90 107 -1
90 110 -1
90 112 1
90 114 -1
90 115 -1
90 116 -1
90 117 -1
90 119 -1
90 121 -1
90 125 1
90 128 -1
90 129 1
91 2 -1
91 4 -1
91 6 -1
91 11 -1
91 12 -1
91 13 1
91 15 1
91 17 -1
91 18 -1
91 19 -1
91 20 -1
91 24 -1
91 25 -1
91 26 -1
91 27 -1
91 29 -1
91 31 -1
91 32 1
91 34 -1
91 38 -1
91 40 -1
91 41 -1
91 42 -1
91 45 -1
91 47 -1
91 49 -1
91 50 1
91 51 1
91 53 -1
91 55 -1
91 56 -1
91 57 -1
91 59 -1
91 61 -1
91 65 -1
91 68 -1
91 70 1
91 73 -1
91 76 -1
91 77 -1
91 78 -1
91 79 -1
91 80 -1
91 81 -1
91 85 -1
91 86 -1
91 90 -1
91 94 -1
91 96 -1
91 98 1
91 99 -1
91 101 -1
91 102 -1
91 103 -1
91 106 -1
91 108 -1
91 109 -1
91 110 -1
91 111 -1
91 112 -1
91 114 -1
91 115 1
91 117 -1
91 118 1
91 122 -1
91 125 -1
91 127 -1
91 129 -1
92 3 1
92 5 -1
92 6 1
92 7 -1
92 8 1
92 10 -1
92 16 1
92 17 1
92 18 -1
92 19 -1
92 22 1
92 24 -1
92 25 1
92 26 1
92 29 -1
92 32 -1
92 33 -1
92 34 1
92 37 -1
92 39 -1
92 43 1
92 44 -1
92 46 -1
92 48 1
92 49 -1
92 50 1
92 52 -1
92 55 -1
92 56 1
92 58 -1
92 59 -1
92 60 -1
92 61 1
92 62 -1
92 66 1
92 67 -1
92 69 -1
92 72 -1
92 75 -1
92 77 1
92 79 -1
92 80 1
92 81 -1
92 82 -1
92 83 -1
92 87 -1
92 88 1
92 91 1
92 95 -1
92 98 -1
92 99 1
92 101 1
92 102 -1
92 105 -1
92 108 -1
92 110 -1
92 111 -1
92 112 -1
92 113 -1
92 117 -1
92 121 -1
92 122 -1
92 124 1
92 125 -1
92 126 1
92 127 -1
92 128 -1
92 129 -1
93 2 -1
93 4 -1
93 6 -1
93 8 -1
93 9 -1
93 15 -1
93 18 -1
93 22 -1
93 23 -1
93 28 -1
93 29 -1
93 30 1
93 31 -1
93 32 1
93 33 -1
93 37 -1
93 39 -1
93 41 -1
93 45 -1
93 46 -1
93 49 -1
93 51 -1
93 52 -1
93 53 -1
93 56 -1
93 58 1
93 60 -1
93 61 -1
93 63 -1
93 67 -1
93 68 -1
93 70 -1
93 74 -1
93 76 -1
93 79 -1
93 82 -1
93 85 -1
93 86 -1
93 88 -1
93 90 1
93 91 -1
93 92 1
93 94 -1
93 96 -1
93 97 -1
93 98 -1
93 99 -1
93 100 -1
93 102 -1
93 105 -1
93 106 1
93 107 -1
93 109 -1
93 111 -1
93 114 -1
93 115 -1
93 127 1
94 1 1
94 3 -1
94 7 1
94 12 -1
94 15 -1
94 16 1
94 18 -1
94 19 -1
94 20 -1
94 21 -1
94 26 -1
94 31 -1
94 33 -1
94 34 -1
94 35 -1
94 37 -1
94 40 -1
94 41 -1
94 42 -1
94 44 1
94 46 -1
94 47 1
94 50 -1
94 53 1
94 54 -1
94 55 1
94 56 1
94 58 -1
94 59 -1
94 60 -1
94 62 1
94 69 -1
94 74 -1
94 77 -1
94 80 -1
94 83 -1
94 86 -1
94 87 -1
94 89 -1
94 92 -1
94 96 -1
94 99 -1
94 103 -1
94 104 -1
94 105 -1
94 107 -1
94 108 -1
94 109 -1
94 110 -1
94 112 1
94 114 1
94 115 -1
94 116 -1
94 117 -1
94 120 -1
94 125 -1
94 126 -1
94 127 1
94 130 -1
95 4 -1
95 7 -1
95 8 -1
95 9 -1
95 10 -1
95 11 -1
95 13 1
95 14 -1
95 15 -1
95 16 1
95 23 -1
95 31 -1
95 32 -1
95 33 -1
95 34 -1
95 39 1
95 47 -1
95 48 -1
95 51 -1
95 52 -1
95 53 -1
95 54 -1
95 55 -1
95 57 -1
95 58 -1
95 59 1
95 61 -1
95 63 -1
95 64 -1
95 65 -1
95 66 1
95 67 -1
95 68 -1
95 69 1
95 71 -1
95 72 -1
95 73 -1
95 77 -1
95 79 1
95 81 -1
95 82 -1
95 83 1
95 89 -1
95 91 -1
95 93 -1
95 94 -1
95 96 -1
95 97 -1
95 99 -1
95 100 -1
95 101 -1
95 102 -1
95 103 -1
95 104 -1
95 106 -1
95 108 -1
95 111 1
95 115 -1
95 116 -1
95 122 -1
95 124 -1
95 125 -1
95 129 1
95 130 -1
96 1 -1
96 2 -1
96 3 1
96 7 -1
96 8 -1
96 10 -1
96 13 -1
96 17 -1
96 19 -1
96 21 -1
96 23 -1
96 25 -1
96 26 -1
96 27 -1
96 28 -1
96 31 1
96 33 1
96 34 -1
96 36 -1
96 38 -1
96 40 -1
96 41 1
96 51 -1
96 56 1
96 58 -1
96 60 -1
96 64 -1
96 67 -1
96 69 -1
96 70 -1
96 72 -1
96 73 -1
96 74 -1
96 76 -1
96 80 1
96 81 -1
96 82 -1
96 84 -1
96 85 1
96 87 1
96 89 -1
96 90 -1
96 92 -1
96 97 -1
96 98 -1
96 99 -1
96 101 1
96 105 -1
96 107 -1
96 111 -1
96 112 -1
96 113 -1
96 114 1
96 116 -1
96 117 1
96 118 -1
96 120 1
96 122 -1
96 125 -1
96 128 -1
96 129 1
96 130 -1
97 1 -1
97 2 -1
97 4 -1
97 6 -1
97 8 1
97 11 -1
97 12 -1
97 15 -1
97 16 1
97 17 1
97 19 -1
97 21 -1
97 23 -1
97 32 -1
97 33 -1
97 38 1
97 39 -1
97 41 -1
97 44 1
97 45 -1
97 48 -1
97 49 -1
97 50 -1
97 53 -1
97 54 -1
97 55 -1
97 56 -1
97 57 -1
97 60 -1
97 62 -1
97 63 -1
97 65 1
97 66 -1
97 68 1
97 69 -1
97 71 1
97 72 -1
97 73 -1
97 75 -1
97 76 -1
97 77 -1
97 80 -1
97 81 -1
97 82 -1
97 83 -1
97 84 -1
97 85 -1
97 86 -1
97 89 1
97 91 -1
97 92 -1
97 94 -1
97 98 -1
97 99 -1
97 100 -1
97 101 1
97 104 -1
97 105 -1
97 106 -1
97 107 1
97 109 1
97 114 -1
97 115 -1
97 116 1
97 118 -1
97 120 -1
97 123 -1
97 125 -1
97 126 -1
97 129 1
98 3 -1
98 4 -1
98 5 1
98 8 -1
98 10 -1
98 11 -1
98 15 -1
98 16 -1
98 17 -1
98 18 -1
98 19 1
98 21 1
98 27 1
98 29 -1
98 30 -1
98 32 1
98 33 -1
98 37 -1
98 38 1
98 45 1
98 49 -1
98 52 -1
98 53 -1
98 55 -1
98 57 -1
98 58 1
98 61 -1
98 62 1
98 69 -1
98 70 -1
98 71 1
98 72 -1
98 73 1
98 74 -1
98 77 -1
98 78 -1
98 79 -1
98 82 -1
98 86 1
98 87 -1
98 88 -1
98 90 -1
98 94 -1
98 95 -1
98 99 1
98 101 1
98 104 1
98 106 -1
98 107 -1
98 109 1
98 111 -1
98 112 -1
98 113 -1
98 116 -1
98 117 -1
98 119 1
98 121 -1
98 122 -1
98 124 1
98 125 1
98 126 -1
98 130 -1
99 1 1
99 2 -1
99 5 -1
99 6 -1
99 7 -1
99 10 -1
99 11 -1
99 12 1
99 15 -1
99 16 -1
99 20 -1
99 26 -1
99 27 -1
99 32 1
99 33 -1
99 34 -1
99 35 1
99 37 -1
99 38 -1
99 41 -1
99 42 -1
99 43 -1
99 45 -1
99 47 1
99 48 -1
99 49 -1
99 50 1
99 51 -1
99 52 -1
99 53 -1
99 55 -1
99 56 -1
99 57 -1
99 59 1
99 60 1
99 61 -1
99 62 1
99 63 -1
99 64 -1
99 67 -1
99 68 -1
99 70 -1
99 71 -1
99 73 -1
99 74 1
99 77 1
99 78 1
99 80 1
99 81 -1
99 82 -1
99 86 -1
99 87 -1
99 88 -1
99 90 -1
99 101 1
99 102 1
99 103 -1
99 105 -1
99 106 -1
99 110 -1
99 112 -1
99 114 -1
99 115 -1
99 116 -1
99 121 1
99 122 -1
99 126 -1
99 128 -1
100 1 -1
100 3 1
100 4 -1
100 8 -1
100 9 -1
100 10 1
100 11 1
100 15 -1
100 19 -1
100 21 -1
100 22 -1
100 26 -1
100 29 1
100 32 -1
100 34 1
100 36 -1
100 38 -1
100 43 -1
100 45 -1
100 46 -1
100 47 -1
100 52 -1
100 53 -1
100 55 -1
100 56 -1
100 57 -1
100 58 -1
100 60 1
100 61 -1
100 62 -1
100 63 -1
100 64 -1
100 66 -1
100 67 -1
100 69 -1
100 73 -1
100 77 1
100 79 -1
100 82 1
100 84 -1
100 85 -1
100 86 -1
100 87 -1
100 91 -1
100 92 -1
100 94 -1
100 96 -1
100 98 -1
100 99 1
100 101 1
100 103 1
100 105 -1
100 106 1
100 107 -1
100 109 -1
100 110 -1
100 112 -1
100 113 1
100 123 -1
100 126 -1
100 127 -1
100 130 -1
101 1 -1
101 2 -1
101 3 -1
101 4 -1
101 5 -1
101 8 1
101 9 -1
101 10 -1
101 15 -1
101 18 -1
101 19 -1
101 22 -1
101 23 -1
101 24 1
101 25 1
101 28 -1
101 29 -1
101 30 -1
101 33 -1
101 35 -1
101 36 1
101 38 -1
101 44 1
101 45 -1
101 46 -1
101 50 -1
101 55 -1
101 57 1
101 58 -1
101 60 1
101 62 -1
101 63 -1
101 64 1
101 66 -1
101 68 -1
101 69 -1
101 70 -1
101 71 -1
101 73 1
101 74 -1
101 75 -1
101 77 -1
101 79 1
101 80 -1
101 81 -1
101 83 -1
101 88 -1
101 93 -1
101 94 1
101 103 -1
101 105 1
101 108 1
101 110 -1
101 112 -1
101 113 -1
101 114 -1
101 115 -1
101 116 -1
101 117 -1
101 118 -1
101 120 1
101 121 -1
101 124 -1
101 125 1
101 126 -1
101 127 -1
101 129 -1
101 130 -1
102 1 -1
102 9 -1
102 11 -1
102 13 -1
102 15 -1
102 16 -1
102 19 -1
102 21 1
102 25 1
102 26 -1
102 28 -1
102 37 -1
102 38 -1
102 39 -1
102 40 -1
102 42 -1
102 44 -1
102 45 -1
102 48 1
102 49 -1
102 50 -1
102 53 -1
102 56 -1
102 57 -1
102 62 -1
102 64 -1
102 65 -1
102 67 -1
102 68 -1
102 69 -1
102 71 1
102 79 1
102 80 1
102 82 -1
102 88 -1
102 89 -1
102 90 -1
102 94 -1
102 96 -1
102 97 -1
102 98 1
102 100 -1
102 101 -1
102 105 -1
102 106 -1
102 107 -1
102 111 1
102 116 -1
102 117 -1
102 119 -1
102 122 -1
102 124 -1
102 126 -1
102 128 -1
102 129 -1
103 2 1
103 3 1
103 5 -1
103 6 -1
103 9 -1
103 10 -1
103 12 -1
103 13 -1
103 15 1
103 17 -1
103 20 -1
103 21 -1
103 23 -1
103 26 -1
103 28 -1
103 30 -1
103 31 -1
103 37 -1
103 40 1
103 41 -1
103 44 -1
103 46 -1
103 48 1
103 49 -1
103 50 -1
103 51 -1
103 52 -1
103 53 -1
103 55 -1
103 56 -1
103 64 -1
103 67 -1
103 70 -1
103 71 1
103 72 -1
103 74 -1
103 76 -1
103 77 -1
103 78 -1
103 82 -1
103 83 -1
103 84 -1
103 86 -1
103 87 1
103 88 1
103 90 -1
103 92 -1
103 93 -1
103 96 -1
103 97 -1
103 98 1
103 102 -1
103 105 -1
103 106 -1
103 108 -1
103 109 -1
103 112 -1
103 114 -1
103 115 1
103 116 1
103 117 1
103 118 -1
103 119 -1
103 120 -1
103 121 -1
103 123 -1
103 124 -1
103 125 1
103 126 -1
103 127 -1
103 128 -1
103 130 -1
104 2 1
104 4 -1
104 5 1
104 6 -1
104 8 -1
104 9 -1
104 11 -1
104 12 -1
104 17 -1
104 18 -1
104 19 -1
104 24 -1
104 26 -1
104 27 -1
104 28 -1
104 32 1
104 33 1
104 34 -1
104 37 -1
104 40 1
104 41 1
104 42 -1
104 44 -1
104 50 -1
104 52 1
104 53 -1
104 54 -1
104 55 -1
104 58 -1
104 62 -1
104 65 -1
104 66 1
104 74 -1
104 75 1
104 76 1
104 78 -1
104 80 -1
104 81 -1
104 83 1
104 84 1
104 87 1
104 91 1
104 92 -1
104 93 -1
104 96 -1
104 99 -1
104 100 -1
104 101 -1
104 102 -1
104 103 1
104 105 -1
104 107 -1
104 108 1
104 110 -1
104 113 -1
104 115 -1
104 116 -1
104 117 1
104 119 -1
104 121 -1
104 122 -1
104 124 -1
104 129 -1
105 4 -1
105 5 -1
105 7 -1
105 8 -1
105 10 -1
105 13 -1
105 16 1
105 17 1
105 18 -1
105 19 1
105 22 -1
105 25 -1
105 28 -1
105 30 -1
105 31 -1
105 33 -1
105 36 -1
105 41 -1
105 42 -1
105 43 -1
105 45 -1
105 46 -1
105 48 -1
105 49 1
105 53 -1
105 55 -1
105 58 -1
105 60 -1
105 61 -1
105 67 1
105 68 -1
105 71 -1
105 72 -1
105 75 1
105 77 -1
105 79 -1
105 80 -1
105 82 -1
105 86 -1
105 87 -1
105 88 -1
105 89 -1
105 90 -1
105 91 -1
105 95 1
105 98 -1
105 106 -1
105 107 -1
105 108 -1
105 109 1
105 110 1
105 112 -1
105 113 -1
105 114 -1
105 115 -1
105 116 -1
105 117 1
105 118 -1
105 123 -1
105 124 -1
105 125 -1
105 126 1
105 128 1
105 130 -1
106 3 1
106 7 -1
106 9 -1
106 10 -1
106 13 -1
106 14 -1
106 15 1
106 16 -1
106 17 -1
106 18 1
106 19 -1
106 20 -1
106 23 -1
106 24 -1
106 25 1
106 26 -1
106 28 -1
106 29 1
106 32 -1
106 35 -1
106 37 -1
106 39 -1
106 42 1
106 44 -1
106 45 1
106 46 -1
106 48 -1
106 49 1
106 51 -1
106 53 -1
106 57 -1
106 60 -1
106 61 1
106 62 -1
106 64 -1
106 66 -1
106 68 -1
106 70 1
106 72 1
106 73 1
106 79 -1
106 80 -1
106 82 -1
106 83 -1
106 84 -1
106 89 1
106 92 -1
106 94 1
106 96 1
106 101 -1
106 104 1
106 107 -1
106 109 -1
106 110 -1
106 113 -1
106 115 -1
106 118 -1
106 119 1
106 120 -1
106 121 -1
106 123 -1
106 124 1
106 125 -1
106 127 -1
106 129 -1
106 130 -1
107 3 -1
107 4 1
107 5 1
107 9 -1
107 13 -1
107 15 1
107 18 -1
107 19 1
107 20 -1
107 21 1
107 22 -1
107 23 -1
107 25 -1
107 28 1
107 31 -1
107 32 1
107 33 -1
107 34 -1
107 36 1
107 39 -1
107 44 -1
107 45 -1
107 49 -1
107 55 -1
107 56 -1
107 60 -1
107 63 -1
107 65 -1
107 66 -1
107 67 -1
107 68 -1
107 73 -1
107 75 1
107 78 1
107 79 -1
107 80 -1
107 82 -1
107 83 -1
107 84 1
107 85 -1
107 91 -1
107 92 1
107 95 -1
107 99 1
107 101 1
107 103 -1
107 109 -1
107 110 -1
107 114 1
107 115 -1
107 117 -1
107 119 1
107 120 -1
107 121 -1
107 124 -1
107 128 -1
107 130 -1
108 1 1
108 2 1
108 5 1
108 8 -1
108 9 -1
108 12 -1
108 13 -1
108 16 -1
108 18 -1
108 20 -1
108 23 -1
108 24 -1
108 30 -1
108 32 -1
108 38 -1
108 41 -1
108 42 -1
108 44 -1
108 45 -1
108 46 -1
108 51 -1
108 52 -1
108 53 -1
108 54 -1
108 55 1
108 57 -1
108 68 -1
108 70 -1
108 75 -1
108 76 1
108 80 -1
108 81 -1
108 83 1
108 85 -1
108 88 -1
108 90 -1
108 93 -1
108 96 -1
108 97 1
108 98 -1
108 99 -1
108 100 -1
108 102 -1
108 106 -1
108 107 -1
108 110 -1
108 114 -1
108 116 -1
108 117 -1
108 119 -1
108 120 -1
108 122 -1
108 125 1
108 129 -1
109 2 1
109 5 -1
109 7 1
109 8 -1
109 9 -1
109 12 -1
109 14 -1
109 15 -1
109 21 -1
109 26 -1
109 28 -1
109 29 -1
109 32 -1
109 35 -1
109 40 -1
109 41 -1
109 45 -1
109 47 -1
109 53 -1
109 54 -1
109 57 -1
109 59 1
109 61 -1
109 62 -1
109 64 1
109 69 1
109 73 1
109 74 -1
109 75 -1
109 79 -1
109 80 -1
109 83 -1
109 86 -1
109 87 -1
109 89 1
109 90 -1
109 92 -1
109 95 -1
109 96 1
109 99 -1
109 101 -1
109 102 -1
109 104 -1
109 108 -1
109 110 -1
109 114 -1
109 118 -1
109 120 -1
109 122 -1
109 123 -1
109 125 -1
109 129 -1
110 2 -1
110 4 -1
110 5 -1
110 6 -1
110 7 -1
110 8 -1
110 12 -1
110 15 -1
110 18 -1
110 22 -1
110 23 -1
110 24 1
110 27 1
110 29 -1
110 30 -1
110 31 -1
110 33 -1
110 34 1
110 35 -1
110 36 -1
110 39 -1
110 40 -1
110 41 1
110 43 -1
110 45 -1
110 49 -1
110 52 -1
110 53 -1
110 57 -1
110 59 -1
110 60 -1
110 63 -1
110 64 -1
110 67 -1
110 69 1
110 70 1
110 72 1
110 75 -1
110 76 -1
110 77 -1
110 80 -1
110 81 1
110 82 -1
110 83 -1
110 84 -1
110 85 -1
110 93 -1
110 95 1
110 96 1
110 97 -1
110 98 -1
110 102 1
110 103 -1
110 111 -1
110 113 1
110 117 -1
110 124 1
110 125 -1
110 127 -1
110 128 1
110 129 -1
111 1 -1
111 4 -1
111 6 -1
111 7 -1
111 8 -1
111 9 1
111 15 -1
111 17 -1
111 19 1
111 20 1
111 21 -1
111 24 -1
111 26 -1
111 30 1
111 37 -1
111 39 1
111 40 -1
111 47 -1
111 48 -1
111 49 -1
111 50 -1
111 51 -1
111 52 -1
111 55 -1
111 56 1
111 63 -1
111 64 -1
111 66 1
111 67 -1
111 70 -1
111 71 -1
111 73 -1
111 77 -1
111 78 -1
111 83 1
111 84 -1
111 85 1
111 86 -1
111 89 1
111 90 -1
111 94 -1
111 97 -1
111 99 -1
111 100 -1
111 101 1
111 103 -1
111 104 -1
111 105 -1
111 106 1
111 107 -1
111 108 -1
111 109 1
111 114 -1
111 121 -1
111 126 1
111 127 -1
111 128 1
112 1 -1
112 2 -1
112 3 -1
112 4 -1
112 7 -1
112 8 -1
112 9 -1
112 10 -1
112 11 -1
112 13 1
112 17 -1
112 19 -1
112 20 -1
112 21 -1
112 22 -1
112 23 -1
112 25 1
112 27 1
112 28 1
112 29 -1
112 31 -1
112 34 -1
112 36 -1
112 37 -1
112 38 -1
112 39 -1
112 40 -1
112 41 -1
112 44 -1
112 45 -1
112 47 -1
112 48 -1
112 50 1
112 51 -1
112 53 -1
112 55 -1
112 57 -1
112 59 -1
112 60 -1
112 62 -1
112 63 -1
112 71 -1
112 72 1
112 73 -1
112 76 -1
112 78 -1
112 79 -1
112 80 1
112 81 -1
112 82 -1
112 84 -1
112 85 -1
112 93 -1
112 95 1
112 97 -1
112 102 1
112 104 -1
112 106 -1
112 107 -1
112 108 -1
112 109 -1
112 110 1
112 111 -1
112 117 -1
112 124 1
112 129 -1
112 130 -1
113 5 -1
113 6 -1
113 7 -1
113 9 -1
113 11 -1
113 13 -1
113 14 -1
113 15 -1
113 17 1
113 19 -1
113 21 -1
113 24 -1
113 29 1
113 30 -1
113 32 1
113 33 -1
113 35 -1
113 36 -1
113 37 -1
113 38 1
113 41 -1
113 42 -1
113 43 1
113 44 1
113 45 -1
113 46 -1
113 47 -1
113 49 -1
113 53 -1
113 56 1
113 62 -1
113 63 -1
113 65 1
113 72 -1
113 74 -1
113 77 -1
113 78 -1
113 81 -1
113 83 1
113 84 -1
113 85 -1
113 86 -1
113 88 -1
113 90 -1
113 91 -1
113 93 -1
113 94 -1
113 95 -1
113 97 -1
113 99 -1
113 102 1
113 103 1
113 107 -1
113 108 -1
113 109 -1
113 111 1
113 112 -1
113 114 -1
113 117 -1
113 118 -1
113 120 1
113 121 -1
113 122 -1
113 123 -1
113 125 1
113 126 -1
113 130 1
114 1 -1
114 2 -1
114 3 -1
114 7 -1
114 8 -1
114 12 -1
114 13 1
114 14 1
114 18 -1
114 19 -1
114 23 -1
114 24 -1
114 25 -1
114 29 -1
114 30 -1
114 31 -1
114 33 -1
114 35 -1
114 36 -1
114 39 -1
114 42 -1
114 43 -1
114 44 -1
114 45 -1
114 46 -1
114 48 -1
114 50 1
114 52 -1
114 53 1
114 54 1
114 58 -1
114 59 -1
114 60 -1
114 61 -1
114 64 -1
114 66 -1
114 67 1
114 68 1
114 69 -1
114 71 -1
114 77 -1
114 78 -1
114 79 1
114 80 -1
114 84 1
114 85 -1
114 89 -1
114 92 -1
114 95 1
114 98 1
114 100 -1
114 102 -1
114 104 1
114 106 -1
114 110 -1
114 112 -1
114 115 -1
114 116 -1
114 122 1
114 124 -1
114 126 -1
114 127 1
115 2 -1
115 4 -1
115 5 1
115 6 -1
115 7 -1
115 8 -1
115 9 -1
115 12 -1
115 13 -1
115 14 -1
115 15 -1
115 17 -1
115 18 -1
115 19 1
115 21 -1
115 22 -1
115 23 -1
115 24 -1
115 29 -1
115 39 -1
115 40 -1
115 41 -1
115 44 -1
115 49 -1
115 50 -1
115 52 -1
115 54 -1
115 57 1
115 58 -1
115 59 -1
115 61 -1
115 62 -1
115 63 -1
115 66 -1
115 67 -1
115 68 1
115 70 -1
115 71 -1
115 72 -1
115 73 -1
115 74 -1
115 76 1
115 77 -1
115 80 -1
115 85 -1
115 88 1
115 89 -1
115 92 1
115 96 -1
115 98 -1
115 100 -1
115 102 -1
115 108 -1
115 109 1
115 110 -1
115 111 -1
115 112 -1
115 113 1
115 116 -1
115 118 -1
115 120 -1
115 122 1
115 124 -1
115 126 -1
115 128 -1
115 129 -1
115 130 -1
116 5 -1
116 6 -1
116 9 1
116 13 -1
116 14 -1
116 16 -1
116 21 1
116 22 1
116 24 -1
116 26 1
116 28 -1
116 31 -1
116 32 1
116 33 -1
116 34 -1
116 37 -1
116 38 -1
116 39 -1
116 41 -1
116 43 -1
116 45 -1
116 51 -1
116 52 -1
116 53 -1
116 58 -1
116 59 1
116 67 1
116 71 -1
116 74 -1
116 75 1
116 77 -1
116 78 -1
116 79 -1
116 81 -1
116 83 -1
116 84 -1
116 85 -1
116 87 -1
116 88 1
116 89 -1
116 91 1
116 92 -1
116 93 -1
116 100 -1
116 106 -1
116 107 -1
116 109 -1
116 110 -1
116 111 -1
116 112 -1
116 113 -1
116 119 -1
116 120 -1
116 121 -1
116 123 -1
116 128 -1
116 129 -1
116 130 -1
117 1 -1
117 2 -1
117 3 -1
117 6 -1
117 11 -1
117 17 -1
117 18 -1
117 20 -1
117 21 -1
117 22 -1
117 24 1
117 25 -1
117 27 -1
117 29 -1
117 32 -1
117 33 -1
117 35 -1
117 38 -1
117 39 -1
117 40 -1
117 41 -1
117 43 1
117 44 -1
117 48 -1
117 50 -1
117 51 1
117 53 -1
117 54 1
117 55 -1
117 58 -1
117 59 1
117 61 1
117 62 1
117 64 -1
117 67 -1
117 68 1
117 72 -1
117 74 -1
117 75 -1
117 76 1
117 78 -1
117 80 1
117 82 -1
117 85 -1
117 86 1
117 87 -1
117 93 -1
117 95 -1
117 97 -1
117 99 1
117 100 -1
117 106 -1
117 109 -1
117 111 1
117 114 -1
117 115 -1
117 116 -1
117 118 1
117 119 -1
117 120 -1
117 121 -1
117 124 -1
117 128 -1
117 129 1
117 130 -1
118 3 -1
118 4 -1
118 6 -1
118 7 1
118 10 -1
118 11 1
118 12 1
118 14 -1
118 18 -1
118 19 -1
118 20 -1
118 21 -1
118 23 -1
118 24 -1
118 25 -1
118 26 -1
118 27 1
118 30 -1
118 31 -1
118 32 -1
118 35 -1
118 38 1
118 39 -1
118 40 -1
118 41 -1
118 42 -1
118 44 -1
118 45 1
118 46 -1
118 48 -1
118 49 -1
118 50 -1
118 51 1
118 55 -1
118 56 -1
118 60 -1
118 62 1
118 63 -1
118 65 -1
118 67 -1
118 71 1
118 72 -1
118 73 -1
118 75 -1
118 76 1
118 80 -1
118 86 1
118 87 -1
118 90 -1
118 92 -1
118 93 1
118 94 1
118 95 -1
118 98 -1
118 99 -1
118 100 -1
118 102 -1
118 104 -1
118 107 -1
118 108 -1
118 110 -1
118 111 -1
118 112 -1
118 114 -1
118 116 -1
118 120 -1
118 124 -1
118 125 -1
118 128 -1
119 1 -1
119 3 -1
119 5 1
119 6 -1
119 7 -1
119 9 1
119 10 -1
119 13 1
119 16 1
119 17 -1
119 18 1
119 19 -1
119 20 -1
119 21 -1
119 22 -1
119 23 -1
119 26 -1
119 28 1
119 30 1
119 31 -1
119 32 -1
119 34 -1
119 38 -1
119 39 -1
119 40 -1
119 41 -1
119 43 -1
119 45 -1
119 48 -1
119 53 -1
119 54 -1
119 55 -1
119 56 -1
119 57 1
119 58 -1
119 59 -1
119 60 1
119 61 -1
119 62 -1
119 64 -1
119 66 1
119 68 -1
119 69 -1
119 72 -1
119 73 -1
119 74 -1
119 76 1
119 77 -1
119 80 -1
119 81 -1
119 84 -1
119 88 -1
119 89 -1
119 91 -1
119 92 -1
119 93 -1
119 94 -1
119 95 -1
119 96 1
119 97 1
119 99 -1
119 100 -1
119 101 -1
119 105 -1
119 109 -1
119 110 -1
119 111 -1
119 112 -1
119 113 -1
119 114 -1
119 115 -1
119 118 -1
119 120 -1
119 122 -1
119 124 -1
119 125 -1
119 130 -1
120 2 -1
120 3 1
120 4 -1
120 9 -1
120 10 -1
120 13 1
120 15 1
120 18 -1
120 19 -1
120 22 1
120 24 -1
120 25 -1
120 30 -1
120 33 -1
120 34 1
120 38 1
120 40 -1
120 42 -1
120 43 -1
120 44 -1
120 47 -1
120 49 1
120 51 -1
120 52 1
120 53 -1
120 54 -1
120 57 -1
120 58 -1
120 59 -1
120 61 -1
120 64 -1
120 65 -1
120 67 1
120 70 -1
120 71 1
120 72 -1
120 73 -1
120 74 1
120 75 -1
120 76 1
120 77 -1
120 78 -1
120 80 1
120 82 -1
120 86 1
120 90 1
120 91 -1
120 92 -1
120 93 -1
120 95 -1
120 98 -1
120 99 -1
120 100 1
120 102 -1
120 104 1
120 105 -1
120 110 -1
120 111 -1
120 112 1
120 114 -1
120 121 -1
120 124 -1
120 126 -1
120 127 -1
120 130 1
121 1 -1
121 3 -1
121 5 -1
121 6 -1
121 10 -1
121 12 1
121 14 -1
121 15 -1
121 17 -1
121 18 -1
121 19 -1
121 21 -1
121 23 -1
121 24 -1
121 25 -1
121 26 1
121 28 -1
121 29 -1
121 31 -1
121 33 -1
121 34 -1
121 35 -1
121 36 -1
121 38 -1
121 39 -1
121 40 1
121 41 1
121 43 -1
121 45 -1
121 47 1
121 49 -1
121 50 1
121 52 -1
121 55 -1
121 59 -1
121 60 1
121 61 -1
121 62 -1
121 63 -1
121 64 -1
121 66 -1
121 68 -1
121 72 -1
121 74 1
121 76 1
121 78 -1
121 82 -1
121 83 -1
121 85 -1
121 86 -1
121 87 -1
121 88 -1
121 91 1
121 93 -1
121 94 -1
121 95 -1
121 96 1
121 97 -1
121 100 -1
121 102 -1
121 105 -1
121 108 -1
121 109 1
121 110 -1
121 112 -1
121 114 -1
121 115 1
121 118 -1
121 119 -1
121 123 -1
121 127 1
121 128 -1
121 129 1
121 130 -1
122 2 -1
122 4 -1
122 7 -1
122 9 -1
122 12 1
122 15 1
122 16 1
122 17 -1
122 20 -1
122 24 -1
122 25 -1
122 26 1
122 27 -1
122 28 -1
122 30 -1
122 31 -1
122 32 -1
122 34 -1
122 35 -1
122 37 -1
122 38 -1
122 43 -1
122 44 -1
122 46 -1
122 47 1
122 49 -1
122 53 -1
122 54 -1
122 55 1
122 57 1
122 58 -1
122 60 -1
122 61 -1
122 63 -1
122 65 1
122 68 -1
122 69 -1
122 72 1
122 73 -1
122 74 -1
122 76 -1
122 77 -1
122 81 -1
122 82 1
122 84 -1
122 85 -1
122 87 -1
122 88 -1
122 90 -1
122 93 -1
122 94 1
122 97 -1
122 100 -1
122 101 -1
122 103 -1
122 105 1
122 106 -1
122 107 -1
122 110 -1
122 111 -1
122 112 1
122 116 -1
122 117 -1
122 118 -1
122 120 -1
122 121 1
122 124 -1
122 126 -1
123 1 1
123 2 -1
123 9 -1
123 10 -1
123 11 -1
123 12 1
123 13 -1
123 14 -1
123 16 1
123 18 1
123 20 -1
123 21 -1
123 22 -1
123 23 1
123 24 -1
123 30 -1
123 33 -1
123 34 -1
123 35 -1
123 36 -1
123 38 -1
123 39 -1
123 40 -1
123 41 -1
123 45 -1
123 48 1
123 49 -1
123 50 -1
123 51 1
123 53 1
123 55 1
123 56 -1
123 58 1
123 60 -1
123 61 -1
123 62 -1
123 63 -1
123 64 -1
123 68 -1
123 73 -1
123 74 1
123 75 -1
123 77 -1
123 79 -1
123 80 -1
123 82 1
123 83 -1
123 86 -1
123 87 -1
123 90 1
123 91 -1
123 92 -1
123 93 -1
123 94 -1
123 95 -1
123 96 -1
123 98 1
123 99 -1
123 101 -1
123 102 -1
123 104 -1
123 107 -1
123 108 -1
123 110 1
123 111 1
123 112 -1
123 114 -1
123 115 -1
123 117 1
123 118 -1
123 119 -1
123 120 -1
123 122 -1
123 124 -1
123 125 -1
123 128 -1
123 130 -1
124 1 -1
124 2 -1
124 3 -1
124 6 -1
124 7 -1
124 9 -1
124 10 1
124 14 1
124 15 -1
124 17 -1
124 20 -1
124 22 1
124 24 -1
124 25 -1
124 29 -1
124 31 -1
124 34 -1
124 35 1
124 36 -1
124 37 -1
124 38 -1
124 41 -1
124 43 -1
124 44 -1
124 45 1
124 46 1
124 47 -1
124 49 1
124 50 1
124 53 -1
124 58 -1
124 60 1
124 61 -1
124 67 1
124 68 -1
124 69 -1
124 70 1
124 73 -1
124 74 -1
124 79 -1
124 82 -1
124 83 1
124 89 -1
124 90 -1
124 91 -1
124 93 -1
124 94 -1
124 96 -1
124 97 -1
124 99 -1
124 100 -1
124 108 -1
124 109 -1
124 111 -1
124 113 1
124 116 -1
124 121 1
124 127 -1
124 129 -1
124 130 1
125 1 -1
125 4 -1
125 5 -1
125 6 -1
125 7 -1
125 9 -1
125 10 -1
125 15 1
125 18 -1
125 21 -1
125 26 -1
125 27 1
125 29 -1
125 30 1
125 31 1
125 32 -1
125 34 1
125 36 -1
125 37 -1
125 50 -1
125 52 -1
125 53 -1
125 54 -1
125 57 -1
125 58 -1
125 60 -1
125 61 1
125 62 -1
125 64 -1
125 65 1
125 66 -1
125 68 -1
125 70 1
125 75 -1
125 78 -1
125 83 1
125 85 -1
125 87 1
125 88 -1
125 93 1
125 99 -1
125 100 -1
125 102 1
125 104 -1
125 107 1
125 111 -1
125 112 -1
125 114 -1
125 115 -1
125 116 1
125 117 -1
125 120 -1
125 121 -1
125 122 1
125 124 1
125 127 -1
125 128 -1
125 129 -1
125 130 -1
126 2 -1
126 4 -1
126 5 -1
126 6 -1
126 9 -1
126 12 -1
126 16 -1
126 19 1
126 20 1
126 21 -1
126 22 -1
126 24 -1
126 25 -1
126 26 -1
126 29 -1
126 30 -1
126 32 -1
126 37 -1
126 39 -1
126 40 -1
126 45 -1
126 46 -1
126 47 -1
126 48 -1
126 49 -1
126 52 1
126 57 -1
126 58 -1
126 61 -1
126 63 1
126 65 -1
126 68 -1
126 69 -1
126 70 1
126 72 -1
126 73 -1
126 74 -1
126 76 -1
126 77 -1
126 78 -1
126 80 1
126 82 -1
126 83 1
126 88 -1
126 89 1
126 90 -1
126 91 -1
126 93 -1
126 95 1
126 96 -1
126 104 1
126 106 -1
126 107 -1
126 108 -1
126 109 -1
126 110 -1
126 112 -1
126 116 -1
126 117 -1
126 118 1
126 119 1
126 121 -1
126 123 -1
126 124 -1
126 125 -1
126 127 -1
126 129 -1
126 130 1
127 1 -1
127 4 1
127 6 1
127 7 -1
127 8 1
127 10 -1
127 12 -1
127 13 -1
127 14 -1
127 16 -1
127 19 1
127 20 -1
127 21 -1
127 22 -1
127 23 -1
127 25 1
127 30 -1
127 31 -1
127 32 -1
127 38 -1
127 43 -1
127 46 1
127 49 -1
127 52 -1
127 55 -1
127 56 -1
127 58 -1
127 59 -1
127 60 1
127 62 -1
127 63 -1
127 64 1
127 65 -1
127 68 -1
127 70 -1
127 71 -1
127 72 -1
127 74 -1
127 79 -1
127 80 -1
127 81 1
127 82 -1
127 83 -1
127 87 -1
127 88 -1
127 89 -1
127 90 -1
127 95 -1
127 96 -1
127 97 1
127 98 1
127 99 -1
127 102 -1
127 104 -1
127 105 -1
127 107 1
127 108 1
127 109 -1
127 112 -1
127 113 -1
127 115 -1
127 116 1
127 117 -1
127 118 -1
127 119 -1
127 122 -1
127 123 -1
128 3 -1
128 4 -1
128 5 -1
128 6 -1
128 7 -1
128 8 -1
128 11 1
128 12 1
128 13 -1
128 14 -1
128 16 1
128 17 -1
128 20 1
128 21 1
128 22 1
128 23 -1
128 24 -1
128 25 1
128 27 -1
128 29 -1
128 31 -1
128 32 -1
128 35 -1
128 37 -1
128 40 -1
128 42 1
128 43 -1
128 45 -1
128 47 1
128 48 -1
128 49 1
128 50 -1
128 54 -1
128 59 -1
128 60 -1
128 61 -1
128 62 -1
128 69 -1
128 71 1
128 72 -1
128 73 -1
128 74 -1
128 76 -1
128 81 -1
128 84 1
128 85 -1
128 89 -1
128 91 -1
128 93 -1
128 94 -1
128 95 -1
128 97 -1
128 98 -1
128 100 -1
128 101 -1
128 104 -1
128 106 -1
128 108 -1
128 109 -1
128 112 -1
128 113 -1
128 114 -1
128 119 1
128 120 -1
128 122 1
128 124 -1
128 126 -1
128 127 -1
128 129 1
129 3 -1
129 5 -1
129 6 -1
129 11 -1
129 13 1
129 14 -1
129 17 1
129 18 -1
129 20 -1
129 21 -1
129 22 -1
129 23 1
129 27 -1
129 28 -1
129 32 -1
129 33 -1
129 39 -1
129 40 -1
129 41 1
129 42 -1
129 50 -1
129 52 1
129 54 -1
129 59 1
129 62 -1
129 65 1
129 66 -1
129 67 -1
129 69 -1
129 71 -1
129 72 -1
129 73 -1
129 75 -1
129 76 -1
129 77 -1
129 78 -1
129 81 -1
129 82 1
129 83 -1
129 85 -1
129 86 -1
129 88 -1
129 89 -1
129 93 -1
129 94 -1
129 98 -1
129 99 -1
129 100 -1
129 103 1
129 105 -1
129 107 -1
129 111 -1
129 113 -1
129 114 -1
129 118 -1
129 119 -1
129 120 1
129 122 -1
129 123 -1
129 127 1
129 130 -1
130 3 -1
130 4 1
130 5 -1
130 9 -1
130 10 -1
130 11 -1
130 14 -1
130 15 1
130 18 -1
130 19 -1
130 21 -1
130 23 1
130 26 1
130 28 -1
130 29 -1
130 30 -1
130 31 -1
130 32 -1
130 33 -1
130 34 -1
130 37 -1
130 38 -1
130 40 -1
130 41 -1
130 42 -1
130 43 1
130 44 -1
130 45 -1
130 47 -1
130 49 1
130 50 -1
130 58 -1
130 59 -1
130 65 1
130 70 -1
130 71 -1
130 73 -1
130 74 -1
130 76 -1
130 79 -1
130 85 -1
130 87 -1
130 90 1
130 91 -1
130 92 -1
130 93 -1
130 97 -1
130 99 -1
130 102 -1
130 104 -1
130 108 -1
130 109 1
130 110 -1
130 111 1
130 114 -1
130 118 -1
130 122 1
130 127 -1
130 128 1
