vertices: 70 edges: 2415
1 3 -1
1 6 -1
1 7 -1
1 8 -1
1 12 1
1 14 -1
1 16 -1
1 18 -1
1 21 -1
1 23 1
1 24 -1
1 25 -1
1 26 -1
1 30 1
1 33 1
1 34 -1
1 36 -1
1 40 -1
1 43 -1
1 44 -1
1 45 -1
1 47 -1
1 50 1
1 53 -1
1 54 -1
1 56 -1
1 58 -1
1 59 -1
1 62 -1
1 63 -1
1 64 -1
1 65 -1
1 66 1
1 67 -1
1 68 -1
1 69 -1
2 1 -1
2 3 1
2 6 -1
2 7 -1
2 10 -1
2 11 -1
2 12 -1
2 15 -1
2 18 -1
2 19 1
2 21 1
2 22 -1
2 24 -1
2 25 -1
2 27 -1
2 28 1
2 29 1
2 30 1
2 32 1
2 36 -1
2 37 1
2 39 -1
2 40 -1
2 41 -1
2 42 1
2 45 -1
2 46 -1
2 47 -1
2 48 1
2 51 1
2 53 -1
2 55 -1
2 61 1
2 63 1
2 65 -1
2 67 -1
2 69 1
2 70 1
3 5 -1
3 6 1
3 7 -1
3 10 -1
3 11 -1
3 20 -1
3 21 -1
3 22 -1
3 26 -1
3 27 -1
3 32 -1
3 33 -1
3 34 1
3 36 -1
3 37 -1
3 38 -1
3 41 -1
3 45 -1
3 46 -1
3 47 -1
3 51 -1
3 58 -1
3 59 -1
3 61 1
3 62 -1
3 69 -1
3 70 1
4 1 -1
4 2 1
4 3 -1
4 5 1
4 7 -1
4 8 1
4 9 -1
4 13 -1
4 14 -1
4 15 -1
4 17 -1
4 22 -1
4 23 -1
4 24 -1
4 25 -1
4 26 -1
4 28 1
4 29 -1
4 32 -1
4 35 1
4 36 -1
4 39 -1
4 40 -1
4 43 -1
4 44 -1
4 45 -1
4 48 -1
4 50 -1
4 51 -1
4 53 -1
4 54 -1
4 58 -1
4 59 -1
4 60 -1
4 61 -1
4 62 1
4 66 -1
4 67 -1
4 68 1
5 1 -1
5 2 -1
5 10 -1
5 11 -1
5 13 1
5 16 -1
5 17 -1
5 20 -1
5 21 -1
5 22 -1
5 25 -1
5 26 1
5 29 -1
5 30 -1
5 31 -1
5 33 -1
5 34 -1
5 36 -1
5 37 -1
5 44 -1
5 46 -1
5 48 -1
5 53 -1
5 54 1
5 55 1
5 60 -1
5 62 -1
6 4 -1
6 5 -1
6 10 1
6 12 1
6 14 -1
6 16 1
6 19 -1
6 31 1
6 32 -1
6 33 -1
6 35 -1
6 36 -1
6 39 -1
6 40 1
6 42 -1
6 43 1
6 44 1
6 48 -1
6 49 -1
6 51 -1
6 52 -1
6 53 -1
6 54 -1
6 56 -1
6 58 -1
6 61 -1
6 64 -1
6 65 1
6 67 -1
6 68 -1
6 69 -1
6 70 -1
7 5 1
7 6 1
7 8 -1
7 9 -1
7 10 -1
7 13 1
7 14 -1
7 16 -1
7 20 -1
7 23 -1
7 24 -1
7 26 1
7 27 -1
7 28 1
7 32 -1
7 33 -1
7 34 -1
7 35 -1
7 36 -1
7 40 1
7 42 -1
7 43 -1
7 47 -1
7 51 -1
7 52 -1
7 53 1
7 57 -1
7 58 -1
7 59 1
7 60 1
7 61 -1
7 64 -1
7 66 -1
7 67 -1
7 68 -1
7 69 1
8 2 -1
8 3 -1
8 5 -1
8 6 -1
8 15 -1
8 17 -1
8 18 -1
8 19 -1
8 21 1
8 23 -1
8 25 -1
8 27 -1
8 29 -1
8 30 1
8 33 -1
8 34 1
8 35 -1
8 39 -1
8 40 -1
8 41 -1
8 42 -1
8 43 -1
8 44 -1
8 46 -1
8 48 -1
8 52 -1
8 53 -1
8 57 -1
8 59 -1
8 61 -1
8 64 -1
8 68 -1
8 70 -1
9 1 -1
9 2 -1
9 3 1
9 5 -1
9 6 -1
9 8 -1
9 10 -1
9 11 -1
9 12 -1
9 15 -1
9 16 -1
9 18 -1
9 19 -1
9 22 -1
9 23 -1
9 24 -1
9 25 -1
9 28 -1
9 29 -1
9 30 1
9 31 1
9 32 -1
9 34 -1
9 41 1
9 42 -1
9 43 -1
9 45 -1
9 46 -1
9 47 -1
9 48 1
9 49 -1
9 51 1
9 52 1
9 54 -1
9 57 -1
9 64 -1
9 65 -1
9 66 1
9 67 -1
9 69 -1
9 70 -1
10 1 -1
10 4 1
10 8 1
10 11 -1
10 12 -1
10 15 -1
10 16 1
10 17 -1
10 21 -1
10 24 1
10 25 -1
10 26 -1
10 29 -1
10 30 -1
10 32 -1
10 33 -1
10 34 1
10 35 1
10 37 -1
10 40 -1
10 41 -1
10 48 -1
10 49 -1
10 50 1
10 52 1
10 55 1
10 57 -1
10 58 -1
10 59 -1
10 60 -1
10 62 -1
10 63 -1
10 64 1
10 65 -1
10 67 -1
10 68 -1
10 69 -1
11 1 -1
11 4 -1
11 6 -1
11 7 1
11 8 -1
11 12 -1
11 17 1
11 18 -1
11 20 -1
11 24 -1
11 27 -1
11 29 -1
11 31 -1
11 33 1
11 34 -1
11 36 -1
11 37 -1
11 38 -1
11 39 -1
11 40 -1
11 44 -1
11 45 -1
11 46 -1
11 48 1
11 50 -1
11 51 -1
11 53 1
11 56 -1
11 58 -1
11 60 1
11 61 -1
11 62 -1
11 63 -1
11 64 1
11 66 1
11 67 -1
12 3 -1
12 4 -1
12 5 -1
12 7 -1
12 8 1
12 13 -1
12 17 -1
12 18 -1
12 19 1
12 20 -1
12 24 -1
12 25 -1
12 26 -1
12 29 -1
12 30 -1
12 31 -1
12 32 -1
12 33 -1
12 35 -1
12 46 -1
12 48 1
12 50 -1
12 51 -1
12 52 -1
12 55 1
12 57 -1
12 59 -1
12 61 -1
12 62 -1
12 64 -1
12 65 -1
13 1 -1
13 2 -1
13 3 -1
13 6 -1
13 8 -1
13 9 -1
13 10 -1
13 11 -1
13 19 1
13 20 1
13 28 -1
13 29 -1
13 31 -1
13 33 -1
13 35 -1
13 36 -1
13 37 1
13 38 -1
13 39 -1
13 43 -1
13 44 1
13 45 -1
13 46 -1
13 47 -1
13 48 -1
13 49 -1
13 50 -1
13 52 -1
13 53 -1
13 58 -1
13 59 -1
13 60 -1
13 62 -1
13 63 -1
13 65 -1
13 67 -1
14 2 -1
14 3 -1
14 5 -1
14 8 -1
14 9 -1
14 10 -1
14 11 1
14 12 1
14 13 -1
14 16 -1
14 18 1
14 20 -1
14 24 -1
14 27 -1
14 28 -1
14 29 -1
14 30 -1
14 34 -1
14 35 -1
14 39 -1
14 40 -1
14 41 -1
14 42 -1
14 43 -1
14 44 -1
14 46 -1
14 50 -1
14 52 -1
14 55 -1
14 56 1
14 57 -1
14 58 -1
14 59 -1
14 60 1
14 61 -1
14 64 -1
14 67 -1
14 68 -1
14 69 -1
14 70 -1
15 1 1
15 3 -1
15 5 -1
15 6 -1
15 7 -1
15 11 -1
15 12 -1
15 13 -1
15 14 -1
15 18 -1
15 23 -1
15 25 1
15 27 -1
15 28 -1
15 29 1
15 30 1
15 31 -1
15 32 -1
15 35 -1
15 36 -1
15 39 -1
15 40 -1
15 41 -1
15 42 -1
15 44 -1
15 45 -1
15 46 -1
15 50 1
15 51 -1
15 52 -1
15 53 -1
15 54 -1
15 55 -1
15 59 -1
15 61 -1
15 62 -1
15 63 -1
15 68 -1
16 2 -1
16 3 -1
16 4 1
16 8 -1
16 11 -1
16 12 1
16 13 -1
16 15 -1
16 17 -1
16 19 -1
16 20 -1
16 24 -1
16 26 -1
16 30 -1
16 33 -1
16 34 -1
16 35 -1
16 36 1
16 37 1
16 39 -1
16 40 -1
16 42 -1
16 43 -1
16 44 -1
16 47 1
16 48 1
16 50 1
16 53 -1
16 54 -1
16 55 -1
16 56 1
16 57 1
16 58 1
16 59 -1
16 62 1
16 64 -1
16 66 1
16 68 -1
16 69 -1
16 70 1
17 1 -1
17 2 -1
17 3 -1
17 6 -1
17 7 -1
17 9 -1
17 13 -1
17 14 1
17 15 -1
17 18 -1
17 19 -1
17 22 -1
17 23 -1
17 24 1
17 26 -1
17 27 -1
17 31 -1
17 33 -1
17 35 -1
17 38 -1
17 42 -1
17 43 -1
17 48 -1
17 51 -1
17 52 -1
17 55 -1
17 56 -1
17 57 -1
17 58 -1
17 59 -1
17 61 -1
17 65 -1
17 66 -1
17 67 -1
17 68 -1
18 3 -1
18 4 -1
18 5 -1
18 6 -1
18 7 1
18 10 -1
18 13 -1
18 16 1
18 22 1
18 25 -1
18 27 1
18 28 -1
18 30 1
18 33 -1
18 34 -1
18 35 -1
18 36 -1
18 37 -1
18 38 -1
18 39 1
18 42 -1
18 44 -1
18 45 1
18 46 1
18 47 -1
18 48 -1
18 49 -1
18 50 1
18 54 -1
18 55 -1
18 56 -1
18 57 -1
18 59 -1
18 60 -1
18 61 -1
18 63 -1
18 66 -1
18 68 -1
18 70 1
19 1 -1
19 3 -1
19 4 -1
19 5 -1
19 7 -1
19 10 -1
19 11 -1
19 14 -1
19 15 -1
19 18 1
19 20 -1
19 23 -1
19 24 -1
19 25 -1
19 29 -1
19 30 1
19 31 -1
19 33 -1
19 35 -1
19 36 1
19 38 -1
19 41 -1
19 43 -1
19 44 -1
19 46 -1
19 47 -1
19 48 -1
19 52 -1
19 54 -1
19 56 -1
19 58 -1
19 59 1
19 62 -1
19 63 -1
19 67 -1
19 68 -1
19 69 -1
20 1 -1
20 2 -1
20 4 1
20 6 -1
20 8 -1
20 9 -1
20 10 1
20 15 -1
20 17 -1
20 18 -1
20 22 -1
20 26 1
20 28 1
20 30 -1
20 31 -1
20 33 1
20 34 -1
20 37 1
20 38 1
20 44 1
20 47 -1
20 48 -1
20 51 1
20 53 1
20 56 -1
20 60 -1
20 62 -1
20 63 -1
20 64 -1
20 65 1
20 67 -1
20 68 -1
20 69 -1
21 4 -1
21 6 -1
21 7 -1
21 9 -1
21 11 -1
21 12 -1
21 13 1
21 14 -1
21 15 1
21 16 -1
21 17 -1
21 18 -1
21 19 1
21 20 1
21 23 -1
21 25 -1
21 26 -1
21 27 1
21 28 -1
21 34 -1
21 35 -1
21 40 -1
21 41 -1
21 42 -1
21 45 -1
21 46 1
21 49 -1
21 51 -1
21 52 -1
21 57 -1
21 58 -1
21 62 -1
21 63 1
21 65 -1
21 66 -1
21 68 -1
22 1 -1
22 6 -1
22 7 -1
22 8 -1
22 10 -1
22 11 -1
22 12 -1
22 13 -1
22 14 -1
22 15 -1
22 16 1
22 19 -1
22 21 -1
22 24 -1
22 26 -1
22 27 -1
22 28 -1
22 30 -1
22 34 -1
22 36 1
22 37 -1
22 39 -1
22 43 -1
22 45 -1
22 46 1
22 48 1
22 52 -1
22 53 -1
22 55 -1
22 57 1
22 58 -1
22 59 1
22 60 -1
22 65 -1
22 66 -1
22 68 -1
23 2 1
23 3 -1
23 5 1
23 6 -1
23 10 -1
23 11 -1
23 12 -1
23 13 -1
23 14 -1
23 16 -1
23 18 1
23 20 1
23 22 -1
23 25 1
23 27 -1
23 30 -1
23 32 -1
23 33 -1
23 34 -1
23 35 -1
23 38 -1
23 42 1
23 43 1
23 44 -1
23 46 -1
23 48 -1
23 49 -1
23 51 -1
23 52 -1
23 57 -1
23 58 -1
23 59 -1
23 61 1
23 62 -1
23 63 1
23 64 -1
23 65 1
23 67 -1
24 3 -1
24 5 -1
24 6 -1
24 8 -1
24 13 -1
24 15 -1
24 18 -1
24 20 -1
24 21 -1
24 23 -1
24 25 -1
24 26 -1
24 27 1
24 32 -1
24 37 1
24 40 -1
24 42 -1
24 44 -1
24 47 1
24 49 -1
24 50 1
24 51 -1
24 54 -1
24 55 -1
24 58 -1
24 59 1
24 60 -1
24 61 -1
24 62 -1
24 63 -1
24 64 1
24 65 -1
24 67 -1
24 69 -1
24 70 -1
25 3 1
25 6 -1
25 7 -1
25 11 1
25 13 -1
25 14 -1
25 16 -1
25 17 -1
25 20 -1
25 22 -1
25 28 1
25 31 -1
25 34 -1
25 36 -1
25 37 -1
25 38 -1
25 39 -1
25 40 -1
25 42 -1
25 44 -1
25 46 -1
25 47 -1
25 48 -1
25 51 -1
25 53 -1
25 54 -1
25 58 -1
25 60 -1
25 61 -1
25 63 -1
25 64 1
25 67 -1
26 2 -1
26 6 -1
26 8 -1
26 9 1
26 11 -1
26 13 -1
26 14 -1
26 15 1
26 18 -1
26 19 -1
26 23 -1
26 25 -1
26 27 1
26 28 -1
26 30 -1
26 31 1
26 32 1
26 34 -1
26 35 -1
26 37 -1
26 41 -1
26 43 -1
26 46 -1
26 48 -1
26 53 -1
26 54 1
26 56 1
26 58 -1
26 59 -1
26 60 -1
26 62 -1
26 63 -1
26 64 -1
26 66 1
27 1 -1
27 4 -1
27 5 -1
27 6 -1
27 9 -1
27 10 -1
27 12 -1
27 13 -1
27 16 1
27 19 -1
27 20 -1
27 25 -1
27 28 1
27 32 1
27 35 -1
27 40 -1
27 41 -1
27 43 -1
27 44 -1
27 46 -1
27 47 -1
27 49 -1
27 50 -1
27 51 -1
27 52 -1
27 55 -1
27 60 -1
27 61 -1
27 63 -1
27 65 -1
27 66 -1
28 1 1
28 3 -1
28 5 1
28 6 -1
28 8 -1
28 10 -1
28 11 1
28 12 -1
28 16 1
28 17 -1
28 19 -1
28 23 -1
28 24 -1
28 31 -1
28 34 -1
28 35 -1
28 37 1
28 38 1
28 39 1
28 40 -1
28 41 -1
28 44 1
28 45 -1
28 49 -1
28 51 -1
28 53 -1
28 54 -1
28 55 -1
28 60 -1
28 65 1
28 66 -1
28 68 -1
28 70 -1
29 1 -1
29 3 -1
29 6 -1
29 7 -1
29 16 -1
29 17 -1
29 18 -1
29 20 1
29 21 -1
29 22 -1
29 23 -1
29 24 -1
29 25 1
29 26 1
29 27 -1
29 28 -1
29 35 1
29 36 -1
29 39 -1
29 40 1
29 42 1
29 43 -1
29 47 -1
29 48 -1
29 52 -1
29 55 -1
29 56 -1
29 57 -1
29 61 -1
29 62 1
29 66 -1
29 67 -1
29 69 1
30 3 -1
30 4 1
30 6 -1
30 7 1
30 11 -1
30 13 -1
30 17 -1
30 21 -1
30 24 -1
30 25 -1
30 27 -1
30 28 -1
30 29 -1
30 35 1
30 36 -1
30 37 -1
30 39 -1
30 40 -1
30 41 -1
30 51 -1
30 53 1
30 58 -1
30 60 -1
30 61 -1
30 62 1
30 64 -1
30 66 1
30 69 1
31 1 -1
31 2 -1
31 3 -1
31 4 -1
31 7 -1
31 8 -1
31 10 -1
31 14 -1
31 16 1
31 18 -1
31 21 1
31 22 -1
31 23 -1
31 24 -1
31 27 -1
31 29 1
31 30 -1
31 33 -1
31 34 -1
31 35 1
31 38 -1
31 40 1
31 43 -1
31 44 -1
31 46 -1
31 48 1
31 49 1
31 51 -1
31 52 1
31 55 -1
31 56 1
31 61 -1
31 62 -1
31 63 -1
31 64 -1
31 68 -1
31 69 1
32 1 -1
32 5 -1
32 8 -1
32 11 -1
32 13 -1
32 14 -1
32 16 -1
32 17 -1
32 18 1
32 19 -1
32 20 -1
32 21 -1
32 22 -1
32 25 -1
32 28 -1
32 29 -1
32 30 -1
32 31 1
32 33 -1
32 35 1
32 36 -1
32 37 -1
32 38 1
32 40 -1
32 41 -1
32 46 1
32 47 -1
32 49 1
32 50 -1
32 51 -1
32 52 -1
32 54 -1
32 57 1
32 59 -1
32 61 -1
32 66 -1
32 68 -1
33 2 -1
33 4 -1
33 9 -1
33 14 1
33 15 -1
33 21 -1
33 22 1
33 24 -1
33 25 -1
33 26 -1
33 27 1
33 28 -1
33 29 -1
33 30 -1
33 35 -1
33 37 -1
33 39 -1
33 41 -1
33 42 -1
33 46 -1
33 48 1
33 49 -1
33 50 -1
33 55 -1
33 56 -1
33 57 -1
33 59 -1
33 61 -1
33 63 1
33 65 -1
33 66 -1
33 67 -1
33 68 1
33 69 1
33 70 -1
34 2 -1
34 4 -1
34 6 -1
34 12 -1
34 13 -1
34 15 1
34 17 -1
34 19 -1
34 24 -1
34 27 -1
34 29 -1
34 30 -1
34 32 -1
34 33 -1
34 37 -1
34 38 -1
34 41 -1
34 43 -1
34 46 1
34 52 -1
34 53 1
34 57 -1
34 59 -1
34 64 -1
34 65 -1
34 69 -1
34 70 1
35 1 -1
35 2 -1
35 3 -1
35 5 -1
35 9 -1
35 11 -1
35 20 -1
35 22 1
35 24 -1
35 25 -1
35 34 -1
35 36 -1
35 37 -1
35 40 -1
35 41 -1
35 42 1
35 43 -1
35 44 -1
35 46 -1
35 47 -1
35 48 -1
35 50 -1
35 51 -1
35 52 -1
35 56 1
35 58 1
35 61 -1
35 62 -1
35 64 -1
35 65 -1
35 66 1
35 68 -1
36 8 1
36 9 -1
36 10 -1
36 12 1
36 14 -1
36 17 -1
36 20 -1
36 21 1
36 23 -1
36 24 1
36 26 -1
36 27 -1
36 28 -1
36 31 -1
36 33 -1
36 34 -1
36 37 -1
36 38 -1
36 40 1
36 41 -1
36 42 1
36 43 -1
36 44 -1
36 45 -1
36 46 1
36 47 1
36 48 -1
36 51 1
36 52 1
36 53 -1
36 56 -1
36 62 1
36 64 -1
36 67 -1
36 69 -1
36 70 -1
37 1 -1
37 4 -1
37 6 -1
37 7 1
37 8 1
37 9 -1
37 12 -1
37 14 1
37 15 -1
37 17 -1
37 19 -1
37 21 -1
37 23 -1
37 27 -1
37 29 -1
37 31 -1
37 38 -1
37 42 1
37 44 -1
37 45 -1
37 49 -1
37 50 1
37 51 -1
37 53 -1
37 55 -1
37 59 -1
37 60 -1
37 61 1
37 62 -1
37 63 -1
37 64 -1
37 65 -1
37 66 -1
37 67 -1
37 68 -1
37 69 -1
38 1 -1
38 2 -1
38 4 1
38 5 -1
38 6 -1
38 7 -1
38 8 1
38 9 -1
38 10 -1
38 12 -1
38 14 -1
38 15 -1
38 16 1
38 21 -1
38 22 -1
38 24 -1
38 26 1
38 27 -1
38 29 -1
38 30 1
38 33 -1
38 35 -1
38 40 -1
38 44 -1
38 47 -1
38 53 1
38 54 -1
38 57 1
38 60 -1
38 65 1
38 69 -1
39 1 -1
39 3 1
39 5 -1
39 7 -1
39 9 -1
39 10 1
39 12 -1
39 17 -1
39 19 1
39 20 -1
39 21 1
39 23 -1
39 24 -1
39 26 -1
39 27 -1
39 31 -1
39 32 -1
39 34 -1
39 35 -1
39 36 1
39 37 -1
39 38 1
39 41 -1
39 42 -1
39 43 -1
39 44 1
39 45 -1
39 48 1
39 51 -1
39 55 1
39 58 -1
39 62 1
39 66 -1
39 67 -1
39 69 -1
40 3 -1
40 5 -1
40 9 1
40 12 -1
40 13 -1
40 17 -1
40 18 -1
40 19 -1
40 20 -1
40 22 -1
40 23 -1
40 26 1
40 33 -1
40 34 1
40 37 -1
40 39 -1
40 41 -1
40 46 -1
40 48 -1
40 49 -1
40 50 -1
40 52 -1
40 53 1
40 54 -1
40 59 -1
40 62 -1
40 64 1
40 66 -1
40 67 -1
40 68 -1
40 69 1
40 70 -1
41 1 1
41 4 -1
41 5 -1
41 6 -1
41 7 -1
41 11 -1
41 12 -1
41 13 1
41 16 -1
41 17 -1
41 18 1
41 20 -1
41 22 -1
41 23 -1
41 24 -1
41 25 -1
41 29 -1
41 31 -1
41 37 -1
41 38 -1
41 42 1
41 47 -1
41 48 1
41 49 -1
41 52 -1
41 54 -1
41 56 -1
41 57 -1
41 61 1
41 62 -1
41 63 -1
41 64 -1
41 65 1
41 66 -1
41 67 -1
42 1 -1
42 3 -1
42 4 -1
42 5 -1
42 10 1
42 11 1
42 12 -1
42 13 -1
42 19 -1
42 20 1
42 22 -1
42 26 -1
42 27 -1
42 28 1
42 30 1
42 31 -1
42 32 -1
42 34 1
42 38 -1
42 40 -1
42 43 -1
42 45 -1
42 46 -1
42 47 -1
42 48 -1
42 50 -1
42 51 -1
42 54 -1
42 55 -1
42 56 1
42 58 -1
42 59 -1
42 60 -1
42 61 -1
42 62 -1
42 65 -1
42 69 1
43 2 1
43 3 -1
43 5 -1
43 10 -1
43 11 -1
43 12 -1
43 15 -1
43 18 -1
43 20 -1
43 21 -1
43 24 -1
43 25 -1
43 28 -1
43 30 1
43 32 1
43 33 -1
43 37 -1
43 38 1
43 40 -1
43 41 -1
43 45 1
43 46 -1
43 48 -1
43 49 1
43 50 1
43 51 -1
43 52 1
43 54 -1
43 57 -1
43 58 -1
43 67 -1
43 69 -1
43 70 -1
44 2 -1
44 3 -1
44 7 -1
44 9 1
44 10 -1
44 12 -1
44 17 -1
44 21 -1
44 22 -1
44 26 1
44 29 -1
44 30 -1
44 32 -1
44 33 -1
44 34 -1
44 40 -1
44 41 1
44 42 -1
44 43 -1
44 48 -1
44 51 -1
44 53 -1
44 55 1
44 56 -1
44 59 -1
44 61 1
44 62 -1
44 63 -1
44 64 1
44 69 1
44 70 -1
45 5 -1
45 6 1
45 7 -1
45 8 -1
45 10 1
45 12 -1
45 14 1
45 16 -1
45 17 -1
45 19 -1
45 20 -1
45 23 -1
45 24 -1
45 25 -1
45 26 1
45 27 1
45 29 1
45 30 -1
45 31 1
45 32 -1
45 33 -1
45 34 -1
45 35 -1
45 38 1
45 40 1
45 41 -1
45 44 -1
45 48 1
45 49 -1
45 53 -1
45 54 -1
45 57 1
45 62 -1
45 65 1
45 67 -1
45 69 1
45 70 -1
46 1 -1
46 4 -1
46 6 1
46 7 -1
46 10 -1
46 16 -1
46 17 -1
46 20 -1
46 24 -1
46 28 1
46 29 -1
46 30 -1
46 37 -1
46 38 -1
46 39 -1
46 41 -1
46 44 1
46 45 -1
46 47 -1
46 48 -1
46 49 -1
46 50 -1
46 61 -1
46 62 -1
46 63 -1
46 66 -1
46 68 1
46 70 1
47 4 -1
47 5 -1
47 6 -1
47 8 -1
47 10 1
47 11 -1
47 12 1
47 14 -1
47 15 1
47 17 -1
47 21 -1
47 22 -1
47 23 -1
47 26 -1
47 28 1
47 30 1
47 31 -1
47 33 1
47 34 -1
47 37 -1
47 39 -1
47 40 1
47 43 -1
47 44 -1
47 45 -1
47 48 -1
47 50 1
47 51 -1
47 52 -1
47 53 -1
47 55 -1
47 56 -1
47 57 -1
47 59 -1
47 60 1
47 64 -1
47 67 -1
48 1 -1
48 3 -1
48 7 -1
48 14 -1
48 15 -1
48 21 -1
48 24 -1
48 27 -1
48 28 -1
48 30 -1
48 32 -1
48 34 -1
48 37 -1
48 38 -1
48 49 -1
48 50 1
48 53 -1
48 54 -1
48 56 1
48 57 1
48 60 -1
48 61 -1
48 62 1
48 63 -1
48 67 -1
48 68 -1
48 70 1
49 1 -1
49 2 -1
49 3 -1
49 4 -1
49 5 -1
49 7 -1
49 8 -1
49 11 -1
49 12 1
49 14 -1
49 15 -1
49 16 -1
49 17 -1
49 19 1
49 20 -1
49 22 -1
49 25 1
49 26 -1
49 29 -1
49 30 1
49 34 1
49 35 -1
49 36 -1
49 38 -1
49 39 -1
49 42 -1
49 44 -1
49 47 1
49 50 1
49 51 -1
49 52 -1
49 53 -1
49 57 -1
49 59 -1
49 60 1
49 61 1
49 62 1
49 63 -1
49 64 -1
49 65 -1
49 70 -1
50 2 -1
50 3 -1
50 5 -1
50 6 -1
50 7 -1
50 8 -1
50 9 -1
50 17 1
50 19 -1
50 20 -1
50 21 1
50 22 -1
50 23 -1
50 25 -1
50 26 -1
50 28 -1
50 29 -1
50 30 -1
50 31 -1
50 34 -1
50 36 -1
50 38 -1
50 39 -1
50 41 -1
50 44 -1
50 45 -1
50 54 -1
50 56 -1
50 57 -1
50 58 -1
50 59 -1
50 60 -1
50 61 -1
50 65 -1
50 68 -1
50 69 -1
50 70 -1
51 1 -1
51 5 -1
51 8 -1
51 10 -1
51 13 -1
51 14 -1
51 16 1
51 18 1
51 19 -1
51 22 -1
51 26 1
51 29 -1
51 33 -1
51 34 -1
51 38 1
51 40 -1
51 41 -1
51 45 -1
51 46 -1
51 48 -1
51 50 -1
51 53 -1
51 54 1
51 55 -1
51 57 -1
51 61 1
51 63 -1
51 65 -1
51 70 -1
52 1 -1
52 2 1
52 3 -1
52 4 -1
52 5 -1
52 11 -1
52 16 -1
52 18 -1
52 20 1
52 24 -1
52 25 -1
52 26 -1
52 28 -1
52 30 -1
52 33 -1
52 37 -1
52 38 -1
52 39 -1
52 42 -1
52 44 -1
52 45 1
52 46 -1
52 48 -1
52 50 1
52 51 -1
52 53 -1
52 54 -1
52 58 1
52 59 -1
52 62 1
52 64 1
52 66 -1
52 69 1
53 3 -1
53 9 -1
53 10 -1
53 12 -1
53 14 -1
53 17 1
53 18 -1
53 19 1
53 21 1
53 23 -1
53 24 -1
53 27 1
53 29 -1
53 31 -1
53 32 1
53 33 -1
53 35 -1
53 39 -1
53 41 -1
53 42 -1
53 43 1
53 46 -1
53 50 -1
53 55 -1
53 56 -1
53 60 1
53 61 -1
53 64 -1
53 65 -1
53 66 -1
53 69 1
54 2 -1
54 3 -1
54 7 -1
54 8 -1
54 10 -1
54 11 -1
54 12 -1
54 13 -1
54 14 -1
54 17 1
54 20 1
54 21 -1
54 22 -1
54 23 -1
54 27 -1
54 29 -1
54 30 -1
54 31 -1
54 33 -1
54 34 -1
54 35 -1
54 36 -1
54 37 -1
54 39 -1
54 44 -1
54 46 -1
54 47 -1
54 49 -1
54 53 -1
54 55 -1
54 57 -1
54 58 -1
54 59 1
54 60 -1
54 61 -1
54 62 -1
54 63 -1
54 65 -1
54 66 -1
54 67 -1
54 68 -1
54 69 -1
54 70 -1
55 1 -1
55 3 -1
55 4 -1
55 6 -1
55 7 -1
55 8 -1
55 9 1
55 11 -1
55 13 -1
55 19 1
55 20 -1
55 21 -1
55 23 -1
55 25 1
55 26 1
55 30 1
55 32 -1
55 34 -1
55 35 -1
55 36 -1
55 38 -1
55 40 -1
55 41 -1
55 43 -1
55 45 -1
55 46 1
55 48 -1
55 49 1
55 50 -1
55 52 -1
55 56 -1
55 57 -1
55 58 -1
55 62 -1
55 66 -1
55 67 -1
55 68 -1
55 69 1
55 70 -1
56 2 -1
56 3 -1
56 4 -1
56 5 -1
56 7 -1
56 8 -1
56 9 -1
56 10 -1
56 12 -1
56 13 -1
56 15 1
56 21 -1
56 22 -1
56 23 1
56 24 -1
56 25 -1
56 27 -1
56 28 -1
56 30 1
56 32 -1
56 34 -1
56 37 -1
56 38 -1
56 39 -1
56 40 -1
56 43 -1
56 45 -1
56 46 -1
56 49 -1
56 51 -1
56 52 1
56 54 -1
56 57 -1
56 60 -1
56 62 -1
56 63 -1
56 64 1
56 65 -1
56 66 -1
56 68 -1
56 69 -1
57 1 -1
57 2 -1
57 3 -1
57 4 -1
57 5 1
57 6 -1
57 11 1
57 13 -1
57 15 -1
57 19 -1
57 20 -1
57 24 -1
57 25 -1
57 26 -1
57 27 -1
57 28 1
57 30 -1
57 31 -1
57 35 -1
57 36 -1
57 37 -1
57 39 -1
57 40 -1
57 42 -1
57 44 -1
57 46 -1
57 52 -1
57 53 -1
57 58 -1
57 59 -1
57 63 -1
57 66 -1
57 69 -1
58 2 -1
58 5 1
58 8 -1
58 9 -1
58 12 1
58 15 -1
58 18 -1
58 20 -1
58 27 -1
58 28 -1
58 29 -1
58 31 -1
58 32 -1
58 33 -1
58 34 1
58 36 -1
58 37 -1
58 38 -1
58 40 -1
58 41 -1
58 44 -1
58 45 1
58 46 -1
58 47 -1
58 48 1
58 49 -1
58 51 -1
58 53 -1
58 56 -1
58 59 -1
58 60 -1
58 62 -1
58 64 -1
58 66 -1
58 67 -1
59 2 -1
59 5 -1
59 6 1
59 9 1
59 11 -1
59 20 -1
59 21 -1
59 25 1
59 27 -1
59 28 -1
59 29 -1
59 30 -1
59 31 -1
59 35 -1
59 36 -1
59 38 1
59 39 -1
59 41 -1
59 43 -1
59 45 -1
59 46 -1
59 48 -1
59 51 -1
59 53 -1
59 55 -1
59 56 -1
59 61 -1
59 63 1
59 67 1
59 68 -1
60 1 -1
60 2 1
60 3 1
60 6 -1
60 8 -1
60 9 -1
60 12 1
60 15 -1
60 16 -1
60 17 1
60 19 -1
60 21 -1
60 23 -1
60 29 -1
60 31 -1
60 32 1
60 33 -1
60 34 1
60 35 -1
60 36 -1
60 39 -1
60 40 -1
60 41 1
60 43 -1
60 44 -1
60 45 -1
60 46 -1
60 51 -1
60 52 -1
60 55 -1
60 57 -1
60 59 -1
60 61 -1
60 64 -1
60 67 -1
60 69 -1
61 1 -1
61 5 -1
61 9 1
61 10 -1
61 13 -1
61 16 -1
61 19 -1
61 20 1
61 21 1
61 22 -1
61 26 1
61 28 -1
61 34 -1
61 36 -1
61 38 -1
61 39 -1
61 40 -1
61 43 -1
61 45 -1
61 47 1
61 52 -1
61 55 -1
61 56 -1
61 57 -1
61 58 1
61 65 -1
61 66 -1
61 67 -1
61 68 -1
61 69 -1
62 2 1
62 6 -1
62 7 -1
62 8 -1
62 9 -1
62 14 -1
62 17 -1
62 18 -1
62 22 -1
62 25 -1
62 27 -1
62 28 -1
62 32 1
62 33 -1
62 34 -1
62 38 1
62 43 1
62 47 -1
62 50 1
62 51 -1
62 53 -1
62 57 1
62 59 -1
62 60 -1
62 61 -1
62 64 -1
62 66 1
62 67 1
62 68 1
62 69 -1
63 3 1
63 4 -1
63 5 -1
63 6 -1
63 7 1
63 8 -1
63 9 -1
63 12 -1
63 14 -1
63 16 -1
63 17 -1
63 22 -1
63 28 -1
63 29 -1
63 30 1
63 32 -1
63 34 -1
63 35 -1
63 36 -1
63 38 -1
63 39 -1
63 40 -1
63 42 -1
63 43 -1
63 45 -1
63 47 -1
63 50 -1
63 52 -1
63 53 -1
63 55 -1
63 58 -1
63 60 -1
63 61 -1
63 62 -1
63 64 -1
63 67 1
63 68 -1
64 2 -1
64 3 -1
64 4 -1
64 5 1
64 13 -1
64 15 -1
64 17 -1
64 18 -1
64 19 -1
64 21 -1
64 22 -1
64 27 -1
64 28 -1
64 29 1
64 32 1
64 33 -1
64 38 -1
64 39 -1
64 42 1
64 43 -1
64 45 -1
64 46 -1
64 48 -1
64 50 -1
64 51 -1
64 54 -1
64 55 -1
64 57 -1
64 59 -1
64 61 -1
64 66 -1
64 70 1
65 3 -1
65 4 -1
65 5 -1
65 7 -1
65 8 1
65 11 -1
65 14 -1
65 15 -1
65 16 -1
65 18 -1
65 19 -1
65 25 -1
65 26 -1
65 29 -1
65 30 1
65 31 -1
65 32 -1
65 36 -1
65 39 -1
65 40 -1
65 43 -1
65 44 -1
65 46 -1
65 47 -1
65 48 -1
65 52 1
65 55 -1
65 57 -1
65 58 -1
65 59 -1
65 60 -1
65 62 -1
65 63 -1
65 64 -1
65 66 -1
65 67 -1
65 68 1
65 69 -1
65 70 -1
66 2 -1
66 3 -1
66 5 -1
66 6 -1
66 8 -1
66 10 -1
66 12 -1
66 13 -1
66 14 -1
66 15 -1
66 19 -1
66 20 -1
66 23 -1
66 24 -1
66 25 -1
66 31 -1
66 34 -1
66 36 -1
66 38 -1
66 42 -1
66 43 -1
66 44 -1
66 45 1
66 47 -1
66 48 -1
66 49 -1
66 50 1
66 51 -1
66 59 -1
66 60 1
66 63 -1
66 67 -1
66 70 -1
67 3 1
67 5 1
67 8 1
67 12 -1
67 15 1
67 16 -1
67 18 -1
67 21 -1
67 22 1
67 26 -1
67 27 -1
67 28 -1
67 30 -1
67 31 -1
67 32 -1
67 34 1
67 35 -1
67 38 -1
67 42 -1
67 44 1
67 46 -1
67 49 -1
67 50 -1
67 51 -1
67 52 -1
67 53 1
67 56 -1
67 57 -1
67 64 -1
67 69 -1
67 70 -1
68 2 -1
68 3 1
68 5 -1
68 9 -1
68 11 -1
68 12 -1
68 13 1
68 23 -1
68 24 -1
68 25 -1
68 26 1
68 27 -1
68 29 -1
68 30 -1
68 34 -1
68 36 -1
68 38 1
68 39 -1
68 41 -1
68 42 -1
68 43 -1
68 44 -1
68 45 -1
68 47 -1
68 49 1
68 51 -1
68 52 1
68 53 -1
68 57 -1
68 58 -1
68 60 -1
68 64 -1
68 66 1
68 67 -1
68 69 1
69 4 -1
69 5 -1
69 8 -1
69 11 -1
69 12 -1
69 13 -1
69 15 1
69 17 -1
69 18 -1
69 21 -1
69 22 1
69 23 -1
69 25 -1
69 26 -1
69 27 -1
69 28 -1
69 32 1
69 35 -1
69 41 1
69 46 -1
69 47 1
69 48 -1
69 49 1
69 51 -1
69 58 -1
69 59 -1
69 63 -1
69 64 -1
69 66 -1
69 70 -1
70 1 -1
70 4 -1
70 5 1
70 7 -1
70 10 1
70 11 -1
70 12 -1
70 13 -1
70 15 1
70 17 1
70 19 1
70 20 -1
70 21 -1
70 22 -1
70 23 -1
70 25 -1
70 26 -1
70 27 -1
70 29 -1
70 30 -1
70 31 -1
70 32 -1
70 35 -1
70 37 -1
70 38 1
70 39 -1
70 41 -1
70 42 -1
70 47 -1
70 52 -1
70 53 1
70 56 -1
70 57 -1
70 58 -1
70 59 -1
70 60 -1
70 61 -1
70 62 -1
70 63 -1
70 68 -1
