vertices: 90 edges: 4005
1 2 1
1 3 -1
1 4 -1
1 6 1
1 9 -1
1 10 1
1 14 1
1 15 1
1 16 -1
1 17 1
1 20 -1
1 21 1
1 22 -1
1 24 1
1 25 1
1 26 1
1 29 -1
1 31 1
1 36 1
1 37 -1
1 40 -1
1 45 1
1 47 1
1 49 1
1 50 -1
1 51 1
1 52 -1
1 53 1
1 54 1
1 55 1
1 56 1
1 57 1
1 58 1
1 59 1
1 61 1
1 62 1
1 64 1
1 68 1
1 70 -1
1 73 1
1 75 -1
1 78 -1
1 79 1
1 82 1
1 84 1
1 86 1
1 88 1
1 89 1
1 90 -1
2 3 1
2 7 1
2 9 1
2 12 1
2 13 1
2 14 -1
2 15 1
2 17 1
2 18 1
2 19 1
2 23 1
2 26 1
2 27 1
2 28 1
2 30 -1
2 31 -1
2 37 1
2 39 1
2 40 -1
2 41 1
2 42 1
2 43 1
2 46 -1
2 49 1
2 51 1
2 52 1
2 53 1
2 54 -1
2 55 1
2 59 1
2 61 1
2 62 1
2 64 1
2 67 -1
2 68 1
2 70 1
2 71 1
2 75 1
2 77 1
2 78 1
2 81 1
2 82 1
2 84 1
2 87 1
2 88 1
2 89 1
3 8 1
3 11 1
3 12 1
3 13 -1
3 14 1
3 17 1
3 20 1
3 21 1
3 23 1
3 24 -1
3 27 1
3 28 1
3 29 1
3 33 -1
3 35 1
3 37 1
3 39 1
3 40 -1
3 41 1
3 42 1
3 43 1
3 47 1
3 48 1
3 50 1
3 52 1
3 54 1
3 56 1
3 58 1
3 59 1
3 63 -1
3 64 1
3 65 1
3 67 -1
3 68 1
3 69 -1
3 71 1
3 72 -1
3 73 1
3 76 -1
3 77 1
3 78 1
3 82 -1
3 84 1
3 87 1
3 90 1
4 2 1
4 3 1
4 6 1
4 11 1
4 13 1
4 14 1
4 17 1
4 18 -1
4 19 1
4 21 -1
4 22 1
4 23 1
4 25 1
4 26 1
4 31 1
4 42 1
4 43 1
4 44 -1
4 47 1
4 49 1
4 50 1
4 51 1
4 53 1
4 55 1
4 56 1
4 58 1
4 59 1
4 60 1
4 61 1
4 62 1
4 63 1
4 64 1
4 67 1
4 68 1
4 70 1
4 71 1
4 73 1
4 74 1
4 75 -1
4 76 -1
4 77 1
4 78 1
4 79 1
4 81 1
4 88 1
5 1 1
5 2 1
5 3 1
5 4 1
5 8 1
5 11 1
5 15 1
5 16 -1
5 17 -1
5 18 1
5 21 1
5 23 1
5 24 1
5 26 1
5 27 1
5 29 1
5 30 1
5 31 1
5 32 1
5 33 -1
5 34 1
5 36 1
5 37 1
5 38 1
5 41 1
5 42 -1
5 45 1
5 46 -1
5 47 1
5 48 -1
5 53 1
5 54 1
5 56 1
5 60 -1
5 63 1
5 64 1
5 67 1
5 69 1
5 70 1
5 73 -1
5 75 1
5 77 1
5 81 1
5 82 1
5 84 1
5 85 1
5 86 1
5 87 -1
5 88 1
5 89 1
5 90 -1
6 2 -1
6 3 -1
6 5 -1
6 7 -1
6 8 1
6 9 1
6 10 1
6 11 1
6 12 1
6 19 1
6 20 1
6 25 1
6 28 1
6 29 1
6 36 -1
6 37 1
6 40 1
6 41 1
6 46 1
6 47 -1
6 53 1
6 55 1
6 57 1
6 58 1
6 60 1
6 61 1
6 63 1
6 64 1
6 65 1
6 66 1
6 68 1
6 69 -1
6 70 1
6 71 1
6 73 1
6 74 1
6 77 1
6 78 1
6 79 1
6 85 1
6 87 1
7 1 1
7 3 1
7 4 -1
7 5 1
7 8 1
7 10 1
7 12 1
7 14 1
7 16 1
7 24 1
7 25 1
7 26 1
7 29 1
7 31 1
7 36 1
7 38 1
7 40 1
7 41 1
7 43 1
7 45 1
7 47 1
7 48 1
7 49 1
7 51 1
7 52 1
7 55 1
7 57 1
7 58 1
7 60 1
7 62 1
7 66 -1
7 68 1
7 69 1
7 70 1
7 71 1
7 78 1
7 79 1
7 82 1
7 83 1
7 86 1
7 87 1
8 1 1
8 2 -1
8 4 1
8 13 1
8 14 1
8 16 1
8 19 1
8 21 1
8 23 1
8 25 -1
8 28 1
8 32 1
8 36 1
8 37 1
8 39 1
8 42 -1
8 43 1
8 45 1
8 46 -1
8 48 -1
8 52 1
8 55 -1
8 56 1
8 57 1
8 60 1
8 61 -1
8 63 1
8 64 -1
8 66 1
8 68 -1
8 69 -1
8 70 1
8 71 1
8 74 1
8 75 1
8 76 1
8 77 1
8 78 1
8 79 1
8 80 -1
8 82 -1
8 84 1
9 3 1
9 4 1
9 5 -1
9 7 1
9 8 1
9 12 1
9 13 1
9 16 1
9 19 1
9 20 1
9 21 1
9 23 1
9 29 1
9 30 1
9 31 1
9 32 1
9 33 1
9 38 -1
9 40 1
9 43 -1
9 44 1
9 45 -1
9 47 1
9 48 1
9 49 1
9 51 1
9 52 -1
9 53 -1
9 54 1
9 57 1
9 63 1
9 64 1
9 65 1
9 66 1
9 67 -1
9 68 -1
9 69 1
9 70 1
9 74 1
9 76 1
9 77 1
9 79 1
9 82 1
9 83 1
9 86 1
9 90 1
10 2 1
10 3 1
10 4 1
10 5 1
10 8 1
10 9 1
10 13 1
10 14 1
10 15 1
10 20 1
10 21 1
10 22 1
10 24 1
10 26 1
10 29 1
10 30 1
10 32 1
10 36 -1
10 41 -1
10 43 1
10 44 1
10 47 1
10 48 -1
10 49 1
10 50 1
10 52 1
10 53 1
10 54 1
10 55 1
10 57 1
10 61 -1
10 62 -1
10 63 1
10 66 1
10 69 1
10 72 1
10 73 1
10 76 1
10 79 -1
10 82 1
10 83 1
10 84 1
10 85 1
10 86 1
10 87 1
10 90 1
11 1 1
11 2 -1
11 7 1
11 8 1
11 9 1
11 10 1
11 16 -1
11 18 1
11 20 1
11 23 -1
11 25 1
11 27 1
11 31 1
11 33 1
11 34 1
11 35 1
11 37 1
11 43 1
11 44 1
11 45 1
11 48 1
11 49 1
11 50 1
11 51 1
11 53 1
11 54 1
11 55 1
11 56 1
11 57 -1
11 63 -1
11 64 1
11 66 1
11 69 1
11 71 1
11 72 1
11 73 1
11 74 1
11 75 1
11 78 1
11 80 1
11 85 1
11 86 1
11 87 1
11 90 1
12 1 -1
12 4 -1
12 5 1
12 8 1
12 10 1
12 11 1
12 14 1
12 18 1
12 20 1
12 21 1
12 22 1
12 26 -1
12 27 1
12 28 1
12 30 -1
12 31 1
12 32 1
12 33 1
12 34 1
12 35 1
12 38 1
12 40 1
12 42 1
12 43 1
12 47 1
12 48 1
12 49 1
12 50 1
12 51 1
12 53 1
12 54 1
12 55 1
12 56 1
12 57 1
12 60 1
12 61 -1
12 64 1
12 65 1
12 66 1
12 67 1
12 69 1
12 71 -1
12 72 1
12 73 -1
12 75 1
12 76 1
12 78 1
12 81 1
12 82 1
12 83 1
12 85 1
12 87 -1
13 1 -1
13 5 -1
13 6 -1
13 7 1
13 11 1
13 12 -1
13 14 1
13 16 -1
13 20 1
13 22 1
13 23 1
13 24 1
13 26 1
13 27 -1
13 30 -1
13 32 1
13 34 1
13 37 1
13 39 1
13 40 -1
13 41 1
13 42 1
13 44 1
13 45 1
13 46 1
13 51 -1
13 55 -1
13 57 1
13 61 -1
13 64 1
13 66 -1
13 68 1
13 69 -1
13 72 1
13 74 1
13 78 1
13 80 1
13 82 1
13 83 1
13 87 1
14 5 1
14 6 1
14 9 1
14 11 1
14 16 -1
14 17 1
14 18 -1
14 19 1
14 20 1
14 23 1
14 25 -1
14 27 1
14 30 -1
14 31 1
14 33 1
14 35 1
14 36 -1
14 38 1
14 40 1
14 42 -1
14 43 1
14 44 1
14 45 -1
14 47 1
14 48 -1
14 50 1
14 51 1
14 52 1
14 55 -1
14 57 1
14 58 1
14 60 -1
14 64 1
14 65 -1
14 66 -1
14 67 1
14 68 1
14 71 1
14 73 -1
14 74 1
14 75 -1
14 76 1
14 79 1
14 80 1
14 82 1
14 85 1
14 86 1
15 3 1
15 4 -1
15 6 1
15 7 -1
15 8 1
15 9 1
15 11 1
15 12 1
15 13 1
15 14 1
15 16 1
15 19 1
15 21 1
15 22 1
15 27 1
15 31 -1
15 32 1
15 33 1
15 38 1
15 43 -1
15 45 1
15 47 -1
15 48 -1
15 50 1
15 51 -1
15 52 1
15 53 1
15 54 1
15 56 1
15 61 1
15 62 1
15 63 1
15 64 1
15 65 1
15 66 1
15 67 1
15 68 1
15 69 -1
15 71 1
15 72 1
15 75 1
15 76 1
15 77 1
15 78 1
15 80 1
15 81 1
15 82 1
15 87 1
16 2 1
16 3 1
16 4 -1
16 6 1
16 10 -1
16 12 1
16 17 1
16 18 1
16 19 -1
16 20 1
16 21 1
16 22 1
16 24 1
16 25 -1
16 26 -1
16 30 1
16 31 1
16 32 -1
16 36 1
16 38 -1
16 40 1
16 41 1
16 42 1
16 43 1
16 45 1
16 49 1
16 50 -1
16 51 1
16 53 1
16 55 -1
16 59 1
16 60 1
16 61 1
16 62 -1
16 63 1
16 65 -1
16 66 1
16 67 1
16 68 -1
16 69 -1
16 70 1
16 71 1
16 73 1
16 75 -1
16 80 1
16 81 1
16 83 1
16 84 -1
16 86 1
16 89 -1
16 90 1
17 6 -1
17 7 -1
17 8 -1
17 9 1
17 10 1
17 11 1
17 12 1
17 13 1
17 15 1
17 19 1
17 21 1
17 22 1
17 25 1
17 26 1
17 31 1
17 32 1
17 34 1
17 35 1
17 36 1
17 37 1
17 38 1
17 40 1
17 41 -1
17 42 1
17 44 1
17 46 1
17 47 1
17 48 -1
17 51 1
17 52 1
17 61 -1
17 67 1
17 68 1
17 69 1
17 70 -1
17 71 1
17 72 -1
17 74 1
17 75 1
17 77 1
17 78 1
17 85 1
17 86 1
17 87 1
18 1 1
18 3 1
18 6 1
18 7 1
18 8 1
18 9 -1
18 10 1
18 13 -1
18 15 -1
18 17 1
18 19 1
18 21 1
18 26 -1
18 28 1
18 30 1
18 31 1
18 32 -1
18 33 1
18 36 1
18 39 1
18 40 1
18 41 1
18 42 1
18 43 1
18 45 1
18 49 1
18 52 1
18 53 -1
18 55 1
18 57 1
18 59 -1
18 62 1
18 63 1
18 64 1
18 65 1
18 66 1
18 68 1
18 70 1
18 72 1
18 74 1
18 75 -1
18 76 -1
18 78 1
18 79 1
18 82 1
18 84 1
18 86 1
18 89 1
19 1 1
19 3 1
19 5 1
19 7 1
19 10 -1
19 11 1
19 12 1
19 13 1
19 20 1
19 21 1
19 25 1
19 26 1
19 30 1
19 36 1
19 37 1
19 42 -1
19 46 1
19 47 1
19 48 1
19 49 1
19 51 -1
19 55 1
19 56 1
19 57 1
19 58 -1
19 61 1
19 62 -1
19 64 -1
19 67 1
19 70 1
19 71 1
19 73 1
19 74 -1
19 76 1
19 77 1
19 78 1
19 80 1
19 81 1
19 82 1
19 86 -1
19 88 -1
19 90 1
20 2 1
20 4 1
20 5 1
20 7 1
20 8 1
20 15 1
20 17 -1
20 18 1
20 21 -1
20 22 1
20 24 -1
20 26 1
20 31 -1
20 34 1
20 35 1
20 36 1
20 39 1
20 40 1
20 45 -1
20 46 1
20 48 1
20 53 1
20 57 1
20 58 1
20 60 1
20 63 1
20 65 1
20 66 1
20 70 1
20 71 -1
20 72 1
20 74 1
20 77 -1
20 80 1
20 82 1
20 83 1
20 86 -1
20 89 1
21 2 1
21 6 1
21 7 1
21 11 1
21 13 1
21 14 1
21 22 1
21 24 1
21 25 1
21 27 1
21 28 -1
21 29 1
21 31 1
21 32 -1
21 35 -1
21 38 1
21 43 1
21 44 1
21 48 1
21 49 1
21 50 1
21 51 1
21 54 -1
21 55 -1
21 56 1
21 57 -1
21 59 1
21 61 1
21 64 1
21 65 1
21 66 1
21 67 1
21 68 1
21 69 -1
21 71 -1
21 73 -1
21 75 1
21 77 1
21 78 1
21 79 1
21 81 1
21 83 1
21 86 1
21 87 1
22 2 1
22 3 1
22 5 1
22 6 -1
22 7 -1
22 8 1
22 9 1
22 11 1
22 14 1
22 18 1
22 19 1
22 23 1
22 25 1
22 28 -1
22 31 -1
22 32 1
22 33 1
22 35 -1
22 36 1
22 41 1
22 42 1
22 43 1
22 44 1
22 45 1
22 46 1
22 52 -1
22 53 -1
22 56 1
22 61 1
22 62 1
22 64 -1
22 66 1
22 67 1
22 68 1
22 69 1
22 71 1
22 72 1
22 74 1
22 76 1
22 79 1
22 80 1
22 81 1
22 82 1
22 86 1
22 88 1
22 89 1
22 90 1
23 1 1
23 6 1
23 7 1
23 10 1
23 12 1
23 15 -1
23 16 1
23 17 1
23 18 1
23 19 1
23 20 1
23 21 -1
23 27 1
23 29 -1
23 30 -1
23 34 -1
23 35 1
23 38 1
23 40 1
23 45 -1
23 48 -1
23 49 1
23 51 -1
23 53 1
23 54 1
23 55 1
23 59 1
23 60 -1
23 61 1
23 63 -1
23 68 1
23 73 1
23 77 1
23 78 1
23 79 1
23 80 1
23 81 1
23 84 1
23 86 1
23 87 1
23 89 1
24 2 1
24 4 -1
24 6 -1
24 8 1
24 9 1
24 11 -1
24 12 -1
24 14 1
24 15 -1
24 17 1
24 18 -1
24 19 1
24 22 1
24 23 1
24 27 -1
24 28 -1
24 31 1
24 32 -1
24 34 1
24 35 -1
24 39 -1
24 44 -1
24 45 1
24 46 1
24 55 1
24 56 1
24 58 1
24 59 1
24 64 1
24 65 1
24 66 1
24 67 1
24 70 1
24 74 1
24 76 1
24 78 1
24 79 1
24 80 1
24 81 1
24 83 1
24 86 -1
25 2 1
25 3 1
25 5 1
25 9 1
25 10 1
25 12 1
25 13 1
25 15 1
25 18 1
25 20 1
25 23 1
25 24 1
25 26 -1
25 27 1
25 32 -1
25 33 1
25 34 -1
25 35 1
25 37 1
25 38 1
25 40 1
25 41 1
25 42 1
25 43 -1
25 44 1
25 45 1
25 47 1
25 49 -1
25 50 1
25 52 1
25 53 1
25 54 1
25 55 1
25 56 1
25 58 1
25 59 1
25 60 1
25 63 1
25 64 1
25 66 1
25 68 1
25 70 1
25 71 -1
25 74 1
25 76 1
25 77 1
25 78 1
25 83 1
25 85 1
25 87 1
25 88 -1
26 3 1
26 6 1
26 8 1
26 9 1
26 11 1
26 14 1
26 15 1
26 21 1
26 22 1
26 23 1
26 24 -1
26 27 -1
26 29 1
26 30 1
26 33 1
26 35 -1
26 39 1
26 41 1
26 44 -1
26 46 1
26 49 1
26 50 1
26 51 1
26 53 1
26 55 1
26 56 1
26 58 1
26 59 1
26 60 1
26 62 1
26 65 -1
26 68 1
26 71 1
26 74 1
26 75 1
26 77 -1
26 79 1
26 80 1
26 82 1
26 87 -1
26 88 1
26 89 1
26 90 -1
27 1 1
27 4 1
27 6 1
27 7 1
27 8 1
27 9 1
27 10 -1
27 16 -1
27 17 -1
27 18 1
27 19 1
27 20 1
27 22 1
27 28 -1
27 31 1
27 32 -1
27 34 1
27 35 1
27 37 1
27 39 1
27 40 1
27 41 1
27 42 1
27 44 1
27 46 1
27 47 1
27 50 1
27 51 1
27 52 1
27 53 -1
27 55 1
27 57 1
27 58 1
27 62 1
27 64 -1
27 65 1
27 67 -1
27 68 1
27 70 1
27 71 1
27 72 1
27 73 1
27 74 1
27 77 1
27 79 1
27 81 -1
27 85 1
27 86 -1
28 1 1
28 4 1
28 5 1
28 7 -1
28 9 1
28 10 1
28 11 1
28 13 1
28 14 1
28 15 1
28 16 1
28 17 1
28 19 1
28 20 1
28 23 1
28 25 -1
28 26 1
28 33 1
28 35 1
28 36 1
28 38 -1
28 41 1
28 42 1
28 43 1
28 44 1
28 45 -1
28 49 1
28 50 1
28 52 1
28 54 1
28 55 1
28 60 1
28 61 1
28 63 1
28 69 1
28 71 1
28 72 1
28 75 1
28 77 1
28 78 1
28 85 1
28 87 1
28 89 1
28 90 1
29 2 1
29 4 1
29 8 1
29 11 -1
29 12 1
29 13 1
29 14 1
29 15 -1
29 16 1
29 17 -1
29 18 1
29 19 -1
29 20 1
29 22 1
29 24 1
29 25 1
29 27 1
29 28 1
29 30 -1
29 31 -1
29 33 -1
29 34 1
29 38 -1
29 46 1
29 47 1
29 48 1
29 49 1
29 51 -1
29 53 1
29 54 1
29 61 1
29 62 1
29 63 1
29 64 1
29 66 1
29 67 -1
29 70 1
29 74 1
29 75 1
29 76 1
29 78 1
29 81 1
29 82 1
29 83 1
29 90 1
30 1 1
30 3 1
30 4 -1
30 6 1
30 7 1
30 8 1
30 11 1
30 15 1
30 17 1
30 20 1
30 21 1
30 22 1
30 24 -1
30 25 1
30 27 -1
30 28 1
30 31 1
30 33 1
30 37 1
30 38 -1
30 40 1
30 44 1
30 45 1
30 48 1
30 50 1
30 51 1
30 52 -1
30 53 1
30 55 1
30 58 1
30 60 1
30 61 1
30 64 1
30 66 1
30 67 1
30 74 1
30 76 1
30 77 1
30 79 -1
30 82 1
30 83 1
30 84 1
30 85 -1
30 87 1
30 90 1
31 3 1
31 6 -1
31 8 1
31 10 1
31 13 1
31 19 1
31 23 1
31 25 1
31 26 1
31 28 1
31 32 1
31 33 1
31 35 1
31 38 1
31 39 1
31 40 1
31 41 1
31 43 -1
31 45 1
31 46 1
31 52 1
31 53 1
31 54 1
31 56 1
31 60 1
31 62 -1
31 64 1
31 66 -1
31 70 1
31 71 1
31 72 -1
31 73 1
31 75 1
31 76 -1
31 77 -1
31 78 1
31 79 1
31 80 -1
31 81 1
31 82 -1
31 84 1
31 85 1
31 87 1
31 89 1
31 90 1
32 1 1
32 2 -1
32 3 1
32 4 1
32 6 1
32 7 1
32 11 -1
32 14 1
32 19 1
32 20 1
32 23 1
32 26 -1
32 28 1
32 29 1
32 30 1
32 33 1
32 36 1
32 38 1
32 39 1
32 42 1
32 43 1
32 46 1
32 47 1
32 50 1
32 52 1
32 53 1
32 55 -1
32 56 1
32 59 1
32 60 1
32 61 1
32 64 1
32 71 1
32 72 1
32 74 1
32 75 1
32 76 1
32 81 -1
32 83 1
32 85 1
32 88 1
32 89 1
32 90 1
33 1 1
33 2 1
33 4 1
33 6 1
33 7 1
33 8 -1
33 10 -1
33 13 1
33 16 1
33 17 1
33 19 1
33 20 1
33 21 -1
33 23 1
33 24 -1
33 27 1
33 37 1
33 38 1
33 40 1
33 42 1
33 43 1
33 44 1
33 45 1
33 46 1
33 47 -1
33 50 -1
33 56 1
33 57 1
33 59 1
33 62 1
33 65 1
33 66 1
33 70 -1
33 71 1
33 72 1
33 80 1
33 81 1
33 82 1
33 83 1
33 85 -1
33 87 1
34 1 1
34 2 -1
34 3 1
34 4 1
34 6 1
34 7 1
34 8 -1
34 9 -1
34 10 1
34 14 1
34 15 1
34 16 1
34 18 1
34 19 1
34 21 1
34 22 -1
34 26 -1
34 28 -1
34 30 -1
34 31 1
34 32 1
34 33 1
34 37 1
34 40 1
34 41 1
34 42 1
34 47 1
34 48 1
34 52 -1
34 53 -1
34 54 1
34 55 1
34 59 1
34 60 1
34 66 1
34 71 1
34 73 1
34 76 1
34 80 -1
34 81 1
34 83 1
34 84 1
34 88 -1
34 89 1
35 1 1
35 2 1
35 4 1
35 5 1
35 6 1
35 7 1
35 8 -1
35 9 -1
35 10 1
35 13 1
35 15 -1
35 16 -1
35 18 1
35 19 1
35 29 1
35 30 -1
35 32 1
35 33 1
35 34 1
35 39 -1
35 40 1
35 43 1
35 46 1
35 47 1
35 49 1
35 50 1
35 56 1
35 61 1
35 62 1
35 64 1
35 68 1
35 69 1
35 74 -1
35 77 1
35 80 1
35 81 1
35 82 1
35 85 1
35 86 1
36 2 1
36 3 1
36 4 -1
36 9 1
36 11 1
36 12 1
36 13 1
36 15 -1
36 21 -1
36 23 1
36 24 -1
36 25 1
36 26 1
36 27 1
36 29 1
36 30 1
36 31 1
36 33 1
36 34 1
36 35 1
36 40 1
36 46 1
36 47 1
36 49 -1
36 50 -1
36 51 1
36 54 1
36 55 1
36 57 1
36 58 1
36 60 1
36 61 1
36 62 1
36 64 -1
36 65 1
36 66 1
36 69 1
36 70 1
36 73 -1
36 78 -1
36 80 1
36 82 1
36 84 1
36 87 1
36 90 -1
37 4 1
37 7 1
37 9 -1
37 10 1
37 12 1
37 14 1
37 15 1
37 16 1
37 18 1
37 20 1
37 21 1
37 22 1
37 23 1
37 24 1
37 26 1
37 28 1
37 29 1
37 31 1
37 32 -1
37 35 1
37 36 1
37 38 1
37 40 1
37 41 1
37 45 1
37 46 1
37 48 1
37 49 1
37 50 1
37 51 1
37 54 -1
37 55 1
37 57 1
37 64 1
37 67 1
37 68 1
37 71 1
37 74 1
37 75 1
37 76 1
37 77 1
37 78 1
37 81 1
37 84 1
37 85 1
37 86 1
37 88 1
37 89 1
38 1 1
38 2 1
38 3 1
38 4 1
38 6 1
38 8 1
38 10 1
38 11 1
38 13 1
38 18 -1
38 19 1
38 20 1
38 22 1
38 24 1
38 26 1
38 27 1
38 34 1
38 35 1
38 36 1
38 41 -1
38 42 1
38 50 1
38 51 1
38 53 1
38 56 1
38 57 1
38 59 1
38 60 1
38 63 1
38 64 1
38 65 1
38 66 1
38 72 1
38 74 1
38 76 1
38 77 1
38 78 1
38 80 1
38 81 1
38 82 1
38 83 -1
38 84 1
38 86 1
38 88 1
38 89 1
39 1 -1
39 4 -1
39 5 1
39 6 -1
39 7 1
39 9 1
39 10 1
39 11 -1
39 12 1
39 14 1
39 15 -1
39 16 -1
39 17 1
39 19 1
39 21 1
39 22 1
39 23 -1
39 25 1
39 28 1
39 29 1
39 30 1
39 33 1
39 34 -1
39 36 1
39 37 1
39 38 1
39 42 -1
39 43 1
39 45 1
39 48 1
39 49 1
39 52 1
39 55 1
39 58 1
39 59 -1
39 60 1
39 61 1
39 63 1
39 64 -1
39 66 1
39 68 1
39 69 1
39 70 1
39 75 1
39 78 1
39 82 1
39 84 1
39 85 -1
39 88 1
39 89 1
39 90 1
40 4 1
40 5 -1
40 8 1
40 10 1
40 11 1
40 15 1
40 19 1
40 21 1
40 22 -1
40 24 1
40 26 1
40 28 -1
40 29 1
40 32 1
40 38 1
40 39 1
40 41 1
40 47 -1
40 50 -1
40 51 -1
40 52 -1
40 53 1
40 54 1
40 55 1
40 56 1
40 57 -1
40 59 -1
40 61 1
40 62 1
40 63 1
40 68 1
40 69 1
40 70 1
40 71 1
40 72 -1
40 74 1
40 75 1
40 77 1
40 78 1
40 80 1
40 81 1
40 83 1
40 85 -1
40 89 1
40 90 1
41 1 -1
41 4 1
41 8 1
41 9 1
41 11 1
41 12 1
41 14 1
41 15 1
41 19 1
41 20 -1
41 21 1
41 23 1
41 24 1
41 29 -1
41 30 1
41 32 1
41 33 1
41 35 1
41 36 1
41 39 1
41 42 1
41 43 1
41 44 -1
41 45 1
41 46 -1
41 48 1
41 49 1
41 54 1
41 62 1
41 64 1
41 65 1
41 66 1
41 68 1
41 69 1
41 70 1
41 71 -1
41 75 1
41 76 -1
41 77 -1
41 78 -1
41 81 1
41 82 1
41 83 -1
41 86 -1
41 88 1
41 90 1
42 1 1
42 6 1
42 7 1
42 9 -1
42 10 1
42 11 1
42 15 1
42 20 1
42 21 1
42 23 1
42 24 1
42 26 -1
42 29 1
42 30 1
42 31 1
42 35 1
42 36 1
42 37 1
42 40 -1
42 43 1
42 44 1
42 45 1
42 46 -1
42 47 1
42 52 -1
42 53 1
42 57 -1
42 58 1
42 59 -1
42 64 1
42 65 1
42 69 1
42 70 1
42 78 1
42 83 1
42 88 1
42 89 1
43 1 1
43 5 1
43 6 1
43 13 -1
43 17 1
43 19 1
43 20 1
43 23 1
43 24 1
43 26 1
43 27 1
43 29 1
43 30 1
43 34 1
43 36 1
43 37 1
43 38 1
43 40 1
43 45 1
43 49 1
43 50 1
43 52 1
43 56 1
43 57 1
43 58 1
43 59 -1
43 62 1
43 63 1
43 64 1
43 66 1
43 68 1
43 70 1
43 72 1
43 75 -1
43 76 1
43 77 1
43 78 1
43 84 1
43 89 1
43 90 1
44 1 1
44 2 -1
44 3 1
44 5 1
44 6 1
44 7 -1
44 8 1
44 12 1
44 15 1
44 16 1
44 18 -1
44 19 1
44 20 1
44 23 1
44 29 1
44 31 1
44 32 1
44 34 1
44 35 1
44 36 1
44 37 1
44 38 1
44 39 1
44 40 1
44 43 1
44 45 1
44 46 -1
44 47 -1
44 57 1
44 59 1
44 60 1
44 61 1
44 64 1
44 66 1
44 67 1
44 68 1
44 69 -1
44 70 1
44 71 -1
44 72 1
44 76 -1
44 77 1
44 80 -1
44 83 1
44 85 1
44 86 1
44 87 1
44 88 1
44 89 -1
44 90 -1
45 2 1
45 3 1
45 4 1
45 6 1
45 10 1
45 12 1
45 17 1
45 19 1
45 21 1
45 26 -1
45 27 1
45 29 1
45 32 -1
45 34 1
45 35 1
45 36 -1
45 38 -1
45 40 -1
45 47 1
45 48 1
45 49 1
45 50 1
45 51 1
45 53 1
45 57 1
45 58 1
45 63 -1
45 64 1
45 67 1
45 69 -1
45 70 1
45 71 1
45 72 1
45 74 1
45 75 1
45 76 1
45 78 -1
45 81 1
45 82 1
45 83 1
45 84 -1
45 87 1
45 90 1
46 1 1
46 3 -1
46 4 1
46 7 1
46 9 -1
46 10 -1
46 11 1
46 12 1
46 14 1
46 15 1
46 16 1
46 18 1
46 21 1
46 23 1
46 25 1
46 28 1
46 30 1
46 34 1
46 38 1
46 39 1
46 40 1
46 43 1
46 45 1
46 48 -1
46 49 1
46 51 1
46 54 1
46 58 1
46 60 1
46 64 1
46 65 1
46 70 1
46 71 1
46 72 -1
46 75 1
46 76 1
46 77 1
46 78 -1
46 80 1
46 81 1
46 85 1
46 86 1
46 88 -1
46 89 -1
46 90 1
47 2 -1
47 8 -1
47 11 1
47 13 -1
47 16 1
47 18 1
47 20 1
47 21 1
47 22 -1
47 23 1
47 24 1
47 26 1
47 28 1
47 30 -1
47 31 1
47 37 1
47 38 1
47 39 1
47 41 1
47 43 1
47 46 1
47 50 1
47 53 1
47 54 1
47 55 1
47 56 1
47 58 1
47 59 1
47 60 1
47 61 1
47 62 1
47 63 1
47 64 1
47 65 -1
47 68 1
47 71 -1
47 72 -1
47 73 -1
47 74 -1
47 77 1
47 79 1
47 82 1
47 83 1
47 88 1
48 1 1
48 2 1
48 4 1
48 6 1
48 13 1
48 16 1
48 18 1
48 22 1
48 24 -1
48 25 1
48 26 -1
48 27 -1
48 28 -1
48 31 -1
48 32 -1
48 33 1
48 35 1
48 36 1
48 38 1
48 40 1
48 42 -1
48 43 -1
48 44 1
48 47 1
48 51 1
48 53 1
48 55 1
48 57 1
48 60 1
48 61 1
48 63 1
48 70 -1
48 71 -1
48 75 1
48 76 1
48 77 1
48 78 1
48 81 1
48 82 1
48 85 1
48 86 1
48 89 -1
48 90 -1
49 3 -1
49 5 -1
49 6 1
49 8 1
49 13 1
49 14 1
49 15 1
49 17 1
49 20 1
49 22 -1
49 24 1
49 27 1
49 30 1
49 31 -1
49 32 1
49 33 -1
49 34 1
49 38 1
49 40 -1
49 42 1
49 44 1
49 47 1
49 48 1
49 50 -1
49 53 1
49 55 1
49 56 1
49 59 -1
49 61 1
49 62 1
49 63 -1
49 64 1
49 67 1
49 68 1
49 70 1
49 72 1
49 73 1
49 74 1
49 75 1
49 76 -1
49 77 -1
49 78 1
49 80 1
49 83 1
49 84 1
49 85 1
49 87 1
49 90 1
50 2 1
50 5 -1
50 6 1
50 7 1
50 8 1
50 9 1
50 13 -1
50 17 1
50 18 1
50 19 1
50 20 -1
50 22 1
50 23 1
50 24 1
50 29 -1
50 31 1
50 34 1
50 39 -1
50 41 1
50 42 1
50 44 1
50 46 1
50 48 1
50 51 1
50 54 -1
50 57 1
50 58 1
50 60 1
50 61 -1
50 62 1
50 64 1
50 68 1
50 74 1
50 77 -1
50 79 1
50 80 1
50 81 -1
50 82 1
50 84 -1
50 85 1
50 87 1
50 88 1
51 3 1
51 5 1
51 6 -1
51 8 1
51 10 1
51 18 -1
51 20 1
51 22 1
51 24 1
51 25 1
51 28 1
51 31 1
51 32 1
51 33 1
51 34 1
51 35 1
51 39 1
51 41 1
51 42 1
51 43 1
51 44 1
51 47 1
51 49 -1
51 53 1
51 63 -1
51 64 1
51 66 -1
51 67 -1
51 68 -1
51 69 1
51 70 1
51 73 1
51 74 1
51 75 -1
51 77 1
51 79 1
51 80 1
51 81 -1
51 82 1
51 84 1
51 85 1
51 86 1
51 88 1
52 4 1
52 5 1
52 6 1
52 11 1
52 12 1
52 13 1
52 16 1
52 19 1
52 20 1
52 21 1
52 23 1
52 24 1
52 26 1
52 29 1
52 33 1
52 35 1
52 36 -1
52 37 1
52 38 1
52 41 1
52 44 1
52 45 1
52 46 1
52 47 -1
52 48 1
52 49 1
52 50 1
52 51 1
52 55 -1
52 56 -1
52 58 1
52 60 1
52 65 1
52 68 -1
52 70 1
52 71 1
52 72 1
52 73 1
52 75 -1
52 76 1
52 77 1
52 78 -1
52 79 -1
52 80 1
52 84 1
52 85 -1
52 89 1
53 3 1
53 7 1
53 8 1
53 13 1
53 14 1
53 17 -1
53 19 1
53 21 -1
53 24 1
53 28 -1
53 33 1
53 35 1
53 36 -1
53 37 -1
53 39 1
53 41 1
53 43 1
53 44 1
53 46 1
53 50 1
53 52 1
53 54 1
53 55 1
53 56 1
53 58 1
53 63 1
53 64 1
53 65 1
53 66 -1
53 70 1
53 71 1
53 73 1
53 74 1
53 78 1
53 79 1
53 80 -1
53 81 -1
53 84 1
53 88 1
53 90 1
54 4 1
54 6 -1
54 7 1
54 8 1
54 13 1
54 14 1
54 16 -1
54 17 1
54 18 1
54 19 1
54 20 1
54 22 -1
54 24 1
54 26 1
54 27 1
54 30 1
54 32 1
54 33 1
54 35 1
54 38 1
54 39 -1
54 42 1
54 43 1
54 44 1
54 45 1
54 48 1
54 49 -1
54 51 1
54 52 1
54 56 1
54 60 1
54 62 1
54 63 1
54 67 -1
54 71 1
54 72 1
54 74 1
54 75 1
54 76 1
54 77 1
54 80 1
54 82 1
54 83 1
54 84 1
54 86 1
54 88 1
54 89 -1
54 90 1
55 3 1
55 5 1
55 9 1
55 15 1
55 17 1
55 20 1
55 22 1
55 29 1
55 31 1
55 33 1
55 35 1
55 38 1
55 41 1
55 42 1
55 43 1
55 44 -1
55 45 1
55 46 1
55 50 1
55 51 1
55 54 1
55 59 1
55 61 1
55 62 -1
55 63 1
55 66 1
55 67 1
55 69 1
55 71 1
55 74 1
55 75 1
55 77 1
55 80 1
55 81 1
55 82 1
55 85 1
55 87 1
55 88 1
55 89 -1
56 2 1
56 6 1
56 7 1
56 9 1
56 10 1
56 13 1
56 14 1
56 16 1
56 17 -1
56 18 1
56 20 1
56 23 -1
56 27 1
56 28 -1
56 29 1
56 30 1
56 34 -1
56 36 -1
56 37 1
56 39 1
56 41 1
56 42 1
56 44 1
56 45 1
56 46 1
56 48 -1
56 50 1
56 51 1
56 55 1
56 58 1
56 59 -1
56 60 -1
56 64 1
56 66 1
56 67 1
56 71 1
56 73 1
56 74 1
56 75 -1
56 77 1
56 79 1
56 82 -1
56 84 1
56 85 1
56 87 1
56 89 1
56 90 1
57 2 -1
57 3 -1
57 4 1
57 5 1
57 15 1
57 16 1
57 17 1
57 22 1
57 23 -1
57 24 -1
57 25 -1
57 26 1
57 28 1
57 29 -1
57 30 1
57 31 1
57 32 1
57 34 -1
57 35 1
57 39 -1
57 41 1
57 46 1
57 47 1
57 49 -1
57 51 1
57 52 -1
57 53 1
57 54 1
57 55 -1
57 56 1
57 58 -1
57 60 1
57 61 1
57 62 -1
57 63 1
57 66 -1
57 68 1
57 69 1
57 70 1
57 72 -1
57 73 -1
57 74 1
57 76 1
57 77 1
57 78 1
57 79 1
57 80 1
57 83 -1
57 87 1
57 90 1
58 2 -1
58 5 1
58 8 1
58 9 -1
58 10 1
58 11 1
58 12 1
58 13 1
58 15 1
58 16 1
58 17 1
58 18 1
58 21 1
58 22 1
58 23 1
58 28 1
58 29 1
58 31 1
58 32 1
58 33 -1
58 34 1
58 35 1
58 37 1
58 38 1
58 40 1
58 41 1
58 44 -1
58 48 1
58 49 -1
58 51 1
58 54 1
58 55 -1
58 59 -1
58 61 1
58 63 1
58 64 -1
58 65 1
58 66 1
58 67 1
58 78 1
58 82 -1
58 84 1
58 85 1
58 90 1
59 5 1
59 6 1
59 7 -1
59 8 -1
59 9 1
59 10 -1
59 11 -1
59 12 1
59 13 -1
59 14 1
59 15 1
59 17 -1
59 19 1
59 20 1
59 22 1
59 27 1
59 28 -1
59 29 1
59 30 1
59 31 1
59 35 1
59 36 1
59 37 1
59 41 1
59 45 1
59 46 1
59 48 -1
59 50 1
59 51 -1
59 52 -1
59 53 1
59 54 1
59 57 1
59 60 1
59 61 -1
59 63 1
59 64 1
59 65 1
59 66 1
59 73 1
59 74 1
59 76 1
59 78 -1
59 83 -1
59 84 -1
59 87 1
60 1 1
60 2 1
60 3 1
60 9 -1
60 10 -1
60 11 1
60 13 1
60 15 1
60 17 1
60 18 -1
60 19 1
60 21 1
60 22 1
60 24 1
60 27 1
60 29 1
60 33 1
60 35 -1
60 37 1
60 40 1
60 41 1
60 42 -1
60 43 1
60 45 1
60 49 -1
60 51 1
60 53 -1
60 55 1
60 58 1
60 61 1
60 65 1
60 66 1
60 67 1
60 68 1
60 69 1
60 75 -1
60 76 1
60 79 -1
60 81 1
60 82 1
60 83 -1
60 84 1
60 85 1
60 86 -1
60 87 1
60 88 1
61 3 1
61 5 1
61 7 1
61 9 1
61 11 1
61 14 -1
61 18 1
61 20 1
61 24 1
61 25 1
61 26 1
61 27 -1
61 31 1
61 33 1
61 34 1
61 37 1
61 38 1
61 41 1
61 42 1
61 43 1
61 45 1
61 46 1
61 51 -1
61 52 1
61 53 1
61 54 -1
61 56 -1
61 62 1
61 64 1
61 65 1
61 68 1
61 69 1
61 70 1
61 72 1
61 77 1
61 78 -1
61 79 1
61 80 1
61 81 -1
61 86 1
61 90 1
62 3 1
62 5 1
62 6 -1
62 8 1
62 9 1
62 11 1
62 12 1
62 13 1
62 14 1
62 17 1
62 20 1
62 21 1
62 23 -1
62 24 -1
62 25 1
62 28 1
62 30 -1
62 32 1
62 34 1
62 37 1
62 38 1
62 39 1
62 42 1
62 44 1
62 45 1
62 46 1
62 48 1
62 51 1
62 52 1
62 53 -1
62 56 1
62 58 1
62 59 1
62 60 1
62 65 -1
62 66 1
62 71 1
62 72 1
62 73 1
62 75 1
62 78 1
62 79 1
62 82 1
62 84 1
62 85 1
62 88 1
63 1 1
63 2 1
63 7 1
63 12 1
63 13 1
63 14 1
63 17 1
63 19 1
63 21 1
63 22 1
63 24 1
63 26 1
63 27 -1
63 30 1
63 31 1
63 32 1
63 33 1
63 34 1
63 35 1
63 36 -1
63 37 1
63 41 1
63 42 1
63 44 1
63 46 1
63 50 1
63 52 1
63 56 -1
63 60 -1
63 61 -1
63 62 1
63 64 1
63 65 -1
63 66 -1
63 68 1
63 70 -1
63 71 1
63 75 1
63 78 1
63 79 1
63 81 1
63 82 1
63 83 1
63 88 -1
64 7 1
64 10 -1
64 16 1
64 17 1
64 20 1
64 23 1
64 26 1
64 28 -1
64 33 1
64 34 -1
64 40 1
64 48 1
64 52 1
64 54 -1
64 55 1
64 57 1
64 60 1
64 62 1
64 67 1
64 68 1
64 69 1
64 71 1
64 78 1
64 81 1
64 84 1
64 87 1
64 88 1
65 1 1
65 2 -1
65 4 1
65 5 1
65 7 -1
65 8 1
65 10 -1
65 11 -1
65 13 1
65 17 1
65 19 1
65 22 1
65 23 1
65 25 1
65 28 1
65 29 1
65 30 -1
65 31 1
65 32 1
65 34 1
65 35 1
65 37 1
65 39 1
65 40 -1
65 43 1
65 44 -1
65 45 1
65 48 1
65 49 1
65 50 -1
65 51 1
65 54 1
65 55 1
65 56 1
65 57 -1
65 64 1
65 69 1
65 71 1
65 72 1
65 74 -1
65 75 -1
65 76 1
65 77 1
65 80 1
65 82 1
65 84 1
65 85 1
65 86 -1
65 88 1
65 90 1
66 1 1
66 2 1
66 3 1
66 4 -1
66 5 1
66 17 -1
66 19 1
66 23 1
66 26 1
66 27 1
66 28 1
66 32 1
66 35 1
66 37 1
66 40 1
66 42 1
66 45 1
66 46 1
66 47 1
66 48 1
66 49 1
66 50 1
66 52 1
66 54 1
66 61 1
66 64 1
66 65 1
66 67 1
66 68 1
66 74 1
66 78 -1
66 79 -1
66 80 1
66 83 1
66 84 1
66 86 1
66 87 1
66 88 1
67 1 1
67 6 1
67 7 1
67 8 1
67 10 1
67 11 1
67 13 1
67 18 1
67 20 -1
67 23 1
67 25 1
67 26 -1
67 28 -1
67 31 1
67 32 1
67 33 -1
67 34 -1
67 35 1
67 36 -1
67 38 1
67 39 1
67 40 1
67 41 1
67 42 1
67 43 1
67 46 1
67 47 1
67 48 -1
67 50 1
67 52 1
67 53 1
67 57 -1
67 59 -1
67 61 1
67 62 1
67 63 -1
67 65 -1
67 68 1
67 69 1
67 71 1
67 73 -1
67 80 1
67 82 1
67 84 1
67 85 -1
67 87 1
67 88 -1
67 89 1
68 5 1
68 10 1
68 11 1
68 12 1
68 19 1
68 20 -1
68 24 1
68 28 -1
68 29 -1
68 30 1
68 31 -1
68 32 1
68 33 1
68 34 1
68 36 1
68 38 1
68 42 1
68 45 1
68 46 -1
68 48 -1
68 53 1
68 54 1
68 55 1
68 56 -1
68 58 1
68 59 1
68 62 1
68 65 -1
68 69 1
68 71 1
68 74 1
68 75 1
68 76 1
68 82 1
68 83 1
68 85 1
68 87 1
68 88 1
69 1 1
69 2 -1
69 4 1
69 14 -1
69 18 1
69 19 1
69 20 1
69 23 1
69 24 1
69 25 1
69 26 1
69 27 1
69 29 1
69 30 1
69 31 1
69 32 1
69 33 1
69 34 -1
69 37 1
69 38 1
69 43 1
69 46 -1
69 47 1
69 48 -1
69 49 1
69 50 1
69 52 1
69 53 1
69 54 1
69 56 1
69 58 1
69 59 1
69 62 1
69 63 -1
69 66 1
69 70 1
69 72 1
69 73 1
69 74 1
69 79 1
69 80 1
69 82 1
69 83 1
69 88 1
69 90 1
70 3 1
70 10 1
70 11 1
70 12 1
70 13 1
70 14 -1
70 15 1
70 21 1
70 22 1
70 23 1
70 26 1
70 28 1
70 30 -1
70 32 1
70 34 1
70 35 1
70 37 1
70 38 1
70 47 1
70 50 1
70 54 1
70 55 1
70 56 -1
70 58 1
70 59 1
70 60 1
70 62 1
70 64 -1
70 65 1
70 66 -1
70 67 -1
70 68 1
70 72 1
70 74 1
70 76 1
70 78 1
70 82 1
70 85 1
70 86 1
70 87 1
70 90 1
71 1 1
71 5 -1
71 9 1
71 10 1
71 13 1
71 18 -1
71 23 1
71 24 1
71 29 1
71 30 1
71 35 -1
71 36 1
71 38 1
71 39 -1
71 42 1
71 43 -1
71 49 1
71 50 1
71 51 1
71 57 1
71 58 1
71 59 1
71 60 -1
71 61 -1
71 66 -1
71 69 1
71 70 1
71 76 1
71 77 1
71 79 -1
71 81 1
71 82 1
71 85 -1
71 87 1
71 89 1
72 1 1
72 2 1
72 4 1
72 5 1
72 6 -1
72 7 1
72 8 1
72 9 1
72 14 1
72 16 -1
72 19 1
72 21 1
72 23 1
72 24 1
72 25 -1
72 26 1
72 29 1
72 30 -1
72 34 1
72 35 1
72 36 1
72 37 1
72 39 1
72 41 1
72 42 1
72 48 1
72 50 1
72 51 -1
72 53 1
72 55 1
72 56 1
72 58 1
72 59 1
72 60 -1
72 63 1
72 64 1
72 66 -1
72 67 1
72 68 1
72 71 1
72 73 1
72 78 1
72 79 -1
72 80 1
72 84 1
72 85 1
72 87 -1
72 88 1
72 89 1
72 90 1
73 2 1
73 7 1
73 8 1
73 9 -1
73 13 1
73 15 1
73 17 -1
73 18 1
73 20 1
73 22 1
73 24 1
73 25 1
73 26 1
73 28 1
73 29 1
73 30 -1
73 32 -1
73 33 -1
73 35 -1
73 37 1
73 38 1
73 39 1
73 40 1
73 41 1
73 42 1
73 43 1
73 44 1
73 45 1
73 46 1
73 48 1
73 50 1
73 54 1
73 55 -1
73 58 1
73 60 1
73 61 1
73 63 1
73 64 1
73 65 1
73 66 1
73 68 1
73 70 1
73 71 1
73 76 1
73 77 1
73 78 1
73 79 -1
73 82 1
73 83 -1
73 84 -1
73 87 -1
73 88 -1
73 89 1
74 1 1
74 2 1
74 3 1
74 5 1
74 7 1
74 10 -1
74 12 1
74 15 1
74 16 -1
74 21 1
74 23 1
74 28 1
74 31 1
74 33 1
74 34 1
74 36 1
74 39 1
74 41 1
74 42 1
74 43 -1
74 44 1
74 46 1
74 48 1
74 52 1
74 58 1
74 60 1
74 61 1
74 62 1
74 63 1
74 64 1
74 67 -1
74 71 1
74 72 1
74 73 -1
74 77 1
74 81 -1
74 82 1
74 83 1
74 85 1
74 87 1
75 3 1
75 6 1
75 7 1
75 9 -1
75 10 1
75 13 1
75 19 1
75 20 1
75 22 1
75 23 1
75 24 1
75 25 1
75 27 1
75 30 1
75 33 1
75 34 1
75 35 -1
75 36 1
75 38 -1
75 42 1
75 44 -1
75 47 1
75 50 1
75 53 1
75 57 1
75 58 1
75 59 1
75 61 1
75 64 1
75 66 1
75 67 1
75 69 -1
75 70 1
75 71 1
75 72 1
75 73 1
75 74 -1
75 76 -1
75 82 -1
75 84 1
75 88 1
76 1 -1
76 2 1
76 5 1
76 6 1
76 7 1
76 11 1
76 13 1
76 16 1
76 17 -1
76 20 -1
76 21 1
76 23 1
76 26 1
76 27 1
76 28 1
76 33 1
76 35 1
76 36 1
76 39 1
76 40 1
76 42 1
76 47 1
76 50 1
76 51 1
76 53 -1
76 55 1
76 56 1
76 58 1
76 61 1
76 62 1
76 63 1
76 64 1
76 66 1
76 67 1
76 69 1
76 72 -1
76 74 1
76 77 -1
76 80 1
76 81 1
76 86 1
77 1 1
77 7 -1
77 10 1
77 11 1
77 12 1
77 13 1
77 14 1
77 16 1
77 18 -1
77 22 1
77 24 -1
77 29 1
77 32 1
77 33 1
77 34 1
77 36 1
77 39 1
77 42 1
77 45 1
77 53 1
77 58 -1
77 59 -1
77 60 1
77 62 1
77 63 1
77 64 1
77 66 1
77 67 1
77 68 1
77 69 1
77 70 -1
77 72 -1
77 75 1
77 78 -1
77 79 1
77 81 1
77 84 1
77 85 -1
77 86 1
77 87 1
78 5 1
78 9 1
78 10 1
78 14 -1
78 16 1
78 20 1
78 22 1
78 26 1
78 27 1
78 30 1
78 32 1
78 33 1
78 34 1
78 35 -1
78 44 1
78 47 1
78 50 1
78 51 1
78 54 1
78 55 1
78 56 1
78 60 1
78 65 -1
78 67 1
78 68 1
78 69 1
78 71 1
78 74 1
78 75 -1
78 76 1
78 80 1
78 81 1
78 83 1
78 84 -1
78 85 1
78 86 1
78 87 1
78 90 1
79 2 1
79 3 1
79 5 1
79 11 1
79 12 1
79 13 1
79 15 1
79 16 1
79 17 1
79 19 1
79 20 1
79 25 1
79 28 -1
79 29 1
79 32 -1
79 33 1
79 34 1
79 35 1
79 36 1
79 37 1
79 38 -1
79 39 1
79 40 1
79 41 -1
79 42 1
79 43 1
79 44 1
79 45 1
79 46 -1
79 48 -1
79 49 1
79 54 1
79 55 -1
79 58 1
79 59 1
79 64 1
79 65 1
79 67 1
79 68 1
79 70 1
79 74 -1
79 75 1
79 76 1
79 78 1
79 82 1
79 83 1
79 84 1
79 86 1
79 87 -1
79 88 1
80 1 1
80 2 1
80 3 1
80 4 1
80 5 1
80 6 1
80 7 1
80 9 1
80 10 1
80 12 1
80 17 -1
80 18 1
80 21 1
80 25 -1
80 27 -1
80 28 1
80 29 1
80 30 1
80 32 -1
80 37 1
80 39 1
80 41 -1
80 42 1
80 43 1
80 45 -1
80 47 1
80 48 1
80 56 -1
80 58 1
80 59 1
80 60 1
80 62 1
80 63 1
80 64 1
80 68 -1
80 70 1
80 71 1
80 73 1
80 74 1
80 75 1
80 77 -1
80 79 1
80 81 -1
80 82 1
80 83 -1
80 84 1
80 86 1
80 87 1
80 88 -1
80 89 1
81 1 1
81 3 1
81 6 1
81 7 -1
81 8 1
81 9 1
81 10 1
81 11 1
81 13 1
81 14 -1
81 17 1
81 18 1
81 20 -1
81 25 -1
81 26 -1
81 28 -1
81 30 1
81 36 1
81 39 1
81 42 1
81 43 -1
81 44 -1
81 47 -1
81 49 1
81 52 -1
81 54 1
81 56 1
81 57 1
81 58 1
81 59 -1
81 62 1
81 65 1
81 66 1
81 67 -1
81 68 1
81 69 -1
81 70 1
81 72 1
81 73 1
81 75 1
81 79 -1
81 83 1
81 85 1
81 87 1
81 89 1
81 90 1
82 4 1
82 6 1
82 11 -1
82 16 -1
82 17 -1
82 21 1
82 23 1
82 24 -1
82 25 -1
82 27 1
82 28 1
82 32 1
82 34 1
82 37 1
82 40 1
82 42 1
82 43 1
82 44 1
82 46 1
82 49 1
82 52 -1
82 53 1
82 57 1
82 59 1
82 61 1
82 64 1
82 66 1
82 72 1
82 76 -1
82 77 1
82 78 1
82 81 1
82 83 1
82 84 1
82 85 1
82 86 1
82 88 1
83 1 1
83 2 1
83 3 -1
83 4 1
83 5 1
83 6 -1
83 8 1
83 11 1
83 14 1
83 15 -1
83 17 1
83 18 1
83 19 1
83 22 1
83 23 1
83 26 1
83 27 1
83 28 1
83 31 1
83 35 1
83 36 1
83 37 -1
83 39 1
83 43 1
83 46 1
83 48 1
83 50 1
83 51 1
83 52 1
83 53 1
83 55 1
83 56 1
83 58 1
83 61 1
83 62 1
83 64 -1
83 65 1
83 67 1
83 70 1
83 71 1
83 72 1
83 75 1
83 76 1
83 77 -1
83 87 -1
83 90 1
84 4 1
84 6 1
84 7 1
84 9 1
84 11 1
84 12 1
84 13 -1
84 14 1
84 15 -1
84 17 1
84 19 1
84 20 -1
84 21 1
84 22 1
84 24 1
84 25 1
84 26 1
84 27 1
84 28 1
84 29 1
84 32 1
84 33 1
84 35 1
84 40 1
84 41 -1
84 42 1
84 44 1
84 46 1
84 47 1
84 48 1
84 55 1
84 57 1
84 61 1
84 63 1
84 68 1
84 69 1
84 70 1
84 71 -1
84 74 1
84 76 -1
84 81 1
84 83 1
84 86 -1
84 87 -1
84 88 1
84 89 1
84 90 1
85 1 -1
85 2 1
85 3 1
85 4 1
85 7 1
85 8 1
85 9 1
85 13 -1
85 15 1
85 16 1
85 18 1
85 19 1
85 20 1
85 21 1
85 22 1
85 23 1
85 24 -1
85 26 1
85 29 1
85 34 -1
85 36 1
85 38 1
85 41 1
85 42 1
85 43 -1
85 45 1
85 47 1
85 53 1
85 54 1
85 57 1
85 59 1
85 61 1
85 63 1
85 64 1
85 66 1
85 69 1
85 73 1
85 75 1
85 76 1
85 79 -1
85 80 1
85 83 1
85 84 1
85 88 -1
85 89 1
86 2 1
86 3 1
86 4 1
86 6 1
86 8 1
86 12 1
86 13 1
86 15 1
86 25 -1
86 26 1
86 28 1
86 29 1
86 30 1
86 31 1
86 32 1
86 33 1
86 34 1
86 36 1
86 39 1
86 40 1
86 42 1
86 43 1
86 45 1
86 47 1
86 49 1
86 50 1
86 52 1
86 53 1
86 55 1
86 56 1
86 57 1
86 58 -1
86 59 1
86 62 1
86 63 1
86 64 -1
86 67 1
86 68 -1
86 69 1
86 71 1
86 72 1
86 73 1
86 74 -1
86 75 -1
86 81 1
86 83 -1
86 85 1
86 87 1
86 89 -1
87 1 1
87 4 1
87 8 1
87 9 1
87 14 1
87 16 1
87 18 -1
87 19 -1
87 20 1
87 22 1
87 24 1
87 27 1
87 29 1
87 32 1
87 34 1
87 35 1
87 37 1
87 38 1
87 39 -1
87 40 1
87 41 1
87 42 1
87 43 -1
87 46 1
87 47 1
87 48 -1
87 51 1
87 52 1
87 53 1
87 54 1
87 58 -1
87 61 1
87 62 1
87 63 1
87 65 1
87 69 1
87 75 -1
87 76 1
87 82 1
87 85 1
87 88 -1
88 3 1
88 6 -1
88 7 1
88 8 1
88 9 1
88 10 1
88 11 -1
88 12 1
88 13 -1
88 14 1
88 15 1
88 16 1
88 17 1
88 18 1
88 20 1
88 21 1
88 23 1
88 24 1
88 27 1
88 28 -1
88 29 1
88 30 1
88 31 1
88 33 1
88 35 1
88 36 1
88 40 1
88 43 -1
88 45 1
88 48 1
88 49 1
88 52 1
88 56 1
88 57 1
88 58 1
88 59 1
88 61 1
88 70 -1
88 71 -1
88 74 1
88 76 1
88 77 -1
88 78 1
88 81 1
88 83 1
88 86 1
88 89 1
89 3 1
89 4 1
89 6 1
89 7 1
89 8 1
89 9 1
89 10 1
89 11 1
89 12 1
89 13 -1
89 14 1
89 15 -1
89 17 -1
89 19 1
89 21 1
89 24 1
89 25 1
89 27 1
89 29 -1
89 30 1
89 33 1
89 35 1
89 36 1
89 41 1
89 45 1
89 47 1
89 49 1
89 50 1
89 51 -1
89 53 1
89 57 1
89 58 -1
89 59 1
89 60 1
89 61 1
89 62 1
89 63 1
89 64 -1
89 65 1
89 66 1
89 68 1
89 69 1
89 70 1
89 74 -1
89 75 1
89 76 -1
89 77 -1
89 78 1
89 79 1
89 82 1
89 83 1
89 87 -1
90 2 1
90 4 1
90 6 1
90 7 1
90 8 1
90 12 1
90 13 1
90 14 -1
90 15 -1
90 17 1
90 18 1
90 20 1
90 21 1
90 23 -1
90 24 1
90 25 1
90 27 1
90 33 1
90 34 1
90 35 1
90 37 -1
90 38 1
90 42 -1
90 47 1
90 50 -1
90 51 -1
90 52 1
90 55 1
90 59 1
90 60 1
90 62 -1
90 63 1
90 64 1
90 66 1
90 67 1
90 68 1
90 71 1
90 73 1
90 74 1
90 75 1
90 76 1
90 77 1
90 79 -1
90 80 1
90 82 1
90 85 -1
90 86 1
90 87 -1
90 88 -1
90 89 -1
