vertices: 50 edges: 1225
1 2 -1
1 3 -1
1 6 -1
1 9 -1
1 13 -1
1 15 -1
1 16 -1
1 18 1
1 21 -1
1 24 -1
1 26 -1
1 33 -1
1 38 -1
1 39 -1
1 42 -1
1 43 -1
1 44 -1
1 46 -1
1 48 -1
1 49 -1
2 3 1
2 6 -1
2 9 -1
2 11 -1
2 14 1
2 15 -1
2 16 -1
2 17 -1
2 18 -1
2 19 -1
2 20 -1
2 21 -1
2 23 -1
2 24 1
2 25 -1
2 26 -1
2 27 1
2 28 1
2 29 -1
2 31 -1
2 33 -1
2 34 1
2 35 1
2 36 -1
2 39 -1
2 40 -1
2 42 1
2 43 -1
2 44 -1
2 45 -1
2 49 -1
2 50 -1
3 8 -1
3 11 -1
3 17 -1
3 19 1
3 20 -1
3 26 -1
3 29 -1
3 30 1
3 32 -1
3 34 1
3 35 -1
3 39 1
3 41 1
3 43 -1
3 44 -1
3 45 -1
3 46 -1
3 49 -1
3 50 -1
4 1 -1
4 2 -1
4 3 1
4 5 -1
4 6 1
4 8 -1
4 9 -1
4 10 -1
4 12 1
4 13 -1
4 14 1
4 15 -1
4 17 1
4 21 1
4 23 -1
4 25 -1
4 26 -1
4 28 -1
4 29 -1
4 33 -1
4 37 -1
4 38 1
4 43 -1
4 44 -1
4 47 -1
5 1 1
5 2 -1
5 3 -1
5 8 -1
5 10 -1
5 11 -1
5 18 1
5 22 1
5 23 -1
5 24 1
5 27 -1
5 29 -1
5 30 1
5 31 1
5 32 -1
5 34 -1
5 37 -1
5 38 -1
5 39 -1
5 42 -1
5 43 1
5 45 -1
5 46 -1
5 49 -1
5 50 1
6 3 -1
6 5 1
6 7 -1
6 8 -1
6 9 -1
6 10 -1
6 14 -1
6 15 1
6 19 -1
6 21 -1
6 22 -1
6 23 -1
6 24 1
6 26 -1
6 27 -1
6 28 -1
6 30 -1
6 33 -1
6 36 1
6 37 -1
6 38 -1
6 39 -1
6 41 -1
6 43 -1
6 44 -1
6 47 -1
6 49 1
7 1 -1
7 2 1
7 3 -1
7 4 1
7 5 -1
7 8 -1
7 9 -1
7 13 -1
7 17 -1
7 20 -1
7 25 -1
7 27 -1
7 29 -1
7 31 -1
7 32 -1
7 34 -1
7 39 -1
7 41 -1
7 43 -1
7 46 -1
7 47 -1
7 48 -1
7 49 -1
8 1 -1
8 2 -1
8 9 -1
8 10 -1
8 12 -1
8 16 -1
8 17 -1
8 23 1
8 25 -1
8 28 -1
8 31 -1
8 32 -1
8 34 -1
8 36 1
8 39 -1
8 41 -1
8 42 -1
8 43 -1
8 44 1
8 45 -1
8 46 -1
8 47 1
8 50 -1
9 3 -1
9 5 -1
9 10 -1
9 12 -1
9 13 -1
9 15 -1
9 16 -1
9 18 -1
9 20 1
9 21 -1
9 22 -1
9 23 -1
9 24 -1
9 26 -1
9 31 -1
9 32 -1
9 36 -1
9 37 -1
9 40 -1
9 41 -1
9 42 -1
9 44 1
9 45 -1
9 48 -1
9 49 -1
9 50 -1
10 1 -1
10 2 -1
10 3 1
10 7 -1
10 11 -1
10 14 1
10 18 -1
10 19 -1
10 22 1
10 24 -1
10 25 -1
10 26 -1
10 27 -1
10 36 1
10 38 1
10 39 -1
10 40 1
10 42 -1
10 43 -1
10 45 -1
10 46 -1
10 49 -1
10 50 -1
11 1 -1
11 4 -1
11 6 -1
11 7 -1
11 8 -1
11 9 -1
11 13 -1
11 14 -1
11 17 -1
11 20 -1
11 23 1
11 28 -1
11 31 -1
11 33 1
11 35 1
11 36 1
11 37 1
11 39 1
11 40 -1
11 41 1
11 42 -1
11 45 -1
11 49 1
12 1 1
12 2 1
12 3 -1
12 5 -1
12 6 -1
12 7 -1
12 10 -1
12 11 1
12 16 -1
12 19 -1
12 21 1
12 22 -1
12 23 1
12 30 -1
12 32 -1
12 33 -1
12 34 -1
12 36 -1
12 37 -1
12 38 -1
12 40 -1
12 41 1
12 43 -1
12 47 1
12 49 -1
12 50 -1
13 2 -1
13 3 -1
13 5 -1
13 6 -1
13 8 -1
13 10 -1
13 12 -1
13 14 -1
13 16 -1
13 18 1
13 20 -1
13 21 1
13 22 -1
13 24 -1
13 25 -1
13 29 -1
13 30 -1
13 33 -1
13 35 -1
13 36 -1
13 40 -1
13 41 -1
13 42 -1
13 43 -1
13 44 -1
13 45 -1
13 46 1
13 47 -1
13 48 -1
14 1 -1
14 3 1
14 5 -1
14 7 -1
14 8 1
14 9 -1
14 12 -1
14 15 -1
14 16 -1
14 19 -1
14 24 -1
14 25 -1
14 26 1
14 27 1
14 28 -1
14 30 -1
14 33 -1
14 40 -1
14 41 -1
14 42 -1
14 43 -1
14 45 1
14 46 -1
14 48 -1
14 49 -1
15 3 -1
15 5 -1
15 7 -1
15 8 -1
15 10 -1
15 11 1
15 12 -1
15 13 1
15 17 -1
15 19 -1
15 22 -1
15 26 -1
15 28 -1
15 30 -1
15 32 1
15 33 1
15 34 1
15 36 -1
15 37 -1
15 39 1
15 41 -1
15 42 -1
15 43 -1
15 44 -1
15 45 -1
15 47 -1
15 50 -1
16 3 -1
16 4 -1
16 5 -1
16 6 -1
16 7 -1
16 10 -1
16 11 1
16 15 -1
16 18 -1
16 24 -1
16 25 -1
16 26 -1
16 27 -1
16 30 -1
16 31 -1
16 32 1
16 33 -1
16 34 -1
16 35 -1
16 36 1
16 37 -1
16 38 -1
16 39 1
16 40 1
16 41 -1
16 43 -1
16 46 -1
16 47 -1
17 1 1
17 5 -1
17 6 1
17 9 1
17 10 1
17 12 -1
17 13 -1
17 14 -1
17 16 -1
17 19 -1
17 20 -1
17 21 1
17 22 -1
17 23 -1
17 26 -1
17 29 -1
17 32 -1
17 33 -1
17 34 -1
17 35 1
17 37 1
17 38 -1
17 40 -1
17 41 -1
17 44 1
17 45 1
17 46 -1
17 47 -1
17 49 -1
17 50 -1
18 3 -1
18 4 -1
18 6 -1
18 7 1
18 8 -1
18 11 1
18 12 -1
18 14 -1
18 15 -1
18 17 -1
18 19 1
18 20 -1
18 21 -1
18 24 -1
18 25 -1
18 29 -1
18 32 1
18 34 -1
18 36 -1
18 37 1
18 38 1
18 39 -1
18 40 -1
18 42 1
18 43 -1
18 47 -1
18 48 -1
19 1 -1
19 4 -1
19 5 -1
19 7 -1
19 8 -1
19 9 -1
19 11 -1
19 13 -1
19 16 -1
19 22 -1
19 23 -1
19 25 -1
19 29 -1
19 30 -1
19 35 -1
19 37 1
19 39 -1
19 40 -1
19 41 -1
19 42 -1
19 45 -1
19 46 -1
19 47 -1
19 48 -1
19 50 -1
20 1 -1
20 4 -1
20 5 1
20 6 1
20 8 -1
20 10 -1
20 12 -1
20 14 1
20 15 -1
20 16 -1
20 19 -1
20 25 -1
20 26 -1
20 28 -1
20 29 -1
20 32 1
20 37 -1
20 39 -1
20 40 -1
20 41 -1
20 42 -1
20 43 1
20 44 -1
20 45 -1
20 46 1
20 48 1
20 50 -1
21 3 1
21 5 -1
21 7 1
21 8 1
21 10 1
21 11 -1
21 14 1
21 15 -1
21 16 -1
21 19 -1
21 20 -1
21 24 -1
21 25 1
21 26 -1
21 28 1
21 34 -1
21 38 -1
21 39 -1
21 40 -1
21 42 -1
21 43 -1
21 44 -1
21 46 -1
21 50 -1
22 1 -1
22 2 1
22 3 -1
22 4 -1
22 7 -1
22 8 -1
22 11 1
22 14 -1
22 16 -1
22 18 -1
22 20 -1
22 21 -1
22 23 -1
22 24 -1
22 25 1
22 27 1
22 31 1
22 32 1
22 33 -1
22 34 1
22 36 -1
22 37 -1
22 38 -1
22 39 -1
22 40 -1
22 42 1
22 43 -1
22 50 -1
23 1 -1
23 3 -1
23 7 -1
23 10 1
23 13 -1
23 14 -1
23 15 -1
23 16 -1
23 18 -1
23 20 -1
23 21 1
23 24 -1
23 25 1
23 26 -1
23 28 -1
23 34 1
23 35 -1
23 36 -1
23 39 -1
23 40 -1
23 44 -1
23 48 -1
24 3 -1
24 4 -1
24 7 -1
24 8 -1
24 11 -1
24 12 -1
24 15 -1
24 17 -1
24 19 -1
24 20 -1
24 25 1
24 26 -1
24 27 -1
24 28 -1
24 29 -1
24 31 -1
24 33 -1
24 34 -1
24 35 -1
24 37 -1
24 38 -1
24 44 -1
24 45 -1
24 49 -1
24 50 -1
25 1 -1
25 3 1
25 5 -1
25 6 -1
25 9 1
25 11 -1
25 12 1
25 15 1
25 17 -1
25 27 -1
25 28 -1
25 30 -1
25 31 1
25 33 -1
25 35 -1
25 37 -1
25 38 1
25 39 -1
25 41 -1
25 42 -1
25 45 1
25 47 1
25 48 1
26 5 -1
26 7 -1
26 8 -1
26 11 -1
26 12 -1
26 13 -1
26 18 -1
26 19 -1
26 22 -1
26 25 -1
26 27 -1
26 29 1
26 30 -1
26 32 1
26 35 1
26 38 1
26 40 1
26 42 -1
26 45 -1
26 46 -1
26 48 -1
27 1 -1
27 3 -1
27 4 1
27 8 1
27 9 -1
27 11 -1
27 12 -1
27 13 -1
27 15 -1
27 17 1
27 18 1
27 19 -1
27 20 -1
27 21 -1
27 23 -1
27 28 -1
27 29 -1
27 34 1
27 36 1
27 37 -1
27 38 1
27 40 -1
27 45 -1
27 47 -1
27 48 -1
27 49 -1
28 1 -1
28 3 -1
28 5 1
28 7 -1
28 9 -1
28 10 -1
28 12 -1
28 13 -1
28 16 -1
28 17 -1
28 18 -1
28 19 -1
28 22 -1
28 26 -1
28 29 1
28 33 -1
28 35 -1
28 36 1
28 37 -1
28 39 -1
28 42 -1
28 43 -1
28 44 -1
28 46 -1
28 48 -1
28 50 -1
29 1 -1
29 6 1
29 8 -1
29 9 1
29 10 -1
29 11 -1
29 12 -1
29 14 -1
29 15 -1
29 16 -1
29 21 1
29 22 -1
29 23 -1
29 25 -1
29 30 -1
29 32 -1
29 33 1
29 35 -1
29 37 -1
29 38 -1
29 40 -1
29 43 -1
29 44 -1
29 45 -1
29 49 -1
30 1 -1
30 2 -1
30 4 1
30 7 -1
30 8 -1
30 9 -1
30 10 -1
30 11 -1
30 17 -1
30 18 -1
30 20 -1
30 21 -1
30 22 -1
30 23 -1
30 24 1
30 27 -1
30 28 -1
30 31 -1
30 32 1
30 33 -1
30 34 -1
30 36 -1
30 37 -1
30 42 -1
30 43 1
30 44 1
30 49 -1
31 1 -1
31 3 -1
31 4 -1
31 6 1
31 10 -1
31 12 -1
31 13 -1
31 14 -1
31 15 -1
31 17 -1
31 18 -1
31 19 -1
31 20 1
31 21 -1
31 23 -1
31 26 -1
31 27 1
31 28 -1
31 29 -1
31 32 -1
31 33 -1
31 34 -1
31 36 -1
31 37 -1
31 38 -1
31 40 -1
31 42 -1
31 43 -1
31 46 -1
31 48 -1
31 49 -1
32 1 -1
32 2 -1
32 4 -1
32 6 -1
32 10 -1
32 11 1
32 13 1
32 14 -1
32 19 -1
32 21 1
32 23 -1
32 24 1
32 25 1
32 27 1
32 28 -1
32 34 -1
32 37 -1
32 39 -1
32 43 -1
32 48 -1
32 49 -1
33 3 -1
33 5 -1
33 7 -1
33 8 -1
33 9 -1
33 10 -1
33 18 -1
33 19 -1
33 20 -1
33 21 1
33 23 -1
33 26 1
33 27 -1
33 32 -1
33 35 -1
33 37 -1
33 38 1
33 42 -1
33 43 -1
33 44 -1
33 45 1
33 47 1
33 50 -1
34 1 -1
34 4 -1
34 6 -1
34 9 1
34 10 -1
34 11 -1
34 13 -1
34 14 -1
34 19 -1
34 20 1
34 25 -1
34 26 -1
34 28 -1
34 29 -1
34 33 -1
34 35 -1
34 36 -1
34 39 -1
34 41 -1
34 44 -1
34 45 -1
34 46 1
34 49 -1
35 1 -1
35 4 -1
35 5 1
35 6 -1
35 7 -1
35 8 -1
35 9 -1
35 10 1
35 12 1
35 14 -1
35 15 1
35 18 -1
35 20 -1
35 21 -1
35 22 -1
35 27 1
35 30 -1
35 31 -1
35 32 -1
35 38 -1
35 39 -1
35 42 -1
35 44 -1
35 45 -1
35 46 -1
35 48 -1
35 49 -1
36 1 -1
36 3 1
36 4 -1
36 5 -1
36 7 -1
36 14 -1
36 17 -1
36 19 -1
36 20 -1
36 21 -1
36 24 -1
36 25 -1
36 26 -1
36 29 1
36 32 -1
36 33 -1
36 35 -1
36 39 -1
36 41 -1
36 42 1
36 43 1
36 44 -1
36 45 -1
36 48 -1
36 50 -1
37 1 1
37 2 -1
37 3 -1
37 7 -1
37 8 -1
37 10 -1
37 13 -1
37 14 -1
37 21 -1
37 23 -1
37 26 1
37 34 -1
37 35 -1
37 36 -1
37 38 -1
37 39 1
37 40 -1
37 41 -1
37 42 -1
37 43 -1
37 45 -1
37 48 1
37 50 -1
38 2 -1
38 3 -1
38 7 -1
38 8 1
38 9 -1
38 11 1
38 13 -1
38 14 -1
38 15 -1
38 19 -1
38 20 -1
38 23 -1
38 28 1
38 30 -1
38 32 1
38 34 -1
38 36 -1
38 41 -1
38 42 1
38 44 -1
38 46 -1
38 49 -1
38 50 -1
39 4 -1
39 9 -1
39 12 -1
39 13 1
39 14 -1
39 17 -1
39 24 -1
39 26 1
39 27 -1
39 29 -1
39 30 1
39 31 -1
39 33 1
39 38 -1
39 40 1
39 41 -1
39 45 -1
39 47 1
39 48 1
39 49 -1
39 50 -1
40 1 -1
40 3 -1
40 4 -1
40 5 -1
40 6 -1
40 7 -1
40 8 -1
40 15 -1
40 24 -1
40 25 1
40 28 -1
40 30 -1
40 32 -1
40 33 -1
40 34 -1
40 35 -1
40 36 -1
40 38 -1
40 43 1
40 44 -1
40 46 1
40 48 -1
41 1 -1
41 2 -1
41 4 -1
41 5 -1
41 10 -1
41 18 -1
41 21 -1
41 22 -1
41 23 -1
41 24 1
41 26 -1
41 27 -1
41 28 -1
41 29 -1
41 30 -1
41 31 -1
41 32 -1
41 33 -1
41 35 -1
41 40 -1
41 42 -1
41 43 1
41 44 1
41 46 -1
41 48 -1
41 50 -1
42 3 1
42 4 -1
42 6 -1
42 7 -1
42 12 -1
42 16 -1
42 17 -1
42 23 -1
42 24 1
42 27 -1
42 29 -1
42 32 -1
42 34 -1
42 39 -1
42 40 -1
42 43 -1
42 46 -1
42 47 1
43 9 -1
43 11 -1
43 17 -1
43 19 -1
43 23 1
43 24 -1
43 25 -1
43 26 -1
43 27 -1
43 34 -1
43 35 -1
43 38 -1
43 39 -1
43 44 -1
43 45 -1
43 46 1
43 47 -1
43 49 1
44 5 1
44 7 -1
44 10 1
44 11 -1
44 12 1
44 14 -1
44 16 -1
44 18 -1
44 19 1
44 22 -1
44 25 1
44 26 -1
44 27 -1
44 31 1
44 32 -1
44 37 -1
44 39 -1
44 42 -1
44 45 -1
44 46 -1
44 47 -1
44 48 -1
44 49 1
45 1 1
45 4 -1
45 6 1
45 7 -1
45 12 1
45 16 -1
45 18 1
45 21 1
45 22 -1
45 23 -1
45 28 -1
45 30 1
45 31 -1
45 32 -1
45 38 -1
45 40 -1
45 41 -1
45 42 -1
45 47 -1
45 48 1
45 49 1
45 50 -1
46 2 1
46 4 -1
46 6 -1
46 9 -1
46 11 -1
46 12 -1
46 15 -1
46 18 -1
46 22 -1
46 23 -1
46 24 1
46 25 1
46 27 -1
46 29 -1
46 30 -1
46 32 -1
46 33 -1
46 36 -1
46 37 -1
46 39 -1
46 45 -1
46 48 1
46 50 -1
47 1 -1
47 2 1
47 3 -1
47 5 1
47 9 -1
47 10 -1
47 11 1
47 14 1
47 20 1
47 21 1
47 22 1
47 23 -1
47 24 -1
47 26 -1
47 28 1
47 29 -1
47 30 -1
47 31 1
47 32 -1
47 34 -1
47 35 -1
47 36 -1
47 37 -1
47 38 1
47 40 -1
47 41 -1
47 46 1
47 48 -1
47 50 -1
48 2 1
48 3 1
48 4 -1
48 5 -1
48 6 -1
48 8 -1
48 10 -1
48 11 -1
48 12 1
48 15 -1
48 16 -1
48 17 -1
48 21 -1
48 22 -1
48 24 -1
48 29 -1
48 30 -1
48 33 -1
48 34 1
48 38 -1
48 42 -1
48 43 -1
48 49 -1
49 4 1
49 8 1
49 13 -1
49 15 1
49 16 -1
49 18 -1
49 19 -1
49 20 -1
49 21 -1
49 22 1
49 23 -1
49 25 -1
49 26 -1
49 28 -1
49 33 1
49 36 -1
49 37 -1
49 40 -1
49 41 -1
49 42 -1
49 46 -1
49 47 -1
50 1 -1
50 4 -1
50 6 -1
50 7 -1
50 11 -1
50 13 1
50 14 -1
50 16 -1
50 18 -1
50 23 -1
50 25 1
50 26 -1
50 27 -1
50 29 -1
50 30 1
50 31 -1
50 32 1
50 34 -1
50 35 -1
50 40 1
50 42 -1
50 43 -1
50 44 1
50 48 -1
50 49 -1
