vertices: 30 edges: 435
1 3 -1
1 4 -1
1 5 1
1 6 1
1 7 -1
1 10 -1
1 14 -1
1 16 1
1 17 1
1 18 1
1 19 -1
1 21 1
1 22 1
1 24 1
1 25 1
1 26 -1
1 27 -1
1 28 1
1 29 -1
1 30 -1
2 1 -1
2 3 -1
2 4 -1
2 7 -1
2 9 -1
2 10 -1
2 13 -1
2 14 -1
2 16 -1
2 17 1
2 18 1
2 19 1
2 28 -1
3 4 1
3 5 1
3 8 1
3 12 -1
3 14 -1
3 16 -1
3 18 -1
3 20 -1
3 23 -1
3 25 -1
3 26 1
3 27 1
3 30 1
4 5 1
4 8 -1
4 9 -1
4 10 1
4 12 1
4 13 1
4 15 -1
4 16 1
4 20 1
4 21 -1
4 22 1
4 23 -1
4 24 1
4 25 1
4 26 -1
4 27 1
5 2 -1
5 6 1
5 7 -1
5 10 1
5 12 1
5 13 -1
5 14 -1
5 15 -1
5 16 -1
5 17 1
5 19 1
5 24 1
5 26 -1
5 29 -1
6 2 -1
6 3 1
6 4 1
6 10 1
6 13 1
6 14 1
6 15 1
6 16 1
6 17 1
6 18 -1
6 20 -1
6 21 -1
6 22 -1
6 24 -1
6 25 -1
7 3 -1
7 4 -1
7 6 -1
7 9 -1
7 12 1
7 14 1
7 16 -1
7 18 -1
7 19 -1
7 23 -1
7 25 -1
7 27 1
7 29 1
7 30 1
8 1 1
8 2 -1
8 5 1
8 6 -1
8 7 -1
8 9 1
8 10 -1
8 17 -1
8 21 1
8 22 1
8 25 1
8 27 1
8 29 1
8 30 1
9 1 1
9 3 1
9 5 1
9 6 1
9 13 -1
9 14 1
9 16 1
9 18 -1
9 19 1
9 20 1
9 21 1
9 23 -1
9 24 -1
9 25 -1
9 30 1
10 3 -1
10 7 1
10 9 1
10 11 -1
10 13 -1
10 14 1
10 15 1
10 16 1
10 17 1
10 18 -1
10 20 -1
10 23 -1
10 24 1
10 25 1
10 27 1
10 28 1
11 1 -1
11 2 -1
11 3 1
11 4 -1
11 5 1
11 6 -1
11 7 1
11 8 -1
11 9 1
11 13 1
11 14 -1
11 18 -1
11 21 1
11 22 -1
11 23 1
11 24 -1
11 25 -1
11 28 -1
11 30 1
12 1 1
12 2 1
12 6 1
12 8 -1
12 9 1
12 10 1
12 11 -1
12 16 -1
12 17 1
12 21 1
12 22 -1
12 24 -1
12 26 1
12 27 1
12 28 1
13 1 1
13 3 1
13 7 -1
13 8 1
13 12 1
13 15 -1
13 18 -1
13 20 -1
13 22 1
13 27 1
13 30 1
14 4 -1
14 8 1
14 12 1
14 13 -1
14 15 -1
14 16 -1
14 17 -1
14 18 -1
14 20 1
14 22 -1
14 24 1
14 27 1
14 29 1
15 1 -1
15 2 -1
15 3 -1
15 7 -1
15 8 1
15 9 -1
15 11 1
15 12 1
15 16 -1
15 19 -1
15 20 1
15 21 -1
15 22 -1
15 23 1
15 24 1
15 27 -1
15 28 -1
16 8 -1
16 11 1
16 13 -1
16 17 -1
16 18 1
16 20 -1
16 21 1
16 22 -1
16 24 -1
16 26 -1
16 28 -1
17 3 -1
17 4 1
17 7 1
17 9 1
17 11 -1
17 13 1
17 15 1
17 18 -1
17 19 1
17 20 -1
17 22 1
17 26 1
17 28 -1
17 30 1
18 4 -1
18 5 -1
18 8 1
18 12 -1
18 15 1
18 21 1
18 23 -1
18 24 1
18 26 1
18 27 -1
18 28 -1
18 29 1
18 30 1
19 3 1
19 4 -1
19 6 -1
19 8 1
19 10 -1
19 11 1
19 12 1
19 13 1
19 14 -1
19 16 1
19 18 1
19 22 1
19 23 -1
19 25 1
19 27 -1
19 28 1
19 29 -1
19 30 -1
20 1 -1
20 2 -1
20 5 1
20 7 1
20 8 -1
20 11 1
20 12 1
20 18 1
20 19 -1
20 23 1
20 24 1
20 26 -1
20 27 -1
20 28 -1
21 2 -1
21 3 1
21 5 -1
21 7 1
21 10 -1
21 13 -1
21 14 -1
21 17 -1
21 19 1
21 20 1
21 22 -1
21 23 -1
21 24 -1
21 26 -1
21 28 1
21 29 1
21 30 1
22 2 1
22 3 -1
22 5 -1
22 7 -1
22 9 -1
22 10 1
22 18 -1
22 20 -1
22 24 -1
22 25 1
22 27 -1
22 28 -1
22 30 1
23 1 1
23 2 1
23 5 1
23 6 -1
23 8 -1
23 12 1
23 13 1
23 14 1
23 16 1
23 17 -1
23 22 1
23 27 1
23 28 1
23 29 -1
24 2 -1
24 3 -1
24 7 -1
24 8 1
24 13 -1
24 17 -1
24 19 -1
24 23 -1
24 26 -1
24 27 1
24 29 1
25 2 1
25 5 1
25 12 1
25 13 -1
25 14 1
25 15 -1
25 16 1
25 17 1
25 18 1
25 20 -1
25 21 1
25 23 -1
25 24 1
25 29 -1
25 30 1
26 2 1
26 6 -1
26 7 -1
26 8 1
26 9 -1
26 10 1
26 11 -1
26 13 1
26 14 1
26 15 1
26 19 -1
26 22 -1
26 23 -1
26 25 1
26 28 1
26 29 -1
26 30 -1
27 2 -1
27 5 1
27 6 1
27 9 1
27 11 -1
27 16 -1
27 17 -1
27 21 1
27 25 -1
27 26 1
27 28 -1
27 29 1
28 3 1
28 4 -1
28 5 -1
28 6 -1
28 7 -1
28 8 -1
28 9 1
28 13 -1
28 14 -1
28 24 -1
28 25 1
28 29 -1
29 2 -1
29 3 -1
29 4 -1
29 6 1
29 9 1
29 10 -1
29 11 1
29 12 1
29 13 1
29 15 -1
29 16 -1
29 17 1
29 20 1
29 22 1
30 2 -1
30 4 -1
30 5 1
30 6 -1
30 10 1
30 12 -1
30 14 -1
30 15 -1
30 16 1
30 20 1
30 23 1
30 24 -1
30 27 -1
30 28 -1
30 29 -1
