vertices: 90 edges: 4005
1 5 1
1 6 -1
1 7 -1
1 8 -1
1 9 -1
1 11 -1
1 13 -1
1 14 -1
1 15 1
1 17 -1
1 18 -1
1 20 -1
1 23 -1
1 24 -1
1 27 1
1 30 -1
1 33 -1
1 34 -1
1 35 -1
1 36 -1
1 37 -1
1 38 -1
1 39 -1
1 41 -1
1 42 -1
1 44 1
1 47 1
1 56 -1
1 60 -1
1 62 -1
1 63 -1
1 64 -1
1 67 -1
1 68 -1
1 71 -1
1 72 -1
1 73 -1
1 75 -1
1 80 -1
1 86 -1
2 1 -1
2 3 -1
2 4 -1
2 5 1
2 9 -1
2 10 -1
2 11 -1
2 12 -1
2 14 -1
2 18 -1
2 19 -1
2 21 -1
2 22 -1
2 23 1
2 25 1
2 29 -1
2 30 1
2 32 -1
2 33 -1
2 34 -1
2 37 -1
2 39 -1
2 40 -1
2 44 -1
2 45 -1
2 49 -1
2 51 1
2 52 -1
2 57 -1
2 60 1
2 61 -1
2 63 -1
2 64 -1
2 66 1
2 68 -1
2 70 -1
2 71 -1
2 74 1
2 79 -1
2 80 -1
2 81 -1
2 83 -1
2 84 -1
2 87 -1
2 88 -1
3 1 -1
3 4 -1
3 5 1
3 7 -1
3 8 -1
3 11 -1
3 14 -1
3 15 -1
3 18 1
3 19 1
3 21 -1
3 23 -1
3 24 -1
3 26 -1
3 27 -1
3 29 -1
3 31 -1
3 32 -1
3 33 -1
3 34 1
3 37 -1
3 38 -1
3 39 -1
3 42 -1
3 45 1
3 47 -1
3 50 -1
3 51 -1
3 52 -1
3 53 1
3 56 -1
3 57 1
3 58 -1
3 59 1
3 60 -1
3 61 -1
3 63 -1
3 64 -1
3 66 -1
3 68 -1
3 72 -1
3 74 -1
3 75 -1
3 76 -1
3 77 -1
3 79 1
3 80 -1
3 81 -1
3 82 -1
3 83 1
3 84 -1
3 88 1
3 89 -1
4 1 -1
4 7 -1
4 9 -1
4 10 -1
4 12 -1
4 14 -1
4 15 -1
4 17 -1
4 19 -1
4 21 1
4 22 1
4 25 1
4 26 -1
4 27 1
4 28 -1
4 29 -1
4 32 -1
4 35 -1
4 36 -1
4 40 -1
4 43 -1
4 44 -1
4 47 -1
4 48 -1
4 50 -1
4 52 1
4 54 -1
4 55 -1
4 59 -1
4 60 -1
4 61 -1
4 62 -1
4 63 -1
4 64 1
4 66 1
4 67 -1
4 68 -1
4 69 -1
4 70 -1
4 71 -1
4 74 1
4 75 -1
4 76 -1
4 77 -1
4 80 -1
4 81 -1
4 82 -1
4 88 -1
4 90 -1
5 4 -1
5 7 -1
5 8 1
5 11 1
5 15 -1
5 16 -1
5 20 -1
5 21 -1
5 22 -1
5 25 -1
5 27 1
5 30 1
5 31 -1
5 36 -1
5 40 1
5 41 1
5 43 1
5 44 -1
5 45 -1
5 49 1
5 50 -1
5 52 -1
5 53 1
5 54 1
5 55 -1
5 58 1
5 59 -1
5 60 -1
5 62 -1
5 64 1
5 65 -1
5 68 -1
5 72 -1
5 75 -1
5 77 1
5 83 -1
5 84 -1
5 85 1
5 86 -1
5 87 -1
5 88 1
6 2 -1
6 3 -1
6 4 -1
6 5 -1
6 8 1
6 11 -1
6 12 -1
6 15 -1
6 17 -1
6 18 1
6 20 1
6 22 -1
6 24 -1
6 27 -1
6 28 -1
6 29 1
6 32 -1
6 33 -1
6 34 -1
6 37 1
6 38 -1
6 40 -1
6 43 1
6 44 -1
6 45 -1
6 48 -1
6 51 -1
6 52 -1
6 54 -1
6 55 -1
6 56 -1
6 58 -1
6 60 -1
6 61 -1
6 62 -1
6 68 -1
6 69 -1
6 71 -1
6 72 -1
6 73 -1
6 74 -1
6 75 1
6 77 -1
6 78 1
6 80 -1
6 81 -1
6 83 -1
6 84 -1
6 85 1
6 86 -1
6 89 1
6 90 -1
7 2 -1
7 6 1
7 8 -1
7 9 -1
7 11 -1
7 12 -1
7 14 -1
7 17 -1
7 18 1
7 19 -1
7 22 -1
7 26 -1
7 28 -1
7 29 -1
7 32 -1
7 33 -1
7 34 -1
7 35 -1
7 37 -1
7 38 -1
7 42 -1
7 44 -1
7 48 1
7 50 -1
7 51 -1
7 53 1
7 54 -1
7 55 -1
7 56 -1
7 58 1
7 59 -1
7 61 1
7 62 -1
7 63 -1
7 66 -1
7 67 1
7 72 -1
7 75 -1
7 76 -1
7 78 -1
7 79 1
7 80 -1
7 81 -1
7 84 1
7 87 -1
7 88 -1
7 90 -1
8 2 1
8 4 1
8 11 -1
8 13 -1
8 15 -1
8 16 1
8 18 -1
8 19 -1
8 20 -1
8 21 -1
8 22 -1
8 23 -1
8 25 -1
8 27 1
8 29 -1
8 30 -1
8 32 -1
8 35 -1
8 37 -1
8 39 1
8 49 -1
8 50 -1
8 53 1
8 55 -1
8 56 -1
8 57 1
8 60 -1
8 61 -1
8 62 -1
8 63 -1
8 64 -1
8 65 1
8 66 1
8 67 -1
8 71 -1
8 76 1
8 77 -1
8 78 -1
8 82 -1
8 84 1
8 85 1
8 89 -1
9 3 1
9 5 -1
9 6 -1
9 8 -1
9 12 -1
9 13 -1
9 15 -1
9 16 -1
9 17 -1
9 22 1
9 23 -1
9 29 -1
9 32 -1
9 33 1
9 34 -1
9 35 -1
9 36 -1
9 40 -1
9 41 -1
9 43 1
9 46 -1
9 47 -1
9 48 -1
9 49 -1
9 51 -1
9 52 -1
9 55 -1
9 58 -1
9 59 -1
9 60 1
9 61 -1
9 67 1
9 70 1
9 71 -1
9 72 -1
9 73 -1
9 75 -1
9 76 -1
9 77 -1
9 78 -1
9 80 1
9 82 -1
9 83 1
9 84 -1
9 85 -1
9 88 -1
10 1 -1
10 3 1
10 5 -1
10 6 1
10 7 -1
10 8 -1
10 9 -1
10 15 1
10 16 -1
10 18 -1
10 21 1
10 25 -1
10 26 -1
10 27 -1
10 32 -1
10 33 -1
10 34 -1
10 35 -1
10 36 -1
10 38 1
10 44 -1
10 45 -1
10 47 1
10 48 -1
10 50 -1
10 51 -1
10 53 1
10 55 -1
10 56 -1
10 57 -1
10 58 -1
10 61 1
10 62 -1
10 63 -1
10 64 -1
10 65 -1
10 69 -1
10 70 -1
10 72 -1
10 76 -1
10 80 -1
10 81 -1
10 82 -1
11 4 -1
11 9 -1
11 10 -1
11 14 -1
11 15 -1
11 17 -1
11 27 -1
11 30 -1
11 31 1
11 32 -1
11 35 -1
11 37 -1
11 38 -1
11 40 -1
11 41 -1
11 42 -1
11 44 -1
11 46 -1
11 49 -1
11 50 1
11 54 -1
11 55 -1
11 56 1
11 57 -1
11 58 -1
11 59 -1
11 61 -1
11 62 -1
11 64 -1
11 66 -1
11 67 -1
11 68 -1
11 71 -1
11 73 -1
11 75 -1
11 76 -1
11 77 -1
11 78 -1
11 81 -1
11 82 -1
11 83 1
11 86 -1
11 89 1
12 1 -1
12 3 -1
12 5 1
12 8 -1
12 10 -1
12 11 -1
12 13 -1
12 14 -1
12 15 -1
12 16 1
12 17 -1
12 18 1
12 19 -1
12 21 -1
12 22 -1
12 25 -1
12 35 -1
12 36 -1
12 38 1
12 39 -1
12 42 1
12 44 1
12 45 -1
12 50 -1
12 52 -1
12 53 -1
12 55 1
12 56 -1
12 59 -1
12 60 -1
12 61 -1
12 62 -1
12 64 -1
12 65 -1
12 66 1
12 68 1
12 70 -1
12 71 -1
12 73 -1
12 74 -1
12 75 1
12 76 -1
12 78 1
12 79 -1
12 80 -1
12 81 1
12 82 -1
12 83 1
12 84 -1
12 88 -1
12 89 -1
12 90 -1
13 2 -1
13 3 1
13 4 -1
13 5 -1
13 6 1
13 7 -1
13 10 -1
13 11 -1
13 14 -1
13 15 -1
13 18 -1
13 19 -1
13 20 -1
13 25 1
13 27 -1
13 30 -1
13 32 -1
13 33 -1
13 35 -1
13 38 -1
13 40 -1
13 44 1
13 46 1
13 47 -1
13 48 -1
13 49 -1
13 50 1
13 56 -1
13 57 -1
13 58 -1
13 62 -1
13 63 -1
13 65 -1
13 67 1
13 68 1
13 71 -1
13 72 -1
13 73 1
13 76 -1
13 77 -1
13 79 -1
13 81 1
13 84 1
13 86 -1
13 88 1
13 90 -1
14 5 -1
14 6 -1
14 8 -1
14 9 -1
14 10 -1
14 15 -1
14 16 -1
14 17 1
14 18 -1
14 19 -1
14 20 1
14 22 -1
14 23 -1
14 28 -1
14 29 -1
14 30 -1
14 31 -1
14 33 -1
14 34 -1
14 39 1
14 40 1
14 46 -1
14 51 -1
14 54 -1
14 55 -1
14 57 -1
14 58 -1
14 59 1
14 60 -1
14 62 -1
14 65 -1
14 66 -1
14 71 -1
14 73 -1
14 74 -1
14 75 -1
14 76 -1
14 80 -1
14 82 -1
14 88 -1
14 89 -1
15 2 -1
15 7 1
15 16 -1
15 18 1
15 19 -1
15 20 -1
15 21 1
15 22 1
15 24 1
15 25 -1
15 27 -1
15 29 -1
15 31 1
15 32 -1
15 33 -1
15 34 -1
15 36 -1
15 38 -1
15 39 -1
15 42 -1
15 53 1
15 62 -1
15 63 -1
15 64 -1
15 65 1
15 71 -1
15 72 -1
15 73 -1
15 77 -1
15 78 -1
15 79 -1
15 82 -1
15 86 -1
15 87 -1
15 88 -1
15 89 -1
15 90 -1
16 1 1
16 2 -1
16 3 -1
16 4 -1
16 6 -1
16 7 -1
16 11 -1
16 13 -1
16 17 -1
16 18 1
16 19 -1
16 20 1
16 24 -1
16 28 -1
16 32 -1
16 33 -1
16 40 -1
16 41 -1
16 42 -1
16 43 -1
16 47 1
16 49 1
16 50 -1
16 52 -1
16 53 1
16 55 -1
16 57 -1
16 60 -1
16 64 -1
16 65 -1
16 67 1
16 68 -1
16 72 -1
16 73 1
16 74 1
16 79 -1
16 80 -1
16 81 -1
16 82 -1
16 83 1
16 88 -1
17 2 -1
17 3 1
17 5 -1
17 8 -1
17 10 -1
17 13 -1
17 15 -1
17 18 -1
17 19 -1
17 21 -1
17 22 -1
17 24 -1
17 26 -1
17 30 -1
17 34 -1
17 36 1
17 37 -1
17 38 -1
17 40 -1
17 41 -1
17 43 1
17 44 -1
17 45 -1
17 46 -1
17 47 -1
17 48 -1
17 50 -1
17 51 -1
17 52 -1
17 53 -1
17 55 1
17 56 -1
17 57 -1
17 58 -1
17 61 -1
17 62 -1
17 63 -1
17 65 -1
17 66 -1
17 67 -1
17 68 -1
17 71 -1
17 72 -1
17 73 -1
17 74 1
17 75 -1
17 78 -1
17 82 -1
17 88 -1
17 90 1
18 4 -1
18 5 -1
18 9 -1
18 11 1
18 20 -1
18 21 -1
18 23 -1
18 24 1
18 28 -1
18 30 -1
18 31 1
18 33 -1
18 35 1
18 36 1
18 41 -1
18 45 -1
18 50 -1
18 52 -1
18 54 -1
18 57 -1
18 58 -1
18 60 -1
18 62 -1
18 63 -1
18 64 1
18 66 -1
18 71 -1
18 72 -1
18 73 -1
18 74 -1
18 75 -1
18 77 1
18 79 -1
18 81 -1
18 85 -1
18 88 -1
19 1 -1
19 5 1
19 6 -1
19 9 1
19 10 -1
19 11 -1
19 18 -1
19 20 1
19 21 -1
19 22 -1
19 24 -1
19 26 1
19 28 -1
19 29 1
19 30 -1
19 33 -1
19 34 -1
19 35 -1
19 38 -1
19 39 -1
19 40 -1
19 46 -1
19 49 -1
19 50 -1
19 52 -1
19 53 -1
19 54 -1
19 56 -1
19 57 -1
19 59 1
19 60 -1
19 61 -1
19 63 1
19 65 -1
19 67 -1
19 68 -1
19 71 -1
19 73 -1
19 74 -1
19 76 -1
19 78 -1
19 80 1
19 83 -1
19 84 -1
19 87 -1
19 88 -1
19 89 -1
20 2 -1
20 3 -1
20 4 -1
20 7 -1
20 9 -1
20 10 1
20 11 1
20 12 -1
20 17 -1
20 23 1
20 24 -1
20 25 -1
20 26 -1
20 28 -1
20 30 -1
20 31 -1
20 32 -1
20 35 -1
20 40 -1
20 41 -1
20 45 -1
20 46 -1
20 49 1
20 50 1
20 54 -1
20 56 -1
20 57 -1
20 60 -1
20 62 -1
20 63 -1
20 66 -1
20 69 -1
20 70 -1
20 73 -1
20 77 -1
20 79 -1
20 82 -1
20 85 -1
20 86 1
20 88 -1
20 90 -1
21 1 -1
21 6 -1
21 7 -1
21 9 -1
21 11 -1
21 13 -1
21 14 -1
21 16 -1
21 20 -1
21 22 -1
21 23 -1
21 24 -1
21 26 -1
21 27 -1
21 29 -1
21 30 -1
21 32 1
21 34 -1
21 35 -1
21 38 -1
21 40 -1
21 41 -1
21 42 1
21 44 -1
21 45 -1
21 46 -1
21 50 -1
21 51 -1
21 52 1
21 55 -1
21 57 -1
21 61 -1
21 64 -1
21 66 1
21 67 -1
21 69 -1
21 70 -1
21 72 -1
21 74 -1
21 75 -1
21 76 1
21 79 1
21 80 -1
21 82 -1
21 85 -1
21 89 -1
22 1 -1
22 3 -1
22 10 1
22 11 -1
22 13 -1
22 16 -1
22 18 -1
22 20 1
22 24 -1
22 25 -1
22 26 -1
22 27 -1
22 29 -1
22 32 -1
22 35 -1
22 38 -1
22 39 -1
22 45 1
22 46 -1
22 47 -1
22 48 -1
22 50 -1
22 54 -1
22 55 -1
22 58 -1
22 59 -1
22 60 -1
22 61 -1
22 64 -1
22 65 -1
22 67 -1
22 68 1
22 70 -1
22 71 -1
22 72 -1
22 75 -1
22 78 -1
22 79 -1
22 80 -1
22 81 -1
22 82 -1
22 86 1
22 89 -1
23 4 -1
23 5 -1
23 6 -1
23 7 -1
23 10 1
23 11 -1
23 12 -1
23 13 1
23 15 -1
23 16 1
23 17 1
23 19 -1
23 22 -1
23 25 -1
23 26 1
23 27 -1
23 28 -1
23 29 1
23 31 -1
23 33 -1
23 34 -1
23 39 -1
23 41 1
23 43 -1
23 44 -1
23 46 -1
23 48 -1
23 49 1
23 52 -1
23 53 -1
23 56 1
23 57 -1
23 58 -1
23 59 -1
23 61 -1
23 62 -1
23 63 -1
23 64 -1
23 65 -1
23 69 1
23 71 -1
23 72 -1
23 73 -1
23 77 -1
23 78 -1
23 83 -1
23 85 1
23 87 -1
23 89 -1
23 90 -1
24 2 1
24 4 -1
24 5 -1
24 7 -1
24 8 -1
24 9 1
24 10 -1
24 11 -1
24 12 -1
24 13 1
24 14 -1
24 23 -1
24 26 -1
24 27 1
24 28 -1
24 29 1
24 31 -1
24 32 -1
24 33 1
24 35 -1
24 38 1
24 39 -1
24 40 -1
24 41 -1
24 43 -1
24 44 -1
24 47 -1
24 48 -1
24 49 -1
24 50 -1
24 55 1
24 58 -1
24 61 -1
24 64 -1
24 66 1
24 68 -1
24 69 1
24 70 -1
24 71 -1
24 76 -1
24 77 -1
24 78 1
24 79 1
24 80 -1
24 83 -1
24 85 1
24 89 -1
24 90 -1
25 1 -1
25 3 1
25 6 -1
25 7 -1
25 9 1
25 11 -1
25 14 -1
25 16 -1
25 17 -1
25 18 -1
25 19 -1
25 21 -1
25 24 1
25 26 -1
25 27 -1
25 28 1
25 35 1
25 41 1
25 43 -1
25 48 1
25 49 -1
25 50 -1
25 60 -1
25 61 1
25 64 -1
25 65 -1
25 66 -1
25 67 -1
25 69 -1
25 72 -1
25 79 -1
25 82 -1
25 86 -1
25 87 -1
25 88 -1
25 89 -1
25 90 1
26 1 1
26 2 -1
26 5 -1
26 6 -1
26 8 -1
26 9 -1
26 11 -1
26 12 -1
26 13 -1
26 14 1
26 15 -1
26 16 1
26 18 -1
26 28 -1
26 30 -1
26 31 -1
26 39 1
26 40 1
26 43 -1
26 44 1
26 45 -1
26 46 -1
26 50 -1
26 51 -1
26 53 -1
26 55 -1
26 56 -1
26 59 -1
26 61 -1
26 63 1
26 64 -1
26 66 1
26 68 -1
26 71 -1
26 72 -1
26 74 1
26 75 -1
26 78 -1
26 80 1
26 81 -1
26 84 1
26 85 1
26 86 -1
26 88 -1
26 90 1
27 2 -1
27 7 -1
27 9 -1
27 12 -1
27 14 -1
27 16 1
27 17 -1
27 18 -1
27 19 -1
27 20 1
27 26 -1
27 28 -1
27 30 -1
27 38 -1
27 40 1
27 41 -1
27 42 -1
27 43 -1
27 45 1
27 50 -1
27 51 -1
27 52 -1
27 55 -1
27 57 -1
27 59 -1
27 60 -1
27 61 -1
27 65 -1
27 73 -1
27 76 -1
27 81 1
27 82 1
27 84 1
27 85 -1
27 88 1
27 90 -1
28 1 -1
28 2 -1
28 3 -1
28 5 -1
28 8 -1
28 9 1
28 10 -1
28 11 -1
28 12 -1
28 13 -1
28 15 -1
28 17 -1
28 21 -1
28 22 -1
28 32 1
28 33 -1
28 34 -1
28 35 -1
28 41 -1
28 44 -1
28 46 1
28 50 1
28 52 -1
28 53 -1
28 54 -1
28 56 -1
28 58 1
28 61 1
28 64 -1
28 65 -1
28 66 1
28 69 -1
28 71 -1
28 73 1
28 75 1
28 76 -1
28 78 -1
28 87 -1
28 88 -1
28 89 -1
29 1 -1
29 5 -1
29 10 1
29 11 1
29 12 -1
29 13 1
29 16 -1
29 17 -1
29 18 -1
29 20 -1
29 25 -1
29 26 -1
29 27 -1
29 28 -1
29 32 -1
29 35 -1
29 36 -1
29 40 -1
29 41 -1
29 43 -1
29 45 -1
29 46 -1
29 52 -1
29 54 -1
29 55 -1
29 57 -1
29 58 -1
29 60 -1
29 61 1
29 65 1
29 66 1
29 67 -1
29 70 1
29 72 -1
29 73 -1
29 77 -1
29 79 -1
29 82 -1
29 83 -1
29 87 -1
29 88 -1
29 89 -1
30 3 1
30 4 -1
30 6 -1
30 7 -1
30 9 -1
30 10 -1
30 12 -1
30 15 1
30 16 -1
30 22 -1
30 23 -1
30 24 -1
30 25 1
30 28 -1
30 29 -1
30 32 -1
30 34 -1
30 35 -1
30 36 -1
30 40 -1
30 41 -1
30 42 -1
30 44 -1
30 45 -1
30 48 1
30 49 -1
30 50 1
30 51 1
30 54 -1
30 59 -1
30 60 -1
30 61 -1
30 62 1
30 64 -1
30 65 -1
30 66 1
30 71 -1
30 72 1
30 73 -1
30 74 -1
30 76 -1
30 77 1
30 78 -1
30 80 -1
30 81 -1
30 83 1
30 86 -1
30 87 1
30 88 -1
30 89 1
30 90 1
31 1 -1
31 2 -1
31 4 -1
31 6 1
31 7 -1
31 8 -1
31 9 -1
31 10 -1
31 12 1
31 13 1
31 16 1
31 17 -1
31 19 -1
31 21 -1
31 22 -1
31 25 -1
31 27 -1
31 28 -1
31 29 1
31 30 -1
31 32 -1
31 33 -1
31 34 -1
31 35 1
31 36 -1
31 37 -1
31 40 -1
31 41 -1
31 42 -1
31 46 -1
31 48 -1
31 49 -1
31 54 -1
31 55 -1
31 56 -1
31 57 -1
31 58 1
31 59 -1
31 60 1
31 61 -1
31 62 -1
31 63 -1
31 65 -1
31 66 -1
31 68 -1
31 70 -1
31 71 -1
31 72 -1
31 74 1
31 75 -1
31 76 -1
31 77 -1
31 78 1
31 80 -1
31 83 -1
31 84 -1
31 88 -1
31 90 -1
32 1 -1
32 5 1
32 12 -1
32 14 1
32 17 1
32 18 -1
32 19 -1
32 23 -1
32 25 1
32 26 -1
32 27 1
32 38 1
32 39 1
32 40 -1
32 41 -1
32 43 -1
32 51 1
32 54 -1
32 55 1
32 57 1
32 58 1
32 61 -1
32 62 1
32 66 -1
32 68 -1
32 75 -1
32 78 -1
32 79 1
32 81 -1
32 85 -1
32 86 -1
32 88 1
32 89 -1
33 4 -1
33 5 -1
33 8 -1
33 11 -1
33 12 -1
33 17 -1
33 20 -1
33 21 -1
33 22 -1
33 25 -1
33 26 -1
33 27 -1
33 29 -1
33 30 -1
33 32 -1
33 34 -1
33 36 -1
33 37 -1
33 38 -1
33 39 1
33 41 1
33 42 -1
33 45 -1
33 49 -1
33 50 -1
33 51 -1
33 56 -1
33 57 -1
33 58 1
33 60 -1
33 62 -1
33 64 1
33 66 -1
33 68 -1
33 69 -1
33 70 -1
33 71 -1
33 72 1
33 73 1
33 74 -1
33 75 -1
33 76 -1
33 79 -1
33 80 -1
33 81 -1
33 84 1
33 88 -1
34 4 -1
34 5 -1
34 8 -1
34 11 -1
34 12 -1
34 13 -1
34 16 1
34 18 -1
34 20 -1
34 22 1
34 24 -1
34 25 -1
34 26 -1
34 27 -1
34 29 -1
34 32 -1
34 35 -1
34 37 -1
34 43 -1
34 46 -1
34 47 1
34 48 1
34 53 1
34 54 -1
34 60 -1
34 64 1
34 65 -1
34 67 -1
34 68 1
34 69 -1
34 71 1
34 73 -1
34 74 1
34 75 -1
34 76 -1
34 80 -1
34 81 -1
34 82 -1
34 86 -1
34 87 -1
34 88 -1
34 89 -1
34 90 1
35 2 -1
35 3 1
35 5 -1
35 6 -1
35 14 -1
35 15 -1
35 16 -1
35 17 -1
35 23 1
35 26 -1
35 27 -1
35 32 -1
35 33 1
35 36 1
35 37 -1
35 42 1
35 44 1
35 45 -1
35 46 -1
35 50 -1
35 51 -1
35 52 1
35 54 1
35 55 -1
35 56 -1
35 58 -1
35 59 1
35 62 -1
35 64 1
35 65 -1
35 66 -1
35 67 -1
35 70 -1
35 71 -1
35 72 -1
35 74 -1
35 76 1
35 78 -1
35 79 -1
35 80 -1
35 81 -1
35 83 -1
35 84 -1
35 85 1
35 87 -1
35 88 -1
35 89 -1
35 90 1
36 2 -1
36 3 -1
36 6 1
36 7 -1
36 8 1
36 11 -1
36 13 -1
36 14 -1
36 16 -1
36 19 -1
36 20 1
36 21 -1
36 22 -1
36 23 -1
36 24 -1
36 25 -1
36 26 -1
36 27 -1
36 28 -1
36 32 -1
36 34 -1
36 38 -1
36 39 -1
36 40 -1
36 41 -1
36 44 -1
36 45 -1
36 46 -1
36 49 1
36 50 -1
36 53 -1
36 56 -1
36 58 -1
36 60 -1
36 61 -1
36 63 -1
36 64 -1
36 65 -1
36 67 -1
36 72 1
36 73 -1
36 75 1
36 77 -1
36 79 -1
36 80 -1
36 83 -1
36 85 -1
37 4 -1
37 5 -1
37 9 1
37 10 1
37 12 -1
37 13 -1
37 14 -1
37 15 -1
37 16 -1
37 18 -1
37 19 -1
37 20 1
37 21 -1
37 22 -1
37 23 -1
37 24 -1
37 25 -1
37 26 1
37 27 -1
37 28 -1
37 29 -1
37 30 -1
37 32 -1
37 36 -1
37 38 -1
37 40 -1
37 46 -1
37 48 -1
37 49 -1
37 51 -1
37 57 -1
37 58 -1
37 63 1
37 69 -1
37 70 -1
37 72 -1
37 75 -1
37 77 -1
37 81 -1
37 84 -1
37 87 1
37 88 -1
37 89 -1
37 90 -1
38 2 -1
38 4 -1
38 5 -1
38 8 -1
38 9 -1
38 14 1
38 16 -1
38 18 1
38 20 -1
38 23 -1
38 25 -1
38 26 1
38 28 -1
38 29 -1
38 30 -1
38 31 -1
38 34 -1
38 35 -1
38 39 -1
38 40 1
38 43 -1
38 44 1
38 46 -1
38 47 -1
38 48 -1
38 49 -1
38 55 -1
38 56 -1
38 60 -1
38 61 1
38 63 1
38 67 1
38 68 -1
38 69 1
38 70 -1
38 73 -1
38 74 -1
38 76 -1
38 77 -1
38 80 -1
38 81 -1
38 82 -1
38 83 -1
38 84 -1
38 89 -1
38 90 -1
39 4 1
39 5 -1
39 6 -1
39 7 -1
39 9 -1
39 10 -1
39 11 -1
39 13 -1
39 16 -1
39 17 -1
39 18 1
39 20 -1
39 21 -1
39 25 -1
39 27 -1
39 28 1
39 29 -1
39 30 -1
39 31 -1
39 34 1
39 35 -1
39 37 -1
39 42 -1
39 43 -1
39 49 -1
39 50 -1
39 51 1
39 53 -1
39 54 -1
39 55 -1
39 57 -1
39 58 -1
39 59 -1
39 65 -1
39 67 -1
39 70 1
39 71 -1
39 75 -1
39 77 -1
39 78 -1
39 80 -1
39 81 -1
39 84 -1
39 85 -1
39 86 -1
39 88 1
39 89 -1
40 1 -1
40 3 1
40 7 -1
40 8 1
40 10 -1
40 12 -1
40 15 -1
40 18 1
40 22 1
40 23 -1
40 25 -1
40 28 -1
40 33 -1
40 34 -1
40 35 -1
40 39 -1
40 41 -1
40 42 1
40 44 -1
40 47 -1
40 48 1
40 50 -1
40 52 -1
40 53 1
40 55 -1
40 58 -1
40 61 -1
40 62 -1
40 63 -1
40 64 -1
40 68 -1
40 69 1
40 70 -1
40 71 -1
40 72 -1
40 75 1
40 79 -1
40 81 -1
40 85 -1
40 86 -1
40 87 -1
40 89 -1
41 2 -1
41 3 -1
41 4 1
41 6 -1
41 7 -1
41 8 -1
41 10 -1
41 12 1
41 13 -1
41 14 -1
41 15 1
41 19 -1
41 22 -1
41 26 -1
41 34 -1
41 35 -1
41 37 -1
41 38 1
41 39 -1
41 45 -1
41 46 1
41 48 -1
41 52 -1
41 54 -1
41 58 -1
41 60 -1
41 61 -1
41 63 -1
41 65 1
41 67 -1
41 71 -1
41 73 -1
41 74 -1
41 75 -1
41 77 1
41 78 -1
41 82 1
41 88 -1
41 89 -1
41 90 -1
42 2 1
42 4 -1
42 5 -1
42 6 -1
42 8 -1
42 9 -1
42 10 1
42 13 -1
42 14 -1
42 17 1
42 18 -1
42 19 -1
42 20 -1
42 22 -1
42 23 -1
42 24 -1
42 25 -1
42 26 -1
42 28 -1
42 29 -1
42 32 -1
42 34 -1
42 36 -1
42 37 -1
42 38 -1
42 41 -1
42 44 -1
42 48 -1
42 49 -1
42 51 -1
42 53 -1
42 54 -1
42 56 -1
42 57 -1
42 58 -1
42 59 -1
42 60 1
42 61 -1
42 62 1
42 63 -1
42 64 -1
42 65 -1
42 67 -1
42 68 -1
42 70 -1
42 71 -1
42 73 -1
42 75 -1
42 76 -1
42 77 -1
42 78 -1
42 82 -1
42 84 1
42 86 -1
42 89 -1
42 90 -1
43 1 -1
43 2 -1
43 3 -1
43 7 -1
43 8 1
43 10 1
43 11 1
43 12 -1
43 13 -1
43 14 1
43 15 -1
43 18 -1
43 19 1
43 20 -1
43 21 1
43 22 -1
43 28 -1
43 30 -1
43 31 -1
43 33 -1
43 35 -1
43 36 1
43 37 -1
43 40 -1
43 41 1
43 42 -1
43 47 -1
43 48 -1
43 49 -1
43 51 -1
43 53 1
43 54 -1
43 57 -1
43 58 -1
43 59 -1
43 62 -1
43 63 1
43 64 -1
43 67 -1
43 69 -1
43 72 -1
43 73 1
43 75 1
43 77 -1
43 79 -1
43 81 1
43 84 1
43 85 -1
43 86 -1
43 89 -1
44 3 1
44 8 1
44 9 -1
44 14 -1
44 15 1
44 16 -1
44 18 -1
44 19 -1
44 20 -1
44 22 -1
44 25 -1
44 27 -1
44 29 1
44 31 -1
44 32 -1
44 33 -1
44 34 1
44 37 -1
44 39 -1
44 41 -1
44 43 -1
44 46 -1
44 47 -1
44 49 -1
44 51 -1
44 52 -1
44 53 -1
44 54 -1
44 58 -1
44 59 -1
44 61 -1
44 64 -1
44 67 -1
44 68 -1
44 69 -1
44 70 -1
44 71 -1
44 73 -1
44 74 -1
44 75 -1
44 76 -1
44 82 -1
44 85 -1
44 86 -1
44 87 -1
44 90 1
45 1 -1
45 4 -1
45 7 -1
45 8 -1
45 9 1
45 11 -1
45 13 -1
45 14 -1
45 15 -1
45 16 -1
45 19 1
45 23 -1
45 24 -1
45 25 1
45 28 1
45 31 -1
45 32 -1
45 34 -1
45 37 -1
45 38 -1
45 39 -1
45 40 1
45 42 1
45 43 -1
45 44 -1
45 46 -1
45 47 -1
45 51 -1
45 54 -1
45 57 -1
45 59 -1
45 60 -1
45 61 -1
45 62 -1
45 63 -1
45 64 -1
45 65 -1
45 66 -1
45 67 -1
45 68 -1
45 70 1
45 73 -1
45 76 -1
45 77 -1
45 79 -1
45 80 -1
45 82 -1
45 83 -1
45 85 -1
45 87 -1
46 1 -1
46 2 1
46 3 -1
46 4 -1
46 5 -1
46 6 -1
46 7 -1
46 8 -1
46 10 -1
46 12 1
46 15 1
46 16 1
46 18 -1
46 24 1
46 25 1
46 27 -1
46 30 -1
46 32 -1
46 33 -1
46 39 -1
46 40 -1
46 42 -1
46 43 1
46 48 -1
46 52 -1
46 53 -1
46 54 -1
46 63 -1
46 65 -1
46 66 -1
46 67 -1
46 68 1
46 72 -1
46 76 1
46 78 -1
46 80 -1
46 81 1
46 84 1
46 85 -1
46 88 -1
46 90 -1
47 2 -1
47 5 -1
47 6 -1
47 7 -1
47 8 -1
47 11 -1
47 12 1
47 14 -1
47 15 -1
47 18 -1
47 19 -1
47 20 -1
47 21 -1
47 23 1
47 25 -1
47 26 -1
47 27 -1
47 28 -1
47 29 -1
47 30 -1
47 31 -1
47 32 -1
47 33 -1
47 35 -1
47 36 1
47 37 -1
47 39 -1
47 41 -1
47 42 -1
47 46 -1
47 52 1
47 54 -1
47 59 -1
47 61 1
47 64 -1
47 65 -1
47 66 -1
47 67 1
47 68 1
47 69 -1
47 74 -1
47 75 -1
47 76 -1
47 78 -1
47 79 1
47 82 -1
47 85 -1
47 86 1
47 87 1
47 88 -1
47 90 -1
48 1 -1
48 2 -1
48 3 -1
48 5 -1
48 8 -1
48 11 -1
48 12 -1
48 14 1
48 15 -1
48 16 -1
48 18 1
48 19 -1
48 20 -1
48 21 1
48 26 -1
48 27 -1
48 28 1
48 29 -1
48 32 -1
48 33 -1
48 35 -1
48 36 -1
48 39 -1
48 44 -1
48 45 -1
48 47 -1
48 49 -1
48 51 -1
48 55 -1
48 56 -1
48 61 -1
48 65 1
48 67 1
48 73 1
48 75 -1
48 77 -1
48 80 -1
48 81 1
48 84 -1
48 85 -1
48 86 -1
48 90 -1
49 1 -1
49 3 1
49 4 -1
49 6 -1
49 7 -1
49 10 -1
49 12 -1
49 14 1
49 15 -1
49 17 -1
49 18 -1
49 21 -1
49 22 -1
49 26 -1
49 27 1
49 28 -1
49 29 -1
49 32 -1
49 34 -1
49 35 -1
49 40 -1
49 41 -1
49 45 -1
49 46 -1
49 47 -1
49 50 -1
49 51 -1
49 55 -1
49 57 -1
49 63 1
49 64 -1
49 67 -1
49 69 -1
49 70 -1
49 74 -1
49 77 -1
49 79 -1
49 81 -1
49 82 -1
49 83 -1
49 85 1
49 86 -1
49 87 1
49 88 -1
49 89 -1
50 1 -1
50 2 -1
50 6 -1
50 9 -1
50 14 -1
50 15 -1
50 23 1
50 29 -1
50 31 1
50 32 -1
50 34 -1
50 37 -1
50 38 -1
50 41 -1
50 42 -1
50 43 -1
50 44 1
50 45 -1
50 46 1
50 47 -1
50 48 -1
50 57 1
50 58 -1
50 59 -1
50 61 -1
50 63 -1
50 64 -1
50 68 -1
50 69 -1
50 71 -1
50 75 -1
50 76 -1
50 78 -1
50 83 -1
50 84 -1
50 85 -1
50 87 1
50 89 -1
50 90 -1
51 1 1
51 4 -1
51 5 -1
51 8 -1
51 11 -1
51 12 -1
51 13 -1
51 15 -1
51 16 -1
51 18 1
51 19 -1
51 20 1
51 22 -1
51 23 -1
51 24 -1
51 25 -1
51 28 -1
51 29 -1
51 31 -1
51 34 -1
51 36 -1
51 38 -1
51 40 -1
51 41 -1
51 46 -1
51 47 -1
51 50 -1
51 53 -1
51 54 -1
51 55 1
51 61 -1
51 64 -1
51 66 -1
51 67 -1
51 68 -1
51 74 1
51 77 1
51 79 -1
51 80 -1
51 83 -1
51 86 1
51 87 -1
51 88 1
51 89 -1
52 1 -1
52 7 -1
52 8 -1
52 10 -1
52 11 1
52 13 1
52 14 1
52 15 -1
52 20 -1
52 22 1
52 24 1
52 25 -1
52 26 -1
52 30 -1
52 31 -1
52 32 1
52 33 -1
52 34 -1
52 36 -1
52 37 -1
52 38 -1
52 39 1
52 42 -1
52 43 -1
52 45 -1
52 48 1
52 49 -1
52 50 -1
52 51 -1
52 54 -1
52 55 -1
52 57 -1
52 61 1
52 62 1
52 63 -1
52 65 -1
52 67 -1
52 70 -1
52 72 -1
52 74 -1
52 75 -1
52 76 -1
52 77 -1
52 79 1
52 80 -1
52 81 -1
52 83 1
52 85 1
52 88 -1
52 89 -1
52 90 -1
53 1 -1
53 2 -1
53 4 -1
53 6 -1
53 9 1
53 11 1
53 13 1
53 14 -1
53 18 -1
53 20 -1
53 21 -1
53 22 -1
53 24 -1
53 25 1
53 27 -1
53 29 -1
53 30 -1
53 31 -1
53 32 -1
53 33 -1
53 35 -1
53 37 -1
53 38 -1
53 41 1
53 45 -1
53 47 -1
53 48 -1
53 49 -1
53 50 1
53 52 1
53 54 -1
53 56 -1
53 58 -1
53 59 -1
53 62 -1
53 63 -1
53 64 -1
53 65 -1
53 66 -1
53 67 1
53 69 -1
53 70 1
53 71 1
53 75 -1
53 76 1
53 77 -1
53 83 -1
53 84 -1
53 86 -1
53 87 -1
53 89 -1
53 90 -1
54 1 -1
54 2 -1
54 3 -1
54 8 -1
54 9 -1
54 10 -1
54 12 -1
54 13 -1
54 15 -1
54 16 -1
54 17 -1
54 21 -1
54 23 -1
54 24 -1
54 25 -1
54 26 -1
54 27 1
54 33 -1
54 36 -1
54 37 -1
54 38 -1
54 40 1
54 48 -1
54 49 1
54 50 -1
54 55 -1
54 56 -1
54 57 -1
54 58 -1
54 61 1
54 62 1
54 64 -1
54 70 -1
54 72 1
54 73 -1
54 74 -1
54 75 -1
54 78 -1
54 79 -1
54 80 -1
54 82 -1
54 83 -1
54 84 -1
54 86 -1
54 87 -1
54 88 -1
55 1 -1
55 2 -1
55 3 -1
55 13 -1
55 15 -1
55 18 -1
55 19 -1
55 20 -1
55 23 -1
55 25 -1
55 28 -1
55 30 1
55 33 1
55 34 -1
55 36 -1
55 37 1
55 41 -1
55 42 -1
55 43 -1
55 44 -1
55 45 -1
55 46 -1
55 47 -1
55 50 1
55 53 1
55 58 -1
55 60 -1
55 61 1
55 62 -1
55 63 -1
55 65 -1
55 66 -1
55 67 -1
55 68 -1
55 69 1
55 71 -1
55 74 -1
55 75 -1
55 76 -1
55 77 -1
55 80 -1
55 84 -1
55 90 -1
56 2 -1
56 4 -1
56 5 -1
56 9 -1
56 14 -1
56 15 -1
56 16 -1
56 18 -1
56 21 1
56 22 -1
56 24 -1
56 25 -1
56 27 -1
56 29 -1
56 30 -1
56 32 1
56 34 1
56 37 -1
56 39 -1
56 40 -1
56 41 -1
56 43 1
56 44 1
56 45 -1
56 46 -1
56 47 1
56 49 -1
56 50 -1
56 51 -1
56 52 -1
56 55 -1
56 57 1
56 62 1
56 63 1
56 65 -1
56 66 -1
56 67 -1
56 69 -1
56 71 -1
56 75 1
56 78 -1
56 80 -1
56 81 -1
56 84 -1
56 86 -1
56 89 -1
56 90 -1
57 1 -1
57 4 -1
57 5 -1
57 6 -1
57 7 -1
57 9 -1
57 12 -1
57 15 -1
57 22 -1
57 24 -1
57 25 -1
57 26 1
57 28 -1
57 30 1
57 34 -1
57 35 -1
57 36 -1
57 38 1
57 40 -1
57 41 -1
57 44 1
57 46 -1
57 47 -1
57 48 1
57 51 -1
57 53 -1
57 55 -1
57 58 -1
57 61 -1
57 63 -1
57 66 -1
57 70 -1
57 71 -1
57 77 1
57 78 -1
57 79 -1
57 80 -1
57 83 -1
57 86 -1
57 87 -1
58 1 -1
58 2 -1
58 4 1
58 8 -1
58 12 1
58 15 -1
58 16 1
58 19 -1
58 20 -1
58 21 -1
58 25 1
58 26 -1
58 27 -1
58 30 -1
58 34 1
58 38 1
58 45 1
58 46 -1
58 47 -1
58 48 1
58 49 -1
58 51 -1
58 52 -1
58 56 -1
58 59 -1
58 61 -1
58 62 -1
58 63 -1
58 64 1
58 65 -1
58 67 1
58 73 -1
58 74 -1
58 76 -1
58 80 1
58 83 -1
58 86 -1
58 88 -1
58 90 -1
59 1 -1
59 2 1
59 6 1
59 8 -1
59 10 -1
59 13 -1
59 15 -1
59 16 -1
59 17 -1
59 18 -1
59 20 -1
59 21 -1
59 24 1
59 25 -1
59 28 -1
59 29 -1
59 32 -1
59 33 1
59 34 -1
59 36 -1
59 37 -1
59 38 -1
59 40 -1
59 41 -1
59 46 -1
59 48 -1
59 49 1
59 51 -1
59 52 -1
59 54 -1
59 55 -1
59 56 -1
59 57 1
59 60 1
59 61 1
59 67 -1
59 69 -1
59 71 -1
59 73 1
59 76 -1
59 78 -1
59 79 -1
59 84 -1
60 7 -1
60 10 -1
60 11 -1
60 13 -1
60 15 -1
60 17 -1
60 21 -1
60 23 -1
60 24 1
60 26 -1
60 28 -1
60 32 -1
60 35 -1
60 37 -1
60 39 1
60 40 1
60 43 -1
60 44 -1
60 46 1
60 47 -1
60 48 -1
60 49 -1
60 50 -1
60 51 -1
60 52 -1
60 53 -1
60 54 -1
60 56 -1
60 57 -1
60 58 1
60 65 -1
60 67 1
60 69 1
60 73 -1
60 74 -1
60 75 -1
60 76 1
60 77 1
60 84 -1
60 86 -1
60 88 -1
60 90 -1
61 1 1
61 5 -1
61 13 -1
61 14 1
61 15 -1
61 16 -1
61 18 -1
61 20 -1
61 33 -1
61 34 -1
61 35 -1
61 37 -1
61 39 -1
61 43 -1
61 46 1
61 49 1
61 53 -1
61 56 -1
61 60 -1
61 64 -1
61 67 -1
61 69 -1
61 71 -1
61 72 -1
61 73 -1
61 75 -1
61 79 -1
61 82 1
61 86 -1
61 87 -1
61 88 -1
62 2 1
62 3 1
62 9 1
62 16 -1
62 19 -1
62 21 1
62 22 -1
62 24 -1
62 25 1
62 26 -1
62 27 1
62 28 1
62 29 -1
62 34 -1
62 36 -1
62 37 -1
62 38 -1
62 39 -1
62 41 -1
62 44 -1
62 46 -1
62 47 -1
62 48 -1
62 49 -1
62 50 -1
62 51 1
62 57 -1
62 59 -1
62 60 -1
62 61 1
62 63 -1
62 64 -1
62 65 -1
62 67 1
62 68 -1
62 69 -1
62 70 -1
62 73 -1
62 75 -1
62 76 -1
62 78 -1
62 82 -1
62 83 -1
62 84 -1
62 86 -1
62 87 1
62 88 1
63 5 1
63 6 -1
63 9 -1
63 11 -1
63 12 -1
63 14 -1
63 16 -1
63 21 -1
63 22 -1
63 24 -1
63 25 -1
63 27 1
63 28 1
63 29 -1
63 30 -1
63 32 -1
63 33 -1
63 34 1
63 35 -1
63 39 -1
63 44 1
63 47 -1
63 48 -1
63 51 -1
63 54 -1
63 59 -1
63 60 -1
63 61 -1
63 64 -1
63 65 1
63 67 -1
63 69 -1
63 72 1
63 73 -1
63 74 -1
63 75 -1
63 77 -1
63 78 -1
63 82 -1
63 83 -1
63 84 -1
63 85 -1
63 88 1
64 6 1
64 7 -1
64 9 -1
64 13 -1
64 14 -1
64 17 1
64 19 -1
64 20 1
64 27 -1
64 29 -1
64 31 1
64 32 -1
64 37 1
64 38 -1
64 39 -1
64 41 -1
64 46 -1
64 48 -1
64 52 1
64 55 -1
64 56 -1
64 57 -1
64 59 -1
64 60 1
64 65 -1
64 69 -1
64 72 -1
64 73 1
64 75 -1
64 79 -1
64 84 1
64 85 -1
64 88 -1
65 1 1
65 2 1
65 3 1
65 4 -1
65 6 -1
65 7 -1
65 9 1
65 11 -1
65 18 -1
65 20 -1
65 21 -1
65 24 1
65 26 -1
65 32 -1
65 33 -1
65 37 -1
65 38 -1
65 40 -1
65 43 -1
65 44 -1
65 49 -1
65 50 -1
65 51 -1
65 54 -1
65 57 -1
65 59 1
65 61 -1
65 66 -1
65 67 -1
65 72 -1
65 73 -1
65 74 -1
65 76 -1
65 78 -1
65 80 -1
65 81 -1
65 82 -1
65 84 1
65 85 -1
65 86 -1
65 90 -1
66 1 -1
66 5 -1
66 6 -1
66 9 -1
66 10 -1
66 13 1
66 15 -1
66 16 -1
66 19 -1
66 22 1
66 23 -1
66 27 -1
66 34 -1
66 36 -1
66 37 -1
66 38 -1
66 39 1
66 40 -1
66 41 -1
66 42 -1
66 43 -1
66 44 1
66 48 -1
66 49 -1
66 50 -1
66 52 -1
66 54 1
66 58 1
66 59 -1
66 60 -1
66 61 -1
66 62 -1
66 63 -1
66 64 -1
66 67 1
66 70 -1
66 72 -1
66 73 -1
66 74 1
66 75 -1
66 76 -1
66 77 -1
66 83 -1
66 84 -1
66 85 -1
66 86 1
66 87 -1
66 88 -1
66 89 -1
66 90 -1
67 2 -1
67 3 -1
67 5 -1
67 6 1
67 10 -1
67 12 -1
67 14 -1
67 15 1
67 18 -1
67 20 -1
67 23 -1
67 24 -1
67 26 -1
67 27 -1
67 28 -1
67 30 -1
67 31 -1
67 32 -1
67 33 -1
67 37 -1
67 40 1
67 50 -1
67 54 -1
67 57 -1
67 64 -1
67 71 1
67 72 1
67 76 1
67 77 -1
67 78 -1
67 79 -1
67 80 -1
67 82 1
67 84 -1
67 85 -1
67 89 -1
67 90 -1
68 7 1
68 8 -1
68 9 1
68 10 -1
68 14 -1
68 15 -1
68 18 1
68 20 -1
68 21 -1
68 23 -1
68 25 1
68 27 -1
68 28 -1
68 29 -1
68 30 -1
68 35 -1
68 36 -1
68 37 -1
68 39 -1
68 41 -1
68 43 -1
68 48 -1
68 49 -1
68 52 -1
68 53 -1
68 54 -1
68 56 -1
68 57 1
68 58 -1
68 59 -1
68 60 1
68 61 -1
68 63 -1
68 64 -1
68 65 -1
68 66 -1
68 67 -1
68 69 1
68 70 -1
68 72 1
68 73 -1
68 74 -1
68 75 -1
68 81 -1
68 84 -1
68 88 -1
68 89 1
68 90 1
69 1 1
69 2 1
69 3 1
69 5 -1
69 7 -1
69 8 -1
69 9 -1
69 11 -1
69 12 1
69 13 -1
69 14 -1
69 15 -1
69 16 -1
69 17 1
69 18 -1
69 19 -1
69 22 -1
69 26 -1
69 27 -1
69 29 -1
69 30 -1
69 31 -1
69 32 -1
69 35 -1
69 36 -1
69 39 -1
69 41 1
69 42 -1
69 45 -1
69 46 -1
69 48 -1
69 51 -1
69 52 -1
69 54 -1
69 57 -1
69 58 -1
69 65 -1
69 66 1
69 67 -1
69 73 -1
69 74 -1
69 75 -1
69 76 -1
69 78 -1
69 80 -1
69 82 -1
69 85 -1
69 86 -1
69 87 1
70 1 -1
70 3 -1
70 5 -1
70 6 -1
70 7 -1
70 8 -1
70 11 -1
70 13 -1
70 14 1
70 15 -1
70 16 -1
70 17 -1
70 18 1
70 19 -1
70 23 -1
70 25 -1
70 26 1
70 27 -1
70 28 -1
70 30 -1
70 32 -1
70 34 -1
70 36 -1
70 41 -1
70 43 -1
70 46 -1
70 47 -1
70 48 -1
70 50 -1
70 51 -1
70 55 1
70 56 -1
70 58 -1
70 59 1
70 60 -1
70 61 -1
70 63 1
70 64 -1
70 65 -1
70 67 -1
70 69 -1
70 71 -1
70 73 -1
70 74 1
70 77 -1
70 78 -1
70 80 -1
70 83 -1
70 84 -1
70 85 -1
70 87 -1
70 88 -1
70 89 -1
71 3 1
71 5 -1
71 7 -1
71 10 1
71 16 -1
71 20 -1
71 21 -1
71 25 -1
71 27 -1
71 29 -1
71 32 -1
71 36 1
71 37 -1
71 38 -1
71 43 -1
71 45 1
71 46 1
71 47 -1
71 48 -1
71 49 -1
71 51 -1
71 52 -1
71 54 -1
71 58 -1
71 60 -1
71 62 -1
71 63 -1
71 64 -1
71 65 1
71 66 1
71 68 -1
71 69 -1
71 73 -1
71 77 -1
71 78 -1
71 80 -1
71 81 -1
71 82 -1
71 83 -1
71 86 -1
71 89 -1
71 90 -1
72 2 1
72 4 -1
72 8 -1
72 11 1
72 12 -1
72 14 -1
72 19 -1
72 20 -1
72 24 1
72 27 -1
72 28 -1
72 32 -1
72 34 1
72 38 -1
72 39 1
72 41 -1
72 42 -1
72 44 -1
72 45 -1
72 47 -1
72 48 -1
72 49 1
72 50 1
72 51 -1
72 53 1
72 55 -1
72 56 -1
72 57 -1
72 58 -1
72 59 -1
72 60 -1
72 62 1
72 69 1
72 70 1
72 71 -1
72 73 -1
72 74 -1
72 76 -1
72 80 -1
72 81 -1
72 83 -1
72 86 1
72 87 -1
73 2 1
73 3 1
73 4 -1
73 5 -1
73 7 -1
73 8 -1
73 10 -1
73 21 -1
73 22 -1
73 24 -1
73 25 -1
73 26 -1
73 31 1
73 32 1
73 35 -1
73 37 -1
73 39 1
73 40 -1
73 46 1
73 47 -1
73 49 -1
73 50 -1
73 51 1
73 52 -1
73 53 -1
73 55 -1
73 56 -1
73 57 -1
73 67 -1
73 74 -1
73 75 -1
73 78 1
73 81 -1
73 82 -1
73 85 -1
73 86 1
73 89 -1
73 90 -1
74 1 -1
74 5 -1
74 7 -1
74 8 -1
74 9 -1
74 10 1
74 11 1
74 13 -1
74 15 -1
74 20 -1
74 22 1
74 23 -1
74 24 1
74 25 -1
74 27 -1
74 28 1
74 29 1
74 32 -1
74 36 -1
74 37 -1
74 39 -1
74 40 -1
74 42 -1
74 43 -1
74 45 -1
74 46 -1
74 48 1
74 50 -1
74 53 -1
74 56 -1
74 57 -1
74 59 -1
74 61 1
74 62 1
74 64 -1
74 67 -1
74 71 1
74 77 -1
74 80 -1
74 81 -1
74 82 -1
74 83 -1
74 87 -1
74 89 1
75 2 -1
75 8 -1
75 10 1
75 13 -1
75 15 -1
75 16 -1
75 19 -1
75 20 -1
75 23 -1
75 24 -1
75 25 -1
75 27 -1
75 29 -1
75 30 -1
75 35 -1
75 38 -1
75 45 -1
75 46 -1
75 49 1
75 51 -1
75 57 -1
75 58 -1
75 59 1
75 65 -1
75 67 -1
75 70 -1
75 71 -1
75 72 -1
75 74 1
75 79 1
75 80 -1
75 84 -1
75 87 -1
75 88 -1
76 1 -1
76 2 -1
76 5 -1
76 6 -1
76 15 -1
76 16 -1
76 17 -1
76 18 1
76 20 -1
76 22 1
76 23 -1
76 25 -1
76 26 -1
76 29 -1
76 32 -1
76 36 -1
76 37 -1
76 39 -1
76 40 -1
76 41 -1
76 43 1
76 48 -1
76 49 1
76 51 -1
76 54 -1
76 56 -1
76 57 -1
76 61 -1
76 63 -1
76 64 -1
76 68 -1
76 70 -1
76 71 -1
76 73 1
76 74 -1
76 75 1
76 79 -1
76 82 -1
76 86 -1
76 87 -1
76 89 -1
76 90 -1
77 1 -1
77 2 -1
77 7 1
77 10 -1
77 12 -1
77 14 -1
77 16 -1
77 17 -1
77 19 1
77 21 -1
77 22 -1
77 25 1
77 26 -1
77 27 -1
77 28 -1
77 32 -1
77 33 -1
77 34 -1
77 35 -1
77 40 -1
77 44 -1
77 46 -1
77 47 -1
77 50 -1
77 54 1
77 56 -1
77 58 -1
77 59 -1
77 61 -1
77 62 -1
77 64 -1
77 65 -1
77 68 -1
77 69 -1
77 72 -1
77 73 1
77 75 -1
77 76 -1
77 80 -1
77 82 1
77 86 -1
77 87 -1
77 88 1
77 89 -1
77 90 -1
78 1 -1
78 2 1
78 3 -1
78 4 -1
78 5 -1
78 10 -1
78 13 -1
78 14 -1
78 16 -1
78 18 -1
78 20 1
78 21 -1
78 25 -1
78 27 -1
78 29 1
78 33 1
78 34 -1
78 36 -1
78 37 -1
78 38 -1
78 40 -1
78 43 -1
78 44 -1
78 45 -1
78 48 -1
78 49 -1
78 51 -1
78 52 -1
78 53 -1
78 55 -1
78 58 1
78 60 1
78 61 -1
78 64 -1
78 66 1
78 68 1
78 72 -1
78 74 -1
78 75 -1
78 76 1
78 77 -1
78 82 -1
78 83 -1
78 90 -1
79 1 -1
79 4 1
79 5 -1
79 6 1
79 8 -1
79 9 -1
79 10 1
79 11 -1
79 14 -1
79 17 -1
79 19 -1
79 23 -1
79 26 -1
79 27 1
79 28 -1
79 30 -1
79 31 -1
79 34 -1
79 37 -1
79 38 -1
79 39 -1
79 41 -1
79 42 -1
79 44 -1
79 46 -1
79 48 -1
79 50 -1
79 53 -1
79 55 -1
79 56 -1
79 58 1
79 60 -1
79 62 -1
79 63 -1
79 65 -1
79 66 -1
79 68 -1
79 69 -1
79 70 -1
79 71 1
79 72 1
79 73 -1
79 74 -1
79 77 -1
79 78 -1
79 82 -1
79 87 -1
79 88 -1
79 89 -1
80 5 1
80 8 1
80 11 -1
80 13 -1
80 15 -1
80 17 -1
80 18 1
80 20 1
80 23 -1
80 25 -1
80 27 -1
80 28 1
80 29 -1
80 32 -1
80 37 -1
80 40 -1
80 41 -1
80 42 -1
80 43 -1
80 44 -1
80 47 1
80 49 -1
80 50 -1
80 53 -1
80 59 -1
80 60 -1
80 61 -1
80 62 -1
80 63 -1
80 64 -1
80 66 -1
80 68 -1
80 73 -1
80 76 -1
80 78 -1
80 79 -1
80 81 -1
80 82 -1
80 83 -1
80 84 -1
80 85 -1
80 87 -1
80 88 -1
80 90 1
81 1 -1
81 5 -1
81 8 -1
81 9 -1
81 14 -1
81 15 -1
81 17 -1
81 19 -1
81 20 -1
81 21 -1
81 23 -1
81 24 -1
81 25 -1
81 28 -1
81 29 -1
81 31 -1
81 36 1
81 41 -1
81 42 -1
81 44 -1
81 45 -1
81 47 -1
81 50 -1
81 51 -1
81 53 -1
81 54 -1
81 55 -1
81 57 -1
81 58 -1
81 59 -1
81 60 -1
81 61 -1
81 62 -1
81 63 -1
81 64 -1
81 66 -1
81 67 -1
81 69 -1
81 70 -1
81 75 -1
81 76 1
81 77 -1
81 78 -1
81 79 1
81 82 -1
81 83 1
81 86 1
81 89 -1
82 1 -1
82 2 -1
82 5 -1
82 6 -1
82 7 1
82 13 -1
82 18 -1
82 19 -1
82 23 -1
82 24 -1
82 26 1
82 28 1
82 30 -1
82 31 -1
82 32 -1
82 33 1
82 35 -1
82 36 -1
82 37 -1
82 39 -1
82 40 -1
82 43 -1
82 46 -1
82 48 -1
82 50 1
82 51 -1
82 52 -1
82 53 -1
82 55 1
82 56 -1
82 57 -1
82 58 -1
82 59 -1
82 60 1
82 64 -1
82 66 -1
82 68 -1
82 70 1
82 72 -1
82 75 1
82 84 1
82 85 -1
82 86 -1
82 87 -1
82 88 -1
83 1 1
83 4 -1
83 7 -1
83 8 -1
83 10 -1
83 13 1
83 14 -1
83 15 -1
83 17 -1
83 18 -1
83 20 -1
83 21 -1
83 22 -1
83 25 -1
83 26 -1
83 27 -1
83 28 -1
83 32 1
83 33 -1
83 34 1
83 37 1
83 39 -1
83 40 -1
83 41 -1
83 42 1
83 43 -1
83 44 1
83 46 1
83 47 -1
83 48 -1
83 55 -1
83 56 -1
83 59 1
83 60 1
83 61 1
83 64 1
83 65 -1
83 67 -1
83 68 -1
83 69 -1
83 73 -1
83 75 1
83 76 1
83 77 1
83 79 -1
83 82 -1
83 84 1
83 85 -1
83 87 -1
83 89 -1
83 90 -1
84 1 -1
84 4 -1
84 10 -1
84 11 -1
84 14 1
84 15 -1
84 16 -1
84 17 -1
84 18 1
84 20 1
84 21 -1
84 22 -1
84 23 -1
84 24 1
84 25 -1
84 28 -1
84 29 -1
84 30 -1
84 32 -1
84 34 -1
84 36 -1
84 40 1
84 41 -1
84 44 -1
84 45 -1
84 47 -1
84 49 -1
84 51 -1
84 52 -1
84 57 -1
84 58 -1
84 61 1
84 69 -1
84 71 1
84 72 -1
84 73 -1
84 74 -1
84 76 -1
84 77 -1
84 78 -1
84 79 -1
84 81 -1
84 85 1
84 88 1
84 90 -1
85 1 -1
85 2 -1
85 3 -1
85 4 -1
85 7 -1
85 10 -1
85 11 1
85 12 -1
85 13 -1
85 14 -1
85 15 -1
85 16 -1
85 17 -1
85 19 -1
85 22 1
85 25 -1
85 28 -1
85 29 -1
85 30 -1
85 31 -1
85 33 -1
85 34 1
85 37 -1
85 38 -1
85 41 -1
85 42 -1
85 51 1
85 53 -1
85 54 -1
85 55 -1
85 56 -1
85 57 -1
85 58 -1
85 59 -1
85 60 -1
85 61 -1
85 62 -1
85 68 1
85 71 -1
85 72 -1
85 74 -1
85 75 -1
85 76 -1
85 77 -1
85 78 -1
85 79 1
85 81 1
85 86 1
85 87 -1
85 90 -1
86 2 -1
86 3 -1
86 4 -1
86 7 -1
86 8 1
86 9 -1
86 10 -1
86 12 -1
86 14 -1
86 16 -1
86 17 -1
86 18 -1
86 19 -1
86 21 -1
86 23 -1
86 24 -1
86 27 -1
86 28 -1
86 29 -1
86 31 -1
86 33 -1
86 35 -1
86 36 -1
86 37 -1
86 38 -1
86 41 -1
86 45 -1
86 46 -1
86 50 -1
86 52 -1
86 55 1
86 59 -1
86 63 -1
86 64 -1
86 67 -1
86 68 -1
86 70 -1
86 74 -1
86 75 -1
86 78 -1
86 79 -1
86 80 -1
86 83 -1
86 84 -1
86 87 -1
86 89 -1
86 90 1
87 1 -1
87 3 -1
87 4 -1
87 6 -1
87 8 -1
87 9 -1
87 10 -1
87 11 -1
87 12 -1
87 13 -1
87 14 -1
87 16 1
87 17 -1
87 18 -1
87 20 -1
87 21 -1
87 22 -1
87 24 1
87 26 1
87 27 -1
87 31 -1
87 32 1
87 33 1
87 36 1
87 38 -1
87 39 1
87 41 -1
87 42 -1
87 43 -1
87 46 1
87 48 -1
87 52 -1
87 55 -1
87 56 -1
87 58 -1
87 59 -1
87 60 -1
87 63 -1
87 64 -1
87 65 -1
87 67 -1
87 68 -1
87 71 -1
87 73 -1
87 78 -1
87 81 1
87 84 1
87 88 -1
87 89 -1
88 1 1
88 6 -1
88 8 1
88 10 -1
88 11 -1
88 21 -1
88 22 -1
88 23 -1
88 24 -1
88 36 -1
88 38 -1
88 40 -1
88 42 -1
88 43 -1
88 44 -1
88 45 -1
88 48 -1
88 50 1
88 53 1
88 55 -1
88 56 -1
88 57 -1
88 59 -1
88 65 -1
88 67 -1
88 69 -1
88 71 -1
88 72 -1
88 73 1
88 74 1
88 76 -1
88 78 -1
88 81 -1
88 83 1
88 85 -1
88 86 -1
88 89 -1
89 1 -1
89 2 -1
89 4 -1
89 5 1
89 7 -1
89 9 -1
89 10 -1
89 13 -1
89 16 -1
89 17 -1
89 18 -1
89 20 -1
89 26 -1
89 27 -1
89 31 -1
89 33 -1
89 36 -1
89 44 -1
89 45 1
89 46 -1
89 47 1
89 48 -1
89 54 -1
89 55 -1
89 57 -1
89 58 -1
89 59 -1
89 60 -1
89 61 -1
89 62 -1
89 63 -1
89 64 1
89 65 -1
89 69 -1
89 72 1
89 75 -1
89 78 -1
89 80 -1
89 82 -1
89 84 -1
89 85 -1
89 90 -1
90 1 1
90 2 1
90 3 -1
90 5 -1
90 8 -1
90 9 1
90 10 -1
90 11 -1
90 14 -1
90 16 -1
90 18 -1
90 19 1
90 21 -1
90 22 -1
90 28 -1
90 29 -1
90 32 1
90 33 -1
90 36 1
90 39 -1
90 40 -1
90 43 -1
90 45 -1
90 49 -1
90 51 -1
90 54 1
90 57 -1
90 59 -1
90 61 -1
90 62 -1
90 63 -1
90 64 1
90 69 1
90 70 -1
90 72 -1
90 74 -1
90 75 -1
90 79 -1
90 81 -1
90 82 -1
90 87 -1
90 88 -1
