vertices: 130 edges: 8385
1 3 1
1 7 -1
1 8 1
1 9 -1
1 12 -1
1 13 -1
1 14 -1
1 15 1
1 16 -1
1 17 -1
1 20 1
1 21 1
1 22 1
1 23 1
1 24 -1
1 28 -1
1 29 -1
1 36 -1
1 37 1
1 38 1
1 39 1
1 40 1
1 42 -1
1 43 1
1 47 1
1 48 1
1 49 1
1 52 -1
1 53 -1
1 57 1
1 59 1
1 60 -1
1 61 1
1 62 1
1 63 1
1 64 -1
1 65 1
1 66 1
1 67 1
1 68 1
1 72 -1
1 74 -1
1 78 1
1 82 -1
1 84 1
1 85 1
1 86 -1
1 89 1
1 91 1
1 95 -1
1 96 -1
1 100 -1
1 102 1
1 103 -1
1 106 1
1 109 1
1 112 -1
1 113 -1
1 114 1
1 115 -1
1 116 -1
1 117 1
1 118 -1
1 121 1
1 124 1
1 125 -1
1 126 1
1 127 1
1 129 -1
1 130 -1
2 1 -1
2 3 -1
2 6 1
2 7 -1
2 8 -1
2 10 -1
2 12 1
2 13 -1
2 15 -1
2 18 1
2 19 -1
2 21 -1
2 22 1
2 23 -1
2 26 -1
2 27 -1
2 29 1
2 30 -1
2 31 1
2 32 -1
2 36 -1
2 38 1
2 39 1
2 41 1
2 44 1
2 46 -1
2 47 1
2 48 -1
2 52 -1
2 57 -1
2 58 -1
2 61 1
2 68 -1
2 70 -1
2 71 -1
2 72 1
2 73 -1
2 74 1
2 75 1
2 77 1
2 78 1
2 79 1
2 80 1
2 81 1
2 82 -1
2 86 -1
2 87 -1
2 91 1
2 93 1
2 96 -1
2 98 -1
2 100 1
2 101 1
2 103 1
2 104 -1
2 105 1
2 111 -1
2 117 1
2 118 1
2 121 -1
2 123 1
2 124 -1
2 126 1
2 130 -1
3 6 1
3 11 -1
3 14 1
3 21 1
3 22 -1
3 26 1
3 27 1
3 29 -1
3 30 -1
3 35 1
3 36 1
3 37 -1
3 40 1
3 41 1
3 42 -1
3 43 -1
3 46 -1
3 47 -1
3 48 -1
3 50 1
3 52 -1
3 53 1
3 54 1
3 55 1
3 57 -1
3 58 -1
3 59 -1
3 63 -1
3 65 1
3 70 1
3 71 -1
3 75 1
3 76 1
3 77 -1
3 78 1
3 79 1
3 80 1
3 81 -1
3 82 -1
3 86 1
3 87 -1
3 89 1
3 90 -1
3 91 -1
3 92 1
3 93 1
3 97 -1
3 105 -1
3 112 -1
3 114 -1
3 115 -1
3 118 -1
3 119 1
3 120 -1
3 121 1
3 123 -1
3 124 1
3 125 1
3 127 -1
4 1 -1
4 2 1
4 3 1
4 7 -1
4 8 -1
4 9 -1
4 13 1
4 14 -1
4 22 1
4 23 1
4 25 1
4 26 -1
4 30 1
4 31 -1
4 32 -1
4 34 -1
4 40 -1
4 42 1
4 44 -1
4 45 -1
4 46 1
4 47 1
4 49 -1
4 54 1
4 55 1
4 57 -1
4 60 1
4 61 1
4 62 1
4 63 -1
4 64 -1
4 65 -1
4 67 1
4 68 -1
4 69 1
4 70 -1
4 72 -1
4 73 1
4 76 -1
4 78 -1
4 79 1
4 80 1
4 81 -1
4 84 -1
4 85 -1
4 89 1
4 91 1
4 92 1
4 97 -1
4 99 -1
4 101 1
4 104 -1
4 105 1
4 106 -1
4 107 -1
4 109 1
4 111 1
4 112 1
4 114 1
4 117 1
4 119 1
4 120 -1
4 123 -1
4 124 -1
4 126 1
4 128 -1
4 130 -1
5 1 -1
5 2 -1
5 3 -1
5 4 -1
5 7 -1
5 9 1
5 14 -1
5 18 -1
5 22 1
5 24 1
5 26 1
5 27 -1
5 28 -1
5 29 1
5 30 -1
5 31 1
5 32 -1
5 33 -1
5 37 1
5 38 1
5 39 -1
5 40 1
5 42 -1
5 44 -1
5 45 -1
5 48 1
5 52 1
5 54 1
5 55 -1
5 56 1
5 59 1
5 61 1
5 64 1
5 66 1
5 67 -1
5 71 1
5 74 -1
5 75 1
5 77 1
5 79 1
5 81 -1
5 84 -1
5 87 1
5 88 -1
5 90 -1
5 92 1
5 93 1
5 94 -1
5 97 -1
5 100 1
5 101 1
5 103 1
5 104 -1
5 107 -1
5 109 1
5 110 -1
5 111 -1
5 112 1
5 116 1
5 117 -1
5 119 1
5 121 -1
5 123 -1
5 125 1
5 126 -1
5 130 -1
6 1 -1
6 4 1
6 5 -1
6 8 -1
6 11 -1
6 14 1
6 15 -1
6 16 1
6 17 1
6 19 -1
6 21 -1
6 25 -1
6 26 -1
6 27 -1
6 28 -1
6 29 -1
6 30 1
6 32 1
6 33 1
6 34 1
6 38 -1
6 39 -1
6 42 -1
6 47 1
6 49 -1
6 51 -1
6 52 1
6 56 -1
6 57 1
6 58 1
6 59 -1
6 60 -1
6 67 -1
6 69 -1
6 70 1
6 71 1
6 72 1
6 73 1
6 74 -1
6 76 -1
6 77 1
6 79 -1
6 86 -1
6 88 1
6 91 -1
6 93 1
6 94 1
6 98 1
6 99 -1
6 106 -1
6 109 -1
6 110 -1
6 112 1
6 113 1
6 115 -1
6 118 1
6 120 1
6 121 1
6 125 1
6 126 -1
6 127 -1
7 3 -1
7 6 1
7 16 1
7 17 -1
7 22 -1
7 24 -1
7 28 1
7 30 1
7 34 -1
7 35 1
7 36 1
7 38 1
7 39 1
7 40 1
7 41 1
7 42 -1
7 45 -1
7 47 -1
7 51 1
7 52 -1
7 55 1
7 59 -1
7 61 -1
7 62 -1
7 65 -1
7 71 -1
7 73 1
7 74 1
7 75 -1
7 76 -1
7 78 -1
7 79 -1
7 80 -1
7 83 -1
7 84 1
7 86 1
7 87 1
7 88 -1
7 89 1
7 90 1
7 93 -1
7 96 -1
7 100 -1
7 104 -1
7 106 1
7 109 1
7 115 -1
7 116 1
7 117 -1
7 120 1
7 122 1
7 123 1
7 128 -1
7 129 -1
8 3 1
8 5 1
8 7 -1
8 9 -1
8 10 -1
8 11 1
8 14 -1
8 15 -1
8 17 1
8 18 -1
8 19 1
8 20 1
8 21 1
8 23 1
8 25 1
8 26 1
8 27 1
8 29 1
8 31 -1
8 32 -1
8 33 1
8 34 -1
8 35 1
8 37 -1
8 40 -1
8 41 -1
8 42 -1
8 47 -1
8 49 1
8 52 1
8 56 -1
8 57 -1
8 62 -1
8 65 -1
8 68 1
8 71 -1
8 73 1
8 78 -1
8 79 1
8 84 1
8 85 -1
8 86 1
8 89 1
8 90 1
8 92 1
8 94 1
8 95 1
8 103 -1
8 104 -1
8 105 -1
8 107 1
8 108 1
8 112 -1
8 113 -1
8 114 -1
8 115 -1
8 116 -1
8 120 -1
8 122 -1
8 123 1
8 124 -1
8 127 -1
8 130 -1
9 2 -1
9 3 1
9 6 -1
9 7 -1
9 10 -1
9 12 -1
9 13 1
9 21 1
9 22 1
9 24 1
9 26 -1
9 27 -1
9 30 1
9 32 -1
9 36 1
9 38 -1
9 39 -1
9 41 1
9 43 -1
9 49 -1
9 50 -1
9 54 1
9 56 1
9 57 -1
9 58 1
9 60 -1
9 61 1
9 63 1
9 66 1
9 70 -1
9 71 1
9 72 -1
9 73 1
9 75 1
9 76 -1
9 77 -1
9 80 -1
9 82 -1
9 86 -1
9 87 -1
9 89 1
9 90 1
9 91 1
9 93 1
9 96 -1
9 98 -1
9 99 1
9 100 1
9 101 -1
9 103 1
9 106 -1
9 108 1
9 109 1
9 111 1
9 114 1
9 116 -1
9 117 1
9 118 -1
9 120 -1
9 121 1
9 125 -1
9 127 -1
9 129 -1
10 1 1
10 3 1
10 4 -1
10 5 1
10 6 1
10 7 1
10 15 1
10 17 1
10 20 -1
10 22 1
10 23 1
10 24 1
10 27 -1
10 28 -1
10 31 1
10 32 1
10 33 -1
10 37 -1
10 38 1
10 39 1
10 42 -1
10 47 -1
10 51 -1
10 52 -1
10 55 1
10 57 1
10 58 1
10 59 1
10 64 1
10 65 1
10 66 1
10 67 -1
10 68 1
10 70 1
10 72 -1
10 73 1
10 74 1
10 77 -1
10 80 -1
10 82 1
10 83 1
10 84 -1
10 86 -1
10 87 -1
10 88 -1
10 89 1
10 90 1
10 92 -1
10 93 1
10 95 -1
10 96 1
10 99 1
10 101 -1
10 105 -1
10 106 1
10 107 1
10 110 -1
10 115 -1
10 117 1
10 118 -1
10 119 1
10 120 -1
10 121 -1
10 122 1
10 123 -1
10 127 1
11 1 1
11 2 1
11 4 1
11 5 -1
11 7 1
11 9 -1
11 10 -1
11 12 1
11 13 1
11 15 -1
11 17 1
11 20 1
11 21 -1
11 22 1
11 23 -1
11 28 1
11 29 1
11 32 1
11 36 1
11 37 -1
11 38 -1
11 39 -1
11 41 -1
11 42 1
11 44 1
11 45 1
11 46 1
11 49 -1
11 51 1
11 54 -1
11 55 -1
11 56 -1
11 57 -1
11 59 -1
11 63 -1
11 65 -1
11 66 -1
11 71 -1
11 73 -1
11 75 -1
11 76 1
11 77 1
11 79 -1
11 80 1
11 83 -1
11 85 1
11 86 -1
11 87 1
11 90 1
11 91 -1
11 92 1
11 94 -1
11 96 1
11 97 -1
11 98 -1
11 100 1
11 102 -1
11 104 -1
11 108 1
11 111 1
11 112 1
11 116 1
11 117 -1
11 118 1
11 119 1
11 120 -1
11 126 1
11 127 1
11 128 -1
11 130 1
12 3 -1
12 4 1
12 5 -1
12 6 -1
12 7 1
12 8 -1
12 10 1
12 15 1
12 16 -1
12 23 -1
12 25 -1
12 29 1
12 31 1
12 32 -1
12 35 -1
12 36 -1
12 37 1
12 38 1
12 39 1
12 41 -1
12 42 1
12 44 -1
12 45 1
12 46 -1
12 47 1
12 50 1
12 52 1
12 53 -1
12 55 1
12 56 -1
12 57 1
12 58 -1
12 59 -1
12 60 1
12 62 -1
12 65 1
12 66 1
12 69 -1
12 73 -1
12 74 1
12 78 1
12 79 1
12 80 1
12 81 1
12 83 1
12 84 1
12 88 1
12 89 1
12 91 -1
12 92 -1
12 93 1
12 95 -1
12 98 1
12 99 -1
12 100 1
12 102 -1
12 103 -1
12 104 1
12 105 1
12 107 1
12 109 1
12 114 1
12 116 1
12 118 1
12 122 -1
12 124 -1
12 126 -1
12 127 1
12 128 -1
12 129 1
13 3 -1
13 5 -1
13 6 1
13 7 -1
13 8 -1
13 10 1
13 12 1
13 16 1
13 17 1
13 19 -1
13 20 -1
13 22 -1
13 26 -1
13 27 -1
13 30 1
13 31 -1
13 33 -1
13 35 -1
13 38 -1
13 40 -1
13 44 1
13 45 1
13 48 -1
13 49 -1
13 51 -1
13 54 -1
13 55 1
13 56 1
13 63 -1
13 64 -1
13 65 -1
13 66 1
13 67 1
13 69 -1
13 70 1
13 74 -1
13 77 1
13 79 -1
13 82 1
13 85 -1
13 87 1
13 88 1
13 89 -1
13 91 -1
13 94 -1
13 95 -1
13 96 -1
13 97 1
13 98 -1
13 101 1
13 102 -1
13 105 1
13 107 -1
13 108 1
13 109 1
13 110 1
13 113 1
13 117 -1
13 118 -1
13 119 1
13 120 1
13 121 -1
13 127 1
13 128 -1
13 129 -1
13 130 -1
14 2 -1
14 7 1
14 9 -1
14 10 -1
14 11 1
14 12 -1
14 13 1
14 16 1
14 17 1
14 18 -1
14 20 -1
14 27 -1
14 28 -1
14 29 -1
14 31 1
14 33 1
14 35 1
14 36 1
14 38 1
14 39 1
14 42 1
14 46 -1
14 50 -1
14 52 -1
14 53 -1
14 54 -1
14 55 -1
14 56 -1
14 57 1
14 58 -1
14 60 1
14 64 -1
14 67 -1
14 68 -1
14 69 -1
14 72 -1
14 73 1
14 80 1
14 81 1
14 82 -1
14 83 -1
14 84 -1
14 85 1
14 88 1
14 91 1
14 92 1
14 94 1
14 96 1
14 97 -1
14 99 1
14 105 -1
14 107 -1
14 108 -1
14 112 1
14 113 1
14 114 -1
14 115 1
14 116 1
14 118 -1
14 120 1
14 121 -1
14 124 -1
14 125 -1
14 126 1
14 127 -1
14 128 1
14 130 1
15 3 -1
15 4 1
15 5 -1
15 7 1
15 9 -1
15 13 1
15 14 -1
15 19 1
15 21 -1
15 23 1
15 25 -1
15 26 1
15 27 -1
15 32 -1
15 34 -1
15 35 -1
15 36 1
15 37 1
15 38 1
15 40 1
15 47 1
15 48 1
15 51 1
15 52 1
15 53 1
15 55 1
15 58 -1
15 59 -1
15 60 -1
15 63 -1
15 64 1
15 66 -1
15 67 -1
15 70 1
15 72 1
15 74 1
15 76 1
15 77 1
15 79 1
15 82 -1
15 84 -1
15 87 1
15 88 1
15 89 -1
15 90 1
15 94 -1
15 95 1
15 98 1
15 99 -1
15 101 1
15 102 -1
15 105 -1
15 106 -1
15 107 -1
15 108 -1
15 109 -1
15 110 1
15 114 1
15 117 -1
15 118 1
15 121 1
15 125 1
15 127 -1
15 128 -1
15 129 -1
16 2 -1
16 3 1
16 4 1
16 5 1
16 8 1
16 9 -1
16 10 -1
16 11 -1
16 15 1
16 17 1
16 18 1
16 21 -1
16 23 1
16 24 -1
16 25 -1
16 28 1
16 29 1
16 31 1
16 33 1
16 36 1
16 37 1
16 44 -1
16 45 1
16 48 -1
16 49 -1
16 50 1
16 52 -1
16 53 -1
16 55 -1
16 56 -1
16 58 -1
16 60 -1
16 61 -1
16 62 -1
16 63 -1
16 64 1
16 65 -1
16 70 1
16 72 -1
16 79 1
16 80 -1
16 83 1
16 88 -1
16 90 -1
16 92 1
16 95 1
16 98 1
16 100 1
16 103 1
16 104 1
16 106 1
16 107 -1
16 115 1
16 120 -1
16 121 1
16 122 1
16 123 1
16 124 1
16 125 1
16 127 -1
16 129 1
17 2 -1
17 3 1
17 4 -1
17 5 1
17 9 -1
17 12 -1
17 15 1
17 18 1
17 21 1
17 23 -1
17 25 1
17 26 1
17 28 -1
17 33 -1
17 34 -1
17 35 1
17 36 -1
17 37 -1
17 38 -1
17 40 -1
17 41 1
17 42 1
17 44 -1
17 46 1
17 48 -1
17 49 1
17 52 -1
17 54 -1
17 55 1
17 56 1
17 61 1
17 63 1
17 64 -1
17 66 1
17 68 -1
17 71 -1
17 72 -1
17 75 1
17 76 -1
17 78 -1
17 80 1
17 82 -1
17 87 -1
17 88 -1
17 90 1
17 92 -1
17 93 -1
17 96 1
17 98 1
17 99 1
17 101 -1
17 104 -1
17 106 1
17 110 -1
17 112 1
17 113 1
17 114 -1
17 115 -1
17 116 1
17 117 1
17 119 1
17 123 1
17 125 -1
17 130 -1
18 1 1
18 3 -1
18 4 -1
18 6 -1
18 7 -1
18 9 1
18 10 1
18 11 -1
18 12 -1
18 13 1
18 15 1
18 19 -1
18 22 1
18 25 -1
18 29 -1
18 32 1
18 33 1
18 35 1
18 36 -1
18 37 -1
18 38 1
18 39 -1
18 40 -1
18 41 -1
18 43 1
18 44 -1
18 45 -1
18 46 1
18 48 -1
18 50 1
18 51 1
18 54 -1
18 55 1
18 60 1
18 62 1
18 63 1
18 65 1
18 67 -1
18 69 1
18 70 -1
18 72 -1
18 74 -1
18 75 -1
18 76 1
18 77 1
18 79 -1
18 80 -1
18 84 -1
18 85 1
18 87 -1
18 95 -1
18 96 1
18 97 1
18 100 -1
18 102 -1
18 103 1
18 108 1
18 110 -1
18 111 1
18 112 -1
18 113 1
18 114 -1
18 116 -1
18 119 1
18 120 1
18 122 -1
18 126 -1
18 127 1
18 128 -1
18 129 -1
18 130 -1
19 1 -1
19 3 -1
19 4 1
19 5 1
19 7 1
19 9 -1
19 10 -1
19 11 1
19 12 -1
19 14 1
19 16 1
19 17 -1
19 20 -1
19 21 -1
19 27 1
19 28 1
19 31 -1
19 33 1
19 35 -1
19 40 -1
19 42 -1
19 44 1
19 46 -1
19 52 -1
19 53 -1
19 58 1
19 60 1
19 63 1
19 65 -1
19 72 1
19 73 -1
19 74 1
19 76 -1
19 78 1
19 79 -1
19 83 -1
19 84 -1
19 86 1
19 88 -1
19 89 -1
19 92 1
19 94 -1
19 97 1
19 98 -1
19 99 1
19 102 1
19 105 1
19 106 -1
19 107 1
19 108 -1
19 111 1
19 116 -1
19 117 -1
19 119 1
19 121 1
19 123 1
19 124 1
19 127 1
19 128 -1
19 129 -1
19 130 1
20 2 -1
20 3 1
20 4 -1
20 5 1
20 6 -1
20 7 1
20 9 -1
20 12 -1
20 15 1
20 16 -1
20 17 -1
20 18 -1
20 21 -1
20 25 1
20 26 -1
20 28 -1
20 31 1
20 34 1
20 38 -1
20 39 -1
20 40 -1
20 42 1
20 43 1
20 44 -1
20 47 1
20 48 1
20 50 1
20 56 1
20 57 -1
20 61 1
20 64 -1
20 67 1
20 68 -1
20 70 -1
20 74 -1
20 75 -1
20 78 1
20 84 -1
20 87 -1
20 88 1
20 90 1
20 95 -1
20 97 1
20 100 -1
20 101 1
20 102 1
20 105 1
20 107 1
20 108 1
20 110 -1
20 111 -1
20 113 1
20 116 1
20 117 -1
20 120 -1
20 121 1
20 122 -1
20 125 1
20 126 1
20 128 1
20 129 -1
21 4 1
21 5 1
21 7 -1
21 10 1
21 12 1
21 13 1
21 14 1
21 18 1
21 22 -1
21 23 1
21 26 -1
21 27 1
21 28 1
21 29 -1
21 30 -1
21 31 -1
21 32 -1
21 33 -1
21 40 -1
21 43 1
21 45 1
21 46 1
21 47 -1
21 48 -1
21 50 1
21 55 -1
21 56 1
21 58 1
21 59 1
21 62 -1
21 63 -1
21 64 -1
21 65 1
21 66 1
21 67 -1
21 70 1
21 71 -1
21 72 -1
21 75 1
21 77 -1
21 79 1
21 80 -1
21 81 -1
21 82 -1
21 84 -1
21 85 -1
21 87 1
21 88 -1
21 90 -1
21 92 1
21 93 1
21 94 -1
21 95 -1
21 97 -1
21 99 1
21 100 1
21 101 -1
21 102 -1
21 106 -1
21 108 -1
21 110 1
21 117 -1
21 119 1
21 123 -1
21 126 -1
21 129 -1
22 6 -1
22 8 1
22 12 1
22 14 -1
22 15 1
22 16 -1
22 17 1
22 19 -1
22 20 -1
22 24 1
22 25 -1
22 27 1
22 28 -1
22 29 1
22 30 -1
22 32 1
22 33 1
22 34 -1
22 37 -1
22 42 1
22 43 1
22 45 1
22 46 1
22 47 1
22 49 1
22 51 -1
22 52 1
22 53 -1
22 60 1
22 62 -1
22 66 -1
22 68 -1
22 72 -1
22 73 -1
22 74 1
22 76 1
22 77 1
22 78 1
22 87 1
22 88 1
22 91 1
22 92 -1
22 93 -1
22 94 -1
22 95 1
22 96 -1
22 97 -1
22 98 1
22 100 1
22 101 1
22 102 -1
22 104 1
22 107 -1
22 109 1
22 110 -1
22 114 1
22 116 1
22 118 1
22 120 -1
22 121 -1
22 122 -1
22 125 1
22 126 1
22 128 1
22 130 -1
23 3 -1
23 5 -1
23 6 -1
23 7 1
23 9 1
23 13 -1
23 14 1
23 18 -1
23 19 -1
23 20 -1
23 22 -1
23 24 -1
23 25 1
23 26 1
23 27 1
23 28 1
23 29 1
23 34 -1
23 35 1
23 36 1
23 37 -1
23 43 1
23 44 1
23 46 -1
23 49 1
23 51 1
23 52 -1
23 53 -1
23 54 -1
23 57 1
23 60 1
23 61 -1
23 63 -1
23 66 1
23 67 1
23 68 -1
23 70 1
23 71 1
23 72 -1
23 73 -1
23 75 -1
23 77 1
23 80 1
23 86 1
23 87 -1
23 90 1
23 91 -1
23 93 -1
23 94 -1
23 95 -1
23 96 -1
23 97 1
23 98 1
23 99 -1
23 100 1
23 103 1
23 105 -1
23 106 1
23 107 -1
23 109 1
23 110 1
23 112 -1
23 113 1
23 114 -1
23 117 -1
23 118 -1
23 119 -1
23 126 -1
24 2 1
24 3 1
24 4 -1
24 6 1
24 8 1
24 11 -1
24 12 -1
24 13 1
24 14 1
24 15 -1
24 17 -1
24 18 1
24 19 1
24 20 1
24 21 1
24 25 1
24 26 -1
24 27 1
24 30 1
24 31 -1
24 32 -1
24 33 1
24 36 -1
24 39 1
24 40 1
24 41 1
24 43 1
24 44 -1
24 45 -1
24 49 1
24 51 -1
24 53 1
24 54 1
24 55 -1
24 56 1
24 57 -1
24 58 1
24 59 1
24 62 1
24 64 -1
24 69 1
24 70 -1
24 74 1
24 75 -1
24 77 -1
24 79 -1
24 81 1
24 82 -1
24 83 -1
24 84 -1
24 88 1
24 89 1
24 90 -1
24 95 -1
24 100 1
24 102 -1
24 104 -1
24 105 1
24 106 -1
24 107 -1
24 108 -1
24 110 1
24 112 1
24 115 1
24 119 1
24 122 -1
24 125 1
24 126 1
24 128 -1
24 130 -1
25 1 -1
25 2 1
25 3 -1
25 5 1
25 7 -1
25 9 -1
25 10 1
25 11 -1
25 13 -1
25 14 -1
25 19 -1
25 21 -1
25 27 -1
25 30 1
25 37 -1
25 39 1
25 40 -1
25 41 1
25 44 1
25 45 1
25 46 -1
25 49 -1
25 50 -1
25 52 1
25 53 -1
25 54 1
25 56 -1
25 60 -1
25 61 1
25 65 -1
25 69 1
25 70 -1
25 73 -1
25 75 1
25 76 1
25 79 1
25 80 1
25 83 1
25 84 -1
25 86 -1
25 88 1
25 89 1
25 90 -1
25 97 -1
25 99 1
25 100 -1
25 102 1
25 103 1
25 105 1
25 108 1
25 109 1
25 110 1
25 113 -1
25 115 -1
25 116 -1
25 118 1
25 119 1
25 121 -1
25 123 -1
25 124 -1
25 128 -1
25 129 -1
26 1 -1
26 7 1
26 10 -1
26 11 1
26 12 1
26 14 -1
26 16 1
26 18 1
26 19 -1
26 22 1
26 25 1
26 28 1
26 29 -1
26 30 1
26 31 -1
26 35 -1
26 38 -1
26 40 -1
26 42 -1
26 47 -1
26 48 1
26 49 -1
26 51 1
26 52 1
26 55 -1
26 57 -1
26 60 -1
26 61 -1
26 62 1
26 64 1
26 65 -1
26 66 1
26 67 -1
26 68 1
26 69 -1
26 70 1
26 72 1
26 73 1
26 75 -1
26 76 -1
26 80 1
26 81 1
26 83 -1
26 86 1
26 87 -1
26 88 -1
26 90 1
26 92 1
26 94 1
26 95 -1
26 97 -1
26 98 -1
26 102 1
26 104 1
26 106 -1
26 108 -1
26 109 -1
26 110 -1
26 111 1
26 113 1
26 115 -1
26 117 1
26 119 -1
26 122 1
26 123 -1
26 124 -1
26 126 -1
26 128 -1
27 1 -1
27 4 1
27 7 1
27 11 1
27 12 1
27 16 -1
27 17 -1
27 18 1
27 20 1
27 26 -1
27 28 1
27 34 1
27 35 -1
27 36 -1
27 37 1
27 38 1
27 39 -1
27 40 1
27 41 -1
27 44 -1
27 48 -1
27 49 1
27 50 -1
27 52 -1
27 54 1
27 56 1
27 57 -1
27 59 -1
27 60 -1
27 61 -1
27 63 1
27 65 1
27 66 -1
27 67 1
27 70 1
27 72 -1
27 73 -1
27 74 1
27 75 1
27 76 -1
27 77 1
27 78 -1
27 79 -1
27 81 -1
27 82 1
27 83 1
27 84 1
27 86 1
27 87 -1
27 88 1
27 91 1
27 93 -1
27 94 1
27 97 1
27 100 1
27 101 1
27 102 1
27 103 1
27 108 1
27 110 1
27 111 -1
27 112 1
27 114 -1
27 115 -1
27 116 1
27 117 1
27 118 1
27 119 -1
27 120 1
27 122 1
27 126 -1
27 129 -1
27 130 1
28 2 1
28 3 1
28 4 1
28 8 1
28 9 1
28 12 1
28 13 -1
28 15 -1
28 18 -1
28 24 1
28 25 1
28 31 -1
28 32 -1
28 35 1
28 36 1
28 37 -1
28 38 1
28 39 1
28 41 -1
28 45 -1
28 51 -1
28 55 1
28 56 1
28 58 -1
28 60 1
28 63 1
28 64 -1
28 67 -1
28 68 1
28 70 1
28 71 -1
28 72 1
28 75 -1
28 77 -1
28 80 1
28 81 1
28 83 -1
28 89 1
28 90 -1
28 95 1
28 97 1
28 100 1
28 102 -1
28 103 -1
28 105 1
28 107 1
28 108 -1
28 109 -1
28 111 1
28 112 1
28 115 -1
28 116 1
28 118 1
28 121 -1
28 122 1
28 123 -1
28 127 -1
28 129 1
28 130 -1
29 4 -1
29 7 -1
29 9 1
29 10 1
29 13 -1
29 15 1
29 17 -1
29 19 1
29 20 1
29 24 -1
29 25 -1
29 27 1
29 28 1
29 30 -1
29 31 -1
29 32 -1
29 33 1
29 34 -1
29 35 -1
29 36 1
29 39 1
29 44 1
29 46 -1
29 48 1
29 49 -1
29 54 1
29 59 1
29 60 -1
29 62 1
29 63 -1
29 65 1
29 66 -1
29 68 1
29 69 1
29 71 1
29 72 1
29 73 -1
29 74 1
29 76 -1
29 77 -1
29 79 1
29 80 1
29 81 1
29 82 1
29 84 1
29 85 -1
29 86 -1
29 90 1
29 91 -1
29 93 -1
29 95 -1
29 96 1
29 98 -1
29 99 1
29 100 -1
29 101 -1
29 102 1
29 105 -1
29 110 -1
29 112 -1
29 119 1
29 120 -1
29 124 1
29 125 1
29 127 -1
29 128 -1
29 129 -1
30 1 -1
30 8 1
30 10 1
30 11 -1
30 12 -1
30 14 1
30 15 1
30 16 -1
30 17 -1
30 18 -1
30 19 1
30 20 1
30 23 1
30 27 1
30 28 -1
30 32 1
30 33 -1
30 39 1
30 40 -1
30 43 1
30 44 1
30 45 -1
30 47 1
30 49 -1
30 52 -1
30 53 -1
30 54 1
30 55 -1
30 57 1
30 58 1
30 60 1
30 61 1
30 63 -1
30 64 1
30 65 1
30 67 -1
30 71 -1
30 72 1
30 73 1
30 74 -1
30 76 -1
30 80 -1
30 82 -1
30 83 1
30 84 -1
30 85 1
30 86 -1
30 87 1
30 90 1
30 91 1
30 93 1
30 95 1
30 96 1
30 97 -1
30 98 -1
30 99 1
30 101 -1
30 103 -1
30 105 1
30 106 -1
30 108 -1
30 111 -1
30 113 -1
30 114 1
30 115 1
30 116 -1
30 117 1
30 119 -1
30 121 -1
30 122 1
30 127 1
31 1 1
31 3 1
31 6 1
31 7 1
31 9 -1
31 11 1
31 15 -1
31 17 -1
31 18 -1
31 22 1
31 23 1
31 25 1
31 27 1
31 30 1
31 32 1
31 33 -1
31 34 1
31 36 1
31 37 -1
31 38 -1
31 41 -1
31 43 1
31 44 1
31 46 -1
31 48 1
31 49 -1
31 50 1
31 53 -1
31 54 1
31 55 1
31 57 -1
31 59 -1
31 60 -1
31 65 1
31 66 1
31 68 1
31 69 -1
31 70 1
31 72 1
31 74 -1
31 75 1
31 76 1
31 77 1
31 81 -1
31 84 -1
31 85 1
31 87 -1
31 89 -1
31 90 -1
31 92 1
31 93 1
31 94 -1
31 95 1
31 96 -1
31 97 -1
31 99 -1
31 102 -1
31 103 1
31 105 -1
31 111 1
31 112 1
31 113 -1
31 114 -1
31 115 1
31 116 1
31 117 -1
31 120 1
31 121 -1
31 130 -1
32 1 -1
32 3 -1
32 7 1
32 13 -1
32 14 -1
32 16 -1
32 17 -1
32 19 -1
32 20 -1
32 23 1
32 25 -1
32 26 -1
32 27 -1
32 33 1
32 34 -1
32 39 -1
32 40 -1
32 41 1
32 42 -1
32 43 -1
32 47 1
32 48 -1
32 49 -1
32 53 1
32 54 1
32 55 1
32 56 1
32 57 -1
32 59 -1
32 60 -1
32 62 -1
32 67 -1
32 68 -1
32 69 -1
32 70 -1
32 72 1
32 75 1
32 77 -1
32 81 1
32 82 1
32 83 1
32 84 -1
32 85 1
32 91 1
32 93 1
32 96 1
32 100 -1
32 102 1
32 104 -1
32 107 1
32 108 -1
32 109 1
32 111 -1
32 112 1
32 114 1
32 117 -1
32 119 -1
32 123 1
32 124 1
32 127 -1
32 129 1
32 130 -1
33 1 -1
33 2 -1
33 3 1
33 4 -1
33 7 1
33 9 -1
33 11 -1
33 12 1
33 15 1
33 20 -1
33 23 -1
33 25 1
33 26 1
33 27 1
33 28 1
33 34 1
33 35 -1
33 38 1
33 40 1
33 41 -1
33 42 1
33 46 1
33 48 1
33 49 1
33 50 1
33 53 1
33 54 1
33 55 -1
33 57 -1
33 58 -1
33 60 -1
33 62 -1
33 63 1
33 67 1
33 70 -1
33 72 -1
33 73 1
33 74 -1
33 76 1
33 78 1
33 79 -1
33 80 -1
33 81 -1
33 82 -1
33 83 -1
33 86 -1
33 87 1
33 88 -1
33 89 -1
33 90 1
33 91 1
33 92 1
33 94 -1
33 95 -1
33 96 -1
33 98 1
33 99 -1
33 100 -1
33 101 -1
33 103 -1
33 104 1
33 105 -1
33 107 1
33 110 1
33 113 -1
33 115 -1
33 117 1
33 120 -1
33 121 -1
33 122 1
33 123 -1
33 124 1
33 125 -1
33 126 -1
33 127 1
33 128 -1
33 129 1
33 130 -1
34 1 1
34 2 1
34 3 -1
34 5 -1
34 9 -1
34 10 -1
34 11 1
34 12 1
34 13 -1
34 14 -1
34 16 -1
34 18 1
34 19 1
34 21 1
34 24 1
34 25 1
34 26 -1
34 28 1
34 30 1
34 38 1
34 43 -1
34 44 1
34 48 -1
34 50 1
34 52 -1
34 55 -1
34 58 -1
34 59 1
34 60 -1
34 61 1
34 63 1
34 64 1
34 66 1
34 69 1
34 71 1
34 73 1
34 74 1
34 75 -1
34 77 1
34 78 1
34 85 1
34 86 -1
34 88 -1
34 89 -1
34 90 -1
34 91 -1
34 97 -1
34 98 1
34 100 1
34 101 1
34 103 1
34 104 1
34 105 1
34 106 1
34 107 -1
34 110 -1
34 111 1
34 112 1
34 113 1
34 115 1
34 118 -1
34 119 1
34 120 -1
34 121 -1
34 124 1
34 125 1
34 126 1
34 128 1
34 130 -1
35 1 -1
35 2 -1
35 4 -1
35 5 1
35 6 -1
35 9 -1
35 10 -1
35 11 -1
35 16 -1
35 20 1
35 21 -1
35 22 1
35 24 -1
35 25 -1
35 30 1
35 31 -1
35 32 1
35 34 -1
35 37 -1
35 38 -1
35 40 1
35 43 -1
35 44 1
35 49 -1
35 50 1
35 52 1
35 54 -1
35 55 1
35 57 1
35 58 1
35 59 -1
35 60 1
35 61 1
35 63 1
35 64 1
35 66 1
35 70 1
35 76 -1
35 77 1
35 80 1
35 85 -1
35 86 -1
35 88 -1
35 90 1
35 93 -1
35 95 1
35 96 -1
35 99 -1
35 101 -1
35 103 1
35 104 -1
35 105 1
35 108 1
35 109 -1
35 113 -1
35 114 -1
35 115 1
35 119 1
35 124 -1
35 125 -1
35 128 1
36 4 1
36 5 1
36 6 -1
36 8 -1
36 10 1
36 13 -1
36 19 1
36 20 -1
36 21 1
36 22 -1
36 25 -1
36 26 1
36 30 1
36 32 1
36 33 -1
36 34 1
36 35 -1
36 37 -1
36 38 1
36 40 -1
36 41 -1
36 42 -1
36 43 -1
36 46 -1
36 47 1
36 50 1
36 51 -1
36 54 -1
36 55 1
36 56 -1
36 57 1
36 62 1
36 64 -1
36 65 1
36 66 1
36 69 -1
36 70 -1
36 72 1
36 75 1
36 76 1
36 79 1
36 80 -1
36 81 -1
36 82 1
36 83 -1
36 84 -1
36 86 -1
36 87 1
36 88 1
36 90 -1
36 91 1
36 93 -1
36 94 1
36 96 1
36 101 1
36 103 1
36 104 1
36 105 -1
36 106 1
36 107 1
36 108 1
36 109 1
36 110 -1
36 111 1
36 112 1
36 113 -1
36 114 1
36 116 -1
36 117 -1
36 118 -1
36 119 -1
36 124 -1
36 126 -1
36 129 -1
36 130 -1
37 2 1
37 4 -1
37 6 1
37 7 -1
37 9 -1
37 13 -1
37 14 1
37 19 -1
37 20 -1
37 21 -1
37 24 1
37 26 1
37 29 1
37 30 1
37 32 1
37 33 1
37 34 1
37 38 -1
37 40 -1
37 42 1
37 44 1
37 47 -1
37 49 1
37 52 1
37 54 -1
37 56 -1
37 57 -1
37 59 1
37 60 -1
37 62 1
37 63 1
37 65 1
37 69 1
37 73 1
37 76 -1
37 81 -1
37 83 -1
37 84 -1
37 86 1
37 87 -1
37 89 1
37 90 1
37 92 1
37 93 -1
37 98 -1
37 99 -1
37 100 1
37 102 -1
37 104 1
37 105 -1
37 109 -1
37 113 -1
37 114 1
37 115 1
37 116 -1
37 118 -1
37 120 1
37 122 -1
37 123 1
37 126 -1
37 127 -1
38 3 1
38 4 -1
38 8 -1
38 16 1
38 19 -1
38 21 1
38 22 1
38 23 1
38 24 1
38 25 1
38 29 -1
38 30 1
38 32 1
38 40 -1
38 43 -1
38 46 1
38 49 -1
38 50 -1
38 51 -1
38 54 -1
38 56 1
38 58 -1
38 60 1
38 62 -1
38 63 -1
38 66 -1
38 68 1
38 70 -1
38 72 -1
38 73 1
38 78 -1
38 79 1
38 80 -1
38 84 -1
38 88 1
38 89 -1
38 91 1
38 92 -1
38 94 -1
38 96 1
38 97 1
38 101 -1
38 105 1
38 107 -1
38 109 -1
38 111 1
38 118 1
38 119 -1
38 122 -1
38 123 -1
38 124 1
38 127 1
38 128 -1
39 3 -1
39 4 1
39 8 -1
39 13 -1
39 15 1
39 16 -1
39 17 -1
39 19 -1
39 21 -1
39 22 -1
39 23 1
39 26 -1
39 31 1
39 33 -1
39 34 -1
39 35 -1
39 36 -1
39 37 1
39 38 1
39 41 -1
39 45 1
39 46 -1
39 47 1
39 51 -1
39 52 -1
39 56 1
39 65 1
39 66 1
39 68 -1
39 70 -1
39 71 -1
39 72 1
39 75 1
39 78 1
39 82 1
39 83 1
39 84 -1
39 85 -1
39 87 1
39 91 -1
39 92 -1
39 93 -1
39 94 -1
39 95 -1
39 97 1
39 98 -1
39 99 -1
39 101 1
39 104 -1
39 105 -1
39 107 -1
39 108 -1
39 109 1
39 112 -1
39 114 1
39 115 1
39 118 1
39 119 -1
39 122 1
39 123 -1
39 124 -1
39 127 -1
40 2 -1
40 6 -1
40 9 1
40 10 -1
40 11 1
40 12 -1
40 14 -1
40 16 -1
40 22 1
40 23 1
40 28 -1
40 29 1
40 31 1
40 34 1
40 39 -1
40 42 -1
40 44 1
40 45 -1
40 46 -1
40 47 1
40 54 1
40 55 1
40 56 1
40 57 1
40 59 1
40 61 1
40 64 1
40 65 1
40 68 1
40 69 -1
40 70 -1
40 71 1
40 72 -1
40 74 -1
40 75 -1
40 76 1
40 77 -1
40 78 1
40 79 -1
40 80 1
40 82 1
40 84 -1
40 85 1
40 87 -1
40 91 1
40 94 -1
40 96 1
40 99 1
40 105 1
40 106 -1
40 109 1
40 110 -1
40 112 1
40 115 1
40 118 1
40 119 -1
40 121 -1
40 123 1
40 124 1
40 127 1
40 128 -1
41 1 -1
41 4 1
41 5 -1
41 6 1
41 10 -1
41 13 1
41 14 -1
41 15 -1
41 16 1
41 19 1
41 20 -1
41 21 1
41 22 1
41 23 -1
41 26 -1
41 29 -1
41 30 -1
41 34 1
41 35 -1
41 37 1
41 38 1
41 40 -1
41 42 1
41 43 1
41 46 1
41 47 -1
41 53 -1
41 56 -1
41 57 -1
41 60 -1
41 61 -1
41 62 -1
41 66 1
41 67 1
41 68 1
41 69 -1
41 71 -1
41 77 1
41 78 -1
41 87 1
41 88 1
41 89 1
41 91 1
41 95 1
41 101 1
41 102 1
41 106 1
41 107 1
41 110 1
41 111 -1
41 112 1
41 113 -1
41 119 -1
41 121 1
41 122 1
41 123 1
41 125 -1
41 126 -1
41 127 -1
41 129 -1
41 130 1
42 2 -1
42 9 -1
42 13 1
42 15 -1
42 16 1
42 18 1
42 21 -1
42 23 1
42 24 1
42 25 -1
42 27 1
42 28 1
42 29 1
42 30 -1
42 31 1
42 34 -1
42 35 1
42 38 -1
42 39 1
42 43 -1
42 45 1
42 50 1
42 52 1
42 53 1
42 56 -1
42 58 1
42 59 1
42 60 -1
42 61 1
42 63 1
42 64 1
42 66 -1
42 68 -1
42 69 -1
42 70 1
42 73 -1
42 76 -1
42 84 1
42 85 -1
42 86 1
42 87 -1
42 89 -1
42 90 1
42 91 1
42 92 1
42 93 -1
42 94 -1
42 96 1
42 97 -1
42 101 1
42 105 -1
42 106 1
42 107 1
42 108 1
42 112 -1
42 115 1
42 118 1
42 119 -1
42 121 1
42 122 1
42 123 -1
42 125 -1
42 126 -1
42 128 1
43 2 -1
43 4 1
43 5 -1
43 6 -1
43 7 1
43 8 -1
43 10 1
43 11 -1
43 12 1
43 13 1
43 14 1
43 15 -1
43 16 1
43 17 -1
43 19 1
43 25 -1
43 26 1
43 27 -1
43 28 -1
43 29 1
43 33 -1
43 37 -1
43 39 -1
43 40 -1
43 44 -1
43 45 1
43 47 -1
43 48 1
43 49 -1
43 50 1
43 51 -1
43 53 1
43 55 -1
43 58 1
43 59 1
43 64 -1
43 65 1
43 66 1
43 67 1
43 69 -1
43 70 -1
43 72 -1
43 74 1
43 75 1
43 78 -1
43 82 1
43 83 1
43 84 1
43 85 1
43 86 -1
43 87 -1
43 89 1
43 92 1
43 93 1
43 95 -1
43 96 -1
43 97 -1
43 99 -1
43 101 1
43 102 -1
43 104 -1
43 110 -1
43 112 -1
43 113 1
43 115 1
43 116 1
43 117 -1
43 120 1
43 121 1
43 126 1
43 127 1
43 128 -1
43 129 1
44 1 1
44 3 -1
44 6 -1
44 7 1
44 8 -1
44 9 -1
44 10 1
44 14 1
44 15 -1
44 21 -1
44 22 1
44 26 -1
44 28 1
44 32 -1
44 33 -1
44 36 1
44 38 1
44 39 -1
44 41 1
44 42 -1
44 45 -1
44 46 -1
44 48 -1
44 51 1
44 52 1
44 56 -1
44 57 1
44 58 -1
44 61 -1
44 64 1
44 65 1
44 66 -1
44 68 -1
44 69 -1
44 70 -1
44 73 1
44 74 1
44 75 1
44 76 1
44 79 1
44 81 -1
44 82 -1
44 84 1
44 87 -1
44 88 1
44 89 -1
44 94 -1
44 95 1
44 96 -1
44 98 1
44 99 -1
44 101 -1
44 102 -1
44 106 1
44 109 1
44 113 -1
44 115 -1
44 116 1
44 117 -1
44 121 1
44 128 -1
45 1 1
45 2 1
45 3 -1
45 6 -1
45 8 1
45 9 -1
45 10 -1
45 14 1
45 15 1
45 17 -1
45 19 -1
45 20 -1
45 23 -1
45 26 1
45 27 1
45 29 -1
45 31 -1
45 32 -1
45 33 1
45 34 -1
45 35 -1
45 36 1
45 37 1
45 38 -1
45 41 1
45 46 1
45 51 1
45 53 1
45 58 -1
45 59 1
45 61 1
45 63 1
45 66 -1
45 69 1
45 70 1
45 71 1
45 72 1
45 73 1
45 75 -1
45 76 -1
45 80 1
45 82 -1
45 86 -1
45 88 -1
45 89 -1
45 90 -1
45 94 -1
45 95 -1
45 96 1
45 104 -1
45 105 -1
45 106 1
45 111 1
45 112 -1
45 114 -1
45 118 1
45 120 -1
45 121 1
45 122 1
45 123 -1
45 125 1
45 129 1
46 1 -1
46 5 -1
46 6 1
46 7 -1
46 8 -1
46 9 1
46 10 1
46 13 1
46 15 1
46 16 1
46 20 -1
46 24 -1
46 26 -1
46 27 -1
46 28 -1
46 30 -1
46 32 1
46 34 -1
46 35 -1
46 37 1
46 42 -1
46 43 1
46 47 1
46 50 1
46 51 1
46 52 -1
46 54 -1
46 57 1
46 58 -1
46 60 1
46 63 -1
46 64 -1
46 66 1
46 70 1
46 71 -1
46 73 -1
46 76 -1
46 77 -1
46 80 -1
46 82 1
46 84 1
46 86 -1
46 90 -1
46 91 -1
46 96 1
46 97 1
46 99 -1
46 101 -1
46 105 1
46 107 1
46 109 -1
46 110 -1
46 112 -1
46 120 1
46 121 1
46 122 1
46 123 -1
46 124 1
46 127 1
46 128 1
46 130 1
47 5 -1
47 9 -1
47 11 -1
47 13 -1
47 14 -1
47 16 1
47 17 -1
47 18 -1
47 19 1
47 23 1
47 24 -1
47 25 1
47 27 -1
47 28 1
47 29 1
47 31 -1
47 33 1
47 34 1
47 35 -1
47 38 -1
47 42 1
47 44 1
47 45 1
47 48 -1
47 49 -1
47 50 1
47 51 1
47 52 1
47 57 -1
47 61 -1
47 63 -1
47 64 1
47 66 -1
47 67 -1
47 68 -1
47 70 1
47 71 -1
47 72 1
47 77 1
47 78 -1
47 80 -1
47 81 1
47 82 1
47 83 -1
47 84 1
47 86 1
47 88 -1
47 90 -1
47 92 1
47 93 1
47 96 1
47 97 1
47 98 1
47 99 1
47 102 -1
47 103 1
47 105 -1
47 106 1
47 108 -1
47 110 -1
47 111 1
47 112 -1
47 113 -1
47 114 -1
47 116 1
47 118 -1
47 119 -1
47 121 -1
47 122 1
47 125 -1
47 126 -1
47 127 1
47 128 -1
47 129 1
48 4 1
48 6 1
48 7 1
48 8 -1
48 9 1
48 10 1
48 11 1
48 12 -1
48 14 1
48 19 1
48 22 -1
48 23 -1
48 24 1
48 25 -1
48 28 1
48 30 -1
48 35 1
48 36 -1
48 37 1
48 38 -1
48 39 1
48 40 -1
48 41 1
48 42 -1
48 45 -1
48 46 -1
48 49 1
48 50 1
48 52 1
48 54 -1
48 56 1
48 58 -1
48 59 -1
48 61 -1
48 62 -1
48 68 1
48 75 1
48 76 1
48 78 -1
48 79 1
48 81 -1
48 84 1
48 85 1
48 88 1
48 90 1
48 91 1
48 94 -1
48 98 1
48 100 -1
48 101 -1
48 102 -1
48 104 1
48 105 1
48 106 -1
48 107 -1
48 109 1
48 111 -1
48 114 -1
48 118 -1
48 120 1
48 121 -1
48 123 -1
48 127 -1
48 128 1
48 130 1
49 2 1
49 3 1
49 5 1
49 7 -1
49 10 -1
49 12 -1
49 14 -1
49 15 -1
49 18 1
49 19 -1
49 20 -1
49 21 1
49 28 1
49 34 1
49 36 1
49 39 1
49 40 -1
49 41 1
49 42 1
49 44 -1
49 45 1
49 46 -1
49 50 1
49 52 1
49 55 -1
49 57 1
49 58 -1
49 59 -1
49 60 -1
49 69 -1
49 74 -1
49 75 1
49 79 1
49 83 -1
49 84 1
49 85 -1
49 87 -1
49 89 -1
49 91 1
49 92 -1
49 95 -1
49 97 1
49 98 1
49 102 1
49 104 1
49 105 -1
49 107 1
49 108 1
49 109 1
49 111 -1
49 115 -1
49 116 1
49 118 1
49 121 1
49 122 1
49 124 -1
49 127 -1
49 129 -1
50 1 1
50 2 1
50 4 1
50 5 -1
50 6 -1
50 7 1
50 8 -1
50 10 1
50 11 -1
50 13 1
50 15 1
50 17 -1
50 19 1
50 22 1
50 23 -1
50 24 1
50 26 -1
50 28 -1
50 29 1
50 30 1
50 32 1
50 37 -1
50 39 1
50 40 1
50 41 1
50 44 1
50 45 1
50 51 -1
50 52 -1
50 54 -1
50 55 1
50 59 1
50 60 1
50 61 -1
50 62 1
50 64 -1
50 65 -1
50 66 -1
50 68 1
50 73 -1
50 75 1
50 78 1
50 82 -1
50 83 -1
50 84 1
50 85 1
50 86 1
50 88 -1
50 90 1
50 91 1
50 94 1
50 95 1
50 96 1
50 98 -1
50 99 -1
50 101 1
50 102 1
50 103 1
50 105 1
50 107 1
50 109 1
50 112 1
50 115 1
50 116 -1
50 120 -1
50 122 1
50 129 1
51 1 1
51 2 -1
51 3 -1
51 4 1
51 5 1
51 8 -1
51 9 1
51 12 -1
51 14 1
51 16 1
51 17 -1
51 19 1
51 20 -1
51 21 1
51 25 1
51 27 -1
51 29 -1
51 30 1
51 31 1
51 32 -1
51 33 -1
51 34 1
51 35 1
51 37 -1
51 40 -1
51 41 1
51 42 1
51 48 -1
51 49 1
51 52 -1
51 54 1
51 56 1
51 57 1
51 58 1
51 59 -1
51 62 -1
51 63 1
51 66 1
51 67 1
51 68 1
51 70 1
51 71 1
51 75 1
51 77 -1
51 78 -1
51 79 -1
51 81 -1
51 82 1
51 83 1
51 84 -1
51 86 -1
51 87 -1
51 89 -1
51 90 -1
51 91 1
51 93 -1
51 94 -1
51 96 -1
51 97 1
51 98 -1
51 102 -1
51 106 1
51 107 -1
51 108 -1
51 111 1
51 113 1
51 116 1
51 119 -1
51 120 -1
51 121 -1
51 122 1
51 123 1
51 124 1
51 125 1
51 126 -1
51 127 -1
51 129 1
51 130 -1
52 4 1
52 9 1
52 11 -1
52 13 1
52 18 1
52 20 1
52 21 -1
52 24 1
52 28 -1
52 29 -1
52 31 -1
52 32 1
52 33 1
52 36 -1
52 38 -1
52 40 1
52 41 1
52 43 1
52 45 -1
52 54 1
52 55 -1
52 56 -1
52 61 -1
52 63 1
52 65 -1
52 72 1
52 73 1
52 76 1
52 77 1
52 78 1
52 79 1
52 80 1
52 81 1
52 82 -1
52 83 1
52 86 -1
52 90 1
52 91 1
52 92 1
52 93 -1
52 95 1
52 96 -1
52 102 1
52 104 -1
52 105 1
52 106 -1
52 107 1
52 108 1
52 110 1
52 111 1
52 113 1
52 114 1
52 117 1
52 118 1
52 119 -1
52 122 -1
52 126 1
52 128 -1
52 129 1
52 130 1
53 2 1
53 4 -1
53 5 1
53 6 -1
53 7 -1
53 8 -1
53 9 -1
53 10 1
53 11 1
53 13 -1
53 17 -1
53 18 -1
53 20 1
53 21 -1
53 26 -1
53 27 1
53 28 -1
53 29 1
53 34 1
53 35 -1
53 36 -1
53 37 -1
53 38 -1
53 39 -1
53 40 -1
53 44 1
53 46 -1
53 47 1
53 48 -1
53 49 1
53 50 -1
53 51 1
53 52 -1
53 55 -1
53 57 -1
53 60 -1
53 61 -1
53 63 -1
53 64 1
53 65 -1
53 68 1
53 69 1
53 71 -1
53 77 -1
53 78 1
53 81 -1
53 82 1
53 84 1
53 85 1
53 87 1
53 88 -1
53 89 1
53 90 -1
53 91 -1
53 92 1
53 93 1
53 95 1
53 96 -1
53 98 1
53 99 -1
53 100 1
53 104 1
53 106 1
53 110 1
53 111 -1
53 112 1
53 113 -1
53 114 -1
53 117 -1
53 119 1
53 120 -1
53 121 1
53 122 -1
53 123 -1
53 124 -1
53 127 -1
53 128 -1
53 129 -1
54 1 -1
54 2 1
54 6 -1
54 7 1
54 8 -1
54 10 -1
54 12 1
54 15 -1
54 16 1
54 19 -1
54 20 1
54 21 -1
54 22 -1
54 26 -1
54 28 1
54 34 -1
54 39 1
54 41 1
54 42 1
54 43 -1
54 44 1
54 45 -1
54 47 1
54 49 -1
54 53 1
54 59 1
54 64 1
54 65 1
54 66 1
54 67 1
54 68 -1
54 69 -1
54 70 -1
54 71 -1
54 72 -1
54 73 1
54 74 -1
54 75 1
54 78 -1
54 80 -1
54 81 -1
54 82 -1
54 85 -1
54 89 1
54 90 1
54 92 -1
54 93 -1
54 98 -1
54 101 1
54 103 -1
54 104 1
54 105 -1
54 107 1
54 108 1
54 110 1
54 111 1
54 112 -1
54 113 -1
54 114 -1
54 115 1
54 116 1
54 118 -1
54 119 1
54 121 1
54 122 1
54 124 -1
54 125 1
54 127 -1
54 129 1
54 130 -1
55 1 -1
55 2 -1
55 6 1
55 8 -1
55 9 1
55 19 -1
55 20 1
55 22 -1
55 23 -1
55 25 1
55 27 -1
55 29 1
55 37 1
55 38 1
55 39 -1
55 41 1
55 42 1
55 44 -1
55 45 -1
55 46 1
55 47 -1
55 48 1
55 51 1
55 54 1
55 56 -1
55 58 1
55 59 1
55 63 1
55 64 -1
55 67 1
55 68 1
55 69 -1
55 71 -1
55 73 1
55 78 -1
55 83 -1
55 84 1
55 89 1
55 91 1
55 100 -1
55 102 -1
55 103 1
55 104 -1
55 105 1
55 108 -1
55 111 -1
55 112 -1
55 113 1
55 114 -1
55 116 -1
55 117 1
55 119 -1
55 120 -1
55 121 1
55 122 1
55 123 -1
55 124 1
55 125 1
55 128 1
55 129 -1
55 130 1
56 1 -1
56 2 1
56 3 1
56 4 1
56 7 -1
56 10 1
56 15 1
56 18 -1
56 19 1
56 22 1
56 23 1
56 26 1
56 29 1
56 30 1
56 31 -1
56 33 -1
56 34 -1
56 35 -1
56 43 -1
56 45 1
56 46 -1
56 47 1
56 49 1
56 50 -1
56 53 -1
56 54 1
56 58 -1
56 59 1
56 60 -1
56 61 -1
56 65 -1
56 69 1
56 71 -1
56 73 1
56 75 -1
56 76 -1
56 78 -1
56 80 -1
56 81 -1
56 82 1
56 83 -1
56 84 -1
56 85 1
56 86 -1
56 94 1
56 95 -1
56 97 1
56 98 1
56 100 1
56 101 -1
56 104 1
56 105 -1
56 106 -1
56 109 -1
56 112 1
56 113 1
56 115 1
56 118 1
56 120 1
56 123 1
56 128 -1
56 129 -1
56 130 1
57 5 1
57 7 1
57 13 1
57 15 1
57 16 1
57 17 -1
57 18 -1
57 19 1
57 21 1
57 22 1
57 25 -1
57 28 -1
57 29 -1
57 34 1
57 38 1
57 39 1
57 42 1
57 43 -1
57 45 1
57 48 -1
57 50 1
57 52 -1
57 54 1
57 55 1
57 56 1
57 61 1
57 62 -1
57 63 -1
57 64 -1
57 65 1
57 66 -1
57 69 1
57 71 -1
57 75 -1
57 77 -1
57 78 1
57 82 -1
57 84 1
57 89 1
57 91 -1
57 94 -1
57 96 -1
57 97 1
57 98 1
57 99 -1
57 100 1
57 103 1
57 104 -1
57 106 1
57 107 -1
57 109 1
57 110 1
57 112 -1
57 115 -1
57 117 1
57 120 -1
57 121 1
57 124 -1
57 125 -1
57 126 -1
57 127 1
57 129 -1
58 1 -1
58 4 1
58 5 1
58 7 -1
58 8 -1
58 11 -1
58 13 1
58 17 1
58 18 1
58 20 1
58 22 1
58 23 -1
58 25 -1
58 26 -1
58 27 1
58 29 1
58 31 1
58 32 -1
58 36 1
58 37 -1
58 39 -1
58 40 -1
58 41 -1
58 47 -1
58 50 -1
58 52 -1
58 53 -1
58 54 1
58 57 -1
58 59 1
58 60 1
58 64 1
58 65 1
58 66 -1
58 67 -1
58 68 1
58 72 1
58 73 1
58 77 -1
58 79 1
58 80 -1
58 81 1
58 82 1
58 83 -1
58 84 1
58 85 -1
58 86 1
58 88 1
58 89 1
58 90 1
58 93 1
58 101 1
58 104 -1
58 105 -1
58 109 -1
58 111 1
58 112 -1
58 114 -1
58 115 1
58 116 1
58 117 1
58 120 -1
58 125 1
58 127 -1
58 128 1
58 129 1
59 2 1
59 4 -1
59 8 -1
59 9 -1
59 13 -1
59 14 1
59 16 1
59 17 -1
59 18 -1
59 19 -1
59 20 1
59 22 1
59 23 -1
59 25 1
59 26 1
59 28 1
59 30 1
59 33 -1
59 36 1
59 38 -1
59 39 1
59 41 -1
59 44 -1
59 46 -1
59 47 1
59 52 -1
59 53 1
59 57 -1
59 60 1
59 61 -1
59 63 1
59 65 1
59 66 -1
59 67 1
59 70 1
59 72 -1
59 73 -1
59 74 1
59 75 1
59 79 -1
59 82 1
59 83 -1
59 84 -1
59 86 -1
59 87 -1
59 88 -1
59 89 -1
59 90 1
59 92 1
59 95 -1
59 97 -1
59 98 -1
59 99 1
59 103 1
59 107 1
59 111 1
59 112 -1
59 113 1
59 117 -1
59 120 1
59 121 1
59 124 1
59 126 1
59 127 1
60 2 1
60 3 1
60 5 -1
60 7 -1
60 8 1
60 10 1
60 11 1
60 13 1
60 17 -1
60 20 1
60 21 -1
60 24 1
60 36 1
60 39 1
60 40 -1
60 43 1
60 44 -1
60 45 1
60 47 -1
60 48 -1
60 51 -1
60 52 -1
60 54 -1
60 55 -1
60 57 -1
60 62 1
60 63 -1
60 66 -1
60 68 -1
60 69 1
60 70 -1
60 76 -1
60 77 1
60 79 1
60 80 1
60 81 1
60 86 -1
60 88 -1
60 89 -1
60 92 1
60 94 -1
60 95 1
60 96 -1
60 98 -1
60 99 1
60 100 -1
60 101 -1
60 102 1
60 103 1
60 107 1
60 112 1
60 115 1
60 117 -1
60 118 -1
60 120 1
60 124 -1
60 125 -1
60 126 -1
60 127 1
60 129 1
60 130 1
61 3 1
61 6 -1
61 8 -1
61 10 -1
61 11 1
61 12 1
61 13 1
61 14 1
61 15 1
61 18 -1
61 19 1
61 21 1
61 22 -1
61 24 1
61 28 1
61 29 1
61 31 1
61 32 1
61 33 1
61 36 1
61 37 -1
61 38 1
61 39 -1
61 43 -1
61 46 1
61 49 -1
61 51 -1
61 54 -1
61 55 -1
61 58 1
61 60 -1
61 67 -1
61 68 -1
61 70 1
61 71 1
61 73 -1
61 74 1
61 78 -1
61 82 -1
61 85 -1
61 87 -1
61 89 1
61 91 -1
61 92 -1
61 93 -1
61 94 -1
61 95 -1
61 98 -1
61 101 1
61 103 1
61 104 -1
61 105 1
61 107 1
61 111 -1
61 112 1
61 114 1
61 116 -1
61 117 -1
61 120 1
61 122 1
61 123 1
61 124 1
61 125 -1
61 126 1
61 127 1
61 128 1
62 2 -1
62 3 -1
62 5 1
62 6 -1
62 9 1
62 10 1
62 11 -1
62 13 1
62 14 1
62 15 -1
62 17 -1
62 19 -1
62 20 1
62 23 1
62 25 1
62 27 -1
62 28 -1
62 30 1
62 31 1
62 34 -1
62 35 1
62 39 1
62 40 -1
62 42 1
62 43 1
62 44 -1
62 45 -1
62 46 1
62 47 -1
62 49 -1
62 52 -1
62 53 1
62 54 -1
62 55 1
62 56 -1
62 58 1
62 59 -1
62 61 1
62 63 1
62 64 -1
62 65 -1
62 67 1
62 69 1
62 71 -1
62 78 1
62 79 1
62 83 1
62 84 1
62 85 1
62 88 1
62 89 1
62 91 -1
62 94 1
62 95 -1
62 96 -1
62 100 -1
62 102 -1
62 103 1
62 104 -1
62 105 -1
62 110 -1
62 111 -1
62 112 -1
62 113 -1
62 114 1
62 116 -1
62 119 -1
62 120 -1
62 122 -1
62 123 -1
62 126 -1
62 127 1
62 128 -1
62 129 1
62 130 -1
63 2 1
63 5 1
63 6 1
63 7 -1
63 8 -1
63 10 1
63 12 1
63 14 -1
63 20 -1
63 22 1
63 24 1
63 25 1
63 26 1
63 31 -1
63 32 -1
63 36 1
63 39 1
63 40 -1
63 41 -1
63 43 -1
63 44 -1
63 48 1
63 49 -1
63 50 1
63 54 -1
63 56 1
63 58 1
63 61 -1
63 66 -1
63 68 -1
63 71 1
63 72 1
63 73 -1
63 80 1
63 83 -1
63 84 1
63 85 -1
63 86 1
63 87 -1
63 88 -1
63 90 1
63 93 1
63 95 -1
63 98 1
63 100 -1
63 103 1
63 104 -1
63 106 1
63 111 -1
63 113 1
63 116 1
63 117 1
63 118 1
63 125 -1
63 126 1
63 127 1
64 2 -1
64 3 -1
64 6 1
64 7 -1
64 8 1
64 9 1
64 11 1
64 12 -1
64 18 -1
64 19 -1
64 22 1
64 23 -1
64 25 -1
64 27 1
64 29 1
64 31 -1
64 32 -1
64 33 1
64 37 -1
64 38 -1
64 39 1
64 41 1
64 45 1
64 48 1
64 49 -1
64 51 -1
64 52 1
64 56 1
64 59 -1
64 60 -1
64 61 -1
64 63 1
64 66 -1
64 68 -1
64 69 -1
64 71 1
64 78 1
64 81 1
64 82 -1
64 83 1
64 84 1
64 85 -1
64 86 1
64 88 -1
64 90 -1
64 92 1
64 93 -1
64 96 -1
64 97 1
64 98 -1
64 99 1
64 100 -1
64 101 -1
64 103 1
64 109 -1
64 110 -1
64 112 -1
64 113 -1
64 114 1
64 117 1
64 120 -1
64 123 1
64 124 1
64 126 -1
64 128 1
65 2 -1
65 5 -1
65 6 1
65 9 -1
65 14 -1
65 15 1
65 17 1
65 20 1
65 22 -1
65 23 -1
65 24 1
65 28 1
65 32 1
65 33 1
65 34 -1
65 35 -1
65 38 1
65 41 1
65 42 -1
65 45 1
65 46 1
65 47 -1
65 48 -1
65 49 1
65 51 1
65 55 1
65 60 -1
65 61 1
65 63 -1
65 64 -1
65 66 1
65 67 1
65 70 -1
65 71 -1
65 72 -1
65 74 1
65 82 1
65 83 1
65 84 -1
65 86 1
65 88 -1
65 90 -1
65 91 1
65 92 -1
65 93 1
65 94 -1
65 95 -1
65 96 1
65 97 -1
65 100 -1
65 101 -1
65 102 -1
65 103 1
65 104 1
65 107 -1
65 109 -1
65 112 -1
65 113 1
65 116 -1
65 118 1
65 121 -1
65 122 1
65 123 -1
65 124 -1
65 126 1
65 127 -1
65 128 1
65 130 1
66 2 1
66 3 1
66 4 1
66 6 1
66 7 -1
66 8 -1
66 14 -1
66 16 -1
66 18 -1
66 19 1
66 20 -1
66 24 -1
66 25 1
66 28 1
66 30 1
66 32 -1
66 33 1
66 37 -1
66 40 -1
66 48 -1
66 49 1
66 52 -1
66 53 1
66 55 1
66 56 1
66 61 -1
66 62 -1
66 67 1
66 68 1
66 69 1
66 70 1
66 71 1
66 74 1
66 76 1
66 78 -1
66 79 -1
66 80 1
66 81 -1
66 82 1
66 85 -1
66 86 1
66 87 -1
66 88 -1
66 91 -1
66 93 1
66 95 -1
66 96 -1
66 100 -1
66 102 1
66 105 -1
66 107 1
66 108 1
66 111 -1
66 112 1
66 115 -1
66 116 1
66 119 1
66 124 1
66 125 1
66 126 1
66 127 1
66 128 -1
66 129 1
66 130 -1
67 2 1
67 3 1
67 7 1
67 8 1
67 9 -1
67 11 -1
67 12 -1
67 16 -1
67 17 1
67 19 -1
67 22 1
67 24 -1
67 25 -1
67 29 -1
67 31 -1
67 34 -1
67 35 -1
67 36 1
67 37 1
67 38 -1
67 39 -1
67 40 1
67 42 -1
67 44 -1
67 45 -1
67 46 -1
67 48 -1
67 49 -1
67 50 1
67 52 1
67 53 -1
67 56 -1
67 57 -1
67 60 1
67 63 -1
67 64 -1
67 68 -1
67 69 -1
67 71 -1
67 73 -1
67 75 1
67 79 1
67 81 1
67 82 1
67 83 -1
67 84 -1
67 86 -1
67 87 -1
67 89 -1
67 92 -1
67 93 -1
67 95 1
67 96 1
67 97 1
67 99 1
67 101 1
67 102 -1
67 106 -1
67 107 -1
67 108 1
67 111 -1
67 113 -1
67 114 1
67 118 1
67 120 1
67 121 -1
67 124 1
67 127 1
67 129 -1
67 130 1
68 3 -1
68 5 1
68 6 -1
68 7 1
68 9 -1
68 11 1
68 12 -1
68 13 1
68 15 -1
68 16 1
68 18 -1
68 19 1
68 21 -1
68 24 -1
68 25 -1
68 27 1
68 30 1
68 33 -1
68 34 1
68 35 1
68 36 -1
68 37 1
68 43 1
68 45 1
68 46 1
68 49 -1
68 52 1
68 56 1
68 57 1
68 59 1
68 62 1
68 65 1
68 70 -1
68 72 1
68 73 -1
68 74 1
68 76 1
68 79 -1
68 80 -1
68 82 -1
68 83 -1
68 84 -1
68 86 -1
68 89 1
68 91 -1
68 92 1
68 93 1
68 97 -1
68 98 -1
68 100 1
68 101 1
68 102 1
68 109 -1
68 111 1
68 112 1
68 113 -1
68 114 -1
68 115 -1
68 121 -1
68 124 1
68 125 -1
68 129 1
68 130 -1
69 1 1
69 2 1
69 3 1
69 5 1
69 7 1
69 8 1
69 9 1
69 10 -1
69 11 -1
69 15 -1
69 16 -1
69 17 1
69 19 1
69 20 1
69 21 1
69 22 1
69 23 1
69 27 1
69 28 -1
69 30 1
69 33 1
69 35 1
69 38 -1
69 39 -1
69 46 -1
69 47 1
69 48 1
69 50 -1
69 51 1
69 52 1
69 58 1
69 59 1
69 61 -1
69 63 1
69 65 -1
69 68 1
69 70 1
69 71 -1
69 75 -1
69 78 1
69 81 1
69 82 -1
69 85 1
69 86 -1
69 88 -1
69 92 1
69 93 -1
69 98 -1
69 99 1
69 101 -1
69 103 -1
69 104 -1
69 106 1
69 107 1
69 109 1
69 110 1
69 116 1
69 119 -1
69 120 -1
69 121 1
69 122 -1
69 126 -1
69 128 1
70 1 -1
70 5 1
70 7 1
70 8 -1
70 11 -1
70 12 -1
70 14 -1
70 17 -1
70 19 1
70 22 -1
70 29 1
70 30 -1
70 34 -1
70 37 -1
70 41 1
70 48 -1
70 49 1
70 50 -1
70 52 1
70 53 -1
70 55 -1
70 56 1
70 57 -1
70 58 -1
70 62 1
70 63 1
70 64 -1
70 67 1
70 71 1
70 72 -1
70 73 1
70 74 1
70 76 -1
70 77 -1
70 78 1
70 79 -1
70 82 -1
70 83 1
70 84 -1
70 85 -1
70 87 1
70 88 -1
70 89 1
70 92 1
70 94 -1
70 98 1
70 99 -1
70 100 -1
70 101 -1
70 104 1
70 105 1
70 106 1
70 107 1
70 110 1
70 114 -1
70 117 -1
70 118 1
70 121 -1
70 122 1
70 124 1
70 125 1
70 126 1
70 127 -1
70 129 -1
70 130 -1
71 1 -1
71 4 -1
71 10 -1
71 12 1
71 13 1
71 14 1
71 15 -1
71 16 -1
71 18 -1
71 19 1
71 20 1
71 22 1
71 24 1
71 25 -1
71 26 -1
71 27 -1
71 31 -1
71 32 -1
71 33 -1
71 35 1
71 36 1
71 37 -1
71 38 -1
71 42 1
71 43 -1
71 44 -1
71 48 1
71 49 -1
71 50 1
71 52 -1
71 58 1
71 59 1
71 60 1
71 68 1
71 72 1
71 75 -1
71 77 -1
71 79 1
71 81 -1
71 82 -1
71 83 1
71 84 -1
71 85 -1
71 87 1
71 89 -1
71 90 -1
71 91 -1
71 92 -1
71 95 -1
71 96 1
71 101 1
71 102 1
71 105 1
71 108 -1
71 109 -1
71 110 -1
71 112 -1
71 113 -1
71 114 1
71 117 -1
71 119 1
71 123 -1
71 125 1
71 127 1
71 128 -1
71 130 -1
72 3 1
72 5 -1
72 7 -1
72 8 1
72 11 1
72 12 -1
72 13 -1
72 20 1
72 24 -1
72 25 1
72 34 -1
72 35 1
72 37 1
72 41 1
72 42 1
72 44 -1
72 46 -1
72 48 -1
72 49 1
72 50 1
72 51 -1
72 53 -1
72 55 -1
72 56 1
72 57 -1
72 60 -1
72 61 -1
72 62 1
72 64 1
72 66 1
72 67 -1
72 69 -1
72 73 1
72 74 1
72 76 1
72 78 -1
72 83 -1
72 87 1
72 88 -1
72 90 -1
72 92 1
72 94 -1
72 95 1
72 96 1
72 97 1
72 101 1
72 103 -1
72 106 1
72 111 -1
72 112 -1
72 113 -1
72 115 1
72 120 1
72 121 -1
72 124 1
72 125 -1
72 126 -1
72 129 -1
72 130 -1
73 1 -1
73 3 -1
73 5 -1
73 13 1
73 15 -1
73 16 1
73 17 1
73 18 -1
73 20 -1
73 21 1
73 24 -1
73 28 1
73 31 -1
73 32 -1
73 35 -1
73 36 -1
73 39 1
73 40 -1
73 41 -1
73 43 -1
73 47 -1
73 48 -1
73 49 -1
73 51 1
73 53 -1
73 57 -1
73 60 -1
73 62 1
73 64 -1
73 65 1
73 66 -1
73 69 -1
73 71 1
73 74 -1
73 81 1
73 82 1
73 83 -1
73 84 1
73 85 -1
73 87 -1
73 88 -1
73 90 -1
73 91 1
73 95 1
73 100 -1
73 101 1
73 102 1
73 106 1
73 108 1
73 109 1
73 113 -1
73 120 1
73 122 1
73 123 -1
73 128 -1
74 3 1
74 4 1
74 8 -1
74 9 -1
74 11 -1
74 14 -1
74 16 -1
74 17 1
74 21 -1
74 23 1
74 25 -1
74 26 -1
74 28 -1
74 32 1
74 35 1
74 36 1
74 37 -1
74 38 1
74 39 1
74 41 -1
74 42 -1
74 45 1
74 46 -1
74 47 -1
74 48 1
74 50 -1
74 51 1
74 52 -1
74 53 1
74 55 -1
74 56 -1
74 57 1
74 58 1
74 60 1
74 62 -1
74 63 -1
74 64 1
74 67 -1
74 69 1
74 71 -1
74 76 1
74 77 1
74 78 1
74 82 -1
74 84 1
74 87 1
74 88 1
74 90 -1
74 91 -1
74 93 -1
74 96 -1
74 98 1
74 99 -1
74 102 -1
74 103 1
74 108 1
74 110 -1
74 114 1
74 116 1
74 117 1
74 118 1
74 120 1
74 121 1
74 123 -1
74 124 1
74 125 1
74 126 1
74 130 -1
75 1 -1
75 4 1
75 6 -1
75 8 -1
75 10 -1
75 12 1
75 13 1
75 14 -1
75 15 -1
75 16 1
75 19 1
75 22 -1
75 29 -1
75 30 -1
75 33 1
75 35 1
75 37 -1
75 38 -1
75 41 1
75 42 1
75 46 1
75 47 1
75 52 -1
75 53 1
75 55 -1
75 58 -1
75 60 1
75 61 1
75 62 1
75 63 1
75 64 1
75 65 1
75 66 1
75 68 1
75 70 -1
75 72 1
75 73 1
75 74 1
75 78 -1
75 79 1
75 80 1
75 82 -1
75 84 -1
75 87 1
75 88 -1
75 89 1
75 90 1
75 91 -1
75 92 -1
75 93 1
75 94 1
75 95 -1
75 97 1
75 98 -1
75 104 1
75 105 -1
75 107 -1
75 109 1
75 110 -1
75 115 -1
75 116 -1
75 117 -1
75 118 -1
75 119 -1
75 125 -1
75 127 -1
76 1 1
76 2 1
76 5 -1
76 8 -1
76 10 1
76 12 -1
76 13 -1
76 14 1
76 16 1
76 20 -1
76 21 1
76 23 1
76 24 1
76 28 1
76 32 -1
76 34 -1
76 38 -1
76 39 1
76 41 -1
76 43 1
76 47 -1
76 49 1
76 50 1
76 51 -1
76 53 -1
76 54 -1
76 55 1
76 57 1
76 58 1
76 59 -1
76 61 1
76 62 -1
76 63 1
76 64 1
76 65 1
76 67 -1
76 69 1
76 71 -1
76 73 1
76 75 -1
76 79 1
76 81 -1
76 92 1
76 94 -1
76 95 -1
76 96 -1
76 98 1
76 99 1
76 100 -1
76 101 -1
76 104 1
76 106 1
76 108 -1
76 109 -1
76 112 1
76 122 1
76 125 1
76 129 1
77 1 1
77 4 -1
77 7 1
77 8 1
77 12 -1
77 14 -1
77 16 -1
77 17 1
77 19 1
77 20 1
77 25 1
77 26 -1
77 30 1
77 33 1
77 36 -1
77 37 -1
77 38 1
77 39 1
77 42 -1
77 43 -1
77 44 -1
77 45 1
77 48 1
77 49 -1
77 50 -1
77 54 1
77 55 1
77 56 -1
77 59 1
77 61 -1
77 62 -1
77 63 1
77 64 -1
77 65 1
77 66 1
77 67 1
77 68 -1
77 69 1
77 72 -1
77 73 -1
77 75 1
77 76 -1
77 81 -1
77 82 -1
77 86 1
77 87 -1
77 88 1
77 90 1
77 91 -1
77 92 -1
77 94 -1
77 95 1
77 97 -1
77 101 1
77 102 1
77 105 1
77 107 1
77 109 1
77 112 -1
77 114 1
77 115 1
77 118 -1
77 119 1
77 120 1
77 123 1
77 124 1
77 126 1
77 127 1
77 129 1
77 130 1
78 5 1
78 6 -1
78 9 1
78 10 -1
78 11 1
78 13 -1
78 14 1
78 15 -1
78 16 -1
78 18 -1
78 21 -1
78 23 -1
78 24 1
78 25 1
78 26 -1
78 28 1
78 29 -1
78 30 -1
78 31 -1
78 32 -1
78 35 -1
78 36 1
78 37 1
78 42 -1
78 44 1
78 45 1
78 46 -1
78 49 1
78 58 1
78 59 1
78 60 1
78 63 1
78 65 1
78 67 -1
78 68 1
78 71 -1
78 73 1
78 76 1
78 77 1
78 79 1
78 81 1
78 83 1
78 84 -1
78 86 1
78 89 1
78 91 1
78 92 -1
78 93 1
78 95 -1
78 96 1
78 100 -1
78 101 1
78 105 -1
78 107 -1
78 108 1
78 111 -1
78 112 1
78 113 -1
78 115 -1
78 116 1
78 117 1
78 120 1
78 122 -1
78 126 1
78 130 1
79 1 1
79 9 1
79 10 1
79 14 1
79 17 1
79 20 -1
79 22 -1
79 23 1
79 26 1
79 28 1
79 30 -1
79 31 1
79 32 -1
79 34 1
79 35 1
79 37 -1
79 39 -1
79 41 1
79 42 -1
79 43 1
79 45 1
79 46 1
79 47 1
79 50 1
79 53 1
79 54 -1
79 55 -1
79 56 1
79 57 1
79 61 1
79 63 1
79 64 -1
79 65 1
79 69 1
79 72 -1
79 73 -1
79 74 1
79 77 1
79 81 1
79 82 1
79 83 -1
79 92 -1
79 93 -1
79 96 1
79 99 1
79 103 -1
79 104 1
79 107 1
79 109 -1
79 111 1
79 117 1
79 118 -1
79 120 -1
79 124 -1
79 125 -1
79 126 -1
79 127 1
79 128 1
79 129 -1
79 130 1
80 1 -1
80 5 1
80 6 -1
80 8 -1
80 13 -1
80 15 -1
80 19 1
80 20 -1
80 22 1
80 24 -1
80 27 -1
80 31 1
80 32 -1
80 34 -1
80 37 1
80 39 -1
80 41 1
80 42 -1
80 43 -1
80 44 -1
80 48 1
80 49 1
80 50 1
80 51 1
80 53 -1
80 55 1
80 57 -1
80 59 -1
80 61 -1
80 62 -1
80 64 -1
80 65 1
80 67 1
80 69 1
80 70 -1
80 71 1
80 72 -1
80 73 1
80 74 -1
80 76 -1
80 77 -1
80 78 -1
80 79 1
80 81 -1
80 83 1
80 84 -1
80 85 -1
80 86 1
80 88 1
80 90 1
80 91 -1
80 95 1
80 96 -1
80 97 -1
80 98 -1
80 99 1
80 101 -1
80 102 -1
80 103 -1
80 104 -1
80 106 1
80 107 1
80 110 -1
80 111 1
80 114 -1
80 115 1
80 123 -1
80 124 1
80 130 -1
81 1 -1
81 6 1
81 7 -1
81 8 -1
81 9 -1
81 10 -1
81 11 1
81 13 -1
81 15 1
81 16 1
81 17 -1
81 18 1
81 19 -1
81 20 1
81 22 1
81 23 1
81 25 -1
81 30 -1
81 34 -1
81 35 -1
81 38 1
81 39 -1
81 40 -1
81 41 1
81 42 -1
81 43 1
81 45 1
81 46 -1
81 49 -1
81 50 -1
81 55 1
81 57 -1
81 59 1
81 61 1
81 62 1
81 63 1
81 65 1
81 68 -1
81 70 -1
81 72 -1
81 74 -1
81 75 -1
81 82 1
81 83 -1
81 84 -1
81 85 -1
81 90 -1
81 91 -1
81 99 -1
81 100 -1
81 102 -1
81 103 1
81 104 -1
81 105 -1
81 107 -1
81 108 -1
81 109 1
81 110 1
81 111 -1
81 114 -1
81 116 -1
81 119 -1
81 120 -1
81 124 1
81 129 1
82 4 1
82 5 -1
82 6 1
82 7 1
82 8 1
82 11 1
82 12 1
82 16 -1
82 18 -1
82 19 -1
82 20 1
82 22 1
82 23 1
82 25 -1
82 26 -1
82 28 1
82 31 -1
82 34 1
82 35 -1
82 37 1
82 38 -1
82 41 -1
82 42 -1
82 48 -1
82 49 -1
82 55 -1
82 60 1
82 62 1
82 63 -1
82 72 -1
82 76 -1
82 78 1
82 80 -1
82 87 1
82 89 -1
82 90 1
82 94 1
82 95 1
82 96 1
82 98 -1
82 99 1
82 100 -1
82 101 -1
82 102 -1
82 108 1
82 111 -1
82 113 1
82 116 1
82 117 1
82 120 -1
82 123 -1
82 124 -1
82 126 -1
82 127 -1
82 129 1
83 1 1
83 2 1
83 3 1
83 4 -1
83 5 1
83 6 1
83 8 1
83 9 -1
83 13 -1
83 15 -1
83 17 1
83 18 -1
83 20 1
83 21 1
83 22 -1
83 23 -1
83 29 1
83 31 -1
83 34 1
83 35 1
83 38 1
83 40 -1
83 41 -1
83 42 -1
83 44 1
83 45 -1
83 46 -1
83 48 1
83 53 -1
83 54 1
83 57 1
83 60 1
83 61 -1
83 66 1
83 69 1
83 74 1
83 75 -1
83 76 -1
83 77 1
83 82 -1
83 86 1
83 87 1
83 88 1
83 89 -1
83 90 1
83 92 1
83 94 1
83 95 -1
83 96 -1
83 102 -1
83 104 -1
83 106 -1
83 110 1
83 111 -1
83 113 1
83 114 -1
83 117 1
83 119 1
83 121 1
83 122 1
83 123 1
83 124 1
83 126 -1
83 128 -1
83 129 1
83 130 -1
84 2 -1
84 3 -1
84 6 -1
84 9 -1
84 11 -1
84 13 -1
84 16 1
84 17 1
84 22 -1
84 23 -1
84 26 -1
84 28 1
84 33 1
84 34 1
84 35 1
84 41 -1
84 45 -1
84 52 -1
84 54 1
84 60 -1
84 61 1
84 66 1
84 69 1
84 72 1
84 76 1
84 77 1
84 79 1
84 82 -1
84 83 1
84 85 1
84 87 1
84 88 1
84 90 -1
84 91 -1
84 93 -1
84 95 -1
84 96 1
84 97 1
84 98 1
84 100 -1
84 101 1
84 102 1
84 103 -1
84 107 -1
84 110 -1
84 112 -1
84 116 -1
84 120 -1
84 121 1
84 122 -1
84 124 1
84 125 -1
84 127 1
84 128 1
85 2 1
85 3 1
85 5 1
85 6 -1
85 7 -1
85 9 -1
85 10 1
85 12 -1
85 15 -1
85 16 1
85 17 -1
85 19 -1
85 20 1
85 22 1
85 23 -1
85 24 -1
85 25 -1
85 26 -1
85 27 1
85 28 -1
85 33 1
85 36 1
85 37 -1
85 38 1
85 41 1
85 44 -1
85 45 1
85 46 1
85 47 1
85 51 -1
85 52 -1
85 55 -1
85 57 -1
85 59 1
85 60 -1
85 65 1
85 67 1
85 68 1
85 72 -1
85 74 1
85 75 -1
85 76 -1
85 77 1
85 78 1
85 79 -1
85 82 1
85 83 1
85 86 -1
85 87 -1
85 89 -1
85 90 1
85 101 1
85 102 1
85 106 1
85 107 1
85 108 1
85 109 -1
85 110 -1
85 114 -1
85 116 1
85 117 1
85 118 1
85 120 -1
85 122 1
85 124 -1
85 127 1
85 129 1
86 4 1
86 5 1
86 12 -1
86 13 -1
86 14 -1
86 15 -1
86 16 1
86 17 -1
86 18 -1
86 20 -1
86 21 1
86 22 -1
86 24 -1
86 28 -1
86 31 -1
86 32 1
86 38 -1
86 39 -1
86 40 1
86 41 1
86 44 -1
86 48 1
86 49 -1
86 53 -1
86 54 1
86 55 -1
86 57 1
86 61 -1
86 62 -1
86 70 -1
86 71 1
86 72 -1
86 73 -1
86 74 -1
86 75 -1
86 76 1
86 79 1
86 81 -1
86 82 -1
86 84 1
86 87 1
86 90 1
86 92 -1
86 94 -1
86 96 1
86 97 1
86 99 -1
86 100 -1
86 101 1
86 102 1
86 103 -1
86 106 1
86 107 -1
86 112 1
86 114 1
86 117 1
86 121 -1
86 126 1
86 128 -1
87 1 -1
87 4 1
87 6 1
87 8 -1
87 12 -1
87 14 1
87 16 -1
87 19 1
87 24 1
87 25 1
87 28 1
87 29 -1
87 32 1
87 34 1
87 35 1
87 38 -1
87 45 1
87 46 -1
87 47 -1
87 48 -1
87 50 -1
87 52 1
87 54 1
87 55 1
87 56 1
87 57 1
87 58 1
87 60 1
87 62 1
87 64 1
87 65 -1
87 68 -1
87 69 1
87 76 -1
87 78 -1
87 79 1
87 80 1
87 81 -1
87 88 1
87 89 1
87 94 -1
87 95 1
87 96 1
87 97 -1
87 100 1
87 102 -1
87 105 -1
87 106 -1
87 107 -1
87 109 1
87 111 1
87 112 1
87 114 1
87 119 -1
87 120 1
87 125 -1
87 129 -1
87 130 -1
88 1 1
88 2 1
88 3 -1
88 4 -1
88 8 1
88 9 -1
88 11 1
88 18 -1
88 23 -1
88 28 1
88 29 1
88 30 1
88 31 1
88 32 -1
88 37 1
88 39 1
88 40 -1
88 42 1
88 43 1
88 46 -1
88 49 1
88 51 -1
88 52 -1
88 54 1
88 55 -1
88 56 -1
88 57 -1
88 61 1
88 67 1
88 68 1
88 71 -1
88 76 -1
88 78 1
88 79 1
88 81 1
88 82 -1
88 85 1
88 86 1
88 92 -1
88 93 -1
88 94 1
88 95 1
88 96 -1
88 98 1
88 101 1
88 102 1
88 104 1
88 105 1
88 109 1
88 112 1
88 113 -1
88 114 1
88 116 -1
88 120 -1
88 123 1
88 125 -1
88 126 -1
88 127 1
88 128 1
88 129 1
89 2 -1
89 5 -1
89 6 -1
89 11 1
89 14 -1
89 16 1
89 17 -1
89 18 -1
89 20 1
89 21 -1
89 22 1
89 23 1
89 26 -1
89 27 1
89 29 -1
89 30 -1
89 32 1
89 35 1
89 36 -1
89 39 -1
89 40 1
89 46 -1
89 47 1
89 48 1
89 50 1
89 52 -1
89 56 -1
89 63 1
89 64 1
89 65 1
89 66 1
89 69 1
89 72 -1
89 73 -1
89 74 1
89 76 1
89 77 1
89 79 -1
89 80 -1
89 81 1
89 84 1
89 86 -1
89 88 1
89 92 1
89 94 1
89 96 -1
89 99 -1
89 100 -1
89 103 -1
89 105 1
89 106 -1
89 108 1
89 109 1
89 111 -1
89 113 -1
89 114 1
89 115 -1
89 116 1
89 117 1
89 118 -1
89 119 -1
89 121 1
89 125 1
89 126 -1
89 127 1
89 128 1
89 130 1
90 1 1
90 2 -1
90 4 1
90 6 -1
90 12 1
90 13 1
90 14 1
90 18 -1
90 19 1
90 22 1
90 27 1
90 32 -1
90 38 1
90 39 1
90 40 1
90 41 -1
90 43 -1
90 44 1
90 49 -1
90 55 1
90 56 -1
90 57 -1
90 60 -1
90 61 -1
90 62 -1
90 66 -1
90 67 1
90 68 -1
90 69 1
90 70 -1
90 76 1
90 78 -1
90 79 -1
90 87 -1
90 88 1
90 89 -1
90 91 1
90 92 1
90 94 1
90 97 1
90 99 -1
90 101 1
90 104 1
90 109 1
90 111 -1
90 115 1
90 117 1
90 119 -1
90 120 1
90 122 -1
90 124 1
90 127 1
90 128 1
90 129 -1
90 130 1
91 5 -1
91 7 -1
91 8 -1
91 10 1
91 15 -1
91 16 -1
91 17 -1
91 18 -1
91 19 -1
91 20 1
91 21 1
91 24 1
91 25 1
91 26 -1
91 28 -1
91 31 1
91 35 1
91 37 1
91 43 1
91 44 -1
91 45 -1
91 47 -1
91 54 1
91 56 -1
91 58 -1
91 59 -1
91 60 1
91 63 1
91 64 -1
91 67 -1
91 69 1
91 70 1
91 72 1
91 76 1
91 79 1
91 82 -1
91 83 1
91 85 1
91 86 -1
91 87 -1
91 88 1
91 89 1
91 92 -1
91 95 -1
91 96 1
91 98 -1
91 103 1
91 104 -1
91 109 1
91 111 1
91 112 -1
91 113 -1
91 114 -1
91 118 -1
91 120 -1
91 123 1
91 124 -1
91 125 -1
91 126 1
91 128 -1
91 129 1
92 1 1
92 2 1
92 6 -1
92 7 -1
92 9 -1
92 13 -1
92 15 -1
92 18 -1
92 20 1
92 23 -1
92 24 -1
92 25 -1
92 27 1
92 28 1
92 29 -1
92 30 -1
92 32 -1
92 34 1
92 35 -1
92 36 -1
92 40 1
92 41 1
92 44 -1
92 45 -1
92 46 -1
92 48 -1
92 50 -1
92 51 -1
92 55 -1
92 56 1
92 57 -1
92 58 -1
92 62 -1
92 63 -1
92 66 1
92 73 1
92 74 1
92 80 -1
92 81 1
92 82 -1
92 84 1
92 85 -1
92 87 1
92 93 1
92 98 -1
92 99 -1
92 101 1
92 104 -1
92 109 1
92 110 -1
92 112 1
92 113 -1
92 114 -1
92 116 1
92 117 1
92 118 1
92 119 -1
92 120 1
92 121 1
92 125 -1
92 126 1
92 127 1
92 130 -1
93 1 1
93 4 -1
93 8 1
93 11 -1
93 13 1
93 14 1
93 15 1
93 16 -1
93 18 1
93 19 1
93 20 -1
93 24 1
93 25 1
93 26 -1
93 28 -1
93 33 1
93 34 -1
93 38 1
93 40 1
93 41 1
93 44 1
93 45 -1
93 46 -1
93 48 -1
93 49 1
93 50 1
93 55 1
93 56 1
93 57 -1
93 59 -1
93 60 -1
93 62 -1
93 70 1
93 71 1
93 72 1
93 73 1
93 76 -1
93 77 1
93 80 -1
93 81 -1
93 82 1
93 83 -1
93 85 1
93 86 -1
93 87 -1
93 89 1
93 90 -1
93 91 -1
93 95 1
93 96 1
93 97 1
93 104 -1
93 105 1
93 106 -1
93 107 -1
93 108 -1
93 109 -1
93 113 1
93 117 -1
93 120 1
93 127 -1
93 129 -1
94 1 -1
94 2 1
94 3 -1
94 4 -1
94 7 1
94 9 -1
94 10 -1
94 12 1
94 16 -1
94 17 -1
94 18 -1
94 20 1
94 24 -1
94 25 1
94 28 -1
94 29 1
94 30 1
94 32 1
94 34 1
94 35 1
94 37 -1
94 41 -1
94 43 1
94 46 -1
94 47 1
94 49 -1
94 52 -1
94 53 -1
94 54 1
94 55 1
94 58 1
94 59 -1
94 63 1
94 64 -1
94 66 1
94 67 1
94 68 1
94 69 1
94 71 -1
94 73 -1
94 74 -1
94 78 1
94 79 -1
94 80 -1
94 81 -1
94 84 1
94 85 1
94 91 -1
94 92 1
94 93 1
94 95 1
94 97 -1
94 99 1
94 101 -1
94 102 -1
94 110 -1
94 111 -1
94 112 1
94 114 -1
94 118 1
94 119 1
94 122 1
94 123 1
94 125 1
94 127 -1
94 130 1
95 2 -1
95 3 1
95 4 1
95 5 -1
95 6 1
95 7 1
95 9 1
95 11 1
95 14 -1
95 17 1
95 19 -1
95 25 1
95 27 1
95 32 1
95 34 -1
95 36 1
95 37 -1
95 38 -1
95 40 1
95 42 1
95 46 1
95 47 1
95 48 1
95 51 1
95 54 1
95 55 1
95 57 -1
95 58 1
95 64 -1
95 68 -1
95 69 1
95 70 -1
95 74 1
95 79 1
95 81 -1
95 85 -1
95 86 -1
95 89 1
95 90 -1
95 92 1
95 97 1
95 98 -1
95 101 1
95 105 -1
95 110 -1
95 111 -1
95 113 1
95 115 -1
95 116 -1
95 117 -1
95 118 1
95 119 1
95 121 -1
95 122 1
95 125 1
95 128 -1
95 129 -1
95 130 1
96 3 1
96 4 1
96 5 1
96 6 1
96 8 -1
96 12 1
96 15 -1
96 16 -1
96 19 -1
96 20 -1
96 21 1
96 24 1
96 25 -1
96 26 -1
96 27 -1
96 28 -1
96 34 1
96 37 1
96 39 1
96 41 1
96 48 -1
96 49 1
96 54 1
96 55 -1
96 56 -1
96 58 -1
96 59 -1
96 61 1
96 63 -1
96 68 1
96 69 -1
96 70 -1
96 73 -1
96 75 -1
96 77 -1
96 81 1
96 85 -1
96 90 1
96 92 1
96 94 1
96 95 -1
96 98 1
96 99 1
96 102 -1
96 103 1
96 104 -1
96 106 1
96 107 -1
96 108 1
96 109 1
96 110 1
96 111 1
96 112 1
96 113 -1
96 115 1
96 117 1
96 119 -1
96 123 -1
96 124 -1
96 127 1
96 129 1
97 1 1
97 2 1
97 6 1
97 7 -1
97 8 1
97 9 1
97 10 1
97 12 1
97 15 -1
97 16 -1
97 17 1
97 24 1
97 29 1
97 32 -1
97 33 -1
97 35 1
97 36 -1
97 37 1
97 40 1
97 41 1
97 44 1
97 45 -1
97 48 1
97 50 1
97 52 1
97 53 -1
97 54 -1
97 55 -1
97 58 -1
97 60 -1
97 61 1
97 62 1
97 63 -1
97 66 -1
97 69 1
97 70 -1
97 71 -1
97 73 -1
97 74 1
97 76 1
97 78 -1
97 79 1
97 81 -1
97 82 1
97 83 -1
97 85 1
97 88 1
97 89 1
97 91 1
97 92 1
97 96 1
97 98 -1
97 100 -1
97 101 1
97 102 -1
97 105 -1
97 108 -1
97 111 -1
97 117 1
97 118 1
97 120 1
97 124 -1
97 125 -1
97 129 -1
97 130 -1
98 1 -1
98 3 -1
98 4 1
98 5 1
98 7 1
98 8 -1
98 10 1
98 14 -1
98 18 1
98 20 -1
98 21 -1
98 24 -1
98 25 1
98 27 1
98 28 -1
98 31 1
98 32 -1
98 35 1
98 36 -1
98 38 -1
98 40 -1
98 41 1
98 42 1
98 43 -1
98 45 -1
98 46 -1
98 52 -1
98 55 1
98 58 1
98 62 -1
98 65 1
98 66 -1
98 67 -1
98 71 -1
98 72 1
98 73 -1
98 77 1
98 78 1
98 79 1
98 81 -1
98 83 1
98 85 1
98 86 -1
98 87 1
98 89 -1
98 90 1
98 93 1
98 94 1
98 100 -1
98 105 -1
98 106 -1
98 107 -1
98 108 -1
98 109 1
98 110 1
98 111 -1
98 115 -1
98 116 1
98 119 -1
98 120 -1
98 121 1
98 122 -1
98 124 1
98 125 1
98 127 -1
98 128 -1
99 1 1
99 2 1
99 3 1
99 5 -1
99 7 -1
99 8 1
99 11 1
99 13 1
99 16 1
99 18 1
99 20 -1
99 22 -1
99 24 -1
99 26 1
99 27 -1
99 28 -1
99 32 -1
99 34 1
99 36 1
99 38 -1
99 41 -1
99 42 1
99 45 1
99 48 1
99 49 1
99 51 -1
99 52 1
99 54 -1
99 55 -1
99 56 -1
99 58 1
99 61 -1
99 62 1
99 63 1
99 65 -1
99 66 1
99 68 -1
99 71 -1
99 72 -1
99 73 1
99 75 1
99 77 -1
99 78 -1
99 83 1
99 84 1
99 85 1
99 87 -1
99 88 -1
99 91 -1
99 93 1
99 95 1
99 97 1
99 98 1
99 100 -1
99 101 1
99 102 1
99 108 -1
99 109 -1
99 112 1
99 113 1
99 116 1
99 117 -1
99 119 -1
99 121 -1
99 122 -1
99 123 -1
99 130 1
100 3 1
100 4 1
100 6 -1
100 8 1
100 10 -1
100 13 1
100 14 1
100 15 1
100 17 -1
100 19 -1
100 26 1
100 30 -1
100 31 -1
100 35 -1
100 36 -1
100 38 -1
100 39 1
100 40 1
100 41 1
100 42 1
100 43 1
100 44 -1
100 45 1
100 46 1
100 47 -1
100 49 1
100 50 1
100 51 1
100 52 -1
100 54 1
100 58 1
100 59 1
100 61 -1
100 67 1
100 69 -1
100 71 -1
100 72 1
100 74 -1
100 75 1
100 77 -1
100 79 -1
100 80 1
100 83 -1
100 85 -1
100 88 -1
100 90 1
100 91 1
100 92 -1
100 93 1
100 94 1
100 95 1
100 96 1
100 102 -1
100 103 1
100 104 -1
100 106 -1
100 107 1
100 114 -1
100 116 -1
100 117 -1
100 118 -1
100 120 1
100 121 1
100 123 -1
100 124 -1
100 125 1
100 129 1
100 130 1
101 1 -1
101 3 1
101 6 -1
101 7 -1
101 8 1
101 11 1
101 12 -1
101 14 1
101 16 -1
101 18 1
101 19 -1
101 23 -1
101 24 1
101 25 -1
101 26 -1
101 28 1
101 31 1
101 32 1
101 37 1
101 40 1
101 45 -1
101 47 -1
101 49 -1
101 51 1
101 52 1
101 53 1
101 55 -1
101 57 1
101 59 -1
101 62 1
101 63 -1
101 66 1
101 74 -1
101 75 -1
101 79 -1
101 81 -1
101 83 1
101 87 1
101 89 -1
101 91 1
101 93 -1
101 96 -1
101 98 1
101 100 1
101 103 -1
101 109 1
101 112 1
101 114 -1
101 117 -1
101 119 -1
101 121 1
101 122 1
101 125 1
101 127 1
101 128 1
101 130 1
102 2 1
102 3 1
102 4 -1
102 5 -1
102 6 1
102 7 -1
102 8 -1
102 9 1
102 10 1
102 14 -1
102 16 -1
102 17 1
102 23 -1
102 30 -1
102 33 1
102 34 1
102 35 -1
102 36 1
102 38 -1
102 39 1
102 40 1
102 42 -1
102 45 1
102 46 1
102 53 -1
102 54 1
102 56 1
102 57 1
102 58 -1
102 59 -1
102 61 -1
102 63 1
102 64 1
102 69 1
102 70 -1
102 72 1
102 75 1
102 76 1
102 78 -1
102 79 -1
102 89 -1
102 90 -1
102 91 -1
102 92 1
102 93 -1
102 95 1
102 98 1
102 101 1
102 106 1
102 108 -1
102 109 -1
102 112 -1
102 114 -1
102 115 1
102 116 -1
102 117 1
102 121 -1
102 124 1
102 127 -1
102 129 -1
103 3 1
103 4 1
103 6 -1
103 7 1
103 10 1
103 11 1
103 13 1
103 14 1
103 15 1
103 17 1
103 19 -1
103 20 1
103 21 -1
103 22 1
103 24 -1
103 26 1
103 29 -1
103 32 -1
103 37 1
103 38 -1
103 39 -1
103 40 1
103 41 -1
103 42 1
103 43 -1
103 44 -1
103 45 1
103 46 1
103 48 1
103 49 1
103 51 1
103 52 1
103 53 1
103 56 -1
103 58 1
103 66 1
103 67 1
103 68 1
103 70 -1
103 71 -1
103 73 -1
103 75 1
103 76 1
103 77 1
103 78 -1
103 82 -1
103 83 -1
103 85 1
103 87 -1
103 88 1
103 90 1
103 92 -1
103 93 -1
103 94 1
103 95 1
103 97 -1
103 98 1
103 99 -1
103 102 -1
103 104 1
103 107 1
103 109 1
103 112 -1
103 114 1
103 115 -1
103 117 -1
103 120 1
103 121 1
103 122 -1
103 123 -1
103 124 1
103 126 1
103 128 -1
103 130 1
104 1 1
104 3 1
104 6 -1
104 9 1
104 10 1
104 13 -1
104 14 1
104 15 1
104 18 1
104 19 -1
104 20 -1
104 21 -1
104 23 -1
104 25 1
104 27 1
104 28 1
104 29 -1
104 30 -1
104 31 1
104 38 1
104 40 -1
104 41 1
104 42 1
104 44 -1
104 46 1
104 47 -1
104 50 1
104 51 -1
104 59 1
104 60 -1
104 64 1
104 66 -1
104 67 1
104 68 -1
104 71 -1
104 72 1
104 73 -1
104 74 1
104 77 1
104 78 1
104 82 1
104 84 1
104 85 1
104 86 1
104 87 1
104 89 -1
104 94 -1
104 95 1
104 97 -1
104 98 -1
104 99 -1
104 101 -1
104 102 1
104 105 -1
104 107 1
104 108 -1
104 110 -1
104 112 1
104 113 -1
104 117 1
104 119 1
104 126 1
104 128 -1
104 129 -1
105 1 -1
105 5 -1
105 6 -1
105 7 1
105 9 1
105 11 -1
105 16 1
105 17 1
105 18 1
105 21 -1
105 22 -1
105 26 1
105 27 -1
105 32 1
105 41 1
105 43 -1
105 44 -1
105 51 -1
105 53 1
105 57 -1
105 59 1
105 60 -1
105 63 1
105 64 -1
105 65 1
105 67 1
105 68 -1
105 69 1
105 72 -1
105 73 -1
105 74 -1
105 76 -1
105 79 1
105 80 -1
105 82 -1
105 83 1
105 84 -1
105 85 1
105 86 -1
105 90 1
105 91 -1
105 92 -1
105 94 1
105 96 1
105 99 1
105 100 1
105 101 -1
105 102 1
105 103 -1
105 112 1
105 114 1
105 116 -1
105 119 1
105 120 1
105 121 1
105 123 1
105 124 -1
105 125 1
105 130 1
106 2 1
106 3 1
106 5 -1
106 8 -1
106 11 1
106 12 -1
106 13 -1
106 14 1
106 18 1
106 20 -1
106 22 -1
106 25 1
106 27 -1
106 28 -1
106 29 1
106 31 -1
106 32 1
106 33 -1
106 35 1
106 37 -1
106 38 1
106 39 1
106 43 -1
106 46 -1
106 49 -1
106 50 1
106 54 -1
106 55 1
106 58 1
106 59 1
106 60 -1
106 61 1
106 62 1
106 64 -1
106 65 1
106 66 1
106 68 -1
106 71 1
106 74 -1
106 75 -1
106 77 1
106 78 1
106 79 1
106 81 -1
106 82 1
106 84 -1
106 88 1
106 90 -1
106 91 1
106 92 1
106 94 -1
106 95 1
106 97 -1
106 99 -1
106 101 -1
106 103 -1
106 104 1
106 105 1
106 107 1
106 108 1
106 110 -1
106 116 1
106 118 1
106 121 1
106 123 -1
106 125 1
106 127 1
107 1 1
107 2 1
107 3 1
107 6 1
107 7 1
107 9 -1
107 11 1
107 17 1
107 18 1
107 21 -1
107 25 -1
107 26 -1
107 27 -1
107 29 1
107 30 1
107 31 1
107 35 -1
107 37 1
107 40 -1
107 43 -1
107 44 -1
107 45 -1
107 47 -1
107 53 1
107 55 -1
107 56 1
107 58 -1
107 62 -1
107 63 -1
107 64 1
107 68 -1
107 71 -1
107 72 1
107 73 1
107 74 -1
107 76 1
107 82 -1
107 83 1
107 88 1
107 89 -1
107 90 1
107 91 1
107 92 -1
107 94 1
107 95 -1
107 97 -1
107 99 1
107 101 1
107 102 -1
107 105 1
107 111 1
107 112 1
107 114 1
107 115 1
107 116 1
107 117 -1
107 121 -1
107 124 -1
107 125 -1
107 128 1
107 130 -1
108 1 -1
108 2 1
108 3 -1
108 4 -1
108 5 -1
108 6 -1
108 7 -1
108 10 1
108 12 1
108 16 1
108 17 1
108 22 1
108 23 1
108 29 1
108 31 -1
108 33 1
108 34 1
108 37 1
108 38 -1
108 40 1
108 41 1
108 43 1
108 44 1
108 45 1
108 46 -1
108 48 1
108 50 -1
108 53 -1
108 56 1
108 57 1
108 58 -1
108 59 -1
108 60 1
108 61 1
108 62 -1
108 63 1
108 64 -1
108 65 1
108 68 -1
108 69 -1
108 70 1
108 72 1
108 75 -1
108 77 1
108 79 -1
108 80 -1
108 83 -1
108 84 -1
108 86 1
108 87 1
108 88 -1
108 90 1
108 91 -1
108 92 -1
108 94 -1
108 95 1
108 100 -1
108 101 -1
108 103 -1
108 105 1
108 107 1
108 109 -1
108 110 -1
108 112 -1
108 113 1
108 115 -1
108 116 1
108 120 1
108 121 1
108 122 1
108 123 1
108 124 1
108 126 -1
108 128 -1
109 2 1
109 3 1
109 8 1
109 10 -1
109 11 -1
109 14 -1
109 16 1
109 17 -1
109 18 -1
109 19 -1
109 20 -1
109 21 1
109 24 -1
109 27 -1
109 29 -1
109 30 1
109 31 1
109 33 1
109 34 1
109 41 -1
109 42 1
109 43 -1
109 45 -1
109 47 1
109 51 -1
109 52 -1
109 53 1
109 54 -1
109 55 1
109 59 1
109 60 -1
109 61 1
109 62 1
109 63 -1
109 66 -1
109 67 1
109 70 -1
109 72 -1
109 74 -1
109 78 -1
109 80 1
109 82 1
109 83 -1
109 84 -1
109 86 -1
109 94 -1
109 95 -1
109 97 -1
109 100 -1
109 104 -1
109 105 1
109 106 -1
109 107 -1
109 111 1
109 112 1
109 113 1
109 114 -1
109 115 1
109 116 1
109 117 1
109 121 1
109 122 1
109 125 -1
109 126 1
109 128 -1
110 1 -1
110 2 1
110 3 -1
110 4 -1
110 7 -1
110 8 -1
110 9 1
110 11 1
110 12 -1
110 14 -1
110 16 -1
110 19 1
110 28 -1
110 30 1
110 31 1
110 32 -1
110 35 -1
110 37 1
110 38 1
110 39 1
110 42 1
110 44 -1
110 45 -1
110 48 1
110 49 -1
110 50 1
110 51 1
110 55 1
110 56 -1
110 58 -1
110 59 -1
110 60 -1
110 61 1
110 63 1
110 65 1
110 66 1
110 67 -1
110 68 1
110 72 1
110 73 -1
110 76 1
110 77 1
110 78 1
110 79 1
110 82 -1
110 86 -1
110 87 -1
110 88 1
110 89 -1
110 90 -1
110 91 -1
110 93 1
110 97 -1
110 99 -1
110 100 -1
110 101 -1
110 102 1
110 103 1
110 105 1
110 107 1
110 109 -1
110 112 -1
110 114 -1
110 115 -1
110 116 1
110 117 1
110 118 1
110 119 1
110 122 1
110 125 -1
110 126 1
110 127 1
110 129 -1
111 1 -1
111 3 -1
111 6 -1
111 7 1
111 8 1
111 10 1
111 12 -1
111 13 1
111 14 -1
111 15 1
111 16 1
111 17 1
111 21 -1
111 22 -1
111 23 -1
111 24 -1
111 25 1
111 29 1
111 33 -1
111 35 -1
111 37 1
111 39 -1
111 40 -1
111 42 1
111 43 1
111 44 -1
111 46 -1
111 50 -1
111 56 1
111 57 1
111 60 1
111 64 1
111 65 -1
111 69 -1
111 70 -1
111 71 1
111 73 1
111 74 1
111 75 1
111 76 -1
111 77 1
111 84 -1
111 85 -1
111 86 1
111 88 -1
111 92 1
111 93 -1
111 99 1
111 100 -1
111 101 1
111 102 1
111 103 -1
111 104 1
111 105 -1
111 106 1
111 108 -1
111 110 1
111 114 1
111 117 1
111 119 1
111 120 1
111 121 -1
111 122 -1
111 123 -1
111 125 1
111 126 1
111 129 1
112 2 1
112 7 1
112 9 -1
112 10 -1
112 12 1
112 13 1
112 15 1
112 16 1
112 19 -1
112 20 -1
112 21 -1
112 22 1
112 25 -1
112 26 -1
112 30 1
112 33 -1
112 35 -1
112 37 1
112 38 1
112 44 -1
112 48 1
112 49 -1
112 51 -1
112 52 1
112 63 -1
112 67 -1
112 69 1
112 70 -1
112 73 1
112 74 1
112 75 1
112 79 1
112 80 -1
112 81 1
112 82 1
112 83 1
112 85 -1
112 89 -1
112 90 -1
112 93 1
112 95 -1
112 97 -1
112 98 -1
112 100 1
112 106 -1
112 111 1
112 113 1
112 115 1
112 117 1
112 118 1
112 122 1
112 123 1
112 125 1
112 126 -1
112 127 1
112 128 -1
112 130 1
113 2 1
113 3 1
113 4 -1
113 5 -1
113 7 -1
113 9 1
113 10 -1
113 11 1
113 12 1
113 15 1
113 16 1
113 19 -1
113 21 -1
113 22 -1
113 24 -1
113 27 1
113 28 -1
113 29 1
113 32 1
113 38 1
113 39 1
113 40 -1
113 42 -1
113 45 -1
113 46 -1
113 48 1
113 49 1
113 50 -1
113 57 -1
113 58 -1
113 60 1
113 61 1
113 66 1
113 69 1
113 70 -1
113 74 -1
113 75 -1
113 76 1
113 77 -1
113 79 -1
113 80 -1
113 81 1
113 84 1
113 85 1
113 86 -1
113 87 1
113 90 1
113 94 1
113 97 -1
113 98 1
113 100 1
113 101 -1
113 102 -1
113 103 -1
113 105 -1
113 106 -1
113 107 1
113 110 1
113 111 -1
113 117 1
113 123 -1
113 125 -1
113 127 -1
113 128 1
113 129 1
114 2 -1
114 5 1
114 6 1
114 7 1
114 10 1
114 11 -1
114 13 -1
114 16 1
114 19 1
114 20 -1
114 21 -1
114 24 1
114 25 -1
114 26 1
114 28 1
114 29 -1
114 33 1
114 34 1
114 38 1
114 40 -1
114 41 1
114 42 -1
114 43 -1
114 44 -1
114 46 1
114 49 1
114 50 1
114 51 1
114 56 1
114 57 1
114 59 -1
114 60 1
114 63 -1
114 65 1
114 66 1
114 69 1
114 72 -1
114 73 -1
114 75 -1
114 76 -1
114 78 1
114 79 1
114 82 1
114 84 -1
114 90 -1
114 93 -1
114 95 -1
114 96 -1
114 97 1
114 98 1
114 99 1
114 104 -1
114 106 -1
114 108 -1
114 112 -1
114 113 -1
114 116 1
114 117 1
114 118 1
114 119 1
114 120 1
114 122 1
114 124 1
114 129 1
114 130 1
115 2 1
115 4 -1
115 5 1
115 9 1
115 11 1
115 12 -1
115 13 1
115 15 -1
115 18 -1
115 19 1
115 20 1
115 21 -1
115 22 1
115 23 1
115 29 -1
115 32 -1
115 36 -1
115 38 -1
115 41 -1
115 45 -1
115 46 -1
115 47 1
115 48 1
115 51 1
115 52 1
115 53 -1
115 55 1
115 59 1
115 61 1
115 62 -1
115 63 -1
115 64 1
115 65 1
115 67 1
115 69 1
115 70 -1
115 71 1
115 73 -1
115 74 -1
115 76 -1
115 79 -1
115 81 1
115 82 -1
115 83 -1
115 84 -1
115 85 1
115 86 -1
115 87 1
115 88 1
115 91 1
115 92 -1
115 93 1
115 94 1
115 97 -1
115 99 -1
115 100 1
115 101 1
115 104 1
115 105 -1
115 106 -1
115 111 -1
115 113 -1
115 114 -1
115 116 -1
115 117 1
115 122 -1
115 125 -1
115 126 1
115 129 1
115 130 -1
116 2 -1
116 3 -1
116 4 -1
116 6 -1
116 10 -1
116 13 -1
116 15 -1
116 16 1
116 21 1
116 23 1
116 24 -1
116 26 -1
116 29 1
116 32 1
116 33 -1
116 34 -1
116 35 -1
116 38 -1
116 39 1
116 40 1
116 41 1
116 42 -1
116 45 -1
116 46 1
116 48 1
116 52 -1
116 53 -1
116 56 1
116 57 1
116 59 -1
116 60 1
116 64 1
116 67 -1
116 68 1
116 70 1
116 71 -1
116 72 -1
116 73 -1
116 76 -1
116 77 -1
116 79 1
116 80 1
116 83 -1
116 86 1
116 87 1
116 90 -1
116 91 -1
116 93 1
116 94 1
116 96 1
116 97 1
116 101 -1
116 103 1
116 104 -1
116 111 1
116 112 1
116 113 -1
116 117 -1
116 118 -1
116 119 -1
116 120 -1
116 124 -1
116 125 1
116 126 1
116 128 1
116 130 -1
117 3 1
117 6 1
117 8 -1
117 12 -1
117 14 1
117 16 -1
117 18 -1
117 22 1
117 24 -1
117 25 1
117 28 1
117 29 1
117 34 1
117 35 1
117 37 1
117 38 -1
117 39 1
117 40 1
117 41 -1
117 42 -1
117 45 1
117 46 1
117 47 1
117 48 1
117 49 1
117 50 -1
117 51 1
117 54 1
117 56 -1
117 62 -1
117 65 1
117 66 1
117 67 1
117 68 -1
117 69 -1
117 72 1
117 73 -1
117 76 -1
117 77 1
117 80 1
117 81 -1
117 84 -1
117 87 -1
117 88 -1
117 91 1
117 94 1
117 98 1
117 105 -1
117 106 -1
117 108 -1
117 118 -1
117 120 1
117 121 -1
117 122 1
117 123 -1
117 127 1
117 128 -1
117 130 1
118 4 1
118 5 1
118 7 -1
118 8 1
118 16 1
118 17 1
118 18 -1
118 19 1
118 20 -1
118 21 1
118 24 -1
118 26 1
118 29 1
118 30 1
118 31 -1
118 32 1
118 33 -1
118 35 1
118 41 1
118 43 -1
118 44 1
118 46 1
118 50 1
118 51 -1
118 53 1
118 55 1
118 57 -1
118 58 1
118 59 -1
118 61 1
118 62 1
118 64 1
118 66 -1
118 68 1
118 69 -1
118 71 1
118 72 -1
118 73 -1
118 76 1
118 78 -1
118 80 -1
118 81 -1
118 82 1
118 83 1
118 84 1
118 86 -1
118 87 -1
118 88 -1
118 90 -1
118 93 -1
118 96 1
118 98 -1
118 99 -1
118 101 1
118 102 -1
118 103 -1
118 104 -1
118 105 -1
118 107 -1
118 108 -1
118 109 1
118 111 -1
118 113 -1
118 115 -1
118 120 -1
118 121 1
118 122 -1
118 124 -1
118 126 1
119 1 1
119 2 1
119 6 -1
119 7 1
119 8 -1
119 9 -1
119 12 -1
119 14 -1
119 15 1
119 16 -1
119 20 1
119 22 1
119 28 -1
119 31 1
119 33 -1
119 37 1
119 43 1
119 44 1
119 45 -1
119 46 1
119 48 -1
119 49 1
119 50 -1
119 56 1
119 57 1
119 58 1
119 59 1
119 60 -1
119 61 1
119 63 -1
119 64 1
119 65 -1
119 67 1
119 68 -1
119 70 -1
119 72 -1
119 73 1
119 74 -1
119 76 1
119 78 1
119 79 -1
119 80 -1
119 82 -1
119 84 1
119 85 -1
119 86 -1
119 88 -1
119 91 -1
119 93 -1
119 97 -1
119 100 1
119 102 -1
119 103 -1
119 106 1
119 107 -1
119 108 -1
119 109 -1
119 112 -1
119 113 1
119 115 -1
119 117 -1
119 118 -1
119 120 -1
119 123 -1
119 125 -1
119 127 1
119 128 -1
120 1 -1
120 2 -1
120 5 -1
120 12 -1
120 15 -1
120 17 -1
120 19 1
120 21 1
120 23 -1
120 24 -1
120 25 1
120 26 -1
120 28 -1
120 30 -1
120 32 -1
120 35 -1
120 36 -1
120 38 1
120 39 -1
120 40 1
120 41 1
120 42 1
120 44 -1
120 47 1
120 49 1
120 52 1
120 54 -1
120 63 -1
120 65 1
120 66 1
120 68 -1
120 70 1
120 71 -1
120 75 -1
120 76 1
120 80 1
120 83 1
120 86 -1
120 89 -1
120 94 -1
120 95 1
120 96 -1
120 99 -1
120 101 -1
120 102 -1
120 104 1
120 106 -1
120 107 -1
120 109 1
120 110 1
120 112 1
120 113 -1
120 115 1
120 121 -1
120 122 -1
120 123 -1
120 126 1
120 129 1
120 130 -1
121 4 -1
121 7 1
121 8 1
121 11 -1
121 12 1
121 17 -1
121 18 1
121 21 1
121 23 1
121 24 1
121 26 -1
121 27 1
121 29 -1
121 32 1
121 35 1
121 36 -1
121 37 1
121 38 1
121 39 1
121 50 -1
121 52 -1
121 56 -1
121 58 -1
121 60 -1
121 61 -1
121 62 -1
121 63 1
121 64 -1
121 66 1
121 71 1
121 73 -1
121 75 1
121 76 -1
121 77 -1
121 78 -1
121 79 1
121 80 1
121 81 -1
121 82 1
121 85 1
121 87 -1
121 88 1
121 90 1
121 91 -1
121 93 1
121 94 1
121 96 1
121 97 1
121 104 -1
121 110 1
121 112 1
121 113 1
121 114 1
121 115 -1
121 116 -1
121 119 1
121 124 1
121 130 1
122 1 1
122 2 1
122 3 1
122 4 -1
122 5 -1
122 6 1
122 9 -1
122 11 -1
122 13 -1
122 14 -1
122 15 1
122 17 -1
122 19 1
122 21 -1
122 23 1
122 25 -1
122 29 1
122 31 -1
122 32 -1
122 34 1
122 35 1
122 36 -1
122 40 -1
122 43 -1
122 44 1
122 48 -1
122 56 -1
122 57 1
122 58 1
122 59 1
122 60 1
122 63 -1
122 64 -1
122 66 1
122 67 1
122 68 1
122 71 -1
122 72 -1
122 74 -1
122 75 1
122 77 1
122 79 -1
122 80 1
122 81 -1
122 82 -1
122 86 1
122 87 -1
122 88 1
122 89 -1
122 91 1
122 92 -1
122 93 -1
122 96 1
122 97 -1
122 100 1
122 102 -1
122 104 -1
122 105 -1
122 106 1
122 107 -1
122 113 1
122 116 1
122 119 1
122 121 1
122 123 -1
122 127 -1
122 129 1
122 130 1
123 1 1
123 6 -1
123 9 -1
123 11 -1
123 12 -1
123 13 -1
123 14 1
123 15 -1
123 18 -1
123 20 -1
123 22 1
123 23 -1
123 24 1
123 27 1
123 29 -1
123 30 1
123 31 1
123 34 -1
123 35 -1
123 36 -1
123 43 1
123 44 -1
123 47 -1
123 49 1
123 50 1
123 52 1
123 54 -1
123 57 1
123 58 -1
123 59 -1
123 60 1
123 63 -1
123 66 -1
123 67 -1
123 68 1
123 69 1
123 70 1
123 72 1
123 75 1
123 76 1
123 78 1
123 79 1
123 81 1
123 84 -1
123 85 -1
123 86 -1
123 87 1
123 89 -1
123 90 1
123 92 1
123 93 -1
123 95 1
123 97 -1
123 98 1
123 101 -1
123 102 -1
123 104 1
123 107 1
123 109 1
123 110 -1
123 114 -1
123 115 -1
123 116 1
123 118 -1
123 121 1
123 125 -1
123 126 1
123 127 -1
123 128 -1
123 129 -1
123 130 1
124 5 -1
124 6 -1
124 7 -1
124 9 1
124 10 -1
124 11 -1
124 13 -1
124 15 1
124 17 -1
124 18 -1
124 20 -1
124 21 -1
124 22 1
124 23 -1
124 24 1
124 27 1
124 28 -1
124 30 1
124 31 1
124 37 -1
124 41 -1
124 42 -1
124 43 -1
124 44 1
124 45 1
124 47 -1
124 48 -1
124 50 1
124 52 1
124 56 -1
124 58 1
124 62 -1
124 63 1
124 69 -1
124 71 1
124 73 -1
124 75 -1
124 76 -1
124 78 -1
124 86 -1
124 87 1
124 88 -1
124 89 -1
124 92 1
124 93 -1
124 94 -1
124 95 -1
124 99 -1
124 101 1
124 104 1
124 106 1
124 109 1
124 110 1
124 111 -1
124 112 -1
124 113 -1
124 115 -1
124 117 -1
124 119 -1
124 120 -1
124 122 -1
124 123 1
124 126 1
124 129 1
124 130 -1
125 2 -1
125 4 -1
125 7 1
125 8 -1
125 10 -1
125 11 1
125 12 -1
125 13 -1
125 18 1
125 19 1
125 21 1
125 23 -1
125 25 1
125 26 1
125 27 -1
125 28 1
125 30 -1
125 31 -1
125 32 -1
125 36 -1
125 37 -1
125 38 -1
125 39 1
125 40 -1
125 43 1
125 44 -1
125 46 1
125 48 1
125 49 1
125 50 1
125 52 -1
125 53 -1
125 56 -1
125 59 -1
125 62 1
125 64 -1
125 65 -1
125 67 -1
125 69 1
125 73 1
125 77 -1
125 78 1
125 80 -1
125 81 -1
125 82 1
125 83 1
125 85 1
125 86 -1
125 90 -1
125 93 1
125 96 -1
125 99 1
125 102 1
125 103 -1
125 104 -1
125 108 1
125 114 1
125 117 1
125 118 -1
125 120 -1
125 121 -1
125 122 1
125 124 -1
125 127 1
125 129 -1
125 130 1
126 3 1
126 7 1
126 8 1
126 9 1
126 10 -1
126 13 -1
126 15 -1
126 16 1
126 17 -1
126 19 1
126 25 1
126 28 -1
126 29 -1
126 30 -1
126 31 1
126 32 -1
126 35 1
126 38 1
126 39 -1
126 40 -1
126 44 1
126 45 -1
126 46 -1
126 48 -1
126 49 -1
126 50 -1
126 53 1
126 54 -1
126 55 1
126 56 -1
126 58 1
126 67 -1
126 68 -1
126 71 -1
126 73 -1
126 75 -1
126 76 -1
126 80 -1
126 81 -1
126 84 1
126 85 1
126 87 -1
126 90 1
126 93 1
126 94 1
126 95 -1
126 96 -1
126 97 -1
126 98 1
126 99 -1
126 100 1
126 101 1
126 102 1
126 105 1
126 106 -1
126 107 -1
126 113 -1
126 114 -1
126 117 -1
126 119 -1
126 121 -1
126 122 -1
126 125 -1
126 127 -1
126 130 -1
127 2 1
127 4 1
127 5 1
127 7 -1
127 17 -1
127 20 1
127 21 -1
127 22 1
127 23 1
127 24 -1
127 25 1
127 26 1
127 27 1
127 31 -1
127 34 1
127 35 -1
127 36 1
127 42 1
127 44 -1
127 45 1
127 50 1
127 52 -1
127 55 1
127 56 1
127 64 1
127 68 1
127 69 -1
127 72 1
127 73 1
127 74 1
127 76 -1
127 78 -1
127 80 1
127 81 1
127 83 1
127 86 -1
127 87 -1
127 91 1
127 95 -1
127 97 1
127 99 1
127 100 -1
127 103 -1
127 104 1
127 105 -1
127 107 1
127 108 -1
127 109 -1
127 111 -1
127 114 -1
127 115 1
127 116 -1
127 118 1
127 120 1
127 121 -1
127 124 1
127 128 1
127 129 1
127 130 1
128 1 -1
128 2 -1
128 3 1
128 5 1
128 6 1
128 8 -1
128 9 1
128 10 -1
128 16 -1
128 17 -1
128 21 1
128 23 -1
128 27 -1
128 28 -1
128 30 1
128 31 -1
128 32 1
128 36 1
128 37 -1
128 39 -1
128 41 -1
128 45 1
128 49 -1
128 50 1
128 51 1
128 54 1
128 57 -1
128 59 1
128 60 1
128 63 1
128 67 -1
128 68 1
128 70 1
128 72 -1
128 74 1
128 75 1
128 76 1
128 77 1
128 78 -1
128 80 1
128 81 -1
128 82 -1
128 85 1
128 87 1
128 92 -1
128 93 1
128 94 -1
128 96 -1
128 97 1
128 99 -1
128 100 1
128 102 -1
128 105 1
128 106 -1
128 110 -1
128 111 -1
128 114 -1
128 115 -1
128 118 1
128 120 1
128 121 -1
128 122 -1
128 124 -1
128 125 1
128 126 -1
129 2 1
129 3 -1
129 4 -1
129 5 -1
129 6 -1
129 8 -1
129 10 -1
129 11 1
129 14 -1
129 17 1
129 22 -1
129 23 -1
129 24 1
129 26 1
129 30 -1
129 31 1
129 34 1
129 35 -1
129 37 -1
129 38 -1
129 39 -1
129 40 1
129 42 1
129 44 -1
129 46 -1
129 48 -1
129 59 -1
129 61 -1
129 63 1
129 64 -1
129 65 -1
129 69 1
129 71 -1
129 73 -1
129 74 1
129 75 1
129 78 1
129 80 -1
129 84 1
129 86 1
129 89 -1
129 92 -1
129 94 -1
129 98 1
129 99 1
129 101 1
129 103 -1
129 105 -1
129 106 -1
129 107 1
129 108 1
129 109 1
129 112 1
129 116 1
129 117 1
129 118 -1
129 119 -1
129 121 1
129 126 1
129 128 -1
130 3 1
130 6 -1
130 7 1
130 9 1
130 10 1
130 12 1
130 15 -1
130 16 1
130 20 1
130 21 1
130 23 -1
130 25 -1
130 26 -1
130 29 -1
130 30 -1
130 35 1
130 37 -1
130 38 1
130 39 1
130 40 1
130 42 1
130 43 1
130 44 1
130 45 -1
130 47 1
130 49 1
130 50 1
130 53 1
130 57 1
130 58 -1
130 59 -1
130 61 -1
130 63 -1
130 64 -1
130 69 -1
130 73 -1
130 75 1
130 76 -1
130 81 -1
130 82 -1
130 84 1
130 85 -1
130 86 1
130 88 -1
130 91 1
130 93 1
130 96 -1
130 98 1
130 102 -1
130 104 -1
130 106 -1
130 108 1
130 109 1
130 110 1
130 111 1
130 113 -1
130 118 1
130 119 1
130 128 -1
130 129 1
