vertices: 70 edges: 2415
1 2 -1
1 3 1
1 4 -1
1 9 -1
1 13 -1
1 14 -1
1 15 -1
1 16 -1
1 18 -1
1 19 -1
1 23 -1
1 24 -1
1 26 -1
1 27 -1
1 28 -1
1 29 -1
1 32 -1
1 33 -1
1 35 -1
1 43 -1
1 46 -1
1 50 -1
1 53 -1
1 54 -1
1 56 1
1 57 -1
1 59 -1
1 60 -1
1 61 -1
1 64 -1
1 65 1
1 66 -1
1 67 -1
1 68 -1
1 69 -1
1 70 -1
2 3 1
2 4 -1
2 8 -1
2 10 -1
2 14 -1
2 15 -1
2 20 -1
2 22 -1
2 30 -1
2 31 1
2 32 -1
2 35 -1
2 36 -1
2 37 -1
2 41 -1
2 43 -1
2 45 -1
2 46 -1
2 48 -1
2 49 -1
2 52 1
2 53 -1
2 55 -1
2 58 -1
2 60 -1
2 62 -1
2 63 -1
2 64 -1
2 68 -1
2 69 1
3 4 1
3 7 -1
3 10 1
3 13 -1
3 16 -1
3 17 -1
3 20 1
3 21 -1
3 25 -1
3 27 -1
3 28 -1
3 29 -1
3 32 -1
3 33 -1
3 34 1
3 36 -1
3 37 -1
3 39 -1
3 40 1
3 43 -1
3 45 -1
3 46 -1
3 52 1
3 53 -1
3 55 1
3 57 -1
3 58 -1
3 63 -1
3 64 -1
3 66 -1
3 67 -1
3 69 -1
3 70 1
4 6 -1
4 7 -1
4 9 -1
4 10 -1
4 11 1
4 14 1
4 16 -1
4 17 -1
4 18 -1
4 21 -1
4 23 -1
4 24 1
4 26 1
4 32 1
4 34 -1
4 35 -1
4 37 -1
4 39 -1
4 40 -1
4 41 1
4 42 -1
4 43 -1
4 46 1
4 47 1
4 49 1
4 50 -1
4 51 -1
4 53 -1
4 57 -1
4 63 -1
4 64 -1
4 66 -1
4 67 -1
4 69 -1
4 70 -1
5 1 -1
5 2 -1
5 3 -1
5 4 1
5 6 -1
5 8 -1
5 12 -1
5 16 -1
5 17 1
5 18 1
5 19 1
5 21 1
5 24 1
5 25 -1
5 27 -1
5 28 -1
5 32 -1
5 36 -1
5 37 -1
5 38 1
5 39 -1
5 40 -1
5 41 -1
5 42 -1
5 43 -1
5 45 -1
5 48 1
5 49 1
5 50 -1
5 51 -1
5 53 -1
5 55 1
5 56 -1
5 57 1
5 62 -1
5 63 -1
5 66 -1
6 1 -1
6 2 -1
6 3 -1
6 8 -1
6 11 -1
6 18 -1
6 19 1
6 22 -1
6 24 1
6 26 -1
6 27 1
6 28 -1
6 30 -1
6 34 -1
6 37 -1
6 39 1
6 40 -1
6 41 -1
6 44 -1
6 45 -1
6 46 1
6 47 -1
6 48 -1
6 50 -1
6 51 -1
6 56 1
6 57 -1
6 58 -1
6 60 1
6 61 -1
6 62 -1
6 63 -1
6 64 -1
6 67 -1
6 68 -1
6 69 -1
6 70 -1
7 1 1
7 2 -1
7 5 -1
7 6 -1
7 8 -1
7 11 -1
7 13 -1
7 16 -1
7 20 1
7 22 -1
7 24 -1
7 25 1
7 26 -1
7 28 1
7 30 1
7 32 1
7 34 -1
7 37 -1
7 38 -1
7 40 1
7 41 1
7 48 -1
7 49 -1
7 50 -1
7 51 -1
7 52 -1
7 53 1
7 54 -1
7 55 -1
7 56 -1
7 57 -1
7 58 -1
7 60 -1
7 64 1
7 65 -1
7 66 -1
7 67 -1
8 1 -1
8 3 -1
8 4 -1
8 11 -1
8 12 1
8 15 1
8 17 -1
8 19 -1
8 20 -1
8 22 -1
8 26 -1
8 28 -1
8 29 -1
8 30 -1
8 32 1
8 33 1
8 35 1
8 39 -1
8 41 -1
8 44 -1
8 45 -1
8 46 1
8 47 -1
8 48 -1
8 49 -1
8 53 -1
8 57 -1
8 59 1
8 60 -1
8 61 -1
8 62 -1
8 65 -1
8 66 -1
9 2 -1
9 3 -1
9 5 -1
9 6 -1
9 7 -1
9 8 -1
9 10 -1
9 11 -1
9 12 -1
9 14 -1
9 20 -1
9 21 -1
9 23 -1
9 25 1
9 26 -1
9 27 -1
9 28 -1
9 31 -1
9 32 1
9 33 -1
9 34 -1
9 35 -1
9 36 -1
9 38 -1
9 40 -1
9 41 -1
9 45 1
9 46 -1
9 49 -1
9 52 1
9 55 1
9 56 -1
9 57 -1
9 59 -1
9 62 1
9 63 -1
9 64 -1
9 65 -1
9 66 -1
9 67 1
9 68 -1
9 70 -1
10 1 -1
10 5 1
10 6 -1
10 7 -1
10 8 -1
10 13 -1
10 15 1
10 16 1
10 17 -1
10 19 -1
10 22 -1
10 26 -1
10 27 -1
10 31 -1
10 34 -1
10 36 -1
10 38 -1
10 40 -1
10 41 -1
10 45 -1
10 46 -1
10 48 -1
10 49 -1
10 53 -1
10 54 -1
10 55 -1
10 57 -1
10 58 -1
10 60 -1
10 64 -1
10 65 -1
10 66 -1
10 67 -1
10 68 -1
10 69 1
10 70 -1
11 1 -1
11 2 1
11 3 1
11 5 -1
11 10 -1
11 13 -1
11 14 1
11 15 -1
11 17 1
11 18 1
11 22 1
11 23 1
11 30 -1
11 33 -1
11 36 -1
11 37 -1
11 38 -1
11 41 -1
11 43 -1
11 44 -1
11 45 -1
11 48 -1
11 50 -1
11 51 1
11 52 -1
11 53 -1
11 54 -1
11 55 1
11 56 -1
11 57 -1
11 58 -1
11 60 -1
11 61 -1
11 63 1
11 64 -1
11 66 1
12 1 -1
12 2 -1
12 3 -1
12 4 1
12 6 -1
12 7 -1
12 10 1
12 11 -1
12 15 -1
12 16 -1
12 20 -1
12 22 1
12 23 -1
12 24 -1
12 26 -1
12 27 -1
12 28 1
12 29 -1
12 31 1
12 36 -1
12 37 -1
12 39 -1
12 41 -1
12 45 -1
12 46 -1
12 47 -1
12 49 -1
12 50 1
12 52 -1
12 53 -1
12 54 -1
12 57 -1
12 58 -1
12 59 -1
12 61 -1
12 64 -1
12 65 -1
12 66 -1
12 67 -1
13 2 -1
13 4 1
13 5 1
13 6 -1
13 8 -1
13 9 -1
13 12 1
13 15 -1
13 17 -1
13 21 -1
13 22 -1
13 28 -1
13 29 -1
13 30 -1
13 33 -1
13 34 -1
13 42 -1
13 43 -1
13 45 1
13 46 -1
13 47 -1
13 48 -1
13 49 -1
13 50 -1
13 52 -1
13 54 -1
13 55 -1
13 57 -1
13 60 1
13 61 -1
13 62 -1
13 66 -1
14 3 -1
14 5 -1
14 6 -1
14 7 -1
14 8 -1
14 10 -1
14 12 -1
14 13 -1
14 15 -1
14 16 -1
14 17 -1
14 20 -1
14 23 -1
14 24 -1
14 26 -1
14 27 -1
14 28 -1
14 29 -1
14 30 -1
14 31 1
14 33 -1
14 34 -1
14 38 -1
14 39 -1
14 42 -1
14 43 -1
14 44 -1
14 45 -1
14 46 -1
14 49 -1
14 53 -1
14 54 -1
14 56 -1
14 58 -1
14 61 -1
14 65 -1
14 67 -1
14 69 -1
14 70 -1
15 3 -1
15 4 -1
15 5 -1
15 6 -1
15 7 -1
15 9 -1
15 16 -1
15 17 -1
15 18 -1
15 19 -1
15 21 1
15 26 -1
15 31 1
15 32 -1
15 33 -1
15 35 -1
15 36 -1
15 37 1
15 39 -1
15 42 -1
15 44 -1
15 49 -1
15 50 -1
15 52 -1
15 54 -1
15 56 -1
15 58 -1
15 62 -1
15 63 -1
15 64 -1
15 65 -1
15 66 -1
15 70 -1
16 2 -1
16 6 -1
16 8 1
16 9 1
16 11 -1
16 13 -1
16 18 -1
16 19 -1
16 20 1
16 21 -1
16 22 -1
16 25 -1
16 26 1
16 29 1
16 31 -1
16 32 -1
16 37 -1
16 38 -1
16 42 -1
16 44 -1
16 45 1
16 46 -1
16 49 -1
16 52 -1
16 53 -1
16 54 -1
16 55 -1
16 57 -1
16 59 -1
16 62 -1
16 69 1
17 1 -1
17 2 1
17 6 1
17 7 -1
17 9 -1
17 12 -1
17 16 -1
17 18 -1
17 19 -1
17 20 -1
17 22 -1
17 23 -1
17 25 -1
17 26 -1
17 27 -1
17 30 -1
17 34 -1
17 39 -1
17 42 -1
17 44 -1
17 45 -1
17 47 -1
17 52 1
17 55 -1
17 56 -1
17 59 -1
17 61 -1
17 62 -1
17 64 1
17 67 -1
17 68 -1
18 2 -1
18 3 -1
18 7 -1
18 8 -1
18 9 -1
18 10 -1
18 12 -1
18 13 -1
18 14 -1
18 20 -1
18 22 -1
18 24 -1
18 25 1
18 26 -1
18 27 1
18 29 -1
18 30 -1
18 32 -1
18 33 -1
18 39 -1
18 40 -1
18 41 -1
18 43 1
18 45 1
18 46 -1
18 48 -1
18 51 1
18 53 -1
18 56 -1
18 57 -1
18 61 -1
18 63 -1
18 64 -1
18 69 -1
18 70 -1
19 2 -1
19 3 -1
19 4 -1
19 7 -1
19 9 -1
19 11 1
19 12 1
19 13 -1
19 14 -1
19 18 -1
19 20 -1
19 21 -1
19 23 1
19 24 1
19 26 -1
19 29 -1
19 30 -1
19 32 -1
19 34 -1
19 36 -1
19 38 -1
19 39 -1
19 43 -1
19 47 1
19 48 -1
19 52 1
19 54 -1
19 56 -1
19 63 -1
19 67 -1
19 68 -1
20 1 -1
20 4 1
20 5 1
20 6 1
20 10 -1
20 11 -1
20 13 -1
20 15 -1
20 22 -1
20 24 -1
20 27 1
20 28 -1
20 29 -1
20 32 -1
20 35 -1
20 36 -1
20 37 -1
20 38 1
20 39 -1
20 41 -1
20 42 1
20 43 1
20 44 -1
20 45 -1
20 47 1
20 48 -1
20 49 -1
20 53 -1
20 54 -1
20 55 -1
20 56 -1
20 57 -1
20 62 -1
20 66 -1
20 69 1
20 70 -1
21 1 -1
21 2 -1
21 6 1
21 7 -1
21 8 1
21 10 -1
21 11 -1
21 12 -1
21 14 -1
21 17 -1
21 18 -1
21 20 1
21 25 -1
21 26 -1
21 27 -1
21 28 -1
21 30 -1
21 32 -1
21 33 -1
21 35 1
21 36 -1
21 39 -1
21 40 -1
21 41 -1
21 44 -1
21 45 -1
21 46 -1
21 47 -1
21 48 -1
21 49 -1
21 51 -1
21 52 -1
21 53 -1
21 54 -1
21 55 -1
21 56 -1
21 58 1
21 60 -1
21 62 -1
21 63 -1
21 64 1
21 66 -1
21 69 -1
21 70 -1
22 1 -1
22 3 1
22 4 -1
22 5 -1
22 9 -1
22 14 -1
22 15 -1
22 19 -1
22 21 -1
22 25 -1
22 26 1
22 28 -1
22 29 -1
22 32 -1
22 34 -1
22 37 -1
22 40 -1
22 41 -1
22 45 -1
22 48 1
22 49 -1
22 51 -1
22 53 1
22 54 1
22 55 -1
22 56 -1
22 59 -1
22 60 -1
22 61 -1
22 63 -1
22 65 -1
22 66 -1
22 67 -1
22 68 -1
23 2 -1
23 3 -1
23 5 -1
23 6 -1
23 7 1
23 8 -1
23 10 -1
23 13 -1
23 15 -1
23 16 -1
23 18 1
23 20 -1
23 21 -1
23 22 -1
23 24 1
23 26 -1
23 33 -1
23 34 1
23 37 -1
23 38 -1
23 41 -1
23 44 -1
23 47 -1
23 49 -1
23 51 -1
23 52 -1
23 53 -1
23 54 -1
23 55 -1
23 57 -1
23 60 -1
23 61 -1
23 62 -1
23 63 1
23 66 -1
23 67 -1
23 70 -1
24 2 -1
24 3 -1
24 8 -1
24 9 1
24 10 -1
24 11 -1
24 13 -1
24 15 -1
24 16 -1
24 17 -1
24 21 -1
24 22 1
24 28 -1
24 30 -1
24 36 -1
24 39 -1
24 40 -1
24 42 -1
24 45 -1
24 51 -1
24 53 1
24 55 -1
24 56 -1
24 57 -1
24 58 -1
24 59 -1
24 60 -1
24 61 -1
24 63 -1
24 64 -1
24 67 1
24 69 -1
24 70 -1
25 1 -1
25 2 -1
25 4 -1
25 6 -1
25 8 -1
25 10 -1
25 11 -1
25 12 -1
25 13 1
25 14 1
25 15 -1
25 19 1
25 20 -1
25 23 -1
25 24 -1
25 27 -1
25 28 -1
25 29 1
25 31 -1
25 32 -1
25 33 -1
25 35 -1
25 36 -1
25 39 -1
25 42 -1
25 44 -1
25 46 -1
25 48 -1
25 51 1
25 53 -1
25 56 -1
25 57 1
25 60 -1
25 61 1
25 62 1
25 67 -1
25 68 -1
26 2 -1
26 3 -1
26 5 -1
26 11 -1
26 13 -1
26 20 -1
26 24 -1
26 25 -1
26 28 -1
26 29 -1
26 33 -1
26 34 -1
26 35 -1
26 36 -1
26 40 -1
26 41 -1
26 45 -1
26 47 1
26 48 1
26 49 -1
26 51 -1
26 52 1
26 55 -1
26 57 -1
26 61 -1
26 64 -1
26 66 -1
26 67 -1
26 68 1
26 70 -1
27 2 1
27 4 -1
27 7 -1
27 8 -1
27 11 1
27 13 -1
27 15 -1
27 16 -1
27 19 -1
27 22 -1
27 23 1
27 24 -1
27 26 -1
27 32 -1
27 34 -1
27 38 -1
27 41 -1
27 42 -1
27 43 1
27 45 -1
27 48 -1
27 49 1
27 50 1
27 54 -1
27 56 -1
27 57 -1
27 58 -1
27 61 -1
27 62 -1
27 65 -1
27 66 1
27 68 -1
27 69 -1
27 70 -1
28 2 -1
28 4 -1
28 10 1
28 11 1
28 15 -1
28 16 -1
28 17 1
28 18 1
28 19 -1
28 23 1
28 27 -1
28 29 1
28 30 -1
28 32 1
28 36 -1
28 37 -1
28 41 1
28 42 -1
28 45 -1
28 48 1
28 49 1
28 51 -1
28 52 -1
28 53 -1
28 55 -1
28 58 1
28 59 1
28 60 -1
28 64 -1
28 65 1
28 66 -1
28 67 -1
28 68 -1
28 69 -1
28 70 1
29 2 1
29 4 -1
29 5 -1
29 6 1
29 7 -1
29 9 1
29 10 1
29 11 1
29 15 -1
29 17 -1
29 21 -1
29 23 1
29 24 -1
29 27 -1
29 30 -1
29 34 -1
29 39 1
29 40 1
29 41 -1
29 47 -1
29 48 -1
29 52 -1
29 53 -1
29 57 -1
29 58 -1
29 60 -1
29 61 -1
29 67 -1
29 69 -1
30 1 -1
30 3 -1
30 4 1
30 5 -1
30 9 -1
30 10 1
30 12 1
30 15 -1
30 16 -1
30 20 -1
30 22 1
30 23 -1
30 25 -1
30 26 1
30 27 -1
30 31 -1
30 32 -1
30 34 -1
30 35 -1
30 37 -1
30 38 -1
30 40 -1
30 41 -1
30 47 -1
30 49 1
30 51 -1
30 52 1
30 54 -1
30 60 -1
30 61 -1
30 64 1
30 67 -1
30 68 1
30 69 -1
30 70 -1
31 1 -1
31 3 1
31 4 -1
31 5 -1
31 6 1
31 7 -1
31 8 -1
31 11 -1
31 13 -1
31 17 -1
31 18 -1
31 19 -1
31 20 -1
31 21 -1
31 22 -1
31 23 1
31 24 -1
31 26 1
31 27 -1
31 28 -1
31 29 -1
31 34 -1
31 37 -1
31 39 -1
31 42 -1
31 43 -1
31 45 -1
31 46 -1
31 48 -1
31 52 -1
31 54 -1
31 56 1
31 57 1
31 58 -1
31 60 -1
31 61 -1
31 62 1
31 63 -1
31 66 -1
31 70 -1
32 6 -1
32 10 -1
32 11 -1
32 12 -1
32 13 1
32 14 -1
32 17 -1
32 23 -1
32 24 -1
32 26 -1
32 29 1
32 31 -1
32 34 -1
32 35 -1
32 36 -1
32 37 -1
32 39 -1
32 42 -1
32 48 -1
32 52 1
32 53 -1
32 54 -1
32 56 -1
32 58 1
32 60 -1
32 62 -1
32 63 -1
32 66 -1
32 67 -1
32 68 -1
32 70 -1
33 2 -1
33 4 -1
33 5 -1
33 6 -1
33 7 -1
33 10 -1
33 12 1
33 16 -1
33 17 -1
33 19 -1
33 20 -1
33 22 -1
33 24 -1
33 27 1
33 28 -1
33 29 -1
33 30 -1
33 31 -1
33 32 1
33 34 -1
33 37 -1
33 38 -1
33 39 1
33 40 -1
33 41 -1
33 45 -1
33 46 1
33 48 -1
33 49 -1
33 54 1
33 56 -1
33 57 -1
33 60 -1
33 62 -1
33 63 -1
33 64 1
33 65 -1
33 67 -1
33 69 1
33 70 1
34 1 -1
34 2 -1
34 5 -1
34 8 -1
34 11 -1
34 12 -1
34 15 1
34 16 -1
34 18 -1
34 20 -1
34 21 1
34 24 -1
34 25 1
34 28 -1
34 35 1
34 37 -1
34 38 -1
34 42 1
34 45 -1
34 46 -1
34 47 -1
34 48 -1
34 49 -1
34 51 -1
34 54 -1
34 55 -1
34 57 1
34 58 -1
34 60 -1
34 61 -1
34 62 -1
34 63 -1
34 66 -1
34 68 1
34 70 -1
35 3 -1
35 5 -1
35 6 -1
35 7 1
35 10 -1
35 11 1
35 12 -1
35 13 1
35 14 -1
35 16 -1
35 17 -1
35 18 -1
35 19 1
35 22 -1
35 23 -1
35 24 -1
35 27 -1
35 28 -1
35 29 -1
35 31 -1
35 33 -1
35 36 -1
35 37 -1
35 39 -1
35 42 1
35 47 -1
35 48 -1
35 53 -1
35 54 -1
35 58 -1
35 59 1
35 60 -1
35 61 -1
35 63 -1
35 64 1
35 65 1
35 66 -1
35 67 -1
35 68 -1
35 70 1
36 1 -1
36 4 -1
36 6 -1
36 7 -1
36 8 1
36 13 -1
36 14 -1
36 16 -1
36 17 -1
36 18 -1
36 22 -1
36 23 -1
36 27 -1
36 29 1
36 30 -1
36 31 -1
36 33 -1
36 34 -1
36 38 1
36 39 -1
36 41 -1
36 42 -1
36 43 1
36 44 -1
36 46 1
36 48 -1
36 49 1
36 50 -1
36 51 -1
36 53 1
36 54 -1
36 58 1
36 60 1
36 61 -1
36 62 -1
36 64 1
36 66 -1
36 67 -1
36 69 -1
36 70 1
37 1 1
37 8 -1
37 9 -1
37 10 -1
37 13 1
37 14 -1
37 17 -1
37 18 -1
37 19 -1
37 21 -1
37 24 -1
37 25 1
37 26 -1
37 27 -1
37 29 -1
37 36 -1
37 41 -1
37 43 -1
37 46 -1
37 47 -1
37 49 -1
37 51 -1
37 52 -1
37 53 -1
37 55 1
37 57 -1
37 59 -1
37 60 -1
37 61 1
37 65 1
37 66 -1
37 68 -1
37 69 -1
38 1 -1
38 2 -1
38 3 -1
38 4 -1
38 6 -1
38 8 -1
38 12 -1
38 13 1
38 15 -1
38 17 1
38 18 -1
38 21 -1
38 22 -1
38 24 -1
38 25 1
38 26 1
38 28 -1
38 29 -1
38 31 -1
38 32 -1
38 35 1
38 37 -1
38 39 -1
38 40 -1
38 44 1
38 45 -1
38 46 1
38 47 1
38 48 -1
38 49 -1
38 50 -1
38 51 -1
38 53 -1
38 55 -1
38 57 -1
38 59 -1
38 62 -1
38 63 1
38 65 -1
38 66 -1
38 67 -1
38 68 1
38 69 -1
38 70 -1
39 1 1
39 2 -1
39 7 1
39 9 -1
39 10 -1
39 11 -1
39 13 -1
39 16 -1
39 22 -1
39 23 -1
39 26 -1
39 27 1
39 28 -1
39 30 -1
39 34 1
39 37 -1
39 40 -1
39 41 -1
39 42 -1
39 43 1
39 44 -1
39 47 1
39 48 -1
39 52 -1
39 54 -1
39 59 -1
39 60 -1
39 61 -1
39 62 -1
39 64 -1
39 67 1
39 68 1
39 69 -1
39 70 -1
40 1 -1
40 2 -1
40 8 1
40 11 -1
40 12 -1
40 13 1
40 14 -1
40 15 -1
40 16 -1
40 17 1
40 19 1
40 20 -1
40 23 1
40 25 1
40 27 1
40 28 -1
40 31 -1
40 32 1
40 34 -1
40 35 -1
40 36 -1
40 37 1
40 41 -1
40 44 -1
40 45 -1
40 47 -1
40 51 -1
40 52 -1
40 53 -1
40 54 1
40 55 -1
40 57 -1
40 58 -1
40 59 1
40 60 1
40 63 1
40 64 -1
40 66 -1
40 69 -1
41 1 1
41 3 -1
41 13 1
41 14 -1
41 15 -1
41 16 -1
41 17 -1
41 19 1
41 24 -1
41 25 -1
41 31 -1
41 32 1
41 34 -1
41 35 -1
41 38 -1
41 43 -1
41 44 -1
41 45 -1
41 47 -1
41 48 -1
41 49 -1
41 51 -1
41 52 -1
41 53 -1
41 54 1
41 55 1
41 58 -1
41 60 -1
41 61 -1
41 64 -1
41 66 -1
41 67 1
42 1 1
42 2 -1
42 3 -1
42 6 -1
42 7 -1
42 8 -1
42 9 1
42 10 1
42 11 1
42 12 1
42 18 -1
42 19 -1
42 21 -1
42 22 -1
42 23 -1
42 26 -1
42 29 -1
42 30 1
42 33 -1
42 37 -1
42 38 -1
42 40 -1
42 41 -1
42 43 -1
42 45 -1
42 46 -1
42 48 -1
42 49 1
42 51 -1
42 52 1
42 53 -1
42 57 -1
42 58 -1
42 59 -1
42 60 -1
42 61 1
42 63 -1
42 67 -1
42 68 -1
42 69 -1
42 70 -1
43 6 -1
43 7 -1
43 8 1
43 9 -1
43 10 -1
43 12 -1
43 15 -1
43 16 1
43 17 -1
43 21 1
43 22 1
43 23 1
43 24 1
43 25 -1
43 26 -1
43 28 -1
43 29 -1
43 30 1
43 32 -1
43 33 1
43 34 -1
43 35 -1
43 38 -1
43 40 -1
43 45 -1
43 46 -1
43 51 1
43 54 -1
43 55 1
43 56 -1
43 59 -1
43 63 -1
43 64 -1
43 65 -1
43 67 -1
43 68 -1
43 69 -1
43 70 -1
44 1 -1
44 2 -1
44 3 -1
44 4 -1
44 5 1
44 7 1
44 9 -1
44 10 -1
44 12 -1
44 13 -1
44 18 1
44 19 -1
44 22 1
44 24 -1
44 26 -1
44 27 -1
44 28 1
44 29 -1
44 30 1
44 31 -1
44 32 -1
44 33 -1
44 34 -1
44 35 -1
44 37 -1
44 42 -1
44 43 -1
44 45 1
44 46 -1
44 48 1
44 49 -1
44 50 -1
44 52 -1
44 53 -1
44 54 -1
44 56 1
44 57 -1
44 58 -1
44 60 -1
44 61 -1
44 64 1
44 65 -1
44 66 -1
44 68 1
44 69 -1
44 70 -1
45 1 -1
45 4 -1
45 7 -1
45 15 -1
45 19 -1
45 23 -1
45 25 -1
45 29 -1
45 30 -1
45 32 -1
45 35 -1
45 36 -1
45 37 1
45 39 1
45 46 -1
45 48 -1
45 49 -1
45 52 -1
45 53 1
45 56 1
45 58 1
45 60 -1
45 61 -1
45 62 1
45 66 -1
45 67 -1
45 68 -1
45 69 -1
45 70 -1
46 5 -1
46 7 1
46 11 1
46 15 -1
46 17 -1
46 19 1
46 20 -1
46 22 -1
46 23 1
46 24 1
46 26 -1
46 27 -1
46 28 -1
46 29 -1
46 30 -1
46 32 -1
46 35 1
46 39 -1
46 40 -1
46 41 -1
46 48 -1
46 53 -1
46 55 -1
46 57 -1
46 58 1
46 60 -1
46 68 -1
46 69 1
47 1 -1
47 2 -1
47 3 -1
47 5 -1
47 7 -1
47 9 1
47 10 -1
47 11 -1
47 14 -1
47 15 -1
47 16 -1
47 18 -1
47 22 -1
47 24 1
47 25 -1
47 27 -1
47 28 -1
47 31 1
47 32 1
47 33 1
47 36 -1
47 42 -1
47 43 1
47 44 1
47 45 -1
47 46 -1
47 51 -1
47 55 -1
47 63 -1
47 65 1
47 67 -1
47 69 -1
48 1 -1
48 3 -1
48 4 -1
48 9 1
48 12 -1
48 14 -1
48 15 1
48 16 1
48 17 -1
48 23 1
48 24 -1
48 30 -1
48 37 1
48 40 -1
48 43 -1
48 47 -1
48 49 -1
48 50 -1
48 51 -1
48 52 1
48 53 1
48 55 -1
48 56 1
48 58 -1
48 59 1
48 61 -1
48 63 -1
48 64 -1
48 65 1
48 67 -1
48 68 1
48 69 1
49 1 -1
49 3 -1
49 6 -1
49 11 -1
49 17 -1
49 18 -1
49 19 -1
49 24 -1
49 25 -1
49 29 1
49 31 -1
49 32 -1
49 35 -1
49 39 -1
49 40 -1
49 43 -1
49 46 1
49 47 -1
49 52 1
49 53 1
49 54 -1
49 55 -1
49 56 -1
49 57 -1
49 59 -1
49 63 -1
49 64 -1
49 65 -1
49 66 -1
49 67 -1
49 68 -1
50 2 -1
50 3 -1
50 8 -1
50 9 -1
50 10 -1
50 14 -1
50 16 1
50 17 1
50 18 -1
50 19 -1
50 20 -1
50 21 -1
50 22 -1
50 23 -1
50 24 -1
50 25 -1
50 26 1
50 28 -1
50 29 -1
50 30 -1
50 31 -1
50 32 -1
50 33 1
50 34 -1
50 35 -1
50 37 1
50 39 -1
50 40 -1
50 41 -1
50 42 1
50 43 -1
50 45 -1
50 46 -1
50 47 1
50 49 -1
50 54 -1
50 55 -1
50 58 -1
50 59 -1
50 62 -1
50 63 -1
50 66 -1
50 67 1
50 69 -1
50 70 1
51 1 1
51 2 -1
51 3 -1
51 8 -1
51 9 -1
51 10 -1
51 12 -1
51 13 -1
51 14 -1
51 15 -1
51 16 -1
51 17 -1
51 19 -1
51 20 1
51 27 -1
51 29 -1
51 31 -1
51 32 -1
51 33 -1
51 35 1
51 39 -1
51 44 -1
51 45 -1
51 46 1
51 49 -1
51 50 -1
51 52 -1
51 55 -1
51 56 -1
51 57 -1
51 59 -1
51 62 -1
51 64 -1
51 66 1
51 67 -1
51 68 -1
51 69 -1
52 1 -1
52 4 1
52 5 1
52 6 -1
52 8 -1
52 10 1
52 14 1
52 18 -1
52 20 -1
52 22 -1
52 24 -1
52 25 1
52 27 -1
52 33 1
52 34 -1
52 35 -1
52 36 -1
52 38 1
52 43 1
52 46 -1
52 47 -1
52 50 -1
52 57 1
52 62 1
52 64 -1
52 67 -1
52 68 -1
52 70 -1
53 6 1
53 9 1
53 13 -1
53 15 -1
53 17 -1
53 19 1
53 26 -1
53 27 1
53 30 -1
53 31 1
53 33 -1
53 34 -1
53 39 -1
53 43 -1
53 47 -1
53 50 -1
53 51 -1
53 52 -1
53 57 -1
53 58 -1
53 60 -1
53 61 1
53 66 -1
53 67 -1
53 68 -1
53 69 -1
53 70 -1
54 2 1
54 3 -1
54 4 1
54 5 -1
54 6 -1
54 8 -1
54 9 -1
54 17 1
54 18 -1
54 24 -1
54 25 -1
54 26 -1
54 28 -1
54 29 -1
54 37 1
54 38 -1
54 42 -1
54 45 -1
54 46 1
54 47 -1
54 48 -1
54 51 -1
54 52 -1
54 53 -1
54 55 -1
54 56 -1
54 57 1
54 60 -1
54 62 -1
54 65 -1
54 66 -1
54 67 -1
54 69 -1
55 1 -1
55 4 -1
55 6 -1
55 8 -1
55 12 1
55 14 -1
55 15 1
55 18 1
55 19 -1
55 25 -1
55 27 1
55 29 -1
55 30 -1
55 31 -1
55 32 -1
55 33 -1
55 35 -1
55 36 -1
55 39 -1
55 42 -1
55 44 -1
55 45 1
55 52 -1
55 53 -1
55 56 -1
55 57 -1
55 58 -1
55 59 -1
55 61 -1
55 63 -1
55 66 -1
55 67 -1
55 70 -1
56 2 1
56 3 1
56 4 1
56 8 -1
56 10 -1
56 12 -1
56 13 -1
56 16 -1
56 23 -1
56 26 -1
56 28 -1
56 29 1
56 30 -1
56 34 -1
56 35 -1
56 36 -1
56 37 -1
56 38 -1
56 39 -1
56 40 -1
56 41 -1
56 42 -1
56 46 -1
56 47 -1
56 50 -1
56 52 -1
56 53 -1
56 63 1
56 64 -1
56 65 -1
56 66 -1
56 67 1
56 69 -1
56 70 -1
57 2 -1
57 14 -1
57 15 -1
57 17 -1
57 19 -1
57 21 -1
57 22 -1
57 28 -1
57 30 -1
57 32 -1
57 35 1
57 36 -1
57 39 -1
57 41 -1
57 43 -1
57 45 1
57 47 -1
57 48 -1
57 50 -1
57 56 -1
57 58 -1
57 59 -1
57 60 -1
57 62 -1
57 64 -1
57 65 1
57 66 -1
57 67 -1
57 68 -1
57 69 -1
57 70 -1
58 1 -1
58 4 -1
58 5 1
58 8 -1
58 9 -1
58 13 -1
58 16 -1
58 17 -1
58 18 -1
58 19 1
58 20 -1
58 22 -1
58 23 -1
58 25 -1
58 26 -1
58 30 1
58 33 -1
58 37 -1
58 38 -1
58 39 -1
58 43 -1
58 47 -1
58 49 -1
58 51 -1
58 52 -1
58 54 -1
58 56 -1
58 60 1
58 67 -1
58 68 -1
58 69 1
59 2 -1
59 3 1
59 4 -1
59 5 -1
59 6 -1
59 7 -1
59 10 -1
59 11 1
59 13 -1
59 14 -1
59 15 -1
59 18 1
59 19 -1
59 20 -1
59 21 -1
59 23 -1
59 25 -1
59 26 -1
59 27 -1
59 29 -1
59 30 -1
59 31 -1
59 32 -1
59 33 -1
59 34 -1
59 36 -1
59 41 -1
59 44 -1
59 45 -1
59 46 1
59 47 -1
59 52 -1
59 53 -1
59 54 -1
59 56 1
59 58 -1
59 61 -1
59 62 -1
59 63 -1
59 64 -1
59 69 -1
60 3 -1
60 4 -1
60 5 -1
60 9 -1
60 12 -1
60 14 -1
60 15 -1
60 16 1
60 17 -1
60 18 1
60 19 -1
60 20 -1
60 26 -1
60 27 -1
60 38 -1
60 43 -1
60 47 1
60 48 1
60 49 1
60 50 -1
60 51 1
60 52 -1
60 55 -1
60 56 -1
60 59 -1
60 62 -1
60 63 1
60 64 -1
60 65 1
60 66 -1
60 67 -1
60 69 -1
61 2 1
61 3 -1
61 4 -1
61 5 1
61 7 -1
61 9 -1
61 10 -1
61 15 -1
61 16 -1
61 19 -1
61 20 -1
61 21 -1
61 28 -1
61 32 -1
61 33 -1
61 38 -1
61 40 -1
61 43 -1
61 46 -1
61 47 -1
61 49 1
61 50 1
61 51 -1
61 52 -1
61 54 -1
61 56 -1
61 57 -1
61 58 -1
61 60 1
61 65 -1
61 66 -1
61 68 -1
61 69 -1
62 1 -1
62 3 -1
62 4 -1
62 7 -1
62 10 1
62 11 -1
62 12 -1
62 14 -1
62 18 -1
62 19 -1
62 22 -1
62 24 -1
62 26 1
62 28 1
62 29 -1
62 30 -1
62 35 -1
62 37 -1
62 40 -1
62 41 -1
62 42 -1
62 43 -1
62 44 1
62 46 -1
62 47 -1
62 48 -1
62 49 1
62 53 -1
62 55 -1
62 56 1
62 58 -1
62 61 -1
62 64 -1
62 65 -1
62 66 1
62 67 -1
62 68 -1
62 69 -1
63 1 1
63 7 -1
63 8 -1
63 10 -1
63 12 -1
63 13 -1
63 14 -1
63 16 -1
63 17 1
63 20 -1
63 25 -1
63 26 -1
63 27 1
63 28 1
63 29 1
63 30 1
63 36 -1
63 37 -1
63 39 -1
63 41 -1
63 44 -1
63 45 1
63 46 -1
63 51 1
63 52 -1
63 53 -1
63 54 -1
63 57 -1
63 58 1
63 61 -1
63 62 1
63 64 -1
63 66 1
63 69 -1
63 70 -1
64 5 -1
64 8 1
64 13 -1
64 14 -1
64 16 -1
64 19 -1
64 20 1
64 22 -1
64 23 -1
64 25 -1
64 27 -1
64 29 -1
64 31 1
64 32 -1
64 34 -1
64 37 -1
64 38 -1
64 42 1
64 45 -1
64 46 -1
64 47 -1
64 50 -1
64 53 -1
64 54 -1
64 55 -1
64 58 -1
64 61 1
64 65 -1
64 67 1
64 68 -1
65 2 -1
65 3 1
65 4 -1
65 5 -1
65 6 1
65 11 -1
65 13 -1
65 16 -1
65 17 -1
65 18 -1
65 19 -1
65 20 -1
65 21 -1
65 23 1
65 24 -1
65 25 -1
65 26 1
65 29 1
65 30 1
65 31 -1
65 32 -1
65 34 -1
65 36 -1
65 39 -1
65 40 1
65 41 -1
65 42 -1
65 45 -1
65 46 -1
65 50 1
65 51 1
65 52 -1
65 53 -1
65 55 -1
65 58 -1
65 59 -1
65 63 -1
65 67 -1
65 68 1
65 69 -1
66 2 1
66 6 -1
66 14 -1
66 16 -1
66 17 1
66 18 -1
66 19 1
66 24 -1
66 25 -1
66 29 -1
66 30 -1
66 33 -1
66 39 1
66 42 1
66 43 -1
66 46 -1
66 47 1
66 48 -1
66 52 -1
66 58 1
66 59 1
66 64 -1
66 65 -1
66 67 -1
66 70 -1
67 2 -1
67 5 -1
67 8 -1
67 11 -1
67 13 -1
67 15 1
67 16 -1
67 18 1
67 20 1
67 21 1
67 27 -1
67 31 1
67 34 -1
67 37 -1
67 40 -1
67 44 -1
67 46 -1
67 59 1
67 61 -1
67 63 -1
68 3 -1
68 4 1
68 5 -1
68 7 -1
68 8 -1
68 11 -1
68 12 -1
68 13 -1
68 14 1
68 15 1
68 16 -1
68 18 1
68 20 -1
68 21 1
68 23 -1
68 24 -1
68 29 -1
68 31 -1
68 33 -1
68 36 -1
68 40 -1
68 41 -1
68 47 -1
68 50 1
68 54 -1
68 55 -1
68 56 -1
68 59 1
68 60 1
68 63 -1
68 66 -1
68 67 -1
68 69 -1
69 5 -1
69 7 -1
69 8 -1
69 9 1
69 11 -1
69 12 -1
69 13 -1
69 15 1
69 17 -1
69 19 -1
69 22 -1
69 23 -1
69 25 -1
69 26 -1
69 31 1
69 32 -1
69 34 -1
69 35 -1
69 41 -1
69 49 -1
69 52 1
69 55 -1
69 64 -1
69 66 -1
69 67 -1
69 70 -1
70 2 -1
70 5 -1
70 7 -1
70 8 -1
70 11 -1
70 12 -1
70 13 1
70 16 -1
70 17 -1
70 19 -1
70 22 -1
70 25 1
70 29 -1
70 37 1
70 40 -1
70 41 -1
70 46 -1
70 47 -1
70 48 -1
70 49 1
70 51 1
70 54 -1
70 58 -1
70 59 1
70 60 -1
70 61 -1
70 62 -1
70 64 1
70 65 -1
70 67 -1
70 68 1
