vertices: 90 edges: 4005
1 2 1
1 3 1
1 6 -1
1 7 -1
1 12 -1
1 13 -1
1 15 -1
1 17 1
1 18 -1
1 20 -1
1 28 -1
1 29 -1
1 30 -1
1 32 -1
1 33 -1
1 34 -1
1 35 -1
1 36 1
1 37 -1
1 40 1
1 44 -1
1 46 -1
1 52 1
1 58 -1
1 59 -1
1 62 -1
1 63 -1
1 64 1
1 65 1
1 66 -1
1 69 1
1 70 -1
1 73 1
1 74 -1
1 75 -1
1 76 -1
1 77 -1
1 78 -1
1 80 -1
1 81 1
1 82 -1
1 85 1
1 87 -1
1 88 -1
1 89 -1
1 90 -1
2 3 1
2 4 -1
2 5 -1
2 6 -1
2 8 1
2 9 -1
2 10 1
2 12 -1
2 13 -1
2 15 -1
2 16 -1
2 19 -1
2 20 -1
2 21 1
2 23 -1
2 24 -1
2 25 -1
2 27 -1
2 28 -1
2 29 -1
2 30 -1
2 32 -1
2 41 -1
2 43 -1
2 44 1
2 46 -1
2 51 -1
2 52 1
2 54 -1
2 57 1
2 58 -1
2 60 -1
2 65 1
2 66 -1
2 70 -1
2 72 -1
2 73 -1
2 78 -1
2 79 1
2 82 -1
2 83 -1
2 85 1
2 88 -1
3 4 -1
3 5 -1
3 10 -1
3 11 -1
3 12 -1
3 14 -1
3 17 -1
3 19 -1
3 20 1
3 21 -1
3 22 -1
3 25 -1
3 27 1
3 28 -1
3 29 -1
3 31 -1
3 32 -1
3 33 -1
3 34 -1
3 36 -1
3 38 -1
3 40 -1
3 41 1
3 42 -1
3 43 -1
3 44 -1
3 45 1
3 46 -1
3 48 1
3 53 1
3 59 1
3 61 -1
3 62 -1
3 63 -1
3 66 -1
3 69 -1
3 71 1
3 73 -1
3 74 -1
3 76 1
3 78 1
3 80 1
3 82 -1
3 84 -1
3 85 -1
3 86 -1
3 87 -1
3 89 -1
3 90 -1
4 1 -1
4 5 1
4 6 -1
4 9 -1
4 10 -1
4 11 -1
4 13 -1
4 16 -1
4 17 -1
4 18 -1
4 19 -1
4 21 -1
4 22 -1
4 24 -1
4 25 1
4 26 -1
4 29 -1
4 31 1
4 34 -1
4 35 1
4 38 1
4 44 1
4 45 -1
4 47 -1
4 49 -1
4 51 1
4 52 1
4 55 -1
4 59 -1
4 61 -1
4 62 -1
4 63 -1
4 64 -1
4 65 1
4 67 -1
4 68 -1
4 71 -1
4 77 -1
4 78 -1
4 79 -1
4 80 -1
4 83 -1
4 86 -1
4 87 -1
4 89 1
5 1 -1
5 7 -1
5 8 -1
5 10 -1
5 11 1
5 15 -1
5 17 -1
5 19 -1
5 22 -1
5 23 1
5 24 -1
5 25 -1
5 26 -1
5 29 -1
5 30 -1
5 32 -1
5 33 -1
5 35 1
5 36 -1
5 41 -1
5 44 -1
5 46 -1
5 47 1
5 51 -1
5 53 -1
5 54 -1
5 55 -1
5 58 -1
5 62 1
5 63 -1
5 64 -1
5 65 -1
5 66 -1
5 67 -1
5 68 -1
5 70 -1
5 72 -1
5 74 -1
5 75 -1
5 78 -1
5 79 -1
5 80 -1
5 81 1
5 84 -1
5 86 -1
5 87 -1
5 89 1
6 3 1
6 5 -1
6 7 -1
6 10 -1
6 11 1
6 12 -1
6 13 -1
6 15 -1
6 17 1
6 18 -1
6 20 -1
6 23 1
6 24 -1
6 26 -1
6 27 -1
6 28 -1
6 29 1
6 30 -1
6 31 -1
6 32 -1
6 33 -1
6 37 -1
6 38 -1
6 39 -1
6 45 -1
6 47 -1
6 48 -1
6 51 -1
6 53 1
6 56 -1
6 58 -1
6 59 -1
6 63 -1
6 68 -1
6 70 -1
6 72 1
6 73 -1
6 74 -1
6 76 1
6 77 -1
6 80 -1
6 82 1
6 85 -1
6 88 -1
7 2 -1
7 3 -1
7 4 -1
7 10 -1
7 11 -1
7 14 -1
7 16 -1
7 17 -1
7 21 -1
7 25 -1
7 26 -1
7 31 -1
7 32 -1
7 33 -1
7 34 -1
7 36 -1
7 37 1
7 41 -1
7 42 -1
7 43 1
7 45 1
7 46 1
7 47 -1
7 52 -1
7 54 -1
7 55 -1
7 56 -1
7 58 -1
7 59 -1
7 61 1
7 63 -1
7 64 1
7 65 -1
7 67 -1
7 68 -1
7 70 1
7 72 -1
7 73 -1
7 74 -1
7 75 -1
7 76 -1
7 81 1
7 86 -1
7 87 1
7 88 -1
7 90 -1
8 1 -1
8 3 1
8 4 1
8 6 1
8 7 -1
8 12 -1
8 13 -1
8 14 -1
8 19 -1
8 20 -1
8 21 1
8 26 -1
8 28 1
8 29 1
8 31 -1
8 33 -1
8 34 -1
8 35 -1
8 36 -1
8 37 -1
8 38 -1
8 41 -1
8 45 -1
8 46 -1
8 47 -1
8 49 -1
8 51 -1
8 52 -1
8 58 -1
8 59 -1
8 61 -1
8 62 -1
8 65 -1
8 66 -1
8 67 -1
8 69 -1
8 70 -1
8 76 -1
8 78 -1
8 79 -1
8 82 1
8 83 -1
8 90 -1
9 1 -1
9 3 1
9 5 -1
9 6 1
9 7 -1
9 8 -1
9 10 -1
9 14 1
9 16 -1
9 17 1
9 18 -1
9 19 1
9 22 -1
9 26 -1
9 27 1
9 28 -1
9 31 -1
9 32 -1
9 33 -1
9 36 1
9 37 -1
9 40 -1
9 41 -1
9 43 -1
9 44 -1
9 46 -1
9 47 -1
9 48 -1
9 56 1
9 62 -1
9 63 -1
9 64 -1
9 66 -1
9 68 -1
9 69 -1
9 70 -1
9 71 -1
9 72 -1
9 73 -1
9 76 1
9 78 -1
9 79 1
9 80 -1
9 81 -1
9 85 -1
9 86 -1
9 88 -1
9 89 1
9 90 1
10 1 -1
10 8 -1
10 11 -1
10 14 1
10 15 -1
10 17 -1
10 20 -1
10 22 -1
10 24 -1
10 25 -1
10 28 -1
10 29 1
10 30 -1
10 31 -1
10 32 -1
10 34 1
10 38 -1
10 41 -1
10 42 -1
10 43 1
10 44 1
10 49 -1
10 51 1
10 52 -1
10 53 1
10 55 -1
10 56 -1
10 57 -1
10 58 1
10 60 1
10 61 -1
10 62 1
10 66 -1
10 67 -1
10 70 -1
10 71 1
10 72 1
10 75 -1
10 76 -1
10 77 -1
10 78 -1
10 79 1
10 87 1
10 89 1
10 90 1
11 1 -1
11 2 -1
11 8 -1
11 9 1
11 12 -1
11 13 -1
11 14 -1
11 15 1
11 18 -1
11 19 -1
11 20 -1
11 24 -1
11 25 1
11 27 -1
11 29 -1
11 31 1
11 32 -1
11 33 -1
11 35 1
11 36 -1
11 42 -1
11 45 -1
11 46 -1
11 48 1
11 49 -1
11 50 -1
11 51 -1
11 52 -1
11 54 -1
11 55 1
11 56 -1
11 58 -1
11 60 -1
11 62 -1
11 67 -1
11 68 -1
11 71 -1
11 72 -1
11 74 1
11 76 -1
11 77 -1
11 81 -1
11 82 -1
11 83 -1
11 85 -1
11 89 -1
11 90 -1
12 4 -1
12 5 -1
12 7 1
12 9 -1
12 10 -1
12 16 -1
12 17 -1
12 18 -1
12 20 1
12 23 -1
12 24 -1
12 25 -1
12 26 -1
12 27 -1
12 29 -1
12 31 -1
12 32 -1
12 33 -1
12 36 -1
12 37 1
12 38 -1
12 39 -1
12 41 -1
12 42 -1
12 43 -1
12 44 -1
12 46 -1
12 47 1
12 48 1
12 49 -1
12 53 -1
12 54 -1
12 57 -1
12 58 -1
12 61 -1
12 65 -1
12 66 -1
12 68 -1
12 69 -1
12 70 -1
12 71 -1
12 76 -1
12 77 -1
12 78 1
12 82 -1
12 84 -1
12 86 -1
12 87 -1
12 89 -1
12 90 -1
13 3 -1
13 5 1
13 7 -1
13 9 -1
13 10 -1
13 12 -1
13 15 -1
13 17 -1
13 18 1
13 21 -1
13 23 -1
13 24 1
13 29 -1
13 30 -1
13 33 -1
13 34 -1
13 35 -1
13 37 -1
13 38 -1
13 39 -1
13 40 1
13 42 -1
13 43 1
13 48 -1
13 49 -1
13 50 1
13 51 -1
13 55 -1
13 56 -1
13 57 -1
13 59 -1
13 65 -1
13 67 -1
13 69 -1
13 70 1
13 72 -1
13 73 -1
13 74 -1
13 76 -1
13 77 -1
13 78 -1
13 79 -1
13 80 1
13 82 -1
13 88 -1
13 89 -1
13 90 -1
14 1 -1
14 2 -1
14 4 -1
14 5 -1
14 6 -1
14 12 -1
14 13 -1
14 15 1
14 20 -1
14 21 -1
14 22 -1
14 24 -1
14 26 -1
14 27 -1
14 28 -1
14 30 -1
14 31 1
14 34 -1
14 42 -1
14 45 -1
14 48 -1
14 50 1
14 51 -1
14 54 -1
14 57 -1
14 58 -1
14 61 -1
14 62 -1
14 63 -1
14 65 -1
14 66 -1
14 69 -1
14 73 1
14 74 1
14 75 1
14 77 -1
14 79 -1
14 81 -1
14 83 -1
14 84 -1
14 85 -1
14 86 -1
14 88 -1
14 89 -1
14 90 -1
15 3 -1
15 4 -1
15 7 -1
15 8 1
15 9 -1
15 12 -1
15 16 1
15 17 -1
15 21 -1
15 22 1
15 25 1
15 28 -1
15 30 -1
15 31 1
15 33 -1
15 35 -1
15 36 -1
15 38 -1
15 43 -1
15 45 -1
15 46 -1
15 48 -1
15 50 1
15 51 1
15 54 -1
15 56 -1
15 57 1
15 58 1
15 60 -1
15 61 -1
15 63 -1
15 64 -1
15 65 -1
15 66 -1
15 71 -1
15 72 1
15 74 -1
15 75 1
15 77 1
15 81 -1
15 82 -1
15 85 -1
15 88 -1
15 89 -1
16 1 -1
16 3 -1
16 5 -1
16 6 -1
16 8 1
16 10 -1
16 11 -1
16 13 -1
16 14 -1
16 17 -1
16 18 -1
16 19 1
16 22 -1
16 23 -1
16 24 -1
16 26 -1
16 28 -1
16 29 -1
16 32 1
16 33 -1
16 34 -1
16 37 -1
16 40 -1
16 42 -1
16 43 1
16 44 1
16 45 -1
16 47 1
16 50 -1
16 51 -1
16 52 1
16 53 -1
16 55 1
16 56 -1
16 59 -1
16 60 1
16 61 -1
16 63 -1
16 64 -1
16 70 -1
16 72 -1
16 73 -1
16 76 -1
16 77 -1
16 80 -1
16 81 -1
16 84 -1
16 86 1
16 90 -1
17 2 1
17 8 1
17 11 1
17 14 1
17 18 -1
17 19 -1
17 20 -1
17 22 -1
17 23 -1
17 25 1
17 26 -1
17 28 1
17 29 -1
17 30 1
17 35 -1
17 36 -1
17 37 -1
17 39 1
17 41 -1
17 42 1
17 44 -1
17 45 -1
17 47 -1
17 48 -1
17 49 -1
17 51 1
17 52 -1
17 56 -1
17 60 -1
17 61 -1
17 63 -1
17 64 1
17 66 -1
17 67 -1
17 68 -1
17 69 -1
17 70 -1
17 73 -1
17 74 -1
17 77 -1
17 78 -1
17 81 -1
17 82 1
17 88 -1
17 90 -1
18 2 -1
18 3 -1
18 5 1
18 7 -1
18 8 -1
18 10 -1
18 14 -1
18 15 1
18 19 -1
18 21 -1
18 23 -1
18 24 -1
18 25 -1
18 26 -1
18 28 -1
18 31 1
18 32 1
18 35 -1
18 40 -1
18 43 -1
18 44 1
18 45 -1
18 48 1
18 50 -1
18 54 -1
18 55 -1
18 56 1
18 59 -1
18 60 -1
18 62 -1
18 63 1
18 65 -1
18 67 1
18 68 -1
18 70 -1
18 72 -1
18 78 -1
18 85 -1
18 86 -1
18 87 -1
18 88 -1
18 89 -1
18 90 1
19 1 -1
19 6 -1
19 7 -1
19 10 1
19 12 1
19 13 -1
19 14 -1
19 15 -1
19 22 1
19 23 -1
19 24 -1
19 26 -1
19 27 -1
19 28 -1
19 29 -1
19 30 -1
19 31 -1
19 32 1
19 33 -1
19 36 1
19 37 -1
19 39 -1
19 45 -1
19 50 -1
19 51 -1
19 52 -1
19 53 -1
19 55 -1
19 56 -1
19 57 1
19 59 -1
19 60 -1
19 61 -1
19 62 -1
19 63 1
19 69 -1
19 70 -1
19 71 -1
19 72 -1
19 78 -1
19 80 1
19 81 -1
19 85 -1
19 90 -1
20 4 -1
20 5 -1
20 7 -1
20 9 -1
20 13 -1
20 15 1
20 16 -1
20 18 -1
20 19 -1
20 21 -1
20 23 1
20 25 1
20 27 -1
20 29 -1
20 33 -1
20 35 -1
20 36 -1
20 37 -1
20 38 -1
20 40 -1
20 42 -1
20 43 -1
20 45 -1
20 46 -1
20 47 -1
20 49 1
20 50 -1
20 51 -1
20 53 -1
20 59 -1
20 60 -1
20 64 1
20 65 -1
20 71 -1
20 75 -1
20 77 -1
20 82 -1
20 84 1
20 85 1
20 88 -1
20 89 -1
20 90 1
21 1 -1
21 5 1
21 6 1
21 9 1
21 10 -1
21 11 -1
21 12 -1
21 16 -1
21 17 -1
21 19 -1
21 23 -1
21 24 -1
21 26 -1
21 28 -1
21 31 -1
21 33 -1
21 35 -1
21 38 -1
21 39 1
21 40 -1
21 42 -1
21 45 -1
21 49 -1
21 51 1
21 52 -1
21 55 -1
21 56 -1
21 58 1
21 66 -1
21 68 -1
21 71 -1
21 72 -1
21 73 -1
21 74 -1
21 75 -1
21 77 -1
21 78 1
21 79 -1
21 81 -1
21 82 -1
21 83 1
21 85 -1
21 86 1
21 88 -1
22 1 -1
22 2 -1
22 6 -1
22 7 -1
22 8 -1
22 11 -1
22 12 1
22 13 -1
22 18 -1
22 20 -1
22 21 -1
22 23 -1
22 25 -1
22 27 1
22 29 -1
22 33 1
22 34 1
22 36 -1
22 37 -1
22 39 1
22 40 -1
22 41 1
22 42 -1
22 45 -1
22 46 -1
22 47 -1
22 50 -1
22 51 -1
22 52 -1
22 53 1
22 54 1
22 55 -1
22 56 -1
22 57 1
22 60 -1
22 61 -1
22 62 -1
22 63 -1
22 68 -1
22 71 -1
22 72 -1
22 73 -1
22 75 -1
22 77 -1
22 79 -1
22 82 -1
22 83 -1
22 85 -1
22 86 -1
23 1 1
23 3 -1
23 4 -1
23 7 -1
23 8 -1
23 9 -1
23 10 -1
23 11 -1
23 14 1
23 15 -1
23 24 -1
23 25 -1
23 26 -1
23 27 -1
23 28 -1
23 29 1
23 30 -1
23 31 -1
23 32 -1
23 35 -1
23 37 -1
23 38 -1
23 39 1
23 40 -1
23 41 -1
23 42 -1
23 43 1
23 44 -1
23 49 -1
23 50 -1
23 53 -1
23 55 -1
23 57 -1
23 58 -1
23 59 -1
23 60 -1
23 64 -1
23 66 -1
23 67 -1
23 70 1
23 71 -1
23 72 -1
23 76 1
23 78 1
23 79 -1
23 81 -1
23 82 1
23 83 1
23 84 -1
23 85 1
23 86 -1
23 87 -1
23 90 -1
24 1 -1
24 3 -1
24 7 -1
24 8 -1
24 9 -1
24 15 -1
24 17 -1
24 20 -1
24 22 -1
24 29 -1
24 32 1
24 34 -1
24 36 -1
24 38 1
24 41 -1
24 47 -1
24 50 -1
24 51 -1
24 52 1
24 53 -1
24 56 -1
24 57 -1
24 58 -1
24 59 -1
24 61 -1
24 63 -1
24 64 -1
24 66 1
24 68 -1
24 69 -1
24 70 -1
24 73 -1
24 77 -1
24 78 -1
24 79 -1
24 80 -1
24 81 -1
24 82 -1
24 83 -1
24 84 -1
24 86 -1
24 87 1
24 90 -1
25 1 -1
25 6 -1
25 8 1
25 9 -1
25 13 -1
25 14 -1
25 16 1
25 19 -1
25 21 -1
25 24 1
25 29 -1
25 34 -1
25 35 1
25 36 -1
25 37 -1
25 38 1
25 41 1
25 42 -1
25 43 -1
25 44 -1
25 46 -1
25 47 -1
25 50 1
25 52 -1
25 53 -1
25 55 -1
25 57 -1
25 58 -1
25 60 -1
25 62 -1
25 66 -1
25 68 -1
25 69 -1
25 70 -1
25 71 1
25 72 -1
25 73 -1
25 74 -1
25 76 -1
25 77 -1
25 88 1
25 89 -1
25 90 1
26 1 -1
26 2 1
26 3 -1
26 10 -1
26 11 -1
26 13 -1
26 15 -1
26 20 1
26 22 -1
26 24 -1
26 25 -1
26 27 -1
26 28 -1
26 30 -1
26 31 -1
26 32 -1
26 33 1
26 34 -1
26 37 1
26 39 -1
26 42 -1
26 44 -1
26 45 -1
26 46 -1
26 48 -1
26 49 -1
26 54 -1
26 55 -1
26 56 -1
26 58 1
26 59 -1
26 60 1
26 61 1
26 64 1
26 65 -1
26 66 -1
26 67 -1
26 69 -1
26 72 -1
26 75 -1
26 77 -1
26 78 1
26 79 -1
26 80 -1
26 82 -1
26 83 -1
26 86 -1
26 89 -1
26 90 -1
27 1 1
27 4 -1
27 5 -1
27 7 -1
27 8 -1
27 10 -1
27 13 -1
27 15 -1
27 16 -1
27 17 -1
27 18 -1
27 21 -1
27 24 -1
27 25 -1
27 32 -1
27 36 -1
27 38 -1
27 40 -1
27 41 -1
27 42 -1
27 44 -1
27 46 -1
27 48 -1
27 49 1
27 50 1
27 52 1
27 54 1
27 56 -1
27 59 -1
27 62 1
27 63 -1
27 64 1
27 66 -1
27 68 -1
27 70 -1
27 71 1
27 72 -1
27 74 -1
27 78 -1
27 79 -1
27 83 1
27 84 1
27 85 -1
27 86 -1
27 87 -1
27 88 -1
27 89 -1
27 90 -1
28 4 -1
28 5 -1
28 7 -1
28 11 -1
28 12 1
28 13 -1
28 20 -1
28 22 -1
28 24 -1
28 25 -1
28 27 1
28 30 -1
28 31 -1
28 34 1
28 39 -1
28 42 -1
28 44 -1
28 46 -1
28 48 -1
28 49 -1
28 51 1
28 52 -1
28 55 -1
28 60 -1
28 61 -1
28 62 -1
28 65 -1
28 67 -1
28 68 1
28 74 -1
28 77 -1
28 78 -1
28 82 1
28 84 -1
28 85 1
28 87 -1
28 88 -1
28 90 -1
29 7 -1
29 9 1
29 14 -1
29 15 -1
29 18 -1
29 21 1
29 26 -1
29 27 -1
29 28 -1
29 30 -1
29 31 -1
29 32 1
29 33 -1
29 34 -1
29 38 -1
29 39 -1
29 41 -1
29 46 -1
29 48 -1
29 51 -1
29 52 1
29 53 1
29 57 -1
29 58 1
29 61 -1
29 62 -1
29 63 -1
29 66 1
29 67 -1
29 68 -1
29 69 -1
29 70 -1
29 72 -1
29 76 -1
29 78 -1
29 83 -1
29 85 -1
29 86 -1
29 88 1
29 89 -1
30 3 -1
30 4 -1
30 7 1
30 8 -1
30 9 -1
30 11 -1
30 12 1
30 16 -1
30 18 1
30 20 -1
30 21 1
30 22 -1
30 24 -1
30 25 -1
30 27 1
30 32 -1
30 33 -1
30 34 -1
30 36 -1
30 37 -1
30 39 -1
30 40 -1
30 41 -1
30 45 1
30 46 -1
30 47 -1
30 49 -1
30 52 -1
30 53 -1
30 55 -1
30 59 -1
30 60 -1
30 63 -1
30 67 -1
30 68 -1
30 69 -1
30 70 -1
30 71 1
30 73 -1
30 75 -1
30 78 -1
30 80 -1
30 81 -1
30 82 1
30 83 -1
30 85 -1
30 87 -1
30 89 -1
31 1 -1
31 2 -1
31 5 -1
31 13 -1
31 16 -1
31 17 -1
31 20 1
31 22 -1
31 24 -1
31 25 -1
31 27 -1
31 30 -1
31 33 -1
31 34 -1
31 38 1
31 39 -1
31 40 1
31 41 1
31 43 -1
31 44 1
31 46 -1
31 48 1
31 52 -1
31 53 -1
31 58 -1
31 59 -1
31 63 -1
31 65 -1
31 66 1
31 68 -1
31 70 -1
31 72 -1
31 75 -1
31 78 -1
31 81 -1
31 82 1
31 86 -1
31 87 -1
31 88 -1
31 90 1
32 4 -1
32 8 -1
32 13 -1
32 14 -1
32 15 -1
32 17 -1
32 20 -1
32 21 -1
32 22 -1
32 25 -1
32 28 -1
32 31 -1
32 33 -1
32 35 -1
32 38 -1
32 40 -1
32 41 -1
32 46 -1
32 47 -1
32 51 1
32 52 -1
32 53 -1
32 56 -1
32 57 -1
32 58 -1
32 60 -1
32 64 -1
32 65 -1
32 67 1
32 69 1
32 70 -1
32 71 -1
32 72 1
32 73 -1
32 74 1
32 77 -1
32 78 1
32 80 -1
32 81 -1
32 83 1
32 84 -1
32 85 -1
32 87 -1
32 88 -1
32 89 -1
33 2 1
33 4 -1
33 10 1
33 14 -1
33 17 -1
33 18 -1
33 23 -1
33 24 -1
33 25 -1
33 27 1
33 28 -1
33 35 1
33 36 1
33 40 -1
33 41 1
33 42 -1
33 45 -1
33 46 -1
33 47 1
33 48 -1
33 55 -1
33 56 -1
33 57 -1
33 62 -1
33 64 -1
33 65 1
33 66 1
33 67 1
33 68 -1
33 69 -1
33 70 -1
33 71 -1
33 73 -1
33 74 -1
33 76 -1
33 77 -1
33 79 1
33 81 -1
33 82 -1
33 83 -1
33 87 1
33 89 -1
34 2 -1
34 5 1
34 6 -1
34 9 -1
34 11 -1
34 12 -1
34 15 1
34 17 1
34 18 -1
34 19 1
34 20 -1
34 21 -1
34 23 -1
34 27 -1
34 32 -1
34 33 -1
34 36 1
34 39 1
34 42 -1
34 43 1
34 44 -1
34 45 -1
34 46 -1
34 47 1
34 48 -1
34 51 1
34 55 -1
34 56 1
34 58 -1
34 59 -1
34 60 -1
34 64 1
34 65 -1
34 67 -1
34 68 -1
34 70 -1
34 71 -1
34 72 -1
34 73 -1
34 77 -1
34 79 -1
34 80 -1
34 83 -1
34 85 -1
34 90 1
35 2 1
35 3 -1
35 6 -1
35 7 -1
35 9 1
35 10 -1
35 12 -1
35 14 -1
35 16 1
35 19 1
35 22 -1
35 24 -1
35 26 -1
35 27 1
35 28 1
35 29 1
35 30 -1
35 31 1
35 34 -1
35 40 -1
35 42 -1
35 46 -1
35 47 1
35 48 -1
35 49 -1
35 50 -1
35 51 -1
35 52 -1
35 53 -1
35 57 -1
35 58 -1
35 59 1
35 60 -1
35 61 1
35 62 -1
35 63 -1
35 64 -1
35 68 -1
35 71 -1
35 75 -1
35 76 -1
35 77 -1
35 78 -1
35 80 -1
35 81 -1
35 86 -1
35 87 -1
35 90 1
36 2 -1
36 4 -1
36 6 -1
36 10 -1
36 13 1
36 14 -1
36 16 -1
36 18 1
36 21 -1
36 23 -1
36 26 -1
36 28 -1
36 29 -1
36 31 -1
36 32 1
36 35 1
36 37 -1
36 38 -1
36 39 -1
36 41 -1
36 42 -1
36 43 -1
36 48 1
36 49 -1
36 50 -1
36 53 -1
36 54 -1
36 55 -1
36 56 -1
36 57 -1
36 59 -1
36 60 1
36 64 1
36 68 -1
36 69 -1
36 71 -1
36 72 -1
36 73 -1
36 76 -1
36 79 -1
36 81 -1
36 84 -1
36 85 -1
36 86 -1
36 88 -1
36 89 -1
36 90 -1
37 2 1
37 3 -1
37 4 1
37 5 1
37 10 -1
37 11 -1
37 14 -1
37 15 -1
37 18 -1
37 21 -1
37 24 -1
37 27 -1
37 28 -1
37 29 -1
37 31 -1
37 32 -1
37 33 -1
37 34 -1
37 35 -1
37 39 -1
37 40 -1
37 42 1
37 43 -1
37 52 -1
37 53 -1
37 56 -1
37 57 -1
37 58 1
37 59 -1
37 61 1
37 62 -1
37 63 -1
37 65 -1
37 68 -1
37 71 -1
37 73 1
37 74 -1
37 75 -1
37 82 -1
37 87 -1
37 88 1
38 1 -1
38 2 -1
38 5 -1
38 7 -1
38 9 1
38 11 -1
38 14 -1
38 16 -1
38 17 -1
38 18 -1
38 19 -1
38 22 -1
38 26 -1
38 28 -1
38 30 -1
38 33 -1
38 34 -1
38 35 -1
38 37 -1
38 42 -1
38 43 -1
38 45 -1
38 46 -1
38 48 -1
38 52 -1
38 54 1
38 57 -1
38 58 -1
38 61 -1
38 62 -1
38 65 -1
38 68 1
38 69 -1
38 70 1
38 72 1
38 74 -1
38 75 -1
38 76 -1
38 80 1
38 82 1
38 84 -1
38 87 -1
38 88 -1
38 89 1
39 1 1
39 2 1
39 3 -1
39 4 -1
39 5 -1
39 7 -1
39 8 1
39 9 -1
39 10 -1
39 11 -1
39 14 -1
39 15 1
39 16 -1
39 18 -1
39 20 -1
39 24 1
39 25 -1
39 27 -1
39 32 -1
39 33 -1
39 35 1
39 38 -1
39 40 -1
39 41 -1
39 43 -1
39 44 -1
39 51 -1
39 52 -1
39 54 -1
39 57 1
39 58 -1
39 59 -1
39 60 -1
39 62 -1
39 63 -1
39 64 -1
39 65 1
39 66 1
39 69 -1
39 72 -1
39 75 1
39 78 -1
39 80 1
39 88 1
39 89 1
39 90 1
40 2 -1
40 4 -1
40 5 -1
40 6 -1
40 7 -1
40 8 -1
40 10 -1
40 11 -1
40 12 -1
40 14 -1
40 15 -1
40 17 1
40 19 1
40 24 -1
40 25 -1
40 26 -1
40 28 -1
40 29 1
40 34 1
40 36 -1
40 38 -1
40 41 -1
40 42 -1
40 44 -1
40 46 1
40 48 -1
40 49 -1
40 52 -1
40 55 -1
40 60 1
40 61 -1
40 62 -1
40 65 1
40 66 1
40 69 -1
40 70 1
40 73 1
40 77 -1
40 79 -1
40 80 -1
40 81 -1
40 82 -1
40 83 -1
40 84 -1
40 85 -1
40 88 -1
40 89 -1
41 1 -1
41 4 1
41 6 -1
41 11 1
41 13 1
41 14 -1
41 15 -1
41 16 -1
41 18 -1
41 19 -1
41 20 -1
41 21 -1
41 26 -1
41 28 -1
41 34 -1
41 35 -1
41 37 -1
41 38 1
41 44 -1
41 46 -1
41 48 -1
41 51 -1
41 52 -1
41 57 -1
41 58 -1
41 59 -1
41 63 1
41 64 -1
41 68 -1
41 70 -1
41 74 -1
41 79 -1
41 81 1
41 84 -1
41 86 -1
41 87 -1
41 88 1
41 89 -1
42 1 -1
42 2 -1
42 4 -1
42 5 -1
42 6 -1
42 8 -1
42 9 1
42 15 -1
42 18 -1
42 19 -1
42 24 1
42 29 -1
42 30 -1
42 31 -1
42 32 -1
42 39 1
42 41 1
42 44 -1
42 45 1
42 46 -1
42 47 1
42 50 -1
42 51 -1
42 52 -1
42 53 -1
42 54 1
42 56 -1
42 57 -1
42 63 -1
42 65 -1
42 66 -1
42 67 -1
42 68 1
42 69 1
42 70 -1
42 71 1
42 73 -1
42 78 -1
42 80 -1
42 81 -1
42 85 -1
42 86 1
42 87 1
43 1 -1
43 4 -1
43 5 -1
43 6 -1
43 8 -1
43 11 -1
43 14 -1
43 17 -1
43 19 -1
43 21 -1
43 22 -1
43 24 1
43 26 1
43 27 1
43 28 -1
43 29 -1
43 30 -1
43 32 -1
43 33 -1
43 35 -1
43 40 -1
43 41 -1
43 42 1
43 46 -1
43 48 -1
43 49 -1
43 51 -1
43 52 -1
43 55 -1
43 56 1
43 57 -1
43 59 -1
43 60 -1
43 62 -1
43 64 -1
43 66 -1
43 67 1
43 70 -1
43 71 -1
43 73 1
43 74 1
43 75 -1
43 77 1
43 78 1
43 79 1
43 80 -1
43 85 -1
43 86 -1
43 87 -1
43 89 -1
43 90 1
44 6 -1
44 7 -1
44 8 -1
44 11 -1
44 13 1
44 14 1
44 15 -1
44 19 -1
44 20 -1
44 21 -1
44 22 -1
44 24 -1
44 29 -1
44 30 -1
44 32 -1
44 33 -1
44 35 -1
44 36 1
44 37 -1
44 38 -1
44 43 -1
44 45 -1
44 47 -1
44 49 1
44 53 -1
44 55 -1
44 56 1
44 59 1
44 62 1
44 63 -1
44 64 1
44 65 -1
44 66 1
44 67 -1
44 68 1
44 73 -1
44 78 -1
44 79 1
44 80 1
44 81 -1
44 85 -1
44 87 -1
45 1 1
45 2 1
45 5 -1
45 9 -1
45 10 -1
45 12 -1
45 13 -1
45 23 -1
45 24 1
45 25 -1
45 27 -1
45 28 -1
45 29 1
45 31 -1
45 32 -1
45 35 -1
45 36 -1
45 37 -1
45 39 -1
45 40 -1
45 41 -1
45 43 -1
45 46 -1
45 49 -1
45 51 1
45 52 -1
45 53 1
45 54 -1
45 56 -1
45 58 1
45 60 -1
45 62 1
45 63 1
45 66 -1
45 67 -1
45 70 1
45 71 -1
45 73 -1
45 74 -1
45 75 -1
45 76 -1
45 79 -1
45 82 -1
45 83 -1
45 86 -1
45 87 1
45 90 -1
46 4 1
46 6 1
46 10 -1
46 13 -1
46 14 -1
46 16 -1
46 17 -1
46 18 -1
46 19 -1
46 21 -1
46 23 -1
46 24 1
46 36 -1
46 37 -1
46 39 -1
46 44 -1
46 48 1
46 50 -1
46 53 1
46 54 1
46 55 -1
46 57 -1
46 58 -1
46 60 -1
46 61 1
46 63 1
46 64 -1
46 65 1
46 66 -1
46 70 -1
46 71 -1
46 72 1
46 73 -1
46 74 -1
46 76 -1
46 79 1
46 80 -1
46 81 1
46 82 -1
46 84 -1
46 87 -1
46 89 -1
46 90 -1
47 1 -1
47 2 -1
47 3 -1
47 10 -1
47 11 1
47 13 -1
47 14 -1
47 15 -1
47 18 -1
47 19 -1
47 21 1
47 23 -1
47 26 1
47 27 -1
47 28 -1
47 29 -1
47 31 -1
47 36 -1
47 37 -1
47 38 -1
47 39 -1
47 40 -1
47 41 1
47 43 -1
47 45 -1
47 46 -1
47 51 1
47 52 1
47 54 -1
47 55 -1
47 58 -1
47 59 -1
47 61 -1
47 62 -1
47 63 -1
47 64 -1
47 67 1
47 68 -1
47 69 -1
47 74 -1
47 75 -1
47 76 -1
47 77 1
47 80 -1
47 82 -1
47 83 1
47 85 -1
47 86 -1
47 89 -1
48 1 1
48 2 1
48 4 -1
48 5 -1
48 7 -1
48 8 1
48 10 1
48 16 1
48 19 -1
48 20 -1
48 21 -1
48 22 1
48 23 -1
48 24 -1
48 25 -1
48 30 1
48 32 -1
48 37 -1
48 39 -1
48 42 -1
48 44 -1
48 45 -1
48 47 1
48 49 -1
48 51 -1
48 52 1
48 54 -1
48 55 -1
48 61 -1
48 66 -1
48 68 -1
48 72 -1
48 75 1
48 77 -1
48 79 -1
48 81 -1
48 82 1
48 87 1
48 89 -1
49 1 -1
49 2 -1
49 3 -1
49 5 -1
49 6 -1
49 7 -1
49 9 -1
49 14 -1
49 15 -1
49 16 -1
49 18 -1
49 19 1
49 22 -1
49 24 -1
49 25 -1
49 29 -1
49 31 -1
49 32 -1
49 33 -1
49 34 -1
49 37 -1
49 38 -1
49 39 -1
49 41 -1
49 42 -1
49 46 -1
49 47 1
49 50 -1
49 52 -1
49 56 -1
49 57 -1
49 61 -1
49 68 -1
49 69 -1
49 70 -1
49 73 -1
49 74 -1
49 78 -1
49 81 -1
49 82 -1
49 83 -1
49 84 -1
49 86 1
49 90 -1
50 1 1
50 2 -1
50 3 1
50 4 1
50 5 -1
50 6 1
50 7 -1
50 8 -1
50 9 -1
50 10 -1
50 12 -1
50 17 1
50 21 -1
50 26 -1
50 28 -1
50 29 1
50 30 1
50 31 -1
50 32 -1
50 33 -1
50 34 -1
50 37 -1
50 38 1
50 39 1
50 40 -1
50 41 -1
50 43 -1
50 44 -1
50 45 -1
50 47 1
50 48 -1
50 53 1
50 55 -1
50 58 -1
50 60 -1
50 61 1
50 62 -1
50 64 1
50 65 1
50 66 -1
50 67 1
50 74 -1
50 76 -1
50 78 -1
50 80 -1
50 84 1
50 87 -1
50 88 -1
50 90 1
51 1 -1
51 3 -1
51 7 -1
51 9 -1
51 12 -1
51 18 -1
51 23 -1
51 25 1
51 26 1
51 27 1
51 30 1
51 31 1
51 33 -1
51 36 -1
51 37 -1
51 38 1
51 40 1
51 44 -1
51 46 -1
51 49 -1
51 50 1
51 53 -1
51 55 -1
51 57 -1
51 59 1
51 61 -1
51 62 -1
51 64 -1
51 66 -1
51 68 -1
51 69 -1
51 71 1
51 73 -1
51 76 -1
51 77 -1
51 79 -1
51 80 -1
51 82 -1
51 83 1
51 86 -1
51 90 -1
52 3 -1
52 5 -1
52 6 -1
52 9 -1
52 12 -1
52 13 -1
52 14 -1
52 15 -1
52 18 -1
52 20 -1
52 23 -1
52 26 1
52 33 -1
52 34 1
52 36 1
52 44 -1
52 46 1
52 50 -1
52 51 -1
52 53 -1
52 58 -1
52 59 -1
52 60 -1
52 63 -1
52 67 -1
52 68 -1
52 69 -1
52 70 -1
52 72 -1
52 74 1
52 76 -1
52 78 1
52 81 -1
52 83 -1
52 85 -1
52 86 -1
52 87 -1
53 1 -1
53 2 1
53 4 -1
53 7 -1
53 8 -1
53 9 -1
53 11 1
53 13 -1
53 14 -1
53 15 -1
53 17 1
53 18 -1
53 21 -1
53 26 -1
53 27 -1
53 28 -1
53 33 -1
53 34 1
53 38 -1
53 39 -1
53 40 -1
53 41 -1
53 43 -1
53 47 -1
53 48 -1
53 49 -1
53 55 -1
53 56 -1
53 57 -1
53 58 1
53 59 -1
53 61 -1
53 62 -1
53 63 -1
53 64 -1
53 66 -1
53 67 1
53 69 -1
53 70 -1
53 71 -1
53 72 1
53 74 -1
53 77 -1
53 79 -1
53 80 1
53 81 -1
53 82 1
53 83 -1
53 84 -1
53 86 -1
53 87 -1
53 88 -1
53 89 -1
54 1 -1
54 3 -1
54 4 -1
54 6 -1
54 8 -1
54 9 -1
54 10 1
54 13 1
54 16 -1
54 17 -1
54 19 1
54 20 1
54 21 -1
54 23 -1
54 24 -1
54 25 1
54 28 -1
54 29 -1
54 30 -1
54 31 -1
54 32 -1
54 33 -1
54 34 -1
54 35 -1
54 37 1
54 40 -1
54 41 -1
54 43 1
54 44 -1
54 49 1
54 50 -1
54 51 -1
54 52 -1
54 53 -1
54 55 -1
54 58 1
54 59 -1
54 61 -1
54 62 1
54 65 1
54 66 -1
54 67 -1
54 69 1
54 71 1
54 72 1
54 75 -1
54 76 -1
54 79 -1
54 81 -1
54 82 1
54 83 -1
54 86 -1
54 90 -1
55 1 1
55 2 -1
55 3 -1
55 6 1
55 8 -1
55 9 -1
55 12 -1
55 14 -1
55 15 -1
55 17 -1
55 20 -1
55 24 -1
55 27 -1
55 29 1
55 31 -1
55 32 -1
55 35 1
55 37 -1
55 38 -1
55 39 -1
55 41 -1
55 42 1
55 45 -1
55 49 -1
55 52 -1
55 58 -1
55 59 -1
55 62 -1
55 64 -1
55 65 -1
55 66 1
55 70 -1
55 72 -1
55 74 -1
55 76 -1
55 77 1
55 80 -1
55 81 -1
55 84 1
55 85 -1
55 86 -1
55 88 -1
55 89 -1
56 1 -1
56 2 -1
56 3 -1
56 4 -1
56 5 1
56 8 -1
56 12 -1
56 14 1
56 20 -1
56 23 1
56 25 -1
56 28 -1
56 29 -1
56 30 -1
56 31 1
56 35 1
56 38 -1
56 39 -1
56 40 -1
56 41 -1
56 46 -1
56 47 -1
56 48 -1
56 50 1
56 51 -1
56 52 -1
56 54 -1
56 55 -1
56 60 -1
56 61 1
56 63 -1
56 65 -1
56 69 -1
56 70 -1
56 71 -1
56 72 -1
56 74 -1
56 76 1
56 77 1
56 78 -1
56 80 -1
56 82 1
56 84 -1
56 87 -1
57 1 -1
57 3 1
57 4 -1
57 5 -1
57 6 1
57 7 -1
57 8 -1
57 9 -1
57 11 -1
57 16 1
57 17 -1
57 18 -1
57 20 -1
57 21 -1
57 26 -1
57 27 -1
57 28 -1
57 30 -1
57 31 -1
57 34 1
57 40 -1
57 44 -1
57 45 -1
57 47 -1
57 48 -1
57 50 -1
57 52 -1
57 54 -1
57 55 -1
57 56 -1
57 58 -1
57 59 -1
57 63 -1
57 64 1
57 65 1
57 66 -1
57 67 -1
57 68 -1
57 71 -1
57 74 -1
57 77 -1
57 78 1
57 82 -1
57 83 -1
57 85 1
57 86 -1
58 3 -1
58 4 1
58 9 -1
58 13 -1
58 16 -1
58 17 -1
58 18 -1
58 19 1
58 20 -1
58 22 -1
58 27 1
58 28 -1
58 30 1
58 33 -1
58 36 1
58 40 -1
58 42 -1
58 43 -1
58 44 -1
58 48 -1
58 49 -1
58 51 -1
58 56 -1
58 61 -1
58 63 -1
58 64 1
58 68 -1
58 73 -1
58 74 1
58 75 -1
58 77 -1
58 79 1
58 82 1
58 85 -1
58 86 -1
58 87 -1
58 88 -1
58 90 1
59 2 -1
59 5 1
59 9 -1
59 10 1
59 11 -1
59 12 -1
59 14 1
59 15 1
59 17 -1
59 21 -1
59 22 1
59 25 1
59 28 -1
59 29 -1
59 32 -1
59 33 -1
59 38 -1
59 40 1
59 42 -1
59 45 -1
59 46 -1
59 48 -1
59 49 -1
59 50 1
59 56 -1
59 58 1
59 60 -1
59 61 1
59 63 1
59 64 -1
59 65 -1
59 66 1
59 67 1
59 68 -1
59 70 -1
59 71 1
59 72 1
59 73 1
59 74 -1
59 77 1
59 78 -1
59 79 -1
59 82 -1
59 84 -1
59 86 1
60 1 -1
60 3 -1
60 4 -1
60 5 1
60 6 -1
60 7 -1
60 8 -1
60 9 -1
60 12 -1
60 13 -1
60 14 -1
60 21 -1
60 24 -1
60 27 -1
60 29 1
60 31 -1
60 33 1
60 37 -1
60 38 -1
60 41 1
60 42 -1
60 44 -1
60 47 -1
60 48 -1
60 49 1
60 51 -1
60 53 -1
60 54 1
60 55 -1
60 57 -1
60 58 -1
60 62 -1
60 63 -1
60 64 1
60 67 1
60 68 1
60 69 -1
60 71 -1
60 74 1
60 76 -1
60 80 -1
60 87 -1
61 1 -1
61 2 -1
61 5 -1
61 6 -1
61 9 -1
61 11 1
61 13 1
61 18 -1
61 20 1
61 21 -1
61 23 -1
61 25 1
61 27 -1
61 30 1
61 31 -1
61 32 -1
61 33 -1
61 34 -1
61 36 -1
61 39 -1
61 41 -1
61 42 -1
61 43 -1
61 44 -1
61 45 -1
61 52 -1
61 55 -1
61 57 -1
61 60 -1
61 63 -1
61 66 -1
61 67 -1
61 68 1
61 69 -1
61 71 1
61 73 -1
61 74 -1
61 83 1
61 84 -1
61 86 1
61 87 1
62 2 1
62 6 -1
62 7 -1
62 12 -1
62 13 -1
62 15 1
62 16 -1
62 17 -1
62 20 -1
62 21 -1
62 23 -1
62 24 -1
62 26 -1
62 30 -1
62 31 -1
62 32 -1
62 34 -1
62 36 -1
62 41 -1
62 42 -1
62 46 1
62 48 -1
62 49 -1
62 52 1
62 56 -1
62 57 -1
62 58 -1
62 59 -1
62 61 1
62 67 -1
62 71 -1
62 72 -1
62 76 -1
62 79 1
62 82 -1
62 85 1
62 86 -1
62 89 -1
62 90 1
63 2 -1
63 8 1
63 10 -1
63 11 -1
63 12 -1
63 13 -1
63 20 -1
63 21 -1
63 23 -1
63 25 -1
63 26 -1
63 28 -1
63 32 -1
63 33 -1
63 34 -1
63 36 -1
63 38 1
63 40 -1
63 43 -1
63 48 -1
63 49 -1
63 50 -1
63 51 -1
63 54 1
63 55 -1
63 62 -1
63 64 -1
63 66 -1
63 70 -1
63 71 -1
63 72 -1
63 76 -1
63 80 1
63 82 1
63 85 1
63 86 1
63 87 -1
63 88 -1
64 2 -1
64 3 -1
64 6 -1
64 8 -1
64 10 -1
64 11 -1
64 12 -1
64 13 1
64 14 -1
64 18 -1
64 19 -1
64 21 -1
64 22 -1
64 25 1
64 28 -1
64 29 -1
64 30 -1
64 31 -1
64 37 -1
64 38 -1
64 40 1
64 42 -1
64 45 1
64 48 -1
64 49 -1
64 52 1
64 54 -1
64 56 -1
64 61 -1
64 62 -1
64 65 1
64 66 -1
64 68 -1
64 69 -1
64 71 -1
64 72 -1
64 73 -1
64 80 -1
64 81 -1
64 82 -1
64 83 1
64 84 -1
64 85 -1
64 86 1
64 87 -1
64 88 1
64 89 1
65 3 1
65 6 -1
65 9 -1
65 10 -1
65 11 -1
65 16 -1
65 17 -1
65 19 -1
65 21 1
65 22 1
65 23 -1
65 24 -1
65 25 -1
65 27 1
65 29 -1
65 30 1
65 35 -1
65 36 -1
65 41 1
65 43 -1
65 45 -1
65 47 -1
65 48 1
65 49 -1
65 51 -1
65 52 1
65 53 -1
65 58 -1
65 60 1
65 61 1
65 62 -1
65 63 -1
65 66 -1
65 67 -1
65 68 -1
65 69 -1
65 70 -1
65 76 -1
65 80 1
65 81 1
65 84 -1
65 85 -1
65 87 -1
65 88 -1
65 89 -1
65 90 -1
66 4 1
66 6 -1
66 7 -1
66 11 -1
66 13 -1
66 16 -1
66 18 -1
66 19 1
66 20 -1
66 22 -1
66 28 -1
66 30 -1
66 32 1
66 34 -1
66 35 1
66 36 -1
66 37 -1
66 38 -1
66 41 -1
66 47 -1
66 49 -1
66 52 -1
66 56 -1
66 58 -1
66 60 1
66 62 -1
66 68 -1
66 69 -1
66 71 -1
66 75 1
66 79 -1
66 80 1
66 81 -1
66 82 -1
66 84 -1
66 85 -1
66 87 -1
66 88 -1
66 90 -1
67 1 -1
67 2 -1
67 3 -1
67 6 -1
67 9 -1
67 12 -1
67 14 -1
67 15 -1
67 16 -1
67 19 1
67 20 -1
67 21 -1
67 22 1
67 24 -1
67 25 -1
67 27 -1
67 31 -1
67 35 -1
67 36 -1
67 37 1
67 38 -1
67 39 -1
67 40 1
67 41 -1
67 46 -1
67 48 -1
67 49 -1
67 51 1
67 55 -1
67 56 -1
67 58 -1
67 63 -1
67 64 -1
67 66 -1
67 73 -1
67 74 -1
67 75 1
67 76 -1
67 78 -1
67 79 -1
67 80 -1
67 82 -1
67 84 -1
67 86 -1
67 88 -1
67 89 -1
67 90 -1
68 1 -1
68 2 -1
68 3 -1
68 8 -1
68 10 -1
68 13 -1
68 14 -1
68 15 -1
68 16 -1
68 19 1
68 20 1
68 23 -1
68 26 -1
68 32 -1
68 39 -1
68 40 -1
68 43 -1
68 45 -1
68 46 -1
68 50 -1
68 53 1
68 54 -1
68 55 -1
68 56 1
68 62 -1
68 63 1
68 67 1
68 71 -1
68 72 -1
68 78 -1
68 79 -1
68 80 -1
68 81 -1
68 82 -1
68 83 1
68 85 -1
68 87 -1
68 89 -1
68 90 1
69 2 -1
69 4 -1
69 5 -1
69 6 -1
69 7 -1
69 10 -1
69 11 -1
69 15 -1
69 16 1
69 18 1
69 20 -1
69 21 -1
69 22 1
69 23 -1
69 27 -1
69 28 -1
69 31 -1
69 34 -1
69 35 -1
69 37 -1
69 41 -1
69 43 -1
69 44 -1
69 45 -1
69 46 -1
69 48 -1
69 50 -1
69 55 1
69 57 -1
69 58 -1
69 59 -1
69 62 -1
69 63 -1
69 67 -1
69 68 -1
69 75 -1
69 80 -1
69 82 -1
69 83 -1
69 85 -1
69 87 -1
69 88 -1
69 90 1
70 3 -1
70 4 1
70 11 -1
70 14 -1
70 15 -1
70 20 -1
70 21 -1
70 22 -1
70 26 1
70 28 1
70 35 -1
70 36 -1
70 37 -1
70 39 -1
70 44 -1
70 47 -1
70 48 -1
70 50 -1
70 51 -1
70 54 -1
70 57 -1
70 58 1
70 60 -1
70 61 -1
70 62 -1
70 64 -1
70 66 -1
70 67 -1
70 68 -1
70 69 -1
70 71 -1
70 76 -1
70 79 -1
70 80 -1
70 82 -1
70 84 1
70 86 -1
70 87 -1
70 89 -1
71 1 1
71 2 -1
71 5 -1
71 6 -1
71 7 -1
71 8 -1
71 13 1
71 14 -1
71 16 -1
71 17 -1
71 18 -1
71 24 1
71 26 -1
71 28 -1
71 29 -1
71 31 -1
71 38 -1
71 39 -1
71 40 -1
71 41 -1
71 44 -1
71 47 1
71 48 1
71 49 -1
71 50 -1
71 52 -1
71 55 -1
71 58 -1
71 65 1
71 67 -1
71 69 -1
71 75 -1
71 76 -1
71 78 -1
71 79 -1
71 83 1
71 84 -1
71 87 -1
71 89 -1
71 90 -1
72 1 1
72 3 1
72 4 -1
72 8 1
72 12 -1
72 14 -1
72 17 -1
72 20 -1
72 24 1
72 28 -1
72 30 -1
72 33 -1
72 35 -1
72 37 -1
72 40 -1
72 41 -1
72 42 -1
72 43 -1
72 44 -1
72 45 -1
72 47 -1
72 49 -1
72 50 -1
72 51 -1
72 57 -1
72 58 -1
72 60 -1
72 61 -1
72 65 -1
72 66 -1
72 67 -1
72 69 -1
72 70 -1
72 71 -1
72 77 -1
72 78 -1
72 81 -1
72 83 1
72 86 -1
72 90 -1
73 4 -1
73 5 -1
73 8 -1
73 10 -1
73 11 -1
73 12 -1
73 15 1
73 18 -1
73 19 -1
73 20 -1
73 23 -1
73 26 -1
73 27 -1
73 28 -1
73 29 -1
73 31 -1
73 35 -1
73 38 -1
73 39 -1
73 41 -1
73 47 -1
73 48 -1
73 50 -1
73 52 -1
73 53 -1
73 54 -1
73 55 -1
73 56 1
73 57 1
73 60 -1
73 62 -1
73 63 -1
73 65 -1
73 66 -1
73 68 -1
73 69 -1
73 70 -1
73 71 -1
73 72 -1
73 74 -1
73 75 -1
73 76 -1
73 77 -1
73 79 -1
73 81 -1
73 82 -1
73 83 1
73 84 -1
73 87 -1
73 88 -1
73 90 -1
74 2 -1
74 4 -1
74 8 -1
74 9 -1
74 10 -1
74 12 -1
74 16 -1
74 18 -1
74 19 1
74 20 1
74 22 -1
74 23 -1
74 24 -1
74 26 -1
74 29 -1
74 30 -1
74 31 -1
74 34 -1
74 35 -1
74 36 -1
74 39 -1
74 40 -1
74 42 -1
74 44 -1
74 48 -1
74 51 1
74 54 -1
74 62 -1
74 63 -1
74 64 -1
74 65 -1
74 66 -1
74 68 -1
74 69 -1
74 70 -1
74 71 1
74 72 -1
74 77 -1
74 78 -1
74 79 -1
74 81 1
74 84 -1
74 86 -1
75 2 -1
75 3 1
75 4 -1
75 6 -1
75 8 -1
75 9 -1
75 11 -1
75 12 -1
75 13 -1
75 16 -1
75 17 -1
75 18 -1
75 19 -1
75 23 1
75 24 1
75 25 1
75 27 -1
75 28 1
75 29 -1
75 32 1
75 33 -1
75 34 -1
75 36 -1
75 40 -1
75 41 1
75 42 -1
75 44 -1
75 46 -1
75 49 -1
75 50 -1
75 51 -1
75 52 1
75 53 1
75 55 -1
75 56 1
75 57 -1
75 59 -1
75 60 -1
75 61 -1
75 62 -1
75 63 -1
75 64 -1
75 65 -1
75 68 -1
75 70 -1
75 72 -1
75 74 -1
75 76 -1
75 77 1
75 80 -1
75 82 -1
75 83 -1
75 84 -1
75 86 -1
75 87 -1
75 88 -1
75 89 1
75 90 -1
76 2 -1
76 4 1
76 5 -1
76 14 -1
76 15 -1
76 17 -1
76 18 -1
76 19 -1
76 20 -1
76 21 -1
76 22 -1
76 24 -1
76 26 -1
76 27 1
76 28 -1
76 30 -1
76 31 -1
76 32 1
76 34 -1
76 37 -1
76 39 1
76 40 -1
76 41 1
76 42 -1
76 43 -1
76 44 -1
76 48 -1
76 49 -1
76 53 -1
76 57 1
76 58 1
76 59 -1
76 61 1
76 64 -1
76 66 -1
76 68 -1
76 69 -1
76 72 -1
76 74 -1
76 77 -1
76 78 -1
76 79 -1
76 80 -1
76 82 -1
76 83 1
76 84 -1
76 86 -1
76 87 -1
76 88 -1
76 89 -1
77 2 -1
77 3 -1
77 5 -1
77 7 -1
77 8 -1
77 9 -1
77 18 -1
77 19 -1
77 23 -1
77 27 -1
77 29 1
77 30 1
77 31 -1
77 36 -1
77 37 -1
77 38 -1
77 39 1
77 41 -1
77 42 -1
77 44 -1
77 45 -1
77 46 -1
77 49 -1
77 50 -1
77 52 -1
77 54 1
77 60 1
77 61 -1
77 62 -1
77 63 -1
77 64 -1
77 65 -1
77 66 -1
77 67 1
77 68 -1
77 69 -1
77 70 -1
77 71 -1
77 78 -1
77 81 -1
77 84 -1
77 85 -1
77 87 -1
77 88 -1
77 89 -1
78 6 -1
78 7 -1
78 11 -1
78 14 -1
78 15 -1
78 16 -1
78 20 -1
78 22 1
78 25 -1
78 33 -1
78 34 -1
78 36 -1
78 37 1
78 38 -1
78 40 -1
78 41 -1
78 45 -1
78 46 -1
78 47 -1
78 48 -1
78 51 -1
78 53 -1
78 54 1
78 55 -1
78 58 -1
78 60 -1
78 61 -1
78 62 -1
78 63 -1
78 64 -1
78 65 -1
78 66 -1
78 69 -1
78 70 -1
78 73 -1
78 75 1
78 79 -1
78 80 -1
78 81 -1
78 82 -1
78 84 1
78 85 -1
78 87 1
78 90 -1
79 1 -1
79 3 -1
79 6 -1
79 7 -1
79 11 1
79 12 1
79 15 1
79 16 -1
79 17 -1
79 18 -1
79 19 -1
79 20 -1
79 25 -1
79 28 -1
79 29 1
79 30 -1
79 31 -1
79 32 -1
79 35 -1
79 37 -1
79 38 -1
79 39 -1
79 42 -1
79 47 -1
79 49 -1
79 50 -1
79 52 -1
79 55 -1
79 56 -1
79 57 -1
79 60 -1
79 61 -1
79 63 -1
79 64 -1
79 65 -1
79 69 -1
79 72 -1
79 75 -1
79 77 -1
79 81 1
79 82 -1
79 84 -1
79 86 1
79 87 1
80 2 -1
80 7 -1
80 8 -1
80 10 -1
80 11 -1
80 12 -1
80 14 -1
80 15 -1
80 17 -1
80 18 -1
80 20 -1
80 21 1
80 22 -1
80 23 -1
80 25 -1
80 27 -1
80 28 -1
80 29 -1
80 31 -1
80 33 -1
80 36 -1
80 37 -1
80 41 -1
80 45 1
80 48 -1
80 49 -1
80 52 -1
80 54 -1
80 57 -1
80 58 -1
80 59 -1
80 61 -1
80 62 1
80 71 -1
80 72 -1
80 73 -1
80 74 -1
80 77 -1
80 79 1
80 81 -1
80 84 -1
80 85 -1
80 87 -1
80 89 -1
80 90 1
81 2 1
81 3 -1
81 4 -1
81 6 -1
81 8 -1
81 10 -1
81 12 -1
81 13 -1
81 18 -1
81 20 -1
81 22 -1
81 25 -1
81 26 -1
81 27 -1
81 28 1
81 29 -1
81 34 -1
81 37 -1
81 38 -1
81 39 -1
81 43 -1
81 45 1
81 47 -1
81 50 -1
81 51 -1
81 56 1
81 57 -1
81 58 1
81 59 1
81 60 -1
81 61 -1
81 62 -1
81 63 -1
81 67 1
81 69 1
81 70 -1
81 71 -1
81 75 -1
81 76 1
81 83 1
81 85 -1
81 86 -1
81 87 -1
81 89 -1
81 90 1
82 4 -1
82 5 -1
82 7 -1
82 9 -1
82 10 -1
82 14 -1
82 16 1
82 18 -1
82 19 -1
82 25 -1
82 27 -1
82 29 -1
82 32 -1
82 34 -1
82 35 -1
82 36 -1
82 39 -1
82 41 1
82 42 1
82 43 -1
82 44 1
82 50 -1
82 52 -1
82 55 -1
82 60 -1
82 61 -1
82 65 -1
82 71 -1
82 72 -1
82 74 1
82 77 1
82 80 1
82 81 1
82 83 -1
82 86 -1
82 88 -1
82 90 -1
83 1 -1
83 3 -1
83 5 -1
83 6 -1
83 7 -1
83 9 -1
83 10 -1
83 12 1
83 13 -1
83 15 -1
83 16 1
83 17 -1
83 18 -1
83 19 -1
83 20 -1
83 25 -1
83 28 -1
83 31 1
83 35 -1
83 36 -1
83 37 -1
83 38 -1
83 39 -1
83 41 -1
83 42 -1
83 43 1
83 44 1
83 46 1
83 48 -1
83 50 -1
83 55 -1
83 56 -1
83 58 1
83 59 1
83 60 -1
83 62 -1
83 63 -1
83 65 -1
83 66 -1
83 67 -1
83 70 -1
83 74 1
83 77 -1
83 78 -1
83 79 -1
83 80 1
83 86 -1
83 88 -1
83 90 -1
84 1 -1
84 2 -1
84 4 1
84 6 -1
84 7 -1
84 8 -1
84 9 -1
84 10 -1
84 11 -1
84 13 -1
84 15 -1
84 17 -1
84 18 1
84 19 1
84 21 1
84 22 -1
84 25 -1
84 26 -1
84 29 1
84 30 -1
84 31 1
84 33 -1
84 34 -1
84 35 -1
84 37 1
84 39 -1
84 42 1
84 43 -1
84 44 1
84 45 -1
84 47 -1
84 48 1
84 51 -1
84 52 -1
84 54 1
84 57 1
84 58 -1
84 60 -1
84 62 -1
84 63 -1
84 68 -1
84 69 -1
84 72 -1
84 81 -1
84 82 1
84 83 -1
84 86 -1
84 90 -1
85 4 -1
85 5 1
85 7 -1
85 8 -1
85 10 -1
85 12 -1
85 13 -1
85 16 -1
85 17 -1
85 24 -1
85 25 -1
85 26 -1
85 31 -1
85 33 -1
85 35 -1
85 37 -1
85 38 -1
85 39 1
85 41 1
85 45 -1
85 46 -1
85 48 -1
85 49 -1
85 50 -1
85 51 -1
85 53 -1
85 54 1
85 56 1
85 59 -1
85 60 1
85 61 1
85 67 -1
85 70 -1
85 71 1
85 72 -1
85 73 1
85 74 -1
85 75 -1
85 76 1
85 79 1
85 82 -1
85 83 -1
85 84 1
85 86 -1
85 87 -1
85 90 -1
86 1 -1
86 2 -1
86 6 1
86 8 -1
86 10 1
86 11 1
86 13 -1
86 15 1
86 17 -1
86 19 1
86 20 -1
86 25 -1
86 28 -1
86 30 -1
86 32 -1
86 33 -1
86 34 -1
86 37 -1
86 38 -1
86 39 -1
86 40 -1
86 44 -1
86 46 -1
86 48 -1
86 50 -1
86 56 1
86 60 -1
86 65 -1
86 66 -1
86 68 -1
86 69 -1
86 71 -1
86 73 -1
86 77 1
86 78 -1
86 80 -1
86 87 -1
86 89 -1
86 90 -1
87 2 -1
87 6 -1
87 8 -1
87 9 1
87 11 1
87 13 -1
87 14 -1
87 15 -1
87 16 -1
87 17 -1
87 19 -1
87 20 -1
87 21 -1
87 22 -1
87 25 -1
87 26 -1
87 29 -1
87 34 -1
87 36 -1
87 39 -1
87 40 1
87 47 -1
87 49 -1
87 51 1
87 54 -1
87 55 -1
87 57 -1
87 59 -1
87 62 1
87 67 1
87 72 -1
87 74 -1
87 82 1
87 83 -1
87 84 1
87 88 -1
87 89 -1
88 3 -1
88 4 -1
88 5 -1
88 8 -1
88 10 -1
88 11 -1
88 12 -1
88 16 -1
88 19 -1
88 22 -1
88 23 -1
88 24 -1
88 26 1
88 30 -1
88 33 -1
88 34 -1
88 35 -1
88 42 1
88 43 -1
88 44 1
88 45 -1
88 46 -1
88 47 -1
88 48 -1
88 49 -1
88 51 -1
88 52 -1
88 54 -1
88 56 1
88 57 -1
88 59 1
88 60 1
88 61 -1
88 62 1
88 68 -1
88 70 -1
88 71 -1
88 72 1
88 74 -1
88 78 -1
88 79 -1
88 80 -1
88 81 -1
88 84 -1
88 85 -1
88 86 -1
88 89 -1
88 90 -1
89 2 1
89 6 1
89 7 1
89 8 1
89 16 -1
89 17 -1
89 19 -1
89 21 -1
89 22 1
89 23 -1
89 24 -1
89 28 -1
89 31 -1
89 34 -1
89 35 1
89 37 -1
89 42 -1
89 44 -1
89 45 -1
89 49 -1
89 50 1
89 51 1
89 52 1
89 54 -1
89 56 -1
89 57 -1
89 58 1
89 59 -1
89 60 -1
89 61 -1
89 63 1
89 66 1
89 69 -1
89 72 -1
89 73 -1
89 74 -1
89 78 -1
89 79 -1
89 82 -1
89 83 -1
89 84 1
89 85 1
90 2 -1
90 4 -1
90 5 -1
90 6 -1
90 15 -1
90 21 -1
90 22 -1
90 29 1
90 30 1
90 32 -1
90 33 -1
90 37 -1
90 38 -1
90 40 -1
90 41 -1
90 42 -1
90 44 -1
90 47 -1
90 48 1
90 52 -1
90 53 -1
90 55 -1
90 56 -1
90 57 1
90 59 -1
90 60 -1
90 61 -1
90 63 -1
90 64 -1
90 70 -1
90 74 -1
90 76 -1
90 77 -1
90 79 1
90 87 -1
90 89 -1
