vertices: 90 edges: 4005
1 2 -1
1 6 -1
1 8 -1
1 9 1
1 10 1
1 11 -1
1 18 1
1 20 -1
1 21 -1
1 22 -1
1 29 -1
1 31 -1
1 32 1
1 36 -1
1 37 1
1 40 -1
1 41 1
1 42 -1
1 46 -1
1 47 1
1 49 1
1 50 -1
1 51 -1
1 55 -1
1 56 -1
1 57 -1
1 59 1
1 61 -1
1 62 -1
1 65 -1
1 66 1
1 70 -1
1 72 -1
1 77 1
1 78 1
1 79 -1
1 81 -1
1 84 -1
1 85 -1
1 88 -1
1 89 -1
1 90 1
2 3 -1
2 5 1
2 6 -1
2 7 -1
2 8 -1
2 9 -1
2 12 -1
2 13 -1
2 15 -1
2 16 -1
2 17 -1
2 18 1
2 19 -1
2 20 -1
2 21 -1
2 25 -1
2 27 -1
2 29 1
2 31 -1
2 33 -1
2 34 -1
2 35 -1
2 36 -1
2 39 1
2 41 -1
2 46 -1
2 48 -1
2 51 -1
2 56 -1
2 57 -1
2 59 -1
2 63 -1
2 66 -1
2 67 -1
2 68 1
2 71 -1
2 72 -1
2 73 -1
2 76 1
2 84 -1
2 86 -1
2 87 -1
3 1 -1
3 5 1
3 6 -1
3 9 -1
3 10 -1
3 11 -1
3 13 -1
3 15 -1
3 17 -1
3 18 -1
3 19 -1
3 20 -1
3 21 -1
3 24 1
3 26 -1
3 27 -1
3 28 1
3 30 -1
3 31 -1
3 33 1
3 35 1
3 38 -1
3 40 -1
3 41 -1
3 42 -1
3 43 -1
3 44 1
3 46 -1
3 47 -1
3 48 1
3 49 -1
3 54 -1
3 57 1
3 63 -1
3 66 -1
3 68 -1
3 69 -1
3 70 -1
3 71 1
3 72 1
3 73 -1
3 81 1
3 82 -1
3 83 -1
3 84 1
3 87 -1
3 89 -1
3 90 -1
4 1 -1
4 2 -1
4 3 -1
4 5 -1
4 7 -1
4 8 1
4 10 -1
4 12 -1
4 14 -1
4 15 -1
4 18 -1
4 20 1
4 22 -1
4 25 -1
4 26 -1
4 27 -1
4 28 -1
4 29 -1
4 30 -1
4 31 -1
4 32 -1
4 33 1
4 34 -1
4 38 -1
4 39 -1
4 40 -1
4 43 1
4 49 -1
4 50 -1
4 51 -1
4 56 -1
4 57 -1
4 59 -1
4 61 -1
4 64 -1
4 66 -1
4 67 -1
4 68 1
4 72 -1
4 73 -1
4 74 -1
4 75 -1
4 77 1
4 79 1
4 80 -1
4 82 -1
4 84 1
4 85 -1
4 87 -1
4 90 -1
5 1 -1
5 6 1
5 8 -1
5 9 1
5 10 -1
5 11 1
5 15 -1
5 19 -1
5 21 -1
5 22 -1
5 27 1
5 28 -1
5 29 -1
5 30 -1
5 31 -1
5 33 -1
5 34 -1
5 35 -1
5 37 -1
5 38 -1
5 39 -1
5 41 -1
5 44 -1
5 45 -1
5 46 -1
5 53 -1
5 54 -1
5 55 -1
5 57 -1
5 58 1
5 60 -1
5 63 1
5 65 -1
5 67 1
5 68 -1
5 72 -1
5 80 -1
5 82 -1
5 85 -1
5 87 -1
5 88 1
5 90 -1
6 4 -1
6 7 -1
6 9 1
6 10 1
6 14 -1
6 15 1
6 17 -1
6 23 -1
6 26 -1
6 28 -1
6 30 -1
6 31 1
6 35 1
6 36 -1
6 37 -1
6 38 1
6 39 -1
6 40 -1
6 41 -1
6 44 1
6 46 -1
6 48 -1
6 49 -1
6 50 -1
6 54 -1
6 55 -1
6 56 1
6 57 -1
6 60 1
6 64 -1
6 65 1
6 68 -1
6 69 -1
6 70 -1
6 72 -1
6 75 -1
6 78 -1
6 80 -1
6 81 -1
6 85 1
6 86 -1
6 88 -1
6 89 -1
6 90 1
7 1 1
7 3 -1
7 5 -1
7 8 -1
7 11 -1
7 13 -1
7 15 -1
7 16 -1
7 17 -1
7 19 -1
7 20 -1
7 22 -1
7 24 -1
7 25 -1
7 27 1
7 28 1
7 29 -1
7 30 1
7 31 -1
7 33 -1
7 34 -1
7 36 1
7 37 -1
7 39 1
7 43 1
7 44 1
7 47 -1
7 48 -1
7 50 -1
7 52 1
7 53 -1
7 55 -1
7 56 -1
7 57 -1
7 58 -1
7 61 -1
7 63 -1
7 64 -1
7 66 -1
7 68 1
7 69 -1
7 72 -1
7 73 -1
7 76 -1
7 78 -1
7 81 -1
7 82 -1
7 83 -1
7 84 -1
7 88 -1
8 3 -1
8 6 -1
8 9 1
8 10 -1
8 11 -1
8 12 -1
8 13 -1
8 14 -1
8 15 -1
8 16 -1
8 17 -1
8 18 -1
8 24 1
8 25 -1
8 26 1
8 28 1
8 30 -1
8 32 -1
8 35 -1
8 40 -1
8 44 -1
8 47 -1
8 49 -1
8 50 -1
8 51 1
8 52 -1
8 54 -1
8 57 -1
8 59 -1
8 61 1
8 62 1
8 64 -1
8 68 1
8 75 -1
8 76 1
8 77 -1
8 80 -1
8 81 -1
8 87 -1
8 88 1
9 4 -1
9 7 -1
9 11 -1
9 13 -1
9 14 -1
9 16 -1
9 17 -1
9 19 -1
9 20 -1
9 21 -1
9 22 -1
9 23 -1
9 24 1
9 28 -1
9 30 1
9 31 1
9 34 -1
9 35 -1
9 36 1
9 38 -1
9 39 -1
9 40 1
9 42 1
9 44 -1
9 45 1
9 46 -1
9 47 -1
9 51 -1
9 52 -1
9 53 -1
9 57 -1
9 59 -1
9 65 -1
9 66 -1
9 68 -1
9 70 -1
9 71 -1
9 74 1
9 76 -1
9 81 -1
9 82 -1
9 86 1
9 88 -1
9 89 -1
9 90 -1
10 2 -1
10 7 -1
10 9 -1
10 12 -1
10 13 -1
10 14 -1
10 19 -1
10 24 -1
10 25 -1
10 26 1
10 27 -1
10 28 -1
10 31 -1
10 32 1
10 33 -1
10 34 -1
10 35 -1
10 36 -1
10 38 -1
10 39 -1
10 42 -1
10 46 -1
10 47 -1
10 49 1
10 51 -1
10 54 -1
10 56 -1
10 57 1
10 60 -1
10 61 -1
10 63 -1
10 68 -1
10 70 -1
10 74 -1
10 75 -1
10 76 1
10 81 -1
10 82 -1
10 83 -1
10 86 -1
10 88 -1
11 2 1
11 4 -1
11 6 -1
11 10 -1
11 12 -1
11 14 1
11 15 -1
11 16 -1
11 17 -1
11 18 -1
11 19 -1
11 21 -1
11 23 -1
11 24 -1
11 25 -1
11 26 -1
11 27 -1
11 30 -1
11 31 -1
11 32 -1
11 34 1
11 35 -1
11 36 1
11 37 -1
11 38 -1
11 39 -1
11 42 -1
11 43 -1
11 48 1
11 51 -1
11 54 1
11 57 -1
11 58 -1
11 59 -1
11 60 1
11 61 1
11 62 -1
11 64 -1
11 65 -1
11 66 -1
11 68 -1
11 72 -1
11 73 1
11 76 1
11 77 -1
11 78 -1
11 80 -1
11 81 1
11 84 -1
11 85 -1
11 86 -1
11 87 -1
11 88 -1
11 89 -1
11 90 1
12 1 -1
12 3 -1
12 5 1
12 6 -1
12 7 -1
12 9 -1
12 16 -1
12 17 -1
12 19 -1
12 20 -1
12 22 -1
12 23 1
12 24 -1
12 28 -1
12 31 -1
12 32 -1
12 33 -1
12 34 -1
12 37 1
12 43 -1
12 44 -1
12 45 -1
12 49 1
12 50 1
12 51 1
12 55 -1
12 59 -1
12 61 -1
12 62 -1
12 65 -1
12 68 -1
12 72 1
12 73 1
12 77 -1
12 79 1
12 80 -1
12 81 1
12 84 -1
12 85 -1
12 87 -1
12 90 -1
13 1 -1
13 4 -1
13 5 -1
13 6 -1
13 11 1
13 12 1
13 14 -1
13 19 -1
13 20 -1
13 22 -1
13 23 -1
13 27 -1
13 28 1
13 31 -1
13 34 -1
13 36 -1
13 37 -1
13 39 -1
13 42 1
13 43 -1
13 45 -1
13 49 -1
13 50 -1
13 52 -1
13 54 -1
13 55 1
13 57 1
13 58 -1
13 60 -1
13 61 -1
13 64 -1
13 66 -1
13 68 -1
13 70 -1
13 73 -1
13 79 -1
13 82 -1
13 87 -1
13 88 1
14 1 -1
14 2 -1
14 3 -1
14 5 1
14 7 -1
14 12 -1
14 15 1
14 17 1
14 19 -1
14 21 -1
14 23 -1
14 24 -1
14 26 1
14 28 -1
14 30 -1
14 31 -1
14 32 -1
14 33 -1
14 35 -1
14 42 -1
14 44 -1
14 45 -1
14 48 -1
14 50 -1
14 51 -1
14 52 1
14 56 -1
14 59 -1
14 62 -1
14 64 -1
14 65 -1
14 66 1
14 69 -1
14 72 1
14 73 -1
14 76 -1
14 77 -1
14 79 -1
14 80 -1
14 82 -1
14 83 -1
14 84 -1
14 87 -1
14 89 -1
14 90 -1
15 1 1
15 9 -1
15 10 -1
15 12 -1
15 13 -1
15 16 -1
15 17 1
15 18 1
15 19 1
15 21 -1
15 26 -1
15 27 -1
15 29 -1
15 30 -1
15 31 -1
15 34 -1
15 35 -1
15 37 -1
15 38 -1
15 41 1
15 43 -1
15 46 -1
15 47 1
15 53 1
15 55 -1
15 58 -1
15 59 -1
15 60 -1
15 61 -1
15 64 -1
15 65 -1
15 66 -1
15 67 -1
15 68 -1
15 70 -1
15 72 1
15 73 1
15 75 -1
15 82 1
15 83 -1
15 84 -1
15 87 -1
15 90 -1
16 1 1
16 3 -1
16 4 -1
16 5 -1
16 6 1
16 10 -1
16 13 -1
16 14 1
16 23 1
16 24 -1
16 27 1
16 28 -1
16 30 -1
16 31 -1
16 34 -1
16 37 1
16 38 -1
16 39 -1
16 40 -1
16 41 -1
16 42 1
16 43 -1
16 44 -1
16 45 1
16 47 -1
16 48 -1
16 49 -1
16 51 -1
16 54 -1
16 57 -1
16 59 -1
16 63 -1
16 64 -1
16 66 -1
16 68 -1
16 71 1
16 73 -1
16 75 -1
16 76 -1
16 78 -1
16 79 -1
16 80 -1
16 82 1
16 84 -1
16 85 -1
16 89 -1
16 90 -1
17 1 -1
17 4 -1
17 5 -1
17 10 -1
17 13 -1
17 16 -1
17 18 -1
17 20 1
17 21 -1
17 22 -1
17 24 -1
17 25 -1
17 26 1
17 28 -1
17 32 -1
17 33 -1
17 34 -1
17 37 1
17 41 -1
17 42 -1
17 43 -1
17 44 -1
17 45 1
17 46 -1
17 47 -1
17 48 -1
17 50 -1
17 53 -1
17 56 -1
17 59 -1
17 61 -1
17 63 -1
17 65 -1
17 66 -1
17 68 -1
17 69 -1
17 71 -1
17 72 -1
17 73 1
17 75 1
17 76 -1
17 80 -1
17 81 -1
17 82 -1
18 5 -1
18 6 -1
18 7 1
18 9 -1
18 10 -1
18 12 -1
18 13 -1
18 14 -1
18 16 -1
18 19 -1
18 20 -1
18 23 -1
18 25 1
18 27 -1
18 28 1
18 30 -1
18 31 -1
18 34 -1
18 36 1
18 37 -1
18 38 -1
18 43 -1
18 44 -1
18 45 -1
18 46 -1
18 59 -1
18 60 -1
18 63 -1
18 67 1
18 68 -1
18 69 -1
18 71 -1
18 75 -1
18 76 1
18 79 -1
18 82 -1
18 85 -1
18 90 -1
19 1 1
19 4 -1
19 6 -1
19 8 -1
19 16 -1
19 17 -1
19 20 -1
19 22 -1
19 24 -1
19 28 -1
19 32 -1
19 34 1
19 35 -1
19 38 -1
19 42 -1
19 43 -1
19 44 -1
19 45 -1
19 46 -1
19 48 -1
19 49 1
19 50 -1
19 51 -1
19 52 -1
19 53 -1
19 54 -1
19 55 -1
19 58 -1
19 61 1
19 62 1
19 65 -1
19 67 -1
19 68 1
19 71 1
19 75 -1
19 76 1
19 77 -1
19 78 -1
19 79 -1
19 83 -1
19 84 -1
19 86 1
19 89 -1
20 5 -1
20 6 -1
20 8 -1
20 10 -1
20 11 1
20 14 -1
20 15 -1
20 16 -1
20 24 1
20 25 1
20 26 -1
20 28 -1
20 29 1
20 32 -1
20 34 -1
20 36 -1
20 37 -1
20 39 -1
20 40 -1
20 41 -1
20 42 -1
20 44 -1
20 46 1
20 49 -1
20 51 1
20 52 1
20 53 -1
20 57 1
20 63 -1
20 65 1
20 66 -1
20 67 1
20 69 -1
20 71 -1
20 73 -1
20 77 -1
20 79 1
20 81 1
20 83 -1
20 85 -1
20 89 -1
21 4 -1
21 6 -1
21 7 -1
21 8 -1
21 10 1
21 12 -1
21 13 -1
21 16 -1
21 18 1
21 19 -1
21 20 -1
21 25 -1
21 29 -1
21 30 -1
21 35 -1
21 36 -1
21 37 -1
21 38 -1
21 39 1
21 40 -1
21 41 -1
21 43 -1
21 44 -1
21 45 -1
21 46 -1
21 49 -1
21 50 1
21 52 -1
21 54 -1
21 56 -1
21 58 -1
21 61 1
21 62 1
21 63 -1
21 66 -1
21 67 -1
21 68 1
21 69 -1
21 72 -1
21 73 -1
21 74 -1
21 76 -1
21 77 -1
21 78 1
21 81 -1
21 83 -1
21 84 -1
21 86 -1
21 87 -1
21 88 -1
21 89 -1
21 90 -1
22 2 -1
22 3 -1
22 6 -1
22 8 -1
22 10 -1
22 11 -1
22 14 1
22 15 -1
22 16 -1
22 18 -1
22 20 -1
22 21 -1
22 23 -1
22 24 -1
22 29 -1
22 32 -1
22 33 -1
22 35 1
22 39 -1
22 41 -1
22 43 -1
22 44 -1
22 45 -1
22 46 -1
22 49 -1
22 50 1
22 51 -1
22 52 1
22 53 -1
22 55 -1
22 56 1
22 58 -1
22 59 -1
22 60 1
22 61 -1
22 62 -1
22 63 -1
22 65 -1
22 67 -1
22 68 -1
22 69 -1
22 70 -1
22 71 -1
22 73 -1
22 74 -1
22 76 -1
22 79 -1
22 80 1
22 81 -1
22 83 -1
22 84 -1
22 85 -1
22 86 -1
22 88 -1
22 89 -1
23 1 -1
23 2 -1
23 3 -1
23 4 -1
23 5 -1
23 7 1
23 8 -1
23 10 -1
23 15 -1
23 17 -1
23 19 -1
23 20 -1
23 21 -1
23 26 1
23 27 -1
23 29 -1
23 31 -1
23 33 -1
23 34 -1
23 35 -1
23 36 -1
23 42 -1
23 44 -1
23 45 -1
23 46 -1
23 47 -1
23 49 1
23 50 -1
23 51 -1
23 52 -1
23 53 1
23 54 -1
23 58 -1
23 61 -1
23 66 -1
23 70 -1
23 71 -1
23 73 -1
23 74 -1
23 76 1
23 78 -1
23 79 1
23 80 -1
23 82 -1
23 85 -1
23 86 -1
23 87 -1
23 88 -1
24 1 -1
24 2 -1
24 4 -1
24 5 -1
24 6 -1
24 13 -1
24 15 -1
24 18 -1
24 21 -1
24 23 -1
24 25 -1
24 26 -1
24 29 1
24 30 -1
24 32 -1
24 33 -1
24 39 1
24 40 -1
24 42 -1
24 43 -1
24 46 -1
24 50 -1
24 51 1
24 52 -1
24 54 -1
24 56 1
24 57 -1
24 58 -1
24 66 -1
24 69 -1
24 70 -1
24 71 -1
24 72 -1
24 74 -1
24 76 -1
24 78 -1
24 79 -1
24 80 -1
24 81 -1
24 85 -1
24 86 -1
24 90 -1
25 1 -1
25 3 -1
25 5 1
25 6 -1
25 9 1
25 12 1
25 13 -1
25 14 -1
25 15 -1
25 16 -1
25 19 1
25 22 1
25 23 1
25 29 -1
25 31 -1
25 33 -1
25 37 -1
25 40 -1
25 41 -1
25 42 -1
25 44 -1
25 45 1
25 46 -1
25 51 1
25 53 1
25 54 -1
25 56 -1
25 57 -1
25 58 -1
25 60 1
25 64 1
25 65 -1
25 66 -1
25 68 1
25 70 -1
25 71 -1
25 72 1
25 74 -1
25 75 1
25 77 -1
25 81 -1
25 82 -1
25 83 -1
25 84 1
25 85 -1
25 87 -1
25 88 -1
26 1 -1
26 2 -1
26 5 -1
26 7 -1
26 9 -1
26 12 -1
26 13 -1
26 16 -1
26 18 -1
26 19 -1
26 21 -1
26 22 -1
26 25 1
26 30 -1
26 32 -1
26 33 -1
26 37 -1
26 38 -1
26 39 1
26 43 -1
26 44 -1
26 47 -1
26 50 -1
26 52 -1
26 54 -1
26 58 -1
26 64 1
26 67 -1
26 68 -1
26 70 1
26 72 -1
26 74 -1
26 75 -1
26 81 -1
26 83 1
26 84 -1
26 86 1
26 87 -1
27 1 -1
27 6 1
27 8 -1
27 9 -1
27 12 1
27 14 -1
27 17 -1
27 19 -1
27 20 -1
27 21 1
27 22 -1
27 24 -1
27 25 -1
27 26 -1
27 29 -1
27 30 -1
27 31 -1
27 32 -1
27 33 -1
27 35 -1
27 37 -1
27 39 -1
27 40 -1
27 41 -1
27 45 -1
27 46 -1
27 49 1
27 52 -1
27 53 -1
27 54 -1
27 55 1
27 57 -1
27 58 -1
27 59 -1
27 60 -1
27 61 -1
27 62 -1
27 63 -1
27 64 -1
27 67 -1
27 70 -1
27 72 -1
27 75 -1
27 77 -1
27 80 -1
27 81 -1
27 85 1
27 86 -1
27 88 -1
27 89 1
28 1 -1
28 2 -1
28 11 -1
28 15 -1
28 21 -1
28 22 -1
28 23 1
28 24 -1
28 25 -1
28 26 1
28 27 -1
28 30 1
28 40 -1
28 41 -1
28 43 -1
28 44 1
28 45 -1
28 46 -1
28 47 -1
28 49 -1
28 50 1
28 53 -1
28 54 -1
28 55 -1
28 56 -1
28 57 -1
28 59 -1
28 60 -1
28 61 -1
28 62 -1
28 63 1
28 64 -1
28 65 -1
28 67 1
28 68 -1
28 70 1
28 71 1
28 72 1
28 73 1
28 74 -1
28 75 -1
28 78 -1
28 79 1
28 80 -1
28 82 -1
29 3 1
29 6 -1
29 8 -1
29 9 -1
29 10 -1
29 11 -1
29 12 -1
29 13 1
29 14 -1
29 16 -1
29 17 1
29 18 -1
29 19 -1
29 26 -1
29 28 -1
29 30 -1
29 31 1
29 32 -1
29 33 1
29 35 -1
29 36 1
29 39 -1
29 41 -1
29 42 -1
29 44 -1
29 46 -1
29 48 -1
29 51 -1
29 53 -1
29 54 -1
29 55 -1
29 56 -1
29 58 -1
29 59 -1
29 61 -1
29 63 -1
29 65 -1
29 66 1
29 67 1
29 70 -1
29 71 -1
29 73 -1
29 75 -1
29 78 -1
29 79 1
29 81 -1
29 85 -1
29 88 -1
29 89 -1
30 1 -1
30 2 -1
30 10 -1
30 12 -1
30 13 -1
30 17 -1
30 19 1
30 20 -1
30 22 -1
30 23 -1
30 25 -1
30 36 -1
30 39 -1
30 40 1
30 43 -1
30 49 -1
30 52 -1
30 56 -1
30 57 -1
30 59 -1
30 61 -1
30 63 1
30 64 -1
30 65 -1
30 67 1
30 71 -1
30 72 -1
30 73 1
30 74 -1
30 76 -1
30 80 -1
30 81 -1
30 82 -1
30 83 -1
30 84 -1
30 85 -1
30 86 -1
30 87 -1
30 88 -1
31 8 -1
31 17 -1
31 19 -1
31 20 1
31 21 -1
31 22 -1
31 24 1
31 26 -1
31 28 -1
31 30 1
31 33 -1
31 34 -1
31 35 -1
31 41 -1
31 42 -1
31 46 -1
31 49 1
31 50 -1
31 51 1
31 53 -1
31 56 -1
31 57 -1
31 59 1
31 60 -1
31 61 -1
31 62 -1
31 66 -1
31 69 -1
31 71 -1
31 72 -1
31 75 -1
31 77 -1
31 78 -1
31 81 1
31 82 -1
31 85 -1
31 87 1
31 88 -1
31 90 -1
32 2 1
32 3 -1
32 5 -1
32 6 -1
32 7 -1
32 9 -1
32 13 -1
32 15 1
32 16 -1
32 18 -1
32 21 -1
32 23 -1
32 25 -1
32 28 -1
32 30 -1
32 31 -1
32 35 -1
32 36 -1
32 38 -1
32 40 -1
32 43 -1
32 46 1
32 48 -1
32 49 -1
32 50 1
32 52 -1
32 55 -1
32 58 -1
32 61 -1
32 62 -1
32 64 1
32 65 -1
32 68 -1
32 70 1
32 71 -1
32 74 -1
32 79 -1
32 81 1
32 82 -1
32 84 -1
32 86 -1
33 1 -1
33 6 -1
33 8 -1
33 9 -1
33 11 -1
33 13 -1
33 15 1
33 16 -1
33 18 -1
33 19 -1
33 20 -1
33 21 -1
33 28 -1
33 30 -1
33 32 -1
33 34 -1
33 36 -1
33 37 -1
33 38 -1
33 39 -1
33 40 -1
33 41 -1
33 45 -1
33 46 -1
33 47 1
33 48 -1
33 50 -1
33 51 -1
33 52 -1
33 53 -1
33 55 -1
33 57 1
33 59 -1
33 61 -1
33 67 -1
33 69 1
33 71 -1
33 74 -1
33 76 1
33 78 -1
33 79 -1
33 80 1
33 81 -1
33 82 -1
33 83 -1
34 1 -1
34 3 -1
34 6 -1
34 8 -1
34 14 1
34 21 -1
34 22 -1
34 24 -1
34 25 -1
34 26 -1
34 27 -1
34 28 -1
34 29 1
34 30 -1
34 32 -1
34 35 1
34 36 -1
34 38 -1
34 39 -1
34 42 -1
34 51 -1
34 52 1
34 54 -1
34 60 -1
34 61 1
34 63 -1
34 64 -1
34 66 -1
34 67 1
34 70 -1
34 72 1
34 73 -1
34 74 1
34 75 -1
34 78 1
34 79 -1
34 82 -1
34 84 -1
34 86 -1
34 87 -1
34 88 -1
34 89 -1
34 90 -1
35 1 -1
35 4 1
35 7 -1
35 12 -1
35 13 -1
35 16 -1
35 17 -1
35 18 -1
35 20 1
35 24 -1
35 25 -1
35 26 1
35 28 -1
35 30 -1
35 33 1
35 39 1
35 40 1
35 44 -1
35 45 -1
35 51 -1
35 55 -1
35 58 -1
35 59 -1
35 61 -1
35 62 -1
35 69 -1
35 71 -1
35 73 1
35 75 -1
35 76 1
35 79 -1
35 81 -1
35 82 1
35 85 -1
35 87 -1
35 89 1
35 90 -1
36 3 -1
36 4 -1
36 5 1
36 8 -1
36 12 -1
36 14 -1
36 15 -1
36 16 1
36 17 -1
36 19 -1
36 22 1
36 24 -1
36 25 -1
36 26 -1
36 27 -1
36 28 -1
36 31 -1
36 35 -1
36 37 -1
36 39 -1
36 41 -1
36 43 -1
36 44 -1
36 45 -1
36 46 -1
36 47 1
36 48 -1
36 55 -1
36 58 1
36 59 -1
36 60 -1
36 62 1
36 63 -1
36 66 -1
36 67 1
36 69 -1
36 70 -1
36 71 -1
36 72 -1
36 73 -1
36 79 -1
36 80 -1
36 82 -1
36 84 -1
36 86 -1
37 2 -1
37 3 1
37 4 -1
37 8 -1
37 9 -1
37 10 -1
37 14 1
37 19 1
37 22 -1
37 23 -1
37 24 1
37 28 -1
37 29 -1
37 30 -1
37 31 1
37 32 -1
37 34 -1
37 35 -1
37 38 -1
37 40 -1
37 42 1
37 45 1
37 47 -1
37 49 -1
37 51 -1
37 54 -1
37 56 -1
37 58 -1
37 61 -1
37 63 -1
37 65 -1
37 66 -1
37 70 -1
37 73 1
37 77 -1
37 79 -1
37 82 -1
37 83 -1
37 88 -1
37 90 -1
38 1 -1
38 2 -1
38 7 -1
38 8 1
38 12 -1
38 13 -1
38 14 -1
38 17 -1
38 20 -1
38 22 -1
38 23 -1
38 24 -1
38 25 -1
38 27 -1
38 28 1
38 29 -1
38 30 -1
38 31 -1
38 35 -1
38 36 -1
38 44 -1
38 45 1
38 46 -1
38 49 -1
38 50 -1
38 52 1
38 53 -1
38 54 -1
38 55 1
38 59 1
38 61 -1
38 62 1
38 64 -1
38 65 -1
38 67 -1
38 71 1
38 72 -1
38 78 1
38 80 -1
38 82 -1
38 84 -1
38 87 -1
38 88 -1
38 89 -1
38 90 1
39 1 -1
39 3 1
39 8 -1
39 12 -1
39 14 1
39 15 1
39 17 -1
39 18 1
39 19 -1
39 23 1
39 25 -1
39 28 -1
39 31 -1
39 32 -1
39 37 -1
39 38 1
39 40 -1
39 43 -1
39 51 -1
39 52 -1
39 53 -1
39 54 -1
39 55 1
39 58 -1
39 59 -1
39 60 -1
39 63 1
39 64 -1
39 66 -1
39 67 -1
39 69 -1
39 70 -1
39 74 -1
39 75 -1
39 77 -1
39 81 -1
39 82 -1
39 83 -1
39 85 -1
39 90 -1
40 2 -1
40 5 1
40 7 -1
40 10 -1
40 11 1
40 12 -1
40 13 -1
40 14 -1
40 15 -1
40 17 1
40 18 -1
40 19 -1
40 22 -1
40 23 -1
40 26 -1
40 29 -1
40 31 -1
40 34 -1
40 36 -1
40 38 -1
40 43 -1
40 46 -1
40 47 -1
40 48 -1
40 50 -1
40 51 -1
40 53 1
40 56 1
40 59 -1
40 60 -1
40 61 -1
40 63 -1
40 64 -1
40 66 -1
40 67 -1
40 69 -1
40 70 1
40 73 -1
40 75 -1
40 77 -1
40 78 1
40 81 -1
40 82 1
40 83 -1
40 85 -1
40 86 -1
40 87 -1
40 88 -1
40 90 1
41 4 1
41 7 -1
41 8 -1
41 9 -1
41 10 1
41 11 1
41 12 -1
41 13 1
41 14 -1
41 18 -1
41 19 -1
41 23 -1
41 24 1
41 26 -1
41 30 -1
41 32 -1
41 34 -1
41 35 -1
41 37 -1
41 38 -1
41 39 -1
41 40 -1
41 42 -1
41 46 -1
41 49 -1
41 52 -1
41 59 -1
41 62 -1
41 64 1
41 65 -1
41 69 -1
41 70 -1
41 76 -1
41 80 -1
41 81 -1
41 82 -1
41 84 -1
41 86 1
41 89 -1
41 90 -1
42 2 -1
42 4 -1
42 5 -1
42 6 -1
42 7 -1
42 8 -1
42 12 -1
42 15 -1
42 18 -1
42 21 1
42 22 1
42 26 -1
42 27 -1
42 28 1
42 30 -1
42 32 -1
42 33 -1
42 35 -1
42 36 -1
42 38 -1
42 39 -1
42 40 -1
42 43 -1
42 45 -1
42 47 1
42 48 1
42 49 -1
42 51 -1
42 52 -1
42 53 -1
42 54 -1
42 57 -1
42 58 -1
42 59 -1
42 62 1
42 64 1
42 66 1
42 67 1
42 68 -1
42 70 -1
42 72 -1
42 73 -1
42 74 -1
42 75 -1
42 76 -1
42 78 -1
42 80 -1
42 81 1
42 84 -1
42 85 1
42 86 -1
42 89 -1
43 1 -1
43 2 -1
43 5 1
43 6 -1
43 8 -1
43 9 -1
43 10 -1
43 14 -1
43 20 -1
43 23 -1
43 25 -1
43 27 -1
43 29 -1
43 31 -1
43 33 -1
43 34 -1
43 35 -1
43 37 -1
43 38 1
43 41 -1
43 44 1
43 48 -1
43 49 -1
43 53 1
43 56 -1
43 57 -1
43 60 -1
43 61 -1
43 62 -1
43 63 -1
43 66 -1
43 70 -1
43 71 -1
43 73 -1
43 74 -1
43 75 -1
43 77 1
43 78 -1
43 82 -1
43 84 -1
43 85 -1
43 88 1
43 89 -1
43 90 -1
44 1 1
44 2 -1
44 4 -1
44 10 -1
44 11 -1
44 13 -1
44 15 -1
44 24 -1
44 27 -1
44 30 -1
44 31 -1
44 32 1
44 33 -1
44 34 1
44 37 -1
44 39 -1
44 40 -1
44 41 1
44 42 -1
44 45 -1
44 47 -1
44 49 -1
44 52 -1
44 59 -1
44 60 -1
44 64 -1
44 65 -1
44 66 -1
44 67 -1
44 69 -1
44 72 -1
44 73 1
44 75 -1
44 76 -1
44 77 -1
44 79 1
44 81 1
44 87 -1
44 90 -1
45 1 -1
45 2 1
45 3 -1
45 4 1
45 6 -1
45 7 -1
45 8 1
45 10 -1
45 11 -1
45 15 -1
45 20 -1
45 24 -1
45 26 -1
45 29 1
45 30 -1
45 31 -1
45 32 -1
45 34 -1
45 39 1
45 40 1
45 41 -1
45 43 1
45 47 -1
45 48 -1
45 49 -1
45 51 -1
45 52 -1
45 53 -1
45 54 1
45 55 -1
45 56 -1
45 57 -1
45 58 -1
45 61 1
45 68 -1
45 71 -1
45 74 -1
45 75 -1
45 80 -1
45 84 1
45 85 -1
45 87 -1
45 89 -1
46 4 -1
46 7 -1
46 8 -1
46 11 -1
46 12 -1
46 13 -1
46 14 -1
46 16 -1
46 26 1
46 30 1
46 34 1
46 35 -1
46 37 -1
46 39 1
46 42 -1
46 43 -1
46 44 -1
46 45 -1
46 48 -1
46 50 -1
46 53 1
46 55 -1
46 57 -1
46 59 1
46 60 1
46 62 -1
46 63 1
46 65 -1
46 67 -1
46 69 -1
46 70 -1
46 78 1
46 80 1
46 83 -1
46 84 1
46 87 -1
46 88 -1
47 2 -1
47 4 -1
47 5 -1
47 6 -1
47 11 -1
47 12 -1
47 13 -1
47 14 -1
47 18 1
47 19 -1
47 20 -1
47 21 1
47 22 -1
47 24 1
47 25 1
47 27 -1
47 29 -1
47 30 -1
47 31 -1
47 32 -1
47 34 -1
47 35 -1
47 38 -1
47 39 -1
47 41 -1
47 43 -1
47 46 -1
47 50 -1
47 51 -1
47 54 1
47 57 -1
47 58 -1
47 64 -1
47 65 -1
47 66 -1
47 67 -1
47 69 1
47 70 -1
47 71 1
47 74 -1
47 80 1
47 82 -1
47 83 -1
47 90 -1
48 1 -1
48 4 -1
48 5 -1
48 8 -1
48 9 -1
48 10 -1
48 12 -1
48 13 1
48 15 -1
48 18 -1
48 20 -1
48 21 -1
48 22 -1
48 23 -1
48 24 1
48 25 -1
48 26 1
48 27 -1
48 28 -1
48 30 -1
48 31 -1
48 34 -1
48 35 -1
48 37 1
48 38 1
48 39 -1
48 41 -1
48 44 -1
48 47 -1
48 49 -1
48 52 -1
48 53 -1
48 54 -1
48 56 1
48 57 -1
48 60 -1
48 61 1
48 62 -1
48 63 -1
48 64 1
48 65 -1
48 66 -1
48 67 -1
48 69 -1
48 72 -1
48 78 1
48 80 -1
48 81 -1
48 82 -1
48 85 -1
48 87 -1
48 89 1
48 90 1
49 2 -1
49 5 -1
49 7 -1
49 9 -1
49 11 -1
49 14 -1
49 15 -1
49 17 -1
49 18 -1
49 24 1
49 25 -1
49 26 -1
49 29 -1
49 33 -1
49 34 1
49 35 -1
49 36 -1
49 39 1
49 40 1
49 46 -1
49 47 -1
49 52 -1
49 53 -1
49 56 -1
49 59 -1
49 61 -1
49 62 -1
49 63 -1
49 64 -1
49 65 -1
49 66 1
49 67 -1
49 68 -1
49 69 1
49 70 1
49 72 -1
49 76 -1
49 77 1
49 80 -1
49 87 -1
49 88 -1
50 2 -1
50 3 -1
50 5 -1
50 9 1
50 10 1
50 11 1
50 15 -1
50 16 -1
50 18 1
50 20 -1
50 25 1
50 27 -1
50 29 -1
50 30 1
50 34 -1
50 35 1
50 36 -1
50 37 -1
50 39 -1
50 41 1
50 42 -1
50 43 -1
50 44 -1
50 45 -1
50 48 -1
50 49 -1
50 51 -1
50 52 -1
50 58 -1
50 60 -1
50 61 -1
50 63 -1
50 64 -1
50 65 -1
50 66 1
50 69 -1
50 73 -1
50 74 -1
50 79 -1
50 81 -1
50 83 -1
50 89 1
50 90 1
51 3 -1
51 5 1
51 6 -1
51 7 -1
51 13 -1
51 15 -1
51 17 -1
51 18 -1
51 21 -1
51 26 -1
51 27 -1
51 28 1
51 30 -1
51 32 -1
51 36 -1
51 38 -1
51 41 -1
51 43 -1
51 44 -1
51 46 1
51 48 1
51 49 -1
51 52 1
51 57 -1
51 58 -1
51 60 -1
51 61 -1
51 62 -1
51 63 -1
51 64 -1
51 67 1
51 68 -1
51 73 -1
51 74 -1
51 75 1
51 78 -1
51 80 -1
51 82 -1
51 83 1
51 84 -1
51 85 1
51 86 -1
51 87 -1
51 88 -1
51 90 -1
52 1 -1
52 2 -1
52 3 -1
52 4 -1
52 5 -1
52 6 -1
52 10 -1
52 11 -1
52 12 -1
52 15 -1
52 16 -1
52 17 1
52 18 -1
52 25 -1
52 28 1
52 29 -1
52 31 -1
52 35 -1
52 36 -1
52 37 -1
52 40 -1
52 43 1
52 46 1
52 47 -1
52 53 -1
52 54 1
52 57 -1
52 58 -1
52 60 1
52 62 -1
52 63 1
52 65 -1
52 66 -1
52 67 1
52 68 -1
52 72 -1
52 76 1
52 79 1
52 82 -1
52 84 -1
52 85 -1
52 88 -1
52 89 -1
52 90 -1
53 1 1
53 2 -1
53 3 -1
53 4 -1
53 6 -1
53 8 -1
53 10 -1
53 11 -1
53 12 -1
53 13 1
53 14 -1
53 16 -1
53 18 1
53 21 -1
53 24 1
53 26 -1
53 30 -1
53 32 -1
53 34 -1
53 35 -1
53 36 -1
53 37 1
53 41 -1
53 44 -1
53 47 -1
53 50 -1
53 51 -1
53 58 -1
53 60 -1
53 61 -1
53 66 1
53 69 1
53 71 -1
53 72 -1
53 75 -1
53 79 -1
53 80 1
53 81 -1
53 82 -1
53 83 -1
53 84 -1
53 85 -1
53 86 -1
53 87 -1
53 89 -1
53 90 -1
54 1 1
54 2 -1
54 4 -1
54 7 -1
54 9 1
54 12 -1
54 14 1
54 15 -1
54 17 -1
54 18 1
54 20 -1
54 22 -1
54 30 -1
54 31 -1
54 32 1
54 33 -1
54 35 -1
54 36 -1
54 40 1
54 41 -1
54 43 1
54 44 1
54 46 -1
54 49 -1
54 50 -1
54 51 -1
54 53 1
54 55 -1
54 56 -1
54 57 -1
54 60 -1
54 61 -1
54 62 1
54 63 -1
54 64 1
54 65 -1
54 66 -1
54 67 -1
54 69 -1
54 72 -1
54 74 -1
54 75 -1
54 78 -1
54 81 -1
54 83 1
54 84 -1
54 85 -1
54 86 -1
54 88 -1
55 2 -1
55 3 -1
55 4 -1
55 8 -1
55 9 -1
55 10 -1
55 11 -1
55 14 -1
55 16 1
55 17 -1
55 18 -1
55 20 -1
55 21 -1
55 23 -1
55 24 1
55 25 1
55 26 -1
55 30 -1
55 31 -1
55 34 -1
55 37 -1
55 40 -1
55 41 -1
55 42 -1
55 43 -1
55 44 1
55 47 -1
55 48 -1
55 49 -1
55 50 1
55 51 -1
55 52 -1
55 53 -1
55 56 -1
55 57 -1
55 58 -1
55 59 1
55 60 -1
55 61 1
55 66 1
55 70 -1
55 71 -1
55 72 -1
55 73 -1
55 82 -1
55 85 -1
55 86 -1
55 87 -1
55 88 1
56 3 -1
56 5 -1
56 8 -1
56 9 1
56 11 -1
56 12 -1
56 13 1
56 15 1
56 16 -1
56 18 -1
56 19 -1
56 20 1
56 23 -1
56 26 -1
56 27 -1
56 32 -1
56 33 -1
56 34 -1
56 35 -1
56 36 -1
56 38 -1
56 39 -1
56 41 -1
56 42 1
56 44 1
56 46 -1
56 47 -1
56 50 -1
56 51 1
56 52 -1
56 53 -1
56 57 -1
56 60 -1
56 61 -1
56 63 -1
56 64 -1
56 66 -1
56 67 -1
56 68 1
56 69 -1
56 71 1
56 72 -1
56 75 -1
56 79 -1
56 83 -1
56 84 -1
56 86 1
56 87 -1
56 89 -1
57 12 1
57 14 1
57 15 -1
57 17 -1
57 18 1
57 19 1
57 21 -1
57 22 -1
57 23 -1
57 26 -1
57 29 -1
57 32 -1
57 34 -1
57 35 -1
57 36 -1
57 37 -1
57 38 -1
57 39 1
57 40 -1
57 41 -1
57 44 -1
57 49 -1
57 50 -1
57 53 1
57 58 -1
57 61 -1
57 62 -1
57 68 1
57 69 -1
57 70 -1
57 74 -1
57 77 1
57 78 -1
57 79 -1
57 80 1
57 82 -1
57 83 1
57 84 -1
57 85 -1
57 86 -1
57 88 -1
57 89 -1
57 90 -1
58 1 -1
58 2 1
58 3 -1
58 4 -1
58 6 -1
58 8 -1
58 9 -1
58 10 -1
58 12 1
58 14 -1
58 16 -1
58 17 -1
58 18 -1
58 20 1
58 28 -1
58 30 -1
58 31 1
58 33 1
58 34 -1
58 38 1
58 40 -1
58 41 -1
58 43 1
58 44 -1
58 46 -1
58 48 -1
58 49 -1
58 54 -1
58 56 -1
58 59 -1
58 60 -1
58 62 -1
58 65 1
58 66 -1
58 70 -1
58 73 -1
58 76 -1
58 78 -1
58 79 -1
58 82 -1
58 84 -1
58 85 -1
58 86 1
58 89 1
58 90 -1
59 3 -1
59 5 -1
59 6 -1
59 7 -1
59 10 -1
59 13 -1
59 19 -1
59 20 -1
59 21 -1
59 23 -1
59 24 -1
59 25 1
59 26 -1
59 32 -1
59 34 -1
59 37 -1
59 43 -1
59 45 -1
59 47 -1
59 48 -1
59 50 1
59 51 -1
59 52 -1
59 53 -1
59 54 1
59 56 -1
59 57 -1
59 61 -1
59 62 -1
59 63 -1
59 65 1
59 66 -1
59 67 -1
59 68 -1
59 69 -1
59 71 1
59 72 1
59 73 -1
59 74 -1
59 76 -1
59 77 -1
59 79 1
59 85 -1
59 87 -1
59 88 -1
60 1 -1
60 2 -1
60 3 -1
60 4 -1
60 7 1
60 8 -1
60 9 -1
60 12 -1
60 14 -1
60 16 -1
60 17 -1
60 19 -1
60 20 1
60 21 -1
60 23 -1
60 24 -1
60 26 -1
60 29 -1
60 30 -1
60 32 -1
60 33 -1
60 35 -1
60 37 -1
60 38 -1
60 41 -1
60 42 -1
60 45 -1
60 47 -1
60 49 -1
60 57 1
60 59 -1
60 61 -1
60 62 1
60 67 -1
60 68 -1
60 69 -1
60 70 1
60 72 -1
60 76 -1
60 80 -1
60 81 -1
60 83 1
60 84 -1
60 85 -1
60 86 1
60 87 -1
60 88 -1
61 2 -1
61 3 -1
61 5 -1
61 6 1
61 9 -1
61 14 -1
61 16 -1
61 18 -1
61 20 -1
61 24 -1
61 25 -1
61 26 -1
61 36 -1
61 39 -1
61 41 -1
61 42 -1
61 44 1
61 46 -1
61 47 1
61 52 -1
61 58 -1
61 63 -1
61 64 -1
61 65 -1
61 67 -1
61 71 -1
61 73 -1
61 74 -1
61 78 -1
61 83 -1
61 87 -1
61 89 -1
62 2 -1
62 3 -1
62 4 -1
62 5 -1
62 6 1
62 7 -1
62 9 -1
62 10 1
62 13 -1
62 15 1
62 16 -1
62 17 1
62 18 -1
62 20 1
62 23 1
62 24 1
62 25 -1
62 26 -1
62 29 -1
62 30 -1
62 33 -1
62 34 1
62 37 -1
62 39 -1
62 40 -1
62 44 -1
62 45 -1
62 47 -1
62 50 1
62 53 1
62 55 1
62 56 -1
62 61 1
62 65 -1
62 66 -1
62 69 1
62 72 -1
62 74 -1
62 75 -1
62 77 -1
62 78 1
62 81 -1
62 82 -1
62 84 -1
62 86 -1
62 89 -1
62 90 -1
63 1 -1
63 4 -1
63 6 1
63 8 -1
63 9 -1
63 11 -1
63 12 -1
63 13 -1
63 14 1
63 15 -1
63 19 -1
63 23 1
63 24 -1
63 25 1
63 26 -1
63 31 -1
63 32 -1
63 33 -1
63 35 -1
63 38 1
63 41 -1
63 42 1
63 44 -1
63 45 -1
63 47 -1
63 53 -1
63 55 -1
63 57 1
63 58 1
63 60 -1
63 62 -1
63 64 -1
63 66 -1
63 68 -1
63 71 -1
63 72 -1
63 74 1
63 75 1
63 77 1
63 79 -1
63 80 -1
63 81 -1
63 82 1
63 83 1
63 84 -1
63 85 -1
63 86 -1
63 88 -1
63 89 -1
63 90 -1
64 1 -1
64 2 1
64 3 -1
64 5 -1
64 9 -1
64 10 -1
64 12 -1
64 17 -1
64 18 -1
64 19 -1
64 20 1
64 21 -1
64 22 -1
64 23 1
64 24 -1
64 29 -1
64 31 1
64 33 -1
64 35 -1
64 36 1
64 37 -1
64 43 -1
64 45 -1
64 46 -1
64 52 -1
64 53 1
64 55 -1
64 57 -1
64 58 -1
64 59 -1
64 60 1
64 62 -1
64 65 -1
64 69 1
64 70 -1
64 71 1
64 73 -1
64 75 -1
64 77 -1
64 78 -1
64 79 -1
64 80 -1
64 83 -1
64 84 -1
64 86 -1
64 87 -1
64 88 -1
64 90 1
65 2 1
65 3 1
65 4 1
65 7 -1
65 8 -1
65 10 1
65 13 1
65 16 -1
65 18 -1
65 21 -1
65 23 -1
65 24 -1
65 26 -1
65 27 -1
65 31 1
65 33 -1
65 34 -1
65 35 -1
65 36 -1
65 39 -1
65 40 1
65 42 -1
65 43 -1
65 45 -1
65 51 -1
65 53 -1
65 55 -1
65 56 -1
65 57 -1
65 60 -1
65 63 1
65 67 1
65 71 -1
65 73 -1
65 74 -1
65 77 -1
65 78 -1
65 81 1
65 82 1
65 83 -1
65 84 -1
65 85 1
65 86 -1
65 88 -1
66 5 1
66 6 1
66 8 -1
66 10 -1
66 12 -1
66 18 -1
66 19 -1
66 22 1
66 26 -1
66 27 -1
66 28 -1
66 30 -1
66 32 -1
66 33 -1
66 35 -1
66 38 -1
66 41 -1
66 45 -1
66 46 -1
66 51 -1
66 57 1
66 60 1
66 61 -1
66 64 -1
66 65 -1
66 67 1
66 73 1
66 74 1
66 83 -1
66 85 -1
67 1 -1
67 3 -1
67 6 -1
67 7 -1
67 8 1
67 9 -1
67 10 -1
67 11 -1
67 12 -1
67 13 -1
67 14 -1
67 16 -1
67 17 1
67 23 1
67 24 -1
67 25 -1
67 31 -1
67 32 -1
67 35 1
67 37 -1
67 41 -1
67 43 -1
67 45 1
67 50 -1
67 53 -1
67 55 -1
67 57 -1
67 58 1
67 62 1
67 63 -1
67 64 -1
67 68 -1
67 71 -1
67 73 -1
67 75 -1
67 78 1
67 79 -1
67 80 1
67 82 -1
67 83 -1
67 85 -1
67 86 1
67 88 -1
67 90 -1
68 1 -1
68 14 1
68 20 -1
68 23 -1
68 24 -1
68 27 1
68 29 -1
68 30 -1
68 31 -1
68 33 -1
68 34 -1
68 35 -1
68 36 1
68 37 -1
68 38 -1
68 39 -1
68 40 -1
68 41 -1
68 43 1
68 44 -1
68 46 -1
68 47 -1
68 48 -1
68 50 -1
68 53 -1
68 54 -1
68 55 -1
68 58 -1
68 61 -1
68 62 -1
68 64 -1
68 65 -1
68 66 -1
68 69 -1
68 71 -1
68 72 1
68 74 -1
68 78 -1
68 79 -1
68 81 -1
68 82 -1
68 83 1
68 85 1
68 87 -1
69 1 -1
69 2 -1
69 4 -1
69 5 1
69 8 -1
69 9 -1
69 10 1
69 11 -1
69 12 1
69 13 1
69 15 -1
69 16 -1
69 19 1
69 23 -1
69 25 -1
69 26 -1
69 27 -1
69 28 -1
69 29 1
69 30 -1
69 32 -1
69 34 -1
69 37 -1
69 38 1
69 42 -1
69 43 1
69 45 -1
69 51 1
69 52 -1
69 55 -1
69 58 -1
69 61 -1
69 63 -1
69 65 -1
69 66 -1
69 67 1
69 71 1
69 73 1
69 74 -1
69 75 -1
69 77 -1
69 79 -1
69 81 -1
69 82 -1
69 85 -1
69 86 -1
69 87 -1
69 89 -1
69 90 -1
70 2 -1
70 4 -1
70 5 -1
70 7 -1
70 8 -1
70 11 -1
70 12 -1
70 14 -1
70 16 -1
70 17 -1
70 18 -1
70 19 -1
70 20 -1
70 21 -1
70 30 -1
70 31 -1
70 33 -1
70 35 -1
70 38 -1
70 44 -1
70 45 -1
70 48 1
70 50 -1
70 51 1
70 52 -1
70 53 -1
70 54 -1
70 56 -1
70 59 1
70 61 -1
70 62 -1
70 63 1
70 65 -1
70 66 -1
70 67 -1
70 68 -1
70 69 -1
70 71 1
70 72 -1
70 73 -1
70 74 -1
70 75 -1
70 77 -1
70 82 -1
70 85 -1
70 88 -1
70 89 -1
71 1 -1
71 4 -1
71 5 -1
71 6 -1
71 7 -1
71 8 -1
71 10 -1
71 11 -1
71 12 1
71 13 -1
71 14 -1
71 15 -1
71 21 1
71 26 1
71 27 -1
71 34 -1
71 37 -1
71 39 1
71 40 -1
71 41 -1
71 42 1
71 44 -1
71 46 1
71 48 -1
71 49 -1
71 50 -1
71 51 -1
71 52 -1
71 54 -1
71 57 -1
71 58 -1
71 60 1
71 62 -1
71 66 -1
71 73 -1
71 74 -1
71 75 -1
71 78 1
71 79 -1
71 83 -1
71 84 -1
71 86 -1
71 87 -1
71 90 -1
72 8 1
72 9 -1
72 10 1
72 13 1
72 16 1
72 18 -1
72 19 -1
72 20 -1
72 22 1
72 23 -1
72 29 -1
72 32 1
72 33 1
72 35 -1
72 37 -1
72 39 -1
72 40 -1
72 41 -1
72 43 -1
72 45 -1
72 46 -1
72 47 -1
72 50 -1
72 51 1
72 57 1
72 58 -1
72 61 -1
72 64 -1
72 65 -1
72 66 1
72 67 -1
72 69 -1
72 71 1
72 73 -1
72 74 -1
72 76 -1
72 78 -1
72 80 -1
72 81 -1
72 82 1
72 83 -1
72 84 1
72 85 -1
72 86 -1
72 87 -1
72 90 1
73 1 -1
73 5 -1
73 6 -1
73 8 -1
73 9 -1
73 10 -1
73 18 -1
73 19 -1
73 24 -1
73 25 -1
73 26 1
73 27 -1
73 31 1
73 32 1
73 33 -1
73 38 -1
73 39 1
73 41 1
73 45 -1
73 46 -1
73 47 -1
73 48 -1
73 49 -1
73 52 -1
73 53 -1
73 54 -1
73 56 -1
73 57 -1
73 60 1
73 62 -1
73 63 1
73 68 -1
73 75 -1
73 77 1
73 81 -1
73 82 -1
73 84 1
73 85 -1
73 87 -1
73 89 -1
73 90 -1
74 1 -1
74 2 -1
74 3 -1
74 5 1
74 6 -1
74 7 -1
74 8 -1
74 11 -1
74 12 -1
74 13 -1
74 14 -1
74 15 -1
74 16 1
74 17 -1
74 18 -1
74 19 -1
74 20 -1
74 27 -1
74 29 -1
74 31 1
74 35 -1
74 36 -1
74 37 -1
74 38 -1
74 40 -1
74 41 -1
74 44 -1
74 46 -1
74 48 -1
74 49 -1
74 52 1
74 53 1
74 55 -1
74 56 1
74 58 -1
74 60 -1
74 64 -1
74 67 1
74 73 -1
74 75 -1
74 76 -1
74 77 -1
74 78 -1
74 79 -1
74 81 -1
74 82 -1
74 85 -1
74 86 -1
74 87 -1
74 89 -1
75 1 -1
75 2 -1
75 3 -1
75 5 1
75 7 -1
75 9 -1
75 11 1
75 12 -1
75 13 -1
75 14 -1
75 20 -1
75 21 -1
75 22 -1
75 23 -1
75 24 -1
75 30 -1
75 32 -1
75 33 -1
75 36 -1
75 37 -1
75 38 1
75 41 -1
75 46 -1
75 47 -1
75 48 1
75 49 1
75 50 -1
75 52 -1
75 55 -1
75 57 1
75 58 -1
75 59 -1
75 60 -1
75 61 -1
75 65 1
75 66 -1
75 68 -1
75 72 -1
75 77 -1
75 79 -1
75 80 -1
75 85 1
75 86 -1
75 87 -1
75 89 -1
76 1 -1
76 3 -1
76 4 -1
76 5 -1
76 6 -1
76 12 -1
76 13 -1
76 15 -1
76 20 -1
76 25 -1
76 26 1
76 27 -1
76 28 -1
76 29 -1
76 31 -1
76 32 -1
76 34 -1
76 36 1
76 37 -1
76 38 -1
76 39 1
76 40 -1
76 43 -1
76 45 -1
76 46 -1
76 47 -1
76 48 -1
76 50 1
76 51 -1
76 53 -1
76 54 1
76 55 -1
76 56 1
76 57 1
76 61 -1
76 62 1
76 63 1
76 64 -1
76 65 -1
76 66 -1
76 67 -1
76 68 1
76 69 1
76 70 -1
76 71 -1
76 73 -1
76 75 1
76 77 1
76 79 -1
76 80 -1
76 81 1
76 82 -1
76 84 -1
76 85 -1
76 87 -1
76 88 -1
77 2 1
77 3 1
77 5 -1
77 6 -1
77 7 -1
77 9 -1
77 10 1
77 13 -1
77 15 -1
77 16 1
77 17 1
77 18 1
77 22 -1
77 23 -1
77 24 -1
77 26 -1
77 28 -1
77 29 -1
77 30 -1
77 32 -1
77 33 -1
77 34 -1
77 35 1
77 36 -1
77 38 -1
77 41 -1
77 42 1
77 45 -1
77 46 -1
77 47 -1
77 48 -1
77 50 -1
77 51 -1
77 52 -1
77 53 -1
77 54 -1
77 55 -1
77 56 -1
77 58 -1
77 60 -1
77 61 -1
77 66 -1
77 67 -1
77 68 -1
77 71 1
77 72 1
77 78 -1
77 79 -1
77 80 -1
77 81 -1
77 82 -1
77 84 -1
77 90 -1
78 2 -1
78 3 -1
78 4 -1
78 5 -1
78 8 -1
78 9 1
78 10 -1
78 12 -1
78 13 -1
78 14 -1
78 15 1
78 17 -1
78 18 -1
78 20 -1
78 22 -1
78 25 -1
78 26 -1
78 27 -1
78 30 -1
78 32 1
78 35 -1
78 36 -1
78 37 -1
78 39 -1
78 41 -1
78 44 1
78 45 -1
78 47 -1
78 49 -1
78 50 1
78 52 -1
78 53 -1
78 55 -1
78 56 -1
78 59 1
78 60 -1
78 63 -1
78 66 -1
78 69 1
78 70 -1
78 73 -1
78 75 -1
78 76 -1
78 80 -1
78 81 -1
78 82 -1
78 85 -1
78 86 -1
78 87 -1
78 88 -1
78 89 -1
78 90 -1
79 2 -1
79 3 -1
79 5 -1
79 6 -1
79 7 -1
79 8 -1
79 9 -1
79 10 1
79 11 -1
79 15 -1
79 17 -1
79 21 -1
79 25 1
79 26 -1
79 27 -1
79 30 -1
79 31 -1
79 38 -1
79 39 1
79 40 -1
79 41 -1
79 42 -1
79 43 -1
79 45 -1
79 46 -1
79 47 1
79 48 1
79 49 -1
79 51 -1
79 54 -1
79 55 -1
79 60 -1
79 61 -1
79 62 1
79 65 -1
79 66 -1
79 70 -1
79 72 -1
79 73 -1
79 78 1
79 80 1
79 83 -1
79 84 -1
79 86 -1
79 87 -1
79 88 -1
79 89 1
79 90 -1
80 1 1
80 2 -1
80 3 -1
80 7 -1
80 9 -1
80 10 -1
80 13 -1
80 15 1
80 18 -1
80 19 -1
80 20 -1
80 21 -1
80 25 -1
80 26 -1
80 29 1
80 31 1
80 32 -1
80 34 -1
80 35 -1
80 37 -1
80 39 -1
80 40 -1
80 43 -1
80 44 -1
80 50 -1
80 52 -1
80 54 1
80 55 -1
80 56 -1
80 58 -1
80 59 -1
80 61 -1
80 62 -1
80 65 -1
80 66 1
80 68 -1
80 69 -1
80 70 1
80 71 -1
80 73 1
80 74 -1
80 83 1
80 86 -1
80 88 1
80 89 -1
80 90 -1
81 2 -1
81 4 -1
81 5 -1
81 13 -1
81 14 1
81 15 -1
81 16 1
81 18 -1
81 19 -1
81 23 -1
81 28 -1
81 34 1
81 36 -1
81 37 -1
81 38 -1
81 43 -1
81 45 1
81 46 1
81 47 -1
81 49 1
81 51 -1
81 52 -1
81 55 -1
81 56 -1
81 57 1
81 58 1
81 59 -1
81 61 1
81 64 -1
81 66 1
81 67 -1
81 70 -1
81 71 -1
81 75 1
81 79 1
81 80 -1
81 82 -1
81 86 -1
81 88 -1
81 89 -1
81 90 -1
82 1 -1
82 2 1
82 6 1
82 8 1
82 11 -1
82 12 -1
82 19 -1
82 20 -1
82 21 -1
82 22 -1
82 24 -1
82 26 -1
82 27 -1
82 29 -1
82 42 -1
82 44 -1
82 45 -1
82 46 -1
82 49 1
82 50 1
82 54 -1
82 56 -1
82 59 -1
82 60 -1
82 61 -1
82 64 -1
82 66 1
82 71 -1
82 75 1
82 79 -1
82 80 -1
82 83 -1
82 87 -1
82 89 1
83 1 1
83 2 -1
83 4 -1
83 5 -1
83 6 -1
83 8 -1
83 9 -1
83 11 -1
83 12 -1
83 13 -1
83 16 -1
83 17 1
83 18 -1
83 23 -1
83 24 -1
83 27 -1
83 28 -1
83 29 1
83 31 -1
83 32 -1
83 34 1
83 35 1
83 36 -1
83 38 -1
83 41 -1
83 42 -1
83 43 -1
83 44 -1
83 45 -1
83 48 -1
83 49 1
83 52 1
83 55 -1
83 58 -1
83 59 -1
83 62 -1
83 69 -1
83 70 -1
83 73 -1
83 74 -1
83 75 -1
83 76 1
83 77 1
83 78 1
83 81 -1
83 84 -1
83 86 -1
83 88 -1
83 90 -1
84 5 -1
84 6 -1
84 8 -1
84 9 -1
84 10 -1
84 13 1
84 17 -1
84 18 1
84 20 -1
84 23 -1
84 24 -1
84 27 -1
84 28 1
84 29 -1
84 31 -1
84 33 -1
84 35 -1
84 37 -1
84 39 -1
84 40 -1
84 44 -1
84 47 -1
84 48 -1
84 49 -1
84 50 -1
84 55 -1
84 59 1
84 61 -1
84 66 -1
84 67 1
84 68 -1
84 69 -1
84 70 -1
84 74 -1
84 75 -1
84 78 -1
84 80 -1
84 81 -1
84 82 -1
84 85 1
84 86 1
85 2 -1
85 3 -1
85 7 1
85 8 1
85 9 -1
85 10 -1
85 13 1
85 14 1
85 15 1
85 17 -1
85 19 -1
85 21 -1
85 26 -1
85 28 -1
85 32 -1
85 33 -1
85 34 -1
85 36 -1
85 37 1
85 38 1
85 41 1
85 44 -1
85 46 1
85 47 -1
85 49 -1
85 50 -1
85 56 -1
85 61 -1
85 62 -1
85 64 -1
85 71 -1
85 77 -1
85 79 -1
85 80 -1
85 81 -1
85 82 -1
85 83 -1
85 87 -1
85 88 1
85 90 -1
86 1 -1
86 3 -1
86 4 -1
86 5 -1
86 7 -1
86 8 -1
86 12 1
86 13 -1
86 14 -1
86 15 1
86 16 -1
86 17 -1
86 18 -1
86 20 -1
86 25 -1
86 28 -1
86 29 -1
86 31 -1
86 33 1
86 35 -1
86 37 -1
86 38 -1
86 39 -1
86 43 -1
86 44 -1
86 45 -1
86 46 -1
86 47 -1
86 48 -1
86 49 -1
86 50 -1
86 52 1
86 59 -1
86 61 -1
86 66 -1
86 68 -1
86 70 -1
86 73 -1
86 76 -1
86 77 1
86 82 -1
86 85 -1
87 1 -1
87 6 -1
87 7 -1
87 9 1
87 10 -1
87 16 -1
87 17 -1
87 18 -1
87 19 -1
87 20 -1
87 22 1
87 24 -1
87 27 -1
87 28 -1
87 29 -1
87 32 -1
87 33 -1
87 36 1
87 37 1
87 39 1
87 41 -1
87 42 -1
87 43 -1
87 47 -1
87 50 -1
87 52 -1
87 54 -1
87 57 -1
87 58 1
87 62 -1
87 63 -1
87 65 -1
87 66 -1
87 67 -1
87 70 1
87 77 -1
87 80 -1
87 81 -1
87 83 1
87 84 -1
87 86 -1
87 88 -1
87 89 -1
87 90 -1
88 2 -1
88 3 -1
88 4 1
88 12 -1
88 14 -1
88 15 -1
88 16 1
88 17 1
88 18 -1
88 19 -1
88 20 1
88 24 -1
88 26 -1
88 28 1
88 32 -1
88 33 -1
88 35 -1
88 36 -1
88 39 -1
88 41 -1
88 42 -1
88 44 -1
88 45 -1
88 47 -1
88 48 -1
88 50 -1
88 53 -1
88 56 -1
88 58 -1
88 61 -1
88 62 -1
88 66 -1
88 68 -1
88 69 1
88 71 -1
88 72 -1
88 73 -1
88 74 -1
88 75 -1
88 77 -1
88 82 -1
88 84 1
88 86 -1
89 2 1
89 4 -1
89 5 -1
89 7 -1
89 8 -1
89 10 -1
89 12 -1
89 13 -1
89 15 -1
89 17 -1
89 18 -1
89 23 -1
89 24 1
89 25 -1
89 26 -1
89 28 -1
89 30 1
89 31 1
89 32 -1
89 33 -1
89 36 -1
89 37 -1
89 39 -1
89 40 -1
89 44 -1
89 46 1
89 47 -1
89 49 -1
89 51 -1
89 54 -1
89 55 -1
89 59 -1
89 60 -1
89 64 1
89 65 1
89 66 1
89 67 1
89 68 -1
89 71 -1
89 72 -1
89 76 -1
89 77 -1
89 83 -1
89 84 -1
89 85 -1
89 86 -1
89 88 -1
90 2 1
90 7 -1
90 8 -1
90 10 1
90 13 -1
90 17 -1
90 19 -1
90 20 -1
90 22 -1
90 23 1
90 25 -1
90 26 -1
90 27 1
90 28 -1
90 29 -1
90 30 -1
90 32 -1
90 33 1
90 36 -1
90 42 -1
90 45 1
90 46 -1
90 49 -1
90 54 -1
90 55 -1
90 56 -1
90 59 -1
90 60 -1
90 61 -1
90 65 -1
90 66 -1
90 68 -1
90 70 -1
90 74 -1
90 75 1
90 76 1
90 82 -1
90 84 -1
90 86 -1
90 88 -1
90 89 -1
