vertices: 70 edges: 2415
1 7 1
1 8 1
1 9 -1
1 11 1
1 12 1
1 18 1
1 19 -1
1 24 1
1 26 -1
1 28 1
1 29 1
1 30 1
1 35 1
1 36 1
1 37 1
1 38 1
1 47 1
1 48 1
1 53 1
1 55 1
1 56 1
1 61 1
1 62 1
1 67 1
1 69 1
2 1 1
2 7 1
2 8 1
2 9 1
2 12 1
2 14 1
2 15 1
2 17 1
2 21 1
2 22 1
2 24 -1
2 27 1
2 29 1
2 30 1
2 34 1
2 36 -1
2 37 1
2 39 1
2 43 1
2 44 1
2 46 1
2 52 1
2 53 1
2 57 1
2 61 1
2 62 1
2 65 1
2 67 -1
2 70 -1
3 1 -1
3 2 1
3 6 1
3 9 1
3 10 1
3 15 -1
3 17 1
3 18 1
3 21 1
3 24 -1
3 28 1
3 31 1
3 33 -1
3 34 1
3 38 1
3 40 1
3 42 1
3 49 1
3 50 -1
3 54 -1
3 65 1
3 66 1
3 68 1
3 70 1
4 1 1
4 2 1
4 3 1
4 6 1
4 7 1
4 8 1
4 9 -1
4 12 -1
4 14 1
4 15 1
4 16 1
4 17 1
4 19 -1
4 21 1
4 23 1
4 25 -1
4 27 1
4 28 1
4 30 1
4 32 1
4 34 -1
4 35 -1
4 36 1
4 37 1
4 39 1
4 40 1
4 41 1
4 45 1
4 51 1
4 54 1
4 55 1
4 56 1
4 58 1
4 60 1
4 62 1
4 63 1
4 64 1
4 65 1
4 66 1
4 68 1
4 69 1
5 1 1
5 2 1
5 3 -1
5 4 -1
5 7 -1
5 8 1
5 10 1
5 11 1
5 13 1
5 14 -1
5 15 1
5 17 1
5 20 1
5 21 1
5 23 1
5 25 1
5 26 1
5 30 1
5 34 -1
5 37 1
5 39 1
5 43 -1
5 44 1
5 45 -1
5 46 1
5 47 1
5 48 1
5 50 1
5 51 1
5 53 1
5 55 1
5 58 1
5 61 1
5 63 1
5 65 1
5 67 1
5 68 1
6 1 1
6 2 1
6 5 1
6 7 -1
6 10 -1
6 13 1
6 14 1
6 15 1
6 18 1
6 21 1
6 24 1
6 25 -1
6 27 1
6 29 1
6 31 1
6 37 1
6 42 1
6 43 1
6 44 1
6 46 1
6 47 1
6 50 1
6 54 1
6 56 -1
6 60 -1
6 61 1
6 62 1
6 66 1
6 69 1
7 3 1
7 8 1
7 9 1
7 11 1
7 13 1
7 16 1
7 18 1
7 19 1
7 20 1
7 21 -1
7 24 1
7 26 -1
7 27 1
7 28 -1
7 29 -1
7 30 1
7 31 1
7 32 1
7 34 -1
7 35 1
7 37 1
7 38 -1
7 39 1
7 42 1
7 43 1
7 45 -1
7 46 -1
7 47 1
7 49 1
7 51 1
7 52 1
7 53 1
7 55 -1
7 58 1
7 62 1
7 65 1
7 67 -1
7 68 -1
7 70 1
8 3 1
8 6 1
8 9 1
8 10 -1
8 12 1
8 14 1
8 17 1
8 18 1
8 19 1
8 20 1
8 22 1
8 25 1
8 27 1
8 28 1
8 30 1
8 31 1
8 34 -1
8 36 1
8 37 -1
8 40 1
8 44 1
8 46 1
8 48 1
8 49 1
8 52 1
8 57 1
8 58 1
8 60 1
8 61 1
8 65 -1
8 66 1
9 5 1
9 6 -1
9 10 -1
9 11 1
9 12 1
9 13 -1
9 16 -1
9 17 1
9 21 1
9 22 1
9 24 1
9 25 1
9 28 1
9 29 -1
9 30 1
9 31 1
9 32 1
9 35 -1
9 37 -1
9 38 1
9 39 1
9 40 1
9 41 1
9 42 1
9 43 1
9 44 1
9 45 1
9 46 1
9 47 1
9 48 1
9 49 -1
9 50 -1
9 51 -1
9 52 1
9 53 -1
9 54 1
9 59 -1
9 60 1
9 61 1
9 62 1
9 63 1
9 64 -1
9 65 1
9 68 -1
9 69 1
10 1 1
10 2 1
10 4 -1
10 7 -1
10 11 1
10 13 1
10 15 1
10 17 -1
10 23 1
10 24 1
10 28 -1
10 30 1
10 33 1
10 36 1
10 37 1
10 38 1
10 42 1
10 45 -1
10 55 1
10 61 1
10 63 -1
10 64 1
10 68 1
10 70 -1
11 2 1
11 3 1
11 4 -1
11 6 1
11 8 1
11 12 1
11 15 -1
11 19 1
11 20 1
11 21 1
11 22 1
11 23 -1
11 24 1
11 32 -1
11 34 -1
11 36 1
11 37 1
11 38 -1
11 39 1
11 40 1
11 43 1
11 44 -1
11 46 1
11 47 1
11 55 1
11 57 1
11 60 1
11 61 1
11 64 1
11 65 -1
11 66 1
11 68 1
11 70 1
12 3 1
12 5 1
12 6 1
12 7 1
12 10 1
12 14 1
12 18 1
12 21 1
12 22 1
12 23 1
12 24 1
12 25 1
12 26 -1
12 27 1
12 32 1
12 33 1
12 35 -1
12 36 1
12 37 1
12 39 1
12 41 1
12 42 1
12 46 1
12 48 1
12 49 1
12 51 1
12 53 -1
12 54 -1
12 55 -1
12 62 1
13 1 1
13 2 1
13 3 1
13 4 -1
13 8 1
13 11 1
13 12 1
13 16 1
13 17 1
13 19 1
13 21 1
13 23 -1
13 27 1
13 29 1
13 34 1
13 35 -1
13 37 -1
13 41 1
13 42 1
13 44 1
13 45 1
13 47 1
13 50 1
13 51 1
13 53 1
13 61 1
13 63 1
13 64 1
13 68 -1
13 70 -1
14 1 1
14 3 1
14 7 1
14 9 -1
14 10 1
14 11 1
14 13 1
14 15 1
14 16 1
14 19 1
14 21 1
14 22 1
14 24 -1
14 25 1
14 26 1
14 27 -1
14 28 1
14 29 1
14 31 1
14 34 1
14 36 -1
14 37 1
14 40 1
14 43 1
14 45 1
14 50 1
14 52 1
14 54 1
14 57 1
14 60 1
14 61 1
14 64 1
14 66 -1
14 67 -1
14 70 1
15 1 1
15 7 1
15 8 1
15 9 1
15 12 1
15 13 1
15 16 -1
15 20 1
15 21 1
15 23 1
15 24 1
15 25 1
15 28 1
15 30 1
15 32 1
15 33 1
15 38 1
15 39 1
15 41 1
15 44 1
15 45 -1
15 46 1
15 47 1
15 48 1
15 49 1
15 52 1
15 55 1
15 58 1
15 59 1
15 60 1
15 62 1
15 63 1
15 65 1
15 67 -1
15 68 1
15 69 -1
15 70 1
16 1 1
16 2 1
16 3 1
16 5 -1
16 6 1
16 8 -1
16 10 1
16 11 1
16 12 1
16 17 1
16 18 1
16 19 1
16 25 1
16 29 -1
16 32 1
16 34 -1
16 38 1
16 39 1
16 40 1
16 41 1
16 44 1
16 45 1
16 46 1
16 47 1
16 51 1
16 54 1
16 55 -1
16 61 -1
16 66 1
16 67 1
16 68 1
16 69 1
16 70 1
17 1 1
17 6 -1
17 7 1
17 11 1
17 12 1
17 14 1
17 15 1
17 19 1
17 24 1
17 28 1
17 32 -1
17 33 1
17 34 1
17 35 1
17 37 1
17 38 -1
17 39 1
17 41 1
17 42 -1
17 46 1
17 47 1
17 51 1
17 52 1
17 53 1
17 54 1
17 59 1
17 60 1
17 61 1
17 62 1
17 65 1
17 66 1
17 67 1
17 68 1
18 2 1
18 4 -1
18 5 1
18 9 1
18 10 1
18 11 1
18 13 -1
18 14 1
18 15 1
18 17 1
18 19 1
18 24 1
18 25 1
18 26 1
18 27 -1
18 31 1
18 32 1
18 35 1
18 36 -1
18 37 1
18 39 1
18 41 -1
18 42 1
18 43 -1
18 44 1
18 45 -1
18 46 -1
18 47 -1
18 49 1
18 50 1
18 51 1
18 52 1
18 53 -1
18 54 1
18 55 1
18 56 1
18 61 1
18 63 1
18 64 1
18 66 1
18 69 1
19 2 1
19 3 1
19 5 1
19 6 -1
19 9 1
19 10 -1
19 12 -1
19 15 -1
19 21 1
19 24 1
19 25 1
19 27 1
19 30 -1
19 32 1
19 37 1
19 38 1
19 42 1
19 45 1
19 46 -1
19 47 -1
19 51 1
19 56 1
19 59 -1
19 60 -1
19 63 1
19 64 1
19 65 -1
19 67 1
19 68 1
20 1 -1
20 2 1
20 3 1
20 4 -1
20 6 1
20 9 1
20 10 1
20 12 -1
20 13 -1
20 14 -1
20 16 1
20 17 -1
20 18 1
20 19 1
20 26 1
20 27 -1
20 28 1
20 31 -1
20 32 1
20 36 1
20 37 1
20 40 1
20 43 1
20 44 1
20 47 1
20 49 1
20 52 -1
20 53 1
20 54 1
20 58 1
20 59 1
20 60 1
20 65 1
20 66 -1
20 67 1
20 68 1
20 69 1
20 70 -1
21 1 1
21 8 1
21 10 1
21 16 1
21 17 1
21 18 1
21 20 1
21 22 1
21 23 1
21 26 1
21 27 1
21 29 1
21 30 -1
21 33 1
21 35 1
21 37 1
21 40 1
21 42 1
21 45 -1
21 46 1
21 49 1
21 51 1
21 52 1
21 53 1
21 54 1
21 58 1
21 59 1
21 60 1
21 62 -1
21 63 1
21 64 1
21 68 1
22 1 1
22 3 -1
22 4 1
22 5 1
22 6 1
22 7 -1
22 10 1
22 13 -1
22 15 1
22 16 1
22 17 -1
22 18 -1
22 19 1
22 20 1
22 23 1
22 24 -1
22 25 1
22 29 1
22 34 1
22 35 1
22 36 1
22 37 1
22 38 1
22 39 1
22 41 1
22 42 -1
22 44 1
22 45 -1
22 48 1
22 54 1
22 58 1
22 59 1
22 64 1
22 67 1
22 69 1
23 1 1
23 2 1
23 3 1
23 6 1
23 7 -1
23 8 1
23 9 1
23 14 1
23 16 -1
23 17 1
23 18 1
23 19 1
23 20 1
23 24 -1
23 30 1
23 33 1
23 36 -1
23 37 -1
23 41 1
23 44 1
23 48 1
23 49 -1
23 51 1
23 52 1
23 53 1
23 58 -1
23 60 1
23 62 1
23 63 -1
23 64 1
23 67 -1
23 69 1
24 4 -1
24 5 1
24 8 1
24 13 -1
24 16 1
24 20 -1
24 21 1
24 25 -1
24 26 1
24 31 1
24 32 1
24 35 1
24 36 1
24 37 -1
24 38 1
24 40 1
24 43 -1
24 45 1
24 49 1
24 51 1
24 56 1
24 57 1
24 58 1
24 59 1
24 60 1
24 63 1
24 65 1
24 67 1
24 69 1
24 70 1
25 1 -1
25 2 1
25 3 1
25 7 1
25 10 1
25 11 1
25 13 1
25 17 -1
25 20 1
25 21 -1
25 23 1
25 28 1
25 32 1
25 35 1
25 37 1
25 38 1
25 40 1
25 45 1
25 48 1
25 49 1
25 51 1
25 54 1
25 58 -1
25 59 1
25 60 -1
25 61 1
25 63 1
25 65 1
25 66 1
25 67 1
25 69 1
26 2 1
26 3 1
26 4 -1
26 6 1
26 8 1
26 9 1
26 10 1
26 11 1
26 13 -1
26 15 1
26 16 -1
26 17 1
26 19 1
26 22 1
26 23 -1
26 25 1
26 27 1
26 34 -1
26 35 1
26 36 1
26 37 1
26 41 1
26 42 1
26 45 -1
26 46 -1
26 47 1
26 48 1
26 51 -1
26 57 1
26 58 -1
26 60 1
26 61 1
26 64 1
26 65 1
26 66 1
26 69 1
27 1 1
27 3 -1
27 5 1
27 9 1
27 10 1
27 11 1
27 15 1
27 16 1
27 17 1
27 22 1
27 23 1
27 24 -1
27 25 1
27 28 1
27 29 1
27 32 1
27 33 1
27 34 1
27 35 1
27 36 1
27 37 1
27 44 1
27 46 1
27 48 1
27 49 1
27 50 -1
27 51 1
27 52 -1
27 53 -1
27 54 -1
27 55 -1
27 56 1
27 57 1
27 60 1
27 61 -1
27 63 1
27 64 1
27 67 1
27 68 1
27 69 1
27 70 1
28 2 1
28 5 1
28 6 1
28 11 1
28 12 -1
28 13 1
28 16 1
28 18 1
28 19 1
28 21 1
28 22 1
28 23 1
28 24 -1
28 26 1
28 29 1
28 33 1
28 38 1
28 39 1
28 41 1
28 45 1
28 48 1
28 50 1
28 51 1
28 53 1
28 54 1
28 55 -1
28 59 1
28 61 1
28 63 1
28 64 1
28 65 1
28 70 1
29 3 -1
29 4 1
29 5 1
29 8 1
29 10 -1
29 11 1
29 12 1
29 15 1
29 17 1
29 18 -1
29 19 1
29 20 1
29 23 -1
29 24 1
29 25 1
29 26 1
29 31 1
29 33 1
29 34 1
29 35 -1
29 36 -1
29 37 1
29 40 1
29 44 1
29 51 -1
29 54 1
29 56 1
29 61 -1
29 63 -1
29 66 1
29 69 1
30 3 1
30 6 -1
30 11 -1
30 12 1
30 13 1
30 14 1
30 16 1
30 17 1
30 18 1
30 20 1
30 22 -1
30 24 1
30 25 1
30 26 1
30 27 1
30 28 1
30 29 1
30 31 1
30 34 -1
30 35 1
30 36 1
30 37 1
30 38 1
30 39 1
30 40 1
30 41 1
30 44 1
30 45 1
30 47 1
30 48 1
30 49 -1
30 50 1
30 52 1
30 53 1
30 54 1
30 55 1
30 59 1
30 60 1
30 62 1
30 64 1
30 65 1
30 69 -1
31 1 1
31 2 1
31 4 1
31 5 1
31 10 -1
31 11 1
31 12 1
31 13 1
31 15 1
31 16 1
31 17 1
31 19 1
31 21 1
31 22 -1
31 23 1
31 25 -1
31 26 1
31 27 1
31 28 1
31 32 1
31 33 1
31 37 1
31 39 1
31 41 1
31 42 1
31 43 -1
31 44 1
31 47 1
31 49 -1
31 50 -1
31 51 1
31 52 1
31 55 1
31 56 1
31 57 1
31 60 -1
31 61 -1
31 62 1
31 64 1
31 65 1
31 66 1
31 67 1
31 70 1
32 1 1
32 2 1
32 3 1
32 5 1
32 6 1
32 8 1
32 10 1
32 13 1
32 14 1
32 21 1
32 22 1
32 23 -1
32 26 1
32 28 -1
32 29 1
32 30 1
32 43 -1
32 45 -1
32 47 -1
32 48 1
32 49 1
32 56 1
32 58 -1
32 59 1
32 62 1
32 63 -1
32 64 1
32 65 1
32 67 1
32 68 1
32 70 1
33 1 -1
33 2 1
33 4 -1
33 5 -1
33 6 1
33 7 1
33 8 1
33 9 1
33 11 1
33 13 1
33 14 -1
33 16 1
33 18 1
33 19 1
33 20 1
33 22 1
33 24 1
33 25 1
33 26 1
33 30 -1
33 32 1
33 35 -1
33 36 1
33 37 1
33 38 -1
33 42 1
33 43 1
33 46 -1
33 47 1
33 49 1
33 51 1
33 52 1
33 53 1
33 54 1
33 58 1
33 59 1
33 62 1
33 64 -1
33 66 -1
33 67 1
33 70 -1
34 1 -1
34 6 1
34 9 1
34 10 1
34 12 1
34 15 1
34 18 1
34 19 1
34 20 -1
34 21 1
34 23 1
34 24 1
34 25 1
34 28 -1
34 31 1
34 32 -1
34 33 1
34 35 1
34 40 1
34 41 1
34 43 -1
34 44 1
34 45 1
34 46 1
34 51 -1
34 52 -1
34 53 1
34 54 -1
34 56 1
34 61 -1
34 63 1
34 66 1
34 68 -1
34 69 1
35 2 1
35 3 1
35 5 1
35 6 -1
35 8 1
35 10 1
35 11 1
35 14 -1
35 15 1
35 16 -1
35 19 1
35 20 -1
35 23 -1
35 28 1
35 31 1
35 32 1
35 43 1
35 45 1
35 47 1
35 48 1
35 49 1
35 52 -1
35 54 1
35 55 1
35 56 1
35 57 1
35 63 1
35 66 -1
35 69 1
36 3 1
36 5 -1
36 6 1
36 7 1
36 9 1
36 13 1
36 15 -1
36 16 1
36 17 -1
36 19 1
36 21 1
36 25 1
36 28 1
36 31 -1
36 32 1
36 34 -1
36 35 1
36 37 1
36 38 1
36 41 1
36 42 1
36 44 -1
36 46 1
36 48 1
36 51 -1
36 55 1
36 56 1
36 58 1
36 60 1
36 61 1
36 63 1
36 68 1
36 70 -1
37 3 1
37 15 -1
37 16 1
37 28 1
37 32 1
37 34 1
37 35 1
37 42 1
37 45 -1
37 46 1
37 48 1
37 49 1
37 50 1
37 51 1
37 52 1
37 53 1
37 56 1
37 59 1
37 62 1
37 63 1
37 64 1
37 65 1
37 66 1
37 68 -1
37 69 -1
37 70 1
38 2 -1
38 4 1
38 5 1
38 6 1
38 8 1
38 12 1
38 13 1
38 14 -1
38 18 -1
38 20 1
38 21 1
38 23 1
38 26 1
38 27 1
38 29 1
38 31 1
38 32 1
38 34 1
38 35 1
38 37 -1
38 39 1
38 40 1
38 42 -1
38 44 1
38 45 1
38 46 1
38 48 1
38 49 1
38 52 1
38 53 1
38 55 1
38 56 -1
38 58 1
38 59 1
38 60 1
38 64 1
38 65 1
38 66 1
38 68 1
38 69 -1
39 1 -1
39 3 1
39 6 1
39 8 -1
39 10 1
39 13 1
39 14 1
39 19 1
39 20 -1
39 21 1
39 23 1
39 24 1
39 25 1
39 26 1
39 27 1
39 29 1
39 32 1
39 33 1
39 34 1
39 35 1
39 36 1
39 37 -1
39 45 1
39 46 1
39 47 1
39 48 1
39 53 -1
39 54 -1
39 57 -1
39 61 1
39 62 1
39 63 1
39 64 1
39 67 1
39 68 -1
39 70 -1
40 1 1
40 2 1
40 5 -1
40 6 1
40 7 1
40 10 1
40 12 1
40 13 1
40 15 1
40 17 -1
40 18 -1
40 19 -1
40 22 1
40 23 1
40 26 1
40 27 1
40 28 1
40 31 1
40 32 -1
40 33 -1
40 35 1
40 36 1
40 37 1
40 39 -1
40 41 1
40 42 1
40 43 1
40 45 1
40 46 1
40 47 -1
40 48 1
40 50 -1
40 51 1
40 52 1
40 54 -1
40 55 1
40 58 1
40 59 1
40 60 1
40 61 1
40 63 1
40 64 1
40 65 1
40 68 1
40 70 1
41 1 -1
41 2 -1
41 3 1
41 5 1
41 6 1
41 7 1
41 8 1
41 10 1
41 11 -1
41 14 1
41 19 1
41 20 1
41 21 1
41 24 -1
41 25 1
41 27 1
41 29 1
41 32 1
41 33 1
41 35 1
41 37 1
41 38 1
41 39 1
41 42 1
41 44 1
41 45 1
41 47 1
41 54 1
41 55 1
41 57 1
41 58 1
41 61 1
41 62 1
41 63 1
41 65 1
41 66 -1
41 67 1
41 69 1
42 1 1
42 2 1
42 4 1
42 5 1
42 8 1
42 11 1
42 14 1
42 15 1
42 16 1
42 20 -1
42 23 1
42 24 -1
42 25 1
42 27 1
42 28 1
42 29 1
42 30 1
42 32 -1
42 34 1
42 35 1
42 39 1
42 43 -1
42 45 1
42 46 -1
42 47 1
42 49 1
42 50 1
42 51 1
42 55 -1
42 57 1
42 62 1
42 63 1
42 67 1
42 69 1
42 70 1
43 1 1
43 3 -1
43 4 1
43 8 1
43 10 1
43 12 1
43 13 1
43 15 1
43 16 1
43 17 -1
43 19 1
43 21 1
43 22 1
43 23 1
43 25 1
43 26 1
43 27 1
43 28 1
43 29 1
43 30 -1
43 36 1
43 37 -1
43 38 1
43 39 1
43 41 1
43 44 -1
43 45 1
43 47 1
43 49 1
43 51 1
43 53 1
43 54 1
43 55 1
43 56 1
43 60 -1
43 61 1
43 63 1
43 65 1
43 67 1
43 68 1
43 69 1
44 1 1
44 3 -1
44 4 1
44 7 1
44 10 1
44 12 1
44 14 1
44 17 1
44 19 1
44 21 1
44 24 1
44 25 -1
44 26 1
44 28 1
44 32 -1
44 33 1
44 35 1
44 37 1
44 39 1
44 40 1
44 42 -1
44 45 1
44 46 1
44 47 1
44 52 1
44 54 1
44 56 1
44 59 1
44 65 1
44 67 -1
44 70 1
45 1 1
45 2 -1
45 3 1
45 6 -1
45 8 1
45 11 1
45 12 1
45 17 -1
45 20 1
45 23 1
45 27 1
45 29 -1
45 31 1
45 33 1
45 36 1
45 47 1
45 48 1
45 50 1
45 52 1
45 53 1
45 54 1
45 57 1
45 58 1
45 59 -1
45 60 1
45 62 1
45 63 1
45 66 1
45 70 -1
46 1 1
46 3 1
46 4 1
46 10 1
46 13 -1
46 14 1
46 20 1
46 22 1
46 23 1
46 24 1
46 25 -1
46 28 -1
46 29 1
46 30 1
46 31 -1
46 32 1
46 35 -1
46 41 1
46 43 1
46 45 -1
46 49 -1
46 50 1
46 54 1
46 57 1
46 60 1
46 61 1
46 62 1
46 63 1
46 64 1
46 66 1
46 67 1
46 70 1
47 2 1
47 3 1
47 4 1
47 8 1
47 10 1
47 12 1
47 14 1
47 21 1
47 22 1
47 23 1
47 24 1
47 25 -1
47 27 1
47 28 1
47 29 1
47 34 1
47 36 1
47 37 1
47 38 1
47 46 1
47 48 1
47 51 -1
47 54 1
47 59 1
47 61 1
47 63 -1
47 65 1
47 66 1
47 67 1
47 69 -1
48 2 1
48 3 1
48 4 1
48 6 1
48 7 1
48 10 -1
48 11 1
48 13 1
48 14 -1
48 16 1
48 17 1
48 18 -1
48 19 1
48 20 1
48 21 1
48 24 1
48 29 1
48 31 1
48 33 1
48 34 1
48 41 1
48 42 1
48 43 1
48 44 1
48 46 1
48 49 1
48 51 1
48 52 1
48 60 -1
48 63 1
48 64 1
48 65 1
48 66 1
48 68 1
49 1 1
49 2 1
49 4 1
49 5 1
49 6 1
49 10 1
49 11 1
49 13 -1
49 14 1
49 16 1
49 17 1
49 19 1
49 22 1
49 26 1
49 28 1
49 29 -1
49 34 1
49 36 1
49 39 1
49 40 1
49 41 1
49 44 1
49 45 -1
49 47 -1
49 50 1
49 52 1
49 54 1
49 56 1
49 57 1
49 58 1
49 59 1
49 61 1
49 62 1
49 67 1
49 69 1
49 70 1
50 1 1
50 2 1
50 4 1
50 7 1
50 8 1
50 10 1
50 11 1
50 12 1
50 15 1
50 16 1
50 17 1
50 19 1
50 20 1
50 21 1
50 22 1
50 23 1
50 24 1
50 25 1
50 26 1
50 29 -1
50 32 1
50 33 1
50 34 1
50 35 1
50 36 1
50 38 1
50 39 1
50 41 1
50 43 1
50 44 -1
50 47 1
50 48 1
50 53 1
50 58 1
50 59 1
50 62 1
50 63 1
50 69 1
51 1 1
51 2 1
51 3 1
51 6 1
51 8 1
51 10 1
51 11 1
51 14 1
51 15 1
51 20 1
51 22 1
51 30 1
51 32 1
51 35 1
51 38 1
51 39 1
51 41 1
51 44 1
51 45 1
51 46 1
51 49 -1
51 50 1
51 52 1
51 53 1
51 54 1
51 55 1
51 56 1
51 58 1
51 61 1
51 62 1
51 63 1
51 64 1
51 65 1
51 66 -1
51 69 1
51 70 -1
52 1 1
52 3 1
52 4 1
52 5 1
52 6 1
52 10 1
52 11 1
52 12 1
52 13 1
52 16 1
52 19 1
52 22 1
52 24 1
52 25 -1
52 26 1
52 28 1
52 29 1
52 32 1
52 36 -1
52 39 -1
52 41 1
52 42 1
52 43 1
52 46 1
52 47 1
52 50 1
52 53 1
52 54 1
52 56 1
52 58 1
52 60 1
52 62 -1
52 64 1
52 68 1
52 70 1
53 3 1
53 4 1
53 6 1
53 8 1
53 10 1
53 11 1
53 14 1
53 15 1
53 16 1
53 19 1
53 22 1
53 24 1
53 25 -1
53 26 1
53 29 1
53 31 -1
53 32 1
53 35 1
53 36 -1
53 40 1
53 41 1
53 42 -1
53 44 1
53 46 1
53 47 1
53 48 1
53 49 1
53 56 -1
53 57 -1
53 59 1
53 60 1
53 61 -1
53 62 1
53 66 1
53 68 1
53 70 -1
54 1 1
54 2 1
54 5 1
54 7 1
54 8 -1
54 10 1
54 11 1
54 13 -1
54 15 1
54 19 1
54 23 -1
54 24 1
54 26 -1
54 31 1
54 32 1
54 36 1
54 37 -1
54 38 1
54 42 1
54 48 -1
54 50 1
54 53 -1
54 56 1
54 57 -1
54 60 -1
54 62 1
54 64 1
54 65 -1
54 68 -1
54 69 1
54 70 1
55 2 1
55 3 1
55 6 1
55 8 1
55 9 -1
55 13 1
55 14 1
55 17 1
55 19 1
55 20 1
55 21 1
55 22 -1
55 23 1
55 24 1
55 25 1
55 26 1
55 29 1
55 32 1
55 33 1
55 34 1
55 37 1
55 39 1
55 44 1
55 45 1
55 46 1
55 47 -1
55 48 1
55 49 1
55 50 1
55 52 1
55 53 1
55 54 -1
55 57 -1
55 64 1
55 68 -1
56 2 1
56 3 1
56 5 1
56 7 1
56 8 1
56 9 1
56 10 1
56 11 1
56 12 1
56 13 1
56 14 1
56 15 -1
56 16 1
56 17 1
56 20 1
56 21 1
56 22 1
56 23 1
56 25 1
56 26 1
56 28 1
56 30 1
56 33 1
56 39 1
56 40 -1
56 41 1
56 42 -1
56 45 1
56 46 1
56 47 1
56 48 1
56 50 1
56 55 1
56 57 1
56 59 1
56 64 1
56 65 1
56 66 -1
56 67 1
56 69 1
56 70 1
57 1 1
57 3 -1
57 4 1
57 5 1
57 6 1
57 7 1
57 9 1
57 10 1
57 12 1
57 13 1
57 15 1
57 16 -1
57 17 1
57 18 -1
57 19 1
57 20 1
57 21 1
57 22 1
57 23 1
57 25 -1
57 28 1
57 29 1
57 30 1
57 32 1
57 33 1
57 34 1
57 36 1
57 37 -1
57 38 1
57 40 -1
57 43 1
57 44 1
57 47 1
57 48 1
57 50 1
57 51 1
57 52 1
57 61 1
57 63 -1
57 65 -1
57 66 -1
57 67 -1
57 69 -1
58 1 1
58 2 -1
58 3 1
58 6 -1
58 9 1
58 10 1
58 11 1
58 12 1
58 13 1
58 14 1
58 16 1
58 17 1
58 18 1
58 19 1
58 27 1
58 28 1
58 29 1
58 30 1
58 31 1
58 34 1
58 35 1
58 37 1
58 39 1
58 42 1
58 43 1
58 44 1
58 46 1
58 47 1
58 48 1
58 53 1
58 54 1
58 55 1
58 56 1
58 57 1
58 60 1
58 61 1
58 62 1
58 66 1
58 67 1
58 70 -1
59 1 1
59 2 1
59 3 1
59 4 -1
59 5 1
59 6 1
59 7 1
59 8 1
59 10 1
59 11 1
59 12 1
59 13 1
59 14 1
59 16 -1
59 18 1
59 23 -1
59 26 1
59 27 1
59 29 1
59 31 -1
59 34 -1
59 35 1
59 36 1
59 39 1
59 41 -1
59 42 -1
59 43 1
59 46 1
59 48 1
59 51 1
59 52 -1
59 54 1
59 55 1
59 57 1
59 58 1
59 61 1
59 62 1
59 63 1
59 64 1
59 65 -1
59 66 -1
59 68 -1
59 69 -1
59 70 1
60 1 1
60 2 1
60 3 1
60 5 1
60 7 1
60 10 1
60 12 1
60 13 1
60 16 1
60 18 1
60 22 1
60 28 -1
60 29 1
60 32 1
60 33 1
60 34 1
60 35 1
60 37 1
60 39 -1
60 41 -1
60 42 -1
60 44 1
60 47 -1
60 49 1
60 50 -1
60 51 1
60 55 -1
60 56 1
60 57 1
60 59 1
60 61 -1
60 62 1
60 64 1
60 66 1
60 67 -1
61 3 1
61 4 1
61 7 1
61 12 1
61 15 -1
61 19 1
61 20 1
61 21 1
61 22 1
61 23 1
61 24 1
61 30 1
61 32 -1
61 33 1
61 35 1
61 37 1
61 38 1
61 42 1
61 44 1
61 45 1
61 48 -1
61 50 1
61 52 1
61 54 1
61 55 1
61 56 -1
61 62 1
61 64 1
61 66 1
61 68 1
61 70 1
62 3 1
62 5 1
62 8 1
62 10 1
62 11 -1
62 13 1
62 14 1
62 16 1
62 18 1
62 19 1
62 20 1
62 22 1
62 24 1
62 25 1
62 26 -1
62 27 1
62 28 -1
62 29 -1
62 34 1
62 35 -1
62 36 1
62 38 -1
62 40 1
62 43 1
62 44 1
62 47 1
62 48 1
62 55 1
62 56 1
62 57 1
62 63 1
62 64 1
62 65 1
62 67 1
62 70 1
63 1 1
63 2 1
63 3 1
63 6 1
63 7 1
63 8 1
63 11 1
63 12 1
63 14 1
63 16 1
63 17 1
63 20 1
63 22 -1
63 26 1
63 30 1
63 31 -1
63 33 1
63 38 -1
63 44 1
63 49 1
63 52 -1
63 53 1
63 54 1
63 55 1
63 56 -1
63 58 1
63 60 1
63 61 1
63 64 1
63 65 1
63 66 1
63 67 1
63 68 1
64 1 1
64 2 1
64 3 1
64 5 1
64 6 1
64 7 -1
64 8 -1
64 12 -1
64 15 1
64 16 1
64 17 1
64 20 1
64 24 -1
64 25 -1
64 29 1
64 34 1
64 35 1
64 36 -1
64 41 -1
64 42 1
64 43 1
64 44 1
64 45 1
64 47 1
64 49 1
64 50 1
64 53 1
64 57 1
64 58 1
64 66 1
64 70 1
65 1 1
65 6 1
65 10 1
65 12 -1
65 13 1
65 14 -1
65 16 1
65 18 1
65 21 1
65 22 1
65 23 1
65 27 1
65 29 1
65 33 1
65 34 1
65 35 1
65 36 1
65 39 1
65 42 1
65 45 1
65 46 1
65 49 1
65 50 1
65 52 1
65 53 1
65 55 1
65 58 -1
65 60 1
65 61 -1
65 64 -1
65 66 1
65 69 1
65 70 1
66 1 1
66 2 1
66 5 1
66 7 1
66 9 1
66 10 1
66 12 1
66 13 1
66 15 1
66 19 1
66 21 1
66 22 1
66 23 1
66 24 1
66 27 1
66 28 1
66 30 1
66 32 1
66 36 -1
66 39 -1
66 40 -1
66 42 1
66 43 1
66 44 1
66 49 1
66 50 1
66 52 1
66 54 1
66 55 1
66 62 1
66 67 1
66 69 1
66 70 1
67 3 1
67 4 -1
67 6 1
67 8 -1
67 9 -1
67 10 -1
67 11 1
67 12 1
67 13 1
67 18 1
67 21 1
67 26 1
67 28 1
67 29 1
67 30 1
67 34 1
67 35 1
67 36 1
67 37 1
67 38 1
67 40 1
67 45 1
67 48 1
67 50 1
67 51 1
67 52 1
67 53 -1
67 54 1
67 55 1
67 59 1
67 61 1
67 64 -1
67 65 -1
67 68 -1
67 69 1
67 70 1
68 1 1
68 2 1
68 6 1
68 8 1
68 12 1
68 14 1
68 18 1
68 22 -1
68 23 1
68 24 1
68 25 -1
68 26 -1
68 28 -1
68 29 1
68 30 1
68 31 1
68 33 1
68 35 1
68 41 1
68 42 1
68 44 -1
68 45 1
68 46 -1
68 47 1
68 49 1
68 50 -1
68 51 -1
68 56 1
68 57 -1
68 58 1
68 60 -1
68 62 1
68 64 -1
68 65 1
68 66 1
68 70 1
69 2 1
69 3 -1
69 5 1
69 7 1
69 8 -1
69 10 1
69 11 1
69 12 1
69 13 1
69 14 1
69 17 1
69 19 1
69 21 1
69 28 1
69 31 1
69 32 1
69 33 -1
69 36 1
69 39 1
69 40 1
69 44 1
69 45 1
69 46 1
69 48 1
69 52 1
69 53 1
69 55 -1
69 58 1
69 60 1
69 61 1
69 62 1
69 63 1
69 64 1
69 68 1
69 70 1
70 1 -1
70 4 1
70 5 -1
70 6 1
70 8 1
70 9 1
70 12 -1
70 17 1
70 18 1
70 19 1
70 21 1
70 22 1
70 23 1
70 25 1
70 26 1
70 29 1
70 30 1
70 34 1
70 35 1
70 38 1
70 41 1
70 43 -1
70 47 1
70 48 1
70 50 1
70 55 1
70 57 1
70 60 1
70 63 1
