vertices: 150 edges: 11175
1 5 1
1 6 -1
1 9 1
1 22 1
1 24 1
1 25 1
1 26 1
1 28 1
1 31 1
1 33 1
1 36 -1
1 37 1
1 38 1
1 39 1
1 40 -1
1 41 -1
1 42 1
1 46 1
1 47 1
1 48 1
1 52 -1
1 54 1
1 55 1
1 56 1
1 58 1
1 63 -1
1 64 1
1 65 1
1 66 1
1 69 -1
1 74 -1
1 79 1
1 81 1
1 83 1
1 86 1
1 88 1
1 89 -1
1 93 1
1 94 1
1 97 1
1 100 1
1 101 1
1 102 1
1 104 1
1 107 1
1 108 1
1 109 1
1 110 1
1 111 -1
1 112 1
1 113 1
1 114 1
1 117 1
1 118 1
1 119 -1
1 120 1
1 121 -1
1 122 1
1 123 -1
1 125 1
1 127 1
1 130 1
1 131 -1
1 133 1
1 134 -1
1 135 -1
1 137 1
1 139 1
1 142 -1
1 143 1
1 144 1
1 145 1
1 146 1
1 147 -1
1 148 1
1 149 1
1 150 1
2 1 1
2 3 1
2 5 1
2 7 1
2 9 1
2 11 1
2 12 -1
2 13 1
2 15 1
2 18 -1
2 20 1
2 21 1
2 24 1
2 25 -1
2 26 1
2 28 1
2 29 1
2 30 1
2 31 1
2 32 1
2 33 1
2 34 -1
2 35 1
2 36 1
2 37 1
2 39 1
2 43 1
2 45 -1
2 46 1
2 48 1
2 51 1
2 52 1
2 53 1
2 57 1
2 58 -1
2 59 1
2 63 1
2 64 1
2 65 1
2 68 1
2 70 -1
2 74 1
2 75 1
2 76 1
2 78 1
2 79 1
2 80 -1
2 82 1
2 84 -1
2 86 -1
2 88 1
2 89 1
2 91 1
2 94 1
2 96 1
2 99 1
2 100 1
2 103 1
2 108 1
2 109 1
2 112 1
2 113 1
2 115 -1
2 118 1
2 119 1
2 121 1
2 123 -1
2 124 1
2 126 1
2 127 1
2 128 1
2 129 1
2 130 -1
2 131 1
2 134 1
2 135 1
2 137 1
2 139 -1
2 140 1
2 141 1
2 143 1
2 145 -1
2 146 1
2 147 -1
3 1 1
3 4 -1
3 5 1
3 6 1
3 7 1
3 13 -1
3 14 1
3 16 1
3 17 1
3 19 -1
3 21 -1
3 22 1
3 26 -1
3 27 -1
3 28 -1
3 30 -1
3 34 1
3 35 1
3 39 1
3 40 -1
3 41 1
3 42 1
3 43 -1
3 45 -1
3 51 1
3 54 -1
3 57 1
3 58 1
3 60 1
3 61 1
3 62 1
3 64 1
3 66 1
3 67 1
3 69 1
3 71 1
3 74 1
3 76 -1
3 78 1
3 81 1
3 82 1
3 83 1
3 84 1
3 89 1
3 91 1
3 92 -1
3 93 1
3 94 -1
3 96 -1
3 97 1
3 102 1
3 104 1
3 105 1
3 109 1
3 110 1
3 113 1
3 114 1
3 116 1
3 117 1
3 120 -1
3 123 1
3 124 1
3 126 1
3 127 1
3 128 1
3 130 1
3 131 1
3 133 -1
3 139 1
3 140 -1
3 142 -1
3 146 1
3 147 1
3 148 1
3 150 1
4 1 -1
4 2 -1
4 6 1
4 7 1
4 12 1
4 14 1
4 15 1
4 21 1
4 22 1
4 23 1
4 26 1
4 27 1
4 28 1
4 30 1
4 31 1
4 33 -1
4 35 -1
4 37 1
4 40 1
4 43 1
4 45 1
4 46 1
4 49 1
4 51 1
4 55 1
4 56 1
4 58 1
4 59 -1
4 60 1
4 62 1
4 66 1
4 67 1
4 69 -1
4 72 1
4 75 1
4 77 1
4 79 1
4 80 -1
4 82 1
4 83 -1
4 86 -1
4 88 1
4 89 1
4 92 1
4 93 1
4 94 1
4 95 1
4 98 1
4 99 -1
4 100 1
4 102 -1
4 104 1
4 105 -1
4 109 1
4 110 1
4 113 -1
4 117 1
4 118 -1
4 119 1
4 121 1
4 124 1
4 125 1
4 128 1
4 130 1
4 133 1
4 134 1
4 140 1
4 143 -1
4 146 -1
4 147 1
4 149 1
4 150 1
5 4 -1
5 6 1
5 10 1
5 11 -1
5 12 1
5 13 1
5 14 1
5 22 1
5 24 1
5 25 1
5 28 -1
5 30 1
5 31 1
5 34 1
5 35 1
5 36 -1
5 37 1
5 41 -1
5 43 1
5 45 1
5 46 1
5 47 -1
5 48 1
5 53 1
5 54 1
5 55 1
5 58 1
5 60 1
5 61 1
5 62 1
5 66 1
5 67 -1
5 71 1
5 72 -1
5 74 1
5 75 1
5 76 1
5 77 1
5 80 1
5 82 1
5 83 1
5 84 1
5 85 1
5 86 1
5 88 1
5 91 -1
5 95 1
5 98 1
5 99 1
5 100 1
5 101 1
5 102 1
5 103 1
5 106 -1
5 107 1
5 108 1
5 109 1
5 110 1
5 112 1
5 113 1
5 115 1
5 117 -1
5 119 1
5 121 1
5 122 1
5 123 1
5 127 1
5 128 1
5 131 1
5 133 1
5 138 1
5 139 1
5 140 1
5 143 1
5 146 1
5 148 1
6 2 1
6 7 1
6 8 1
6 11 1
6 12 -1
6 13 1
6 14 1
6 16 -1
6 18 -1
6 19 1
6 20 1
6 21 1
6 23 1
6 24 1
6 26 1
6 27 1
6 29 1
6 32 -1
6 33 1
6 34 1
6 36 1
6 40 -1
6 43 1
6 44 1
6 46 1
6 47 1
6 49 1
6 50 1
6 51 1
6 52 1
6 55 1
6 56 1
6 57 1
6 58 -1
6 59 1
6 60 1
6 61 -1
6 62 1
6 64 1
6 66 1
6 69 1
6 71 1
6 72 1
6 73 -1
6 77 1
6 80 1
6 81 1
6 83 1
6 84 1
6 86 -1
6 89 1
6 91 1
6 92 1
6 96 1
6 99 1
6 100 1
6 105 1
6 107 1
6 109 1
6 111 1
6 114 1
6 115 -1
6 116 1
6 117 1
6 118 1
6 124 1
6 127 1
6 129 1
6 130 1
6 131 1
6 134 1
6 135 1
6 138 -1
6 140 1
6 142 1
6 143 -1
6 145 1
6 147 1
6 149 1
7 1 1
7 5 1
7 8 1
7 9 1
7 10 1
7 13 1
7 14 -1
7 17 1
7 18 1
7 20 1
7 21 1
7 23 1
7 24 1
7 25 1
7 26 1
7 27 -1
7 28 -1
7 30 1
7 31 -1
7 32 1
7 34 1
7 36 1
7 38 1
7 39 1
7 40 -1
7 41 -1
7 42 1
7 43 1
7 44 1
7 45 1
7 46 1
7 47 1
7 48 1
7 49 1
7 51 1
7 53 1
7 54 1
7 55 -1
7 59 1
7 60 1
7 67 1
7 72 1
7 73 1
7 78 1
7 79 1
7 80 -1
7 81 1
7 82 1
7 83 1
7 85 1
7 87 -1
7 91 1
7 93 1
7 96 -1
7 99 1
7 100 1
7 101 -1
7 102 1
7 103 1
7 104 1
7 105 -1
7 106 -1
7 107 1
7 109 1
7 111 1
7 112 -1
7 115 -1
7 116 -1
7 119 -1
7 124 1
7 126 1
7 127 1
7 128 1
7 129 1
7 130 -1
7 131 1
7 132 1
7 134 -1
7 135 1
7 136 -1
7 138 1
7 139 -1
7 141 1
7 142 1
7 144 -1
7 145 1
7 149 1
7 150 1
8 1 1
8 2 -1
8 3 1
8 4 1
8 5 1
8 10 -1
8 17 1
8 20 -1
8 21 1
8 22 1
8 24 1
8 25 1
8 27 1
8 28 1
8 29 1
8 30 1
8 33 1
8 35 1
8 38 1
8 40 1
8 45 1
8 46 -1
8 47 -1
8 48 1
8 49 1
8 50 1
8 53 1
8 54 1
8 55 1
8 56 1
8 58 -1
8 60 1
8 61 1
8 64 -1
8 65 -1
8 66 -1
8 67 1
8 68 -1
8 70 1
8 71 1
8 76 1
8 77 1
8 78 1
8 81 -1
8 86 1
8 88 1
8 89 1
8 91 1
8 92 1
8 94 1
8 96 1
8 97 1
8 99 1
8 100 1
8 101 1
8 104 1
8 105 1
8 107 1
8 109 1
8 112 -1
8 113 1
8 115 1
8 116 -1
8 117 1
8 120 1
8 123 1
8 125 1
8 126 1
8 127 1
8 129 1
8 130 1
8 131 1
8 132 -1
8 133 1
8 135 -1
8 136 -1
8 138 1
8 140 -1
8 141 -1
8 143 -1
8 149 1
8 150 1
9 3 1
9 4 1
9 5 1
9 6 1
9 8 1
9 10 1
9 11 1
9 13 1
9 15 1
9 16 -1
9 17 1
9 19 1
9 20 1
9 21 1
9 26 1
9 29 1
9 30 1
9 33 1
9 35 1
9 39 1
9 40 1
9 41 -1
9 43 1
9 45 1
9 46 1
9 52 1
9 53 1
9 54 1
9 56 1
9 58 1
9 60 1
9 61 -1
9 66 1
9 68 1
9 73 1
9 74 1
9 75 1
9 77 1
9 78 1
9 80 1
9 81 1
9 82 1
9 85 1
9 86 -1
9 87 1
9 88 1
9 89 1
9 91 -1
9 94 1
9 95 1
9 99 1
9 100 1
9 101 1
9 102 1
9 105 1
9 106 1
9 107 -1
9 110 1
9 111 1
9 113 1
9 114 -1
9 117 1
9 119 1
9 120 1
9 121 1
9 122 1
9 123 1
9 132 1
9 135 1
9 136 1
9 137 1
9 138 1
9 140 1
9 144 1
9 146 1
9 150 -1
10 1 1
10 2 1
10 3 1
10 4 1
10 6 1
10 14 -1
10 17 1
10 19 1
10 20 1
10 21 1
10 24 1
10 27 1
10 30 -1
10 33 1
10 34 1
10 37 1
10 41 1
10 42 1
10 43 1
10 44 -1
10 45 1
10 47 1
10 51 1
10 53 1
10 56 -1
10 57 1
10 58 1
10 59 -1
10 61 1
10 62 1
10 64 1
10 67 1
10 69 -1
10 70 1
10 71 1
10 73 -1
10 76 1
10 79 -1
10 82 1
10 83 1
10 84 1
10 86 1
10 87 1
10 89 1
10 90 1
10 92 1
10 93 -1
10 94 1
10 95 -1
10 98 1
10 101 1
10 104 1
10 107 1
10 108 1
10 110 1
10 115 1
10 116 1
10 118 1
10 119 1
10 121 1
10 123 -1
10 124 1
10 125 1
10 126 1
10 127 1
10 128 1
10 129 -1
10 132 1
10 133 1
10 135 1
10 137 1
10 138 1
10 140 1
10 141 1
10 143 1
10 146 -1
10 150 1
11 1 1
11 3 1
11 4 1
11 7 1
11 8 1
11 10 -1
11 12 -1
11 14 -1
11 15 1
11 16 1
11 17 1
11 18 1
11 20 1
11 21 1
11 24 1
11 29 1
11 30 1
11 35 1
11 36 1
11 42 -1
11 47 1
11 51 1
11 52 1
11 53 1
11 55 1
11 61 1
11 62 1
11 63 1
11 65 -1
11 68 1
11 69 1
11 70 1
11 71 1
11 73 1
11 74 1
11 75 -1
11 78 1
11 80 1
11 82 1
11 84 1
11 85 1
11 86 1
11 87 -1
11 88 -1
11 89 1
11 91 1
11 93 1
11 94 1
11 98 1
11 100 1
11 101 1
11 102 1
11 103 1
11 107 1
11 108 1
11 109 1
11 112 1
11 115 -1
11 117 1
11 118 1
11 120 1
11 121 -1
11 124 1
11 125 1
11 126 1
11 127 1
11 128 -1
11 133 -1
11 134 1
11 137 1
11 140 1
11 142 1
11 143 1
11 144 -1
11 146 1
11 149 1
12 1 1
12 3 -1
12 7 1
12 8 1
12 9 1
12 10 -1
12 14 1
12 16 1
12 18 -1
12 19 1
12 20 1
12 28 1
12 29 -1
12 30 1
12 31 -1
12 32 1
12 34 1
12 35 1
12 36 1
12 38 1
12 42 -1
12 43 1
12 45 1
12 46 1
12 48 -1
12 52 1
12 55 -1
12 56 1
12 57 1
12 58 1
12 59 1
12 61 1
12 64 -1
12 65 1
12 66 1
12 67 -1
12 68 1
12 71 1
12 72 1
12 73 1
12 75 -1
12 76 1
12 78 1
12 80 1
12 81 1
12 83 1
12 85 1
12 87 -1
12 88 1
12 90 1
12 91 -1
12 93 1
12 95 1
12 96 1
12 98 -1
12 100 -1
12 101 1
12 103 1
12 105 1
12 106 1
12 107 1
12 108 1
12 111 1
12 114 1
12 116 1
12 117 1
12 119 1
12 120 1
12 123 1
12 124 1
12 125 1
12 127 1
12 130 1
12 132 1
12 133 -1
12 136 1
12 137 1
12 140 -1
12 141 1
12 143 1
12 145 1
12 147 -1
12 148 1
12 149 1
12 150 1
13 1 -1
13 4 1
13 8 1
13 10 1
13 11 1
13 12 1
13 14 1
13 15 1
13 17 1
13 18 1
13 19 1
13 20 -1
13 22 1
13 23 1
13 24 -1
13 25 1
13 29 -1
13 31 1
13 32 1
13 35 1
13 36 1
13 37 1
13 38 1
13 39 1
13 41 1
13 43 1
13 45 1
13 48 -1
13 49 1
13 50 -1
13 51 1
13 54 1
13 57 -1
13 59 1
13 64 1
13 67 1
13 69 1
13 71 1
13 75 1
13 80 1
13 84 1
13 88 1
13 90 1
13 92 -1
13 93 1
13 96 1
13 97 1
13 98 1
13 101 1
13 102 1
13 103 -1
13 106 -1
13 109 1
13 110 1
13 114 1
13 116 1
13 118 1
13 119 1
13 120 1
13 122 1
13 125 1
13 127 1
13 130 1
13 131 1
13 134 1
13 135 1
13 139 1
13 141 -1
13 142 -1
13 146 1
13 147 1
13 148 -1
13 149 1
13 150 1
14 1 -1
14 2 1
14 8 1
14 9 1
14 15 1
14 16 1
14 18 1
14 19 1
14 20 1
14 21 -1
14 27 1
14 28 1
14 29 1
14 30 1
14 32 1
14 33 1
14 34 1
14 35 1
14 36 1
14 38 1
14 39 -1
14 40 1
14 41 1
14 42 1
14 43 -1
14 44 -1
14 47 1
14 49 1
14 51 1
14 52 1
14 53 1
14 56 1
14 58 1
14 61 -1
14 63 1
14 68 -1
14 71 1
14 73 1
14 74 -1
14 77 1
14 83 1
14 84 -1
14 85 1
14 87 1
14 88 1
14 90 1
14 94 1
14 95 -1
14 96 1
14 97 1
14 104 1
14 105 1
14 106 1
14 113 1
14 115 -1
14 116 1
14 117 1
14 120 1
14 122 1
14 124 1
14 125 1
14 128 1
14 129 1
14 130 1
14 132 -1
14 133 -1
14 134 1
14 136 -1
14 137 -1
14 138 1
14 139 1
14 143 1
14 145 -1
15 1 1
15 3 1
15 5 1
15 6 1
15 7 1
15 8 1
15 10 1
15 12 1
15 18 1
15 19 -1
15 23 -1
15 27 -1
15 29 1
15 30 1
15 33 1
15 34 1
15 36 1
15 41 -1
15 42 1
15 44 1
15 46 1
15 47 1
15 50 1
15 53 1
15 56 -1
15 59 -1
15 64 1
15 68 1
15 70 1
15 78 1
15 81 1
15 82 1
15 88 1
15 92 1
15 93 1
15 95 1
15 96 1
15 99 -1
15 102 1
15 104 1
15 106 1
15 107 1
15 108 1
15 109 1
15 110 1
15 111 1
15 112 1
15 114 1
15 115 1
15 116 1
15 117 -1
15 119 1
15 123 1
15 125 -1
15 127 1
15 129 1
15 134 1
15 139 1
15 140 1
15 145 1
15 146 1
15 147 1
15 148 1
15 149 -1
16 1 -1
16 2 1
16 4 1
16 5 1
16 7 1
16 8 1
16 10 1
16 13 1
16 15 1
16 19 1
16 20 1
16 21 1
16 25 1
16 32 1
16 33 1
16 34 1
16 35 -1
16 36 1
16 38 1
16 40 1
16 42 -1
16 43 1
16 44 1
16 45 -1
16 46 1
16 47 1
16 48 1
16 51 1
16 53 -1
16 54 -1
16 56 1
16 57 1
16 58 -1
16 60 1
16 61 1
16 62 1
16 63 1
16 64 1
16 66 -1
16 70 1
16 71 1
16 72 1
16 75 1
16 77 1
16 79 1
16 81 1
16 82 1
16 85 1
16 94 1
16 99 1
16 100 1
16 101 -1
16 102 1
16 103 1
16 104 -1
16 105 1
16 111 -1
16 113 1
16 114 1
16 116 -1
16 117 1
16 118 1
16 119 1
16 120 1
16 121 1
16 122 1
16 123 -1
16 124 1
16 125 1
16 127 1
16 128 1
16 131 1
16 133 1
16 137 1
16 139 1
16 141 1
16 144 1
16 147 -1
16 148 -1
16 150 1
17 1 1
17 2 -1
17 4 1
17 5 1
17 6 1
17 12 -1
17 14 1
17 15 1
17 16 1
17 18 1
17 19 1
17 20 1
17 22 1
17 23 1
17 24 1
17 28 1
17 33 -1
17 37 -1
17 39 1
17 40 1
17 44 -1
17 45 1
17 46 1
17 51 1
17 52 -1
17 53 1
17 55 1
17 57 1
17 60 -1
17 62 1
17 64 1
17 66 1
17 68 -1
17 69 1
17 72 1
17 75 1
17 77 1
17 79 1
17 84 -1
17 86 1
17 88 1
17 89 1
17 93 1
17 95 1
17 100 1
17 103 1
17 104 1
17 105 1
17 106 1
17 110 1
17 112 1
17 113 1
17 116 1
17 117 1
17 121 1
17 122 1
17 123 -1
17 124 1
17 126 1
17 129 1
17 130 -1
17 132 1
17 134 -1
17 137 1
17 138 -1
17 140 1
17 141 1
17 142 1
17 147 1
17 150 1
18 1 1
18 3 1
18 4 1
18 5 1
18 8 -1
18 9 1
18 10 1
18 16 1
18 20 1
18 22 1
18 24 1
18 25 -1
18 26 1
18 28 -1
18 29 1
18 33 1
18 34 1
18 37 -1
18 38 1
18 40 1
18 42 1
18 44 1
18 45 1
18 48 1
18 52 1
18 56 1
18 58 1
18 63 1
18 65 1
18 66 1
18 69 -1
18 70 1
18 75 1
18 76 1
18 77 1
18 82 1
18 84 1
18 85 1
18 86 1
18 90 1
18 91 1
18 92 1
18 96 1
18 102 1
18 103 1
18 104 1
18 106 1
18 109 1
18 111 -1
18 112 1
18 113 -1
18 116 1
18 119 1
18 120 1
18 121 1
18 123 1
18 128 1
18 130 1
18 131 1
18 132 1
18 133 1
18 134 1
18 135 1
18 136 -1
18 138 1
18 139 1
18 140 1
18 144 -1
18 145 -1
18 146 1
18 149 1
19 1 1
19 2 1
19 4 1
19 5 -1
19 7 -1
19 8 1
19 11 -1
19 18 1
19 20 1
19 22 1
19 26 1
19 29 1
19 32 1
19 35 1
19 36 -1
19 38 1
19 39 1
19 43 1
19 47 1
19 48 1
19 52 1
19 53 1
19 54 1
19 56 -1
19 58 -1
19 59 1
19 60 1
19 63 1
19 64 1
19 65 1
19 67 1
19 71 1
19 74 1
19 75 1
19 78 1
19 80 1
19 82 1
19 85 1
19 88 -1
19 89 1
19 90 1
19 92 1
19 93 1
19 95 1
19 96 1
19 98 1
19 101 1
19 103 1
19 104 1
19 105 1
19 106 1
19 108 1
19 113 1
19 116 -1
19 118 1
19 119 1
19 121 1
19 122 -1
19 124 -1
19 126 1
19 130 1
19 133 1
19 136 1
19 137 1
19 138 1
19 139 1
19 141 1
19 143 1
19 146 1
19 147 1
19 148 1
19 149 1
19 150 1
20 1 1
20 3 1
20 4 1
20 5 1
20 15 1
20 23 1
20 24 1
20 26 -1
20 27 -1
20 28 1
20 29 1
20 30 1
20 31 1
20 32 -1
20 33 1
20 36 1
20 41 1
20 42 1
20 43 1
20 44 -1
20 48 1
20 50 1
20 51 1
20 53 1
20 54 1
20 57 1
20 60 1
20 63 1
20 64 1
20 67 1
20 68 1
20 69 1
20 70 1
20 72 1
20 73 1
20 74 1
20 75 -1
20 76 1
20 78 1
20 79 1
20 80 -1
20 83 1
20 85 1
20 88 1
20 89 1
20 90 1
20 92 1
20 93 1
20 94 1
20 95 -1
20 96 1
20 100 -1
20 101 1
20 103 1
20 106 1
20 109 1
20 110 1
20 111 1
20 112 1
20 114 -1
20 115 1
20 118 1
20 126 1
20 127 1
20 130 -1
20 133 1
20 135 1
20 137 1
20 139 1
20 141 1
20 142 1
20 145 1
20 147 1
21 1 -1
21 5 1
21 12 1
21 13 1
21 15 -1
21 17 1
21 18 1
21 19 1
21 20 1
21 23 1
21 24 1
21 25 1
21 26 -1
21 27 -1
21 31 1
21 32 1
21 33 1
21 34 1
21 42 1
21 44 -1
21 45 1
21 48 -1
21 50 1
21 51 1
21 53 1
21 55 1
21 56 1
21 59 1
21 60 -1
21 61 -1
21 62 1
21 63 1
21 64 1
21 67 1
21 68 -1
21 69 -1
21 71 -1
21 73 1
21 75 1
21 77 1
21 78 -1
21 79 1
21 83 1
21 84 1
21 85 1
21 90 1
21 91 1
21 94 1
21 95 1
21 96 1
21 97 -1
21 98 1
21 100 1
21 101 1
21 102 1
21 112 -1
21 113 1
21 114 1
21 115 1
21 118 1
21 119 1
21 122 1
21 123 1
21 124 -1
21 125 -1
21 127 1
21 130 1
21 131 1
21 132 -1
21 138 -1
21 141 1
21 142 1
21 143 1
21 146 1
21 148 1
22 2 1
22 6 -1
22 7 1
22 9 1
22 10 1
22 11 -1
22 12 -1
22 14 1
22 15 -1
22 16 1
22 20 1
22 21 1
22 23 -1
22 25 1
22 31 1
22 33 1
22 34 -1
22 39 1
22 42 1
22 44 -1
22 47 1
22 51 1
22 55 1
22 56 1
22 61 -1
22 63 -1
22 65 1
22 66 1
22 67 1
22 68 1
22 69 -1
22 73 1
22 75 1
22 76 1
22 77 1
22 78 1
22 81 1
22 87 1
22 89 -1
22 90 1
22 93 1
22 94 1
22 95 1
22 98 1
22 99 1
22 100 1
22 101 1
22 102 1
22 103 1
22 104 1
22 107 -1
22 112 -1
22 113 1
22 115 1
22 118 1
22 119 1
22 120 1
22 121 1
22 124 1
22 126 1
22 127 1
22 130 1
22 131 1
22 132 1
22 133 -1
22 137 1
22 138 1
22 140 1
22 141 -1
22 142 1
22 145 -1
22 146 1
22 148 -1
23 1 -1
23 2 -1
23 3 1
23 5 1
23 8 1
23 9 1
23 10 1
23 11 1
23 12 1
23 14 -1
23 16 1
23 18 1
23 19 -1
23 25 -1
23 27 1
23 28 -1
23 29 1
23 32 1
23 34 1
23 35 1
23 37 1
23 38 -1
23 42 1
23 44 1
23 45 1
23 46 1
23 47 -1
23 48 1
23 49 1
23 51 -1
23 54 -1
23 56 1
23 58 -1
23 63 1
23 66 -1
23 70 1
23 71 1
23 72 1
23 73 1
23 75 -1
23 77 1
23 79 1
23 80 1
23 83 1
23 86 1
23 89 1
23 91 1
23 92 1
23 93 -1
23 94 1
23 95 1
23 96 -1
23 97 1
23 98 -1
23 99 1
23 101 -1
23 102 1
23 105 -1
23 107 1
23 109 1
23 110 1
23 112 1
23 115 1
23 121 1
23 124 -1
23 129 -1
23 132 1
23 133 1
23 135 1
23 137 -1
23 138 1
23 140 1
23 142 -1
23 143 1
23 145 1
23 146 1
23 147 1
23 150 1
24 3 -1
24 4 1
24 9 -1
24 12 1
24 14 1
24 15 1
24 16 1
24 19 1
24 22 1
24 23 1
24 25 -1
24 28 -1
24 29 1
24 36 1
24 37 1
24 38 1
24 45 1
24 46 1
24 47 -1
24 50 -1
24 51 1
24 54 1
24 55 -1
24 58 1
24 62 -1
24 63 1
24 65 -1
24 69 1
24 70 1
24 72 1
24 73 1
24 74 1
24 77 1
24 82 -1
24 89 1
24 90 1
24 92 -1
24 98 1
24 101 1
24 102 1
24 104 1
24 105 1
24 106 1
24 109 1
24 110 1
24 111 1
24 112 -1
24 115 1
24 124 1
24 125 1
24 126 1
24 127 -1
24 131 -1
24 132 1
24 135 1
24 141 1
24 143 1
24 145 1
24 149 -1
25 3 1
25 4 1
25 6 1
25 9 1
25 10 1
25 11 1
25 12 1
25 14 1
25 15 1
25 17 -1
25 19 1
25 20 1
25 27 1
25 29 1
25 33 1
25 35 1
25 37 1
25 38 1
25 40 -1
25 42 -1
25 43 1
25 45 1
25 46 1
25 47 1
25 49 -1
25 50 1
25 51 1
25 52 1
25 56 -1
25 57 1
25 59 1
25 60 -1
25 61 1
25 64 1
25 66 1
25 70 1
25 71 -1
25 75 1
25 77 1
25 82 1
25 89 1
25 90 -1
25 91 -1
25 92 -1
25 93 1
25 99 1
25 101 1
25 105 -1
25 107 -1
25 109 1
25 112 1
25 113 1
25 115 1
25 120 1
25 121 1
25 122 -1
25 123 1
25 125 1
25 128 1
25 132 1
25 138 1
25 139 1
25 141 1
25 142 1
25 147 -1
25 148 -1
26 5 1
26 8 1
26 10 1
26 11 1
26 12 1
26 13 -1
26 14 1
26 15 1
26 16 1
26 17 -1
26 22 1
26 23 1
26 24 -1
26 25 1
26 27 1
26 29 1
26 30 1
26 32 1
26 33 -1
26 34 1
26 35 1
26 37 1
26 39 1
26 40 1
26 47 1
26 48 -1
26 53 1
26 54 1
26 55 1
26 56 1
26 57 1
26 58 1
26 59 -1
26 60 1
26 61 1
26 63 1
26 66 1
26 67 1
26 69 1
26 72 -1
26 76 1
26 80 1
26 81 -1
26 84 1
26 86 1
26 87 1
26 88 1
26 92 -1
26 96 1
26 97 1
26 101 1
26 102 1
26 103 1
26 104 1
26 106 1
26 107 1
26 109 1
26 110 -1
26 111 1
26 112 1
26 113 -1
26 116 1
26 117 1
26 121 1
26 122 1
26 126 1
26 127 1
26 130 1
26 131 1
26 132 1
26 135 -1
26 136 1
26 138 1
26 139 1
26 146 1
26 147 -1
26 148 1
27 1 1
27 2 1
27 5 1
27 9 1
27 11 -1
27 12 1
27 13 1
27 16 -1
27 17 1
27 18 1
27 19 1
27 22 1
27 24 -1
27 29 1
27 31 1
27 34 -1
27 35 1
27 38 1
27 39 1
27 45 -1
27 48 1
27 49 1
27 51 1
27 54 -1
27 55 1
27 58 1
27 60 1
27 61 1
27 65 -1
27 66 1
27 67 1
27 68 1
27 72 1
27 73 -1
27 75 1
27 76 1
27 80 1
27 81 -1
27 83 1
27 90 1
27 92 1
27 94 -1
27 96 1
27 98 1
27 100 1
27 102 1
27 104 1
27 105 1
27 108 1
27 109 1
27 113 1
27 114 1
27 117 1
27 119 1
27 120 1
27 122 1
27 123 1
27 125 1
27 126 1
27 128 1
27 129 1
27 130 1
27 132 1
27 134 -1
27 135 1
27 136 1
27 139 1
27 141 1
27 144 1
27 147 1
27 148 1
27 149 1
27 150 1
28 6 1
28 9 1
28 10 1
28 11 1
28 13 1
28 15 1
28 16 1
28 19 1
28 21 -1
28 22 1
28 25 1
28 26 1
28 27 1
28 29 1
28 30 -1
28 31 1
28 32 1
28 34 1
28 35 -1
28 37 1
28 39 1
28 42 -1
28 43 -1
28 45 1
28 46 1
28 48 1
28 50 -1
28 55 -1
28 57 1
28 58 1
28 60 1
28 61 -1
28 64 -1
28 68 1
28 70 1
28 71 1
28 75 -1
28 76 1
28 78 1
28 83 -1
28 85 -1
28 87 -1
28 89 1
28 90 1
28 91 1
28 97 1
28 99 1
28 100 1
28 101 -1
28 102 -1
28 103 -1
28 105 1
28 107 1
28 109 1
28 114 -1
28 116 1
28 119 1
28 125 1
28 126 -1
28 128 1
28 129 -1
28 131 1
28 132 1
28 133 1
28 134 -1
28 135 1
28 137 1
28 138 -1
28 139 1
28 140 1
28 144 1
28 145 -1
28 146 1
29 1 1
29 3 1
29 4 -1
29 5 1
29 7 1
29 10 1
29 16 1
29 17 1
29 21 1
29 22 1
29 30 1
29 33 -1
29 35 1
29 36 1
29 38 -1
29 39 1
29 42 -1
29 44 1
29 46 1
29 47 1
29 48 -1
29 49 1
29 50 1
29 54 1
29 55 1
29 56 -1
29 59 1
29 61 1
29 63 1
29 64 1
29 68 -1
29 71 1
29 72 1
29 74 1
29 77 1
29 78 1
29 79 1
29 80 1
29 81 1
29 83 1
29 85 -1
29 86 1
29 87 -1
29 89 1
29 91 -1
29 92 1
29 93 1
29 94 -1
29 95 -1
29 96 1
29 100 1
29 101 -1
29 103 1
29 107 -1
29 108 1
29 111 1
29 114 1
29 116 -1
29 117 1
29 118 1
29 119 1
29 120 1
29 124 1
29 125 1
29 127 -1
29 128 1
29 129 1
29 135 1
29 136 -1
29 138 1
29 139 1
29 140 1
29 141 -1
29 142 -1
29 143 1
29 144 1
29 146 1
29 148 1
29 150 1
30 1 1
30 6 1
30 13 1
30 16 -1
30 17 -1
30 18 1
30 19 1
30 21 1
30 22 1
30 23 1
30 24 1
30 25 1
30 27 1
30 33 -1
30 35 1
30 37 1
30 39 -1
30 41 1
30 42 1
30 44 1
30 45 1
30 46 -1
30 49 1
30 50 1
30 53 1
30 54 1
30 56 1
30 58 1
30 59 1
30 62 1
30 63 1
30 64 1
30 65 1
30 67 1
30 68 1
30 69 1
30 73 1
30 75 1
30 76 1
30 77 1
30 79 1
30 81 1
30 86 -1
30 87 1
30 90 1
30 91 -1
30 92 1
30 94 1
30 95 -1
30 99 1
30 100 1
30 101 1
30 102 1
30 103 1
30 106 -1
30 107 1
30 109 1
30 112 1
30 113 1
30 117 1
30 120 1
30 121 1
30 122 1
30 123 1
30 124 1
30 126 1
30 127 1
30 128 1
30 129 1
30 131 -1
30 132 1
30 133 1
30 134 -1
30 135 1
30 137 1
30 139 1
30 140 1
30 141 1
30 143 1
30 145 1
30 148 1
31 3 1
31 6 -1
31 8 1
31 9 1
31 10 -1
31 11 -1
31 14 1
31 15 -1
31 16 1
31 17 -1
31 18 1
31 19 -1
31 23 1
31 24 1
31 25 1
31 26 1
31 29 1
31 30 1
31 32 1
31 33 1
31 35 1
31 36 -1
31 38 1
31 40 1
31 42 1
31 43 1
31 45 1
31 46 1
31 47 1
31 48 1
31 50 -1
31 53 1
31 56 1
31 57 1
31 59 1
31 63 1
31 67 1
31 68 1
31 70 1
31 71 -1
31 75 1
31 76 1
31 78 -1
31 80 -1
31 82 1
31 83 -1
31 84 1
31 87 1
31 89 1
31 90 1
31 91 1
31 92 -1
31 93 1
31 94 -1
31 96 1
31 102 -1
31 103 -1
31 104 1
31 107 1
31 112 1
31 116 1
31 117 -1
31 119 -1
31 120 1
31 121 1
31 123 1
31 124 1
31 127 1
31 129 1
31 130 1
31 131 1
31 133 1
31 135 1
31 137 1
31 139 1
31 141 -1
31 142 1
31 143 1
31 146 1
31 147 -1
31 148 -1
31 149 1
32 1 -1
32 3 1
32 4 1
32 5 1
32 8 1
32 9 1
32 10 1
32 11 1
32 15 -1
32 17 1
32 18 1
32 22 1
32 24 1
32 25 1
32 27 1
32 29 1
32 30 1
32 36 -1
32 38 1
32 39 1
32 40 -1
32 44 1
32 45 -1
32 48 1
32 49 -1
32 50 1
32 53 -1
32 56 1
32 57 1
32 58 -1
32 59 1
32 64 1
32 65 1
32 66 1
32 67 1
32 68 1
32 69 -1
32 72 1
32 74 1
32 76 1
32 78 1
32 80 -1
32 81 1
32 82 1
32 86 1
32 88 1
32 89 1
32 90 1
32 91 1
32 94 1
32 97 1
32 98 1
32 100 1
32 102 1
32 103 1
32 104 1
32 105 1
32 106 1
32 107 -1
32 109 1
32 110 1
32 112 1
32 114 1
32 115 1
32 116 -1
32 119 1
32 121 1
32 125 1
32 127 -1
32 130 -1
32 131 1
32 132 1
32 133 1
32 134 1
32 139 1
32 142 1
32 144 1
32 145 -1
32 146 1
32 147 1
32 148 1
33 3 1
33 5 1
33 7 1
33 11 1
33 12 1
33 13 1
33 19 -1
33 23 -1
33 24 1
33 27 1
33 28 1
33 32 1
33 35 1
33 36 1
33 39 1
33 42 -1
33 46 1
33 50 1
33 51 1
33 53 1
33 58 1
33 59 1
33 60 -1
33 62 -1
33 63 -1
33 64 -1
33 65 1
33 70 1
33 71 1
33 72 1
33 73 1
33 76 1
33 77 1
33 80 -1
33 82 1
33 84 1
33 87 1
33 89 1
33 90 -1
33 93 -1
33 94 1
33 95 1
33 96 1
33 97 1
33 98 1
33 101 1
33 102 1
33 103 1
33 104 -1
33 105 1
33 107 -1
33 108 1
33 111 1
33 116 1
33 117 1
33 118 1
33 124 1
33 125 1
33 126 1
33 129 -1
33 130 1
33 131 1
33 132 1
33 133 -1
33 135 1
33 136 1
33 138 1
33 143 1
33 145 -1
33 146 1
33 148 1
33 149 1
34 1 1
34 4 1
34 8 -1
34 9 1
34 11 1
34 13 -1
34 17 1
34 19 1
34 20 1
34 24 1
34 25 -1
34 29 1
34 30 1
34 31 -1
34 32 1
34 33 1
34 38 1
34 40 1
34 41 1
34 42 1
34 43 1
34 44 1
34 48 1
34 49 1
34 51 1
34 53 -1
34 56 1
34 57 1
34 58 1
34 59 -1
34 60 1
34 62 1
34 63 1
34 66 -1
34 67 1
34 68 1
34 69 -1
34 73 1
34 74 -1
34 77 1
34 78 1
34 79 -1
34 80 1
34 82 1
34 83 1
34 84 -1
34 87 1
34 90 1
34 92 1
34 98 1
34 99 1
34 100 1
34 102 -1
34 103 1
34 105 -1
34 106 -1
34 107 1
34 108 1
34 109 1
34 113 1
34 115 1
34 116 1
34 118 1
34 124 1
34 126 -1
34 128 1
34 129 1
34 132 1
34 133 1
34 134 1
34 139 1
34 141 1
34 148 -1
34 149 1
34 150 -1
35 1 1
35 6 1
35 7 1
35 10 1
35 15 1
35 17 -1
35 18 1
35 20 1
35 21 1
35 22 1
35 24 1
35 32 1
35 34 1
35 36 1
35 37 1
35 39 1
35 41 1
35 42 1
35 44 1
35 47 1
35 48 -1
35 52 1
35 53 -1
35 56 -1
35 62 1
35 63 1
35 65 1
35 66 1
35 72 -1
35 73 1
35 76 1
35 78 -1
35 79 1
35 81 1
35 85 1
35 87 -1
35 88 1
35 90 1
35 91 1
35 92 1
35 93 1
35 94 1
35 95 1
35 96 -1
35 97 1
35 100 1
35 104 -1
35 106 1
35 108 -1
35 109 1
35 110 1
35 111 1
35 114 1
35 116 -1
35 118 1
35 120 -1
35 121 1
35 123 1
35 125 1
35 126 1
35 127 1
35 129 1
35 130 1
35 132 -1
35 133 1
35 136 1
35 138 1
35 139 1
35 141 1
35 146 -1
35 147 1
36 3 1
36 4 1
36 8 -1
36 9 1
36 10 1
36 17 1
36 18 1
36 21 1
36 22 1
36 23 1
36 25 1
36 26 -1
36 27 1
36 28 1
36 30 -1
36 34 1
36 37 1
36 38 1
36 42 1
36 43 1
36 45 1
36 47 1
36 48 1
36 49 -1
36 50 1
36 53 1
36 54 1
36 55 1
36 57 1
36 58 1
36 61 -1
36 64 1
36 65 1
36 68 1
36 69 1
36 71 1
36 72 1
36 75 1
36 76 1
36 77 1
36 78 -1
36 79 1
36 80 -1
36 81 1
36 82 1
36 84 -1
36 87 1
36 89 -1
36 91 1
36 92 -1
36 94 1
36 96 1
36 98 -1
36 99 -1
36 105 1
36 108 1
36 112 1
36 113 1
36 120 1
36 124 1
36 125 1
36 126 1
36 128 -1
36 129 1
36 133 -1
36 134 1
36 138 -1
36 141 1
36 142 1
36 144 1
36 146 1
36 148 1
37 3 1
37 6 1
37 7 1
37 8 1
37 9 1
37 11 -1
37 12 1
37 14 1
37 15 1
37 16 1
37 19 1
37 20 1
37 21 -1
37 22 1
37 27 1
37 29 -1
37 31 1
37 32 -1
37 33 1
37 34 1
37 38 1
37 41 1
37 43 1
37 44 1
37 46 1
37 47 1
37 51 1
37 52 1
37 53 1
37 55 1
37 56 1
37 57 -1
37 58 -1
37 60 -1
37 61 1
37 64 1
37 65 1
37 72 1
37 77 1
37 80 1
37 81 1
37 84 1
37 87 -1
37 90 1
37 92 1
37 95 1
37 96 -1
37 98 -1
37 99 1
37 100 -1
37 101 1
37 104 1
37 105 -1
37 109 1
37 111 1
37 112 -1
37 113 1
37 114 1
37 118 1
37 119 1
37 120 -1
37 122 1
37 123 1
37 125 1
37 127 1
37 130 1
37 131 1
37 132 1
37 133 1
37 134 1
37 135 -1
37 138 1
37 140 1
37 141 1
37 143 -1
37 145 1
37 146 -1
37 147 1
37 149 1
38 2 1
38 3 -1
38 4 1
38 5 1
38 6 1
38 9 -1
38 10 1
38 11 1
38 15 1
38 17 1
38 20 1
38 21 1
38 22 1
38 26 1
38 28 -1
38 30 -1
38 33 1
38 35 1
38 39 -1
38 40 1
38 43 1
38 46 -1
38 49 1
38 51 -1
38 53 1
38 54 1
38 55 1
38 56 1
38 59 1
38 61 1
38 62 1
38 63 -1
38 64 1
38 65 1
38 66 1
38 69 1
38 70 1
38 71 1
38 73 -1
38 74 -1
38 75 1
38 76 1
38 77 -1
38 79 1
38 80 1
38 81 1
38 82 1
38 85 1
38 86 1
38 87 -1
38 90 1
38 91 1
38 93 1
38 94 1
38 96 -1
38 98 1
38 99 1
38 103 1
38 104 -1
38 105 -1
38 106 1
38 107 1
38 108 1
38 109 1
38 114 1
38 116 1
38 117 -1
38 118 1
38 119 1
38 121 -1
38 122 1
38 124 1
38 125 1
38 127 1
38 128 1
38 130 1
38 131 -1
38 134 1
38 136 1
38 140 1
38 141 1
38 143 1
38 146 1
38 147 1
38 149 1
38 150 1
39 4 -1
39 5 -1
39 6 1
39 8 1
39 10 1
39 11 -1
39 12 1
39 15 1
39 16 1
39 18 1
39 20 -1
39 21 1
39 23 -1
39 24 -1
39 25 1
39 31 1
39 34 -1
39 36 1
39 37 1
39 41 1
39 42 1
39 45 -1
39 47 1
39 50 -1
39 51 -1
39 53 1
39 54 1
39 55 1
39 56 1
39 57 1
39 58 1
39 60 1
39 62 1
39 64 1
39 66 1
39 68 1
39 69 1
39 75 -1
39 78 1
39 80 1
39 81 1
39 83 1
39 84 1
39 86 1
39 88 1
39 92 1
39 93 1
39 96 1
39 97 -1
39 98 1
39 100 -1
39 102 1
39 104 1
39 105 1
39 108 1
39 109 1
39 110 1
39 115 1
39 120 1
39 121 -1
39 122 -1
39 123 1
39 124 1
39 126 1
39 128 1
39 134 1
39 137 -1
39 138 -1
39 139 1
39 141 -1
39 142 1
39 148 1
40 2 -1
40 5 1
40 10 1
40 11 1
40 12 1
40 13 -1
40 15 1
40 19 -1
40 20 1
40 21 1
40 22 -1
40 23 1
40 24 1
40 27 -1
40 28 1
40 29 1
40 30 1
40 33 1
40 35 1
40 36 1
40 37 1
40 39 -1
40 41 1
40 45 -1
40 46 -1
40 52 1
40 53 1
40 54 1
40 59 -1
40 63 1
40 64 1
40 65 1
40 67 1
40 71 1
40 72 1
40 73 1
40 76 1
40 78 1
40 80 1
40 82 1
40 83 1
40 87 1
40 88 1
40 89 1
40 91 -1
40 92 1
40 93 -1
40 95 1
40 99 1
40 100 1
40 102 -1
40 103 1
40 104 1
40 105 1
40 107 1
40 112 1
40 114 1
40 116 1
40 118 -1
40 122 1
40 123 1
40 125 -1
40 126 1
40 129 1
40 130 -1
40 131 -1
40 133 1
40 138 -1
40 142 -1
40 143 -1
40 145 1
40 146 -1
40 148 1
41 2 -1
41 4 1
41 6 1
41 8 -1
41 11 1
41 12 -1
41 16 1
41 17 1
41 18 1
41 19 1
41 21 1
41 22 1
41 23 1
41 24 1
41 25 1
41 26 -1
41 27 1
41 28 1
41 29 -1
41 31 1
41 32 1
41 33 -1
41 36 1
41 38 1
41 50 1
41 52 -1
41 53 1
41 54 1
41 55 1
41 56 1
41 58 1
41 59 1
41 61 1
41 64 1
41 65 1
41 66 1
41 72 -1
41 73 1
41 75 -1
41 81 1
41 82 -1
41 83 1
41 85 1
41 86 1
41 88 1
41 89 1
41 91 1
41 94 1
41 101 -1
41 102 1
41 104 1
41 108 1
41 110 1
41 111 1
41 112 1
41 113 1
41 116 1
41 117 1
41 118 1
41 119 -1
41 133 1
41 134 1
41 135 -1
41 138 1
41 140 -1
41 144 1
41 145 1
41 150 1
42 2 1
42 4 1
42 5 1
42 6 1
42 8 1
42 9 -1
42 13 -1
42 17 1
42 19 1
42 24 -1
42 26 1
42 27 1
42 32 -1
42 37 1
42 38 1
42 40 1
42 41 1
42 43 1
42 44 1
42 49 -1
42 50 1
42 51 1
42 52 1
42 53 1
42 54 1
42 58 -1
42 59 -1
42 62 -1
42 65 1
42 67 1
42 68 1
42 70 1
42 71 1
42 74 1
42 76 1
42 78 -1
42 79 1
42 80 1
42 81 -1
42 82 1
42 83 -1
42 87 1
42 91 1
42 94 1
42 95 1
42 97 1
42 98 1
42 99 1
42 100 1
42 101 1
42 102 1
42 103 -1
42 104 -1
42 105 1
42 107 1
42 108 1
42 109 1
42 110 1
42 114 1
42 115 1
42 116 1
42 120 1
42 121 -1
42 122 1
42 124 -1
42 126 1
42 127 1
42 128 1
42 130 1
42 131 -1
42 137 1
42 138 1
42 139 1
42 140 1
42 141 1
42 143 -1
42 144 1
42 145 1
42 146 1
42 147 -1
42 148 1
43 1 1
43 8 1
43 11 1
43 15 1
43 17 1
43 18 1
43 21 1
43 22 1
43 23 1
43 24 1
43 26 1
43 27 -1
43 29 1
43 30 1
43 32 1
43 33 1
43 35 1
43 39 1
43 40 1
43 41 1
43 46 1
43 51 1
43 54 1
43 55 1
43 56 1
43 59 1
43 61 1
43 64 1
43 65 1
43 66 -1
43 67 1
43 69 1
43 71 1
43 72 1
43 73 -1
43 76 -1
43 77 1
43 80 1
43 82 1
43 83 1
43 85 1
43 86 -1
43 87 -1
43 92 1
43 93 1
43 95 1
43 96 1
43 98 1
43 101 1
43 102 1
43 106 1
43 107 -1
43 109 1
43 111 1
43 112 1
43 113 1
43 115 1
43 117 -1
43 119 1
43 121 1
43 123 1
43 124 1
43 125 1
43 126 1
43 127 1
43 131 1
43 133 1
43 135 1
43 137 1
43 139 1
43 143 1
43 146 1
43 150 1
44 1 1
44 2 1
44 3 1
44 4 1
44 5 1
44 8 -1
44 9 -1
44 11 -1
44 12 1
44 13 1
44 19 1
44 24 1
44 25 1
44 26 1
44 27 1
44 28 1
44 31 1
44 33 1
44 36 -1
44 38 -1
44 39 1
44 40 1
44 41 1
44 43 -1
44 45 1
44 46 1
44 48 1
44 49 1
44 51 1
44 55 1
44 56 1
44 58 1
44 62 -1
44 64 1
44 67 -1
44 68 1
44 75 1
44 76 1
44 78 1
44 79 1
44 83 1
44 86 1
44 88 -1
44 93 -1
44 94 1
44 99 1
44 100 1
44 101 1
44 105 1
44 107 1
44 108 1
44 112 1
44 115 1
44 116 1
44 118 1
44 119 1
44 120 1
44 121 1
44 123 -1
44 124 1
44 127 1
44 128 1
44 129 1
44 130 1
44 131 1
44 134 1
44 135 1
44 137 1
44 138 -1
44 139 1
44 140 1
44 141 1
44 144 1
44 145 -1
44 146 1
44 148 1
44 149 1
44 150 1
45 1 1
45 6 -1
45 11 1
45 14 1
45 15 1
45 19 1
45 20 -1
45 22 1
45 26 1
45 29 1
45 33 1
45 34 1
45 35 1
45 37 1
45 38 -1
45 41 -1
45 42 -1
45 43 -1
45 46 1
45 48 1
45 49 1
45 50 1
45 51 -1
45 54 1
45 62 1
45 65 -1
45 67 -1
45 70 1
45 71 1
45 72 -1
45 74 -1
45 75 -1
45 79 1
45 80 1
45 81 1
45 84 1
45 86 -1
45 87 1
45 88 1
45 89 1
45 90 1
45 92 -1
45 94 -1
45 97 1
45 99 1
45 100 1
45 102 1
45 103 1
45 104 1
45 106 1
45 107 1
45 108 -1
45 111 1
45 112 -1
45 113 1
45 118 1
45 119 1
45 120 1
45 121 -1
45 122 1
45 123 1
45 124 1
45 125 1
45 126 1
45 127 1
45 130 -1
45 131 1
45 132 1
45 134 1
45 135 -1
45 137 1
45 138 1
45 143 1
45 146 1
45 150 1
46 3 -1
46 10 1
46 11 -1
46 13 1
46 14 1
46 18 1
46 19 1
46 20 1
46 21 1
46 22 -1
46 26 1
46 27 1
46 32 1
46 34 1
46 35 1
46 36 1
46 39 1
46 41 1
46 42 1
46 47 -1
46 49 -1
46 61 -1
46 62 1
46 63 -1
46 65 1
46 68 1
46 69 1
46 70 1
46 76 1
46 78 1
46 79 1
46 80 1
46 81 1
46 82 -1
46 83 1
46 84 1
46 91 1
46 93 1
46 94 -1
46 95 -1
46 96 -1
46 98 -1
46 99 -1
46 103 1
46 105 1
46 106 1
46 107 1
46 108 -1
46 109 1
46 111 1
46 114 1
46 116 1
46 117 1
46 118 1
46 119 -1
46 122 1
46 127 1
46 128 -1
46 129 1
46 130 1
46 132 1
46 133 1
46 136 1
46 140 -1
46 143 1
46 144 1
46 147 1
46 149 1
47 2 1
47 3 1
47 4 1
47 9 1
47 12 -1
47 13 1
47 17 1
47 18 -1
47 20 1
47 21 1
47 27 1
47 28 1
47 30 -1
47 32 -1
47 33 1
47 34 1
47 38 1
47 40 1
47 41 1
47 42 1
47 43 1
47 44 1
47 45 -1
47 48 1
47 50 -1
47 56 1
47 57 -1
47 61 1
47 62 1
47 63 1
47 64 1
47 65 1
47 66 1
47 67 1
47 68 -1
47 72 -1
47 73 1
47 74 -1
47 75 1
47 77 1
47 80 -1
47 81 -1
47 84 -1
47 88 1
47 90 1
47 92 1
47 93 1
47 94 1
47 95 -1
47 97 1
47 99 1
47 100 1
47 102 1
47 106 1
47 107 1
47 109 -1
47 111 1
47 112 1
47 113 1
47 115 1
47 116 -1
47 120 1
47 121 1
47 123 1
47 126 -1
47 129 1
47 131 -1
47 132 1
47 133 1
47 134 -1
47 135 1
47 136 1
47 137 1
47 139 1
47 140 1
47 141 -1
47 146 1
47 148 1
48 3 1
48 4 1
48 6 1
48 9 1
48 10 1
48 11 -1
48 14 1
48 15 -1
48 17 1
48 22 -1
48 24 -1
48 25 1
48 30 1
48 33 1
48 37 1
48 38 1
48 39 -1
48 40 1
48 41 1
48 42 1
48 43 -1
48 46 1
48 50 1
48 52 1
48 53 1
48 54 -1
48 55 1
48 59 1
48 61 -1
48 63 1
48 64 1
48 65 -1
48 68 1
48 70 -1
48 71 1
48 78 -1
48 81 1
48 82 1
48 83 1
48 84 -1
48 85 1
48 86 1
48 87 1
48 88 1
48 90 1
48 91 1
48 93 1
48 97 1
48 98 1
48 99 1
48 100 1
48 102 1
48 103 1
48 105 1
48 106 1
48 108 1
48 110 1
48 112 1
48 114 1
48 115 1
48 116 1
48 118 1
48 119 1
48 120 -1
48 124 1
48 125 1
48 128 -1
48 129 -1
48 130 1
48 133 -1
48 134 1
48 136 1
48 140 1
48 141 1
48 145 1
48 146 1
48 147 1
49 1 1
49 2 1
49 3 1
49 5 1
49 9 1
49 10 1
49 11 -1
49 12 1
49 15 1
49 16 1
49 17 1
49 18 -1
49 19 1
49 20 1
49 21 1
49 22 1
49 24 1
49 26 -1
49 28 -1
49 31 1
49 33 1
49 35 1
49 37 1
49 39 1
49 40 -1
49 41 1
49 43 1
49 47 1
49 48 -1
49 50 1
49 51 1
49 54 1
49 55 1
49 57 1
49 62 1
49 64 -1
49 67 -1
49 68 -1
49 69 -1
49 70 1
49 75 1
49 76 1
49 80 1
49 81 1
49 84 1
49 86 1
49 88 1
49 89 1
49 97 1
49 98 1
49 99 -1
49 100 -1
49 103 1
49 104 1
49 105 1
49 107 1
49 110 1
49 112 -1
49 114 1
49 115 1
49 116 -1
49 122 1
49 123 1
49 125 1
49 126 -1
49 127 1
49 129 -1
49 131 -1
49 132 1
49 137 1
49 139 -1
49 140 1
49 141 -1
49 142 1
49 143 1
49 145 1
49 146 1
49 147 1
49 150 1
50 1 1
50 2 -1
50 3 1
50 4 1
50 5 1
50 7 1
50 9 1
50 10 -1
50 11 1
50 12 -1
50 14 1
50 16 1
50 17 -1
50 18 1
50 19 -1
50 22 -1
50 23 -1
50 26 1
50 27 1
50 34 1
50 35 -1
50 37 1
50 38 1
50 40 1
50 43 1
50 44 1
50 46 -1
50 51 1
50 52 1
50 54 -1
50 57 -1
50 59 1
50 61 -1
50 63 1
50 64 1
50 65 1
50 66 1
50 67 1
50 72 1
50 73 1
50 74 1
50 78 1
50 79 1
50 82 1
50 87 1
50 89 1
50 90 1
50 94 1
50 96 1
50 98 1
50 99 1
50 100 1
50 102 -1
50 103 1
50 104 1
50 107 1
50 109 -1
50 110 -1
50 111 1
50 113 1
50 114 1
50 115 1
50 116 -1
50 119 1
50 120 1
50 121 1
50 122 1
50 128 -1
50 129 -1
50 130 1
50 131 1
50 133 1
50 135 1
50 136 -1
50 137 1
50 138 1
50 140 1
50 144 1
50 147 -1
50 149 1
50 150 1
51 1 1
51 5 1
51 8 1
51 9 -1
51 12 1
51 15 1
51 18 1
51 19 1
51 26 1
51 28 1
51 29 1
51 30 -1
51 31 1
51 32 1
51 35 1
51 36 -1
51 40 1
51 41 -1
51 46 1
51 47 1
51 48 1
51 54 1
51 55 1
51 60 1
51 61 1
51 62 1
51 66 1
51 69 -1
51 70 -1
51 72 1
51 73 1
51 75 1
51 76 -1
51 81 1
51 82 1
51 85 1
51 89 -1
51 91 1
51 93 -1
51 94 -1
51 95 1
51 98 1
51 99 1
51 101 1
51 102 1
51 104 1
51 105 1
51 107 1
51 108 1
51 111 1
51 116 1
51 117 1
51 118 -1
51 119 -1
51 121 1
51 122 1
51 123 1
51 124 1
51 125 -1
51 128 -1
51 132 1
51 136 1
51 137 1
51 138 -1
51 140 -1
51 141 -1
51 142 1
51 145 1
51 150 1
52 3 1
52 4 1
52 5 1
52 7 1
52 8 -1
52 10 1
52 13 1
52 15 1
52 16 -1
52 20 1
52 21 1
52 22 1
52 23 1
52 24 1
52 26 1
52 27 1
52 28 -1
52 29 1
52 30 1
52 31 1
52 32 -1
52 33 1
52 34 1
52 36 1
52 38 1
52 39 1
52 43 -1
52 44 1
52 45 1
52 46 1
52 47 -1
52 49 1
52 51 1
52 53 1
52 54 -1
52 56 -1
52 58 -1
52 59 1
52 61 -1
52 66 -1
52 68 1
52 69 1
52 71 1
52 73 1
52 74 1
52 76 1
52 79 1
52 80 -1
52 81 -1
52 83 1
52 84 1
52 86 -1
52 87 1
52 91 1
52 94 1
52 95 1
52 97 -1
52 100 1
52 102 1
52 105 1
52 107 1
52 108 1
52 113 1
52 114 1
52 115 1
52 117 1
52 118 1
52 121 1
52 124 1
52 125 1
52 129 1
52 132 1
52 134 1
52 135 1
52 138 1
52 139 1
52 140 1
52 141 -1
52 143 1
52 144 -1
52 145 1
52 146 1
52 147 1
52 148 1
52 150 1
53 1 1
53 3 1
53 4 -1
53 6 1
53 12 1
53 13 -1
53 18 -1
53 22 1
53 23 1
53 24 1
53 25 1
53 27 1
53 28 1
53 29 -1
53 43 -1
53 44 1
53 45 1
53 46 1
53 47 -1
53 49 1
53 50 -1
53 51 1
53 55 1
53 57 1
53 58 1
53 59 1
53 61 -1
53 62 1
53 63 1
53 66 1
53 67 -1
53 69 -1
53 70 1
53 71 -1
53 72 1
53 73 1
53 75 1
53 76 1
53 79 1
53 82 1
53 83 1
53 85 1
53 87 1
53 88 -1
53 89 1
53 90 1
53 91 1
53 93 -1
53 94 1
53 95 -1
53 98 -1
53 99 1
53 100 1
53 101 1
53 102 1
53 104 -1
53 106 1
53 107 -1
53 110 1
53 113 1
53 114 1
53 118 1
53 120 1
53 121 1
53 122 1
53 125 1
53 127 1
53 128 1
53 131 1
53 132 -1
53 133 1
53 135 1
53 137 1
53 140 1
53 143 1
53 144 -1
53 145 1
53 146 1
53 147 1
53 148 1
53 149 1
54 2 1
54 4 1
54 6 1
54 10 1
54 11 1
54 12 -1
54 14 1
54 15 1
54 17 -1
54 18 1
54 21 1
54 22 1
54 25 1
54 28 1
54 31 -1
54 32 1
54 33 1
54 34 1
54 35 -1
54 37 1
54 44 1
54 46 1
54 47 1
54 53 1
54 57 1
54 59 1
54 60 1
54 61 1
54 64 1
54 65 1
54 69 1
54 71 1
54 72 1
54 75 1
54 76 1
54 78 1
54 79 1
54 80 1
54 82 1
54 83 1
54 85 -1
54 87 1
54 89 -1
54 90 1
54 97 1
54 99 1
54 101 1
54 103 1
54 106 1
54 109 1
54 110 1
54 111 1
54 114 1
54 117 1
54 118 1
54 121 -1
54 123 1
54 124 1
54 126 1
54 128 -1
54 129 -1
54 132 1
54 133 1
54 137 1
54 140 1
54 143 1
54 144 -1
54 147 1
55 2 1
55 3 1
55 9 1
55 10 1
55 13 1
55 14 1
55 15 1
55 16 1
55 18 1
55 19 -1
55 20 1
55 23 1
55 25 1
55 30 1
55 31 1
55 32 1
55 33 1
55 34 1
55 35 1
55 40 1
55 42 1
55 45 1
55 46 1
55 47 -1
55 50 1
55 52 1
55 54 -1
55 56 -1
55 59 1
55 61 1
55 64 1
55 65 1
55 66 1
55 67 1
55 70 1
55 72 -1
55 73 -1
55 74 -1
55 76 -1
55 78 1
55 79 1
55 83 1
55 84 -1
55 88 1
55 89 -1
55 92 1
55 93 -1
55 97 -1
55 98 1
55 101 -1
55 104 1
55 107 -1
55 108 -1
55 109 -1
55 111 1
55 112 1
55 113 -1
55 115 1
55 117 1
55 118 1
55 119 1
55 120 1
55 123 1
55 124 1
55 125 1
55 127 1
55 129 1
55 130 -1
55 132 1
55 133 1
55 134 1
55 138 -1
55 139 1
55 140 1
55 143 1
55 144 1
55 145 1
55 147 -1
55 149 1
56 2 1
56 3 1
56 5 1
56 7 1
56 11 1
56 13 1
56 17 -1
56 20 1
56 24 -1
56 27 1
56 28 1
56 33 1
56 36 1
56 40 -1
56 42 1
56 45 1
56 46 1
56 48 1
56 49 1
56 50 1
56 51 1
56 53 1
56 54 1
56 59 1
56 62 1
56 63 1
56 65 1
56 68 1
56 69 1
56 74 1
56 75 1
56 76 -1
56 79 1
56 80 1
56 81 1
56 82 -1
56 83 1
56 84 1
56 87 1
56 89 1
56 92 1
56 94 1
56 99 1
56 101 1
56 102 1
56 103 1
56 106 1
56 109 1
56 110 1
56 113 1
56 114 1
56 115 1
56 116 1
56 118 1
56 119 1
56 120 -1
56 121 1
56 122 -1
56 125 -1
56 126 1
56 127 1
56 128 -1
56 129 1
56 130 -1
56 131 1
56 132 1
56 133 1
56 134 1
56 135 1
56 137 -1
56 141 -1
56 142 1
56 143 -1
56 144 1
56 145 1
56 146 -1
57 1 1
57 4 1
57 5 1
57 7 -1
57 8 1
57 9 -1
57 11 1
57 14 -1
57 15 -1
57 18 1
57 19 1
57 21 1
57 22 1
57 23 1
57 24 1
57 27 1
57 29 -1
57 30 1
57 33 1
57 35 1
57 38 1
57 40 -1
57 41 1
57 42 1
57 43 -1
57 44 -1
57 45 1
57 46 -1
57 48 1
57 51 1
57 52 1
57 55 1
57 56 1
57 59 1
57 60 -1
57 61 1
57 63 1
57 65 1
57 66 1
57 68 1
57 69 1
57 73 1
57 74 1
57 76 1
57 79 1
57 80 1
57 82 -1
57 85 1
57 91 -1
57 93 1
57 98 1
57 100 1
57 102 1
57 106 -1
57 107 1
57 108 1
57 109 -1
57 110 1
57 111 1
57 112 1
57 113 1
57 114 1
57 115 -1
57 117 1
57 118 1
57 122 1
57 123 1
57 124 1
57 128 1
57 129 -1
57 133 1
57 136 1
57 139 -1
57 140 -1
57 143 1
57 144 1
57 147 1
57 150 1
58 7 1
58 11 1
58 13 1
58 15 1
58 17 1
58 20 -1
58 21 -1
58 22 1
58 25 1
58 29 1
58 31 1
58 35 1
58 38 -1
58 40 1
58 43 1
58 45 -1
58 46 1
58 47 1
58 48 -1
58 49 1
58 50 1
58 51 1
58 54 1
58 55 1
58 56 1
58 57 1
58 59 1
58 64 1
58 67 1
58 73 1
58 75 1
58 79 -1
58 80 1
58 84 1
58 86 1
58 87 1
58 88 1
58 93 1
58 95 1
58 97 -1
58 98 1
58 103 1
58 104 -1
58 109 1
58 111 1
58 112 -1
58 113 -1
58 114 -1
58 116 1
58 117 -1
58 120 1
58 123 -1
58 125 1
58 127 1
58 130 -1
58 137 1
58 138 1
58 139 1
58 143 1
58 145 1
58 146 1
58 147 1
58 149 1
59 1 1
59 3 -1
59 5 -1
59 8 1
59 9 1
59 11 1
59 14 -1
59 16 1
59 17 1
59 18 1
59 20 1
59 22 1
59 23 1
59 24 -1
59 27 -1
59 28 1
59 35 1
59 36 1
59 37 1
59 39 1
59 44 1
59 45 1
59 46 1
59 47 1
59 49 1
59 51 1
59 60 -1
59 61 -1
59 63 1
59 64 -1
59 66 1
59 67 1
59 68 1
59 70 -1
59 73 -1
59 76 1
59 79 -1
59 81 1
59 84 1
59 85 1
59 86 -1
59 87 1
59 90 1
59 91 1
59 92 1
59 93 1
59 99 1
59 101 -1
59 102 1
59 108 1
59 111 1
59 112 1
59 116 1
59 117 1
59 118 1
59 119 1
59 121 1
59 123 -1
59 128 -1
59 133 1
59 134 1
59 139 1
59 140 1
59 142 1
60 1 1
60 2 1
60 10 1
60 11 1
60 12 1
60 13 1
60 14 -1
60 15 1
60 18 1
60 22 1
60 23 -1
60 24 1
60 29 1
60 30 -1
60 31 -1
60 32 1
60 35 1
60 36 -1
60 38 1
60 40 -1
60 41 1
60 42 1
60 43 1
60 44 -1
60 45 -1
60 46 1
60 47 1
60 48 -1
60 49 -1
60 50 1
60 52 1
60 53 1
60 55 1
60 56 -1
60 58 1
60 61 -1
60 62 1
60 63 1
60 66 1
60 68 1
60 69 1
60 70 1
60 72 1
60 73 1
60 76 1
60 80 1
60 81 1
60 82 1
60 83 1
60 84 -1
60 88 -1
60 89 -1
60 90 1
60 93 1
60 94 1
60 95 1
60 96 1
60 97 1
60 98 1
60 106 -1
60 109 -1
60 110 -1
60 113 -1
60 114 1
60 115 -1
60 116 1
60 119 1
60 120 1
60 121 1
60 122 1
60 123 1
60 127 1
60 129 1
60 130 1
60 134 -1
60 137 1
60 138 -1
60 142 -1
60 143 1
60 147 1
60 148 1
60 150 -1
61 1 1
61 2 1
61 4 1
61 7 1
61 13 -1
61 15 1
61 17 1
61 18 1
61 19 1
61 20 1
61 23 1
61 24 1
61 30 1
61 31 1
61 32 1
61 33 1
61 34 1
61 35 1
61 39 1
61 40 1
61 42 1
61 44 1
61 45 -1
61 49 -1
61 56 1
61 58 1
61 62 1
61 64 1
61 65 1
61 66 1
61 67 1
61 70 1
61 71 1
61 72 1
61 76 -1
61 78 1
61 79 -1
61 81 1
61 82 1
61 83 -1
61 84 -1
61 85 1
61 86 -1
61 90 1
61 92 1
61 94 1
61 95 1
61 97 1
61 98 -1
61 99 1
61 102 1
61 103 -1
61 105 1
61 107 -1
61 108 1
61 112 1
61 114 1
61 115 -1
61 116 1
61 117 1
61 118 1
61 121 1
61 124 1
61 128 1
61 132 1
61 133 -1
61 136 1
61 137 -1
61 138 1
61 139 1
61 140 1
61 141 1
61 143 -1
61 146 -1
61 147 1
61 149 -1
62 1 -1
62 2 1
62 7 1
62 8 1
62 9 1
62 12 -1
62 13 1
62 14 1
62 15 1
62 18 -1
62 19 1
62 20 1
62 22 -1
62 23 1
62 25 -1
62 26 -1
62 27 -1
62 28 1
62 29 1
62 31 1
62 32 1
62 36 1
62 37 -1
62 40 1
62 41 1
62 43 1
62 48 1
62 50 1
62 52 1
62 54 1
62 55 1
62 57 1
62 58 1
62 59 1
62 63 1
62 66 1
62 67 1
62 70 -1
62 71 1
62 75 1
62 77 1
62 78 1
62 83 1
62 84 1
62 85 1
62 86 -1
62 87 1
62 91 1
62 93 1
62 97 1
62 98 1
62 101 1
62 103 1
62 105 1
62 106 -1
62 107 1
62 108 1
62 110 1
62 111 1
62 112 1
62 113 1
62 115 1
62 118 -1
62 119 -1
62 123 1
62 124 1
62 130 -1
62 133 1
62 134 1
62 137 1
62 141 -1
62 144 1
62 145 1
62 146 1
62 149 1
62 150 1
63 3 1
63 4 1
63 5 1
63 6 -1
63 7 -1
63 8 1
63 9 1
63 10 -1
63 12 1
63 13 1
63 15 -1
63 17 1
63 25 -1
63 27 1
63 28 -1
63 32 1
63 36 1
63 37 1
63 39 1
63 41 1
63 42 1
63 43 1
63 44 1
63 45 1
63 49 1
63 51 1
63 52 1
63 54 1
63 55 1
63 58 1
63 61 1
63 64 1
63 67 1
63 71 1
63 72 1
63 75 -1
63 79 1
63 81 1
63 86 1
63 87 1
63 92 1
63 93 1
63 95 -1
63 96 1
63 97 -1
63 98 -1
63 101 1
63 102 1
63 105 1
63 106 -1
63 107 -1
63 110 1
63 111 1
63 112 1
63 114 1
63 116 1
63 117 -1
63 118 1
63 119 1
63 120 1
63 122 -1
63 123 1
63 127 1
63 128 1
63 131 1
63 132 -1
63 133 -1
63 134 1
63 135 -1
63 138 1
63 143 1
63 145 -1
63 147 1
63 149 1
64 4 -1
64 5 1
64 7 1
64 9 1
64 11 -1
64 14 1
64 18 -1
64 22 -1
64 23 1
64 24 1
64 26 1
64 27 1
64 31 1
64 34 -1
64 35 -1
64 42 1
64 45 1
64 46 1
64 51 1
64 52 1
64 53 -1
64 56 1
64 57 1
64 60 1
64 62 1
64 66 1
64 68 1
64 69 1
64 72 1
64 73 1
64 78 -1
64 80 1
64 82 1
64 83 1
64 89 1
64 93 1
64 94 1
64 95 1
64 96 -1
64 97 -1
64 101 1
64 105 1
64 106 1
64 109 1
64 110 1
64 111 1
64 112 1
64 113 -1
64 114 1
64 116 1
64 120 1
64 121 -1
64 124 -1
64 125 1
64 128 1
64 135 1
64 137 1
64 138 1
64 139 -1
64 140 1
64 143 1
64 144 1
64 145 1
64 148 1
65 3 1
65 4 -1
65 5 1
65 6 1
65 7 1
65 9 1
65 10 1
65 13 1
65 14 1
65 15 1
65 16 1
65 17 1
65 20 1
65 21 1
65 23 1
65 25 1
65 26 1
65 28 1
65 29 1
65 31 1
65 34 1
65 39 1
65 44 1
65 49 1
65 51 -1
65 52 -1
65 53 1
65 58 1
65 59 1
65 60 1
65 62 1
65 63 1
65 64 1
65 66 1
65 67 1
65 68 1
65 70 1
65 75 1
65 77 1
65 78 1
65 82 1
65 83 -1
65 85 -1
65 86 1
65 88 1
65 91 -1
65 93 1
65 94 1
65 97 1
65 98 -1
65 99 -1
65 100 1
65 103 1
65 106 1
65 111 1
65 112 1
65 113 1
65 114 1
65 115 1
65 119 1
65 127 1
65 128 1
65 129 -1
65 131 1
65 135 1
65 137 -1
65 138 -1
65 139 1
65 140 1
65 143 1
65 146 1
65 148 -1
65 149 -1
65 150 -1
66 2 1
66 7 1
66 10 1
66 11 -1
66 13 1
66 14 1
66 15 1
66 19 1
66 20 1
66 21 1
66 24 1
66 28 -1
66 29 1
66 30 1
66 31 1
66 33 1
66 36 -1
66 37 -1
66 40 1
66 42 -1
66 44 1
66 45 1
66 46 -1
66 48 1
66 49 1
66 54 1
66 56 1
66 58 1
66 63 1
66 67 1
66 68 -1
66 69 1
66 71 1
66 72 -1
66 81 -1
66 82 1
66 84 1
66 86 1
66 88 1
66 89 -1
66 90 -1
66 91 1
66 93 1
66 94 1
66 95 1
66 96 1
66 98 -1
66 102 1
66 103 1
66 105 1
66 110 1
66 111 1
66 112 1
66 113 1
66 115 1
66 119 -1
66 120 1
66 121 -1
66 122 1
66 129 1
66 130 1
66 132 1
66 134 -1
66 135 -1
66 137 1
66 139 1
66 140 -1
66 143 -1
66 144 1
66 145 1
66 146 -1
66 150 -1
67 1 1
67 2 1
67 6 1
67 9 1
67 11 1
67 14 1
67 15 -1
67 16 1
67 17 1
67 18 1
67 23 1
67 24 1
67 25 1
67 28 1
67 29 1
67 33 1
67 35 1
67 36 1
67 37 1
67 38 1
67 39 1
67 41 1
67 46 1
67 48 -1
67 51 1
67 52 -1
67 54 -1
67 56 1
67 57 1
67 60 1
67 64 -1
67 73 1
67 76 1
67 77 1
67 78 -1
67 80 -1
67 81 1
67 83 1
67 86 -1
67 88 1
67 90 -1
67 91 -1
67 93 1
67 95 1
67 101 1
67 102 1
67 103 1
67 105 1
67 107 1
67 116 -1
67 118 1
67 119 -1
67 121 -1
67 123 -1
67 125 1
67 126 1
67 130 1
67 134 -1
67 136 1
67 139 1
67 140 1
67 141 1
67 142 -1
67 143 1
67 144 1
67 148 1
67 150 1
68 1 1
68 3 1
68 4 -1
68 5 1
68 6 1
68 7 1
68 10 1
68 13 -1
68 16 1
68 18 1
68 19 -1
68 23 1
68 24 1
68 25 1
68 26 1
68 33 1
68 35 -1
68 37 -1
68 38 1
68 40 1
68 41 1
68 43 1
68 45 1
68 50 1
68 51 -1
68 53 1
68 54 1
68 55 1
68 58 -1
68 61 1
68 62 1
68 63 -1
68 67 1
68 70 1
68 71 1
68 74 1
68 76 1
68 78 1
68 79 1
68 80 1
68 81 1
68 84 -1
68 86 -1
68 88 -1
68 89 -1
68 91 1
68 92 1
68 94 1
68 98 1
68 99 -1
68 101 1
68 105 -1
68 109 -1
68 110 1
68 111 1
68 113 1
68 115 1
68 118 1
68 122 1
68 123 1
68 125 -1
68 126 -1
68 127 1
68 128 1
68 129 1
68 132 1
68 136 1
68 140 1
68 141 1
68 144 1
68 146 -1
68 147 -1
68 148 1
68 149 1
68 150 1
69 2 1
69 5 -1
69 7 1
69 8 1
69 9 -1
69 12 1
69 14 -1
69 15 -1
69 16 1
69 19 1
69 23 1
69 25 -1
69 27 1
69 28 1
69 29 1
69 31 -1
69 33 -1
69 35 1
69 37 1
69 40 1
69 41 1
69 42 -1
69 44 1
69 45 1
69 47 1
69 48 1
69 50 1
69 55 -1
69 58 1
69 59 -1
69 61 1
69 62 1
69 63 1
69 65 1
69 67 1
69 68 1
69 70 -1
69 72 1
69 73 1
69 74 1
69 75 -1
69 77 1
69 80 -1
69 81 1
69 83 1
69 84 1
69 86 -1
69 89 1
69 90 1
69 91 1
69 92 1
69 93 1
69 95 -1
69 100 -1
69 102 1
69 103 1
69 105 1
69 106 1
69 107 -1
69 109 -1
69 112 1
69 113 1
69 115 1
69 116 1
69 117 1
69 118 1
69 120 1
69 122 1
69 123 1
69 124 -1
69 125 1
69 126 1
69 130 1
69 131 -1
69 139 -1
69 140 1
69 141 1
69 144 1
69 145 -1
69 146 1
69 147 1
69 148 1
69 150 1
70 1 1
70 3 1
70 4 1
70 5 1
70 6 -1
70 7 1
70 9 1
70 12 1
70 13 1
70 14 1
70 17 -1
70 19 1
70 21 1
70 22 1
70 26 1
70 27 1
70 29 -1
70 30 1
70 32 -1
70 34 1
70 35 1
70 36 -1
70 37 1
70 39 1
70 40 1
70 41 1
70 43 -1
70 44 1
70 47 1
70 50 1
70 52 -1
70 54 1
70 56 1
70 57 1
70 58 1
70 63 1
70 64 1
70 66 1
70 67 1
70 72 1
70 76 1
70 78 -1
70 79 1
70 82 1
70 83 1
70 86 -1
70 88 1
70 90 -1
70 99 1
70 100 1
70 101 1
70 104 -1
70 105 1
70 106 1
70 109 1
70 111 1
70 113 -1
70 114 1
70 116 1
70 119 1
70 122 1
70 123 1
70 125 1
70 126 1
70 127 -1
70 129 -1
70 131 1
70 132 1
70 137 1
70 143 1
70 147 1
71 1 1
71 2 1
71 4 1
71 7 1
71 9 -1
71 15 1
71 17 -1
71 18 1
71 20 1
71 22 1
71 24 1
71 26 1
71 27 1
71 30 1
71 32 -1
71 34 -1
71 35 1
71 37 1
71 39 -1
71 41 1
71 44 1
71 46 1
71 47 1
71 49 1
71 50 1
71 51 1
71 55 1
71 56 1
71 57 1
71 58 1
71 59 1
71 60 1
71 64 -1
71 65 1
71 67 -1
71 69 1
71 70 1
71 78 1
71 84 -1
71 85 1
71 86 1
71 87 1
71 90 -1
71 92 1
71 94 1
71 96 1
71 98 1
71 100 1
71 101 1
71 103 1
71 105 1
71 107 1
71 108 1
71 112 1
71 113 -1
71 114 -1
71 115 1
71 116 1
71 118 1
71 119 1
71 121 1
71 122 -1
71 124 -1
71 125 -1
71 126 1
71 129 -1
71 130 1
71 132 1
71 135 1
71 136 1
71 137 1
71 139 1
71 144 1
71 147 -1
71 150 -1
72 1 1
72 2 1
72 3 1
72 8 1
72 9 1
72 10 1
72 11 -1
72 13 1
72 14 1
72 15 1
72 18 1
72 19 1
72 21 -1
72 22 1
72 25 -1
72 28 1
72 30 1
72 31 1
72 34 1
72 38 1
72 39 1
72 42 1
72 44 1
72 46 1
72 48 1
72 49 -1
72 52 1
72 56 1
72 57 -1
72 58 1
72 59 1
72 62 -1
72 65 -1
72 67 -1
72 68 1
72 71 1
72 74 1
72 77 -1
72 80 -1
72 83 -1
72 86 -1
72 87 1
72 88 1
72 89 1
72 91 1
72 92 1
72 96 -1
72 97 1
72 98 1
72 99 1
72 107 -1
72 108 1
72 109 1
72 110 1
72 111 -1
72 113 -1
72 114 1
72 117 1
72 119 1
72 120 1
72 121 -1
72 122 1
72 124 1
72 126 1
72 128 1
72 129 1
72 131 1
72 132 1
72 135 -1
72 141 1
72 147 1
72 148 1
72 149 -1
72 150 1
73 1 1
73 2 -1
73 3 1
73 4 1
73 5 1
73 8 -1
73 13 1
73 15 1
73 16 1
73 17 1
73 18 1
73 19 1
73 25 1
73 26 1
73 28 -1
73 29 1
73 31 1
73 32 1
73 36 1
73 37 1
73 39 1
73 42 1
73 44 1
73 45 1
73 46 1
73 48 1
73 49 -1
73 54 1
73 56 1
73 61 1
73 62 1
73 63 1
73 65 -1
73 66 -1
73 68 1
73 70 1
73 71 1
73 72 1
73 78 1
73 79 -1
73 80 1
73 81 1
73 86 1
73 87 1
73 88 1
73 89 1
73 90 1
73 92 -1
73 93 1
73 94 -1
73 98 -1
73 102 1
73 104 -1
73 105 -1
73 107 1
73 110 1
73 111 1
73 115 1
73 118 1
73 124 -1
73 125 1
73 126 1
73 127 1
73 128 1
73 130 1
73 131 1
73 132 1
73 134 1
73 135 1
73 136 1
73 140 1
73 141 1
73 144 1
73 146 1
73 147 1
73 148 1
73 149 1
73 150 1
74 4 1
74 6 1
74 7 1
74 8 -1
74 10 -1
74 12 -1
74 13 1
74 15 1
74 16 1
74 17 1
74 18 1
74 21 1
74 22 1
74 23 1
74 25 1
74 26 1
74 27 1
74 28 1
74 30 -1
74 31 -1
74 33 1
74 35 1
74 36 1
74 37 1
74 39 1
74 40 1
74 41 1
74 43 -1
74 44 -1
74 46 1
74 48 1
74 49 1
74 51 1
74 53 -1
74 54 1
74 58 1
74 59 1
74 60 1
74 61 1
74 62 1
74 63 1
74 64 -1
74 65 1
74 66 1
74 67 1
74 70 -1
74 71 -1
74 73 1
74 78 -1
74 80 1
74 82 1
74 83 1
74 84 -1
74 85 1
74 86 1
74 88 1
74 89 1
74 91 1
74 93 -1
74 98 1
74 99 1
74 100 1
74 101 1
74 103 1
74 106 1
74 109 1
74 110 -1
74 122 1
74 126 1
74 127 1
74 128 1
74 130 1
74 134 1
74 136 -1
74 139 -1
74 140 1
74 141 1
74 142 1
74 143 1
74 146 1
74 149 1
75 1 1
75 3 1
75 6 1
75 7 1
75 8 1
75 10 1
75 14 -1
75 15 1
75 24 1
75 26 1
75 29 -1
75 32 1
75 33 1
75 34 1
75 35 1
75 37 1
75 40 1
75 42 1
75 43 1
75 46 1
75 48 1
75 50 1
75 52 1
75 55 -1
75 57 1
75 59 1
75 60 -1
75 61 1
75 64 1
75 66 1
75 67 1
75 68 1
75 70 1
75 71 1
75 72 1
75 73 1
75 74 1
75 77 1
75 78 1
75 81 1
75 84 1
75 85 1
75 90 1
75 91 1
75 94 1
75 95 1
75 98 1
75 99 1
75 101 1
75 109 1
75 111 1
75 114 1
75 117 1
75 118 1
75 121 -1
75 122 1
75 123 1
75 125 -1
75 128 1
75 130 1
75 131 1
75 134 1
75 138 -1
75 139 1
75 140 1
75 142 1
75 143 1
75 145 1
75 147 -1
75 148 1
75 149 1
76 1 1
76 4 1
76 6 1
76 7 1
76 9 1
76 11 1
76 13 1
76 14 -1
76 15 1
76 16 1
76 17 1
76 19 -1
76 21 1
76 23 1
76 24 1
76 25 1
76 29 1
76 34 -1
76 37 1
76 39 -1
76 41 -1
76 45 -1
76 47 1
76 48 1
76 50 1
76 58 -1
76 62 1
76 63 1
76 64 1
76 65 1
76 66 1
76 69 1
76 71 1
76 72 1
76 73 1
76 74 1
76 75 -1
76 77 1
76 79 -1
76 81 1
76 82 1
76 84 1
76 85 1
76 87 1
76 88 1
76 90 1
76 92 1
76 94 1
76 95 1
76 97 1
76 98 -1
76 99 1
76 100 1
76 102 -1
76 105 1
76 107 1
76 108 -1
76 109 1
76 112 -1
76 115 1
76 116 1
76 117 1
76 118 1
76 122 -1
76 123 1
76 125 1
76 129 1
76 130 1
76 131 1
76 134 1
76 137 -1
76 140 1
76 141 1
76 142 1
76 143 -1
76 144 1
76 145 1
76 146 1
76 147 1
77 1 1
77 2 1
77 3 1
77 7 1
77 10 -1
77 11 1
77 12 1
77 13 1
77 15 1
77 19 1
77 20 -1
77 26 1
77 27 1
77 28 1
77 31 1
77 32 1
77 35 1
77 39 1
77 40 1
77 41 1
77 42 1
77 44 1
77 45 1
77 46 1
77 48 -1
77 49 1
77 50 1
77 51 1
77 52 1
77 53 1
77 54 -1
77 55 1
77 56 -1
77 57 -1
77 58 -1
77 59 1
77 60 1
77 61 -1
77 63 -1
77 64 1
77 66 -1
77 68 1
77 70 1
77 71 -1
77 73 1
77 74 1
77 78 1
77 79 -1
77 82 1
77 85 1
77 88 1
77 89 1
77 91 1
77 94 1
77 95 -1
77 96 -1
77 97 1
77 99 1
77 100 1
77 102 1
77 104 1
77 105 1
77 108 1
77 109 1
77 110 1
77 111 1
77 113 1
77 114 1
77 115 1
77 116 1
77 117 -1
77 119 1
77 120 1
77 121 1
77 124 1
77 125 -1
77 128 1
77 129 1
77 130 1
77 131 1
77 133 1
77 134 1
77 136 1
77 138 -1
77 139 1
77 142 -1
77 143 1
77 144 1
77 145 1
77 146 -1
77 148 1
77 149 1
77 150 1
78 1 1
78 4 -1
78 5 1
78 6 -1
78 10 1
78 13 -1
78 14 1
78 16 1
78 17 -1
78 18 1
78 23 -1
78 24 1
78 25 1
78 26 1
78 27 -1
78 30 1
78 33 1
78 37 -1
78 38 -1
78 41 1
78 43 1
78 45 -1
78 47 1
78 49 1
78 51 -1
78 52 1
78 53 -1
78 56 1
78 57 1
78 58 -1
78 59 1
78 60 1
78 63 1
78 66 -1
78 69 1
78 72 1
78 76 1
78 79 -1
78 80 -1
78 87 1
78 93 -1
78 95 1
78 96 1
78 100 1
78 101 1
78 108 -1
78 110 1
78 111 1
78 114 1
78 115 -1
78 116 1
78 118 1
78 119 1
78 120 1
78 122 1
78 125 1
78 127 1
78 128 1
78 129 1
78 130 -1
78 135 1
78 136 1
78 137 1
78 144 1
78 145 -1
78 148 1
78 149 1
79 3 1
79 5 1
79 6 1
79 8 1
79 9 1
79 11 -1
79 12 1
79 13 -1
79 14 1
79 15 1
79 18 1
79 19 1
79 22 1
79 24 1
79 25 1
79 26 1
79 27 1
79 28 1
79 31 1
79 32 1
79 33 1
79 37 1
79 39 -1
79 40 1
79 41 1
79 43 1
79 47 -1
79 48 1
79 49 -1
79 51 1
79 60 1
79 62 1
79 64 1
79 65 1
79 66 1
79 67 1
79 69 1
79 71 1
79 72 1
79 74 -1
79 75 1
79 83 1
79 84 1
79 85 -1
79 86 1
79 87 1
79 90 1
79 91 1
79 92 1
79 98 1
79 102 -1
79 104 1
79 105 1
79 106 1
79 108 1
79 109 1
79 110 1
79 111 1
79 112 1
79 113 1
79 114 1
79 115 1
79 116 -1
79 122 1
79 123 1
79 124 -1
79 125 1
79 126 -1
79 127 -1
79 132 -1
79 133 1
79 135 1
79 138 -1
79 139 1
79 143 1
79 144 1
79 147 1
79 149 1
80 1 1
80 3 -1
80 8 -1
80 10 1
80 14 1
80 15 -1
80 16 1
80 17 1
80 18 1
80 21 1
80 22 1
80 24 -1
80 25 1
80 28 1
80 30 1
80 35 1
80 41 1
80 44 1
80 48 1
80 50 1
80 51 1
80 53 -1
80 55 1
80 59 1
80 61 1
80 62 1
80 63 1
80 65 1
80 66 -1
80 70 1
80 71 1
80 75 1
80 76 -1
80 77 -1
80 79 1
80 84 1
80 86 1
80 87 -1
80 89 1
80 91 1
80 92 1
80 93 1
80 94 1
80 101 -1
80 103 -1
80 105 1
80 106 -1
80 108 1
80 109 1
80 112 -1
80 113 1
80 117 1
80 120 1
80 124 1
80 126 1
80 127 -1
80 128 -1
80 133 1
80 134 1
80 135 1
80 137 -1
80 138 -1
80 139 1
80 141 1
80 143 1
80 145 1
80 146 1
80 147 1
81 2 1
81 4 1
81 5 -1
81 10 1
81 11 1
81 13 1
81 14 1
81 17 1
81 18 1
81 19 1
81 20 1
81 21 1
81 23 1
81 24 1
81 25 1
81 28 1
81 31 1
81 33 1
81 34 1
81 40 1
81 43 1
81 44 -1
81 50 1
81 53 -1
81 54 1
81 55 1
81 57 1
81 58 1
81 62 1
81 64 1
81 65 1
81 70 1
81 71 1
81 72 1
81 74 -1
81 77 1
81 78 1
81 79 1
81 80 1
81 82 1
81 83 1
81 84 1
81 87 1
81 89 1
81 90 1
81 92 1
81 94 1
81 99 1
81 100 1
81 101 1
81 103 1
81 104 1
81 108 1
81 110 1
81 111 1
81 113 1
81 114 1
81 121 1
81 122 1
81 124 1
81 129 1
81 130 1
81 131 -1
81 132 1
81 134 1
81 135 1
81 137 1
81 139 -1
81 140 1
81 141 1
81 142 1
81 146 1
81 147 1
81 148 -1
82 1 1
82 6 1
82 8 1
82 12 1
82 13 -1
82 14 1
82 17 1
82 20 1
82 21 1
82 22 1
82 23 1
82 26 1
82 27 1
82 28 1
82 29 1
82 30 1
82 35 1
82 37 -1
82 39 -1
82 44 1
82 45 1
82 47 1
82 49 1
82 52 -1
82 55 -1
82 58 -1
82 59 1
82 62 1
82 63 1
82 67 1
82 68 -1
82 69 -1
82 71 -1
82 72 1
82 73 1
82 75 1
82 78 1
82 79 1
82 80 -1
82 83 1
82 84 1
82 85 -1
82 86 -1
82 92 1
82 97 1
82 100 1
82 102 -1
82 103 -1
82 104 -1
82 105 -1
82 106 1
82 107 1
82 109 1
82 119 -1
82 124 1
82 125 1
82 126 1
82 128 1
82 131 1
82 135 1
82 136 1
82 137 1
82 140 1
82 141 -1
82 143 1
82 144 1
82 145 1
82 149 1
82 150 1
83 2 -1
83 8 1
83 9 1
83 11 1
83 13 1
83 15 1
83 16 1
83 17 1
83 18 1
83 19 1
83 22 1
83 24 1
83 25 1
83 26 -1
83 30 1
83 32 -1
83 33 1
83 35 1
83 36 1
83 37 1
83 38 1
83 45 1
83 47 1
83 49 1
83 50 1
83 51 1
83 57 1
83 58 1
83 59 1
83 63 1
83 66 1
83 68 1
83 71 1
83 73 1
83 75 1
83 76 1
83 77 1
83 78 1
83 80 1
83 84 -1
83 87 1
83 88 1
83 90 1
83 91 1
83 92 1
83 94 -1
83 95 1
83 99 1
83 100 1
83 103 1
83 105 1
83 107 1
83 108 1
83 110 -1
83 112 1
83 117 1
83 121 1
83 122 1
83 131 1
83 132 1
83 134 1
83 138 -1
83 139 1
83 141 1
83 142 1
83 143 -1
83 144 1
83 146 1
83 147 -1
83 150 1
84 1 1
84 4 -1
84 7 1
84 8 1
84 9 1
84 12 1
84 15 1
84 16 1
84 19 -1
84 20 1
84 22 1
84 23 1
84 24 1
84 25 1
84 27 1
84 28 1
84 29 1
84 30 -1
84 32 1
84 35 1
84 38 1
84 40 1
84 41 1
84 42 1
84 43 1
84 44 1
84 50 1
84 51 1
84 53 -1
84 54 1
84 57 1
84 63 1
84 64 1
84 65 1
84 67 1
84 70 1
84 72 1
84 73 1
84 77 1
84 78 -1
84 88 -1
84 90 1
84 91 1
84 95 1
84 104 1
84 105 -1
84 107 1
84 109 1
84 111 1
84 112 1
84 116 1
84 122 -1
84 126 1
84 127 -1
84 128 1
84 130 -1
84 132 1
84 134 1
84 136 -1
84 138 1
84 139 1
84 140 1
84 141 1
84 142 1
84 144 1
84 146 1
84 147 1
84 149 1
85 1 1
85 2 1
85 3 1
85 4 1
85 6 1
85 8 -1
85 10 -1
85 13 -1
85 15 1
85 17 -1
85 22 1
85 23 1
85 24 1
85 25 1
85 26 1
85 27 -1
85 30 1
85 31 -1
85 32 1
85 33 1
85 34 1
85 36 -1
85 37 1
85 39 1
85 40 -1
85 42 1
85 44 1
85 45 1
85 46 1
85 47 -1
85 49 -1
85 50 1
85 52 1
85 55 1
85 56 1
85 58 1
85 60 1
85 63 1
85 64 1
85 66 1
85 67 1
85 68 1
85 69 1
85 70 1
85 72 1
85 73 1
85 78 1
85 80 -1
85 81 -1
85 83 1
85 84 1
85 86 1
85 88 1
85 90 -1
85 91 1
85 103 1
85 104 1
85 107 1
85 109 1
85 110 1
85 111 1
85 116 1
85 117 1
85 119 -1
85 120 1
85 122 1
85 126 -1
85 128 1
85 129 1
85 130 1
85 131 -1
85 132 1
85 135 -1
85 136 -1
85 139 1
85 140 1
85 141 1
85 142 1
85 146 1
86 3 1
86 7 1
86 12 1
86 13 1
86 14 1
86 15 1
86 16 1
86 19 1
86 20 -1
86 21 1
86 22 -1
86 24 1
86 25 1
86 27 1
86 28 1
86 31 1
86 33 -1
86 34 1
86 35 -1
86 36 1
86 37 -1
86 40 1
86 42 -1
86 46 1
86 47 1
86 50 1
86 51 1
86 53 1
86 54 -1
86 55 -1
86 56 1
86 57 1
86 60 -1
86 64 1
86 75 1
86 76 1
86 77 1
86 78 1
86 81 1
86 83 1
86 84 1
86 90 -1
86 92 1
86 93 1
86 96 1
86 97 1
86 98 1
86 99 1
86 100 1
86 101 1
86 104 1
86 106 -1
86 108 1
86 111 1
86 112 1
86 117 1
86 121 1
86 123 1
86 124 -1
86 125 1
86 126 -1
86 127 1
86 128 1
86 129 1
86 130 1
86 132 1
86 133 1
86 135 1
86 137 1
86 138 1
86 141 1
86 147 1
86 148 1
87 1 1
87 2 1
87 3 1
87 4 -1
87 5 1
87 6 1
87 8 1
87 13 1
87 15 1
87 16 -1
87 17 1
87 18 1
87 19 1
87 20 1
87 21 1
87 23 1
87 24 1
87 25 -1
87 27 1
87 32 1
87 39 -1
87 41 1
87 44 1
87 46 1
87 47 1
87 49 -1
87 51 1
87 55 1
87 57 1
87 60 1
87 61 1
87 64 1
87 65 1
87 66 1
87 67 1
87 68 1
87 69 1
87 70 1
87 74 -1
87 75 1
87 77 1
87 82 1
87 84 -1
87 85 1
87 86 -1
87 90 1
87 92 1
87 93 1
87 94 1
87 97 -1
87 98 -1
87 99 1
87 102 1
87 105 1
87 107 1
87 108 -1
87 109 1
87 112 -1
87 113 1
87 115 1
87 116 -1
87 120 1
87 121 1
87 123 1
87 124 1
87 127 1
87 128 -1
87 130 1
87 138 1
87 139 -1
87 141 -1
87 144 1
87 146 1
87 148 -1
87 149 1
88 3 1
88 6 1
88 7 1
88 10 1
88 16 1
88 18 1
88 21 1
88 22 1
88 23 -1
88 24 1
88 25 1
88 27 -1
88 28 1
88 29 1
88 30 -1
88 31 -1
88 33 1
88 34 -1
88 36 1
88 37 1
88 38 1
88 42 -1
88 43 1
88 46 1
88 50 1
88 51 1
88 52 1
88 54 1
88 56 1
88 57 1
88 59 -1
88 61 -1
88 62 -1
88 63 1
88 64 1
88 69 1
88 71 -1
88 75 1
88 78 1
88 79 1
88 80 1
88 81 1
88 82 1
88 86 1
88 87 1
88 90 -1
88 96 -1
88 97 1
88 98 1
88 102 1
88 103 1
88 104 1
88 106 1
88 109 1
88 112 1
88 114 -1
88 116 1
88 117 1
88 124 1
88 127 1
88 128 1
88 130 1
88 134 1
88 135 1
88 136 1
88 137 1
88 138 1
88 140 1
88 141 -1
88 142 1
88 143 -1
88 144 1
88 145 1
88 146 1
88 149 1
88 150 1
89 5 -1
89 7 1
89 12 1
89 13 1
89 14 -1
89 15 1
89 16 1
89 18 1
89 21 1
89 26 1
89 27 1
89 30 1
89 34 1
89 35 -1
89 37 1
89 38 1
89 39 1
89 42 1
89 43 1
89 44 1
89 46 1
89 47 1
89 48 1
89 52 1
89 57 1
89 58 1
89 59 1
89 61 1
89 62 1
89 63 1
89 65 1
89 67 -1
89 70 1
89 71 -1
89 75 1
89 76 -1
89 78 1
89 79 1
89 82 1
89 83 1
89 84 1
89 85 1
89 86 1
89 87 1
89 88 1
89 91 -1
89 92 1
89 95 1
89 96 1
89 97 -1
89 101 1
89 102 1
89 103 -1
89 107 1
89 109 1
89 110 -1
89 111 1
89 112 1
89 115 1
89 116 1
89 120 -1
89 121 1
89 123 1
89 125 1
89 127 1
89 128 1
89 129 1
89 130 1
89 132 1
89 134 1
89 135 -1
89 136 -1
89 139 1
89 143 1
89 146 1
89 147 1
89 149 1
90 1 1
90 2 -1
90 3 1
90 4 1
90 5 -1
90 6 1
90 7 1
90 8 -1
90 9 1
90 11 -1
90 15 -1
90 16 1
90 17 -1
90 23 -1
90 26 1
90 29 1
90 36 1
90 39 1
90 40 1
90 41 1
90 42 1
90 43 1
90 44 1
90 46 -1
90 49 1
90 51 1
90 52 1
90 55 1
90 56 1
90 57 1
90 58 1
90 62 1
90 63 1
90 64 1
90 65 1
90 68 1
90 72 1
90 74 1
90 77 1
90 78 -1
90 80 1
90 82 1
90 89 1
90 91 1
90 93 -1
90 94 1
90 95 1
90 96 1
90 97 1
90 99 1
90 100 -1
90 101 1
90 103 1
90 104 1
90 107 -1
90 108 1
90 112 1
90 113 1
90 114 -1
90 115 1
90 118 1
90 119 1
90 123 1
90 127 1
90 128 1
90 131 -1
90 134 -1
90 135 1
90 137 1
90 138 1
90 139 1
90 141 1
90 142 1
90 143 1
90 144 1
90 145 1
90 146 1
90 148 -1
91 1 1
91 4 1
91 10 1
91 13 1
91 14 1
91 15 1
91 16 1
91 17 1
91 19 -1
91 20 -1
91 22 -1
91 24 1
91 26 1
91 27 1
91 33 1
91 34 1
91 37 1
91 39 1
91 43 1
91 44 1
91 45 1
91 47 -1
91 49 1
91 50 1
91 54 -1
91 55 1
91 56 1
91 58 1
91 60 1
91 61 1
91 63 1
91 64 1
91 70 1
91 71 1
91 73 1
91 76 1
91 78 -1
91 81 -1
91 82 1
91 86 1
91 87 -1
91 88 1
91 92 1
91 93 1
91 101 1
91 102 1
91 105 1
91 106 1
91 108 1
91 110 1
91 111 1
91 115 1
91 116 1
91 117 1
91 118 1
91 119 1
91 120 1
91 122 1
91 124 1
91 125 1
91 128 1
91 132 1
91 136 1
91 137 1
91 138 1
91 141 1
91 143 1
91 145 1
91 147 1
91 148 1
91 149 1
91 150 1
92 1 -1
92 2 1
92 5 1
92 7 1
92 9 1
92 11 1
92 12 1
92 14 -1
92 16 1
92 17 1
92 21 1
92 22 1
92 28 -1
92 32 1
92 33 1
92 38 -1
92 41 1
92 42 1
92 44 1
92 46 1
92 48 1
92 49 1
92 50 1
92 51 1
92 52 1
92 53 -1
92 54 1
92 57 1
92 58 1
92 60 1
92 62 1
92 64 1
92 65 1
92 66 1
92 67 1
92 70 1
92 74 1
92 75 1
92 77 -1
92 78 1
92 84 -1
92 85 1
92 88 1
92 90 1
92 94 1
92 96 1
92 100 1
92 104 -1
92 105 1
92 106 -1
92 110 -1
92 111 1
92 114 1
92 115 1
92 116 1
92 117 1
92 118 1
92 119 -1
92 121 1
92 122 1
92 124 -1
92 133 1
92 135 -1
92 137 1
92 138 1
92 140 1
92 143 1
92 144 1
92 145 1
92 146 -1
92 147 1
92 150 -1
93 2 1
93 5 1
93 6 1
93 8 1
93 9 1
93 14 -1
93 16 1
93 18 1
93 21 1
93 24 1
93 26 1
93 27 -1
93 28 1
93 30 1
93 32 1
93 34 -1
93 36 -1
93 37 1
93 41 1
93 42 1
93 45 1
93 49 1
93 50 1
93 52 1
93 54 -1
93 56 -1
93 61 -1
93 68 1
93 70 1
93 71 -1
93 72 1
93 75 1
93 76 1
93 77 1
93 79 1
93 81 1
93 82 1
93 83 1
93 84 1
93 85 1
93 88 1
93 89 1
93 92 -1
93 94 1
93 96 1
93 97 1
93 98 -1
93 99 1
93 103 1
93 104 1
93 106 1
93 107 -1
93 110 -1
93 111 1
93 112 1
93 113 1
93 114 -1
93 116 -1
93 128 1
93 129 -1
93 132 1
93 133 1
93 140 1
93 144 1
93 146 1
93 148 1
93 150 -1
94 5 1
94 6 1
94 7 1
94 12 1
94 13 -1
94 15 1
94 17 -1
94 18 1
94 19 -1
94 24 1
94 25 1
94 26 1
94 28 1
94 34 1
94 37 1
94 39 1
94 40 1
94 43 1
94 48 1
94 49 1
94 54 1
94 55 1
94 57 -1
94 58 1
94 59 1
94 62 1
94 63 -1
94 67 1
94 69 1
94 70 1
94 72 1
94 74 -1
94 78 1
94 79 1
94 82 1
94 84 -1
94 85 -1
94 86 1
94 88 1
94 89 -1
94 91 -1
94 95 1
94 99 1
94 104 1
94 105 1
94 106 1
94 107 1
94 109 -1
94 110 1
94 111 -1
94 112 1
94 114 1
94 115 1
94 116 -1
94 117 -1
94 120 1
94 124 1
94 132 1
94 136 1
94 141 1
94 142 1
94 145 1
94 148 -1
94 150 -1
95 1 1
95 2 1
95 3 1
95 6 1
95 7 1
95 8 -1
95 11 1
95 13 1
95 16 1
95 18 1
95 24 -1
95 25 1
95 26 -1
95 27 1
95 28 -1
95 31 1
95 32 1
95 34 -1
95 36 -1
95 38 1
95 39 1
95 41 1
95 44 1
95 45 1
95 48 1
95 49 1
95 50 -1
95 54 1
95 55 -1
95 56 1
95 57 1
95 59 1
95 62 1
95 65 1
95 68 1
95 70 -1
95 71 1
95 72 -1
95 73 1
95 74 1
95 79 1
95 80 1
95 81 -1
95 82 1
95 85 1
95 86 1
95 87 1
95 88 -1
95 91 1
95 92 1
95 93 1
95 100 1
95 101 1
95 103 1
95 104 -1
95 105 1
95 106 1
95 111 1
95 112 1
95 115 1
95 116 1
95 119 -1
95 122 1
95 126 -1
95 127 1
95 128 -1
95 132 1
95 133 1
95 134 1
95 137 -1
95 139 -1
95 140 -1
95 141 1
95 143 1
95 145 1
95 146 1
95 147 -1
95 148 1
96 1 1
96 4 1
96 5 1
96 9 1
96 10 -1
96 11 1
96 16 1
96 17 1
96 22 1
96 24 -1
96 25 -1
96 28 1
96 30 1
96 32 1
96 34 -1
96 40 1
96 41 1
96 42 -1
96 44 1
96 45 -1
96 47 -1
96 48 1
96 49 -1
96 51 1
96 52 1
96 53 1
96 54 1
96 55 1
96 56 1
96 57 1
96 58 1
96 59 -1
96 61 -1
96 62 -1
96 65 1
96 67 1
96 68 -1
96 69 1
96 70 1
96 73 1
96 74 -1
96 75 1
96 76 1
96 79 -1
96 80 1
96 81 1
96 82 1
96 83 1
96 84 1
96 85 1
96 87 1
96 91 1
96 94 -1
96 95 1
96 98 1
96 100 1
96 103 1
96 104 1
96 108 1
96 109 1
96 111 -1
96 113 1
96 115 1
96 118 -1
96 119 1
96 120 1
96 123 1
96 124 1
96 125 1
96 127 1
96 128 -1
96 131 1
96 133 1
96 135 1
96 137 1
96 138 -1
96 139 1
96 140 1
96 142 1
96 143 -1
96 147 1
96 148 1
96 149 1
96 150 1
97 2 1
97 4 1
97 5 1
97 6 1
97 7 1
97 9 1
97 10 1
97 11 1
97 12 1
97 15 1
97 16 1
97 17 1
97 18 1
97 19 -1
97 20 -1
97 22 1
97 24 -1
97 25 1
97 27 1
97 29 1
97 30 1
97 31 1
97 34 -1
97 36 1
97 37 1
97 38 -1
97 40 1
97 41 1
97 43 1
97 44 1
97 46 1
97 50 1
97 51 -1
97 53 1
97 56 1
97 57 1
97 59 -1
97 66 1
97 67 -1
97 68 -1
97 69 1
97 70 1
97 71 1
97 73 1
97 74 1
97 75 1
97 78 1
97 79 1
97 80 1
97 81 1
97 83 1
97 84 1
97 85 -1
97 91 1
97 92 -1
97 94 1
97 95 1
97 96 1
97 100 1
97 101 1
97 102 -1
97 105 1
97 107 1
97 112 1
97 115 1
97 116 -1
97 119 1
97 120 -1
97 124 1
97 125 1
97 130 1
97 132 -1
97 137 1
97 140 -1
97 141 1
97 145 1
97 146 1
97 147 1
97 148 1
97 149 1
97 150 1
98 1 -1
98 2 1
98 3 1
98 6 1
98 7 1
98 8 1
98 9 1
98 14 1
98 15 1
98 16 -1
98 17 -1
98 18 1
98 20 -1
98 25 1
98 26 1
98 28 1
98 29 -1
98 30 -1
98 31 1
98 35 1
98 40 1
98 41 -1
98 44 -1
98 45 1
98 47 1
98 52 1
98 54 1
98 56 1
98 59 1
98 64 -1
98 67 1
98 69 1
98 70 1
98 77 1
98 78 1
98 80 -1
98 81 1
98 82 1
98 83 1
98 84 1
98 85 1
98 89 1
98 90 1
98 91 1
98 92 -1
98 94 1
98 95 1
98 97 1
98 99 1
98 100 1
98 101 1
98 105 1
98 107 1
98 108 1
98 109 -1
98 110 1
98 112 1
98 113 1
98 114 -1
98 115 -1
98 117 1
98 118 1
98 122 -1
98 123 1
98 124 1
98 131 -1
98 132 1
98 133 1
98 134 1
98 135 1
98 136 1
98 137 -1
98 139 1
98 141 1
98 143 -1
98 147 1
98 148 1
98 149 -1
99 1 1
99 3 1
99 10 1
99 11 1
99 12 1
99 13 1
99 14 1
99 17 -1
99 18 1
99 19 1
99 20 1
99 21 1
99 24 1
99 26 1
99 27 -1
99 29 -1
99 31 1
99 32 -1
99 33 1
99 35 1
99 39 1
99 41 1
99 43 1
99 52 1
99 55 1
99 57 1
99 58 1
99 60 1
99 62 1
99 63 1
99 64 1
99 66 -1
99 67 1
99 69 1
99 71 1
99 73 1
99 78 1
99 79 1
99 80 1
99 82 1
99 84 1
99 85 1
99 88 -1
99 89 1
99 91 1
99 92 -1
99 95 1
99 96 1
99 97 1
99 101 -1
99 103 -1
99 105 1
99 106 1
99 107 1
99 108 1
99 109 1
99 110 1
99 111 1
99 112 1
99 113 1
99 114 -1
99 115 -1
99 120 1
99 121 1
99 123 1
99 124 1
99 125 1
99 126 1
99 127 -1
99 128 1
99 131 -1
99 132 1
99 133 1
99 135 1
99 137 -1
99 138 1
99 140 1
99 145 -1
99 149 1
100 3 1
100 10 1
100 13 1
100 14 1
100 15 1
100 18 1
100 19 1
100 23 -1
100 24 1
100 25 1
100 26 1
100 31 1
100 33 1
100 36 1
100 38 1
100 41 1
100 43 -1
100 46 1
100 51 1
100 54 1
100 55 -1
100 56 1
100 58 1
100 59 1
100 60 1
100 61 1
100 62 1
100 63 1
100 64 1
100 66 1
100 67 1
100 68 1
100 72 1
100 73 1
100 75 1
100 79 1
100 80 1
100 84 1
100 85 -1
100 87 1
100 88 1
100 89 1
100 91 1
100 93 1
100 94 1
100 99 1
100 104 1
100 105 1
100 106 1
100 107 1
100 108 1
100 113 1
100 116 1
100 117 -1
100 119 -1
100 120 1
100 124 1
100 127 1
100 128 1
100 132 1
100 133 1
100 134 1
100 136 1
100 138 1
100 140 1
100 141 1
100 144 1
100 145 1
100 147 1
100 149 1
100 150 1
101 2 1
101 3 1
101 4 1
101 6 1
101 14 1
101 15 1
101 17 1
101 18 1
101 27 1
101 31 -1
101 32 1
101 34 1
101 35 -1
101 36 1
101 38 1
101 39 1
101 40 1
101 45 1
101 46 1
101 47 1
101 48 1
101 49 1
101 50 1
101 52 1
101 57 1
101 58 1
101 60 1
101 61 -1
101 65 1
101 66 1
101 69 1
101 72 1
101 73 1
101 76 1
101 77 1
101 79 1
101 82 1
101 83 1
101 84 1
101 85 1
101 87 1
101 88 1
101 92 1
101 93 1
101 94 1
101 96 1
101 100 1
101 104 1
101 109 1
101 110 1
101 113 1
101 115 1
101 118 1
101 119 1
101 126 -1
101 129 1
101 130 1
101 132 1
101 135 1
101 140 -1
101 143 -1
101 144 1
101 146 1
101 147 1
101 150 1
102 2 -1
102 6 1
102 8 1
102 10 1
102 12 1
102 14 1
102 17 1
102 19 1
102 20 1
102 25 -1
102 29 1
102 35 1
102 36 1
102 37 -1
102 38 1
102 44 1
102 46 1
102 49 1
102 54 1
102 55 1
102 58 1
102 60 1
102 62 1
102 64 1
102 65 1
102 68 1
102 70 -1
102 71 1
102 72 1
102 74 -1
102 75 1
102 78 1
102 80 1
102 81 1
102 83 1
102 84 1
102 85 1
102 86 1
102 90 1
102 92 1
102 93 1
102 94 -1
102 95 1
102 96 -1
102 98 1
102 99 -1
102 100 1
102 101 1
102 105 -1
102 107 1
102 108 1
102 109 1
102 113 1
102 117 1
102 119 1
102 120 1
102 121 1
102 123 1
102 131 1
102 132 1
102 134 1
102 137 -1
102 138 1
102 139 1
102 140 -1
102 144 1
102 145 1
102 149 1
102 150 1
103 1 1
103 3 -1
103 4 1
103 6 1
103 8 1
103 9 1
103 10 -1
103 14 1
103 15 1
103 21 1
103 23 1
103 24 1
103 25 1
103 27 -1
103 35 1
103 36 1
103 37 1
103 39 1
103 41 -1
103 43 1
103 44 1
103 47 1
103 51 1
103 52 1
103 53 1
103 55 -1
103 57 1
103 59 1
103 60 1
103 63 1
103 64 1
103 68 1
103 70 1
103 72 1
103 73 1
103 75 -1
103 76 -1
103 77 1
103 78 1
103 79 1
103 84 1
103 86 -1
103 87 -1
103 91 1
103 92 1
103 94 1
103 97 -1
103 98 1
103 100 1
103 101 -1
103 102 1
103 105 1
103 107 1
103 112 1
103 118 -1
103 120 1
103 121 1
103 122 1
103 128 1
103 129 -1
103 131 1
103 133 1
103 136 -1
103 137 -1
103 139 1
103 141 1
103 147 1
103 150 1
104 2 -1
104 5 1
104 6 1
104 9 1
104 11 1
104 12 -1
104 13 1
104 20 1
104 21 1
104 23 1
104 25 1
104 28 -1
104 29 1
104 30 1
104 34 1
104 36 1
104 43 1
104 44 1
104 46 1
104 47 -1
104 48 1
104 52 1
104 54 -1
104 56 1
104 57 1
104 59 1
104 60 -1
104 61 1
104 62 1
104 63 1
104 64 1
104 65 1
104 66 -1
104 67 1
104 68 1
104 69 1
104 71 1
104 72 1
104 74 -1
104 75 1
104 76 -1
104 78 1
104 80 1
104 83 1
104 87 -1
104 89 1
104 91 1
104 97 1
104 98 1
104 99 1
104 102 1
104 103 -1
104 105 1
104 106 -1
104 109 1
104 110 1
104 111 -1
104 113 1
104 116 1
104 117 1
104 119 -1
104 120 1
104 121 1
104 122 1
104 130 -1
104 135 1
104 137 1
104 138 -1
104 139 1
104 141 1
104 142 1
104 144 1
104 145 1
104 146 1
104 147 -1
104 149 1
105 1 1
105 2 1
105 5 1
105 10 1
105 11 1
105 13 1
105 15 1
105 18 1
105 20 1
105 21 -1
105 22 -1
105 26 -1
105 29 1
105 30 1
105 31 1
105 35 1
105 41 1
105 43 1
105 45 1
105 47 1
105 50 -1
105 53 -1
105 54 1
105 55 1
105 56 1
105 57 1
105 58 1
105 59 -1
105 60 -1
105 65 1
105 72 1
105 74 -1
105 75 1
105 78 1
105 81 1
105 85 -1
105 86 1
105 88 -1
105 89 -1
105 90 1
105 93 -1
105 96 1
105 101 1
105 106 1
105 107 -1
105 108 1
105 109 1
105 110 -1
105 114 -1
105 119 1
105 120 1
105 123 1
105 124 1
105 132 1
105 133 1
105 134 1
105 137 1
105 138 1
105 139 1
105 140 1
105 141 -1
105 142 -1
105 144 1
105 149 1
105 150 1
106 1 1
106 2 -1
106 3 1
106 4 1
106 6 1
106 8 1
106 10 -1
106 11 -1
106 16 1
106 21 1
106 22 1
106 23 1
106 25 1
106 27 1
106 28 1
106 29 1
106 31 1
106 33 1
106 36 1
106 37 1
106 39 1
106 40 1
106 41 1
106 42 1
106 44 -1
106 49 1
106 50 1
106 51 1
106 52 1
106 55 1
106 58 1
106 59 1
106 61 1
106 66 1
106 67 -1
106 68 1
106 71 1
106 72 1
106 73 1
106 75 1
106 76 1
106 77 -1
106 78 1
106 81 -1
106 83 1
106 84 1
106 85 -1
106 87 1
106 89 1
106 90 1
106 96 -1
106 97 -1
106 98 1
106 101 -1
106 102 -1
106 103 1
106 109 1
106 111 1
106 112 1
106 113 1
106 115 1
106 116 1
106 117 -1
106 118 1
106 120 1
106 122 1
106 124 1
106 125 1
106 126 1
106 127 1
106 129 1
106 130 -1
106 131 1
106 132 -1
106 133 1
106 134 1
106 137 1
106 140 1
106 141 1
106 142 1
106 143 -1
106 144 1
106 145 1
106 147 1
106 149 1
106 150 1
107 2 1
107 3 1
107 4 1
107 13 1
107 14 1
107 16 -1
107 17 1
107 18 1
107 19 1
107 20 1
107 21 1
107 24 1
107 27 1
107 35 1
107 36 -1
107 37 1
107 39 1
107 41 -1
107 48 1
107 54 1
107 56 1
107 58 1
107 59 1
107 60 1
107 64 1
107 65 1
107 66 -1
107 68 1
107 70 1
107 74 1
107 75 1
107 77 1
107 78 1
107 79 1
107 80 1
107 81 1
107 86 1
107 88 1
107 91 1
107 92 1
107 95 1
107 96 1
107 101 -1
107 104 1
107 106 -1
107 112 1
107 113 1
107 114 1
107 117 1
107 122 1
107 124 1
107 125 1
107 127 1
107 128 1
107 130 1
107 137 1
107 140 -1
107 141 1
107 143 -1
107 144 1
107 147 1
107 148 1
107 150 1
108 3 1
108 4 1
108 6 1
108 7 1
108 8 1
108 9 1
108 13 1
108 14 1
108 16 1
108 17 -1
108 18 -1
108 20 1
108 21 -1
108 22 1
108 23 1
108 24 1
108 25 1
108 26 1
108 28 1
108 30 1
108 31 1
108 32 1
108 37 1
108 40 1
108 43 -1
108 47 -1
108 49 1
108 50 1
108 53 1
108 54 -1
108 56 1
108 58 1
108 60 1
108 63 1
108 64 -1
108 65 1
108 66 1
108 67 -1
108 68 -1
108 69 1
108 70 1
108 73 1
108 74 1
108 75 1
108 82 1
108 84 1
108 85 1
108 88 1
108 89 1
108 92 1
108 93 -1
108 94 -1
108 95 1
108 97 1
108 101 1
108 103 1
108 104 1
108 106 1
108 107 1
108 111 1
108 116 1
108 120 1
108 122 1
108 126 -1
108 129 1
108 130 1
108 131 1
108 134 1
108 135 1
108 136 -1
108 139 1
108 140 1
108 141 1
108 142 1
108 144 -1
108 145 -1
108 146 1
108 147 1
108 148 1
108 150 1
109 9 1
109 10 1
109 12 1
109 14 1
109 16 1
109 17 -1
109 19 1
109 21 1
109 22 1
109 29 1
109 31 1
109 33 1
109 36 1
109 40 1
109 41 1
109 44 1
109 45 1
109 48 1
109 49 1
109 51 1
109 52 1
109 53 1
109 59 1
109 61 -1
109 62 1
109 63 -1
109 65 -1
109 66 1
109 67 1
109 71 1
109 73 1
109 78 1
109 81 -1
109 83 1
109 86 1
109 90 1
109 91 -1
109 92 -1
109 93 1
109 95 1
109 97 1
109 100 1
109 103 -1
109 107 1
109 108 -1
109 110 1
109 111 1
109 112 1
109 117 -1
109 118 1
109 119 1
109 123 -1
109 124 1
109 125 1
109 126 1
109 128 -1
109 129 1
109 132 1
109 133 1
109 134 1
109 136 1
109 137 1
109 141 -1
109 142 1
109 147 1
109 148 1
110 2 1
110 6 1
110 7 1
110 8 1
110 11 1
110 12 -1
110 14 -1
110 16 1
110 18 1
110 19 1
110 21 1
110 22 1
110 25 1
110 27 -1
110 28 1
110 29 1
110 30 1
110 31 1
110 33 1
110 34 1
110 36 1
110 37 -1
110 38 1
110 40 1
110 43 1
110 44 1
110 45 1
110 46 1
110 47 1
110 51 -1
110 52 -1
110 55 1
110 58 1
110 59 1
110 61 1
110 65 1
110 67 1
110 69 1
110 70 1
110 71 1
110 75 -1
110 76 1
110 80 1
110 82 1
110 84 1
110 86 1
110 87 1
110 88 1
110 90 -1
110 95 -1
110 96 1
110 97 1
110 100 1
110 102 1
110 103 1
110 106 1
110 107 -1
110 108 1
110 111 1
110 112 1
110 113 1
110 115 1
110 118 1
110 120 1
110 121 -1
110 122 1
110 124 1
110 131 -1
110 134 1
110 135 1
110 139 1
110 140 1
110 144 1
110 145 1
110 147 -1
111 2 -1
111 3 1
111 4 1
111 5 1
111 8 1
111 10 1
111 11 1
111 13 -1
111 14 1
111 17 1
111 19 1
111 21 1
111 22 -1
111 23 -1
111 25 1
111 27 1
111 28 1
111 30 1
111 31 1
111 32 1
111 34 1
111 36 1
111 38 1
111 39 1
111 40 1
111 42 1
111 44 1
111 48 1
111 49 1
111 52 1
111 53 -1
111 56 1
111 60 1
111 61 -1
111 67 -1
111 69 1
111 71 1
111 74 1
111 76 1
111 80 1
111 82 -1
111 83 1
111 87 1
111 88 1
111 90 1
111 97 1
111 98 1
111 100 1
111 101 1
111 102 1
111 103 1
111 105 1
111 107 -1
111 112 1
111 114 1
111 115 1
111 122 1
111 123 1
111 126 1
111 127 1
111 128 1
111 130 1
111 133 -1
111 134 1
111 136 1
111 137 1
111 139 1
111 140 1
111 141 1
111 142 1
111 143 1
111 144 1
111 145 -1
111 148 1
112 3 -1
112 4 -1
112 6 1
112 9 1
112 10 1
112 12 1
112 13 1
112 14 -1
112 16 -1
112 19 1
112 27 1
112 28 1
112 29 1
112 33 1
112 34 1
112 35 1
112 38 1
112 39 -1
112 42 1
112 46 1
112 50 -1
112 51 1
112 52 1
112 53 1
112 54 1
112 56 1
112 60 -1
112 67 -1
112 68 1
112 70 -1
112 72 1
112 73 -1
112 74 -1
112 75 1
112 77 1
112 78 1
112 81 1
112 82 -1
112 85 1
112 91 1
112 92 1
112 96 1
112 100 1
112 101 -1
112 102 1
112 104 -1
112 105 1
112 108 1
112 113 1
112 114 1
112 115 1
112 116 1
112 117 1
112 120 1
112 124 -1
112 125 1
112 127 1
112 128 1
112 131 1
112 134 1
112 139 1
112 140 -1
112 141 1
112 142 1
112 144 1
112 145 1
112 146 1
112 147 1
112 149 1
113 6 1
113 7 1
113 10 -1
113 11 1
113 12 1
113 13 -1
113 15 1
113 20 1
113 23 1
113 24 -1
113 28 -1
113 29 1
113 31 1
113 32 1
113 33 1
113 35 -1
113 38 1
113 39 1
113 40 1
113 42 1
113 44 -1
113 46 -1
113 48 1
113 49 1
113 51 1
113 54 1
113 59 1
113 61 -1
113 63 1
113 67 1
113 73 -1
113 74 1
113 75 -1
113 76 -1
113 78 1
113 82 1
113 83 -1
113 84 1
113 85 -1
113 86 1
113 88 1
113 89 1
113 91 1
113 92 1
113 94 1
113 95 1
113 97 1
113 103 1
113 105 1
113 108 1
113 109 1
113 111 -1
113 114 1
113 116 1
113 117 1
113 121 1
113 127 1
113 128 1
113 129 -1
113 135 1
113 141 -1
113 144 1
113 146 1
113 149 1
114 2 1
114 4 -1
114 5 1
114 7 1
114 8 1
114 10 1
114 11 -1
114 14 1
114 17 1
114 18 1
114 19 1
114 22 1
114 23 -1
114 24 1
114 25 1
114 26 1
114 30 1
114 31 1
114 33 -1
114 34 1
114 36 1
114 39 1
114 41 1
114 43 1
114 44 1
114 45 -1
114 47 1
114 51 1
114 55 1
114 59 -1
114 62 1
114 66 1
114 67 -1
114 68 1
114 69 -1
114 73 -1
114 74 1
114 76 1
114 80 1
114 82 1
114 83 1
114 84 1
114 85 1
114 86 1
114 87 1
114 89 1
114 91 1
114 95 1
114 96 -1
114 97 1
114 100 -1
114 101 1
114 102 1
114 103 1
114 104 1
114 106 1
114 108 1
114 109 1
114 110 1
114 117 1
114 119 1
114 120 1
114 121 1
114 123 -1
114 126 1
114 127 -1
114 128 1
114 129 1
114 135 -1
114 136 -1
114 137 1
114 139 1
114 140 -1
114 142 1
114 143 -1
114 145 1
114 147 -1
114 148 1
114 149 -1
114 150 1
115 1 1
115 3 1
115 4 1
115 9 -1
115 12 1
115 13 1
115 16 1
115 17 1
115 18 1
115 19 1
115 26 1
115 27 1
115 28 1
115 29 1
115 30 1
115 31 1
115 33 1
115 35 1
115 36 1
115 37 1
115 38 -1
115 40 1
115 41 1
115 45 1
115 46 1
115 51 1
115 53 1
115 54 1
115 58 1
115 59 1
115 63 1
115 64 1
115 67 1
115 70 1
115 72 1
115 74 -1
115 75 1
115 80 1
115 81 1
115 82 1
115 83 -1
115 84 1
115 85 1
115 86 -1
115 88 -1
115 93 1
115 100 1
115 102 1
115 103 -1
115 104 -1
115 105 1
115 107 -1
115 108 -1
115 109 1
115 113 -1
115 114 1
115 116 1
115 118 -1
115 120 1
115 121 -1
115 122 1
115 123 1
115 126 1
115 127 1
115 133 1
115 135 -1
115 143 -1
115 144 1
115 146 -1
115 149 1
116 1 1
116 2 1
116 4 1
116 5 1
116 9 1
116 11 1
116 20 1
116 21 -1
116 22 1
116 23 1
116 24 1
116 25 1
116 27 1
116 30 1
116 36 1
116 37 1
116 39 1
116 43 1
116 45 1
116 52 1
116 53 1
116 54 1
116 55 1
116 57 1
116 62 1
116 65 1
116 66 1
116 68 1
116 72 1
116 73 1
116 74 1
116 75 1
116 80 -1
116 81 1
116 82 1
116 83 1
116 86 -1
116 90 -1
116 96 -1
116 98 1
116 99 1
116 101 1
116 102 -1
116 103 1
116 105 1
116 107 1
116 109 1
116 110 1
116 111 -1
116 114 1
116 120 1
116 127 1
116 129 1
116 130 1
116 131 -1
116 132 -1
116 134 -1
116 135 1
116 136 -1
116 137 1
116 138 1
116 139 -1
116 141 1
116 143 -1
116 149 1
116 150 -1
117 2 1
117 7 1
117 10 -1
117 13 1
117 18 1
117 19 -1
117 20 1
117 21 1
117 22 1
117 23 1
117 24 1
117 25 1
117 28 1
117 32 1
117 34 1
117 35 1
117 36 1
117 37 1
117 39 1
117 40 1
117 42 1
117 44 1
117 45 1
117 47 1
117 48 1
117 49 1
117 50 1
117 53 -1
117 56 1
117 60 -1
117 62 1
117 64 1
117 65 1
117 66 1
117 67 1
117 68 1
117 70 1
117 71 -1
117 73 1
117 74 1
117 78 1
117 79 1
117 81 1
117 82 -1
117 84 1
117 87 1
117 89 1
117 90 1
117 93 1
117 95 1
117 96 1
117 97 1
117 99 1
117 101 -1
117 103 1
117 105 -1
117 108 1
117 110 1
117 111 1
117 115 -1
117 116 1
117 118 -1
117 119 1
117 120 1
117 121 1
117 126 1
117 128 1
117 129 1
117 132 1
117 133 1
117 135 1
117 136 1
117 142 -1
117 143 1
117 148 1
118 3 -1
118 5 1
118 7 1
118 8 -1
118 9 1
118 12 1
118 14 1
118 15 1
118 17 1
118 18 1
118 23 1
118 24 1
118 25 -1
118 26 1
118 27 -1
118 28 1
118 30 -1
118 31 1
118 32 1
118 36 -1
118 39 1
118 42 1
118 43 1
118 47 -1
118 49 1
118 50 1
118 58 -1
118 60 1
118 64 1
118 65 1
118 66 1
118 70 1
118 72 1
118 74 -1
118 77 1
118 79 1
118 80 1
118 81 1
118 82 1
118 83 1
118 84 1
118 85 1
118 86 1
118 87 1
118 88 -1
118 89 1
118 93 1
118 94 1
118 95 1
118 97 1
118 99 1
118 100 1
118 102 1
118 104 1
118 105 1
118 107 1
118 108 1
118 111 1
118 112 -1
118 113 1
118 114 -1
118 116 1
118 119 1
118 123 1
118 125 1
118 127 -1
118 128 1
118 130 1
118 132 1
118 135 1
118 138 -1
118 139 1
118 140 1
118 143 -1
118 144 1
118 147 -1
119 3 1
119 6 1
119 8 1
119 11 1
119 14 -1
119 17 1
119 20 1
119 23 1
119 24 -1
119 25 1
119 26 1
119 30 -1
119 33 1
119 34 1
119 35 1
119 36 1
119 39 1
119 40 -1
119 42 1
119 47 1
119 49 1
119 52 1
119 53 -1
119 54 1
119 57 -1
119 58 1
119 61 -1
119 64 1
119 68 1
119 69 1
119 73 1
119 74 1
119 75 1
119 76 1
119 79 1
119 80 1
119 81 1
119 83 1
119 84 1
119 86 1
119 87 1
119 88 1
119 89 1
119 93 1
119 94 1
119 98 1
119 99 -1
119 103 1
119 106 1
119 107 1
119 108 -1
119 110 -1
119 111 1
119 112 1
119 113 -1
119 115 1
119 116 1
119 126 1
119 130 1
119 133 1
119 134 -1
119 142 1
119 143 1
119 147 1
119 148 1
120 2 1
120 4 1
120 5 1
120 6 1
120 7 1
120 10 1
120 15 1
120 17 1
120 19 -1
120 20 1
120 21 -1
120 23 1
120 24 1
120 26 -1
120 28 -1
120 32 1
120 33 1
120 34 1
120 38 -1
120 40 1
120 41 1
120 43 -1
120 46 -1
120 49 1
120 51 1
120 52 -1
120 54 1
120 57 1
120 59 1
120 61 1
120 62 1
120 65 1
120 67 1
120 68 -1
120 70 -1
120 71 -1
120 73 1
120 74 1
120 75 1
120 76 -1
120 79 1
120 81 -1
120 82 1
120 83 1
120 84 -1
120 86 1
120 88 -1
120 90 1
120 92 1
120 93 1
120 95 1
120 98 1
120 101 1
120 107 1
120 109 -1
120 111 -1
120 113 1
120 118 1
120 119 1
120 121 1
120 122 1
120 123 1
120 124 1
120 125 -1
120 129 1
120 130 -1
120 133 1
120 136 -1
120 140 -1
120 142 1
120 144 1
120 147 1
120 150 1
121 3 -1
121 6 -1
121 7 1
121 8 1
121 12 1
121 13 1
121 14 -1
121 15 -1
121 20 -1
121 21 1
121 24 1
121 27 1
121 28 -1
121 29 1
121 33 1
121 34 1
121 36 1
121 37 1
121 40 -1
121 41 1
121 46 -1
121 48 1
121 49 1
121 55 1
121 57 1
121 58 1
121 62 -1
121 63 1
121 65 1
121 68 1
121 69 1
121 70 1
121 73 -1
121 74 -1
121 76 -1
121 78 -1
121 79 1
121 80 1
121 82 1
121 84 1
121 85 1
121 88 1
121 90 1
121 91 -1
121 93 1
121 94 1
121 95 1
121 96 -1
121 97 1
121 98 -1
121 100 1
121 101 1
121 105 1
121 106 1
121 107 1
121 108 1
121 109 1
121 111 1
121 112 1
121 116 1
121 118 1
121 119 1
121 122 1
121 123 1
121 125 1
121 126 1
121 129 -1
121 130 -1
121 132 1
121 133 1
121 134 1
121 135 -1
121 136 1
121 137 1
121 139 -1
121 140 1
121 141 1
121 149 -1
121 150 -1
122 2 1
122 3 1
122 4 1
122 6 1
122 7 1
122 8 1
122 10 1
122 11 1
122 12 1
122 15 1
122 18 -1
122 20 1
122 22 -1
122 23 1
122 24 -1
122 28 1
122 29 1
122 31 1
122 32 -1
122 33 -1
122 34 -1
122 35 1
122 36 1
122 41 1
122 43 1
122 44 1
122 47 1
122 48 1
122 52 1
122 54 -1
122 55 1
122 58 1
122 59 1
122 61 1
122 62 1
122 64 -1
122 65 1
122 67 1
122 73 1
122 77 -1
122 80 -1
122 82 -1
122 86 1
122 87 -1
122 88 1
122 89 1
122 90 1
122 93 1
122 94 -1
122 96 1
122 97 -1
122 99 1
122 100 1
122 101 -1
122 102 1
122 105 1
122 109 1
122 112 -1
122 113 1
122 114 1
122 116 -1
122 117 -1
122 118 -1
122 119 1
122 123 1
122 124 1
122 125 1
122 126 1
122 127 1
122 130 -1
122 131 1
122 132 -1
122 134 1
122 136 1
122 138 1
122 139 1
122 140 -1
122 141 1
122 142 1
122 143 1
122 145 1
122 147 1
123 4 1
123 6 1
123 7 1
123 11 -1
123 13 1
123 14 -1
123 19 1
123 20 1
123 22 1
123 23 1
123 24 -1
123 26 1
123 28 1
123 29 1
123 32 1
123 33 1
123 34 1
123 36 -1
123 38 1
123 41 1
123 42 1
123 46 1
123 48 1
123 50 1
123 52 1
123 53 1
123 56 1
123 61 1
123 64 -1
123 65 1
123 66 1
123 71 -1
123 72 1
123 73 1
123 74 1
123 77 1
123 78 1
123 80 1
123 81 1
123 82 1
123 83 -1
123 84 -1
123 85 1
123 88 1
123 91 1
123 92 -1
123 93 -1
123 94 1
123 95 1
123 97 1
123 100 1
123 101 1
123 103 1
123 104 1
123 106 1
123 107 -1
123 108 -1
123 110 1
123 112 1
123 113 1
123 116 1
123 117 1
123 119 1
123 130 1
123 132 1
123 133 1
123 135 1
123 136 1
123 137 -1
123 138 -1
123 139 1
123 140 1
123 143 1
123 148 1
123 149 1
123 150 1
124 1 1
124 5 1
124 8 1
124 9 1
124 13 1
124 15 1
124 18 1
124 20 1
124 25 1
124 26 1
124 27 1
124 28 1
124 32 1
124 35 1
124 37 -1
124 40 1
124 41 1
124 46 1
124 47 1
124 49 1
124 50 1
124 53 1
124 56 -1
124 58 1
124 59 1
124 60 -1
124 63 -1
124 65 -1
124 66 1
124 67 1
124 68 1
124 70 1
124 74 1
124 75 1
124 76 1
124 78 1
124 83 1
124 84 1
124 85 1
124 89 -1
124 90 -1
124 93 1
124 95 -1
124 101 -1
124 102 1
124 103 1
124 104 1
124 108 1
124 111 1
124 113 1
124 114 -1
124 115 -1
124 116 -1
124 117 1
124 118 1
124 119 1
124 121 1
124 123 1
124 126 1
124 127 1
124 129 -1
124 131 -1
124 133 1
124 134 1
124 136 1
124 137 1
124 140 1
124 141 1
124 142 1
124 143 1
124 144 -1
124 148 -1
125 2 1
125 3 1
125 5 1
125 6 1
125 7 1
125 9 -1
125 17 1
125 18 1
125 19 -1
125 20 1
125 22 1
125 23 1
125 26 1
125 30 1
125 31 1
125 34 1
125 39 1
125 41 1
125 42 -1
125 44 1
125 46 1
125 47 1
125 50 1
125 54 -1
125 57 1
125 59 1
125 60 1
125 61 1
125 62 1
125 63 1
125 65 1
125 66 -1
125 72 -1
125 74 1
125 80 1
125 81 1
125 83 1
125 84 1
125 85 1
125 87 1
125 88 1
125 90 1
125 92 1
125 93 1
125 94 -1
125 95 1
125 98 1
125 100 1
125 101 1
125 102 -1
125 103 1
125 104 -1
125 105 1
125 108 1
125 110 1
125 111 1
125 113 1
125 114 1
125 115 1
125 116 1
125 117 1
125 119 -1
125 123 1
125 124 1
125 127 -1
125 128 1
125 129 1
125 130 1
125 134 1
125 135 1
125 137 1
125 139 1
125 140 1
125 141 1
125 142 1
125 143 1
125 144 1
125 148 1
125 150 -1
126 1 1
126 4 1
126 5 1
126 6 1
126 9 1
126 12 -1
126 13 1
126 14 -1
126 15 -1
126 16 1
126 18 1
126 21 -1
126 23 -1
126 25 -1
126 29 1
126 31 -1
126 32 1
126 37 1
126 38 -1
126 41 1
126 44 1
126 46 1
126 48 1
126 50 1
126 51 -1
126 52 -1
126 53 -1
126 55 1
126 57 -1
126 58 1
126 59 1
126 60 -1
126 61 1
126 62 1
126 63 1
126 64 1
126 65 1
126 66 1
126 75 1
126 76 1
126 77 1
126 78 -1
126 81 1
126 83 -1
126 87 1
126 88 -1
126 89 1
126 90 1
126 91 1
126 92 1
126 93 1
126 94 -1
126 96 -1
126 97 1
126 98 1
126 100 1
126 102 -1
126 103 -1
126 104 -1
126 105 1
126 107 1
126 110 1
126 112 1
126 113 1
126 116 -1
126 118 -1
126 120 1
126 123 1
126 125 -1
126 130 1
126 131 -1
126 133 1
126 134 1
126 137 1
126 138 1
126 141 1
126 143 1
126 144 1
126 145 -1
126 146 1
126 150 1
127 4 1
127 9 -1
127 14 1
127 17 1
127 18 1
127 19 1
127 23 1
127 25 1
127 27 1
127 28 1
127 33 1
127 34 1
127 36 1
127 39 -1
127 40 1
127 41 1
127 47 1
127 48 1
127 50 1
127 51 -1
127 52 1
127 54 1
127 57 1
127 59 1
127 61 1
127 62 1
127 64 1
127 66 1
127 67 1
127 69 1
127 71 1
127 72 1
127 75 1
127 76 1
127 77 1
127 81 1
127 82 1
127 83 1
127 85 1
127 91 1
127 92 1
127 93 1
127 94 1
127 97 -1
127 98 1
127 101 1
127 102 1
127 103 1
127 104 -1
127 105 1
127 108 -1
127 109 -1
127 110 1
127 117 -1
127 119 1
127 120 1
127 121 1
127 123 1
127 126 1
127 128 1
127 129 -1
127 131 1
127 132 1
127 134 -1
127 135 1
127 138 1
127 139 1
127 141 1
127 144 1
127 145 1
127 146 1
127 148 -1
127 149 1
127 150 1
128 1 -1
128 6 1
128 8 1
128 9 -1
128 12 -1
128 13 1
128 15 1
128 17 1
128 19 1
128 20 1
128 21 1
128 22 1
128 23 1
128 24 1
128 26 1
128 31 1
128 32 1
128 33 1
128 35 1
128 37 1
128 40 1
128 41 1
128 43 1
128 45 1
128 47 -1
128 49 1
128 52 -1
128 55 1
128 58 1
128 60 1
128 62 1
128 66 1
128 67 1
128 69 1
128 70 1
128 71 1
128 76 -1
128 79 1
128 81 1
128 83 1
128 92 1
128 94 1
128 97 1
128 98 1
128 101 -1
128 102 1
128 104 1
128 105 1
128 106 1
128 108 1
128 110 1
128 115 1
128 116 1
128 119 1
128 120 1
128 121 1
128 122 1
128 123 1
128 124 1
128 126 -1
128 130 1
128 133 -1
128 134 1
128 136 1
128 138 1
128 140 -1
128 141 1
128 142 1
128 144 1
128 145 1
128 146 1
128 150 1
129 1 1
129 3 1
129 4 1
129 5 1
129 9 1
129 11 1
129 12 1
129 13 1
129 16 1
129 18 1
129 19 1
129 20 1
129 21 1
129 22 1
129 24 1
129 25 -1
129 26 1
129 32 1
129 37 -1
129 38 1
129 39 1
129 41 1
129 42 1
129 43 1
129 45 1
129 51 1
129 53 1
129 58 -1
129 59 1
129 61 1
129 62 1
129 63 1
129 64 1
129 67 1
129 69 -1
129 73 1
129 74 1
129 75 -1
129 79 -1
129 80 1
129 82 -1
129 83 -1
129 84 1
129 87 1
129 88 1
129 90 1
129 91 1
129 92 1
129 94 1
129 95 1
129 96 -1
129 97 1
129 98 1
129 99 -1
129 100 -1
129 102 1
129 104 1
129 105 -1
129 107 1
129 110 -1
129 111 1
129 112 1
129 115 1
129 118 1
129 119 1
129 122 1
129 123 1
129 126 1
129 128 1
129 135 1
129 137 1
129 139 1
129 140 1
129 144 1
129 147 1
129 149 1
129 150 -1
130 5 1
130 9 1
130 10 1
130 11 1
130 15 -1
130 16 1
130 23 1
130 24 1
130 25 1
130 28 1
130 29 1
130 30 1
130 34 -1
130 36 1
130 39 -1
130 41 1
130 43 1
130 47 -1
130 49 1
130 51 1
130 52 1
130 53 1
130 54 1
130 57 1
130 59 1
130 61 1
130 63 1
130 64 1
130 65 1
130 68 1
130 70 -1
130 72 1
130 79 1
130 80 -1
130 82 1
130 83 1
130 90 1
130 91 1
130 92 1
130 93 1
130 94 -1
130 95 -1
130 96 1
130 98 1
130 99 1
130 100 1
130 102 -1
130 103 1
130 105 1
130 109 1
130 110 1
130 112 1
130 113 1
130 114 1
130 115 1
130 117 1
130 124 -1
130 127 1
130 129 1
130 132 -1
130 133 1
130 134 1
130 135 1
130 137 -1
130 139 1
130 140 -1
130 142 1
130 143 1
130 144 1
130 145 1
130 146 1
130 147 -1
131 4 1
131 9 1
131 10 1
131 11 1
131 12 -1
131 14 -1
131 15 1
131 17 1
131 19 1
131 20 -1
131 23 1
131 25 1
131 27 1
131 29 1
131 34 1
131 35 -1
131 36 1
131 39 1
131 41 1
131 46 1
131 48 1
131 51 1
131 52 1
131 54 1
131 55 1
131 57 1
131 58 1
131 59 1
131 60 1
131 61 1
131 62 1
131 64 -1
131 66 1
131 67 1
131 68 1
131 71 1
131 74 1
131 78 1
131 79 -1
131 80 1
131 84 -1
131 86 1
131 87 1
131 88 1
131 89 1
131 91 -1
131 92 -1
131 93 1
131 94 1
131 95 1
131 97 1
131 100 1
131 101 1
131 104 1
131 105 1
131 107 1
131 109 1
131 111 -1
131 113 1
131 114 1
131 115 1
131 117 -1
131 118 1
131 119 1
131 120 1
131 121 1
131 123 1
131 125 1
131 128 1
131 129 1
131 130 1
131 134 -1
131 135 1
131 138 1
131 139 1
131 140 1
131 141 -1
131 143 1
131 145 1
131 146 1
131 147 -1
131 149 1
132 1 1
132 2 1
132 3 1
132 4 -1
132 5 -1
132 6 1
132 11 -1
132 13 1
132 15 1
132 16 1
132 19 1
132 20 1
132 29 1
132 31 1
132 36 1
132 38 -1
132 39 1
132 40 -1
132 41 1
132 42 1
132 43 1
132 44 -1
132 48 1
132 50 1
132 57 1
132 58 1
132 59 1
132 60 -1
132 62 1
132 64 -1
132 65 1
132 67 1
132 69 1
132 74 1
132 75 1
132 76 1
132 77 1
132 78 1
132 80 1
132 82 1
132 87 -1
132 88 1
132 90 1
132 92 1
132 96 1
132 103 1
132 104 1
132 107 1
132 108 1
132 110 1
132 111 1
132 112 1
132 113 1
132 114 1
132 115 -1
132 119 1
132 120 1
132 124 1
132 125 1
132 126 -1
132 128 1
132 129 1
132 131 1
132 135 1
132 136 1
132 140 1
132 142 1
132 143 1
132 147 1
132 148 -1
133 2 1
133 6 1
133 7 1
133 9 1
133 13 1
133 15 1
133 17 1
133 21 1
133 24 -1
133 25 1
133 26 1
133 27 1
133 29 1
133 38 1
133 39 -1
133 42 1
133 44 1
133 45 1
133 49 1
133 51 1
133 52 -1
133 58 1
133 60 1
133 64 1
133 65 1
133 66 1
133 67 -1
133 68 1
133 69 -1
133 70 1
133 71 -1
133 72 1
133 73 1
133 74 1
133 75 -1
133 76 1
133 78 1
133 81 1
133 82 1
133 83 1
133 84 1
133 85 1
133 87 1
133 88 1
133 89 1
133 90 1
133 91 -1
133 94 1
133 97 1
133 101 1
133 102 1
133 104 1
133 107 1
133 108 -1
133 110 1
133 112 1
133 113 1
133 114 1
133 116 1
133 118 1
133 122 1
133 125 1
133 127 1
133 129 1
133 131 1
133 132 1
133 134 1
133 137 1
133 138 1
133 139 1
133 145 -1
133 147 1
133 149 -1
134 3 1
134 5 1
134 8 1
134 9 -1
134 10 1
134 12 1
134 16 -1
134 19 1
134 20 1
134 21 1
134 22 1
134 23 1
134 24 1
134 25 1
134 26 -1
134 29 1
134 31 1
134 33 1
134 35 1
134 40 1
134 42 1
134 43 1
134 46 1
134 49 1
134 50 1
134 51 1
134 53 -1
134 54 1
134 57 1
134 58 1
134 61 1
134 64 1
134 65 1
134 68 -1
134 69 1
134 70 -1
134 71 1
134 72 1
134 78 1
134 79 1
134 82 1
134 85 1
134 86 -1
134 87 1
134 91 1
134 92 1
134 93 1
134 94 1
134 96 1
134 97 1
134 99 1
134 101 1
134 103 1
134 104 -1
134 107 1
134 113 1
134 114 1
134 115 -1
134 117 1
134 118 1
134 120 1
134 123 1
134 129 1
134 132 1
134 136 1
134 137 1
134 138 1
134 140 1
134 145 1
134 147 1
135 3 1
135 4 1
135 5 1
135 11 1
135 12 1
135 14 1
135 15 -1
135 16 1
135 17 1
135 19 1
135 21 1
135 22 1
135 25 1
135 32 1
135 34 -1
135 35 1
135 36 -1
135 38 -1
135 39 1
135 40 -1
135 42 1
135 46 1
135 48 1
135 49 1
135 51 1
135 54 1
135 55 -1
135 57 1
135 58 -1
135 59 1
135 60 -1
135 61 1
135 62 1
135 67 1
135 68 1
135 69 1
135 70 -1
135 74 1
135 75 -1
135 76 1
135 77 1
135 83 1
135 84 -1
135 87 1
135 91 -1
135 93 1
135 94 1
135 95 1
135 97 1
135 100 1
135 102 -1
135 103 1
135 105 -1
135 106 -1
135 107 1
135 109 1
135 111 1
135 112 1
135 119 1
135 120 1
135 122 1
135 124 1
135 126 -1
135 128 -1
135 133 -1
135 134 1
135 137 1
135 140 1
135 141 1
135 144 1
135 145 1
135 146 1
135 147 1
135 148 1
135 149 1
136 1 1
136 2 1
136 3 1
136 4 1
136 5 -1
136 6 1
136 10 1
136 11 1
136 13 1
136 15 1
136 16 -1
136 17 1
136 20 -1
136 21 1
136 22 1
136 23 1
136 24 1
136 25 1
136 28 1
136 30 -1
136 31 -1
136 32 1
136 34 1
136 36 1
136 37 1
136 39 1
136 40 1
136 41 -1
136 42 1
136 43 1
136 44 1
136 45 1
136 49 -1
136 52 -1
136 53 1
136 54 1
136 55 1
136 56 1
136 58 1
136 59 1
136 60 -1
136 62 1
136 63 1
136 64 1
136 65 1
136 66 1
136 69 -1
136 70 1
136 72 1
136 75 1
136 76 1
136 79 1
136 80 -1
136 81 1
136 83 1
136 86 1
136 87 1
136 90 -1
136 92 1
136 93 -1
136 95 1
136 96 1
136 97 -1
136 99 1
136 101 1
136 102 -1
136 104 1
136 105 -1
136 106 1
136 107 1
136 110 -1
136 112 1
136 113 -1
136 115 1
136 118 -1
136 119 -1
136 125 1
136 126 1
136 127 1
136 129 1
136 130 1
136 131 -1
136 133 1
136 135 1
136 138 1
136 139 1
136 141 -1
136 145 1
136 146 1
136 148 1
136 149 1
136 150 1
137 3 -1
137 4 1
137 5 1
137 6 1
137 7 -1
137 8 1
137 13 1
137 15 1
137 18 1
137 21 1
137 24 -1
137 25 1
137 26 -1
137 27 1
137 29 1
137 32 1
137 33 1
137 34 1
137 35 1
137 36 1
137 37 -1
137 38 1
137 40 -1
137 41 1
137 46 -1
137 48 1
137 52 1
137 55 1
137 57 1
137 59 1
137 63 1
137 67 1
137 68 1
137 69 1
137 72 1
137 73 -1
137 74 1
137 75 1
137 77 1
137 79 -1
137 83 -1
137 84 1
137 85 1
137 87 -1
137 89 -1
137 93 1
137 94 1
137 100 1
137 101 1
137 108 -1
137 110 1
137 112 -1
137 113 -1
137 115 1
137 117 1
137 118 -1
137 119 -1
137 120 -1
137 122 1
137 127 1
137 128 1
137 131 1
137 132 1
137 136 1
137 141 1
137 142 1
137 143 1
137 146 1
137 149 1
138 1 1
138 2 1
138 3 -1
138 4 -1
138 11 1
138 12 1
138 13 1
138 15 1
138 16 1
138 20 1
138 24 1
138 27 -1
138 30 1
138 31 1
138 32 1
138 34 1
138 38 -1
138 43 -1
138 46 1
138 47 1
138 48 1
138 49 -1
138 53 1
138 54 1
138 56 1
138 57 1
138 59 1
138 62 1
138 66 1
138 67 1
138 68 1
138 69 1
138 70 1
138 71 1
138 72 1
138 73 1
138 74 1
138 76 1
138 78 1
138 81 1
138 82 1
138 85 1
138 89 1
138 93 1
138 94 1
138 95 1
138 97 1
138 98 1
138 101 1
138 103 1
138 106 1
138 107 -1
138 108 1
138 109 1
138 110 1
138 111 1
138 112 -1
138 113 1
138 114 1
138 115 1
138 117 1
138 119 1
138 120 1
138 121 1
138 124 1
138 125 1
138 129 -1
138 130 1
138 132 1
138 135 1
138 137 1
138 140 1
138 141 1
138 145 1
138 146 -1
138 147 1
138 150 1
139 4 1
139 6 1
139 8 -1
139 9 1
139 10 -1
139 11 1
139 12 -1
139 17 -1
139 21 -1
139 22 1
139 23 1
139 24 1
139 33 -1
139 36 1
139 37 1
139 38 -1
139 40 1
139 41 -1
139 45 -1
139 46 1
139 48 1
139 50 1
139 51 1
139 53 -1
139 54 1
139 56 -1
139 60 -1
139 62 -1
139 63 1
139 68 1
139 70 1
139 72 1
139 73 -1
139 76 1
139 78 1
139 82 1
139 86 1
139 88 1
139 91 1
139 92 1
139 93 -1
139 94 -1
139 97 1
139 99 1
139 100 1
139 101 1
139 106 -1
139 107 1
139 109 1
139 113 1
139 115 -1
139 117 -1
139 119 -1
139 120 1
139 124 1
139 126 -1
139 128 1
139 132 1
139 134 1
139 135 -1
139 137 -1
139 138 1
139 140 1
139 141 -1
139 147 1
139 149 1
139 150 1
140 1 1
140 7 1
140 13 1
140 14 1
140 16 1
140 19 1
140 20 1
140 21 1
140 24 1
140 25 1
140 26 1
140 27 1
140 31 1
140 32 1
140 33 1
140 34 1
140 35 1
140 36 1
140 39 1
140 40 1
140 43 -1
140 45 1
140 56 1
140 58 1
140 60 1
140 62 -1
140 63 1
140 70 1
140 71 1
140 72 -1
140 77 -1
140 78 1
140 79 1
140 80 1
140 83 1
140 86 1
140 87 1
140 89 1
140 90 -1
140 91 1
140 94 1
140 98 1
140 103 1
140 104 1
140 109 1
140 113 1
140 115 1
140 116 1
140 117 1
140 119 1
140 126 1
140 127 -1
140 133 1
140 136 1
140 137 1
140 141 1
140 145 1
140 147 1
140 149 1
140 150 1
141 1 1
141 3 1
141 4 1
141 5 1
141 6 -1
141 9 1
141 11 -1
141 14 1
141 15 1
141 18 -1
141 23 1
141 26 1
141 28 1
141 32 -1
141 33 1
141 40 1
141 41 1
141 43 1
141 45 -1
141 46 1
141 50 1
141 53 1
141 54 1
141 55 1
141 57 -1
141 58 1
141 59 1
141 60 1
141 63 1
141 64 -1
141 65 1
141 66 1
141 70 1
141 71 1
141 75 -1
141 77 1
141 78 1
141 79 1
141 89 1
141 92 1
141 93 1
141 96 1
141 99 1
141 101 1
141 102 1
141 110 1
141 114 1
141 115 -1
141 117 1
141 118 1
141 119 1
141 120 1
141 123 1
141 129 -1
141 130 1
141 132 1
141 133 1
141 134 1
141 143 -1
141 145 1
141 149 1
142 2 1
142 4 1
142 5 1
142 8 1
142 9 1
142 10 1
142 12 -1
142 14 1
142 15 1
142 16 1
142 18 1
142 19 1
142 24 1
142 26 1
142 27 1
142 28 1
142 30 -1
142 33 1
142 34 1
142 35 1
142 37 1
142 38 1
142 41 -1
142 42 -1
142 43 1
142 44 1
142 45 -1
142 46 -1
142 47 1
142 48 1
142 50 1
142 52 1
142 53 -1
142 54 1
142 55 1
142 57 1
142 58 -1
142 61 -1
142 62 1
142 63 1
142 64 1
142 65 1
142 66 -1
142 68 1
142 69 1
142 70 1
142 71 1
142 72 -1
142 73 1
142 78 -1
142 79 1
142 80 -1
142 82 1
142 86 -1
142 87 -1
142 89 1
142 91 1
142 92 1
142 93 1
142 95 1
142 97 1
142 98 1
142 99 -1
142 100 1
142 101 1
142 102 1
142 103 1
142 107 1
142 110 1
142 113 1
142 115 1
142 116 -1
142 118 1
142 121 1
142 123 1
142 126 1
142 127 1
142 129 1
142 131 1
142 133 1
142 134 1
142 135 -1
142 136 -1
142 138 1
142 139 1
142 140 1
142 141 -1
142 143 1
142 148 1
142 149 1
143 3 1
143 7 -1
143 9 1
143 13 1
143 15 1
143 16 1
143 17 -1
143 18 1
143 20 1
143 22 -1
143 25 1
143 26 1
143 27 -1
143 28 1
143 32 -1
143 34 1
143 35 1
143 36 1
143 39 1
143 41 1
143 44 1
143 47 -1
143 48 1
143 50 -1
143 51 -1
143 59 1
143 62 -1
143 68 -1
143 69 1
143 71 1
143 72 1
143 73 1
143 78 1
143 81 -1
143 84 -1
143 85 1
143 86 -1
143 87 1
143 93 1
143 94 -1
143 97 1
143 99 1
143 100 -1
143 102 1
143 103 1
143 104 1
143 105 1
143 108 1
143 109 1
143 110 -1
143 112 -1
143 113 1
143 120 -1
143 121 1
143 127 -1
143 128 1
143 129 1
143 133 1
143 134 1
143 135 1
143 136 -1
143 138 1
143 139 1
143 140 1
143 144 1
143 148 1
143 149 -1
143 150 1
144 2 1
144 3 -1
144 4 1
144 5 1
144 6 1
144 8 1
144 10 1
144 12 1
144 13 1
144 14 1
144 15 1
144 17 1
144 19 1
144 20 -1
144 21 1
144 22 1
144 23 1
144 24 1
144 25 1
144 26 -1
144 30 1
144 31 1
144 33 1
144 34 -1
144 35 1
144 37 1
144 38 1
144 39 -1
144 40 1
144 43 1
144 45 -1
144 47 1
144 48 1
144 49 1
144 51 1
144 58 1
144 59 1
144 60 -1
144 61 1
144 63 1
144 65 1
144 70 -1
144 72 1
144 74 1
144 75 1
144 80 1
144 81 1
144 85 1
144 86 1
144 89 1
144 91 1
144 94 -1
144 95 -1
144 96 1
144 97 1
144 98 1
144 99 1
144 103 1
144 109 1
144 114 -1
144 116 1
144 117 -1
144 119 -1
144 121 1
144 122 1
144 123 -1
144 131 1
144 132 1
144 133 -1
144 134 1
144 136 1
144 137 -1
144 138 -1
144 139 -1
144 140 1
144 141 1
144 142 1
144 146 1
144 148 1
145 3 1
145 4 1
145 5 1
145 8 1
145 9 -1
145 10 1
145 11 1
145 13 1
145 16 -1
145 17 1
145 19 -1
145 21 1
145 25 -1
145 26 1
145 27 1
145 29 1
145 31 1
145 34 -1
145 35 -1
145 36 1
145 38 1
145 39 -1
145 43 -1
145 45 1
145 46 1
145 47 1
145 50 1
145 54 1
145 57 1
145 59 1
145 60 1
145 61 1
145 65 1
145 67 1
145 68 1
145 70 1
145 71 1
145 72 1
145 73 1
145 74 1
145 79 1
145 81 1
145 83 1
145 84 1
145 85 1
145 86 1
145 87 1
145 89 1
145 93 1
145 96 -1
145 98 1
145 101 -1
145 103 -1
145 105 1
145 107 1
145 109 -1
145 113 1
145 115 1
145 116 1
145 117 1
145 118 -1
145 119 -1
145 120 1
145 121 1
145 123 -1
145 124 -1
145 125 -1
145 129 1
145 132 1
145 137 1
145 139 -1
145 142 1
145 143 1
145 144 1
145 147 -1
145 148 1
145 150 1
146 6 1
146 7 1
146 8 1
146 12 1
146 14 1
146 16 1
146 17 -1
146 20 1
146 24 1
146 25 1
146 27 -1
146 30 1
146 34 -1
146 39 1
146 41 1
146 46 1
146 50 1
146 51 1
146 54 1
146 55 1
146 57 -1
146 59 1
146 60 1
146 63 1
146 64 1
146 67 1
146 70 1
146 71 -1
146 72 1
146 75 1
146 78 1
146 79 1
146 82 1
146 86 1
146 91 1
146 94 -1
146 96 1
146 98 -1
146 99 1
146 100 1
146 102 1
146 103 -1
146 105 -1
146 106 -1
146 107 1
146 109 1
146 110 -1
146 111 1
146 114 1
146 116 1
146 117 1
146 118 -1
146 119 1
146 120 1
146 121 1
146 122 1
146 123 -1
146 124 -1
146 125 -1
146 129 1
146 132 1
146 133 -1
146 134 -1
146 139 1
146 140 1
146 141 -1
146 142 -1
146 143 1
146 145 1
146 147 -1
146 149 1
147 5 1
147 7 1
147 8 1
147 9 1
147 10 1
147 11 1
147 14 1
147 18 -1
147 21 1
147 22 1
147 24 1
147 28 1
147 29 1
147 30 -1
147 33 1
147 34 -1
147 36 1
147 39 1
147 40 1
147 41 -1
147 43 1
147 44 1
147 45 1
147 47 1
147 51 1
147 56 -1
147 59 1
147 62 1
147 64 -1
147 65 1
147 66 1
147 67 -1
147 74 1
147 77 1
147 78 -1
147 82 1
147 85 1
147 87 -1
147 88 1
147 90 1
147 93 1
147 94 1
147 99 1
147 102 1
147 105 1
147 111 -1
147 113 1
147 115 -1
147 116 1
147 117 -1
147 121 1
147 123 -1
147 124 -1
147 125 1
147 126 -1
147 127 1
147 128 1
147 136 -1
147 137 1
147 141 1
147 142 1
147 143 1
147 144 -1
147 150 1
148 2 1
148 4 1
148 6 -1
148 7 1
148 8 1
148 9 1
148 10 1
148 11 -1
148 14 1
148 17 1
148 18 -1
148 20 -1
148 23 1
148 24 1
148 28 -1
148 35 1
148 37 1
148 38 1
148 41 1
148 43 1
148 45 1
148 46 1
148 48 1
148 49 1
148 50 1
148 51 -1
148 54 1
148 55 -1
148 56 1
148 57 1
148 58 1
148 59 -1
148 61 1
148 62 1
148 63 1
148 66 1
148 70 1
148 71 1
148 74 1
148 76 1
148 79 1
148 80 1
148 82 1
148 83 1
148 84 1
148 85 -1
148 88 1
148 89 1
148 92 1
148 99 1
148 100 1
148 101 1
148 102 1
148 103 1
148 104 1
148 105 1
148 106 1
148 110 1
148 112 1
148 113 1
148 115 1
148 116 1
148 118 1
148 120 1
148 121 1
148 122 1
148 126 1
148 128 -1
148 129 1
148 130 1
148 131 1
148 133 1
148 134 1
148 137 1
148 138 -1
148 139 1
148 140 1
148 141 1
148 146 1
148 147 1
148 149 1
148 150 -1
149 2 1
149 3 1
149 5 1
149 9 1
149 10 1
149 14 1
149 16 1
149 17 1
149 20 1
149 21 1
149 22 -1
149 23 1
149 25 1
149 26 1
149 28 1
149 29 1
149 30 -1
149 32 -1
149 35 1
149 36 1
149 39 1
149 40 1
149 41 1
149 42 1
149 43 1
149 45 1
149 47 1
149 48 1
149 49 -1
149 51 -1
149 52 1
149 54 1
149 56 1
149 57 1
149 59 -1
149 60 1
149 64 1
149 66 1
149 67 1
149 69 1
149 70 1
149 71 1
149 76 1
149 80 1
149 81 1
149 83 1
149 85 1
149 86 1
149 90 -1
149 92 1
149 93 1
149 94 -1
149 95 1
149 101 1
149 103 -1
149 107 1
149 108 1
149 109 1
149 110 1
149 111 1
149 117 -1
149 118 1
149 119 1
149 120 1
149 122 -1
149 124 1
149 125 1
149 126 1
149 128 1
149 130 1
149 132 1
149 134 1
149 138 -1
149 144 1
149 145 1
149 147 -1
150 2 1
150 5 1
150 6 1
150 11 1
150 14 1
150 15 1
150 18 1
150 20 -1
150 21 1
150 22 1
150 24 1
150 25 1
150 26 -1
150 28 -1
150 30 1
150 31 1
150 32 1
150 33 -1
150 35 1
150 36 1
150 37 1
150 39 1
150 40 -1
150 42 -1
150 46 1
150 47 1
150 48 1
150 53 1
150 54 -1
150 55 1
150 56 -1
150 58 1
150 59 1
150 61 -1
150 63 1
150 64 1
150 70 -1
150 74 1
150 75 1
150 76 1
150 78 1
150 79 1
150 80 1
150 81 1
150 84 1
150 85 -1
150 86 1
150 87 1
150 89 1
150 90 1
150 95 -1
150 98 1
150 99 1
150 104 1
150 109 1
150 110 1
150 111 1
150 112 1
150 113 1
150 115 1
150 117 1
150 118 1
150 119 1
150 122 -1
150 124 1
150 130 1
150 131 1
150 132 -1
150 133 1
150 134 -1
150 135 1
150 137 1
150 141 1
150 142 1
150 144 1
150 146 -1
150 149 1
