vertices: 110 edges: 5995
1 9 -1
1 13 -1
1 16 1
1 17 1
1 18 -1
1 19 -1
1 21 -1
1 22 -1
1 23 1
1 27 -1
1 29 -1
1 30 -1
1 31 -1
1 32 1
1 35 1
1 36 1
1 38 -1
1 39 -1
1 46 -1
1 49 1
1 50 -1
1 53 1
1 54 1
1 55 1
1 56 -1
1 57 1
1 61 -1
1 62 1
1 63 1
1 66 1
1 67 -1
1 70 -1
1 72 -1
1 73 -1
1 74 1
1 77 -1
1 79 1
1 81 1
1 82 1
1 83 1
1 85 1
1 86 -1
1 87 1
1 88 -1
1 89 -1
1 91 1
1 92 -1
1 94 1
1 98 -1
1 100 1
1 102 -1
1 104 1
1 105 1
1 106 -1
1 107 1
1 108 -1
1 109 -1
1 110 -1
2 1 1
2 3 1
2 4 -1
2 5 1
2 6 1
2 10 -1
2 11 -1
2 15 -1
2 17 -1
2 19 -1
2 20 -1
2 21 -1
2 23 -1
2 26 1
2 31 1
2 32 -1
2 33 -1
2 35 -1
2 36 1
2 37 1
2 38 1
2 41 1
2 42 -1
2 43 1
2 46 1
2 47 1
2 48 1
2 51 1
2 56 -1
2 58 -1
2 61 -1
2 63 1
2 65 1
2 66 1
2 67 -1
2 68 1
2 69 1
2 70 1
2 75 -1
2 76 -1
2 78 -1
2 80 -1
2 82 -1
2 83 1
2 84 -1
2 85 1
2 89 -1
2 94 1
2 96 1
2 97 1
2 98 1
2 100 -1
2 101 -1
2 103 -1
2 105 -1
2 107 -1
3 1 1
3 5 1
3 9 1
3 10 -1
3 11 1
3 12 1
3 13 1
3 14 -1
3 21 1
3 23 -1
3 25 -1
3 26 1
3 28 -1
3 33 -1
3 36 1
3 38 -1
3 39 1
3 40 1
3 49 1
3 51 -1
3 52 -1
3 54 -1
3 55 -1
3 57 1
3 64 1
3 65 1
3 66 -1
3 67 -1
3 70 1
3 71 -1
3 73 -1
3 78 1
3 80 -1
3 81 1
3 86 1
3 87 1
3 89 1
3 91 1
3 93 1
3 95 -1
3 96 -1
3 97 -1
3 98 1
3 99 -1
3 100 1
3 101 1
3 102 -1
3 103 1
3 105 1
3 109 -1
3 110 -1
4 1 1
4 3 -1
4 5 -1
4 6 1
4 7 1
4 11 -1
4 12 -1
4 13 -1
4 17 1
4 22 1
4 24 1
4 25 1
4 26 1
4 27 1
4 28 -1
4 30 1
4 32 1
4 33 -1
4 35 1
4 38 1
4 44 1
4 45 1
4 46 -1
4 47 1
4 48 -1
4 51 -1
4 54 1
4 55 -1
4 56 -1
4 58 -1
4 59 -1
4 60 -1
4 61 1
4 65 -1
4 66 1
4 67 -1
4 69 -1
4 70 1
4 72 -1
4 74 1
4 75 1
4 80 1
4 86 1
4 88 1
4 89 1
4 91 1
4 93 -1
4 94 1
4 98 1
4 99 1
4 101 -1
4 102 -1
4 104 1
4 105 -1
4 106 -1
4 107 1
4 108 1
4 109 -1
4 110 1
5 1 1
5 6 1
5 8 -1
5 9 1
5 10 1
5 12 -1
5 13 1
5 15 1
5 17 -1
5 18 1
5 19 1
5 20 -1
5 21 -1
5 22 1
5 23 -1
5 24 1
5 27 1
5 29 -1
5 31 -1
5 32 -1
5 34 1
5 37 1
5 38 -1
5 39 1
5 41 -1
5 42 1
5 51 1
5 53 -1
5 58 1
5 59 -1
5 60 1
5 62 1
5 63 1
5 64 1
5 67 -1
5 68 -1
5 69 -1
5 74 -1
5 76 1
5 77 1
5 78 1
5 80 1
5 81 -1
5 82 1
5 83 1
5 84 -1
5 86 1
5 87 -1
5 89 1
5 90 1
5 94 1
5 95 -1
5 96 -1
5 97 -1
5 101 -1
5 102 -1
5 105 -1
5 106 -1
5 107 -1
5 108 1
5 109 -1
6 1 1
6 3 -1
6 7 1
6 8 1
6 10 -1
6 11 1
6 13 -1
6 14 -1
6 16 1
6 21 -1
6 22 -1
6 24 -1
6 25 -1
6 26 1
6 28 -1
6 30 1
6 33 1
6 34 1
6 35 1
6 36 1
6 37 -1
6 39 1
6 41 1
6 44 1
6 45 1
6 46 -1
6 47 1
6 49 1
6 56 1
6 59 -1
6 60 1
6 61 1
6 62 1
6 67 -1
6 69 -1
6 71 -1
6 72 -1
6 73 1
6 74 1
6 75 1
6 76 -1
6 78 1
6 79 1
6 84 -1
6 85 -1
6 87 1
6 88 -1
6 91 -1
6 93 1
6 94 1
6 95 1
6 96 -1
6 97 1
6 99 1
6 101 -1
6 103 1
6 106 -1
6 108 1
6 110 1
7 1 1
7 2 -1
7 3 1
7 5 -1
7 9 -1
7 10 -1
7 11 1
7 12 1
7 13 1
7 16 1
7 17 -1
7 18 1
7 25 1
7 26 1
7 34 1
7 35 -1
7 36 1
7 37 1
7 38 -1
7 43 1
7 44 1
7 49 -1
7 50 1
7 52 1
7 55 -1
7 57 -1
7 58 -1
7 60 1
7 67 1
7 68 -1
7 70 -1
7 71 1
7 72 1
7 75 1
7 77 1
7 78 -1
7 86 -1
7 88 -1
7 89 1
7 92 -1
7 93 1
7 95 1
7 99 1
7 102 1
7 104 -1
7 107 -1
8 1 1
8 2 1
8 3 1
8 4 1
8 7 1
8 13 1
8 15 1
8 16 1
8 19 1
8 20 1
8 21 1
8 25 1
8 28 1
8 31 1
8 32 1
8 33 -1
8 34 -1
8 37 -1
8 41 1
8 44 -1
8 45 1
8 50 -1
8 52 1
8 55 1
8 56 -1
8 57 -1
8 58 1
8 62 -1
8 63 -1
8 67 1
8 68 -1
8 70 1
8 72 1
8 74 1
8 78 -1
8 82 1
8 85 -1
8 87 1
8 90 -1
8 91 -1
8 97 -1
8 101 1
8 105 -1
8 107 1
8 108 -1
8 110 1
9 2 -1
9 4 -1
9 6 -1
9 8 1
9 10 -1
9 12 1
9 16 -1
9 17 -1
9 19 1
9 20 1
9 25 1
9 31 1
9 35 -1
9 38 1
9 39 1
9 40 1
9 41 1
9 45 -1
9 47 -1
9 48 1
9 49 1
9 50 -1
9 51 -1
9 53 -1
9 54 1
9 55 1
9 59 1
9 61 1
9 64 1
9 66 -1
9 68 -1
9 70 -1
9 71 -1
9 73 -1
9 77 -1
9 78 -1
9 80 -1
9 81 -1
9 84 -1
9 88 -1
9 90 1
9 91 -1
9 92 1
9 98 1
9 99 -1
9 101 1
9 103 -1
9 105 1
9 107 -1
9 108 -1
10 1 1
10 4 -1
10 8 1
10 12 1
10 15 1
10 20 1
10 21 1
10 22 1
10 23 -1
10 24 1
10 25 1
10 27 1
10 29 -1
10 40 1
10 41 -1
10 42 1
10 43 1
10 44 -1
10 46 -1
10 47 -1
10 48 -1
10 49 -1
10 50 -1
10 51 -1
10 53 1
10 55 -1
10 58 1
10 63 -1
10 65 1
10 66 1
10 69 1
10 70 1
10 71 -1
10 74 1
10 75 1
10 76 -1
10 78 1
10 79 1
10 80 1
10 83 1
10 84 1
10 85 -1
10 88 -1
10 89 1
10 90 -1
10 91 1
10 95 -1
10 96 1
10 102 -1
10 106 -1
10 107 1
10 109 1
10 110 -1
11 1 -1
11 5 1
11 8 1
11 9 1
11 10 -1
11 14 1
11 19 -1
11 22 1
11 23 1
11 25 -1
11 27 1
11 29 1
11 30 1
11 32 1
11 33 1
11 35 1
11 37 -1
11 38 -1
11 43 1
11 45 -1
11 47 1
11 48 1
11 50 -1
11 52 1
11 56 -1
11 58 -1
11 59 -1
11 60 1
11 61 -1
11 64 1
11 70 -1
11 72 -1
11 76 -1
11 77 1
11 78 -1
11 81 1
11 83 -1
11 84 1
11 85 1
11 86 1
11 87 -1
11 88 -1
11 89 -1
11 90 -1
11 92 -1
11 95 -1
11 96 1
11 99 -1
11 101 1
11 102 1
11 105 -1
11 106 1
11 109 -1
12 1 1
12 2 -1
12 6 -1
12 8 -1
12 11 1
12 17 1
12 18 1
12 20 -1
12 25 1
12 26 -1
12 27 -1
12 28 -1
12 31 -1
12 32 -1
12 33 1
12 34 -1
12 35 1
12 37 1
12 39 1
12 40 -1
12 41 1
12 42 -1
12 43 -1
12 44 -1
12 45 -1
12 47 -1
12 50 1
12 51 -1
12 52 1
12 54 -1
12 55 -1
12 56 -1
12 59 1
12 60 1
12 61 -1
12 64 -1
12 66 -1
12 68 1
12 69 -1
12 72 -1
12 73 -1
12 76 1
12 78 1
12 84 1
12 86 -1
12 87 -1
12 90 -1
12 93 1
12 94 -1
12 95 1
12 96 1
12 98 1
12 99 -1
12 100 -1
12 102 -1
12 103 1
12 104 1
12 105 -1
12 107 -1
12 108 -1
12 109 -1
13 2 1
13 9 1
13 10 1
13 11 1
13 12 -1
13 16 1
13 18 -1
13 20 -1
13 21 -1
13 22 -1
13 23 -1
13 24 -1
13 25 -1
13 30 1
13 31 -1
13 32 1
13 33 1
13 34 1
13 35 1
13 36 1
13 37 -1
13 38 1
13 39 1
13 40 1
13 41 -1
13 42 1
13 43 -1
13 47 1
13 48 1
13 49 -1
13 53 1
13 54 -1
13 55 1
13 56 -1
13 58 1
13 60 -1
13 61 1
13 63 1
13 64 -1
13 65 -1
13 66 -1
13 71 -1
13 74 1
13 77 -1
13 78 -1
13 81 1
13 82 -1
13 84 1
13 85 1
13 86 1
13 88 1
13 89 -1
13 90 -1
13 92 -1
13 94 1
13 95 -1
13 96 1
13 97 1
13 100 1
13 101 -1
13 102 1
13 103 1
13 104 -1
13 105 -1
13 107 1
13 108 1
13 109 1
14 1 -1
14 2 1
14 4 -1
14 5 1
14 7 -1
14 8 1
14 9 -1
14 10 -1
14 12 1
14 13 -1
14 19 1
14 20 -1
14 21 -1
14 22 1
14 25 1
14 30 -1
14 31 1
14 35 1
14 39 -1
14 43 1
14 46 1
14 47 1
14 48 -1
14 54 1
14 56 1
14 57 -1
14 58 1
14 59 1
14 60 1
14 61 1
14 63 1
14 65 1
14 67 1
14 70 1
14 71 -1
14 72 -1
14 73 -1
14 74 -1
14 76 -1
14 77 1
14 78 -1
14 80 -1
14 82 1
14 83 1
14 86 -1
14 88 1
14 91 -1
14 92 -1
14 94 1
14 97 -1
14 98 1
14 99 1
14 100 1
14 101 1
14 102 1
14 104 1
14 105 1
14 106 1
14 108 -1
15 1 -1
15 3 1
15 4 1
15 6 1
15 7 -1
15 9 1
15 11 1
15 12 1
15 13 1
15 14 -1
15 16 -1
15 20 -1
15 24 1
15 26 -1
15 27 1
15 28 -1
15 33 1
15 38 1
15 39 -1
15 41 -1
15 42 -1
15 44 -1
15 46 -1
15 48 1
15 49 1
15 50 -1
15 51 -1
15 52 -1
15 54 1
15 55 1
15 58 -1
15 59 1
15 62 1
15 65 1
15 66 -1
15 68 1
15 70 -1
15 71 1
15 75 -1
15 79 -1
15 81 1
15 83 1
15 85 -1
15 87 -1
15 88 -1
15 89 1
15 90 -1
15 92 -1
15 97 1
15 99 -1
15 100 1
15 101 1
15 102 -1
15 103 1
15 104 -1
15 105 -1
15 107 1
15 108 1
16 2 -1
16 3 1
16 4 1
16 5 1
16 10 -1
16 11 1
16 12 1
16 14 1
16 17 -1
16 18 1
16 20 -1
16 21 1
16 22 1
16 25 -1
16 27 1
16 31 -1
16 33 -1
16 35 -1
16 37 -1
16 42 -1
16 44 -1
16 47 -1
16 48 -1
16 49 -1
16 50 1
16 52 1
16 53 -1
16 55 1
16 56 1
16 59 1
16 61 1
16 63 1
16 71 -1
16 72 -1
16 73 -1
16 75 1
16 77 1
16 79 1
16 80 1
16 81 -1
16 82 -1
16 84 -1
16 91 1
16 93 -1
16 94 1
16 95 -1
16 97 -1
16 99 1
16 100 -1
16 101 1
16 102 1
16 104 1
16 105 -1
16 107 -1
16 110 -1
17 3 -1
17 6 1
17 8 -1
17 10 -1
17 11 1
17 13 1
17 14 -1
17 15 -1
17 18 -1
17 20 1
17 24 -1
17 31 1
17 33 -1
17 35 1
17 36 1
17 38 1
17 39 -1
17 40 1
17 41 1
17 42 -1
17 43 -1
17 44 -1
17 47 -1
17 48 -1
17 50 1
17 51 -1
17 54 1
17 55 1
17 58 1
17 61 1
17 63 -1
17 67 -1
17 68 -1
17 69 -1
17 70 -1
17 72 -1
17 74 -1
17 76 -1
17 79 -1
17 80 -1
17 82 -1
17 85 -1
17 87 1
17 88 -1
17 89 -1
17 91 -1
17 92 1
17 96 1
17 97 1
17 99 1
17 100 1
17 101 1
17 104 1
17 106 1
17 107 -1
17 108 1
17 109 -1
17 110 1
18 2 -1
18 3 1
18 4 1
18 6 1
18 8 -1
18 9 -1
18 10 -1
18 11 1
18 14 -1
18 15 -1
18 20 1
18 22 -1
18 23 -1
18 24 -1
18 26 -1
18 27 1
18 28 -1
18 29 1
18 31 1
18 32 -1
18 33 1
18 34 1
18 36 1
18 39 1
18 40 1
18 41 1
18 42 -1
18 44 -1
18 49 1
18 50 -1
18 53 -1
18 56 1
18 57 -1
18 60 -1
18 64 -1
18 66 -1
18 69 1
18 70 -1
18 72 1
18 75 -1
18 76 1
18 77 -1
18 79 -1
18 80 1
18 82 1
18 83 1
18 84 -1
18 85 -1
18 86 1
18 87 1
18 88 1
18 90 1
18 91 -1
18 94 -1
18 95 1
18 97 1
18 98 1
18 100 -1
18 103 1
18 104 -1
18 105 -1
18 107 -1
18 109 -1
18 110 -1
19 3 -1
19 4 -1
19 6 -1
19 7 1
19 10 -1
19 12 1
19 13 1
19 15 1
19 16 1
19 17 -1
19 18 -1
19 21 1
19 22 1
19 23 -1
19 27 1
19 28 -1
19 31 -1
19 33 -1
19 36 -1
19 37 -1
19 38 1
19 41 -1
19 43 1
19 46 1
19 47 1
19 49 -1
19 51 1
19 53 -1
19 55 1
19 56 -1
19 58 -1
19 60 -1
19 63 -1
19 65 1
19 66 -1
19 67 -1
19 69 -1
19 70 -1
19 71 -1
19 72 1
19 73 -1
19 74 1
19 75 1
19 76 -1
19 77 -1
19 78 -1
19 80 -1
19 81 1
19 82 1
19 83 -1
19 85 -1
19 87 1
19 88 1
19 89 -1
19 90 1
19 91 -1
19 96 1
19 98 1
19 99 1
19 102 -1
19 105 1
19 108 1
19 109 -1
19 110 -1
20 1 1
20 3 1
20 4 -1
20 6 -1
20 7 -1
20 11 1
20 19 -1
20 21 -1
20 23 -1
20 24 1
20 25 -1
20 26 1
20 28 -1
20 30 -1
20 31 1
20 38 1
20 45 -1
20 46 -1
20 47 1
20 48 1
20 49 -1
20 50 1
20 51 -1
20 55 1
20 56 -1
20 57 1
20 59 -1
20 60 -1
20 62 1
20 66 -1
20 67 -1
20 70 1
20 71 1
20 73 -1
20 74 1
20 75 -1
20 77 1
20 81 1
20 82 -1
20 83 1
20 85 1
20 86 1
20 88 -1
20 89 1
20 92 1
20 97 -1
20 98 -1
20 100 -1
20 104 -1
20 106 1
20 108 -1
20 109 -1
20 110 -1
21 4 -1
21 7 -1
21 9 -1
21 11 1
21 12 1
21 15 1
21 17 -1
21 18 -1
21 22 -1
21 24 1
21 26 -1
21 29 1
21 30 -1
21 35 1
21 39 -1
21 40 -1
21 43 -1
21 45 1
21 53 -1
21 54 1
21 55 1
21 56 -1
21 59 -1
21 60 -1
21 61 1
21 62 1
21 64 1
21 65 1
21 66 1
21 68 -1
21 69 -1
21 70 1
21 71 -1
21 77 1
21 79 1
21 82 -1
21 83 1
21 84 1
21 85 -1
21 87 1
21 88 1
21 89 1
21 93 -1
21 101 -1
21 106 -1
21 110 1
22 2 -1
22 3 1
22 7 -1
22 8 1
22 9 -1
22 12 -1
22 15 1
22 17 1
22 20 1
22 23 -1
22 25 1
22 26 1
22 27 -1
22 28 -1
22 30 -1
22 31 1
22 32 -1
22 33 1
22 35 -1
22 37 1
22 40 1
22 41 -1
22 42 1
22 43 -1
22 44 -1
22 46 -1
22 49 1
22 50 1
22 53 -1
22 56 1
22 59 1
22 60 -1
22 61 1
22 62 -1
22 64 1
22 66 -1
22 67 1
22 71 -1
22 72 1
22 73 1
22 74 -1
22 76 -1
22 78 1
22 80 1
22 81 1
22 82 -1
22 85 1
22 86 1
22 87 1
22 90 1
22 92 1
22 95 1
22 98 -1
22 101 -1
22 103 -1
22 105 1
22 106 1
22 107 -1
22 109 -1
22 110 -1
23 4 -1
23 6 -1
23 7 1
23 8 -1
23 9 -1
23 12 1
23 14 -1
23 15 1
23 16 1
23 17 -1
23 21 -1
23 25 1
23 26 -1
23 29 -1
23 34 -1
23 40 -1
23 41 1
23 43 1
23 47 1
23 48 -1
23 52 -1
23 53 1
23 54 -1
23 55 1
23 56 1
23 60 1
23 65 1
23 66 1
23 68 -1
23 69 1
23 71 -1
23 72 1
23 73 1
23 74 1
23 77 1
23 80 1
23 82 -1
23 83 1
23 85 -1
23 88 -1
23 89 1
23 92 1
23 94 1
23 95 1
23 96 1
23 97 1
23 100 1
23 105 1
23 108 1
23 109 1
24 1 1
24 2 -1
24 3 1
24 7 -1
24 8 -1
24 9 -1
24 11 -1
24 12 -1
24 14 -1
24 16 -1
24 19 1
24 22 -1
24 23 1
24 26 -1
24 27 -1
24 33 1
24 34 -1
24 35 1
24 36 1
24 37 1
24 40 1
24 43 -1
24 44 -1
24 45 1
24 46 1
24 47 1
24 48 1
24 49 -1
24 50 1
24 51 1
24 53 1
24 54 -1
24 55 -1
24 56 -1
24 57 -1
24 58 1
24 63 1
24 65 -1
24 69 -1
24 71 1
24 73 1
24 74 1
24 76 1
24 77 1
24 79 -1
24 81 -1
24 82 1
24 83 -1
24 85 1
24 87 -1
24 89 -1
24 90 1
24 92 1
24 94 1
24 95 -1
24 99 -1
24 103 1
24 104 -1
24 105 -1
24 107 1
24 108 1
24 110 1
25 1 -1
25 2 -1
25 5 1
25 15 -1
25 17 1
25 18 1
25 19 1
25 21 1
25 24 -1
25 30 1
25 31 1
25 32 -1
25 34 1
25 37 -1
25 39 1
25 42 -1
25 43 1
25 44 -1
25 45 -1
25 46 -1
25 48 1
25 49 1
25 53 1
25 55 1
25 57 -1
25 59 1
25 63 -1
25 65 -1
25 66 1
25 68 -1
25 69 -1
25 70 1
25 76 -1
25 77 -1
25 78 1
25 79 1
25 83 -1
25 84 1
25 85 1
25 88 1
25 89 -1
25 91 1
25 92 1
25 93 -1
25 94 -1
25 96 1
25 97 1
25 100 -1
25 101 1
25 103 1
25 104 -1
25 106 -1
25 107 1
25 108 1
25 109 1
25 110 1
26 1 -1
26 5 1
26 8 -1
26 9 -1
26 10 1
26 11 1
26 13 -1
26 14 -1
26 16 -1
26 17 1
26 19 -1
26 25 -1
26 27 -1
26 28 -1
26 30 -1
26 31 1
26 34 -1
26 35 -1
26 37 -1
26 38 1
26 39 -1
26 42 -1
26 43 1
26 46 1
26 52 -1
26 53 1
26 55 1
26 56 1
26 63 1
26 65 1
26 66 1
26 68 1
26 72 -1
26 74 1
26 76 -1
26 78 1
26 79 1
26 81 1
26 82 -1
26 83 1
26 84 -1
26 88 1
26 89 -1
26 93 -1
26 95 1
26 96 1
26 97 1
26 98 -1
26 100 1
26 106 -1
26 108 1
26 109 -1
26 110 1
27 2 -1
27 3 1
27 6 1
27 7 -1
27 8 -1
27 9 1
27 13 -1
27 14 1
27 17 -1
27 20 1
27 21 -1
27 23 1
27 25 1
27 28 1
27 31 -1
27 32 -1
27 36 1
27 37 -1
27 38 -1
27 42 1
27 48 1
27 52 1
27 54 -1
27 55 -1
27 56 1
27 58 -1
27 61 1
27 62 1
27 63 1
27 67 1
27 70 1
27 71 -1
27 73 -1
27 74 -1
27 75 -1
27 76 -1
27 79 1
27 80 1
27 82 1
27 86 1
27 88 -1
27 89 -1
27 90 -1
27 91 -1
27 94 -1
27 95 -1
27 96 1
27 97 1
27 100 -1
27 101 1
27 104 -1
27 107 1
27 110 1
28 1 1
28 2 -1
28 5 1
28 7 1
28 9 1
28 10 -1
28 11 1
28 13 1
28 14 1
28 16 -1
28 17 1
28 21 1
28 23 -1
28 24 1
28 25 -1
28 29 -1
28 30 1
28 32 1
28 33 1
28 34 -1
28 35 -1
28 38 1
28 40 -1
28 45 -1
28 46 1
28 48 -1
28 50 -1
28 51 -1
28 52 -1
28 55 1
28 56 1
28 60 -1
28 61 1
28 62 1
28 64 1
28 65 1
28 67 -1
28 68 1
28 69 1
28 71 -1
28 72 1
28 75 -1
28 77 1
28 78 -1
28 79 1
28 80 1
28 81 -1
28 86 -1
28 88 1
28 89 -1
28 93 1
28 94 1
28 95 1
28 97 1
28 100 -1
28 103 -1
28 107 1
28 109 1
28 110 1
29 2 1
29 3 1
29 4 -1
29 6 -1
29 7 1
29 8 1
29 9 -1
29 12 1
29 13 -1
29 14 1
29 15 1
29 16 -1
29 17 1
29 19 -1
29 20 1
29 22 1
29 24 -1
29 25 1
29 26 -1
29 27 -1
29 30 -1
29 32 1
29 35 -1
29 36 -1
29 37 1
29 43 -1
29 44 1
29 46 1
29 47 -1
29 49 1
29 50 1
29 51 1
29 52 -1
29 53 1
29 54 1
29 55 -1
29 56 -1
29 57 -1
29 58 -1
29 61 -1
29 63 1
29 64 -1
29 65 1
29 67 -1
29 68 -1
29 73 -1
29 74 -1
29 77 1
29 83 -1
29 88 1
29 90 -1
29 91 -1
29 92 1
29 93 1
29 94 -1
29 95 -1
29 96 1
29 101 -1
29 102 -1
29 103 -1
29 108 1
29 109 -1
29 110 1
30 2 1
30 3 1
30 5 -1
30 7 -1
30 8 -1
30 9 1
30 10 -1
30 12 -1
30 15 -1
30 16 -1
30 17 1
30 18 1
30 19 1
30 23 -1
30 24 1
30 27 -1
30 32 -1
30 33 1
30 34 1
30 35 1
30 37 1
30 38 -1
30 39 1
30 40 -1
30 42 1
30 44 -1
30 47 -1
30 48 -1
30 49 1
30 53 -1
30 54 1
30 55 -1
30 56 -1
30 58 1
30 59 -1
30 62 -1
30 63 1
30 64 1
30 66 1
30 69 1
30 71 -1
30 72 -1
30 73 1
30 74 1
30 75 1
30 77 1
30 81 -1
30 83 1
30 84 -1
30 85 1
30 86 -1
30 90 1
30 91 1
30 93 1
30 95 -1
30 102 -1
30 103 1
30 104 1
30 106 -1
30 108 -1
31 3 1
31 4 -1
31 6 1
31 7 1
31 10 -1
31 11 1
31 15 -1
31 21 -1
31 23 1
31 24 1
31 28 1
31 29 1
31 30 1
31 33 -1
31 34 -1
31 36 -1
31 37 -1
31 38 1
31 42 -1
31 44 -1
31 45 -1
31 49 -1
31 52 1
31 53 1
31 55 -1
31 57 -1
31 60 1
31 62 1
31 63 -1
31 64 -1
31 69 1
31 71 1
31 74 -1
31 75 -1
31 76 1
31 77 -1
31 78 -1
31 79 1
31 83 -1
31 84 -1
31 85 1
31 86 1
31 87 1
31 88 1
31 90 1
31 91 1
31 93 -1
31 94 -1
31 95 -1
31 96 -1
31 97 1
31 99 -1
31 100 1
31 102 -1
31 106 -1
31 109 1
32 3 -1
32 6 1
32 7 -1
32 9 1
32 10 -1
32 14 -1
32 15 -1
32 16 -1
32 17 -1
32 19 1
32 20 -1
32 21 1
32 23 -1
32 24 -1
32 26 1
32 31 1
32 36 1
32 37 -1
32 38 -1
32 43 -1
32 45 -1
32 46 -1
32 49 -1
32 55 -1
32 56 1
32 57 -1
32 58 1
32 59 1
32 69 1
32 70 1
32 74 1
32 75 -1
32 76 1
32 77 1
32 78 1
32 80 1
32 81 1
32 83 1
32 84 1
32 85 1
32 86 -1
32 89 -1
32 93 1
32 96 -1
32 97 1
32 98 1
32 101 -1
32 102 1
32 104 1
32 108 -1
33 1 1
33 5 1
33 7 1
33 9 -1
33 10 -1
33 14 -1
33 20 -1
33 21 -1
33 23 1
33 25 1
33 26 -1
33 27 -1
33 29 -1
33 32 -1
33 38 -1
33 39 1
33 41 1
33 42 1
33 43 -1
33 46 1
33 47 -1
33 50 -1
33 51 1
33 53 1
33 54 1
33 55 1
33 58 1
33 59 -1
33 61 1
33 63 -1
33 65 -1
33 67 1
33 68 -1
33 70 1
33 71 -1
33 75 1
33 80 -1
33 82 -1
33 83 -1
33 85 1
33 86 1
33 89 1
33 90 1
33 91 -1
33 95 -1
33 98 1
33 100 -1
33 101 1
33 103 -1
34 1 1
34 2 -1
34 3 1
34 4 -1
34 9 -1
34 10 -1
34 11 -1
34 14 -1
34 15 1
34 16 1
34 17 -1
34 19 1
34 20 1
34 21 -1
34 22 1
34 27 -1
34 29 -1
34 32 -1
34 33 -1
34 35 -1
34 36 1
34 39 1
34 41 1
34 43 1
34 45 1
34 46 1
34 47 1
34 50 1
34 56 -1
34 60 -1
34 61 1
34 62 1
34 63 1
34 64 1
34 65 1
34 66 1
34 68 1
34 70 -1
34 72 1
34 73 -1
34 74 1
34 75 -1
34 79 1
34 83 1
34 84 -1
34 85 1
34 86 1
34 87 -1
34 91 -1
34 95 -1
34 99 1
34 101 -1
34 102 -1
34 103 -1
34 105 -1
34 107 -1
34 110 1
35 3 -1
35 5 -1
35 8 1
35 10 -1
35 15 -1
35 18 -1
35 19 1
35 20 -1
35 23 -1
35 25 1
35 27 1
35 31 -1
35 32 -1
35 33 -1
35 36 1
35 37 -1
35 38 1
35 42 1
35 44 1
35 48 1
35 49 -1
35 53 -1
35 56 1
35 57 1
35 61 -1
35 63 -1
35 64 1
35 66 1
35 69 -1
35 70 1
35 71 -1
35 72 1
35 73 1
35 75 1
35 78 1
35 79 1
35 80 -1
35 83 1
35 84 1
35 90 -1
35 92 -1
35 95 1
35 96 -1
35 97 -1
35 102 1
35 103 1
35 104 1
35 107 -1
36 4 -1
36 5 1
36 8 1
36 9 1
36 10 -1
36 11 -1
36 12 -1
36 14 1
36 15 -1
36 16 -1
36 20 -1
36 21 1
36 22 -1
36 23 1
36 25 1
36 26 1
36 28 1
36 30 -1
36 33 1
36 39 1
36 40 -1
36 44 1
36 45 1
36 50 1
36 52 1
36 53 -1
36 54 -1
36 55 1
36 56 1
36 57 1
36 60 1
36 66 1
36 68 -1
36 70 -1
36 73 -1
36 74 1
36 76 -1
36 77 -1
36 80 -1
36 82 -1
36 83 -1
36 84 -1
36 88 -1
36 89 -1
36 91 -1
36 92 1
36 93 -1
36 94 -1
36 95 -1
36 96 -1
36 97 -1
36 106 1
36 107 -1
36 108 -1
37 1 -1
37 3 -1
37 4 1
37 9 1
37 10 1
37 14 -1
37 15 -1
37 17 1
37 18 -1
37 20 -1
37 21 -1
37 23 1
37 28 1
37 33 -1
37 34 -1
37 36 -1
37 38 -1
37 39 1
37 41 1
37 43 1
37 44 1
37 47 1
37 48 1
37 49 -1
37 50 -1
37 52 -1
37 53 1
37 56 -1
37 58 -1
37 62 1
37 67 1
37 71 1
37 72 -1
37 73 1
37 75 1
37 76 -1
37 81 1
37 82 1
37 83 -1
37 85 1
37 86 1
37 87 -1
37 88 -1
37 90 -1
37 91 1
37 93 1
37 98 1
37 106 1
37 107 -1
37 109 1
37 110 -1
38 6 -1
38 8 -1
38 10 -1
38 12 -1
38 14 -1
38 16 -1
38 18 1
38 21 -1
38 22 -1
38 23 1
38 24 1
38 25 1
38 29 1
38 34 -1
38 36 -1
38 42 1
38 48 1
38 50 1
38 55 -1
38 57 1
38 58 1
38 61 -1
38 62 -1
38 66 1
38 69 1
38 73 1
38 74 -1
38 75 -1
38 76 -1
38 79 1
38 81 1
38 82 1
38 86 1
38 89 1
38 90 1
38 92 -1
38 93 1
38 96 1
38 98 -1
38 105 -1
38 106 -1
39 2 -1
39 4 -1
39 7 1
39 8 -1
39 10 -1
39 11 -1
39 16 1
39 19 1
39 20 -1
39 22 -1
39 23 1
39 24 1
39 27 -1
39 28 -1
39 29 1
39 31 -1
39 32 -1
39 35 -1
39 38 1
39 41 1
39 43 -1
39 45 -1
39 48 1
39 50 -1
39 53 -1
39 55 1
39 56 -1
39 59 -1
39 60 -1
39 61 1
39 62 -1
39 63 -1
39 65 -1
39 67 1
39 68 1
39 70 1
39 73 -1
39 75 1
39 77 -1
39 79 1
39 80 1
39 82 1
39 83 1
39 85 1
39 87 1
39 88 -1
39 91 1
39 94 1
39 96 1
39 97 1
39 98 -1
39 99 1
39 101 -1
39 102 1
39 108 -1
40 1 -1
40 2 1
40 4 1
40 5 -1
40 6 -1
40 7 -1
40 8 -1
40 11 -1
40 14 -1
40 15 1
40 16 1
40 19 -1
40 20 1
40 25 1
40 26 -1
40 27 1
40 29 1
40 31 -1
40 32 -1
40 33 -1
40 34 -1
40 35 -1
40 37 1
40 38 1
40 39 1
40 47 1
40 53 -1
40 55 1
40 58 1
40 59 1
40 61 -1
40 67 1
40 70 -1
40 74 1
40 76 1
40 77 1
40 85 -1
40 86 -1
40 88 1
40 89 -1
40 90 -1
40 92 -1
40 95 1
40 97 1
40 98 1
40 106 -1
40 107 1
40 108 -1
40 109 -1
40 110 -1
41 1 1
41 3 1
41 4 -1
41 7 1
41 11 -1
41 14 1
41 16 -1
41 20 1
41 21 1
41 24 -1
41 25 -1
41 26 -1
41 27 1
41 28 -1
41 29 1
41 30 1
41 31 -1
41 32 1
41 35 1
41 36 1
41 38 -1
41 40 -1
41 43 1
41 44 -1
41 45 -1
41 47 -1
41 48 1
41 49 1
41 51 -1
41 53 1
41 56 1
41 57 1
41 58 1
41 59 -1
41 61 -1
41 62 1
41 63 -1
41 64 -1
41 67 1
41 69 1
41 70 1
41 75 -1
41 76 -1
41 80 -1
41 83 -1
41 85 1
41 87 -1
41 88 1
41 91 -1
41 92 -1
41 94 -1
41 95 1
41 98 1
41 100 1
41 102 -1
41 104 -1
41 106 -1
41 107 1
41 108 -1
42 1 1
42 3 -1
42 4 1
42 6 1
42 7 -1
42 8 1
42 9 1
42 11 -1
42 14 -1
42 19 1
42 20 1
42 21 1
42 23 1
42 24 1
42 28 -1
42 29 -1
42 32 1
42 34 -1
42 36 -1
42 37 1
42 39 1
42 40 -1
42 41 -1
42 44 1
42 45 1
42 46 -1
42 47 -1
42 48 -1
42 49 1
42 51 1
42 52 -1
42 55 -1
42 56 -1
42 58 1
42 61 -1
42 63 -1
42 64 -1
42 67 -1
42 68 1
42 70 -1
42 71 1
42 73 -1
42 78 1
42 80 -1
42 81 -1
42 84 1
42 85 -1
42 86 -1
42 88 -1
42 93 -1
42 98 1
42 99 -1
42 100 -1
42 102 -1
42 104 1
42 105 -1
42 106 1
42 107 -1
42 108 1
42 110 1
43 1 1
43 3 -1
43 4 -1
43 5 -1
43 6 1
43 8 -1
43 9 -1
43 15 1
43 16 1
43 18 -1
43 20 1
43 27 -1
43 28 -1
43 30 1
43 31 1
43 35 -1
43 36 1
43 38 -1
43 40 1
43 42 -1
43 46 1
43 49 1
43 51 1
43 52 -1
43 53 1
43 54 -1
43 60 1
43 61 1
43 63 1
43 64 -1
43 66 -1
43 70 1
43 72 -1
43 75 1
43 76 -1
43 79 1
43 80 1
43 81 1
43 83 1
43 84 1
43 85 -1
43 86 -1
43 87 -1
43 90 1
43 91 -1
43 96 1
43 97 1
43 102 -1
43 103 -1
43 104 1
43 106 -1
43 108 1
44 1 1
44 2 -1
44 3 1
44 5 -1
44 9 1
44 11 -1
44 13 1
44 14 -1
44 19 1
44 20 -1
44 21 -1
44 23 -1
44 26 -1
44 27 -1
44 28 1
44 32 1
44 33 -1
44 34 -1
44 38 -1
44 39 1
44 40 1
44 43 1
44 45 -1
44 48 1
44 49 -1
44 54 1
44 55 1
44 57 -1
44 60 -1
44 67 -1
44 69 1
44 71 1
44 72 -1
44 76 1
44 77 -1
44 78 -1
44 80 1
44 81 -1
44 82 1
44 84 -1
44 87 1
44 89 1
44 90 -1
44 91 1
44 94 -1
44 100 -1
44 102 -1
44 105 1
44 108 1
45 1 -1
45 2 -1
45 3 1
45 5 1
45 7 -1
45 10 -1
45 13 1
45 14 1
45 15 1
45 16 1
45 17 -1
45 18 -1
45 19 -1
45 22 -1
45 23 -1
45 26 1
45 27 -1
45 29 -1
45 30 1
45 33 -1
45 35 -1
45 37 -1
45 38 -1
45 40 -1
45 43 -1
45 46 1
45 48 -1
45 49 1
45 50 1
45 51 1
45 53 1
45 54 1
45 56 1
45 58 1
45 63 1
45 66 1
45 67 1
45 70 -1
45 71 -1
45 76 -1
45 77 1
45 78 -1
45 79 -1
45 81 -1
45 82 1
45 83 1
45 84 -1
45 86 1
45 87 1
45 89 1
45 90 1
45 93 -1
45 96 -1
45 100 1
45 101 -1
45 102 -1
45 105 -1
45 108 1
45 109 -1
45 110 -1
46 3 -1
46 5 -1
46 7 1
46 8 1
46 9 1
46 11 1
46 12 -1
46 13 -1
46 16 1
46 17 -1
46 18 -1
46 21 1
46 23 -1
46 27 -1
46 30 -1
46 31 1
46 35 -1
46 36 1
46 37 1
46 38 -1
46 39 -1
46 40 1
46 41 1
46 44 1
46 47 1
46 50 -1
46 51 -1
46 52 1
46 53 1
46 54 1
46 55 -1
46 56 -1
46 58 -1
46 61 -1
46 62 -1
46 65 1
46 66 1
46 68 1
46 69 -1
46 72 1
46 73 -1
46 74 1
46 83 1
46 84 -1
46 86 -1
46 87 -1
46 88 -1
46 89 -1
46 91 -1
46 92 -1
46 95 -1
46 96 1
46 104 1
47 1 -1
47 3 -1
47 5 1
47 7 -1
47 8 1
47 15 -1
47 18 -1
47 21 -1
47 22 -1
47 25 -1
47 26 1
47 27 -1
47 28 -1
47 31 -1
47 32 -1
47 35 -1
47 36 -1
47 38 -1
47 39 -1
47 43 1
47 44 1
47 45 -1
47 53 -1
47 55 1
47 58 1
47 59 -1
47 60 1
47 62 1
47 64 1
47 65 -1
47 71 -1
47 73 -1
47 74 1
47 79 1
47 82 -1
47 83 1
47 85 -1
47 86 1
47 87 1
47 88 1
47 93 1
47 97 -1
47 98 -1
47 99 -1
47 105 -1
47 106 1
47 108 -1
47 110 -1
48 1 1
48 3 1
48 5 1
48 6 -1
48 7 1
48 8 -1
48 12 -1
48 18 1
48 19 -1
48 21 -1
48 22 -1
48 26 -1
48 29 -1
48 31 1
48 32 -1
48 33 1
48 34 -1
48 36 1
48 40 1
48 43 -1
48 46 -1
48 47 -1
48 52 1
48 53 -1
48 57 -1
48 58 -1
48 60 -1
48 65 -1
48 66 -1
48 67 -1
48 69 1
48 70 -1
48 72 -1
48 74 -1
48 75 1
48 79 -1
48 82 1
48 83 1
48 84 1
48 86 1
48 87 -1
48 88 -1
48 90 1
48 91 -1
48 92 -1
48 93 1
48 94 -1
48 96 1
48 105 1
48 106 1
48 107 1
48 109 -1
49 2 -1
49 4 1
49 5 1
49 8 1
49 11 1
49 12 1
49 14 1
49 17 1
49 21 -1
49 23 -1
49 26 1
49 27 -1
49 28 1
49 33 1
49 34 -1
49 36 -1
49 38 1
49 39 1
49 40 -1
49 46 -1
49 47 1
49 48 -1
49 50 1
49 51 -1
49 52 -1
49 53 1
49 55 -1
49 58 -1
49 59 1
49 60 -1
49 65 -1
49 66 1
49 69 -1
49 71 1
49 75 -1
49 76 -1
49 77 1
49 78 1
49 79 -1
49 83 -1
49 84 1
49 86 1
49 87 1
49 88 -1
49 89 1
49 92 -1
49 94 -1
49 95 -1
49 101 1
49 103 -1
49 104 1
49 105 -1
49 106 1
49 107 -1
49 108 1
49 109 -1
50 2 -1
50 3 -1
50 4 -1
50 5 1
50 6 -1
50 13 1
50 14 -1
50 19 1
50 21 1
50 23 1
50 25 1
50 26 -1
50 27 -1
50 30 1
50 31 -1
50 32 -1
50 35 -1
50 40 -1
50 41 -1
50 42 -1
50 43 -1
50 44 -1
50 47 1
50 48 1
50 55 1
50 57 -1
50 58 1
50 60 -1
50 61 -1
50 63 1
50 66 1
50 69 -1
50 71 1
50 73 1
50 78 -1
50 79 1
50 83 -1
50 84 -1
50 88 -1
50 89 1
50 93 1
50 94 -1
50 95 -1
50 96 -1
50 97 1
50 98 1
50 102 1
50 103 1
50 104 1
50 107 1
50 108 -1
50 109 1
50 110 -1
51 1 -1
51 6 1
51 7 1
51 8 -1
51 11 1
51 13 -1
51 14 1
51 16 1
51 18 -1
51 21 -1
51 22 -1
51 23 1
51 25 -1
51 26 -1
51 27 -1
51 30 1
51 31 1
51 32 1
51 34 1
51 35 1
51 36 1
51 37 1
51 38 -1
51 39 1
51 40 1
51 44 -1
51 47 -1
51 48 1
51 50 1
51 52 1
51 53 -1
51 55 1
51 56 1
51 57 1
51 59 -1
51 62 1
51 63 -1
51 67 -1
51 68 1
51 69 -1
51 71 1
51 73 1
51 75 1
51 76 -1
51 77 1
51 78 -1
51 79 1
51 81 -1
51 82 1
51 83 -1
51 84 1
51 85 1
51 86 -1
51 89 1
51 90 -1
51 91 -1
51 93 1
51 96 -1
51 97 -1
51 100 1
51 102 1
51 104 -1
51 106 -1
51 108 1
51 109 1
51 110 -1
52 1 1
52 2 -1
52 4 -1
52 5 1
52 6 1
52 9 1
52 10 -1
52 13 1
52 14 1
52 17 1
52 18 -1
52 19 1
52 20 -1
52 21 1
52 22 1
52 24 -1
52 25 1
52 30 -1
52 32 -1
52 33 -1
52 34 1
52 35 -1
52 38 1
52 39 -1
52 40 -1
52 41 -1
52 44 1
52 45 1
52 47 -1
52 50 -1
52 56 1
52 57 -1
52 59 -1
52 61 -1
52 64 1
52 66 1
52 67 1
52 68 1
52 69 -1
52 70 -1
52 71 -1
52 73 -1
52 74 1
52 76 -1
52 77 1
52 78 1
52 81 1
52 83 1
52 84 1
52 86 -1
52 87 1
52 88 -1
52 89 1
52 93 -1
52 97 -1
52 98 -1
52 99 -1
52 101 -1
52 104 -1
52 105 -1
52 106 -1
52 107 1
52 108 -1
52 110 1
53 2 1
53 3 1
53 4 1
53 6 -1
53 7 -1
53 8 -1
53 11 -1
53 12 1
53 14 1
53 15 -1
53 17 1
53 20 1
53 27 -1
53 28 -1
53 32 -1
53 34 -1
53 38 1
53 42 -1
53 44 -1
53 50 1
53 52 1
53 54 1
53 56 1
53 57 1
53 63 1
53 66 -1
53 70 -1
53 71 1
53 72 -1
53 73 1
53 76 -1
53 77 -1
53 80 1
53 81 1
53 83 -1
53 84 1
53 85 -1
53 88 1
53 89 1
53 93 -1
53 94 1
53 95 -1
53 100 -1
53 101 1
53 102 1
53 104 -1
53 106 1
53 107 1
53 110 1
54 2 -1
54 5 1
54 6 -1
54 7 -1
54 8 1
54 10 -1
54 11 1
54 16 -1
54 18 1
54 19 -1
54 20 -1
54 22 -1
54 25 -1
54 26 1
54 28 -1
54 31 1
54 32 1
54 34 -1
54 35 -1
54 37 1
54 38 -1
54 39 -1
54 40 1
54 41 1
54 42 -1
54 47 1
54 48 1
54 49 -1
54 50 1
54 51 1
54 52 1
54 55 1
54 56 -1
54 59 1
54 60 -1
54 61 -1
54 62 1
54 66 -1
54 67 1
54 68 1
54 69 1
54 70 1
54 73 1
54 74 -1
54 76 -1
54 78 1
54 80 -1
54 82 -1
54 92 1
54 94 -1
54 96 1
54 99 -1
54 100 1
54 103 -1
54 104 -1
54 105 -1
54 110 -1
55 2 1
55 5 -1
55 6 1
55 11 -1
55 14 -1
55 18 1
55 22 -1
55 34 -1
55 35 -1
55 37 -1
55 41 1
55 43 1
55 45 -1
55 48 1
55 52 -1
55 53 1
55 56 -1
55 57 1
55 58 -1
55 59 -1
55 60 1
55 62 -1
55 64 1
55 65 1
55 69 1
55 70 -1
55 71 -1
55 73 -1
55 75 1
55 76 -1
55 78 -1
55 79 1
55 80 -1
55 84 1
55 86 -1
55 90 1
55 97 -1
55 98 -1
55 99 1
55 100 -1
55 105 -1
55 107 -1
55 108 -1
56 3 1
56 5 -1
56 7 -1
56 9 -1
56 10 1
56 15 1
56 17 -1
56 25 -1
56 31 -1
56 33 -1
56 38 1
56 40 1
56 43 -1
56 44 -1
56 47 1
56 48 1
56 49 -1
56 50 -1
56 60 1
56 61 -1
56 62 1
56 64 -1
56 66 -1
56 67 1
56 68 -1
56 70 1
56 75 1
56 76 -1
56 77 1
56 81 1
56 84 1
56 85 -1
56 87 -1
56 88 -1
56 91 1
56 92 -1
56 93 1
56 95 1
56 97 1
56 100 -1
56 102 1
56 103 -1
56 105 -1
56 106 -1
56 108 1
56 109 -1
57 2 1
57 4 1
57 5 1
57 6 1
57 9 1
57 10 -1
57 11 1
57 12 -1
57 13 -1
57 15 -1
57 16 1
57 17 1
57 19 -1
57 21 1
57 22 1
57 23 -1
57 26 -1
57 27 1
57 28 1
57 30 -1
57 33 1
57 34 -1
57 37 1
57 39 -1
57 40 -1
57 42 1
57 43 -1
57 45 1
57 46 -1
57 47 -1
57 49 1
57 54 1
57 56 1
57 58 -1
57 60 1
57 62 -1
57 63 1
57 64 -1
57 65 -1
57 73 -1
57 74 -1
57 79 1
57 80 1
57 81 1
57 82 1
57 86 -1
57 89 -1
57 90 1
57 91 1
57 95 -1
57 96 1
57 97 -1
57 99 1
57 100 1
57 103 1
57 104 -1
57 105 1
57 110 1
58 1 -1
58 3 -1
58 6 1
58 9 -1
58 12 1
58 16 -1
58 18 1
58 20 1
58 21 1
58 22 1
58 23 -1
58 25 1
58 26 -1
58 28 -1
58 31 1
58 34 1
58 35 -1
58 36 -1
58 39 1
58 43 -1
58 44 1
58 51 1
58 52 -1
58 53 -1
58 54 -1
58 56 -1
58 59 -1
58 61 1
58 62 1
58 64 1
58 66 1
58 67 1
58 69 -1
58 72 1
58 73 1
58 74 1
58 76 1
58 80 -1
58 81 1
58 84 -1
58 86 1
58 89 -1
58 90 -1
58 91 1
58 93 -1
58 96 1
58 97 1
58 102 -1
58 106 -1
58 107 1
58 110 1
59 1 -1
59 2 1
59 3 -1
59 7 -1
59 8 -1
59 10 -1
59 13 1
59 17 1
59 18 1
59 19 -1
59 23 1
59 24 1
59 26 1
59 27 1
59 28 1
59 29 -1
59 31 -1
59 34 -1
59 35 -1
59 36 1
59 37 1
59 38 -1
59 42 -1
59 43 1
59 44 1
59 45 1
59 46 -1
59 48 1
59 50 1
59 53 -1
59 56 -1
59 57 1
59 60 1
59 62 1
59 64 1
59 66 1
59 70 1
59 74 -1
59 75 1
59 77 1
59 79 -1
59 81 -1
59 82 -1
59 84 -1
59 85 1
59 88 -1
59 89 1
59 90 1
59 91 1
59 92 -1
59 93 -1
59 97 1
59 98 1
59 99 1
59 101 1
59 102 1
59 103 -1
59 104 -1
59 109 1
60 1 -1
60 2 -1
60 3 1
60 8 1
60 9 1
60 10 -1
60 15 -1
60 16 -1
60 17 1
60 24 -1
60 25 -1
60 26 1
60 27 1
60 29 1
60 30 1
60 32 1
60 33 -1
60 35 1
60 37 1
60 38 1
60 40 1
60 41 1
60 42 -1
60 45 -1
60 46 1
60 51 1
60 52 -1
60 53 -1
60 58 -1
60 62 1
60 63 -1
60 64 1
60 65 1
60 66 1
60 67 -1
60 68 1
60 69 1
60 70 -1
60 73 1
60 74 1
60 76 1
60 77 1
60 78 1
60 80 1
60 86 1
60 89 -1
60 91 1
60 92 1
60 93 1
60 94 -1
60 95 -1
60 96 -1
60 101 -1
60 102 1
60 106 1
60 108 1
60 109 -1
61 3 1
61 5 -1
61 7 1
61 8 -1
61 10 -1
61 15 -1
61 18 1
61 19 -1
61 20 1
61 23 -1
61 24 -1
61 25 1
61 26 1
61 30 1
61 31 1
61 32 -1
61 36 1
61 37 -1
61 44 -1
61 45 -1
61 47 -1
61 48 -1
61 49 -1
61 51 1
61 53 1
61 55 -1
61 57 -1
61 59 1
61 60 1
61 65 -1
61 67 -1
61 68 -1
61 69 -1
61 73 1
61 76 -1
61 77 1
61 79 1
61 81 -1
61 82 -1
61 83 -1
61 84 -1
61 88 1
61 89 -1
61 91 -1
61 92 1
61 94 1
61 95 1
61 97 -1
61 100 -1
61 101 -1
61 107 1
61 108 -1
62 2 -1
62 3 1
62 4 -1
62 7 1
62 9 1
62 10 -1
62 11 1
62 12 -1
62 13 -1
62 14 -1
62 16 1
62 17 1
62 18 1
62 19 -1
62 23 1
62 24 -1
62 25 1
62 26 1
62 29 -1
62 32 1
62 33 -1
62 35 -1
62 36 -1
62 40 -1
62 42 -1
62 43 1
62 44 -1
62 45 1
62 48 -1
62 49 -1
62 50 1
62 52 1
62 53 -1
62 61 -1
62 63 1
62 66 1
62 67 1
62 69 1
62 73 1
62 74 -1
62 76 -1
62 77 -1
62 81 -1
62 83 -1
62 84 -1
62 87 -1
62 88 -1
62 91 1
62 93 -1
62 98 1
62 100 1
62 103 1
62 110 -1
63 3 1
63 4 -1
63 6 1
63 7 1
63 9 -1
63 11 -1
63 12 1
63 15 1
63 18 1
63 20 1
63 21 -1
63 22 -1
63 23 1
63 28 1
63 32 1
63 36 -1
63 37 -1
63 38 -1
63 40 1
63 44 -1
63 46 1
63 47 1
63 48 -1
63 49 -1
63 52 1
63 54 1
63 55 1
63 56 -1
63 58 1
63 59 1
63 61 -1
63 66 -1
63 67 -1
63 70 1
63 72 -1
63 73 -1
63 74 -1
63 82 -1
63 83 1
63 84 -1
63 85 1
63 86 1
63 88 -1
63 93 -1
63 94 -1
63 96 1
63 98 1
63 99 -1
63 101 1
63 102 -1
63 105 -1
63 109 -1
63 110 -1
64 1 1
64 2 1
64 4 1
64 6 -1
64 7 -1
64 8 1
64 10 1
64 14 -1
64 15 1
64 16 1
64 17 -1
64 19 -1
64 20 1
64 23 -1
64 24 1
64 25 -1
64 26 1
64 27 1
64 32 -1
64 33 1
64 36 1
64 37 -1
64 38 -1
64 39 -1
64 40 -1
64 44 -1
64 45 -1
64 46 -1
64 48 1
64 49 1
64 50 -1
64 51 1
64 53 1
64 54 1
64 61 -1
64 62 -1
64 63 -1
64 65 -1
64 66 -1
64 67 1
64 68 -1
64 69 -1
64 75 1
64 76 -1
64 79 -1
64 86 1
64 87 -1
64 88 1
64 90 -1
64 91 1
64 92 1
64 100 -1
64 109 1
64 110 -1
65 1 1
65 5 -1
65 6 -1
65 7 1
65 8 -1
65 9 -1
65 11 1
65 12 1
65 16 1
65 17 1
65 18 -1
65 20 1
65 22 1
65 27 1
65 30 -1
65 31 1
65 32 1
65 35 -1
65 36 1
65 37 -1
65 38 1
65 40 -1
65 41 -1
65 42 1
65 43 1
65 44 1
65 45 1
65 50 -1
65 51 1
65 52 -1
65 53 1
65 54 -1
65 56 1
65 58 -1
65 59 1
65 62 1
65 63 1
65 67 1
65 68 1
65 69 1
65 71 -1
65 72 1
65 76 -1
65 77 1
65 78 -1
65 81 1
65 82 1
65 83 -1
65 86 -1
65 88 -1
65 91 1
65 93 -1
65 95 -1
65 99 1
65 100 -1
65 101 -1
65 103 1
65 104 -1
65 105 1
65 106 1
65 107 1
65 108 1
65 109 -1
66 5 1
66 6 1
66 7 1
66 8 -1
66 11 -1
66 14 1
66 16 1
66 17 -1
66 24 -1
66 27 -1
66 28 -1
66 29 1
66 31 1
66 32 1
66 33 -1
66 37 1
66 39 -1
66 40 1
66 41 -1
66 42 -1
66 44 1
66 47 -1
66 51 -1
66 55 1
66 57 1
66 61 1
66 65 -1
66 67 1
66 69 -1
66 71 -1
66 73 -1
66 74 -1
66 77 -1
66 78 1
66 81 1
66 83 1
66 84 1
66 85 -1
66 86 1
66 87 1
66 88 1
66 89 1
66 93 -1
66 94 -1
66 95 1
66 96 -1
66 98 1
66 100 -1
66 101 1
66 102 -1
66 103 1
66 104 1
66 107 1
66 108 -1
66 109 1
67 9 1
67 10 1
67 11 -1
67 12 -1
67 13 -1
67 15 1
67 16 -1
67 18 1
67 21 1
67 23 -1
67 24 1
67 25 -1
67 26 1
67 30 1
67 31 1
67 32 1
67 34 -1
67 35 1
67 36 -1
67 38 -1
67 43 1
67 46 -1
67 47 -1
67 49 1
67 50 -1
67 53 1
67 55 1
67 57 1
67 59 -1
67 70 1
67 71 1
67 74 -1
67 75 -1
67 76 -1
67 78 1
67 80 1
67 86 -1
67 88 1
67 89 1
67 91 -1
67 97 -1
67 98 1
67 99 -1
67 101 1
67 103 -1
67 105 -1
67 106 -1
67 107 -1
67 110 1
68 1 -1
68 3 -1
68 4 1
68 6 1
68 10 -1
68 11 1
68 13 1
68 14 -1
68 16 1
68 18 -1
68 19 1
68 20 1
68 22 1
68 24 1
68 27 -1
68 30 -1
68 31 1
68 32 -1
68 35 1
68 37 -1
68 38 1
68 40 1
68 41 -1
68 43 1
68 44 1
68 45 -1
68 47 1
68 48 -1
68 49 1
68 50 1
68 53 -1
68 55 -1
68 57 -1
68 58 1
68 59 1
68 62 -1
68 63 1
68 66 1
68 67 1
68 74 1
68 76 -1
68 79 1
68 82 -1
68 83 1
68 86 -1
68 87 1
68 89 -1
68 94 1
68 95 -1
68 96 1
68 100 -1
68 102 1
68 103 1
68 104 -1
68 105 1
68 106 -1
69 1 -1
69 3 -1
69 7 -1
69 8 -1
69 9 -1
69 11 -1
69 13 1
69 14 -1
69 15 -1
69 16 -1
69 20 1
69 22 -1
69 26 -1
69 27 -1
69 29 1
69 33 1
69 34 1
69 36 -1
69 37 -1
69 39 -1
69 40 1
69 42 -1
69 43 -1
69 45 1
69 47 1
69 53 -1
69 56 -1
69 57 1
69 59 1
69 63 1
69 67 1
69 68 -1
69 70 1
69 74 -1
69 76 -1
69 78 1
69 79 1
69 81 -1
69 82 -1
69 83 -1
69 84 -1
69 85 -1
69 89 -1
69 101 -1
69 105 -1
69 109 1
70 5 -1
70 6 -1
70 12 1
70 13 -1
70 16 1
70 22 1
70 23 1
70 24 1
70 26 1
70 28 -1
70 29 1
70 30 1
70 31 1
70 37 -1
70 38 -1
70 44 1
70 46 1
70 47 1
70 49 1
70 50 1
70 51 -1
70 57 -1
70 58 -1
70 61 1
70 62 -1
70 64 1
70 65 -1
70 66 1
70 68 -1
70 71 -1
70 73 -1
70 75 -1
70 77 -1
70 78 -1
70 81 -1
70 83 -1
70 84 -1
70 87 1
70 88 1
70 89 -1
70 90 1
70 92 -1
70 94 1
70 95 -1
70 97 -1
70 98 -1
70 99 1
70 101 -1
70 102 1
70 103 1
70 106 1
70 107 -1
70 110 -1
71 1 -1
71 2 -1
71 4 1
71 5 1
71 8 1
71 11 -1
71 12 1
71 17 1
71 18 -1
71 25 -1
71 26 -1
71 29 -1
71 32 -1
71 34 -1
71 36 1
71 38 -1
71 39 -1
71 40 -1
71 41 1
71 43 -1
71 46 1
71 48 -1
71 54 -1
71 56 1
71 57 -1
71 58 -1
71 59 -1
71 60 1
71 61 1
71 62 -1
71 63 1
71 64 1
71 68 1
71 69 1
71 76 1
71 77 1
71 79 1
71 83 1
71 86 -1
71 87 -1
71 89 1
71 91 1
71 93 1
71 95 -1
71 96 1
71 97 1
71 98 -1
71 102 1
71 103 -1
71 104 -1
71 106 -1
71 107 -1
71 108 -1
71 109 -1
71 110 -1
72 2 -1
72 3 -1
72 5 -1
72 9 1
72 10 1
72 13 1
72 15 -1
72 20 -1
72 21 -1
72 24 1
72 25 1
72 27 1
72 29 -1
72 31 -1
72 32 1
72 33 -1
72 36 1
72 38 -1
72 39 -1
72 40 1
72 41 -1
72 42 1
72 45 -1
72 47 1
72 49 1
72 50 -1
72 51 1
72 52 1
72 54 1
72 55 1
72 56 -1
72 57 -1
72 59 -1
72 60 -1
72 61 1
72 62 -1
72 64 -1
72 66 -1
72 67 -1
72 68 1
72 69 1
72 70 -1
72 71 -1
72 74 -1
72 76 1
72 77 -1
72 78 1
72 84 -1
72 85 1
72 87 -1
72 88 -1
72 89 1
72 90 1
72 94 -1
72 96 -1
72 98 -1
72 99 1
72 103 1
72 104 1
72 109 1
73 2 1
73 4 -1
73 5 -1
73 7 1
73 8 1
73 10 -1
73 11 -1
73 13 -1
73 15 1
73 17 -1
73 18 -1
73 21 1
73 25 1
73 26 1
73 28 -1
73 31 -1
73 32 -1
73 33 -1
73 40 1
73 41 -1
73 43 1
73 44 1
73 45 -1
73 48 -1
73 49 1
73 56 -1
73 59 1
73 64 1
73 65 1
73 67 1
73 68 1
73 69 -1
73 71 1
73 72 1
73 75 1
73 76 1
73 77 1
73 78 1
73 79 -1
73 85 -1
73 86 -1
73 89 1
73 91 -1
73 94 -1
73 96 1
73 98 -1
73 100 1
73 101 1
73 105 -1
73 106 1
73 107 -1
73 109 1
73 110 -1
74 2 1
74 3 1
74 7 -1
74 9 1
74 11 1
74 12 -1
74 15 1
74 16 1
74 18 1
74 21 1
74 25 -1
74 28 1
74 33 1
74 35 1
74 37 1
74 39 -1
74 41 1
74 42 -1
74 43 1
74 44 -1
74 45 1
74 49 -1
74 50 1
74 51 -1
74 53 1
74 55 -1
74 56 -1
74 61 1
74 64 1
74 65 -1
74 70 1
74 71 -1
74 73 1
74 80 -1
74 84 -1
74 86 -1
74 91 -1
74 94 1
74 95 1
74 96 -1
74 97 1
74 98 1
74 99 1
74 100 -1
74 101 1
74 102 1
74 103 -1
74 107 -1
74 110 1
75 1 -1
75 3 -1
75 5 1
75 8 -1
75 9 1
75 11 -1
75 12 -1
75 13 1
75 14 -1
75 17 1
75 21 1
75 22 -1
75 23 1
75 24 1
75 25 -1
75 26 1
75 29 1
75 36 -1
75 40 1
75 42 1
75 44 1
75 45 -1
75 46 -1
75 47 -1
75 50 1
75 52 1
75 53 -1
75 54 1
75 57 1
75 58 -1
75 60 -1
75 61 1
75 62 1
75 63 1
75 65 1
75 66 1
75 68 1
75 69 -1
75 71 -1
75 72 -1
75 74 -1
75 76 1
75 77 -1
75 78 -1
75 79 -1
75 80 -1
75 81 1
75 82 1
75 84 1
75 85 -1
75 86 -1
75 95 1
75 97 -1
75 98 1
75 101 1
75 104 -1
75 105 1
75 106 -1
75 108 1
76 1 -1
76 3 1
76 4 -1
76 7 1
76 8 -1
76 9 1
76 13 1
76 15 1
76 16 -1
76 20 1
76 21 1
76 23 1
76 28 -1
76 29 1
76 30 1
76 33 -1
76 34 -1
76 35 1
76 39 1
76 42 -1
76 46 1
76 47 1
76 48 1
76 50 1
76 57 -1
76 59 -1
76 63 -1
76 66 -1
76 70 -1
76 74 1
76 77 1
76 78 -1
76 80 -1
76 81 -1
76 82 1
76 83 -1
76 84 1
76 86 1
76 87 -1
76 89 1
76 90 1
76 91 1
76 95 1
76 96 1
76 99 1
76 101 1
76 102 1
76 103 1
76 106 1
76 107 1
76 109 1
77 2 -1
77 3 1
77 4 -1
77 6 -1
77 8 1
77 10 -1
77 12 -1
77 15 1
77 17 -1
77 22 1
77 26 -1
77 27 1
77 33 -1
77 34 -1
77 35 -1
77 37 -1
77 38 -1
77 41 1
77 42 -1
77 43 -1
77 46 -1
77 47 1
77 48 -1
77 50 -1
77 54 1
77 55 1
77 57 1
77 58 -1
77 63 1
77 64 -1
77 67 1
77 68 1
77 69 -1
77 74 1
77 78 -1
77 79 -1
77 80 -1
77 82 1
77 83 1
77 84 -1
77 88 -1
77 92 1
77 96 -1
77 103 1
77 105 1
77 109 1
77 110 1
78 1 -1
78 4 1
78 15 -1
78 16 1
78 17 1
78 18 1
78 20 -1
78 21 -1
78 23 1
78 24 1
78 27 -1
78 29 1
78 30 1
78 33 -1
78 34 -1
78 36 -1
78 37 -1
78 38 1
78 39 1
78 40 1
78 41 -1
78 43 1
78 46 -1
78 47 -1
78 48 -1
78 53 1
78 56 -1
78 57 1
78 58 1
78 59 -1
78 61 -1
78 62 -1
78 63 1
78 64 1
78 68 -1
78 71 1
78 74 -1
78 80 1
78 81 -1
78 85 -1
78 87 1
78 88 -1
78 89 -1
78 90 1
78 92 -1
78 97 1
78 98 1
78 101 1
78 103 -1
78 106 1
78 108 -1
78 109 -1
78 110 1
79 2 1
79 3 -1
79 4 -1
79 5 -1
79 7 -1
79 8 1
79 9 1
79 11 1
79 12 -1
79 13 1
79 14 -1
79 19 1
79 20 1
79 22 -1
79 23 -1
79 29 1
79 30 -1
79 32 -1
79 33 1
79 36 1
79 37 1
79 40 1
79 41 1
79 42 1
79 44 1
79 46 1
79 52 1
79 53 -1
79 54 -1
79 56 1
79 58 1
79 60 -1
79 62 -1
79 63 1
79 65 -1
79 66 -1
79 67 -1
79 70 1
79 72 -1
79 74 1
79 76 -1
79 78 -1
79 81 1
79 82 1
79 84 1
79 85 -1
79 86 1
79 87 1
79 89 -1
79 91 -1
79 96 -1
79 97 1
79 98 -1
79 99 1
79 100 1
79 104 -1
79 105 1
79 106 -1
79 109 -1
79 110 1
80 1 1
80 6 1
80 7 -1
80 8 1
80 11 1
80 12 1
80 13 1
80 15 -1
80 20 -1
80 21 -1
80 24 -1
80 25 -1
80 26 1
80 29 1
80 30 1
80 31 1
80 34 1
80 37 1
80 38 -1
80 40 1
80 45 1
80 46 1
80 47 -1
80 48 -1
80 49 -1
80 50 -1
80 51 1
80 52 -1
80 56 1
80 59 -1
80 61 -1
80 62 1
80 63 -1
80 64 -1
80 65 -1
80 66 1
80 68 -1
80 69 -1
80 70 1
80 71 -1
80 72 1
80 73 -1
80 79 1
80 81 1
80 83 1
80 86 -1
80 87 1
80 88 -1
80 89 1
80 92 -1
80 93 -1
80 94 -1
80 96 -1
80 97 -1
80 98 -1
80 100 1
80 101 1
80 109 1
81 2 -1
81 4 1
81 6 -1
81 7 1
81 8 1
81 10 1
81 12 -1
81 14 1
81 17 -1
81 18 1
81 21 1
81 23 -1
81 25 -1
81 27 -1
81 29 1
81 31 1
81 33 -1
81 34 -1
81 35 1
81 36 1
81 39 1
81 40 -1
81 41 -1
81 46 1
81 47 1
81 48 1
81 49 -1
81 50 -1
81 54 -1
81 55 -1
81 60 1
81 63 -1
81 64 1
81 67 -1
81 68 1
81 71 1
81 72 1
81 73 1
81 74 1
81 77 1
81 84 1
81 85 1
81 87 -1
81 91 1
81 92 -1
81 95 -1
81 102 1
81 103 1
81 105 -1
81 106 1
81 108 1
81 109 1
81 110 1
82 3 -1
82 4 -1
82 6 -1
82 7 -1
82 9 -1
82 10 1
82 11 1
82 12 -1
82 15 1
82 25 1
82 28 -1
82 29 -1
82 30 -1
82 31 1
82 32 1
82 34 -1
82 35 -1
82 40 1
82 41 -1
82 42 1
82 43 1
82 46 -1
82 49 -1
82 50 -1
82 52 -1
82 53 1
82 55 1
82 56 -1
82 58 1
82 60 1
82 62 -1
82 64 -1
82 66 1
82 67 1
82 70 1
82 71 -1
82 72 -1
82 73 1
82 74 -1
82 78 1
82 80 -1
82 81 1
82 84 -1
82 85 1
82 86 1
82 87 1
82 89 1
82 92 -1
82 96 -1
82 100 -1
82 101 -1
82 103 -1
82 104 -1
82 105 1
82 106 1
82 108 -1
82 109 1
82 110 -1
83 3 -1
83 4 1
83 6 1
83 7 1
83 8 1
83 9 1
83 12 1
83 13 -1
83 16 -1
83 17 -1
83 22 -1
83 27 1
83 28 1
83 38 1
83 40 1
83 42 1
83 44 -1
83 54 -1
83 55 1
83 56 -1
83 57 1
83 58 -1
83 59 -1
83 60 -1
83 64 -1
83 67 -1
83 72 1
83 73 -1
83 74 1
83 75 1
83 78 -1
83 79 -1
83 81 1
83 82 -1
83 84 -1
83 91 -1
83 92 1
83 93 1
83 94 -1
83 102 1
83 103 1
83 104 -1
83 105 1
83 106 -1
83 107 1
83 109 1
83 110 -1
84 1 -1
84 3 1
84 4 1
84 7 1
84 8 -1
84 14 -1
84 15 -1
84 17 -1
84 19 1
84 20 -1
84 22 1
84 23 -1
84 24 -1
84 27 1
84 28 -1
84 29 -1
84 33 1
84 37 -1
84 38 1
84 39 -1
84 40 -1
84 41 -1
84 47 -1
84 54 1
84 57 1
84 60 -1
84 64 1
84 65 1
84 67 -1
84 68 1
84 71 -1
84 73 1
84 78 -1
84 80 -1
84 86 -1
84 91 -1
84 92 1
84 94 -1
84 95 1
84 96 1
84 97 1
84 98 -1
84 100 1
84 101 1
84 106 1
84 109 1
84 110 1
85 3 1
85 4 1
85 5 1
85 7 -1
85 9 -1
85 12 -1
85 14 1
85 16 -1
85 26 1
85 27 1
85 28 1
85 29 1
85 35 1
85 36 1
85 38 -1
85 44 1
85 45 -1
85 46 1
85 48 1
85 49 -1
85 50 -1
85 52 -1
85 54 1
85 55 -1
85 57 1
85 58 -1
85 60 1
85 61 -1
85 62 -1
85 64 -1
85 65 1
85 67 -1
85 68 -1
85 70 1
85 71 -1
85 74 -1
85 76 -1
85 77 1
85 80 -1
85 83 1
85 84 1
85 86 -1
85 87 -1
85 88 -1
85 90 -1
85 94 -1
85 95 1
85 96 1
85 97 1
85 101 -1
85 103 1
85 104 1
85 106 1
85 109 1
86 2 1
86 6 -1
86 8 -1
86 9 -1
86 10 1
86 15 1
86 16 -1
86 17 1
86 19 1
86 21 1
86 23 1
86 24 1
86 25 1
86 26 1
86 29 1
86 35 1
86 36 1
86 39 -1
86 41 -1
86 44 -1
86 50 1
86 53 1
86 54 -1
86 56 -1
86 59 -1
86 61 -1
86 62 1
86 69 1
86 70 -1
86 72 -1
86 77 1
86 78 1
86 81 -1
86 83 1
86 87 1
86 88 -1
86 89 1
86 91 1
86 92 -1
86 94 -1
86 95 -1
86 96 -1
86 98 1
86 99 1
86 100 -1
86 101 -1
86 103 1
86 105 -1
86 106 1
86 108 -1
86 109 1
86 110 1
87 2 1
87 4 -1
87 7 -1
87 9 -1
87 10 1
87 13 1
87 14 -1
87 16 1
87 20 -1
87 23 -1
87 25 -1
87 26 -1
87 27 1
87 28 -1
87 29 1
87 30 -1
87 32 1
87 33 -1
87 35 -1
87 36 1
87 38 -1
87 40 1
87 42 1
87 50 1
87 51 -1
87 53 -1
87 54 -1
87 55 -1
87 57 -1
87 58 -1
87 59 -1
87 60 -1
87 61 -1
87 63 -1
87 65 -1
87 67 -1
87 69 1
87 73 -1
87 74 -1
87 75 -1
87 77 -1
87 83 1
87 84 1
87 88 1
87 89 1
87 90 1
87 93 -1
87 98 1
87 99 1
87 100 1
87 105 1
88 2 -1
88 3 1
88 5 1
88 8 1
88 12 -1
88 16 -1
88 22 -1
88 24 1
88 30 1
88 32 1
88 33 1
88 34 -1
88 35 1
88 38 1
88 43 1
88 44 -1
88 45 -1
88 51 -1
88 54 -1
88 55 1
88 57 1
88 58 1
88 60 1
88 68 1
88 69 -1
88 71 -1
88 73 -1
88 74 1
88 75 1
88 76 1
88 79 1
88 81 -1
88 82 -1
88 83 1
88 84 1
88 92 1
88 96 -1
88 97 1
88 98 -1
88 99 -1
88 100 -1
88 101 1
88 102 -1
88 105 1
88 106 1
88 107 -1
88 109 1
89 6 -1
89 8 1
89 9 1
89 12 1
89 14 -1
89 16 -1
89 18 1
89 22 1
89 29 -1
89 30 1
89 31 -1
89 34 -1
89 35 1
89 37 1
89 39 1
89 41 -1
89 42 1
89 43 1
89 47 -1
89 48 -1
89 54 1
89 55 -1
89 56 1
89 62 -1
89 63 -1
89 64 1
89 65 1
89 74 1
89 75 -1
89 77 1
89 81 -1
89 83 1
89 84 -1
89 85 1
89 88 1
89 90 -1
89 91 1
89 93 -1
89 96 -1
89 98 1
89 99 -1
89 101 1
89 105 1
89 109 -1
89 110 1
90 1 -1
90 2 -1
90 3 1
90 4 1
90 6 1
90 7 1
90 14 1
90 16 -1
90 17 1
90 20 1
90 21 1
90 23 1
90 25 -1
90 26 -1
90 28 -1
90 32 -1
90 34 -1
90 36 -1
90 39 -1
90 41 1
90 42 -1
90 46 1
90 47 -1
90 49 -1
90 50 -1
90 52 1
90 53 1
90 54 1
90 56 -1
90 60 -1
90 61 -1
90 62 1
90 63 -1
90 65 1
90 66 1
90 67 1
90 68 -1
90 69 -1
90 71 1
90 73 -1
90 74 1
90 75 -1
90 77 -1
90 79 1
90 80 -1
90 81 -1
90 82 -1
90 83 1
90 84 1
90 86 1
90 88 1
90 94 -1
90 95 1
90 96 -1
90 97 -1
90 98 1
90 99 1
90 101 -1
90 102 -1
90 103 -1
90 104 -1
90 105 1
90 109 1
90 110 -1
91 2 1
91 5 1
91 7 -1
91 11 -1
91 12 1
91 13 1
91 15 -1
91 20 -1
91 21 1
91 22 1
91 23 -1
91 24 -1
91 26 1
91 28 1
91 32 -1
91 35 1
91 38 1
91 40 -1
91 42 1
91 45 -1
91 47 -1
91 49 -1
91 50 1
91 52 -1
91 53 -1
91 54 -1
91 55 1
91 63 -1
91 66 -1
91 68 1
91 69 -1
91 70 -1
91 72 -1
91 75 1
91 77 1
91 78 1
91 80 -1
91 82 1
91 85 -1
91 87 1
91 88 1
91 90 1
91 92 1
91 95 -1
91 99 -1
91 101 1
91 102 -1
91 104 -1
92 2 -1
92 3 -1
92 4 1
92 5 1
92 6 1
92 8 1
92 10 -1
92 12 -1
92 16 -1
92 18 -1
92 19 -1
92 21 1
92 26 1
92 27 -1
92 28 -1
92 30 -1
92 31 -1
92 32 -1
92 33 -1
92 34 -1
92 37 -1
92 39 -1
92 42 1
92 43 -1
92 44 1
92 45 1
92 47 1
92 50 1
92 51 -1
92 52 -1
92 53 -1
92 55 -1
92 57 -1
92 58 -1
92 62 1
92 63 1
92 65 -1
92 66 -1
92 67 -1
92 68 -1
92 69 -1
92 71 1
92 72 1
92 73 1
92 74 -1
92 75 -1
92 76 1
92 79 -1
92 85 -1
92 87 -1
92 89 1
92 90 1
92 94 -1
92 95 -1
92 96 1
92 97 1
92 99 -1
92 100 -1
92 101 1
92 102 -1
92 103 1
92 105 1
92 106 -1
92 107 1
92 108 1
93 1 -1
93 2 1
93 5 -1
93 8 -1
93 9 1
93 10 1
93 11 1
93 13 1
93 14 1
93 15 1
93 17 1
93 18 1
93 19 -1
93 20 1
93 22 1
93 23 -1
93 24 -1
93 27 1
93 33 -1
93 34 1
93 35 -1
93 39 1
93 40 1
93 41 1
93 43 -1
93 44 -1
93 46 1
93 49 -1
93 54 -1
93 55 1
93 57 1
93 61 -1
93 64 -1
93 67 -1
93 68 1
93 69 -1
93 70 1
93 72 1
93 73 -1
93 74 -1
93 75 1
93 76 -1
93 77 -1
93 78 -1
93 79 -1
93 81 1
93 82 1
93 84 1
93 85 1
93 86 -1
93 88 -1
93 90 -1
93 91 -1
93 92 1
93 95 1
93 96 -1
93 98 1
93 100 1
93 101 -1
93 102 -1
93 104 -1
93 105 1
93 106 1
94 3 1
94 7 -1
94 8 -1
94 9 -1
94 10 1
94 11 -1
94 15 1
94 17 1
94 19 1
94 20 1
94 21 1
94 22 1
94 26 1
94 30 1
94 32 -1
94 33 -1
94 34 -1
94 35 -1
94 37 -1
94 38 1
94 40 1
94 42 -1
94 43 1
94 45 1
94 46 1
94 47 -1
94 51 -1
94 52 1
94 55 1
94 56 1
94 57 1
94 58 -1
94 59 1
94 62 1
94 64 1
94 65 -1
94 67 -1
94 69 -1
94 71 1
94 75 1
94 76 -1
94 77 1
94 78 -1
94 79 1
94 81 -1
94 82 1
94 87 -1
94 88 1
94 89 -1
94 91 1
94 93 1
94 95 -1
94 96 1
94 97 -1
94 98 -1
94 99 1
94 100 -1
94 101 1
94 103 1
94 104 -1
94 106 -1
94 107 -1
94 109 1
95 1 -1
95 2 -1
95 4 1
95 8 -1
95 9 1
95 14 1
95 15 1
95 17 -1
95 19 1
95 20 1
95 21 -1
95 25 1
95 32 -1
95 37 1
95 38 1
95 39 -1
95 42 -1
95 43 1
95 44 1
95 45 1
95 47 -1
95 48 1
95 51 1
95 52 -1
95 54 1
95 55 -1
95 58 1
95 59 -1
95 62 1
95 63 1
95 64 -1
95 67 1
95 69 -1
95 72 1
95 73 -1
95 77 1
95 78 1
95 79 1
95 80 1
95 82 1
95 83 1
95 87 -1
95 88 1
95 89 -1
95 96 -1
95 98 -1
95 99 1
95 100 1
95 101 1
95 102 1
95 103 -1
95 105 -1
95 106 -1
95 107 -1
95 109 -1
95 110 -1
96 1 -1
96 4 1
96 7 -1
96 8 -1
96 9 -1
96 14 -1
96 15 1
96 16 -1
96 18 1
96 20 1
96 21 -1
96 22 -1
96 24 -1
96 28 1
96 30 -1
96 33 1
96 34 -1
96 37 -1
96 40 -1
96 41 1
96 42 -1
96 44 -1
96 47 1
96 49 -1
96 52 1
96 53 -1
96 55 -1
96 56 -1
96 59 1
96 61 1
96 62 -1
96 64 -1
96 65 1
96 67 -1
96 69 1
96 70 1
96 75 -1
96 78 -1
96 81 1
96 83 1
96 87 1
96 91 1
96 98 -1
96 100 -1
96 104 -1
96 106 1
96 110 -1
97 1 -1
97 4 -1
97 7 1
97 9 -1
97 10 -1
97 11 1
97 12 1
97 19 -1
97 21 -1
97 22 1
97 24 -1
97 29 -1
97 30 1
97 33 -1
97 34 1
97 37 1
97 38 -1
97 41 -1
97 42 1
97 44 1
97 45 -1
97 46 1
97 48 -1
97 49 1
97 53 -1
97 54 1
97 60 -1
97 62 -1
97 63 -1
97 64 1
97 65 1
97 66 1
97 68 1
97 69 1
97 72 1
97 73 1
97 76 1
97 77 1
97 81 -1
97 82 -1
97 83 1
97 86 -1
97 87 -1
97 89 1
97 91 -1
97 93 -1
97 95 -1
97 96 1
97 98 1
97 100 -1
97 101 1
97 104 -1
97 105 -1
97 106 -1
97 107 1
97 108 -1
98 5 1
98 6 -1
98 7 -1
98 8 1
98 10 1
98 11 -1
98 13 1
98 15 1
98 16 -1
98 17 1
98 21 1
98 23 1
98 24 1
98 25 -1
98 27 -1
98 28 1
98 29 1
98 30 -1
98 31 1
98 34 -1
98 35 1
98 36 -1
98 43 1
98 44 -1
98 45 1
98 46 -1
98 48 -1
98 49 1
98 51 -1
98 53 -1
98 54 1
98 56 -1
98 57 -1
98 58 1
98 60 -1
98 61 -1
98 64 -1
98 65 1
98 68 -1
98 69 1
98 76 -1
98 77 1
98 81 -1
98 82 1
98 83 -1
98 85 -1
98 91 1
98 92 -1
98 99 1
98 105 1
98 109 1
99 1 -1
99 2 -1
99 5 1
99 8 -1
99 10 -1
99 13 1
99 18 -1
99 20 1
99 21 -1
99 22 -1
99 23 -1
99 25 1
99 26 1
99 27 -1
99 28 1
99 29 -1
99 30 -1
99 32 -1
99 33 -1
99 35 1
99 36 1
99 37 1
99 38 1
99 40 1
99 41 1
99 43 -1
99 44 -1
99 45 1
99 46 -1
99 48 1
99 49 1
99 50 -1
99 51 -1
99 53 -1
99 56 -1
99 58 1
99 60 1
99 61 1
99 62 -1
99 64 -1
99 66 1
99 68 -1
99 69 1
99 71 1
99 73 -1
99 75 1
99 77 -1
99 78 1
99 80 -1
99 81 -1
99 82 -1
99 83 1
99 84 1
99 85 1
99 93 -1
99 96 -1
99 97 -1
99 103 1
99 104 -1
99 106 1
99 107 1
100 4 1
100 5 1
100 6 -1
100 7 1
100 8 1
100 9 -1
100 10 1
100 11 1
100 19 -1
100 21 1
100 22 -1
100 24 -1
100 29 1
100 30 -1
100 32 -1
100 34 -1
100 35 -1
100 36 1
100 37 -1
100 38 1
100 39 1
100 40 1
100 43 1
100 46 1
100 47 1
100 48 1
100 49 -1
100 50 1
100 52 -1
100 58 -1
100 59 -1
100 60 1
100 63 1
100 67 -1
100 69 -1
100 70 -1
100 71 1
100 72 1
100 75 -1
100 76 -1
100 77 1
100 78 -1
100 81 -1
100 83 1
100 85 -1
100 89 1
100 90 -1
100 91 1
100 98 -1
100 99 1
100 101 -1
100 102 1
100 103 -1
100 105 1
100 106 1
100 108 1
101 1 1
101 7 -1
101 10 -1
101 12 1
101 18 -1
101 19 -1
101 20 1
101 23 1
101 24 -1
101 26 1
101 28 -1
101 30 -1
101 31 -1
101 35 -1
101 36 1
101 37 -1
101 38 -1
101 40 -1
101 41 1
101 42 1
101 43 -1
101 44 1
101 46 1
101 47 1
101 48 1
101 50 1
101 51 -1
101 54 -1
101 55 -1
101 56 1
101 57 -1
101 58 1
101 62 -1
101 64 1
101 68 -1
101 71 -1
101 72 1
101 77 1
101 79 1
101 81 -1
101 83 -1
101 87 -1
101 96 -1
101 98 -1
101 99 -1
101 106 1
101 109 1
101 110 1
102 2 -1
102 6 1
102 8 -1
102 9 1
102 17 1
102 18 1
102 20 1
102 21 1
102 22 1
102 23 1
102 24 -1
102 25 -1
102 26 -1
102 27 1
102 28 1
102 33 -1
102 36 1
102 37 -1
102 38 -1
102 40 -1
102 46 -1
102 47 -1
102 48 -1
102 49 -1
102 52 1
102 54 1
102 55 -1
102 57 1
102 61 1
102 62 -1
102 64 -1
102 65 1
102 67 1
102 69 -1
102 72 1
102 73 -1
102 75 1
102 77 1
102 78 1
102 79 1
102 80 -1
102 82 -1
102 84 1
102 85 -1
102 86 1
102 87 1
102 89 -1
102 94 -1
102 96 1
102 97 -1
102 98 1
102 99 1
102 101 1
102 104 -1
102 106 1
102 107 -1
102 108 -1
102 110 1
103 1 -1
103 4 -1
103 5 1
103 7 -1
103 8 -1
103 10 -1
103 11 -1
103 14 -1
103 16 -1
103 17 -1
103 19 -1
103 20 -1
103 21 1
103 23 -1
103 26 1
103 27 1
103 31 1
103 32 -1
103 36 1
103 37 -1
103 38 -1
103 39 1
103 40 -1
103 41 -1
103 42 1
103 44 1
103 45 -1
103 46 -1
103 47 1
103 48 -1
103 51 -1
103 52 -1
103 53 -1
103 55 1
103 58 1
103 60 1
103 61 1
103 63 -1
103 64 1
103 69 -1
103 73 1
103 75 1
103 79 1
103 80 -1
103 84 -1
103 87 -1
103 88 -1
103 89 -1
103 91 1
103 93 1
103 96 1
103 97 1
103 98 -1
103 101 -1
103 102 1
103 107 -1
103 109 1
103 110 -1
104 2 1
104 3 -1
104 5 -1
104 6 1
104 8 1
104 9 -1
104 10 -1
104 11 1
104 19 -1
104 21 -1
104 22 -1
104 23 1
104 26 1
104 28 1
104 29 -1
104 31 -1
104 33 1
104 34 1
104 36 1
104 37 -1
104 38 1
104 39 -1
104 40 -1
104 44 -1
104 45 -1
104 47 -1
104 48 -1
104 55 1
104 56 -1
104 58 1
104 60 1
104 61 -1
104 62 -1
104 63 1
104 64 -1
104 67 -1
104 69 1
104 70 1
104 73 -1
104 74 -1
104 76 1
104 77 1
104 78 1
104 80 -1
104 81 -1
104 84 1
104 86 1
104 87 1
104 88 -1
104 89 1
104 92 -1
104 95 1
104 98 1
104 100 1
104 101 1
104 103 1
104 105 -1
104 108 1
104 109 -1
105 6 1
105 7 1
105 10 -1
105 17 1
105 20 -1
105 21 -1
105 25 -1
105 26 -1
105 27 -1
105 28 -1
105 29 1
105 30 -1
105 31 1
105 32 1
105 33 -1
105 35 -1
105 36 -1
105 37 1
105 39 1
105 40 -1
105 41 -1
105 43 -1
105 46 -1
105 50 1
105 51 -1
105 53 -1
105 58 1
105 59 1
105 60 1
105 61 -1
105 62 1
105 64 1
105 66 -1
105 70 1
105 71 1
105 72 1
105 74 -1
105 76 1
105 78 -1
105 80 1
105 84 -1
105 85 1
105 91 -1
105 94 1
105 96 -1
105 99 1
105 101 -1
105 102 -1
105 103 -1
105 106 1
106 2 -1
106 3 -1
106 7 1
106 8 -1
106 9 1
106 12 1
106 13 -1
106 15 -1
106 16 -1
106 18 -1
106 19 1
106 23 1
106 24 -1
106 27 -1
106 28 -1
106 29 -1
106 32 1
106 33 -1
106 34 1
106 35 -1
106 39 1
106 44 -1
106 45 -1
106 46 -1
106 50 1
106 54 1
106 55 1
106 57 1
106 59 1
106 61 -1
106 62 -1
106 63 1
106 64 -1
106 66 -1
106 69 -1
106 72 1
106 74 1
106 77 1
106 80 1
106 87 1
106 89 -1
106 90 -1
106 91 1
106 98 1
106 103 -1
106 104 -1
106 107 1
106 109 1
106 110 1
107 3 1
107 6 -1
107 11 1
107 14 1
107 19 1
107 20 1
107 21 -1
107 23 -1
107 26 1
107 29 -1
107 30 -1
107 31 1
107 32 1
107 33 1
107 38 -1
107 39 -1
107 43 1
107 44 1
107 45 -1
107 46 -1
107 47 1
107 51 -1
107 54 -1
107 56 1
107 57 1
107 59 -1
107 60 1
107 62 -1
107 63 1
107 64 -1
107 68 -1
107 69 1
107 72 1
107 75 -1
107 77 1
107 78 1
107 79 1
107 80 1
107 81 1
107 82 1
107 84 -1
107 85 1
107 86 -1
107 87 -1
107 89 -1
107 90 1
107 91 1
107 93 1
107 96 1
107 98 -1
107 100 -1
107 101 -1
107 104 1
107 105 1
107 108 1
107 110 1
108 2 1
108 3 1
108 7 1
108 10 1
108 11 1
108 16 -1
108 18 -1
108 21 1
108 22 1
108 27 -1
108 28 -1
108 31 -1
108 33 1
108 34 1
108 35 -1
108 37 -1
108 38 -1
108 46 -1
108 48 1
108 53 -1
108 54 -1
108 57 -1
108 58 -1
108 59 1
108 62 -1
108 63 1
108 64 -1
108 67 -1
108 68 1
108 69 1
108 70 1
108 72 1
108 73 -1
108 74 1
108 76 1
108 77 1
108 79 1
108 80 1
108 83 1
108 84 1
108 85 -1
108 87 1
108 88 -1
108 89 -1
108 90 -1
108 91 -1
108 93 1
108 94 -1
108 95 1
108 96 -1
108 98 -1
108 99 -1
108 101 -1
108 103 1
108 105 -1
108 106 1
108 110 1
109 2 1
109 6 -1
109 7 1
109 8 -1
109 9 -1
109 14 -1
109 15 -1
109 16 -1
109 21 1
109 24 -1
109 27 -1
109 30 1
109 32 -1
109 33 -1
109 34 -1
109 35 1
109 36 1
109 38 -1
109 39 1
109 41 1
109 42 -1
109 43 1
109 44 1
109 46 1
109 47 -1
109 52 1
109 53 1
109 54 1
109 55 1
109 57 1
109 58 -1
109 61 1
109 62 -1
109 67 -1
109 68 1
109 70 -1
109 74 1
109 75 1
109 87 1
109 91 -1
109 92 -1
109 93 -1
109 96 -1
109 97 1
109 99 -1
109 100 1
109 102 1
109 105 -1
109 107 1
109 108 1
109 110 1
110 2 1
110 5 1
110 7 -1
110 9 1
110 11 1
110 12 -1
110 13 -1
110 14 1
110 15 -1
110 23 1
110 30 1
110 31 -1
110 32 1
110 33 1
110 35 -1
110 36 1
110 38 1
110 39 1
110 41 1
110 43 1
110 44 1
110 46 -1
110 48 1
110 49 -1
110 55 -1
110 56 -1
110 59 -1
110 60 1
110 61 -1
110 65 1
110 66 -1
110 68 1
110 69 1
110 72 1
110 75 -1
110 76 1
110 80 1
110 85 1
110 87 1
110 88 1
110 91 1
110 92 -1
110 93 1
110 94 1
110 97 1
110 98 -1
110 99 -1
110 100 1
110 104 1
110 105 -1
