vertices: 130 edges: 8385
1 3 -1
1 4 1
1 5 -1
1 8 1
1 14 -1
1 15 1
1 18 -1
1 19 -1
1 21 1
1 22 1
1 24 -1
1 25 1
1 28 -1
1 29 1
1 30 -1
1 31 -1
1 39 -1
1 40 1
1 41 1
1 43 -1
1 44 1
1 45 1
1 47 -1
1 49 -1
1 51 -1
1 52 -1
1 53 -1
1 54 -1
1 58 1
1 60 1
1 62 1
1 63 -1
1 64 -1
1 65 -1
1 67 -1
1 68 1
1 70 1
1 75 -1
1 78 -1
1 79 1
1 80 -1
1 81 1
1 82 -1
1 86 -1
1 87 -1
1 90 1
1 92 1
1 94 -1
1 96 -1
1 97 -1
1 100 1
1 101 1
1 104 -1
1 107 -1
1 109 1
1 110 -1
1 111 1
1 113 1
1 116 -1
1 119 1
1 120 -1
1 121 -1
1 123 -1
1 124 1
1 125 -1
1 126 1
1 127 1
1 128 1
1 129 -1
1 130 1
2 1 -1
2 3 -1
2 4 -1
2 6 -1
2 8 1
2 9 1
2 10 -1
2 12 -1
2 13 1
2 14 -1
2 16 1
2 17 -1
2 18 -1
2 19 1
2 20 -1
2 21 1
2 26 -1
2 35 -1
2 38 1
2 39 -1
2 44 1
2 47 1
2 48 -1
2 49 1
2 51 -1
2 52 -1
2 53 1
2 54 1
2 55 1
2 56 1
2 59 1
2 67 -1
2 71 1
2 72 -1
2 73 -1
2 76 1
2 79 1
2 80 -1
2 81 -1
2 83 1
2 86 -1
2 91 1
2 93 1
2 95 -1
2 98 1
2 99 -1
2 100 -1
2 101 -1
2 104 -1
2 108 1
2 111 1
2 112 1
2 113 -1
2 114 1
2 116 1
2 122 1
2 123 1
2 125 1
2 129 -1
2 130 1
3 5 -1
3 6 -1
3 9 -1
3 12 -1
3 15 1
3 18 -1
3 20 1
3 21 -1
3 22 -1
3 26 1
3 27 1
3 29 -1
3 30 -1
3 31 1
3 33 1
3 34 1
3 38 -1
3 40 1
3 41 -1
3 42 -1
3 43 -1
3 44 1
3 46 -1
3 59 -1
3 61 -1
3 62 1
3 63 1
3 67 1
3 68 1
3 69 1
3 72 -1
3 75 1
3 78 1
3 82 1
3 86 1
3 87 1
3 89 1
3 90 1
3 95 1
3 98 -1
3 99 -1
3 103 1
3 106 -1
3 107 -1
3 111 1
3 112 -1
3 113 -1
3 116 -1
3 120 1
3 123 -1
3 124 -1
3 125 -1
3 127 1
3 128 -1
3 129 -1
4 3 1
4 6 1
4 7 -1
4 10 -1
4 13 -1
4 15 -1
4 18 -1
4 19 -1
4 23 -1
4 24 -1
4 25 -1
4 26 1
4 27 -1
4 33 1
4 35 -1
4 38 1
4 39 -1
4 40 1
4 41 -1
4 42 1
4 44 -1
4 46 1
4 48 -1
4 49 -1
4 50 1
4 51 1
4 53 1
4 54 1
4 58 -1
4 59 -1
4 60 -1
4 62 -1
4 63 1
4 64 1
4 65 -1
4 66 1
4 68 -1
4 70 -1
4 71 1
4 77 1
4 79 1
4 80 -1
4 82 1
4 85 -1
4 89 -1
4 93 1
4 96 -1
4 97 1
4 99 1
4 100 -1
4 101 -1
4 106 1
4 111 -1
4 112 1
4 114 -1
4 115 -1
4 116 -1
4 117 -1
4 118 1
4 123 -1
4 124 1
4 125 -1
4 128 1
4 129 1
5 2 -1
5 4 1
5 6 -1
5 7 -1
5 8 -1
5 11 1
5 13 1
5 15 -1
5 22 1
5 25 1
5 26 1
5 27 -1
5 28 1
5 29 -1
5 30 1
5 31 1
5 32 1
5 33 -1
5 34 1
5 37 1
5 38 1
5 39 -1
5 42 -1
5 45 -1
5 46 -1
5 54 1
5 57 -1
5 59 1
5 60 1
5 62 1
5 65 -1
5 66 -1
5 67 1
5 68 1
5 75 -1
5 78 1
5 80 -1
5 83 -1
5 84 -1
5 85 1
5 86 1
5 89 1
5 91 -1
5 92 1
5 93 1
5 94 -1
5 98 1
5 99 1
5 104 -1
5 105 -1
5 111 1
5 113 -1
5 114 1
5 120 -1
5 121 1
5 122 -1
5 124 1
5 125 -1
5 126 1
6 1 -1
6 10 1
6 12 1
6 13 1
6 14 -1
6 15 -1
6 16 1
6 20 1
6 21 -1
6 23 -1
6 24 -1
6 25 1
6 29 -1
6 30 1
6 32 -1
6 33 -1
6 34 -1
6 35 1
6 39 1
6 40 -1
6 42 1
6 43 1
6 44 1
6 45 1
6 48 1
6 49 -1
6 50 -1
6 52 -1
6 53 1
6 55 1
6 57 -1
6 59 -1
6 61 1
6 62 -1
6 64 1
6 65 1
6 66 1
6 67 -1
6 69 -1
6 70 -1
6 72 -1
6 73 -1
6 75 1
6 78 1
6 81 1
6 85 -1
6 86 -1
6 87 -1
6 88 -1
6 89 1
6 90 -1
6 91 -1
6 92 1
6 94 -1
6 96 -1
6 99 1
6 100 -1
6 103 -1
6 104 1
6 109 1
6 114 -1
6 116 -1
6 120 -1
6 124 -1
6 126 -1
6 127 -1
6 128 1
6 129 1
7 1 -1
7 2 -1
7 3 1
7 6 1
7 9 -1
7 10 -1
7 11 -1
7 13 -1
7 14 -1
7 16 -1
7 25 1
7 26 -1
7 30 1
7 31 -1
7 33 -1
7 35 -1
7 36 -1
7 38 -1
7 39 -1
7 40 1
7 42 -1
7 45 -1
7 46 -1
7 48 1
7 52 1
7 53 -1
7 54 1
7 56 1
7 58 1
7 64 -1
7 65 -1
7 66 -1
7 68 -1
7 70 1
7 71 1
7 73 -1
7 75 1
7 76 1
7 79 -1
7 81 1
7 84 1
7 89 -1
7 91 -1
7 92 -1
7 94 -1
7 95 1
7 96 1
7 97 -1
7 100 1
7 105 -1
7 106 -1
7 107 -1
7 113 1
7 115 1
7 116 -1
7 118 1
7 119 1
7 120 1
7 123 1
7 128 1
7 130 1
8 3 1
8 4 1
8 6 1
8 7 1
8 9 1
8 11 1
8 12 1
8 14 1
8 16 1
8 19 1
8 20 -1
8 26 -1
8 29 1
8 30 -1
8 31 1
8 32 1
8 33 -1
8 34 1
8 35 -1
8 36 1
8 38 1
8 39 -1
8 40 -1
8 49 1
8 50 -1
8 56 1
8 58 -1
8 59 -1
8 61 1
8 64 -1
8 65 -1
8 66 1
8 68 -1
8 72 1
8 73 1
8 74 -1
8 75 1
8 76 -1
8 79 1
8 83 -1
8 87 1
8 89 1
8 94 -1
8 95 1
8 96 -1
8 97 -1
8 98 -1
8 101 1
8 102 -1
8 104 -1
8 105 -1
8 106 1
8 110 -1
8 113 1
8 116 1
8 117 1
8 119 1
8 120 1
8 124 1
8 127 -1
8 129 -1
8 130 -1
9 1 1
9 4 1
9 5 -1
9 6 -1
9 10 -1
9 11 1
9 12 -1
9 14 -1
9 16 -1
9 17 -1
9 18 1
9 19 1
9 21 -1
9 25 -1
9 26 1
9 27 -1
9 33 1
9 34 -1
9 35 1
9 36 1
9 37 -1
9 41 1
9 47 -1
9 49 -1
9 50 1
9 51 -1
9 53 1
9 54 1
9 57 1
9 60 -1
9 63 1
9 64 -1
9 66 1
9 67 -1
9 68 -1
9 69 -1
9 71 1
9 72 1
9 74 1
9 76 1
9 77 -1
9 81 1
9 82 -1
9 83 1
9 86 1
9 89 1
9 90 1
9 92 -1
9 93 1
9 96 1
9 97 1
9 98 1
9 102 -1
9 105 -1
9 106 -1
9 111 -1
9 112 1
9 113 1
9 116 1
9 121 -1
9 122 -1
9 126 -1
9 128 -1
9 129 -1
10 1 -1
10 3 -1
10 5 -1
10 8 -1
10 15 -1
10 16 1
10 20 -1
10 23 1
10 24 1
10 28 -1
10 29 1
10 30 -1
10 36 1
10 37 1
10 38 -1
10 42 1
10 44 -1
10 45 -1
10 48 1
10 49 1
10 50 -1
10 51 -1
10 52 -1
10 53 1
10 54 -1
10 58 1
10 59 1
10 60 -1
10 64 -1
10 65 1
10 66 -1
10 67 -1
10 69 -1
10 70 -1
10 74 1
10 76 -1
10 77 -1
10 79 -1
10 81 1
10 86 -1
10 87 1
10 89 -1
10 90 -1
10 92 -1
10 96 -1
10 97 -1
10 98 1
10 99 1
10 101 -1
10 103 1
10 104 1
10 105 1
10 106 -1
10 114 1
10 119 1
10 120 1
10 121 1
10 122 -1
10 123 -1
11 1 -1
11 2 1
11 3 -1
11 4 1
11 6 1
11 10 1
11 15 1
11 16 -1
11 22 -1
11 23 1
11 25 1
11 29 -1
11 32 -1
11 33 -1
11 34 1
11 37 -1
11 39 -1
11 40 -1
11 41 1
11 46 -1
11 48 -1
11 49 -1
11 50 -1
11 52 -1
11 53 -1
11 54 -1
11 58 -1
11 63 1
11 64 1
11 65 1
11 67 1
11 68 1
11 70 1
11 73 1
11 76 1
11 77 1
11 81 1
11 82 -1
11 83 -1
11 86 1
11 87 1
11 89 1
11 91 -1
11 99 1
11 101 1
11 102 1
11 106 1
11 109 -1
11 110 -1
11 112 1
11 113 -1
11 115 -1
11 116 -1
11 118 -1
11 119 -1
11 122 -1
11 123 1
11 125 1
11 128 -1
11 129 -1
12 1 1
12 4 -1
12 5 1
12 7 1
12 10 -1
12 11 1
12 14 -1
12 18 1
12 19 1
12 21 -1
12 22 -1
12 27 1
12 29 1
12 31 1
12 33 -1
12 34 -1
12 36 1
12 37 1
12 38 1
12 39 1
12 42 -1
12 43 1
12 44 -1
12 45 -1
12 46 -1
12 47 1
12 48 -1
12 49 1
12 50 1
12 51 -1
12 52 -1
12 53 -1
12 54 1
12 56 -1
12 57 -1
12 64 -1
12 68 1
12 69 1
12 70 -1
12 71 -1
12 73 1
12 75 1
12 76 -1
12 77 1
12 78 -1
12 79 -1
12 82 -1
12 85 1
12 87 -1
12 89 -1
12 93 -1
12 95 1
12 97 1
12 102 1
12 103 1
12 104 -1
12 105 1
12 107 1
12 108 -1
12 109 -1
12 114 1
12 115 -1
12 116 1
12 117 -1
12 118 -1
12 119 1
12 120 1
12 121 -1
12 125 1
12 127 -1
12 128 1
12 129 1
12 130 -1
13 1 -1
13 3 1
13 8 -1
13 9 1
13 10 1
13 11 1
13 12 1
13 15 1
13 16 1
13 17 -1
13 18 1
13 19 -1
13 22 -1
13 24 1
13 26 1
13 27 1
13 30 1
13 31 1
13 33 -1
13 38 1
13 41 -1
13 45 -1
13 46 1
13 47 1
13 49 1
13 50 1
13 51 1
13 53 1
13 55 -1
13 56 -1
13 57 -1
13 58 1
13 59 -1
13 60 -1
13 62 1
13 64 1
13 65 -1
13 66 1
13 67 -1
13 68 1
13 70 -1
13 72 -1
13 74 -1
13 75 -1
13 76 -1
13 77 1
13 78 1
13 79 -1
13 80 1
13 81 1
13 83 1
13 85 -1
13 86 1
13 87 1
13 88 -1
13 90 1
13 93 1
13 94 -1
13 96 1
13 100 1
13 101 -1
13 103 -1
13 105 1
13 112 -1
13 114 1
13 115 1
13 118 1
13 120 -1
13 121 -1
13 123 -1
13 124 -1
13 125 1
13 126 1
13 127 1
13 128 1
13 129 1
13 130 1
14 3 1
14 4 -1
14 5 -1
14 10 1
14 11 1
14 13 -1
14 15 -1
14 16 1
14 17 -1
14 21 -1
14 22 -1
14 24 -1
14 25 -1
14 26 1
14 27 1
14 28 -1
14 31 1
14 33 -1
14 35 -1
14 37 -1
14 39 -1
14 41 1
14 42 1
14 43 -1
14 44 1
14 48 1
14 54 -1
14 57 -1
14 58 1
14 59 1
14 60 -1
14 65 -1
14 68 1
14 69 -1
14 70 1
14 72 -1
14 73 -1
14 74 -1
14 78 -1
14 85 -1
14 86 1
14 88 1
14 90 -1
14 94 -1
14 98 1
14 102 -1
14 104 1
14 108 -1
14 109 1
14 111 1
14 112 -1
14 113 -1
14 114 -1
14 117 1
14 120 -1
14 123 -1
14 124 -1
14 128 -1
15 2 1
15 7 1
15 8 -1
15 9 1
15 12 -1
15 20 1
15 22 1
15 24 1
15 25 1
15 26 1
15 29 -1
15 30 1
15 31 1
15 33 -1
15 34 1
15 36 1
15 38 1
15 39 1
15 41 -1
15 42 1
15 48 1
15 51 -1
15 53 -1
15 57 1
15 59 -1
15 62 -1
15 68 1
15 69 -1
15 70 1
15 72 -1
15 73 -1
15 78 1
15 81 -1
15 83 -1
15 84 1
15 87 -1
15 90 -1
15 91 -1
15 94 -1
15 95 1
15 99 -1
15 101 1
15 102 -1
15 107 -1
15 108 1
15 109 -1
15 110 -1
15 111 -1
15 112 1
15 114 1
15 115 1
15 116 -1
15 117 1
15 118 1
15 119 1
15 123 1
15 126 1
15 128 1
15 129 -1
15 130 -1
16 1 -1
16 3 -1
16 4 -1
16 5 1
16 12 -1
16 15 -1
16 19 -1
16 20 1
16 22 -1
16 25 1
16 29 1
16 31 1
16 34 -1
16 35 -1
16 36 -1
16 38 1
16 39 -1
16 40 1
16 42 -1
16 43 1
16 46 1
16 50 -1
16 51 -1
16 52 -1
16 53 -1
16 54 -1
16 55 -1
16 56 1
16 59 1
16 61 -1
16 62 1
16 65 -1
16 66 -1
16 67 -1
16 70 -1
16 73 -1
16 74 -1
16 76 -1
16 77 -1
16 79 1
16 81 -1
16 82 1
16 83 -1
16 84 1
16 86 -1
16 87 -1
16 88 -1
16 89 -1
16 91 -1
16 94 -1
16 97 -1
16 99 -1
16 100 1
16 102 -1
16 103 1
16 104 1
16 105 1
16 106 -1
16 107 1
16 109 -1
16 110 1
16 111 -1
16 112 1
16 113 1
16 114 1
16 115 -1
16 116 -1
16 117 -1
16 119 1
16 122 1
16 123 1
16 124 1
16 125 -1
16 126 -1
16 129 -1
16 130 -1
17 1 -1
17 3 1
17 4 -1
17 5 1
17 6 1
17 7 -1
17 8 1
17 10 1
17 11 -1
17 12 1
17 15 -1
17 16 1
17 18 -1
17 19 1
17 20 -1
17 22 -1
17 25 -1
17 26 -1
17 27 -1
17 28 -1
17 29 1
17 33 1
17 34 1
17 38 1
17 39 1
17 43 -1
17 44 -1
17 45 1
17 46 1
17 47 1
17 48 -1
17 49 1
17 50 1
17 51 1
17 52 -1
17 56 1
17 59 -1
17 62 -1
17 63 1
17 66 1
17 68 -1
17 69 1
17 70 -1
17 71 -1
17 72 1
17 73 -1
17 75 -1
17 76 -1
17 78 -1
17 79 -1
17 80 1
17 81 1
17 82 -1
17 83 -1
17 84 1
17 92 -1
17 93 1
17 96 1
17 97 1
17 98 1
17 99 1
17 101 1
17 102 -1
17 103 1
17 105 -1
17 106 -1
17 107 -1
17 108 1
17 110 1
17 111 1
17 112 1
17 113 1
17 115 -1
17 116 -1
17 119 1
17 123 1
17 124 -1
17 126 -1
17 130 -1
18 5 1
18 6 1
18 7 1
18 8 -1
18 10 -1
18 11 1
18 14 1
18 15 -1
18 16 -1
18 19 1
18 21 -1
18 22 1
18 24 -1
18 26 -1
18 29 1
18 33 -1
18 36 -1
18 42 -1
18 44 -1
18 46 -1
18 47 -1
18 48 -1
18 49 1
18 51 -1
18 53 1
18 54 1
18 55 1
18 56 -1
18 59 1
18 60 1
18 62 1
18 63 1
18 66 1
18 67 1
18 71 1
18 72 -1
18 73 1
18 74 1
18 75 1
18 76 1
18 77 -1
18 78 -1
18 79 1
18 82 -1
18 83 -1
18 86 1
18 87 1
18 88 -1
18 90 -1
18 94 1
18 98 1
18 100 -1
18 102 -1
18 103 -1
18 105 -1
18 106 1
18 109 1
18 110 -1
18 114 -1
18 116 -1
18 118 1
18 120 1
18 126 1
18 129 -1
18 130 1
19 3 1
19 5 -1
19 6 1
19 7 1
19 10 -1
19 11 1
19 14 1
19 15 1
19 20 -1
19 22 1
19 23 1
19 24 1
19 25 1
19 26 -1
19 27 1
19 28 1
19 29 1
19 30 -1
19 31 -1
19 33 1
19 36 -1
19 37 -1
19 40 -1
19 41 -1
19 44 -1
19 46 -1
19 47 1
19 48 1
19 49 -1
19 51 1
19 53 1
19 55 1
19 57 1
19 58 1
19 60 1
19 61 -1
19 62 -1
19 64 1
19 66 -1
19 68 -1
19 71 1
19 73 1
19 74 1
19 75 1
19 78 1
19 82 -1
19 83 -1
19 84 -1
19 85 -1
19 86 1
19 90 -1
19 91 -1
19 94 -1
19 95 -1
19 96 1
19 97 -1
19 99 1
19 101 1
19 105 1
19 107 1
19 108 1
19 112 1
19 113 1
19 116 -1
19 117 1
19 120 1
19 127 1
19 128 -1
20 1 1
20 4 -1
20 5 -1
20 7 -1
20 9 -1
20 11 1
20 12 1
20 13 1
20 14 1
20 18 1
20 21 1
20 22 -1
20 23 -1
20 24 1
20 27 -1
20 28 1
20 32 1
20 33 1
20 34 -1
20 36 -1
20 38 -1
20 40 1
20 41 1
20 42 -1
20 43 1
20 46 1
20 47 1
20 49 -1
20 52 -1
20 53 -1
20 54 -1
20 56 -1
20 57 1
20 58 -1
20 60 1
20 63 1
20 64 -1
20 65 1
20 69 1
20 72 1
20 73 -1
20 74 1
20 76 1
20 79 1
20 80 -1
20 82 1
20 83 1
20 84 -1
20 85 1
20 89 -1
20 90 -1
20 91 1
20 92 1
20 93 1
20 94 -1
20 95 -1
20 98 -1
20 99 -1
20 102 -1
20 103 -1
20 106 -1
20 108 1
20 109 1
20 110 1
20 114 -1
20 117 1
20 120 1
20 121 1
20 122 1
20 123 -1
20 124 1
20 125 1
20 129 -1
21 4 1
21 5 -1
21 7 -1
21 8 -1
21 10 1
21 11 1
21 13 1
21 15 -1
21 16 -1
21 17 1
21 19 1
21 22 -1
21 23 -1
21 24 1
21 28 -1
21 30 1
21 32 -1
21 33 -1
21 38 -1
21 45 -1
21 47 1
21 49 -1
21 51 -1
21 54 -1
21 57 -1
21 60 -1
21 61 -1
21 62 1
21 65 -1
21 69 1
21 74 -1
21 75 1
21 76 -1
21 80 1
21 81 -1
21 82 1
21 83 1
21 84 1
21 85 -1
21 86 1
21 87 -1
21 88 1
21 89 -1
21 92 1
21 96 -1
21 97 -1
21 98 1
21 100 -1
21 101 -1
21 102 -1
21 104 -1
21 107 -1
21 112 1
21 114 -1
21 116 1
21 117 -1
21 119 1
21 121 -1
21 122 1
21 123 1
21 125 -1
21 126 1
21 127 1
21 129 1
22 2 1
22 4 1
22 6 -1
22 7 1
22 8 -1
22 9 1
22 10 -1
22 23 -1
22 26 -1
22 28 -1
22 29 1
22 31 1
22 32 -1
22 33 -1
22 36 1
22 41 -1
22 43 1
22 44 1
22 48 1
22 49 -1
22 50 -1
22 51 1
22 52 -1
22 54 1
22 58 -1
22 64 -1
22 67 -1
22 68 1
22 69 -1
22 70 1
22 72 -1
22 77 1
22 79 1
22 80 1
22 81 1
22 83 1
22 85 -1
22 92 1
22 95 -1
22 99 -1
22 102 -1
22 103 -1
22 105 1
22 113 -1
22 114 -1
22 115 -1
22 118 1
22 119 1
22 120 1
22 121 1
22 123 1
22 125 -1
22 126 -1
22 127 -1
22 128 -1
22 129 1
22 130 1
23 1 -1
23 2 -1
23 3 1
23 5 -1
23 7 -1
23 8 -1
23 9 1
23 12 1
23 13 1
23 14 1
23 15 1
23 16 -1
23 17 1
23 18 1
23 26 1
23 27 1
23 29 -1
23 31 -1
23 33 -1
23 34 -1
23 36 1
23 40 -1
23 43 -1
23 44 -1
23 50 -1
23 51 -1
23 53 1
23 54 1
23 58 -1
23 59 1
23 62 -1
23 63 -1
23 64 -1
23 65 1
23 66 -1
23 67 1
23 68 1
23 69 1
23 72 1
23 73 -1
23 75 -1
23 76 1
23 77 1
23 78 1
23 80 1
23 81 1
23 82 -1
23 83 1
23 88 1
23 90 1
23 91 1
23 93 -1
23 94 1
23 95 1
23 97 1
23 98 -1
23 100 -1
23 101 -1
23 102 1
23 104 -1
23 107 1
23 110 1
23 112 -1
23 113 -1
23 116 1
23 119 -1
23 120 1
23 121 -1
23 123 -1
23 124 1
23 125 -1
23 129 -1
24 2 -1
24 3 -1
24 5 1
24 7 -1
24 8 -1
24 9 1
24 11 -1
24 12 1
24 16 -1
24 17 1
24 22 1
24 23 1
24 25 -1
24 26 1
24 28 -1
24 29 -1
24 30 1
24 31 -1
24 34 -1
24 37 -1
24 40 -1
24 44 -1
24 46 -1
24 50 1
24 51 1
24 55 -1
24 56 1
24 59 1
24 62 -1
24 64 1
24 65 1
24 66 -1
24 67 -1
24 69 1
24 71 -1
24 75 -1
24 76 -1
24 77 1
24 81 -1
24 84 -1
24 85 1
24 86 1
24 87 -1
24 88 1
24 90 1
24 92 -1
24 97 1
24 98 -1
24 100 -1
24 104 -1
24 106 -1
24 108 -1
24 114 1
24 117 1
24 118 1
24 120 1
24 122 1
24 125 1
24 126 -1
24 127 1
24 128 1
25 2 1
25 3 -1
25 8 -1
25 10 -1
25 12 -1
25 13 1
25 18 1
25 20 -1
25 21 -1
25 22 -1
25 23 1
25 27 -1
25 28 -1
25 30 -1
25 35 -1
25 36 1
25 40 -1
25 43 1
25 44 -1
25 45 -1
25 46 -1
25 48 -1
25 49 1
25 51 -1
25 53 -1
25 54 -1
25 55 1
25 58 1
25 61 1
25 62 1
25 64 1
25 66 1
25 67 -1
25 68 -1
25 69 -1
25 70 1
25 74 -1
25 75 1
25 78 -1
25 79 -1
25 82 1
25 83 -1
25 84 1
25 85 1
25 88 1
25 89 1
25 90 -1
25 98 1
25 100 1
25 110 1
25 114 -1
25 118 1
25 119 1
25 120 -1
25 121 1
25 128 1
25 129 -1
26 1 -1
26 6 -1
26 10 -1
26 11 1
26 12 -1
26 16 1
26 20 1
26 21 1
26 25 -1
26 28 1
26 29 1
26 32 1
26 36 1
26 37 1
26 43 -1
26 44 -1
26 45 -1
26 47 -1
26 53 1
26 58 1
26 60 1
26 61 -1
26 63 -1
26 66 1
26 67 -1
26 72 1
26 75 1
26 84 -1
26 87 1
26 89 -1
26 90 -1
26 91 -1
26 93 -1
26 97 1
26 98 1
26 99 1
26 100 -1
26 101 -1
26 103 1
26 104 1
26 108 1
26 110 1
26 112 1
26 113 1
26 116 -1
26 121 1
26 122 1
26 125 -1
26 128 1
26 129 1
27 1 -1
27 2 1
27 6 1
27 7 -1
27 8 1
27 10 1
27 11 -1
27 15 -1
27 16 -1
27 18 -1
27 21 -1
27 22 1
27 24 1
27 26 -1
27 29 -1
27 31 1
27 32 -1
27 35 -1
27 37 -1
27 44 -1
27 46 1
27 47 1
27 48 -1
27 50 -1
27 52 1
27 53 -1
27 54 -1
27 56 -1
27 60 1
27 62 1
27 66 -1
27 67 -1
27 68 1
27 70 -1
27 71 1
27 74 -1
27 75 1
27 78 -1
27 80 -1
27 81 -1
27 82 1
27 84 -1
27 86 1
27 87 -1
27 88 1
27 89 1
27 90 -1
27 91 1
27 93 -1
27 94 1
27 96 1
27 98 -1
27 99 -1
27 101 1
27 103 1
27 104 1
27 105 -1
27 106 -1
27 107 -1
27 109 1
27 110 -1
27 111 -1
27 114 1
27 117 1
27 118 1
27 119 -1
27 121 1
27 123 1
27 124 1
27 127 -1
27 129 1
27 130 1
28 2 1
28 3 1
28 4 1
28 6 -1
28 7 -1
28 8 -1
28 9 1
28 11 -1
28 12 1
28 13 -1
28 15 1
28 16 1
28 18 -1
28 23 1
28 27 -1
28 31 1
28 37 1
28 38 -1
28 43 -1
28 45 1
28 47 -1
28 48 -1
28 51 -1
28 52 1
28 57 -1
28 59 1
28 60 1
28 61 -1
28 69 1
28 70 1
28 71 1
28 72 1
28 73 1
28 75 -1
28 77 1
28 82 -1
28 83 -1
28 84 -1
28 85 -1
28 88 1
28 89 -1
28 91 1
28 92 -1
28 93 1
28 95 -1
28 97 1
28 102 1
28 103 1
28 105 -1
28 106 -1
28 108 -1
28 111 1
28 115 1
28 116 1
28 118 1
28 120 1
28 121 -1
28 123 -1
29 2 1
29 4 -1
29 7 1
29 9 -1
29 13 1
29 14 -1
29 20 1
29 21 1
29 25 -1
29 28 1
29 31 1
29 33 -1
29 36 -1
29 37 -1
29 42 1
29 43 -1
29 45 1
29 46 -1
29 47 -1
29 48 -1
29 49 -1
29 50 1
29 52 -1
29 53 -1
29 55 1
29 57 -1
29 58 -1
29 59 1
29 63 1
29 66 1
29 67 -1
29 73 -1
29 75 -1
29 76 1
29 80 -1
29 82 -1
29 86 1
29 88 1
29 89 -1
29 90 1
29 93 -1
29 95 -1
29 96 -1
29 98 -1
29 102 -1
29 104 -1
29 105 -1
29 106 -1
29 107 1
29 109 -1
29 111 -1
29 112 1
29 113 -1
29 114 1
29 117 1
29 118 1
29 119 -1
29 123 -1
29 124 1
29 126 1
29 127 -1
30 2 -1
30 4 -1
30 9 -1
30 11 -1
30 12 1
30 14 -1
30 16 1
30 17 1
30 18 1
30 20 1
30 22 1
30 23 -1
30 26 1
30 27 1
30 28 -1
30 29 1
30 31 -1
30 33 -1
30 34 1
30 35 -1
30 36 1
30 40 -1
30 41 1
30 42 1
30 43 1
30 44 -1
30 45 1
30 48 1
30 49 1
30 54 1
30 55 1
30 58 1
30 61 1
30 67 1
30 68 -1
30 71 1
30 72 -1
30 73 -1
30 74 -1
30 75 1
30 76 -1
30 77 -1
30 78 -1
30 79 1
30 80 -1
30 83 1
30 84 1
30 86 -1
30 88 1
30 89 -1
30 91 1
30 96 1
30 97 1
30 98 1
30 100 -1
30 101 1
30 102 1
30 104 1
30 108 1
30 111 1
30 112 1
30 115 -1
30 116 -1
30 117 1
30 120 -1
30 123 -1
30 124 -1
30 127 -1
30 128 1
31 2 -1
31 4 -1
31 6 -1
31 9 1
31 10 1
31 11 -1
31 17 -1
31 18 1
31 20 -1
31 21 -1
31 25 1
31 26 1
31 32 -1
31 33 -1
31 34 -1
31 35 1
31 37 1
31 38 -1
31 40 1
31 41 -1
31 42 -1
31 44 -1
31 49 -1
31 54 -1
31 56 1
31 57 1
31 58 -1
31 64 1
31 65 -1
31 66 -1
31 69 -1
31 70 -1
31 72 1
31 73 -1
31 74 1
31 75 -1
31 76 -1
31 77 1
31 80 1
31 81 -1
31 82 -1
31 85 1
31 86 -1
31 87 1
31 88 1
31 89 -1
31 90 -1
31 93 -1
31 94 1
31 96 1
31 97 1
31 105 1
31 106 1
31 109 -1
31 110 1
31 111 -1
31 114 -1
31 117 1
31 121 1
31 122 1
31 124 1
31 125 1
31 129 1
32 1 -1
32 2 -1
32 3 1
32 4 -1
32 7 -1
32 9 -1
32 10 -1
32 12 -1
32 13 -1
32 14 1
32 15 1
32 16 -1
32 17 1
32 18 -1
32 19 1
32 23 -1
32 24 -1
32 25 -1
32 28 -1
32 29 1
32 30 1
32 35 1
32 36 1
32 40 -1
32 41 -1
32 43 1
32 47 -1
32 48 1
32 53 -1
32 54 1
32 56 1
32 57 -1
32 58 1
32 60 1
32 62 1
32 65 -1
32 67 -1
32 69 1
32 70 1
32 71 -1
32 72 1
32 76 -1
32 82 1
32 83 -1
32 85 1
32 87 1
32 88 -1
32 90 1
32 94 1
32 95 -1
32 96 -1
32 100 1
32 101 1
32 102 -1
32 104 1
32 105 1
32 112 1
32 113 1
32 114 -1
32 115 1
32 116 1
32 119 1
32 120 -1
32 121 -1
32 122 -1
32 123 -1
32 124 1
32 126 -1
32 127 -1
32 128 1
32 130 1
33 1 -1
33 2 -1
33 10 -1
33 16 -1
33 24 -1
33 25 -1
33 26 -1
33 27 1
33 28 1
33 32 1
33 35 -1
33 36 -1
33 37 -1
33 43 1
33 44 1
33 45 -1
33 47 1
33 48 1
33 50 -1
33 53 1
33 55 -1
33 56 -1
33 59 -1
33 65 1
33 66 1
33 67 -1
33 69 1
33 70 1
33 73 -1
33 80 1
33 83 1
33 84 -1
33 89 1
33 93 -1
33 97 -1
33 98 -1
33 99 -1
33 100 1
33 101 1
33 102 -1
33 104 -1
33 105 1
33 107 -1
33 108 -1
33 112 1
33 114 -1
33 115 -1
33 116 -1
33 118 -1
33 123 -1
33 124 -1
33 125 1
33 127 -1
33 129 1
34 1 1
34 2 1
34 4 1
34 7 -1
34 10 -1
34 13 1
34 14 1
34 18 1
34 19 1
34 21 -1
34 22 -1
34 25 -1
34 26 -1
34 27 1
34 28 -1
34 29 -1
34 32 1
34 33 -1
34 42 -1
34 43 -1
34 44 -1
34 48 1
34 52 -1
34 53 1
34 54 -1
34 55 1
34 56 1
34 61 1
34 62 1
34 65 1
34 66 -1
34 74 1
34 75 -1
34 78 -1
34 83 1
34 90 1
34 91 1
34 92 -1
34 94 1
34 95 1
34 99 1
34 102 1
34 104 -1
34 105 -1
34 107 1
34 108 1
34 109 1
34 110 1
34 111 1
34 114 -1
34 115 1
34 118 -1
34 120 -1
34 121 -1
34 123 -1
34 125 -1
34 129 1
34 130 -1
35 1 1
35 3 -1
35 5 -1
35 10 -1
35 11 -1
35 12 -1
35 13 1
35 15 -1
35 17 -1
35 18 -1
35 19 1
35 20 1
35 21 -1
35 22 -1
35 23 -1
35 24 1
35 26 1
35 28 -1
35 29 1
35 34 1
35 36 -1
35 37 1
35 40 -1
35 46 1
35 47 -1
35 51 1
35 52 -1
35 54 1
35 55 1
35 56 -1
35 58 -1
35 60 -1
35 61 1
35 62 1
35 63 -1
35 65 1
35 66 1
35 68 -1
35 69 -1
35 72 -1
35 74 1
35 78 -1
35 80 -1
35 81 1
35 82 -1
35 84 1
35 85 1
35 86 -1
35 89 -1
35 94 -1
35 95 1
35 96 1
35 99 -1
35 104 1
35 105 1
35 107 1
35 112 1
35 115 1
35 118 1
35 121 -1
35 123 -1
35 124 -1
35 125 -1
35 126 1
36 1 -1
36 2 -1
36 3 1
36 4 -1
36 5 1
36 6 -1
36 11 -1
36 13 1
36 14 1
36 17 1
36 21 1
36 24 -1
36 27 -1
36 28 1
36 31 -1
36 34 1
36 38 -1
36 40 1
36 42 -1
36 45 -1
36 47 -1
36 49 -1
36 54 -1
36 56 -1
36 65 1
36 66 -1
36 67 -1
36 68 -1
36 70 1
36 71 -1
36 73 1
36 74 -1
36 76 1
36 79 1
36 81 -1
36 84 1
36 85 -1
36 86 1
36 88 -1
36 89 1
36 90 -1
36 91 1
36 93 1
36 99 1
36 103 -1
36 105 1
36 107 1
36 109 1
36 115 -1
36 117 1
36 119 -1
36 120 -1
36 121 1
36 122 -1
36 123 -1
36 124 -1
36 127 1
36 129 -1
36 130 1
37 1 1
37 2 -1
37 3 1
37 4 -1
37 6 -1
37 7 -1
37 8 1
37 13 -1
37 15 -1
37 16 -1
37 17 1
37 18 1
37 20 1
37 21 -1
37 22 -1
37 23 1
37 25 1
37 30 1
37 32 1
37 34 1
37 36 1
37 38 -1
37 40 1
37 41 1
37 42 -1
37 43 1
37 44 1
37 45 1
37 48 1
37 49 -1
37 53 1
37 56 -1
37 57 1
37 58 1
37 59 1
37 60 1
37 63 1
37 65 1
37 67 -1
37 68 1
37 69 1
37 73 -1
37 75 1
37 76 1
37 77 1
37 82 1
37 85 -1
37 86 -1
37 87 1
37 88 -1
37 89 1
37 90 -1
37 95 1
37 96 1
37 98 -1
37 102 -1
37 107 1
37 109 -1
37 110 -1
37 112 1
37 113 -1
37 117 1
37 124 1
37 125 -1
37 127 1
37 128 1
37 130 -1
38 1 -1
38 6 -1
38 9 -1
38 11 1
38 14 1
38 18 -1
38 19 -1
38 22 1
38 23 -1
38 24 1
38 25 1
38 26 1
38 27 -1
38 29 -1
38 30 -1
38 32 -1
38 33 1
38 34 -1
38 35 -1
38 39 1
38 41 -1
38 43 -1
38 44 -1
38 48 1
38 50 1
38 51 -1
38 52 -1
38 55 1
38 59 -1
38 60 1
38 62 -1
38 63 1
38 66 1
38 67 1
38 68 -1
38 69 1
38 70 1
38 71 1
38 72 1
38 73 1
38 74 1
38 76 -1
38 78 -1
38 79 1
38 81 -1
38 87 1
38 88 -1
38 89 1
38 91 1
38 94 -1
38 96 1
38 98 -1
38 101 -1
38 105 1
38 106 1
38 108 1
38 110 1
38 114 1
38 117 -1
38 118 1
38 119 1
38 120 -1
38 122 1
38 126 1
38 127 1
38 130 1
39 3 -1
39 9 -1
39 10 -1
39 13 1
39 18 1
39 19 1
39 20 -1
39 21 -1
39 22 1
39 23 1
39 24 -1
39 25 1
39 26 1
39 27 -1
39 28 -1
39 29 -1
39 30 1
39 31 1
39 32 1
39 33 -1
39 34 -1
39 35 -1
39 36 1
39 37 -1
39 42 1
39 43 -1
39 44 1
39 45 -1
39 46 1
39 49 1
39 50 1
39 52 1
39 55 -1
39 64 1
39 69 1
39 71 1
39 72 -1
39 73 1
39 77 -1
39 78 1
39 80 -1
39 83 -1
39 86 1
39 88 1
39 89 1
39 90 -1
39 92 -1
39 95 -1
39 99 -1
39 100 -1
39 101 -1
39 102 1
39 103 -1
39 104 1
39 106 1
39 110 -1
39 112 -1
39 113 -1
39 115 1
39 116 1
39 117 -1
39 120 1
39 122 1
39 123 1
39 126 1
39 127 1
39 129 1
39 130 -1
40 2 1
40 5 1
40 9 1
40 10 1
40 12 -1
40 13 1
40 14 1
40 15 1
40 17 -1
40 18 -1
40 21 -1
40 22 -1
40 26 -1
40 27 1
40 28 -1
40 29 1
40 33 -1
40 34 1
40 38 1
40 39 1
40 41 -1
40 43 1
40 44 -1
40 45 -1
40 46 -1
40 47 1
40 48 1
40 49 -1
40 50 -1
40 51 1
40 53 1
40 56 1
40 58 1
40 61 1
40 62 1
40 64 1
40 65 -1
40 66 -1
40 67 -1
40 70 -1
40 73 1
40 74 -1
40 75 1
40 76 -1
40 79 1
40 83 -1
40 85 1
40 86 1
40 88 1
40 92 -1
40 93 1
40 96 1
40 98 -1
40 101 -1
40 103 -1
40 107 1
40 114 1
40 115 1
40 116 1
40 117 -1
40 120 -1
40 121 1
40 122 -1
40 123 -1
40 125 1
40 126 1
40 127 1
40 128 1
41 2 1
41 5 -1
41 6 -1
41 7 -1
41 8 1
41 10 -1
41 12 -1
41 16 1
41 17 1
41 18 -1
41 21 1
41 23 1
41 24 1
41 25 1
41 26 1
41 27 1
41 28 1
41 29 -1
41 33 1
41 34 -1
41 35 1
41 36 -1
41 39 1
41 42 -1
41 44 1
41 46 -1
41 47 -1
41 48 -1
41 49 1
41 51 -1
41 54 -1
41 55 1
41 56 -1
41 58 1
41 60 -1
41 63 1
41 64 -1
41 66 1
41 67 -1
41 69 -1
41 71 -1
41 72 -1
41 75 1
41 76 1
41 77 -1
41 78 1
41 79 -1
41 80 1
41 83 -1
41 84 -1
41 85 1
41 87 1
41 89 1
41 94 1
41 95 1
41 96 -1
41 99 -1
41 102 1
41 104 -1
41 106 1
41 109 -1
41 110 1
41 112 -1
41 113 -1
41 114 -1
41 115 -1
41 118 -1
41 120 1
41 122 1
41 124 -1
41 127 1
41 128 -1
41 129 1
41 130 -1
42 1 1
42 2 1
42 8 -1
42 9 -1
42 11 1
42 13 1
42 17 -1
42 19 -1
42 21 -1
42 22 1
42 23 1
42 24 -1
42 25 -1
42 26 -1
42 27 -1
42 28 1
42 32 1
42 33 -1
42 35 -1
42 38 1
42 40 1
42 43 1
42 45 1
42 47 -1
42 51 -1
42 52 -1
42 57 -1
42 59 -1
42 61 1
42 64 -1
42 66 -1
42 68 1
42 70 1
42 71 -1
42 72 1
42 73 -1
42 75 1
42 77 -1
42 78 -1
42 79 1
42 80 1
42 81 1
42 83 1
42 86 1
42 90 -1
42 92 -1
42 93 -1
42 95 -1
42 96 -1
42 100 1
42 101 -1
42 103 1
42 104 -1
42 105 -1
42 107 1
42 109 -1
42 110 -1
42 111 -1
42 113 -1
42 115 -1
42 119 -1
42 122 1
42 125 1
42 127 -1
43 2 -1
43 4 1
43 5 -1
43 7 -1
43 8 1
43 9 1
43 10 -1
43 11 -1
43 13 -1
43 15 1
43 18 -1
43 19 -1
43 21 1
43 24 -1
43 27 -1
43 31 1
43 35 -1
43 36 1
43 41 -1
43 47 -1
43 48 -1
43 49 1
43 53 -1
43 55 -1
43 57 1
43 58 -1
43 61 1
43 62 1
43 64 -1
43 68 -1
43 69 1
43 70 -1
43 71 -1
43 73 1
43 76 -1
43 78 1
43 79 1
43 81 1
43 84 -1
43 85 -1
43 88 1
43 91 -1
43 92 -1
43 94 1
43 100 -1
43 101 1
43 102 1
43 104 1
43 108 1
43 110 1
43 113 -1
43 114 1
43 115 1
43 118 -1
43 119 -1
43 122 1
43 123 1
43 125 1
43 127 -1
43 128 -1
43 129 1
44 5 1
44 7 -1
44 8 -1
44 9 -1
44 11 -1
44 13 1
44 15 -1
44 16 1
44 20 1
44 21 -1
44 28 -1
44 29 1
44 32 1
44 35 1
44 36 1
44 42 -1
44 43 1
44 51 -1
44 52 -1
44 53 1
44 54 1
44 55 1
44 56 1
44 57 1
44 58 1
44 61 -1
44 63 1
44 65 -1
44 66 -1
44 67 -1
44 69 1
44 70 -1
44 71 -1
44 75 -1
44 76 1
44 77 1
44 78 -1
44 79 1
44 81 1
44 83 1
44 84 -1
44 85 -1
44 86 1
44 89 -1
44 94 -1
44 96 -1
44 98 -1
44 100 -1
44 104 -1
44 105 -1
44 108 -1
44 111 -1
44 113 -1
44 115 1
44 116 1
44 117 -1
44 118 1
44 120 -1
44 122 1
44 123 -1
44 124 -1
44 125 -1
44 127 -1
44 129 -1
45 2 1
45 3 1
45 4 1
45 8 -1
45 9 1
45 11 1
45 14 -1
45 15 1
45 16 1
45 18 -1
45 19 1
45 20 1
45 22 -1
45 23 1
45 24 1
45 27 -1
45 31 1
45 32 -1
45 34 -1
45 35 1
45 38 -1
45 41 -1
45 43 1
45 44 1
45 46 1
45 47 -1
45 49 1
45 51 1
45 54 -1
45 58 -1
45 60 -1
45 61 -1
45 62 1
45 64 -1
45 67 1
45 69 1
45 70 1
45 72 1
45 75 -1
45 79 -1
45 80 1
45 83 1
45 85 1
45 87 -1
45 91 -1
45 92 1
45 93 1
45 94 1
45 97 1
45 99 -1
45 101 -1
45 105 -1
45 109 -1
45 110 1
45 111 1
45 113 1
45 116 1
45 119 1
45 121 1
45 123 1
45 127 1
45 128 -1
45 129 1
45 130 1
46 1 1
46 2 -1
46 6 1
46 8 1
46 9 1
46 10 -1
46 14 1
46 15 -1
46 21 -1
46 22 -1
46 23 1
46 26 -1
46 28 -1
46 30 1
46 31 1
46 32 -1
46 33 1
46 34 1
46 36 -1
46 37 -1
46 38 1
46 42 1
46 43 -1
46 44 1
46 49 -1
46 52 1
46 53 -1
46 54 -1
46 55 1
46 58 1
46 60 1
46 62 1
46 63 1
46 65 -1
46 67 1
46 68 1
46 69 1
46 73 1
46 75 1
46 76 1
46 81 1
46 82 1
46 83 -1
46 86 1
46 88 1
46 91 -1
46 92 1
46 93 -1
46 97 1
46 101 1
46 103 -1
46 107 -1
46 108 -1
46 109 1
46 112 1
46 113 1
46 116 -1
46 118 1
46 119 1
46 120 1
46 122 1
46 123 1
46 124 1
46 126 1
46 127 1
46 128 -1
46 129 -1
46 130 -1
47 3 -1
47 4 1
47 5 1
47 6 1
47 7 -1
47 8 1
47 10 1
47 11 -1
47 14 1
47 15 -1
47 16 -1
47 22 1
47 23 1
47 24 1
47 25 1
47 30 -1
47 31 -1
47 34 1
47 37 1
47 38 1
47 39 1
47 44 1
47 46 1
47 53 1
47 56 1
47 57 1
47 60 1
47 62 -1
47 63 1
47 65 -1
47 69 1
47 70 1
47 73 -1
47 75 -1
47 76 -1
47 78 -1
47 90 1
47 93 1
47 95 1
47 96 -1
47 98 -1
47 105 1
47 107 -1
47 111 -1
47 112 1
47 113 1
47 114 1
47 115 1
47 116 1
47 118 -1
47 120 -1
47 121 -1
47 123 -1
47 125 -1
47 126 1
47 128 -1
47 129 -1
47 130 -1
48 1 -1
48 3 1
48 5 -1
48 8 -1
48 9 -1
48 13 -1
48 16 -1
48 20 1
48 21 1
48 23 1
48 24 -1
48 26 1
48 31 -1
48 35 -1
48 36 -1
48 39 1
48 42 -1
48 44 1
48 45 1
48 46 1
48 47 -1
48 49 1
48 51 1
48 53 1
48 60 -1
48 62 -1
48 64 1
48 72 -1
48 73 -1
48 76 1
48 77 1
48 78 -1
48 81 1
48 82 1
48 83 -1
48 84 1
48 85 -1
48 87 1
48 88 -1
48 93 1
48 94 1
48 95 -1
48 96 -1
48 97 -1
48 102 1
48 103 -1
48 104 -1
48 105 1
48 107 -1
48 108 1
48 109 -1
48 110 -1
48 111 -1
48 112 1
48 116 -1
48 117 -1
48 118 -1
48 120 -1
48 121 1
48 124 -1
48 129 -1
48 130 -1
49 3 -1
49 5 -1
49 7 -1
49 14 1
49 15 -1
49 16 1
49 23 1
49 24 1
49 26 -1
49 27 1
49 28 1
49 32 -1
49 33 -1
49 34 -1
49 35 1
49 38 -1
49 42 -1
49 44 -1
49 47 -1
49 50 -1
49 51 1
49 52 1
49 54 1
49 56 1
49 57 1
49 58 -1
49 60 -1
49 66 -1
49 68 1
49 69 -1
49 70 -1
49 72 1
49 74 -1
49 75 1
49 76 1
49 78 1
49 79 1
49 81 -1
49 83 1
49 84 -1
49 85 -1
49 86 -1
49 89 -1
49 90 -1
49 91 1
49 93 -1
49 94 -1
49 95 1
49 99 -1
49 100 -1
49 101 -1
49 102 -1
49 104 -1
49 105 1
49 106 1
49 108 1
49 109 1
49 111 1
49 112 -1
49 116 -1
49 117 -1
49 118 -1
49 120 -1
49 122 1
49 123 1
49 124 -1
49 125 -1
49 127 1
50 1 -1
50 2 1
50 3 -1
50 5 1
50 7 -1
50 14 1
50 15 -1
50 18 -1
50 19 -1
50 20 -1
50 21 -1
50 25 1
50 26 -1
50 28 -1
50 30 -1
50 31 1
50 32 1
50 34 -1
50 35 1
50 36 -1
50 37 1
50 41 1
50 42 -1
50 43 -1
50 44 1
50 45 1
50 46 -1
50 47 -1
50 48 -1
50 51 -1
50 52 -1
50 56 1
50 57 -1
50 58 1
50 61 1
50 64 -1
50 66 -1
50 67 1
50 68 1
50 70 1
50 71 1
50 74 -1
50 76 -1
50 77 1
50 78 1
50 79 1
50 82 1
50 83 1
50 84 1
50 85 -1
50 91 1
50 96 1
50 97 1
50 99 -1
50 102 -1
50 103 1
50 104 -1
50 105 1
50 106 -1
50 107 -1
50 112 1
50 114 1
50 115 1
50 116 -1
50 117 -1
50 119 -1
50 122 -1
50 124 1
51 3 -1
51 5 1
51 6 -1
51 7 -1
51 8 -1
51 11 1
51 14 1
51 20 -1
51 26 1
51 27 1
51 29 -1
51 30 1
51 31 -1
51 32 1
51 33 -1
51 34 1
51 36 1
51 37 -1
51 39 -1
51 43 1
51 46 -1
51 47 -1
51 54 -1
51 56 -1
51 57 1
51 58 -1
51 59 -1
51 61 1
51 62 1
51 63 -1
51 65 1
51 68 1
51 69 1
51 71 1
51 73 1
51 75 -1
51 76 -1
51 77 1
51 78 1
51 79 1
51 81 -1
51 83 1
51 85 1
51 86 1
51 87 1
51 89 1
51 91 -1
51 93 -1
51 94 -1
51 97 -1
51 99 -1
51 105 -1
51 109 -1
51 115 1
51 118 1
51 120 -1
51 121 1
51 124 -1
51 127 -1
52 3 1
52 4 1
52 5 -1
52 8 1
52 9 -1
52 13 -1
52 14 1
52 15 1
52 18 -1
52 19 -1
52 21 -1
52 23 -1
52 24 1
52 25 1
52 26 -1
52 30 -1
52 31 -1
52 32 -1
52 33 1
52 36 -1
52 37 -1
52 40 1
52 41 -1
52 43 1
52 45 1
52 47 1
52 48 -1
52 51 -1
52 55 1
52 57 -1
52 58 -1
52 62 -1
52 66 1
52 67 1
52 68 1
52 70 -1
52 71 -1
52 74 1
52 75 -1
52 76 1
52 77 1
52 79 -1
52 81 1
52 83 1
52 86 1
52 88 -1
52 89 -1
52 90 1
52 91 1
52 92 -1
52 95 1
52 96 1
52 100 -1
52 101 -1
52 109 -1
52 112 -1
52 114 -1
52 115 -1
52 118 -1
52 119 1
52 120 -1
52 121 1
52 123 1
52 125 -1
52 129 1
52 130 1
53 3 1
53 5 -1
53 8 -1
53 14 -1
53 17 1
53 21 1
53 22 1
53 24 1
53 28 1
53 30 -1
53 31 -1
53 35 -1
53 36 -1
53 38 -1
53 39 1
53 41 -1
53 42 1
53 45 1
53 49 -1
53 50 1
53 51 1
53 52 1
53 58 -1
53 59 -1
53 60 -1
53 62 -1
53 63 -1
53 66 -1
53 67 -1
53 68 -1
53 73 1
53 76 1
53 77 -1
53 79 1
53 80 1
53 81 1
53 83 1
53 85 -1
53 86 1
53 89 1
53 90 -1
53 92 1
53 93 -1
53 97 -1
53 98 -1
53 99 -1
53 100 1
53 101 1
53 102 1
53 103 1
53 104 -1
53 107 -1
53 109 -1
53 112 1
53 113 1
53 118 -1
53 119 -1
53 120 -1
53 122 1
53 123 1
53 126 -1
53 128 1
53 129 1
54 3 -1
54 6 1
54 8 -1
54 13 1
54 15 1
54 17 -1
54 19 -1
54 24 1
54 26 -1
54 28 1
54 29 1
54 33 -1
54 37 -1
54 38 -1
54 39 -1
54 40 1
54 42 1
54 43 1
54 47 -1
54 48 1
54 50 1
54 52 -1
54 53 -1
54 58 -1
54 59 1
54 60 1
54 66 1
54 68 1
54 70 1
54 72 1
54 74 1
54 75 -1
54 76 1
54 80 -1
54 82 -1
54 88 1
54 92 1
54 93 -1
54 97 1
54 98 1
54 103 -1
54 108 1
54 109 -1
54 111 1
54 113 1
54 114 -1
54 115 -1
54 116 -1
54 119 -1
54 120 1
54 122 1
54 123 1
54 124 1
54 125 -1
54 126 1
54 127 1
54 128 -1
54 130 -1
55 1 1
55 3 1
55 4 -1
55 5 1
55 7 -1
55 8 1
55 9 1
55 10 1
55 11 1
55 12 1
55 14 -1
55 15 1
55 17 1
55 20 1
55 21 -1
55 22 1
55 23 1
55 26 -1
55 27 -1
55 28 -1
55 31 -1
55 32 -1
55 36 -1
55 37 -1
55 40 1
55 42 1
55 45 -1
55 47 -1
55 48 1
55 49 -1
55 50 1
55 51 -1
55 53 -1
55 54 -1
55 56 -1
55 57 -1
55 59 1
55 60 1
55 64 -1
55 65 1
55 66 -1
55 67 -1
55 70 1
55 71 1
55 72 1
55 75 -1
55 76 -1
55 77 -1
55 79 -1
55 84 1
55 85 -1
55 87 1
55 91 1
55 94 1
55 97 -1
55 99 -1
55 102 1
55 105 1
55 106 1
55 107 -1
55 111 1
55 113 1
55 114 -1
55 117 -1
55 118 -1
55 119 -1
55 121 -1
55 122 -1
55 123 1
55 126 -1
55 127 -1
55 128 -1
55 129 -1
55 130 1
56 1 1
56 3 -1
56 4 -1
56 5 -1
56 6 1
56 9 1
56 10 1
56 11 -1
56 14 -1
56 15 1
56 19 1
56 21 1
56 22 1
56 23 1
56 25 1
56 26 -1
56 28 -1
56 29 -1
56 30 -1
56 38 1
56 39 -1
56 42 -1
56 43 -1
56 45 1
56 46 1
56 48 1
56 52 -1
56 53 -1
56 54 1
56 61 -1
56 64 1
56 66 1
56 67 -1
56 71 1
56 72 1
56 73 -1
56 74 1
56 76 1
56 77 1
56 78 -1
56 80 -1
56 81 -1
56 83 -1
56 85 1
56 88 1
56 89 -1
56 91 -1
56 93 -1
56 94 1
56 97 -1
56 100 1
56 102 1
56 103 1
56 104 1
56 105 -1
56 106 -1
56 108 1
56 110 -1
56 114 1
56 117 -1
56 119 -1
56 120 1
56 121 -1
56 122 -1
56 123 1
56 124 1
56 126 -1
56 128 -1
56 129 1
56 130 1
57 1 -1
57 2 -1
57 3 1
57 4 1
57 7 1
57 8 1
57 10 1
57 11 -1
57 16 -1
57 17 1
57 18 -1
57 22 -1
57 23 1
57 24 -1
57 25 1
57 26 1
57 27 1
57 30 -1
57 33 1
57 34 1
57 35 1
57 36 -1
57 38 -1
57 39 -1
57 40 1
57 41 -1
57 45 -1
57 46 -1
57 48 1
57 53 1
57 54 -1
57 56 1
57 61 -1
57 63 -1
57 64 -1
57 67 -1
57 69 -1
57 70 -1
57 77 -1
57 79 1
57 80 1
57 81 -1
57 83 1
57 84 1
57 86 1
57 87 -1
57 90 -1
57 91 -1
57 92 1
57 93 -1
57 94 1
57 95 1
57 96 -1
57 97 -1
57 99 -1
57 100 1
57 101 1
57 102 1
57 103 -1
57 106 -1
57 112 1
57 114 1
57 116 1
57 117 1
57 118 1
57 119 1
57 127 1
57 128 1
57 129 -1
57 130 -1
58 2 -1
58 3 -1
58 5 -1
58 6 -1
58 9 1
58 12 -1
58 15 1
58 16 1
58 17 1
58 18 -1
58 21 1
58 24 -1
58 27 -1
58 28 1
58 33 1
58 34 -1
58 36 1
58 38 1
58 39 1
58 42 -1
58 47 1
58 48 -1
58 55 -1
58 56 -1
58 57 -1
58 59 1
58 60 1
58 65 1
58 66 -1
58 67 -1
58 68 -1
58 70 -1
58 72 -1
58 74 1
58 75 -1
58 76 -1
58 79 1
58 83 -1
58 84 -1
58 86 -1
58 88 -1
58 89 1
58 91 -1
58 92 1
58 95 -1
58 97 1
58 99 -1
58 100 -1
58 101 1
58 103 -1
58 104 -1
58 105 -1
58 106 1
58 108 1
58 109 1
58 110 -1
58 111 -1
58 115 1
58 116 1
58 119 1
58 121 -1
58 122 -1
58 123 -1
58 125 -1
58 126 -1
58 130 -1
59 1 1
59 7 -1
59 9 1
59 11 1
59 12 -1
59 19 1
59 20 -1
59 21 1
59 22 1
59 25 -1
59 26 1
59 27 1
59 30 -1
59 31 1
59 32 1
59 34 1
59 35 1
59 36 -1
59 39 -1
59 40 -1
59 41 -1
59 43 1
59 44 1
59 45 1
59 46 1
59 47 -1
59 48 1
59 49 -1
59 50 -1
59 52 -1
59 56 -1
59 57 -1
59 63 1
59 64 -1
59 65 1
59 66 -1
59 67 1
59 68 -1
59 70 1
59 72 -1
59 74 -1
59 75 -1
59 76 1
59 78 -1
59 79 1
59 80 -1
59 82 -1
59 83 -1
59 84 1
59 85 1
59 86 1
59 88 -1
59 89 -1
59 90 1
59 92 1
59 97 1
59 98 1
59 99 -1
59 100 1
59 102 -1
59 104 -1
59 105 -1
59 106 1
59 108 -1
59 109 1
59 110 -1
59 111 1
59 112 1
59 115 1
59 116 -1
59 117 -1
59 118 1
59 119 -1
59 121 -1
59 128 1
60 2 -1
60 3 1
60 6 1
60 7 1
60 8 1
60 11 1
60 12 -1
60 15 1
60 16 1
60 17 -1
60 22 -1
60 23 1
60 24 -1
60 25 1
60 29 -1
60 30 -1
60 31 1
60 33 1
60 34 -1
60 36 1
60 39 1
60 40 -1
60 42 -1
60 43 -1
60 44 1
60 50 1
60 51 1
60 52 -1
60 56 1
60 57 1
60 59 -1
60 61 -1
60 62 -1
60 63 1
60 67 1
60 68 1
60 70 -1
60 71 1
60 73 -1
60 78 -1
60 79 1
60 82 -1
60 83 -1
60 85 1
60 87 1
60 92 -1
60 95 1
60 96 -1
60 99 -1
60 104 1
60 105 -1
60 109 -1
60 110 -1
60 112 1
60 113 -1
60 115 1
60 119 1
60 120 -1
60 125 1
60 127 -1
60 128 1
60 129 -1
61 1 -1
61 2 -1
61 4 -1
61 5 1
61 7 1
61 9 1
61 10 -1
61 11 -1
61 12 1
61 13 1
61 14 1
61 15 -1
61 17 -1
61 18 1
61 20 -1
61 22 -1
61 23 -1
61 24 -1
61 27 -1
61 29 -1
61 31 -1
61 32 1
61 33 -1
61 36 1
61 37 1
61 38 1
61 39 -1
61 41 1
61 46 -1
61 47 -1
61 48 1
61 49 -1
61 52 -1
61 53 1
61 54 -1
61 55 1
61 58 -1
61 59 -1
61 62 1
61 64 -1
61 66 1
61 68 -1
61 69 1
61 70 -1
61 73 -1
61 75 1
61 77 -1
61 79 -1
61 81 -1
61 83 1
61 84 -1
61 86 1
61 90 1
61 94 1
61 96 1
61 97 -1
61 98 -1
61 99 1
61 101 1
61 104 -1
61 105 -1
61 106 -1
61 107 -1
61 108 1
61 113 1
61 114 -1
61 115 1
61 117 -1
61 119 -1
61 122 -1
61 123 -1
61 124 1
61 125 1
61 128 -1
62 2 1
62 7 -1
62 8 -1
62 9 -1
62 10 -1
62 11 1
62 12 1
62 14 1
62 20 -1
62 22 1
62 26 -1
62 28 1
62 29 1
62 30 -1
62 31 -1
62 33 1
62 36 -1
62 37 1
62 39 1
62 41 -1
62 42 1
62 44 1
62 49 1
62 50 1
62 54 1
62 55 -1
62 56 1
62 57 -1
62 58 1
62 59 1
62 63 -1
62 64 1
62 65 1
62 66 1
62 68 -1
62 71 1
62 73 1
62 74 1
62 76 1
62 78 1
62 82 1
62 83 -1
62 85 -1
62 86 -1
62 89 1
62 91 -1
62 93 1
62 94 1
62 95 -1
62 96 -1
62 98 -1
62 103 -1
62 104 -1
62 105 -1
62 106 1
62 111 -1
62 112 -1
62 113 -1
62 115 -1
62 116 1
62 118 1
62 119 1
62 121 -1
62 122 1
62 123 -1
62 124 -1
62 126 -1
62 127 -1
62 128 1
62 129 -1
63 2 -1
63 5 -1
63 6 1
63 7 -1
63 8 1
63 10 -1
63 12 -1
63 13 -1
63 14 -1
63 15 -1
63 16 1
63 19 -1
63 21 -1
63 22 -1
63 24 1
63 25 -1
63 27 1
63 28 -1
63 30 -1
63 31 1
63 32 -1
63 33 1
63 34 -1
63 36 1
63 39 -1
63 40 1
63 42 -1
63 43 1
63 45 1
63 48 -1
63 49 -1
63 50 -1
63 52 1
63 54 1
63 55 1
63 56 1
63 58 -1
63 61 -1
63 64 -1
63 65 -1
63 68 -1
63 73 -1
63 76 1
63 79 -1
63 81 -1
63 83 1
63 85 -1
63 87 -1
63 91 1
63 92 -1
63 94 1
63 95 -1
63 96 -1
63 98 -1
63 100 1
63 101 -1
63 105 -1
63 106 -1
63 107 -1
63 109 1
63 113 1
63 114 1
63 118 1
63 120 -1
63 123 1
63 124 -1
63 125 1
63 126 -1
63 128 -1
63 130 1
64 2 -1
64 3 1
64 5 -1
64 14 1
64 15 1
64 16 1
64 17 -1
64 18 -1
64 21 -1
64 26 1
64 27 -1
64 28 -1
64 29 1
64 30 -1
64 32 1
64 33 -1
64 34 1
64 35 -1
64 36 -1
64 37 1
64 38 1
64 44 1
64 46 1
64 47 1
64 49 1
64 51 -1
64 52 1
64 53 -1
64 54 1
64 58 -1
64 60 1
64 65 1
64 67 -1
64 69 -1
64 70 -1
64 72 1
64 73 1
64 75 -1
64 79 -1
64 80 1
64 82 1
64 87 -1
64 88 -1
64 90 1
64 91 1
64 92 -1
64 95 1
64 97 1
64 99 -1
64 100 -1
64 102 -1
64 103 -1
64 104 1
64 105 1
64 106 -1
64 107 1
64 108 1
64 109 -1
64 110 -1
64 111 -1
64 112 1
64 113 -1
64 114 -1
64 115 1
64 118 1
64 121 -1
64 126 1
64 127 1
64 128 1
64 130 -1
65 2 -1
65 3 -1
65 9 -1
65 12 1
65 15 1
65 17 -1
65 18 -1
65 19 -1
65 22 -1
65 25 1
65 26 -1
65 27 1
65 28 -1
65 29 1
65 30 1
65 38 -1
65 39 1
65 41 -1
65 42 1
65 43 1
65 45 -1
65 48 1
65 49 1
65 50 -1
65 52 -1
65 53 -1
65 54 -1
65 56 1
65 57 1
65 60 -1
65 61 -1
65 66 -1
65 67 1
65 68 1
65 69 1
65 73 1
65 74 -1
65 79 1
65 83 1
65 84 1
65 86 -1
65 87 -1
65 88 1
65 89 1
65 90 -1
65 91 1
65 93 -1
65 95 1
65 96 -1
65 97 -1
65 100 -1
65 102 1
65 103 1
65 105 1
65 106 -1
65 107 1
65 108 1
65 109 1
65 111 1
65 112 1
65 114 -1
65 117 -1
65 119 -1
65 121 -1
65 124 -1
65 127 1
65 130 1
66 1 1
66 2 1
66 3 1
66 11 -1
66 12 1
66 14 1
66 15 1
66 20 1
66 21 1
66 22 1
66 28 -1
66 30 1
66 32 -1
66 37 1
66 39 -1
66 43 -1
66 45 -1
66 46 -1
66 47 1
66 48 1
66 51 -1
66 57 -1
66 60 1
66 63 1
66 64 1
66 69 -1
66 70 -1
66 74 -1
66 76 -1
66 77 -1
66 78 1
66 80 1
66 81 -1
66 82 -1
66 83 -1
66 86 1
66 87 1
66 92 1
66 93 1
66 95 -1
66 96 -1
66 98 1
66 99 -1
66 103 -1
66 104 1
66 107 -1
66 108 -1
66 109 -1
66 115 1
66 120 -1
66 122 -1
66 123 -1
66 124 -1
66 125 1
66 126 1
66 127 -1
66 129 -1
67 4 1
67 7 1
67 8 1
67 12 1
67 14 1
67 15 1
67 17 -1
67 19 1
67 20 1
67 21 -1
67 28 1
67 31 1
67 34 1
67 35 -1
67 39 -1
67 42 1
67 43 -1
67 47 -1
67 48 1
67 49 -1
67 51 -1
67 54 1
67 61 1
67 62 -1
67 63 -1
67 66 1
67 68 1
67 69 1
67 71 -1
67 72 1
67 73 -1
67 75 -1
67 76 1
67 79 -1
67 80 -1
67 83 1
67 86 -1
67 87 -1
67 92 1
67 93 1
67 95 -1
67 96 -1
67 97 1
67 101 1
67 103 -1
67 105 1
67 110 1
67 111 1
67 112 -1
67 114 1
67 115 -1
67 116 1
67 120 1
67 121 1
67 122 1
67 125 1
67 127 1
67 128 1
68 2 1
68 6 -1
68 10 -1
68 16 -1
68 18 1
68 20 -1
68 21 1
68 24 1
68 26 -1
68 28 -1
68 29 1
68 31 1
68 32 -1
68 33 1
68 34 1
68 39 -1
68 40 1
68 41 -1
68 44 1
68 45 1
68 47 1
68 48 1
68 55 -1
68 56 -1
68 57 -1
68 64 1
68 66 1
68 70 1
68 71 1
68 73 1
68 76 -1
68 79 -1
68 80 -1
68 81 -1
68 82 -1
68 83 1
68 85 -1
68 92 1
68 94 1
68 98 -1
68 99 1
68 101 1
68 104 -1
68 105 -1
68 106 -1
68 107 -1
68 108 1
68 111 1
68 112 -1
68 115 -1
68 117 -1
68 118 -1
68 120 -1
68 122 1
68 125 1
68 127 -1
68 128 1
68 129 1
69 1 1
69 2 1
69 4 -1
69 5 1
69 7 1
69 8 1
69 11 1
69 13 -1
69 16 1
69 18 1
69 19 -1
69 26 -1
69 27 -1
69 29 1
69 30 1
69 34 -1
69 36 1
69 40 -1
69 42 -1
69 48 1
69 50 -1
69 52 -1
69 53 1
69 54 -1
69 55 1
69 56 1
69 58 -1
69 59 -1
69 60 1
69 62 -1
69 63 -1
69 68 1
69 70 -1
69 73 -1
69 75 -1
69 76 1
69 77 1
69 78 1
69 80 1
69 81 1
69 85 -1
69 89 1
69 90 -1
69 91 -1
69 93 -1
69 95 -1
69 97 1
69 100 -1
69 101 -1
69 102 -1
69 103 -1
69 106 1
69 108 1
69 110 -1
69 112 1
69 116 1
69 118 1
69 120 -1
69 122 1
69 123 -1
69 125 -1
69 128 -1
70 2 -1
70 3 1
70 5 1
70 8 -1
70 9 -1
70 18 1
70 19 1
70 20 1
70 21 -1
70 23 -1
70 24 1
70 26 -1
70 29 -1
70 30 1
70 34 1
70 35 -1
70 37 1
70 39 -1
70 41 1
70 46 -1
70 48 -1
70 51 1
70 53 1
70 56 -1
70 62 -1
70 63 1
70 65 1
70 67 -1
70 71 1
70 72 1
70 73 -1
70 74 1
70 75 1
70 77 1
70 78 -1
70 79 1
70 81 1
70 83 -1
70 84 1
70 85 -1
70 87 -1
70 88 1
70 91 -1
70 92 -1
70 94 1
70 95 -1
70 97 -1
70 100 1
70 104 1
70 106 -1
70 107 -1
70 112 1
70 113 -1
70 114 1
70 115 -1
70 119 -1
70 120 1
70 122 1
70 123 1
70 124 -1
70 125 1
70 126 1
70 128 1
70 130 -1
71 1 -1
71 3 1
71 5 1
71 6 -1
71 8 -1
71 10 1
71 11 1
71 13 1
71 14 1
71 15 -1
71 16 -1
71 20 1
71 21 -1
71 22 1
71 23 1
71 25 1
71 26 -1
71 29 1
71 31 -1
71 33 1
71 34 -1
71 35 -1
71 37 -1
71 40 1
71 45 -1
71 46 1
71 47 1
71 48 -1
71 49 -1
71 53 -1
71 54 1
71 57 1
71 58 -1
71 59 -1
71 61 1
71 63 -1
71 64 -1
71 65 -1
71 66 1
71 69 1
71 73 -1
71 77 -1
71 78 -1
71 80 1
71 81 -1
71 82 1
71 85 1
71 87 -1
71 88 1
71 93 -1
71 96 1
71 97 -1
71 102 -1
71 104 1
71 105 1
71 106 1
71 107 -1
71 108 -1
71 110 1
71 112 1
71 113 -1
71 115 -1
71 116 -1
71 122 -1
71 123 1
71 125 -1
71 129 -1
72 1 1
72 4 -1
72 5 -1
72 7 1
72 10 -1
72 11 1
72 12 -1
72 16 1
72 19 1
72 21 1
72 24 1
72 25 -1
72 27 -1
72 29 -1
72 33 1
72 34 1
72 36 -1
72 37 1
72 40 -1
72 43 -1
72 44 -1
72 46 -1
72 47 1
72 50 1
72 51 -1
72 52 -1
72 53 -1
72 57 1
72 60 1
72 61 1
72 62 1
72 63 1
72 65 1
72 66 1
72 68 -1
72 69 1
72 71 1
72 75 -1
72 78 -1
72 81 1
72 84 -1
72 87 1
72 88 -1
72 89 1
72 91 -1
72 92 -1
72 93 -1
72 94 -1
72 95 -1
72 97 -1
72 100 1
72 102 -1
72 103 1
72 105 -1
72 113 1
72 116 1
72 118 -1
72 120 1
72 124 1
72 126 1
72 127 1
72 128 -1
72 129 -1
73 1 1
73 3 1
73 4 -1
73 5 -1
73 9 1
73 10 1
73 13 -1
73 21 1
73 22 1
73 24 1
73 25 1
73 26 1
73 27 1
73 32 1
73 34 1
73 35 -1
73 41 -1
73 44 1
73 45 1
73 49 1
73 50 -1
73 52 1
73 54 -1
73 55 1
73 57 1
73 58 1
73 59 1
73 66 1
73 72 -1
73 75 -1
73 83 1
73 88 1
73 89 -1
73 91 -1
73 94 -1
73 97 1
73 98 1
73 101 -1
73 105 -1
73 106 -1
73 107 -1
73 110 1
73 111 -1
73 114 1
73 116 1
73 118 1
73 120 1
73 121 1
73 122 1
73 123 1
73 124 -1
73 125 -1
73 126 1
73 127 1
73 128 -1
74 1 -1
74 2 -1
74 3 -1
74 4 -1
74 5 1
74 6 -1
74 7 -1
74 11 -1
74 12 -1
74 15 1
74 17 1
74 22 -1
74 23 -1
74 24 1
74 26 -1
74 28 -1
74 29 -1
74 32 -1
74 33 1
74 37 -1
74 39 1
74 41 -1
74 42 1
74 43 1
74 44 1
74 45 -1
74 46 -1
74 47 1
74 48 -1
74 51 1
74 53 1
74 55 1
74 57 1
74 60 -1
74 61 -1
74 63 1
74 64 1
74 67 -1
74 68 -1
74 69 1
74 71 -1
74 72 1
74 73 -1
74 79 1
74 80 1
74 83 1
74 84 -1
74 87 1
74 88 1
74 89 1
74 91 -1
74 92 -1
74 93 1
74 96 1
74 97 1
74 100 -1
74 103 1
74 104 1
74 107 -1
74 109 -1
74 111 1
74 112 1
74 114 1
74 115 1
74 117 -1
74 118 1
74 120 1
74 122 1
74 123 1
74 125 1
74 126 1
74 128 1
74 130 -1
75 2 -1
75 4 -1
75 9 1
75 10 -1
75 11 -1
75 14 1
75 15 -1
75 16 1
75 20 1
75 22 1
75 32 -1
75 33 1
75 35 -1
75 36 -1
75 38 -1
75 39 -1
75 43 -1
75 48 -1
75 50 1
75 53 1
75 56 -1
75 57 1
75 60 -1
75 62 -1
75 63 1
75 65 -1
75 66 1
75 68 -1
75 71 1
75 74 -1
75 76 -1
75 77 -1
75 83 1
75 85 1
75 87 -1
75 89 -1
75 90 1
75 92 1
75 93 1
75 96 1
75 98 -1
75 101 -1
75 102 1
75 103 1
75 104 1
75 106 1
75 107 1
75 109 -1
75 112 -1
75 116 -1
75 117 -1
75 118 -1
75 119 -1
75 120 1
75 122 1
75 123 -1
75 124 -1
75 125 -1
75 126 -1
75 127 -1
75 129 -1
76 1 -1
76 3 -1
76 4 1
76 5 1
76 6 1
76 14 1
76 15 1
76 19 1
76 22 1
76 25 -1
76 26 1
76 27 -1
76 28 1
76 33 1
76 34 -1
76 35 -1
76 39 1
76 42 -1
76 45 1
76 57 -1
76 60 1
76 61 1
76 64 1
76 65 1
76 70 -1
76 71 1
76 72 -1
76 73 -1
76 74 -1
76 77 -1
76 79 1
76 81 -1
76 82 -1
76 86 1
76 87 1
76 88 1
76 89 1
76 90 1
76 91 -1
76 93 1
76 94 -1
76 95 1
76 96 -1
76 98 1
76 100 1
76 101 1
76 102 -1
76 103 1
76 104 -1
76 105 -1
76 107 -1
76 110 1
76 111 -1
76 112 -1
76 117 -1
76 118 -1
76 119 1
76 120 1
76 121 1
76 125 1
76 129 -1
77 1 -1
77 2 1
77 3 -1
77 5 -1
77 6 -1
77 7 -1
77 8 1
77 14 1
77 15 -1
77 17 -1
77 19 1
77 20 1
77 21 -1
77 25 -1
77 26 1
77 27 -1
77 29 -1
77 32 -1
77 33 -1
77 34 1
77 35 1
77 36 -1
77 38 1
77 40 1
77 43 -1
77 45 1
77 46 -1
77 47 -1
77 49 1
77 54 1
77 58 1
77 59 1
77 60 1
77 62 1
77 63 -1
77 64 1
77 65 1
77 67 1
77 68 -1
77 72 1
77 73 -1
77 74 -1
77 78 -1
77 84 1
77 85 1
77 87 -1
77 90 -1
77 96 1
77 97 -1
77 98 1
77 99 1
77 101 -1
77 103 -1
77 104 -1
77 108 -1
77 110 -1
77 111 -1
77 112 1
77 115 1
77 116 1
77 122 -1
77 123 1
77 125 1
77 126 1
77 128 1
77 130 1
78 2 -1
78 4 1
78 7 1
78 8 -1
78 9 1
78 10 1
78 11 -1
78 16 1
78 20 -1
78 21 -1
78 22 1
78 24 1
78 26 -1
78 28 -1
78 29 1
78 31 -1
78 32 -1
78 33 1
78 36 -1
78 37 -1
78 40 1
78 45 -1
78 46 -1
78 52 -1
78 53 1
78 54 -1
78 55 -1
78 57 1
78 58 -1
78 61 -1
78 63 1
78 64 -1
78 65 -1
78 67 1
78 68 -1
78 73 1
78 74 -1
78 75 -1
78 76 1
78 80 1
78 85 -1
78 86 1
78 92 -1
78 93 1
78 95 1
78 98 1
78 99 -1
78 102 1
78 103 -1
78 104 1
78 106 1
78 107 -1
78 108 1
78 109 -1
78 113 -1
78 114 1
78 117 1
78 118 1
78 122 1
78 124 1
78 125 -1
78 127 1
78 129 1
78 130 -1
79 3 1
79 5 1
79 6 1
79 9 -1
79 11 1
79 14 1
79 15 -1
79 19 1
79 21 -1
79 23 -1
79 24 1
79 26 -1
79 27 -1
79 28 1
79 29 1
79 31 1
79 32 -1
79 33 1
79 34 1
79 35 1
79 37 -1
79 39 -1
79 46 -1
79 47 -1
79 48 1
79 54 1
79 56 -1
79 62 1
79 66 -1
79 69 -1
79 71 -1
79 72 1
79 73 -1
79 75 -1
79 77 1
79 78 -1
79 81 1
79 82 -1
79 83 1
79 86 1
79 87 -1
79 93 -1
79 95 1
79 96 -1
79 98 1
79 99 -1
79 100 1
79 104 1
79 107 -1
79 108 -1
79 110 1
79 111 1
79 113 -1
79 114 1
79 117 1
79 118 -1
79 120 -1
79 121 1
79 122 1
79 123 1
79 124 -1
79 126 1
79 127 -1
79 128 -1
79 130 -1
80 3 -1
80 6 -1
80 7 -1
80 8 1
80 9 -1
80 10 -1
80 11 -1
80 12 -1
80 14 -1
80 15 1
80 16 -1
80 18 1
80 19 1
80 24 1
80 25 -1
80 26 1
80 28 -1
80 32 -1
80 34 -1
80 36 1
80 37 -1
80 38 -1
80 40 1
80 43 1
80 44 -1
80 46 1
80 47 1
80 48 -1
80 49 1
80 50 -1
80 51 1
80 52 1
80 55 -1
80 58 1
80 60 -1
80 61 -1
80 62 1
80 63 -1
80 65 1
80 70 1
80 72 1
80 73 -1
80 75 1
80 76 1
80 77 -1
80 79 -1
80 83 1
80 85 1
80 87 1
80 90 1
80 94 1
80 95 -1
80 97 -1
80 101 1
80 102 -1
80 103 1
80 105 1
80 108 -1
80 109 -1
80 110 1
80 111 -1
80 114 -1
80 115 -1
80 116 1
80 118 -1
80 121 -1
80 122 1
80 125 -1
80 126 -1
80 130 -1
81 3 1
81 4 -1
81 5 -1
81 8 -1
81 12 1
81 14 -1
81 18 1
81 19 1
81 20 -1
81 25 1
81 26 -1
81 28 1
81 29 1
81 30 1
81 32 -1
81 33 1
81 34 1
81 37 1
81 39 -1
81 40 1
81 41 -1
81 45 -1
81 47 -1
81 50 1
81 54 -1
81 55 1
81 58 -1
81 59 1
81 60 1
81 62 1
81 64 -1
81 65 -1
81 67 1
81 73 1
81 74 1
81 75 -1
81 77 -1
81 78 1
81 80 1
81 86 -1
81 90 -1
81 92 1
81 96 -1
81 97 -1
81 99 1
81 105 1
81 106 -1
81 108 -1
81 109 1
81 110 -1
81 112 -1
81 113 -1
81 114 1
81 115 -1
81 116 -1
81 118 1
81 126 -1
81 127 -1
81 130 -1
82 2 -1
82 5 -1
82 6 1
82 7 -1
82 8 1
82 10 1
82 13 1
82 14 -1
82 15 -1
82 22 -1
82 24 -1
82 26 -1
82 30 1
82 33 -1
82 34 -1
82 36 -1
82 38 -1
82 39 1
82 40 -1
82 41 1
82 42 1
82 43 -1
82 44 -1
82 45 -1
82 47 1
82 49 1
82 51 1
82 52 1
82 53 -1
82 55 1
82 56 -1
82 57 -1
82 58 1
82 61 -1
82 63 1
82 65 -1
82 67 1
82 69 1
82 70 1
82 72 1
82 73 1
82 74 -1
82 75 1
82 77 -1
82 78 1
82 80 -1
82 81 1
82 86 1
82 91 1
82 92 1
82 97 1
82 98 1
82 104 -1
82 105 1
82 106 1
82 109 -1
82 110 1
82 113 1
82 114 1
82 115 -1
82 116 1
82 117 1
82 123 1
82 125 1
82 127 1
82 128 -1
82 130 1
83 1 1
83 3 1
83 4 -1
83 6 1
83 7 1
83 10 -1
83 12 -1
83 14 1
83 24 -1
83 26 1
83 27 1
83 29 1
83 31 1
83 35 1
83 36 -1
83 37 -1
83 38 1
83 43 -1
83 47 1
83 54 -1
83 55 1
83 64 1
83 69 -1
83 71 1
83 72 -1
83 76 -1
83 77 -1
83 78 -1
83 81 1
83 82 -1
83 88 -1
83 91 1
83 92 1
83 94 -1
83 95 1
83 99 1
83 102 1
83 104 1
83 107 1
83 109 -1
83 110 -1
83 111 -1
83 113 1
83 114 1
83 115 -1
83 117 1
83 119 -1
83 120 1
83 121 1
83 122 -1
83 123 1
83 124 1
83 129 1
84 1 -1
84 2 -1
84 3 1
84 4 1
84 6 1
84 8 -1
84 9 1
84 10 1
84 11 1
84 12 -1
84 13 1
84 14 1
84 18 -1
84 22 -1
84 23 -1
84 29 -1
84 31 -1
84 32 1
84 34 1
84 37 1
84 38 -1
84 39 -1
84 40 1
84 42 1
84 45 1
84 46 -1
84 47 1
84 51 1
84 52 -1
84 53 -1
84 54 -1
84 56 1
84 60 -1
84 62 -1
84 63 -1
84 64 -1
84 66 1
84 67 -1
84 68 1
84 69 -1
84 71 -1
84 73 1
84 75 1
84 76 -1
84 78 1
84 79 -1
84 80 1
84 81 -1
84 82 -1
84 83 1
84 86 1
84 88 -1
84 92 1
84 93 1
84 95 1
84 97 -1
84 98 -1
84 100 -1
84 103 1
84 104 -1
84 105 1
84 112 -1
84 119 1
84 120 -1
84 121 -1
84 122 -1
84 123 1
84 124 1
84 125 -1
84 126 1
84 127 -1
84 128 -1
84 129 -1
85 1 1
85 2 -1
85 3 1
85 7 1
85 8 1
85 9 1
85 10 -1
85 11 -1
85 15 -1
85 16 -1
85 17 1
85 18 1
85 23 1
85 26 -1
85 27 1
85 29 1
85 30 -1
85 33 1
85 34 -1
85 38 -1
85 39 1
85 42 1
85 46 -1
85 47 -1
85 52 1
85 54 -1
85 57 -1
85 58 1
85 61 1
85 64 1
85 65 1
85 66 -1
85 67 1
85 72 -1
85 73 -1
85 74 1
85 76 -1
85 79 1
85 81 -1
85 82 1
85 83 -1
85 84 -1
85 86 -1
85 98 1
85 101 1
85 102 -1
85 104 1
85 106 1
85 107 -1
85 108 -1
85 109 1
85 112 1
85 117 1
85 118 -1
85 119 1
85 120 -1
85 121 1
85 125 1
85 128 1
86 4 -1
86 7 1
86 8 1
86 12 -1
86 15 1
86 17 -1
86 20 -1
86 22 -1
86 23 1
86 25 -1
86 26 1
86 28 -1
86 32 -1
86 33 1
86 34 -1
86 38 -1
86 41 -1
86 43 -1
86 45 1
86 47 1
86 48 1
86 50 1
86 54 1
86 55 1
86 56 -1
86 60 -1
86 63 1
86 64 -1
86 68 1
86 69 1
86 70 1
86 71 1
86 72 1
86 73 1
86 74 -1
86 75 1
86 77 1
86 80 -1
86 83 1
86 87 1
86 90 -1
86 92 1
86 93 -1
86 94 -1
86 95 1
86 96 -1
86 97 1
86 99 -1
86 100 1
86 103 -1
86 104 -1
86 108 -1
86 109 -1
86 110 -1
86 113 1
86 116 -1
86 117 1
86 118 -1
86 119 -1
86 121 1
86 126 1
86 130 1
87 2 1
87 4 -1
87 5 -1
87 7 -1
87 9 -1
87 14 -1
87 17 1
87 19 1
87 20 1
87 22 -1
87 23 -1
87 25 1
87 28 1
87 29 -1
87 30 -1
87 33 1
87 34 1
87 35 1
87 36 -1
87 39 1
87 40 1
87 42 -1
87 43 1
87 44 1
87 46 1
87 47 1
87 49 -1
87 50 1
87 52 -1
87 53 1
87 54 -1
87 56 1
87 58 -1
87 59 -1
87 61 -1
87 62 1
87 68 -1
87 69 -1
87 73 1
87 78 -1
87 81 1
87 82 1
87 83 -1
87 84 -1
87 85 -1
87 88 -1
87 90 1
87 91 1
87 94 -1
87 95 1
87 96 1
87 97 -1
87 98 1
87 99 -1
87 100 -1
87 102 -1
87 103 -1
87 105 1
87 106 1
87 107 1
87 109 1
87 110 -1
87 112 1
87 113 1
87 114 -1
87 118 1
87 119 1
87 121 1
87 123 1
87 124 -1
87 125 1
87 127 1
87 128 -1
87 129 1
88 1 1
88 2 1
88 3 1
88 4 1
88 5 1
88 7 -1
88 8 1
88 9 -1
88 10 -1
88 11 -1
88 12 -1
88 15 1
88 17 1
88 19 -1
88 20 1
88 22 1
88 26 -1
88 33 1
88 34 1
88 35 -1
88 41 1
88 42 -1
88 44 1
88 45 1
88 47 -1
88 49 -1
88 50 -1
88 51 -1
88 53 1
88 55 1
88 57 -1
88 60 1
88 61 1
88 62 -1
88 63 1
88 66 -1
88 67 -1
88 68 -1
88 69 1
88 75 1
88 77 -1
88 78 1
88 79 1
88 80 -1
88 81 1
88 82 1
88 85 1
88 86 1
88 89 -1
88 93 1
88 95 1
88 96 -1
88 98 1
88 100 -1
88 101 -1
88 108 1
88 110 -1
88 112 -1
88 113 -1
88 114 -1
88 116 -1
88 117 1
88 118 -1
88 123 -1
88 124 -1
88 125 1
89 1 1
89 2 -1
89 13 1
89 14 -1
89 15 1
89 17 1
89 18 1
89 19 -1
89 22 -1
89 23 -1
89 24 -1
89 32 -1
89 34 -1
89 40 -1
89 42 1
89 43 1
89 45 -1
89 46 -1
89 47 1
89 48 1
89 50 -1
89 54 -1
89 55 1
89 57 1
89 60 -1
89 61 -1
89 63 1
89 64 -1
89 66 1
89 67 -1
89 68 1
89 70 -1
89 71 1
89 77 1
89 78 -1
89 79 -1
89 80 1
89 81 -1
89 82 -1
89 83 1
89 84 1
89 85 1
89 86 -1
89 87 -1
89 90 -1
89 91 -1
89 97 1
89 98 1
89 100 1
89 102 -1
89 103 1
89 105 -1
89 109 1
89 111 -1
89 113 -1
89 114 1
89 116 -1
89 118 -1
89 121 -1
89 124 1
89 126 -1
90 2 1
90 4 -1
90 5 1
90 7 1
90 8 -1
90 11 1
90 12 -1
90 16 -1
90 17 1
90 21 -1
90 22 1
90 28 -1
90 30 -1
90 33 1
90 35 -1
90 38 1
90 40 -1
90 41 1
90 43 1
90 44 -1
90 45 -1
90 46 -1
90 48 1
90 50 1
90 51 1
90 54 -1
90 55 1
90 56 1
90 58 -1
90 60 1
90 62 1
90 63 -1
90 66 -1
90 67 1
90 68 -1
90 70 1
90 71 1
90 72 1
90 73 -1
90 74 1
90 78 1
90 79 1
90 82 1
90 83 -1
90 84 1
90 85 -1
90 88 1
90 92 1
90 94 1
90 99 -1
90 100 -1
90 104 1
90 107 -1
90 108 1
90 112 1
90 113 -1
90 116 1
90 117 -1
90 118 -1
90 121 1
90 122 1
90 127 1
90 130 -1
91 1 -1
91 3 1
91 4 1
91 8 1
91 9 1
91 10 1
91 12 1
91 13 -1
91 14 1
91 17 1
91 18 -1
91 21 -1
91 22 -1
91 24 -1
91 25 1
91 29 1
91 31 -1
91 32 -1
91 33 -1
91 35 -1
91 37 1
91 39 -1
91 40 -1
91 41 1
91 42 1
91 44 1
91 47 -1
91 48 1
91 53 1
91 54 1
91 59 -1
91 60 -1
91 61 1
91 66 1
91 67 -1
91 68 -1
91 71 -1
91 75 -1
91 77 -1
91 78 1
91 79 1
91 80 -1
91 81 1
91 84 1
91 85 -1
91 86 1
91 88 1
91 90 -1
91 95 1
91 97 1
91 98 -1
91 99 -1
91 100 1
91 102 1
91 105 1
91 107 1
91 108 -1
91 110 -1
91 111 1
91 113 -1
91 114 -1
91 116 1
91 118 1
91 119 -1
91 120 -1
91 123 -1
91 124 -1
91 130 -1
92 2 -1
92 3 -1
92 4 1
92 8 1
92 11 -1
92 12 1
92 13 -1
92 14 1
92 15 1
92 16 -1
92 18 1
92 19 -1
92 23 -1
92 25 1
92 26 -1
92 27 1
92 29 -1
92 30 -1
92 31 -1
92 32 1
92 33 1
92 35 1
92 36 1
92 37 1
92 38 1
92 41 -1
92 44 1
92 47 -1
92 48 -1
92 49 1
92 50 1
92 51 1
92 55 1
92 56 1
92 61 1
92 62 -1
92 65 1
92 69 -1
92 71 -1
92 73 1
92 76 1
92 77 -1
92 79 1
92 80 1
92 85 1
92 87 -1
92 88 1
92 89 1
92 91 1
92 93 1
92 98 -1
92 99 -1
92 101 -1
92 103 1
92 105 1
92 106 1
92 107 1
92 108 1
92 109 -1
92 112 -1
92 115 -1
92 118 -1
92 119 -1
92 120 -1
92 123 -1
92 124 1
92 125 -1
93 1 -1
93 3 -1
93 6 -1
93 7 1
93 8 -1
93 10 1
93 11 -1
93 14 1
93 15 -1
93 16 1
93 18 -1
93 19 1
93 21 -1
93 22 1
93 24 -1
93 25 1
93 30 -1
93 32 1
93 34 -1
93 35 1
93 37 1
93 38 1
93 39 -1
93 41 1
93 43 1
93 44 -1
93 50 1
93 52 1
93 55 1
93 58 1
93 59 1
93 60 -1
93 61 1
93 63 -1
93 64 -1
93 68 -1
93 70 1
93 73 -1
93 77 1
93 80 -1
93 81 1
93 82 1
93 83 1
93 85 -1
93 87 -1
93 89 -1
93 90 1
93 91 -1
93 96 -1
93 97 -1
93 99 1
93 100 -1
93 101 -1
93 102 1
93 103 1
93 106 1
93 107 1
93 110 -1
93 111 -1
93 114 1
93 116 -1
93 118 1
93 121 1
93 123 1
93 125 -1
93 127 1
94 2 1
94 3 1
94 4 1
94 9 1
94 10 1
94 11 1
94 12 1
94 17 -1
94 21 -1
94 22 -1
94 24 -1
94 25 1
94 26 1
94 28 1
94 29 -1
94 30 1
94 33 1
94 36 1
94 37 1
94 39 -1
94 40 -1
94 42 -1
94 46 -1
94 47 -1
94 50 1
94 52 -1
94 53 -1
94 54 -1
94 58 -1
94 59 -1
94 60 1
94 64 -1
94 65 -1
94 66 1
94 67 -1
94 69 1
94 71 1
94 74 -1
94 75 1
94 77 -1
94 78 1
94 79 1
94 81 1
94 82 1
94 84 1
94 85 -1
94 88 1
94 89 -1
94 91 -1
94 92 -1
94 93 -1
94 96 1
94 98 -1
94 100 1
94 104 -1
94 105 1
94 106 -1
94 108 -1
94 109 -1
94 111 -1
94 113 -1
94 116 1
94 117 1
94 122 -1
94 123 -1
94 124 -1
94 125 -1
94 126 1
94 128 -1
94 130 -1
95 1 1
95 4 1
95 5 -1
95 6 1
95 9 1
95 10 1
95 11 -1
95 13 1
95 14 1
95 16 1
95 17 1
95 18 -1
95 21 -1
95 24 1
95 25 1
95 26 1
95 27 -1
95 30 1
95 31 -1
95 33 -1
95 36 -1
95 38 1
95 40 -1
95 43 1
95 44 1
95 45 1
95 46 1
95 50 -1
95 51 -1
95 53 1
95 54 -1
95 55 -1
95 56 1
95 59 -1
95 61 -1
95 68 1
95 71 -1
95 73 1
95 74 1
95 75 1
95 77 1
95 81 -1
95 82 1
95 85 1
95 89 -1
95 90 1
95 92 -1
95 93 -1
95 94 1
95 96 1
95 97 -1
95 98 1
95 101 1
95 103 1
95 104 -1
95 106 -1
95 107 1
95 108 -1
95 109 1
95 110 1
95 111 -1
95 112 -1
95 113 1
95 115 -1
95 117 1
95 121 1
95 122 -1
95 123 1
95 125 1
95 127 1
96 2 1
96 3 1
96 5 -1
96 11 -1
96 12 -1
96 14 -1
96 15 -1
96 16 -1
96 18 -1
96 20 -1
96 22 1
96 23 -1
96 24 1
96 25 -1
96 26 -1
96 28 -1
96 33 1
96 34 1
96 36 1
96 39 1
96 43 -1
96 45 -1
96 46 -1
96 49 1
96 51 -1
96 53 -1
96 54 1
96 55 -1
96 56 1
96 58 1
96 59 -1
96 64 1
96 68 -1
96 69 1
96 70 -1
96 72 -1
96 73 -1
96 78 -1
96 80 -1
96 82 1
96 83 -1
96 84 1
96 85 -1
96 89 -1
96 90 -1
96 91 -1
96 92 1
96 97 1
96 98 1
96 103 -1
96 104 1
96 105 -1
96 109 -1
96 111 1
96 112 -1
96 114 -1
96 115 1
96 117 -1
96 119 1
96 121 -1
96 122 -1
96 124 -1
96 125 -1
96 126 1
96 128 -1
96 129 -1
96 130 -1
97 2 -1
97 3 1
97 5 -1
97 6 -1
97 11 1
97 13 1
97 14 -1
97 15 1
97 18 1
97 20 1
97 22 1
97 25 -1
97 27 1
97 29 -1
97 32 -1
97 34 1
97 35 -1
97 36 -1
97 37 1
97 38 -1
97 39 1
97 40 1
97 41 -1
97 42 -1
97 43 -1
97 44 -1
97 47 1
97 49 1
97 52 1
97 60 1
97 62 1
97 63 1
97 66 -1
97 68 -1
97 75 1
97 76 1
97 78 -1
97 79 -1
97 83 1
97 85 1
97 88 -1
97 90 1
97 92 1
97 94 -1
97 98 -1
97 99 1
97 100 1
97 101 -1
97 104 1
97 105 1
97 107 -1
97 108 -1
97 110 -1
97 111 1
97 112 1
97 115 -1
97 116 -1
97 120 1
97 121 1
97 123 1
97 126 -1
98 1 -1
98 4 -1
98 6 -1
98 7 1
98 11 1
98 12 1
98 13 1
98 15 1
98 16 1
98 19 1
98 22 1
98 28 1
98 31 -1
98 32 -1
98 34 -1
98 35 1
98 36 1
98 39 -1
98 41 1
98 42 -1
98 43 1
98 45 -1
98 46 -1
98 48 1
98 49 1
98 50 -1
98 51 -1
98 52 -1
98 55 1
98 56 -1
98 57 1
98 58 1
98 60 -1
98 64 1
98 65 1
98 67 -1
98 69 -1
98 70 -1
98 71 -1
98 72 -1
98 74 -1
98 80 -1
98 81 1
98 83 1
98 86 1
98 90 -1
98 93 -1
98 99 1
98 101 -1
98 103 -1
98 105 1
98 107 -1
98 108 -1
98 110 1
98 113 -1
98 114 1
98 116 1
98 117 1
98 119 1
98 121 1
98 122 -1
98 128 -1
98 130 -1
99 1 -1
99 7 -1
99 8 -1
99 9 -1
99 12 1
99 13 1
99 14 1
99 18 1
99 21 1
99 23 1
99 24 1
99 25 1
99 28 -1
99 29 1
99 30 1
99 31 1
99 32 1
99 37 1
99 38 -1
99 40 1
99 42 -1
99 43 1
99 44 -1
99 46 1
99 47 1
99 48 1
99 52 1
99 54 1
99 56 -1
99 62 -1
99 63 -1
99 65 -1
99 67 1
99 69 1
99 70 1
99 71 -1
99 72 -1
99 73 1
99 74 -1
99 75 1
99 76 1
99 80 1
99 82 1
99 84 -1
99 85 1
99 88 -1
99 89 1
99 94 1
99 95 -1
99 96 -1
99 100 -1
99 104 1
99 105 1
99 106 -1
99 107 1
99 108 1
99 111 -1
99 113 -1
99 114 1
99 115 -1
99 116 -1
99 117 -1
99 118 -1
99 119 -1
99 121 -1
99 122 -1
99 123 -1
99 124 -1
99 125 1
99 127 1
99 128 -1
100 3 -1
100 5 1
100 8 -1
100 9 -1
100 10 -1
100 11 -1
100 12 -1
100 14 1
100 15 -1
100 17 -1
100 19 1
100 20 1
100 22 -1
100 27 1
100 28 1
100 29 1
100 31 1
100 34 1
100 35 -1
100 36 1
100 37 1
100 38 -1
100 40 1
100 41 1
100 45 -1
100 46 1
100 47 1
100 48 -1
100 50 -1
100 51 1
100 54 1
100 55 -1
100 60 1
100 61 1
100 62 -1
100 66 -1
100 67 1
100 68 -1
100 71 -1
100 73 1
100 75 1
100 77 -1
100 78 1
100 80 -1
100 81 -1
100 82 1
100 83 1
100 85 1
100 92 1
100 95 -1
100 96 1
100 98 1
100 101 -1
100 104 -1
100 106 -1
100 107 1
100 109 -1
100 111 -1
100 115 -1
100 116 1
100 119 -1
100 124 1
100 125 1
100 129 1
101 3 -1
101 5 1
101 6 1
101 7 -1
101 9 1
101 12 -1
101 14 -1
101 16 -1
101 18 1
101 20 -1
101 22 1
101 24 1
101 25 1
101 28 1
101 29 -1
101 31 -1
101 34 -1
101 35 1
101 36 1
101 37 1
101 41 -1
101 44 -1
101 47 1
101 48 -1
101 50 1
101 51 -1
101 54 1
101 55 1
101 56 -1
101 59 -1
101 60 1
101 62 -1
101 64 1
101 65 -1
101 66 1
101 70 -1
101 71 1
101 72 1
101 74 -1
101 78 1
101 79 -1
101 81 1
101 82 -1
101 83 -1
101 84 1
101 86 -1
101 87 -1
101 89 -1
101 90 -1
101 91 1
101 94 1
101 96 -1
101 99 1
101 103 -1
101 105 1
101 106 1
101 107 -1
101 111 -1
101 114 -1
101 115 1
101 117 -1
101 121 -1
101 122 -1
101 123 1
101 124 1
101 125 -1
101 126 -1
101 128 -1
101 130 1
102 1 1
102 2 -1
102 3 1
102 4 1
102 5 1
102 6 -1
102 7 1
102 10 -1
102 13 -1
102 19 1
102 24 -1
102 25 1
102 26 -1
102 27 1
102 31 -1
102 35 1
102 36 1
102 38 -1
102 40 -1
102 42 1
102 44 -1
102 45 1
102 46 -1
102 47 1
102 51 1
102 52 -1
102 54 1
102 58 1
102 60 -1
102 61 -1
102 62 -1
102 63 -1
102 66 -1
102 67 -1
102 68 1
102 70 1
102 73 1
102 74 1
102 77 -1
102 79 -1
102 81 1
102 82 -1
102 84 -1
102 86 1
102 88 1
102 90 1
102 92 1
102 94 -1
102 95 1
102 96 1
102 97 -1
102 98 1
102 99 -1
102 100 -1
102 101 -1
102 103 1
102 104 -1
102 110 -1
102 113 1
102 116 1
102 117 -1
102 118 -1
102 119 -1
102 123 1
102 124 -1
102 127 -1
102 130 -1
103 1 -1
103 2 -1
103 4 1
103 5 -1
103 7 -1
103 8 -1
103 9 -1
103 11 1
103 14 -1
103 15 1
103 19 -1
103 21 1
103 23 1
103 24 -1
103 25 -1
103 29 1
103 30 1
103 31 -1
103 32 1
103 33 -1
103 34 -1
103 35 -1
103 37 1
103 38 -1
103 41 -1
103 43 -1
103 44 1
103 45 -1
103 47 1
103 49 -1
103 51 -1
103 52 1
103 55 1
103 59 1
103 60 -1
103 61 1
103 63 1
103 68 1
103 70 1
103 71 1
103 73 1
103 79 -1
103 81 -1
103 82 -1
103 83 -1
103 85 1
103 88 1
103 90 -1
103 91 1
103 94 -1
103 97 -1
103 99 1
103 100 1
103 107 1
103 108 1
103 110 -1
103 112 1
103 113 1
103 114 -1
103 118 1
103 119 1
103 120 1
103 122 1
103 123 -1
103 124 -1
103 125 -1
103 126 -1
103 129 -1
103 130 -1
104 3 -1
104 4 1
104 7 1
104 9 -1
104 11 1
104 13 -1
104 15 1
104 17 -1
104 18 1
104 19 -1
104 20 1
104 22 -1
104 25 -1
104 28 1
104 31 1
104 36 1
104 37 1
104 38 -1
104 40 1
104 45 -1
104 46 1
104 47 -1
104 51 1
104 52 1
104 54 -1
104 55 1
104 57 -1
104 63 -1
104 65 -1
104 67 -1
104 69 -1
104 72 1
104 73 -1
104 80 1
104 81 -1
104 87 1
104 88 -1
104 89 1
104 91 1
104 92 -1
104 93 -1
104 98 -1
104 101 1
104 103 -1
104 106 1
104 110 1
104 111 -1
104 112 -1
104 113 -1
104 114 1
104 115 1
104 116 1
104 117 1
104 118 1
104 120 -1
104 121 1
104 122 1
104 123 -1
104 126 1
104 127 1
104 128 1
105 1 1
105 2 1
105 3 1
105 4 -1
105 6 1
105 11 1
105 14 1
105 15 -1
105 20 1
105 21 -1
105 23 -1
105 24 1
105 25 -1
105 26 -1
105 30 1
105 37 1
105 39 -1
105 40 -1
105 41 -1
105 43 -1
105 46 -1
105 52 1
105 53 1
105 54 1
105 57 1
105 66 1
105 69 1
105 70 1
105 74 1
105 75 1
105 77 1
105 78 1
105 79 1
105 83 1
105 85 1
105 86 1
105 88 -1
105 90 -1
105 93 1
105 95 -1
105 100 1
105 102 1
105 103 -1
105 104 -1
105 108 1
105 109 -1
105 112 1
105 121 1
105 122 1
105 123 -1
105 124 -1
105 129 1
105 130 -1
106 1 1
106 2 -1
106 5 -1
106 6 1
106 12 -1
106 13 1
106 14 1
106 15 1
106 19 -1
106 21 -1
106 22 1
106 23 1
106 25 1
106 26 -1
106 30 -1
106 32 1
106 33 -1
106 34 -1
106 35 -1
106 36 -1
106 37 -1
106 40 1
106 42 1
106 43 1
106 44 1
106 45 -1
106 46 1
106 47 -1
106 48 -1
106 51 -1
106 52 1
106 53 1
106 54 1
106 60 1
106 66 1
106 67 -1
106 72 -1
106 74 1
106 76 1
106 77 -1
106 79 -1
106 80 -1
106 83 1
106 84 1
106 86 1
106 88 1
106 89 1
106 90 -1
106 91 1
106 96 -1
106 97 -1
106 98 1
106 102 1
106 103 -1
106 105 -1
106 109 -1
106 114 1
106 118 1
106 119 1
106 120 -1
106 121 1
106 122 -1
106 124 1
106 127 -1
106 128 -1
106 130 1
107 2 1
107 4 -1
107 5 1
107 6 1
107 8 1
107 9 -1
107 10 -1
107 11 1
107 13 1
107 14 1
107 18 1
107 20 -1
107 22 1
107 24 1
107 25 -1
107 26 1
107 28 1
107 30 1
107 31 1
107 32 1
107 38 -1
107 39 1
107 41 -1
107 43 1
107 44 -1
107 45 1
107 49 -1
107 51 1
107 52 -1
107 54 1
107 56 1
107 57 1
107 58 -1
107 59 1
107 60 -1
107 62 -1
107 67 -1
107 69 1
107 72 -1
107 77 -1
107 80 -1
107 81 1
107 82 -1
107 84 -1
107 86 1
107 88 1
107 89 -1
107 94 -1
107 96 1
107 102 -1
107 104 1
107 105 -1
107 106 1
107 109 -1
107 112 -1
107 113 -1
107 115 -1
107 117 1
107 118 -1
107 119 1
107 120 1
107 123 -1
107 127 -1
107 128 -1
107 130 1
108 1 -1
108 3 -1
108 4 1
108 5 1
108 6 -1
108 7 -1
108 8 -1
108 9 1
108 10 -1
108 11 1
108 13 1
108 16 -1
108 18 1
108 21 1
108 22 1
108 23 -1
108 25 1
108 27 1
108 29 -1
108 31 -1
108 32 1
108 35 1
108 36 -1
108 37 -1
108 39 -1
108 40 -1
108 41 -1
108 42 1
108 45 1
108 47 1
108 50 -1
108 51 1
108 52 -1
108 53 1
108 55 -1
108 57 -1
108 60 -1
108 62 1
108 63 -1
108 67 1
108 70 1
108 72 -1
108 73 1
108 74 -1
108 75 -1
108 76 -1
108 82 -1
108 83 -1
108 84 -1
108 87 -1
108 89 -1
108 93 1
108 96 -1
108 100 -1
108 101 -1
108 102 -1
108 104 1
108 106 -1
108 107 1
108 109 1
108 110 -1
108 112 -1
108 114 1
108 115 -1
108 116 -1
108 119 1
108 122 1
108 124 -1
108 126 1
108 129 1
108 130 -1
109 2 -1
109 3 -1
109 4 1
109 5 1
109 7 -1
109 8 -1
109 9 1
109 10 -1
109 13 -1
109 17 -1
109 19 -1
109 21 -1
109 22 1
109 23 1
109 24 -1
109 25 -1
109 26 1
109 28 -1
109 30 1
109 32 -1
109 33 -1
109 35 -1
109 38 -1
109 39 -1
109 40 -1
109 43 -1
109 44 -1
109 47 -1
109 50 -1
109 55 -1
109 56 -1
109 57 -1
109 61 -1
109 62 1
109 67 -1
109 68 -1
109 69 -1
109 70 1
109 71 -1
109 72 1
109 73 -1
109 76 -1
109 77 -1
109 79 -1
109 84 1
109 88 -1
109 90 -1
109 91 1
109 93 -1
109 97 -1
109 98 1
109 99 -1
109 101 1
109 102 -1
109 103 1
109 104 1
109 111 1
109 112 1
109 113 -1
109 116 1
109 117 -1
109 119 -1
109 121 1
109 123 -1
109 124 -1
109 128 1
109 129 -1
110 2 -1
110 3 1
110 4 1
110 5 -1
110 6 1
110 7 -1
110 9 1
110 10 -1
110 12 -1
110 13 1
110 14 1
110 19 -1
110 21 -1
110 22 -1
110 24 -1
110 28 1
110 29 1
110 30 1
110 32 1
110 33 1
110 35 1
110 36 1
110 40 -1
110 44 1
110 46 1
110 47 1
110 49 1
110 50 -1
110 51 -1
110 52 1
110 53 1
110 54 1
110 55 1
110 57 -1
110 61 1
110 62 1
110 63 -1
110 65 1
110 66 -1
110 68 -1
110 70 -1
110 72 -1
110 74 -1
110 75 1
110 78 1
110 84 1
110 85 1
110 89 -1
110 90 -1
110 92 1
110 94 -1
110 96 1
110 99 1
110 100 -1
110 101 1
110 105 1
110 106 1
110 107 -1
110 109 1
110 111 1
110 114 1
110 117 1
110 119 -1
110 122 1
110 123 1
110 128 -1
111 6 1
111 7 -1
111 8 -1
111 10 -1
111 11 1
111 12 1
111 13 -1
111 18 -1
111 19 -1
111 20 -1
111 21 1
111 22 1
111 23 -1
111 24 1
111 25 -1
111 26 -1
111 32 -1
111 33 1
111 35 -1
111 36 1
111 37 1
111 38 1
111 39 1
111 40 1
111 41 1
111 43 -1
111 46 -1
111 50 -1
111 51 -1
111 52 -1
111 53 -1
111 56 1
111 57 -1
111 60 -1
111 61 -1
111 63 -1
111 66 1
111 69 1
111 70 1
111 71 1
111 72 1
111 75 1
111 78 -1
111 81 -1
111 82 1
111 84 1
111 85 1
111 86 -1
111 87 -1
111 88 -1
111 90 1
111 92 1
111 98 1
111 102 1
111 103 -1
111 105 -1
111 106 1
111 107 1
111 108 -1
111 113 1
111 115 1
111 116 1
111 118 1
111 119 1
111 122 -1
111 124 1
111 130 -1
112 1 1
112 5 1
112 6 -1
112 7 1
112 8 1
112 10 -1
112 12 -1
112 18 1
112 20 -1
112 22 1
112 24 -1
112 25 1
112 27 1
112 28 -1
112 31 1
112 34 -1
112 36 1
112 38 -1
112 40 1
112 42 -1
112 43 -1
112 44 -1
112 45 -1
112 51 1
112 54 1
112 55 -1
112 56 -1
112 58 1
112 61 -1
112 63 1
112 66 1
112 72 -1
112 73 -1
112 78 -1
112 79 -1
112 80 -1
112 82 1
112 83 -1
112 86 1
112 89 -1
112 91 -1
112 93 -1
112 94 1
112 98 -1
112 99 -1
112 100 1
112 101 -1
112 102 1
112 106 1
112 110 -1
112 111 -1
112 116 1
112 118 1
112 124 1
112 125 -1
112 126 1
112 128 1
112 129 1
112 130 1
113 4 -1
113 6 1
113 10 -1
113 12 -1
113 13 1
113 15 -1
113 18 1
113 20 1
113 21 1
113 24 -1
113 25 1
113 27 -1
113 28 1
113 30 1
113 31 1
113 33 -1
113 34 1
113 35 1
113 36 1
113 38 -1
113 40 1
113 48 -1
113 49 1
113 50 -1
113 51 -1
113 52 -1
113 56 -1
113 57 1
113 58 -1
113 59 -1
113 65 1
113 66 1
113 67 -1
113 68 1
113 69 -1
113 73 1
113 74 1
113 75 -1
113 76 -1
113 77 -1
113 80 -1
113 84 -1
113 85 1
113 92 -1
113 93 -1
113 96 -1
113 97 1
113 100 -1
113 101 -1
113 105 1
113 106 -1
113 108 1
113 110 -1
113 112 -1
113 115 1
113 116 -1
113 119 1
113 120 -1
113 122 -1
113 123 1
113 124 -1
113 125 -1
113 129 -1
114 1 1
114 3 -1
114 7 -1
114 8 1
114 9 -1
114 11 -1
114 17 1
114 19 -1
114 23 1
114 26 -1
114 28 1
114 30 -1
114 35 1
114 36 -1
114 37 1
114 39 -1
114 42 -1
114 44 1
114 45 -1
114 46 1
114 48 1
114 49 1
114 51 -1
114 53 1
114 58 -1
114 59 1
114 60 1
114 62 1
114 66 -1
114 68 1
114 69 1
114 71 1
114 72 -1
114 75 -1
114 76 1
114 77 -1
114 84 1
114 85 1
114 86 -1
114 90 1
114 92 -1
114 94 -1
114 95 1
114 97 -1
114 100 1
114 102 1
114 105 1
114 107 -1
114 109 1
114 111 1
114 112 1
114 113 -1
114 117 1
114 118 -1
114 119 -1
114 120 1
114 122 1
114 124 -1
114 125 1
114 127 1
115 1 1
115 2 -1
115 3 1
115 5 1
115 6 1
115 8 1
115 9 1
115 10 1
115 14 1
115 18 -1
115 19 1
115 20 1
115 21 1
115 23 -1
115 24 -1
115 25 -1
115 26 -1
115 27 -1
115 29 -1
115 31 -1
115 37 1
115 38 -1
115 45 -1
115 46 1
115 48 1
115 49 -1
115 53 1
115 55 1
115 56 -1
115 57 1
115 63 -1
115 65 -1
115 69 1
115 72 1
115 73 -1
115 75 1
115 76 1
115 78 1
115 79 -1
115 84 -1
115 85 1
115 86 1
115 87 -1
115 88 -1
115 89 1
115 90 1
115 91 -1
115 93 -1
115 94 1
115 98 -1
115 102 -1
115 103 -1
115 105 -1
115 106 1
115 109 1
115 110 -1
115 112 -1
115 114 1
115 116 1
115 118 1
115 119 -1
115 120 -1
115 121 1
115 129 1
116 5 -1
116 10 1
116 13 -1
116 14 1
116 20 -1
116 22 1
116 24 -1
116 25 -1
116 27 -1
116 29 -1
116 31 1
116 34 1
116 35 -1
116 36 1
116 37 -1
116 38 -1
116 41 -1
116 42 -1
116 43 1
116 51 -1
116 52 -1
116 53 -1
116 55 1
116 56 -1
116 60 1
116 61 1
116 63 1
116 64 -1
116 65 -1
116 66 -1
116 68 -1
116 70 1
116 74 -1
116 76 -1
116 78 1
116 79 1
116 83 -1
116 84 -1
116 85 1
116 87 1
116 92 -1
116 95 1
116 96 -1
116 101 -1
116 103 -1
116 105 -1
116 106 1
116 107 -1
116 110 -1
116 114 -1
116 118 1
116 126 -1
116 127 1
116 128 1
116 129 1
116 130 -1
117 1 -1
117 2 1
117 3 -1
117 5 -1
117 6 1
117 7 -1
117 9 -1
117 10 1
117 11 1
117 13 1
117 17 -1
117 18 1
117 22 1
117 23 -1
117 25 1
117 26 1
117 28 1
117 32 1
117 33 1
117 34 -1
117 35 1
117 41 1
117 42 1
117 43 -1
117 45 -1
117 46 1
117 47 -1
117 51 -1
117 52 1
117 53 1
117 54 -1
117 58 1
117 60 1
117 62 -1
117 63 -1
117 64 -1
117 66 -1
117 67 1
117 69 1
117 70 1
117 71 1
117 72 -1
117 73 -1
117 77 -1
117 80 -1
117 81 -1
117 84 -1
117 87 1
117 89 -1
117 91 -1
117 92 1
117 93 1
117 97 1
117 100 -1
117 103 1
117 105 1
117 106 -1
117 108 1
117 111 1
117 112 1
117 113 1
117 115 1
117 116 -1
117 120 1
117 121 1
117 124 1
117 129 1
118 1 1
118 2 1
118 3 1
118 5 1
118 6 -1
118 8 -1
118 9 -1
118 10 1
118 14 -1
118 16 -1
118 17 1
118 19 -1
118 20 1
118 21 -1
118 23 -1
118 26 1
118 30 -1
118 31 -1
118 32 -1
118 36 -1
118 37 1
118 39 -1
118 40 -1
118 42 -1
118 45 1
118 50 -1
118 54 1
118 56 1
118 58 1
118 60 -1
118 61 1
118 65 -1
118 66 1
118 67 1
118 70 1
118 71 -1
118 77 1
118 82 -1
118 83 -1
118 84 -1
118 94 1
118 95 -1
118 96 1
118 97 1
118 98 -1
118 100 1
118 101 -1
118 105 -1
118 108 1
118 109 1
118 110 1
118 113 1
118 117 -1
118 119 -1
118 121 1
118 122 1
118 125 1
118 130 1
119 2 1
119 3 -1
119 4 -1
119 5 1
119 6 -1
119 9 1
119 13 -1
119 14 1
119 18 -1
119 19 -1
119 20 1
119 24 1
119 26 -1
119 28 1
119 30 -1
119 31 1
119 33 -1
119 34 1
119 35 -1
119 37 -1
119 39 1
119 40 -1
119 41 -1
119 44 1
119 47 -1
119 48 1
119 49 -1
119 51 -1
119 63 1
119 64 1
119 66 -1
119 67 1
119 68 -1
119 69 -1
119 71 -1
119 72 1
119 73 1
119 74 -1
119 77 1
119 78 -1
119 79 -1
119 80 -1
119 81 1
119 82 1
119 88 1
119 89 -1
119 90 -1
119 93 -1
119 94 1
119 95 1
119 97 -1
119 101 1
119 104 -1
119 105 1
119 112 1
119 116 1
119 117 1
119 123 -1
119 124 1
120 2 1
120 4 1
120 9 1
120 11 -1
120 15 -1
120 16 1
120 17 -1
120 21 1
120 26 1
120 27 -1
120 29 1
120 31 -1
120 33 1
120 35 -1
120 37 -1
120 42 1
120 43 1
120 45 1
120 50 -1
120 55 -1
120 57 1
120 58 1
120 59 -1
120 61 1
120 62 1
120 64 1
120 65 -1
120 71 -1
120 77 1
120 78 -1
120 80 -1
120 81 -1
120 82 -1
120 86 1
120 87 1
120 88 -1
120 89 1
120 90 -1
120 93 -1
120 94 -1
120 95 1
120 96 1
120 98 1
120 99 -1
120 100 -1
120 101 -1
120 102 1
120 105 1
120 108 1
120 109 1
120 110 -1
120 111 -1
120 112 1
120 116 1
120 118 -1
120 119 -1
120 121 -1
120 122 -1
120 125 1
120 129 -1
120 130 -1
121 2 1
121 3 1
121 4 1
121 6 -1
121 7 1
121 8 1
121 11 1
121 14 -1
121 15 1
121 16 -1
121 17 1
121 18 1
121 19 -1
121 24 1
121 29 -1
121 30 1
121 33 1
121 37 1
121 38 1
121 39 1
121 41 -1
121 42 -1
121 43 1
121 44 -1
121 46 1
121 49 1
121 50 1
121 53 -1
121 54 1
121 57 1
121 60 1
121 61 -1
121 63 -1
121 66 1
121 68 1
121 69 1
121 70 1
121 71 1
121 72 -1
121 74 1
121 75 1
121 77 1
121 78 1
121 81 1
121 82 -1
121 88 1
121 91 -1
121 92 1
121 94 1
121 100 -1
121 102 -1
121 103 1
121 107 -1
121 108 -1
121 110 -1
121 111 1
121 112 1
121 113 1
121 114 1
121 116 1
121 119 1
121 123 1
121 124 -1
121 127 1
121 128 -1
121 129 1
122 1 1
122 3 -1
122 4 -1
122 6 -1
122 7 -1
122 8 -1
122 12 1
122 13 1
122 14 1
122 15 1
122 17 1
122 18 -1
122 19 1
122 22 -1
122 23 -1
122 25 -1
122 27 -1
122 28 -1
122 29 -1
122 30 -1
122 33 1
122 34 1
122 35 -1
122 37 -1
122 45 1
122 47 -1
122 48 1
122 51 -1
122 52 1
122 57 1
122 59 1
122 60 1
122 63 -1
122 64 -1
122 65 -1
122 72 1
122 76 -1
122 81 1
122 82 -1
122 85 1
122 86 -1
122 87 1
122 88 -1
122 89 -1
122 91 -1
122 92 -1
122 93 1
122 97 1
122 100 -1
122 102 1
122 107 -1
122 109 1
122 112 -1
122 115 1
122 116 -1
122 117 1
122 119 1
122 121 -1
122 124 -1
122 127 1
122 128 -1
123 5 -1
123 6 -1
123 8 -1
123 9 -1
123 12 1
123 18 -1
123 19 1
123 24 -1
123 25 1
123 26 1
123 31 -1
123 37 1
123 38 1
123 41 1
123 42 -1
123 48 1
123 50 -1
123 51 -1
123 57 1
123 59 1
123 60 -1
123 64 -1
123 65 1
123 67 1
123 68 1
123 72 1
123 76 1
123 78 -1
123 80 -1
123 81 -1
123 85 -1
123 86 1
123 89 1
123 90 -1
123 96 1
123 98 -1
123 100 -1
123 106 1
123 108 -1
123 111 1
123 112 1
123 114 -1
123 115 -1
123 116 1
123 117 1
123 118 -1
123 120 -1
123 122 -1
123 125 -1
123 127 1
123 129 -1
123 130 1
124 2 1
124 7 -1
124 9 1
124 10 -1
124 11 -1
124 12 1
124 15 -1
124 18 1
124 19 1
124 21 -1
124 22 1
124 24 -1
124 25 1
124 26 -1
124 28 -1
124 34 1
124 38 -1
124 39 1
124 40 -1
124 42 1
124 43 1
124 45 1
124 47 -1
124 52 -1
124 53 -1
124 55 -1
124 57 1
124 58 1
124 59 -1
124 60 1
124 64 1
124 67 1
124 68 -1
124 69 -1
124 71 1
124 74 -1
124 76 -1
124 77 -1
124 80 1
124 81 1
124 82 1
124 85 1
124 86 -1
124 90 -1
124 93 -1
124 95 1
124 97 1
124 98 1
124 104 -1
124 107 1
124 110 -1
124 115 1
124 116 1
124 118 1
124 120 -1
124 123 -1
124 125 1
124 130 1
125 6 -1
125 7 -1
125 8 -1
125 9 1
125 10 -1
125 14 -1
125 15 -1
125 17 -1
125 18 -1
125 19 1
125 25 -1
125 27 1
125 28 1
125 29 1
125 30 1
125 32 1
125 36 1
125 38 -1
125 39 -1
125 41 -1
125 45 -1
125 46 1
125 48 -1
125 50 1
125 51 1
125 53 -1
125 55 -1
125 56 1
125 57 1
125 59 -1
125 62 -1
125 64 -1
125 65 1
125 72 1
125 79 1
125 81 -1
125 83 1
125 86 -1
125 89 -1
125 90 1
125 91 -1
125 97 -1
125 98 1
125 102 -1
125 104 1
125 105 1
125 106 -1
125 107 -1
125 108 1
125 109 -1
125 110 1
125 111 -1
125 115 -1
125 116 1
125 117 -1
125 119 1
125 121 1
125 122 1
125 126 1
125 127 -1
125 128 1
126 2 -1
126 3 1
126 4 1
126 7 1
126 8 1
126 10 1
126 11 -1
126 12 1
126 14 1
126 19 1
126 20 -1
126 23 -1
126 25 -1
126 26 -1
126 27 1
126 28 1
126 30 -1
126 31 1
126 33 1
126 34 1
126 36 -1
126 37 -1
126 41 1
126 42 1
126 43 -1
126 44 -1
126 45 -1
126 48 -1
126 49 -1
126 50 1
126 51 1
126 52 1
126 57 1
126 59 1
126 60 -1
126 61 1
126 65 1
126 67 -1
126 68 -1
126 69 1
126 71 1
126 76 -1
126 78 -1
126 82 1
126 83 1
126 85 -1
126 87 1
126 88 -1
126 90 -1
126 91 1
126 92 1
126 93 -1
126 95 -1
126 98 1
126 99 -1
126 100 -1
126 102 -1
126 105 1
126 106 1
126 107 -1
126 109 -1
126 110 -1
126 111 1
126 113 1
126 114 -1
126 115 -1
126 117 -1
126 118 1
126 119 1
126 120 1
126 121 -1
126 122 -1
126 123 -1
126 124 -1
126 128 -1
127 2 1
127 4 1
127 5 1
127 7 -1
127 9 -1
127 10 1
127 11 1
127 14 -1
127 15 1
127 16 -1
127 17 1
127 18 -1
127 20 1
127 23 1
127 25 1
127 26 1
127 28 1
127 31 1
127 34 -1
127 35 -1
127 47 1
127 48 1
127 50 1
127 52 -1
127 53 -1
127 56 1
127 58 -1
127 59 -1
127 61 1
127 63 -1
127 69 1
127 70 -1
127 71 1
127 74 -1
127 76 1
127 77 1
127 80 1
127 83 1
127 85 -1
127 86 -1
127 88 1
127 89 -1
127 91 -1
127 92 1
127 94 1
127 96 -1
127 97 -1
127 98 1
127 100 1
127 101 1
127 103 1
127 105 1
127 108 1
127 109 1
127 110 -1
127 111 -1
127 112 1
127 113 1
127 115 1
127 117 -1
127 118 -1
127 119 -1
127 120 1
127 124 -1
127 126 1
127 128 1
127 130 1
128 2 1
128 5 1
128 8 -1
128 10 -1
128 16 1
128 17 1
128 18 -1
128 20 1
128 21 -1
128 23 1
128 27 1
128 28 1
128 29 1
128 31 -1
128 33 1
128 34 1
128 35 1
128 36 1
128 38 1
128 39 -1
128 42 1
128 44 -1
128 48 -1
128 49 -1
128 50 -1
128 51 -1
128 52 1
128 58 -1
128 65 1
128 66 -1
128 71 -1
128 75 1
128 76 1
128 78 1
128 80 -1
128 81 1
128 83 -1
128 86 1
128 88 -1
128 89 -1
128 90 -1
128 91 1
128 92 -1
128 93 -1
128 95 1
128 97 1
128 100 1
128 102 -1
128 103 -1
128 105 -1
128 108 1
128 111 -1
128 113 1
128 114 1
128 115 1
128 117 -1
128 118 -1
128 119 -1
128 120 -1
128 123 -1
128 124 -1
129 5 1
129 7 -1
129 10 -1
129 14 1
129 17 1
129 19 -1
129 24 1
129 28 -1
129 29 1
129 30 -1
129 32 -1
129 35 1
129 37 1
129 38 -1
129 40 1
129 42 -1
129 49 1
129 50 -1
129 51 1
129 54 -1
129 58 1
129 59 1
129 61 1
129 63 1
129 64 1
129 65 -1
129 67 -1
129 69 1
129 70 1
129 73 1
129 74 1
129 77 -1
129 79 1
129 80 -1
129 81 1
129 82 -1
129 85 -1
129 86 -1
129 88 -1
129 89 1
129 90 -1
129 91 1
129 92 1
129 93 1
129 94 -1
129 95 1
129 97 -1
129 98 1
129 99 1
129 101 1
129 102 -1
129 104 1
129 106 -1
129 107 1
129 110 1
129 111 -1
129 114 -1
129 118 -1
129 119 1
129 122 1
129 124 -1
129 125 -1
129 126 -1
129 127 -1
129 128 -1
130 3 -1
130 4 -1
130 5 1
130 6 1
130 9 1
130 10 -1
130 11 -1
130 14 1
130 19 -1
130 20 -1
130 21 -1
130 23 -1
130 24 -1
130 25 1
130 26 1
130 28 1
130 29 -1
130 30 -1
130 31 -1
130 33 1
130 35 -1
130 40 1
130 42 -1
130 43 -1
130 44 1
130 49 1
130 50 1
130 51 1
130 53 1
130 59 1
130 60 1
130 61 -1
130 62 -1
130 66 -1
130 67 -1
130 68 1
130 69 1
130 71 1
130 72 -1
130 73 1
130 75 -1
130 76 1
130 83 -1
130 84 -1
130 85 1
130 87 1
130 88 1
130 89 1
130 92 1
130 93 1
130 95 1
130 97 -1
130 99 1
130 100 -1
130 104 1
130 109 1
130 110 1
130 113 -1
130 114 1
130 115 -1
130 117 -1
130 119 -1
130 121 1
130 122 -1
130 125 1
130 126 -1
130 128 -1
130 129 -1
