vertices: 130 edges: 8385
1 2 -1
1 3 -1
1 4 1
1 9 -1
1 11 1
1 15 -1
1 16 1
1 19 -1
1 20 -1
1 25 -1
1 26 1
1 28 -1
1 29 -1
1 30 1
1 31 -1
1 34 -1
1 35 1
1 37 -1
1 39 -1
1 42 -1
1 44 -1
1 48 -1
1 49 1
1 50 1
1 51 -1
1 53 1
1 56 -1
1 57 1
1 60 -1
1 62 -1
1 63 -1
1 64 -1
1 65 -1
1 66 -1
1 68 1
1 71 -1
1 74 -1
1 76 -1
1 77 -1
1 81 -1
1 82 1
1 88 -1
1 89 -1
1 91 -1
1 96 -1
1 99 -1
1 101 -1
1 103 1
1 104 -1
1 108 -1
1 109 -1
1 110 1
1 113 1
1 119 -1
1 121 1
1 124 -1
1 125 -1
1 126 1
1 127 -1
1 128 -1
1 130 -1
2 4 -1
2 5 -1
2 9 -1
2 11 -1
2 12 -1
2 15 1
2 17 -1
2 18 -1
2 24 -1
2 26 1
2 28 1
2 30 -1
2 31 -1
2 32 -1
2 34 -1
2 35 -1
2 36 -1
2 38 -1
2 39 1
2 40 -1
2 45 -1
2 49 -1
2 51 1
2 52 -1
2 55 -1
2 56 -1
2 59 -1
2 61 -1
2 63 -1
2 64 -1
2 66 -1
2 67 -1
2 69 -1
2 70 -1
2 71 -1
2 72 -1
2 73 -1
2 75 -1
2 79 -1
2 81 -1
2 82 -1
2 85 -1
2 87 -1
2 88 1
2 90 -1
2 91 -1
2 92 -1
2 94 -1
2 95 -1
2 96 -1
2 97 -1
2 98 -1
2 103 -1
2 105 -1
2 107 -1
2 108 -1
2 109 1
2 110 -1
2 111 -1
2 112 -1
2 115 -1
2 118 -1
2 121 1
2 125 1
3 2 -1
3 4 -1
3 7 -1
3 8 -1
3 9 -1
3 10 -1
3 11 -1
3 12 -1
3 15 -1
3 16 -1
3 18 1
3 22 -1
3 23 -1
3 24 -1
3 26 -1
3 28 -1
3 33 -1
3 34 -1
3 40 -1
3 42 -1
3 43 1
3 45 -1
3 46 -1
3 49 -1
3 51 -1
3 53 -1
3 54 1
3 55 -1
3 57 1
3 61 -1
3 62 -1
3 65 -1
3 67 -1
3 69 -1
3 71 -1
3 72 -1
3 74 -1
3 76 -1
3 77 -1
3 79 -1
3 80 -1
3 83 1
3 86 -1
3 88 -1
3 89 -1
3 90 -1
3 91 -1
3 94 -1
3 95 -1
3 102 -1
3 103 1
3 104 -1
3 106 -1
3 107 -1
3 109 -1
3 110 -1
3 116 -1
3 120 -1
3 121 -1
3 122 -1
3 127 -1
3 128 -1
3 129 -1
4 6 -1
4 9 1
4 12 -1
4 14 -1
4 15 -1
4 16 1
4 17 -1
4 20 -1
4 21 1
4 25 1
4 27 -1
4 28 -1
4 30 1
4 34 -1
4 48 -1
4 49 -1
4 51 -1
4 53 -1
4 56 -1
4 59 1
4 60 -1
4 61 -1
4 62 -1
4 68 -1
4 69 1
4 70 -1
4 71 -1
4 72 -1
4 73 -1
4 74 -1
4 78 -1
4 79 -1
4 81 -1
4 82 -1
4 84 -1
4 90 -1
4 91 -1
4 94 -1
4 95 -1
4 96 -1
4 101 -1
4 104 -1
4 105 -1
4 106 -1
4 111 -1
4 113 1
4 114 -1
4 116 -1
4 117 -1
4 122 -1
4 123 1
4 124 -1
4 128 -1
5 1 -1
5 3 -1
5 4 -1
5 9 -1
5 12 -1
5 14 1
5 15 -1
5 16 -1
5 17 -1
5 20 1
5 23 -1
5 32 1
5 33 -1
5 35 -1
5 38 -1
5 39 -1
5 42 -1
5 44 -1
5 47 -1
5 48 -1
5 49 -1
5 50 -1
5 51 -1
5 52 -1
5 53 1
5 54 -1
5 55 1
5 58 -1
5 59 -1
5 60 -1
5 63 -1
5 65 -1
5 66 -1
5 70 1
5 71 -1
5 75 1
5 78 -1
5 79 -1
5 86 1
5 87 -1
5 88 -1
5 89 -1
5 94 -1
5 97 -1
5 99 1
5 100 1
5 102 -1
5 103 -1
5 104 -1
5 107 -1
5 108 -1
5 111 -1
5 112 -1
5 114 -1
5 117 -1
5 121 -1
5 125 -1
5 127 1
5 129 1
5 130 -1
6 1 -1
6 2 -1
6 3 1
6 5 -1
6 8 -1
6 9 -1
6 12 1
6 13 1
6 14 1
6 20 -1
6 21 -1
6 22 -1
6 23 -1
6 24 -1
6 25 1
6 29 -1
6 30 -1
6 31 -1
6 32 1
6 33 1
6 34 1
6 36 1
6 37 -1
6 39 1
6 40 -1
6 45 -1
6 46 1
6 47 -1
6 48 -1
6 49 -1
6 50 -1
6 54 1
6 55 -1
6 56 -1
6 59 -1
6 60 -1
6 68 -1
6 69 -1
6 75 -1
6 77 -1
6 78 -1
6 83 -1
6 86 -1
6 87 -1
6 88 -1
6 89 -1
6 90 -1
6 93 -1
6 95 -1
6 101 -1
6 104 -1
6 106 -1
6 107 -1
6 108 -1
6 110 1
6 111 -1
6 112 -1
6 113 -1
6 114 -1
6 117 -1
6 119 -1
6 120 1
6 121 -1
6 122 -1
6 126 1
6 127 -1
6 128 1
6 129 -1
7 1 1
7 2 -1
7 4 -1
7 5 -1
7 6 -1
7 9 -1
7 10 -1
7 11 -1
7 15 1
7 17 -1
7 24 -1
7 26 1
7 29 -1
7 31 1
7 32 -1
7 33 -1
7 36 -1
7 40 1
7 42 -1
7 44 1
7 45 -1
7 47 -1
7 54 -1
7 55 -1
7 57 -1
7 58 -1
7 59 1
7 61 1
7 62 -1
7 64 -1
7 66 -1
7 67 -1
7 68 -1
7 69 -1
7 71 -1
7 72 -1
7 78 -1
7 82 -1
7 83 1
7 86 -1
7 88 -1
7 89 -1
7 92 1
7 94 -1
7 95 -1
7 96 -1
7 98 1
7 99 1
7 102 -1
7 104 1
7 106 -1
7 107 1
7 111 1
7 112 -1
7 113 -1
7 114 -1
7 116 -1
7 118 1
7 119 -1
7 123 -1
7 124 -1
7 125 -1
7 126 -1
7 129 -1
7 130 1
8 1 -1
8 2 1
8 4 -1
8 5 -1
8 7 -1
8 9 -1
8 10 -1
8 14 -1
8 15 -1
8 17 1
8 18 -1
8 19 1
8 20 -1
8 24 1
8 25 -1
8 27 -1
8 29 -1
8 32 -1
8 34 -1
8 35 -1
8 36 -1
8 39 -1
8 43 -1
8 44 -1
8 45 -1
8 47 -1
8 48 -1
8 52 -1
8 55 -1
8 56 1
8 57 1
8 59 -1
8 60 -1
8 61 -1
8 63 -1
8 64 -1
8 65 -1
8 67 -1
8 69 1
8 70 -1
8 71 1
8 77 1
8 78 1
8 79 1
8 81 1
8 83 -1
8 87 1
8 91 -1
8 93 -1
8 94 -1
8 95 -1
8 97 -1
8 103 1
8 105 -1
8 106 1
8 110 1
8 111 -1
8 113 1
8 115 -1
8 117 -1
8 119 -1
8 120 -1
8 121 -1
8 122 1
8 123 -1
8 125 -1
8 126 -1
8 128 -1
8 129 -1
9 10 -1
9 11 -1
9 12 -1
9 14 -1
9 15 1
9 24 -1
9 28 -1
9 30 1
9 32 -1
9 33 1
9 35 -1
9 37 -1
9 38 1
9 40 -1
9 42 -1
9 43 1
9 45 1
9 47 -1
9 50 -1
9 51 -1
9 53 -1
9 54 -1
9 56 -1
9 58 1
9 62 -1
9 67 1
9 71 1
9 76 -1
9 79 -1
9 80 1
9 85 -1
9 86 -1
9 88 1
9 90 -1
9 92 -1
9 94 -1
9 95 -1
9 97 1
9 99 -1
9 104 -1
9 105 -1
9 106 -1
9 107 -1
9 114 1
9 116 -1
9 118 -1
9 119 -1
9 120 -1
9 123 -1
9 125 -1
9 126 -1
9 127 1
9 130 -1
10 1 -1
10 2 1
10 4 1
10 5 -1
10 6 1
10 12 -1
10 15 1
10 16 -1
10 18 -1
10 21 -1
10 24 -1
10 26 1
10 27 -1
10 30 -1
10 34 -1
10 35 1
10 36 -1
10 37 -1
10 38 -1
10 41 -1
10 44 -1
10 48 -1
10 50 -1
10 51 -1
10 52 1
10 55 -1
10 56 1
10 57 -1
10 59 -1
10 60 -1
10 65 -1
10 68 -1
10 70 -1
10 71 1
10 73 -1
10 74 -1
10 78 -1
10 81 -1
10 83 1
10 84 -1
10 85 -1
10 88 1
10 89 -1
10 91 -1
10 96 1
10 98 -1
10 99 -1
10 102 1
10 103 1
10 104 -1
10 106 1
10 108 -1
10 111 -1
10 113 -1
10 115 -1
10 116 -1
10 118 1
10 120 -1
10 122 -1
10 123 -1
10 125 -1
10 127 -1
10 129 -1
11 4 -1
11 5 1
11 6 -1
11 8 -1
11 10 -1
11 12 -1
11 13 1
11 14 -1
11 15 1
11 16 -1
11 17 -1
11 19 -1
11 21 -1
11 23 -1
11 25 -1
11 26 -1
11 27 -1
11 30 -1
11 31 -1
11 35 -1
11 38 -1
11 39 1
11 41 -1
11 44 -1
11 47 1
11 52 -1
11 54 -1
11 55 -1
11 56 -1
11 57 -1
11 61 -1
11 64 -1
11 65 1
11 70 -1
11 71 -1
11 72 1
11 74 -1
11 77 -1
11 79 -1
11 80 -1
11 82 -1
11 83 -1
11 84 -1
11 88 -1
11 89 -1
11 95 -1
11 97 -1
11 98 -1
11 101 -1
11 103 -1
11 109 1
11 114 -1
11 116 -1
11 118 1
11 123 1
11 124 -1
11 125 -1
11 126 -1
12 1 -1
12 7 -1
12 8 -1
12 14 -1
12 17 1
12 23 -1
12 28 -1
12 32 -1
12 35 -1
12 36 -1
12 37 -1
12 38 -1
12 39 -1
12 40 -1
12 41 -1
12 42 1
12 43 -1
12 46 -1
12 47 1
12 48 -1
12 50 1
12 51 -1
12 54 -1
12 57 -1
12 58 -1
12 59 1
12 60 -1
12 61 1
12 62 1
12 63 -1
12 64 1
12 66 -1
12 68 -1
12 72 -1
12 73 -1
12 74 1
12 77 -1
12 82 -1
12 84 -1
12 85 -1
12 88 -1
12 89 1
12 94 -1
12 95 -1
12 98 -1
12 99 1
12 100 -1
12 102 -1
12 104 1
12 107 -1
12 108 1
12 109 -1
12 112 -1
12 114 -1
12 117 -1
12 119 -1
12 121 -1
12 122 -1
12 125 -1
13 1 1
13 2 -1
13 3 -1
13 4 -1
13 5 -1
13 7 -1
13 8 -1
13 9 -1
13 10 1
13 12 -1
13 14 -1
13 16 1
13 19 -1
13 20 -1
13 23 -1
13 26 -1
13 27 -1
13 28 1
13 31 -1
13 36 -1
13 38 -1
13 39 -1
13 40 -1
13 42 -1
13 43 -1
13 44 1
13 46 1
13 49 -1
13 50 -1
13 53 -1
13 54 -1
13 55 -1
13 56 -1
13 58 -1
13 60 -1
13 63 -1
13 66 1
13 69 -1
13 70 1
13 71 -1
13 72 -1
13 74 -1
13 77 -1
13 78 -1
13 79 -1
13 81 -1
13 82 -1
13 83 1
13 85 1
13 87 1
13 90 -1
13 91 -1
13 94 -1
13 97 -1
13 99 -1
13 100 -1
13 101 -1
13 105 -1
13 108 -1
13 112 1
13 114 -1
13 117 1
13 121 1
13 122 -1
13 128 -1
13 130 -1
14 1 -1
14 2 -1
14 3 -1
14 7 -1
14 10 1
14 15 -1
14 20 -1
14 22 -1
14 23 -1
14 24 -1
14 25 -1
14 27 -1
14 28 1
14 31 -1
14 32 -1
14 35 -1
14 36 -1
14 39 -1
14 41 1
14 47 -1
14 48 -1
14 50 1
14 52 -1
14 54 -1
14 60 1
14 61 1
14 63 -1
14 64 -1
14 65 -1
14 68 -1
14 70 -1
14 71 1
14 72 -1
14 73 1
14 74 -1
14 77 -1
14 79 1
14 83 -1
14 84 1
14 86 -1
14 88 -1
14 89 -1
14 90 -1
14 92 -1
14 93 -1
14 95 -1
14 96 -1
14 98 -1
14 99 1
14 100 -1
14 102 1
14 106 -1
14 107 -1
14 108 -1
14 109 1
14 111 -1
14 112 1
14 113 -1
14 115 -1
14 117 1
14 118 1
14 119 -1
14 121 -1
14 122 -1
14 124 -1
14 125 -1
14 126 -1
14 128 -1
14 129 -1
15 6 -1
15 12 -1
15 13 1
15 16 -1
15 20 -1
15 22 -1
15 25 1
15 26 -1
15 29 -1
15 30 -1
15 32 -1
15 33 -1
15 35 -1
15 36 -1
15 39 -1
15 40 -1
15 41 -1
15 42 -1
15 43 -1
15 44 -1
15 47 -1
15 48 1
15 49 -1
15 52 -1
15 55 1
15 59 -1
15 60 -1
15 62 -1
15 63 1
15 64 -1
15 66 -1
15 68 1
15 69 -1
15 70 -1
15 75 1
15 76 1
15 77 -1
15 78 -1
15 82 -1
15 84 -1
15 86 -1
15 88 -1
15 90 -1
15 91 -1
15 92 -1
15 94 1
15 95 -1
15 98 -1
15 101 1
15 103 -1
15 104 -1
15 105 -1
15 106 -1
15 107 -1
15 109 -1
15 113 -1
15 114 1
15 115 -1
15 118 -1
15 119 1
15 120 -1
15 121 -1
15 125 1
15 126 -1
15 128 -1
15 130 -1
16 2 1
16 6 -1
16 7 1
16 8 -1
16 9 -1
16 12 -1
16 14 -1
16 21 -1
16 23 -1
16 24 1
16 25 -1
16 26 -1
16 27 1
16 28 -1
16 29 -1
16 30 1
16 31 1
16 33 -1
16 34 -1
16 36 -1
16 38 1
16 39 -1
16 40 -1
16 43 -1
16 44 -1
16 45 -1
16 47 -1
16 48 -1
16 49 1
16 52 -1
16 53 -1
16 57 -1
16 58 1
16 64 -1
16 65 1
16 67 -1
16 71 -1
16 73 1
16 75 -1
16 76 -1
16 79 -1
16 80 -1
16 81 -1
16 82 -1
16 85 -1
16 90 -1
16 91 -1
16 92 -1
16 93 -1
16 98 -1
16 100 1
16 101 -1
16 103 -1
16 104 -1
16 109 -1
16 110 1
16 111 -1
16 112 -1
16 114 -1
16 116 -1
16 118 -1
16 120 -1
16 123 -1
16 126 1
16 128 -1
16 129 -1
17 1 -1
17 3 1
17 6 -1
17 9 -1
17 10 -1
17 13 -1
17 14 1
17 15 -1
17 16 -1
17 18 -1
17 19 -1
17 20 -1
17 21 -1
17 23 1
17 24 -1
17 25 -1
17 27 1
17 30 1
17 32 -1
17 35 -1
17 36 -1
17 39 -1
17 42 -1
17 43 -1
17 44 -1
17 45 1
17 47 1
17 48 -1
17 49 -1
17 51 -1
17 52 -1
17 55 1
17 57 -1
17 58 -1
17 59 -1
17 60 -1
17 61 1
17 62 1
17 63 -1
17 67 1
17 68 -1
17 72 -1
17 76 -1
17 77 -1
17 81 -1
17 83 -1
17 84 -1
17 85 1
17 86 -1
17 88 1
17 89 -1
17 91 -1
17 93 -1
17 94 -1
17 95 -1
17 97 -1
17 105 -1
17 106 1
17 110 -1
17 114 -1
17 115 -1
17 116 -1
17 117 -1
17 118 -1
17 119 -1
17 121 1
17 127 -1
18 1 -1
18 4 -1
18 5 -1
18 6 -1
18 7 -1
18 9 1
18 11 -1
18 12 -1
18 13 -1
18 14 -1
18 15 -1
18 16 -1
18 19 -1
18 20 -1
18 21 1
18 23 -1
18 24 -1
18 25 -1
18 27 -1
18 30 -1
18 31 -1
18 34 -1
18 35 -1
18 36 -1
18 40 -1
18 42 -1
18 44 1
18 47 -1
18 49 -1
18 52 -1
18 60 -1
18 62 -1
18 63 -1
18 64 -1
18 67 -1
18 68 -1
18 71 1
18 73 -1
18 75 -1
18 76 1
18 78 -1
18 79 -1
18 80 -1
18 81 -1
18 83 1
18 85 -1
18 87 -1
18 91 -1
18 94 -1
18 95 -1
18 97 -1
18 98 -1
18 99 -1
18 102 -1
18 105 -1
18 110 -1
18 111 -1
18 112 -1
18 115 1
18 117 -1
18 118 -1
18 119 -1
18 121 -1
18 123 -1
18 126 -1
18 127 -1
18 128 -1
19 2 -1
19 3 -1
19 4 -1
19 5 -1
19 6 -1
19 7 -1
19 9 -1
19 10 -1
19 12 -1
19 14 -1
19 15 -1
19 16 -1
19 21 -1
19 24 -1
19 29 -1
19 30 -1
19 32 -1
19 33 -1
19 37 -1
19 38 -1
19 40 -1
19 41 -1
19 47 1
19 49 -1
19 50 -1
19 53 -1
19 54 1
19 56 -1
19 58 1
19 59 -1
19 60 -1
19 61 1
19 63 -1
19 64 -1
19 65 -1
19 66 -1
19 67 -1
19 69 1
19 72 -1
19 79 -1
19 87 1
19 92 -1
19 93 -1
19 95 -1
19 96 -1
19 97 -1
19 98 -1
19 99 -1
19 100 1
19 101 -1
19 102 -1
19 103 1
19 104 1
19 107 -1
19 108 -1
19 111 1
19 114 1
19 120 -1
19 122 -1
19 123 -1
19 125 -1
19 128 -1
19 130 -1
20 2 1
20 3 -1
20 7 1
20 9 -1
20 10 -1
20 11 -1
20 12 -1
20 16 -1
20 19 1
20 21 1
20 23 1
20 24 -1
20 25 1
20 26 -1
20 27 1
20 32 -1
20 35 -1
20 36 -1
20 37 -1
20 38 -1
20 39 -1
20 40 -1
20 41 -1
20 42 1
20 43 1
20 46 -1
20 47 -1
20 48 -1
20 49 -1
20 52 -1
20 54 -1
20 55 -1
20 56 -1
20 57 -1
20 60 -1
20 62 -1
20 64 -1
20 65 -1
20 66 -1
20 68 -1
20 69 -1
20 70 -1
20 71 1
20 73 -1
20 75 -1
20 77 1
20 78 -1
20 84 -1
20 86 -1
20 88 -1
20 89 -1
20 93 -1
20 98 -1
20 99 -1
20 101 -1
20 102 -1
20 105 -1
20 107 -1
20 108 -1
20 110 1
20 116 1
20 118 1
20 120 -1
20 121 -1
20 122 -1
20 124 -1
20 128 -1
20 129 1
21 1 -1
21 2 -1
21 3 -1
21 5 -1
21 7 -1
21 8 -1
21 9 1
21 12 -1
21 13 -1
21 14 -1
21 15 -1
21 22 -1
21 23 1
21 25 -1
21 26 -1
21 27 -1
21 30 -1
21 32 -1
21 34 -1
21 37 1
21 39 -1
21 41 -1
21 44 -1
21 47 -1
21 49 -1
21 50 -1
21 51 -1
21 52 -1
21 53 -1
21 54 -1
21 55 -1
21 56 -1
21 57 -1
21 58 -1
21 59 -1
21 64 -1
21 65 1
21 66 -1
21 68 -1
21 70 -1
21 75 -1
21 80 -1
21 81 -1
21 85 -1
21 87 -1
21 89 1
21 92 -1
21 93 -1
21 97 -1
21 100 -1
21 101 1
21 102 1
21 103 1
21 110 -1
21 113 -1
21 114 -1
21 120 1
21 121 -1
21 122 -1
21 123 -1
21 125 -1
21 128 1
21 129 -1
21 130 -1
22 1 -1
22 2 -1
22 4 -1
22 5 -1
22 7 -1
22 8 1
22 9 -1
22 10 -1
22 11 1
22 12 1
22 13 -1
22 16 -1
22 17 -1
22 18 -1
22 19 1
22 20 -1
22 24 -1
22 25 -1
22 26 -1
22 27 -1
22 28 -1
22 31 -1
22 35 -1
22 36 -1
22 38 -1
22 41 -1
22 43 -1
22 44 -1
22 46 -1
22 47 1
22 50 -1
22 51 -1
22 52 1
22 54 -1
22 58 -1
22 59 -1
22 60 -1
22 61 1
22 62 -1
22 63 -1
22 65 -1
22 70 -1
22 73 -1
22 78 -1
22 79 -1
22 80 -1
22 84 -1
22 85 1
22 87 -1
22 88 -1
22 89 -1
22 91 -1
22 94 -1
22 95 -1
22 97 -1
22 100 -1
22 104 -1
22 106 -1
22 108 -1
22 109 -1
22 110 -1
22 111 -1
22 112 -1
22 113 -1
22 114 -1
22 115 -1
22 118 1
22 119 -1
22 121 -1
22 124 -1
22 125 -1
22 127 -1
22 129 1
22 130 -1
23 1 -1
23 2 -1
23 4 -1
23 7 -1
23 8 -1
23 9 -1
23 10 1
23 15 1
23 19 1
23 22 1
23 24 -1
23 28 1
23 34 -1
23 36 -1
23 38 1
23 40 -1
23 45 1
23 46 1
23 48 1
23 49 -1
23 50 -1
23 54 -1
23 55 -1
23 57 -1
23 58 -1
23 59 -1
23 60 -1
23 67 -1
23 70 -1
23 71 -1
23 73 -1
23 75 -1
23 77 -1
23 79 -1
23 80 1
23 83 -1
23 84 -1
23 87 1
23 90 -1
23 91 -1
23 94 -1
23 99 1
23 103 -1
23 104 -1
23 105 1
23 108 -1
23 111 1
23 114 -1
23 115 -1
23 120 -1
23 121 -1
23 122 -1
23 124 -1
23 125 -1
23 126 -1
23 128 -1
24 1 -1
24 4 1
24 5 -1
24 11 -1
24 12 -1
24 13 -1
24 15 -1
24 21 -1
24 25 -1
24 26 -1
24 27 1
24 29 -1
24 31 -1
24 32 -1
24 35 -1
24 37 -1
24 38 -1
24 39 1
24 40 1
24 41 -1
24 42 1
24 44 -1
24 45 -1
24 47 -1
24 49 -1
24 53 -1
24 54 -1
24 55 -1
24 56 -1
24 57 -1
24 58 -1
24 61 -1
24 62 1
24 65 -1
24 67 -1
24 70 -1
24 71 1
24 75 -1
24 76 1
24 78 -1
24 79 -1
24 80 -1
24 86 -1
24 88 -1
24 90 -1
24 91 -1
24 92 1
24 93 -1
24 94 -1
24 96 1
24 99 -1
24 100 -1
24 103 -1
24 105 -1
24 106 -1
24 109 -1
24 110 -1
24 114 -1
24 115 -1
24 118 -1
24 123 -1
24 124 -1
24 125 1
24 129 -1
25 2 -1
25 3 1
25 5 -1
25 7 -1
25 9 -1
25 10 -1
25 12 1
25 13 1
25 19 1
25 23 -1
25 28 -1
25 31 -1
25 35 -1
25 36 -1
25 38 -1
25 39 -1
25 41 1
25 42 -1
25 44 -1
25 46 -1
25 47 -1
25 50 -1
25 51 -1
25 53 1
25 54 -1
25 56 -1
25 63 -1
25 67 -1
25 68 -1
25 69 -1
25 70 -1
25 71 -1
25 73 -1
25 75 -1
25 77 -1
25 78 -1
25 80 1
25 82 -1
25 83 -1
25 85 -1
25 91 -1
25 92 -1
25 93 -1
25 95 -1
25 96 1
25 97 -1
25 98 -1
25 99 -1
25 101 -1
25 102 -1
25 103 -1
25 105 -1
25 106 -1
25 109 -1
25 110 -1
25 112 -1
25 114 -1
25 115 -1
25 116 -1
25 117 1
25 120 1
25 121 -1
25 122 1
25 123 -1
25 125 -1
25 127 1
25 130 -1
26 4 -1
26 5 -1
26 6 -1
26 8 -1
26 9 -1
26 12 -1
26 14 1
26 17 -1
26 18 -1
26 19 -1
26 23 -1
26 25 -1
26 27 -1
26 29 -1
26 30 1
26 34 -1
26 42 -1
26 46 1
26 49 1
26 53 1
26 54 -1
26 57 -1
26 63 -1
26 64 -1
26 65 -1
26 70 1
26 71 -1
26 75 -1
26 76 -1
26 77 -1
26 79 -1
26 80 -1
26 82 -1
26 83 1
26 84 -1
26 88 -1
26 92 -1
26 96 -1
26 98 -1
26 99 1
26 105 -1
26 106 -1
26 107 -1
26 109 -1
26 111 -1
26 112 -1
26 115 -1
26 117 -1
26 118 -1
26 120 1
26 122 -1
26 123 -1
26 126 -1
26 128 1
26 129 -1
26 130 -1
27 1 -1
27 2 1
27 3 -1
27 5 -1
27 6 -1
27 7 -1
27 9 -1
27 12 -1
27 15 -1
27 19 -1
27 23 -1
27 25 -1
27 28 1
27 31 -1
27 32 -1
27 35 -1
27 37 1
27 38 -1
27 40 -1
27 43 1
27 45 -1
27 47 -1
27 48 -1
27 54 -1
27 55 -1
27 56 -1
27 64 -1
27 66 1
27 67 -1
27 68 -1
27 70 1
27 73 -1
27 76 -1
27 78 -1
27 84 -1
27 89 -1
27 94 -1
27 96 -1
27 97 -1
27 98 -1
27 102 -1
27 104 1
27 105 -1
27 109 -1
27 110 -1
27 112 1
27 113 1
27 118 -1
27 121 -1
27 122 -1
27 123 1
27 125 -1
27 128 1
27 129 -1
28 5 -1
28 6 1
28 7 -1
28 8 -1
28 10 1
28 11 -1
28 15 -1
28 17 -1
28 18 -1
28 19 -1
28 20 -1
28 21 -1
28 24 -1
28 26 1
28 30 -1
28 34 -1
28 36 -1
28 37 1
28 38 -1
28 40 -1
28 41 -1
28 43 -1
28 46 -1
28 47 -1
28 48 -1
28 50 -1
28 51 -1
28 52 -1
28 53 1
28 54 -1
28 57 -1
28 61 -1
28 64 1
28 68 -1
28 69 1
28 70 -1
28 71 -1
28 73 -1
28 74 -1
28 78 -1
28 79 -1
28 82 1
28 89 -1
28 91 1
28 95 -1
28 97 -1
28 98 1
28 101 -1
28 104 -1
28 105 -1
28 106 1
28 107 1
28 108 -1
28 109 1
28 110 -1
28 111 -1
28 112 -1
28 114 -1
28 116 1
28 117 -1
28 119 -1
28 120 -1
28 121 -1
28 122 -1
28 123 1
28 126 -1
28 128 -1
28 129 -1
29 2 -1
29 3 -1
29 4 -1
29 5 -1
29 9 -1
29 10 1
29 11 -1
29 12 -1
29 13 -1
29 14 -1
29 17 -1
29 18 -1
29 20 1
29 21 -1
29 22 -1
29 23 -1
29 25 -1
29 27 -1
29 28 1
29 30 -1
29 31 -1
29 33 -1
29 39 -1
29 43 -1
29 44 -1
29 45 -1
29 46 -1
29 47 -1
29 55 -1
29 59 -1
29 61 -1
29 63 -1
29 67 -1
29 70 -1
29 72 1
29 73 -1
29 75 -1
29 77 1
29 78 -1
29 79 1
29 80 1
29 81 -1
29 83 -1
29 85 -1
29 86 1
29 90 1
29 92 -1
29 93 -1
29 94 -1
29 96 -1
29 97 1
29 98 -1
29 99 -1
29 102 -1
29 103 -1
29 104 -1
29 106 1
29 107 -1
29 108 -1
29 109 1
29 110 -1
29 112 1
29 118 1
29 119 -1
29 121 -1
29 123 -1
29 124 -1
29 125 -1
29 126 -1
29 127 -1
29 129 -1
30 3 -1
30 5 -1
30 7 1
30 8 -1
30 12 -1
30 13 -1
30 14 -1
30 20 -1
30 22 1
30 23 -1
30 24 -1
30 25 -1
30 27 1
30 32 -1
30 33 -1
30 34 -1
30 37 -1
30 40 1
30 41 -1
30 42 -1
30 44 -1
30 45 -1
30 47 1
30 50 1
30 52 -1
30 54 1
30 55 1
30 60 -1
30 61 1
30 64 -1
30 66 -1
30 67 -1
30 68 -1
30 69 1
30 71 -1
30 72 -1
30 75 -1
30 76 1
30 78 -1
30 79 -1
30 80 -1
30 81 1
30 83 -1
30 84 -1
30 88 -1
30 90 -1
30 92 -1
30 95 -1
30 96 -1
30 97 -1
30 100 1
30 102 1
30 103 1
30 106 1
30 107 -1
30 108 -1
30 109 -1
30 110 -1
30 113 -1
30 114 -1
30 118 -1
30 120 1
30 121 -1
30 122 -1
30 123 1
30 126 -1
30 127 -1
30 128 -1
30 130 -1
31 3 -1
31 4 -1
31 5 -1
31 8 -1
31 9 -1
31 10 1
31 12 -1
31 15 -1
31 17 -1
31 19 -1
31 20 -1
31 21 1
31 23 -1
31 26 1
31 28 -1
31 30 -1
31 33 -1
31 34 -1
31 35 -1
31 36 1
31 38 -1
31 39 1
31 42 -1
31 46 -1
31 47 -1
31 48 -1
31 50 -1
31 51 -1
31 57 -1
31 60 -1
31 64 -1
31 65 -1
31 66 -1
31 68 -1
31 69 1
31 70 1
31 73 -1
31 74 -1
31 75 -1
31 77 -1
31 79 -1
31 80 1
31 81 -1
31 83 1
31 86 -1
31 87 -1
31 89 -1
31 91 1
31 92 -1
31 93 -1
31 95 -1
31 97 -1
31 98 -1
31 99 -1
31 100 -1
31 102 -1
31 104 1
31 106 -1
31 110 -1
31 111 -1
31 112 -1
31 114 1
31 116 1
31 119 1
31 121 -1
31 123 -1
31 125 1
31 128 -1
32 1 -1
32 3 -1
32 4 -1
32 10 1
32 11 -1
32 13 -1
32 16 1
32 18 -1
32 22 -1
32 23 -1
32 25 -1
32 26 -1
32 28 -1
32 29 1
32 31 -1
32 34 -1
32 35 -1
32 37 -1
32 38 1
32 39 1
32 42 1
32 44 -1
32 45 -1
32 46 1
32 48 -1
32 49 -1
32 52 -1
32 53 1
32 54 -1
32 56 -1
32 58 -1
32 59 -1
32 60 1
32 62 -1
32 63 -1
32 66 -1
32 68 1
32 71 1
32 73 -1
32 76 -1
32 78 1
32 80 1
32 84 -1
32 87 -1
32 88 -1
32 89 -1
32 90 -1
32 91 -1
32 92 -1
32 94 -1
32 95 -1
32 97 -1
32 98 -1
32 99 -1
32 101 -1
32 106 1
32 107 -1
32 108 -1
32 109 -1
32 110 -1
32 114 1
32 117 1
32 118 -1
32 120 -1
32 124 -1
32 125 -1
32 126 -1
32 127 -1
32 130 -1
33 1 -1
33 2 -1
33 4 -1
33 8 -1
33 10 -1
33 11 1
33 12 1
33 13 -1
33 14 1
33 17 -1
33 18 -1
33 20 1
33 21 -1
33 22 1
33 23 -1
33 24 1
33 25 -1
33 26 1
33 27 -1
33 28 -1
33 32 -1
33 34 1
33 35 -1
33 40 -1
33 41 -1
33 43 -1
33 44 -1
33 45 1
33 47 -1
33 48 -1
33 49 -1
33 54 -1
33 56 -1
33 57 -1
33 61 -1
33 62 -1
33 63 1
33 65 -1
33 66 -1
33 69 -1
33 71 -1
33 75 1
33 76 -1
33 78 -1
33 79 1
33 80 -1
33 82 1
33 83 -1
33 84 -1
33 85 -1
33 87 -1
33 88 -1
33 89 1
33 91 1
33 93 -1
33 94 -1
33 95 -1
33 97 -1
33 99 -1
33 101 1
33 102 -1
33 103 -1
33 104 -1
33 105 -1
33 107 -1
33 108 1
33 111 -1
33 113 -1
33 114 -1
33 115 -1
33 119 -1
33 121 -1
33 122 -1
33 124 -1
33 125 -1
34 5 1
34 7 -1
34 9 -1
34 11 -1
34 12 -1
34 13 -1
34 14 -1
34 15 -1
34 17 1
34 19 -1
34 20 -1
34 22 -1
34 24 -1
34 25 -1
34 27 1
34 29 -1
34 35 -1
34 36 -1
34 38 -1
34 40 -1
34 42 -1
34 48 1
34 49 -1
34 50 -1
34 51 1
34 52 -1
34 53 -1
34 58 -1
34 63 -1
34 65 1
34 66 -1
34 68 -1
34 70 1
34 71 -1
34 73 -1
34 74 -1
34 75 1
34 80 -1
34 82 -1
34 83 -1
34 84 -1
34 85 1
34 87 1
34 88 -1
34 89 -1
34 90 -1
34 91 -1
34 92 -1
34 93 -1
34 94 -1
34 96 -1
34 97 -1
34 101 -1
34 102 -1
34 108 -1
34 109 -1
34 116 1
34 121 1
34 122 -1
34 123 1
34 127 -1
34 128 -1
35 3 -1
35 4 -1
35 6 -1
35 7 1
35 13 -1
35 16 -1
35 19 -1
35 21 -1
35 23 -1
35 26 1
35 28 -1
35 29 -1
35 30 1
35 36 -1
35 38 1
35 45 1
35 46 -1
35 47 1
35 50 1
35 52 -1
35 55 -1
35 56 -1
35 57 -1
35 63 -1
35 67 1
35 68 -1
35 69 -1
35 70 -1
35 71 -1
35 73 1
35 74 -1
35 75 -1
35 77 -1
35 78 -1
35 80 -1
35 81 -1
35 82 -1
35 83 1
35 86 -1
35 88 -1
35 90 1
35 91 -1
35 97 1
35 105 -1
35 106 1
35 108 -1
35 109 -1
35 110 -1
35 112 1
35 114 -1
35 115 -1
35 116 -1
35 119 -1
35 120 1
35 122 1
35 123 -1
35 124 -1
35 126 1
35 127 -1
36 1 1
36 3 -1
36 4 -1
36 5 -1
36 9 -1
36 11 -1
36 19 -1
36 21 1
36 24 -1
36 26 1
36 27 -1
36 29 1
36 30 -1
36 32 -1
36 33 -1
36 38 -1
36 39 -1
36 42 -1
36 44 -1
36 47 -1
36 51 -1
36 52 -1
36 57 1
36 60 -1
36 61 1
36 63 1
36 64 -1
36 66 -1
36 67 -1
36 68 -1
36 70 -1
36 73 -1
36 74 1
36 77 -1
36 80 1
36 82 -1
36 83 -1
36 85 1
36 88 1
36 89 -1
36 90 -1
36 96 -1
36 97 -1
36 102 -1
36 105 1
36 107 1
36 109 -1
36 110 -1
36 112 -1
36 114 -1
36 115 1
36 116 1
36 117 -1
36 118 -1
36 120 -1
36 121 -1
36 122 1
36 125 -1
36 126 -1
36 128 -1
36 129 -1
36 130 -1
37 2 1
37 3 -1
37 4 -1
37 5 -1
37 7 -1
37 8 -1
37 11 -1
37 13 -1
37 14 -1
37 15 -1
37 16 -1
37 17 -1
37 18 -1
37 22 -1
37 23 -1
37 25 -1
37 26 -1
37 29 -1
37 31 -1
37 33 -1
37 34 -1
37 35 1
37 36 -1
37 39 1
37 41 -1
37 43 -1
37 45 -1
37 46 -1
37 48 1
37 49 -1
37 54 -1
37 55 -1
37 56 -1
37 57 -1
37 58 1
37 60 -1
37 61 -1
37 62 -1
37 64 -1
37 65 -1
37 67 1
37 70 1
37 71 -1
37 72 -1
37 73 -1
37 75 -1
37 80 1
37 81 1
37 82 -1
37 83 -1
37 87 1
37 88 -1
37 89 -1
37 90 -1
37 94 1
37 95 -1
37 96 1
37 97 -1
37 98 1
37 99 -1
37 101 -1
37 102 1
37 103 -1
37 104 -1
37 105 1
37 106 -1
37 108 -1
37 109 1
37 111 -1
37 113 -1
37 115 -1
37 117 -1
37 118 -1
37 119 -1
37 121 -1
37 123 -1
37 126 -1
37 130 -1
38 1 1
38 3 -1
38 4 -1
38 6 -1
38 7 1
38 8 -1
38 14 -1
38 15 -1
38 17 -1
38 18 -1
38 21 -1
38 26 -1
38 29 -1
38 30 -1
38 33 -1
38 37 -1
38 42 -1
38 44 -1
38 47 -1
38 48 -1
38 49 -1
38 50 -1
38 55 1
38 56 -1
38 57 1
38 58 -1
38 61 1
38 64 -1
38 71 1
38 72 1
38 73 -1
38 74 1
38 75 -1
38 76 -1
38 79 1
38 80 -1
38 81 -1
38 87 -1
38 88 -1
38 90 -1
38 91 -1
38 92 -1
38 94 -1
38 96 1
38 98 1
38 99 -1
38 103 -1
38 106 -1
38 108 -1
38 109 -1
38 110 -1
38 112 -1
38 115 -1
38 118 -1
38 120 1
38 121 1
38 124 -1
38 126 -1
38 129 -1
38 130 1
39 3 -1
39 4 -1
39 7 -1
39 9 -1
39 10 -1
39 18 -1
39 19 -1
39 22 -1
39 23 -1
39 26 -1
39 27 -1
39 28 1
39 30 -1
39 33 -1
39 34 -1
39 35 -1
39 38 -1
39 43 1
39 48 -1
39 50 -1
39 51 -1
39 52 -1
39 54 1
39 59 1
39 60 -1
39 63 -1
39 65 -1
39 66 -1
39 69 -1
39 70 -1
39 73 -1
39 77 -1
39 78 -1
39 82 -1
39 85 -1
39 86 1
39 87 -1
39 89 -1
39 90 -1
39 92 -1
39 94 -1
39 96 -1
39 97 -1
39 99 -1
39 100 -1
39 101 -1
39 102 -1
39 106 -1
39 107 -1
39 108 -1
39 112 1
39 113 -1
39 116 1
39 117 -1
39 118 1
39 120 1
39 121 -1
39 123 -1
39 124 -1
39 125 -1
39 129 -1
39 130 -1
40 1 -1
40 4 -1
40 5 -1
40 8 -1
40 10 1
40 11 -1
40 14 1
40 17 -1
40 21 -1
40 22 -1
40 25 -1
40 26 -1
40 29 -1
40 31 -1
40 32 -1
40 35 -1
40 36 -1
40 37 1
40 38 -1
40 39 -1
40 41 -1
40 42 -1
40 49 -1
40 51 -1
40 52 1
40 53 -1
40 54 -1
40 57 -1
40 62 -1
40 64 -1
40 65 -1
40 66 -1
40 67 -1
40 69 -1
40 71 1
40 72 -1
40 73 -1
40 75 1
40 76 -1
40 79 -1
40 83 -1
40 84 1
40 89 -1
40 92 -1
40 94 -1
40 102 -1
40 103 1
40 108 -1
40 110 -1
40 112 -1
40 115 -1
40 119 1
40 123 1
40 125 -1
40 127 -1
40 128 1
41 1 -1
41 2 -1
41 3 -1
41 4 -1
41 5 -1
41 6 -1
41 7 -1
41 8 -1
41 9 -1
41 13 -1
41 16 1
41 17 -1
41 18 -1
41 23 -1
41 26 -1
41 27 -1
41 29 1
41 31 -1
41 32 -1
41 34 1
41 35 -1
41 36 -1
41 38 -1
41 39 1
41 42 -1
41 47 -1
41 49 -1
41 52 -1
41 54 -1
41 55 -1
41 58 -1
41 59 -1
41 61 -1
41 62 -1
41 63 -1
41 65 -1
41 66 -1
41 67 -1
41 68 -1
41 70 -1
41 71 -1
41 72 -1
41 74 -1
41 75 -1
41 77 -1
41 79 1
41 81 -1
41 82 1
41 84 -1
41 86 1
41 90 -1
41 92 -1
41 96 -1
41 98 -1
41 99 -1
41 102 -1
41 103 -1
41 104 -1
41 105 -1
41 106 -1
41 109 -1
41 110 1
41 112 -1
41 113 -1
41 115 -1
41 116 1
41 119 -1
41 120 1
41 121 -1
41 123 1
41 124 -1
41 125 -1
41 126 -1
42 2 1
42 4 -1
42 6 -1
42 8 -1
42 10 -1
42 11 -1
42 14 -1
42 16 -1
42 19 -1
42 21 -1
42 22 1
42 23 -1
42 27 -1
42 28 -1
42 29 -1
42 33 -1
42 35 -1
42 37 -1
42 39 -1
42 43 1
42 44 1
42 45 -1
42 46 1
42 47 -1
42 48 -1
42 49 -1
42 51 -1
42 54 1
42 55 -1
42 58 -1
42 59 -1
42 60 1
42 62 -1
42 63 -1
42 65 -1
42 66 -1
42 68 -1
42 69 1
42 72 -1
42 73 1
42 74 1
42 75 -1
42 76 -1
42 77 -1
42 85 -1
42 86 -1
42 89 -1
42 93 -1
42 94 1
42 98 1
42 99 -1
42 101 -1
42 104 1
42 109 1
42 110 -1
42 114 -1
42 115 -1
42 116 -1
42 119 -1
42 121 -1
42 123 -1
42 125 -1
42 126 -1
42 127 -1
42 128 -1
43 1 1
43 2 -1
43 4 1
43 5 -1
43 6 1
43 7 1
43 10 -1
43 11 -1
43 14 -1
43 18 1
43 19 -1
43 21 -1
43 23 -1
43 24 -1
43 25 -1
43 26 -1
43 30 -1
43 31 -1
43 32 -1
43 34 -1
43 35 -1
43 36 1
43 38 1
43 40 -1
43 41 -1
43 44 -1
43 45 -1
43 47 -1
43 48 -1
43 49 -1
43 51 -1
43 52 -1
43 53 -1
43 55 -1
43 56 -1
43 59 -1
43 60 -1
43 61 1
43 62 -1
43 64 -1
43 65 -1
43 66 -1
43 67 -1
43 68 -1
43 69 -1
43 70 -1
43 71 -1
43 72 -1
43 74 -1
43 76 -1
43 77 -1
43 78 -1
43 80 -1
43 81 -1
43 84 -1
43 88 -1
43 89 -1
43 94 -1
43 95 -1
43 98 1
43 101 -1
43 102 -1
43 105 -1
43 106 -1
43 109 -1
43 111 -1
43 112 1
43 116 -1
43 119 -1
43 121 -1
43 122 1
43 125 -1
43 126 -1
43 127 -1
43 128 -1
43 129 -1
44 2 -1
44 3 -1
44 4 -1
44 6 -1
44 9 -1
44 12 -1
44 14 -1
44 19 -1
44 20 -1
44 23 1
44 26 -1
44 27 -1
44 28 -1
44 31 -1
44 34 -1
44 35 -1
44 37 -1
44 39 -1
44 40 -1
44 41 1
44 52 -1
44 54 -1
44 56 -1
44 57 1
44 61 -1
44 63 -1
44 67 -1
44 68 -1
44 69 1
44 70 1
44 72 -1
44 73 -1
44 75 -1
44 76 -1
44 77 -1
44 79 -1
44 81 -1
44 84 1
44 86 -1
44 88 -1
44 89 -1
44 91 -1
44 92 -1
44 96 1
44 97 -1
44 99 -1
44 103 -1
44 105 1
44 109 -1
44 110 -1
44 111 -1
44 112 -1
44 114 -1
44 115 -1
44 118 -1
44 119 -1
44 120 -1
44 121 1
44 124 1
44 125 -1
44 126 -1
44 127 -1
44 128 -1
45 1 -1
45 4 1
45 5 1
45 10 1
45 11 -1
45 12 1
45 13 -1
45 14 -1
45 15 -1
45 18 -1
45 19 -1
45 20 -1
45 21 1
45 22 1
45 25 -1
45 26 -1
45 28 -1
45 31 -1
45 34 -1
45 36 -1
45 38 -1
45 39 -1
45 40 1
45 41 -1
45 44 -1
45 48 -1
45 49 -1
45 53 -1
45 54 1
45 55 -1
45 57 -1
45 58 -1
45 60 1
45 63 -1
45 65 1
45 66 -1
45 68 -1
45 70 -1
45 80 -1
45 81 -1
45 83 -1
45 86 -1
45 87 -1
45 90 1
45 92 1
45 93 -1
45 96 1
45 99 -1
45 103 -1
45 104 -1
45 105 -1
45 108 1
45 110 -1
45 111 -1
45 113 -1
45 115 -1
45 117 -1
45 119 -1
45 120 -1
45 121 -1
45 124 1
45 126 -1
45 128 -1
45 129 -1
45 130 -1
46 1 1
46 2 -1
46 4 -1
46 5 -1
46 7 -1
46 8 -1
46 9 -1
46 10 1
46 11 -1
46 14 -1
46 15 1
46 16 -1
46 17 -1
46 18 -1
46 19 -1
46 21 1
46 24 -1
46 27 -1
46 30 -1
46 33 -1
46 34 -1
46 36 -1
46 38 -1
46 39 -1
46 40 -1
46 41 -1
46 43 -1
46 44 -1
46 45 -1
46 48 -1
46 49 1
46 51 -1
46 55 -1
46 57 1
46 63 1
46 67 -1
46 71 -1
46 73 -1
46 74 -1
46 75 -1
46 79 -1
46 80 -1
46 83 -1
46 86 -1
46 91 -1
46 97 1
46 99 -1
46 100 -1
46 101 1
46 102 -1
46 103 1
46 105 1
46 106 -1
46 107 -1
46 109 -1
46 112 -1
46 113 -1
46 114 -1
46 115 -1
46 116 1
46 118 -1
46 120 -1
46 122 -1
46 123 1
46 125 1
46 128 -1
47 1 -1
47 2 -1
47 3 -1
47 4 -1
47 10 -1
47 13 -1
47 23 -1
47 26 1
47 32 1
47 34 -1
47 37 -1
47 39 1
47 40 1
47 44 -1
47 45 -1
47 46 -1
47 48 1
47 50 1
47 51 1
47 52 -1
47 53 1
47 54 1
47 57 -1
47 60 -1
47 61 -1
47 66 -1
47 69 -1
47 70 1
47 72 1
47 73 -1
47 75 1
47 79 -1
47 81 -1
47 82 -1
47 83 -1
47 88 -1
47 89 1
47 90 -1
47 93 -1
47 95 -1
47 100 -1
47 102 1
47 103 1
47 104 -1
47 107 1
47 112 -1
47 113 -1
47 114 1
47 116 -1
47 120 1
47 125 -1
47 127 -1
47 128 -1
47 129 -1
47 130 -1
48 2 -1
48 3 -1
48 7 -1
48 9 -1
48 11 1
48 13 -1
48 18 -1
48 19 -1
48 21 -1
48 22 -1
48 24 -1
48 25 -1
48 26 1
48 29 -1
48 30 1
48 35 -1
48 36 -1
48 40 -1
48 41 -1
48 44 1
48 49 -1
48 53 -1
48 55 -1
48 57 -1
48 58 -1
48 70 -1
48 73 -1
48 74 -1
48 77 1
48 78 -1
48 79 1
48 80 -1
48 81 -1
48 83 -1
48 86 -1
48 88 -1
48 89 -1
48 90 -1
48 91 -1
48 98 -1
48 102 -1
48 103 -1
48 104 1
48 105 -1
48 107 1
48 108 -1
48 109 -1
48 111 -1
48 113 -1
48 115 -1
48 116 -1
48 117 -1
48 118 -1
48 119 -1
48 122 -1
48 124 -1
48 126 -1
48 129 -1
49 7 -1
49 8 -1
49 9 -1
49 10 -1
49 11 -1
49 12 1
49 14 -1
49 22 -1
49 25 -1
49 27 -1
49 28 -1
49 29 -1
49 30 -1
49 31 -1
49 35 1
49 36 -1
49 39 -1
49 44 -1
49 47 -1
49 51 -1
49 52 -1
49 54 -1
49 59 -1
49 61 -1
49 63 -1
49 64 -1
49 69 1
49 71 -1
49 72 -1
49 73 -1
49 74 -1
49 77 1
49 78 -1
49 80 -1
49 83 -1
49 84 1
49 88 -1
49 90 -1
49 91 -1
49 92 -1
49 93 -1
49 94 1
49 100 -1
49 102 -1
49 104 -1
49 106 1
49 107 1
49 108 -1
49 109 -1
49 112 -1
49 113 -1
49 114 -1
49 116 -1
49 117 1
49 118 -1
49 120 -1
49 123 -1
49 127 -1
49 128 -1
49 130 -1
50 2 -1
50 3 -1
50 4 -1
50 7 -1
50 8 -1
50 11 -1
50 15 1
50 16 -1
50 17 -1
50 18 -1
50 20 1
50 24 -1
50 26 -1
50 27 -1
50 29 1
50 32 -1
50 33 -1
50 36 -1
50 37 -1
50 40 -1
50 41 -1
50 42 -1
50 43 -1
50 44 -1
50 45 -1
50 46 -1
50 48 -1
50 49 -1
50 52 -1
50 54 -1
50 57 -1
50 58 -1
50 59 -1
50 62 -1
50 63 -1
50 68 -1
50 70 -1
50 71 -1
50 72 -1
50 73 -1
50 79 -1
50 81 -1
50 83 1
50 84 -1
50 85 -1
50 91 -1
50 92 -1
50 93 1
50 94 -1
50 96 -1
50 99 -1
50 100 -1
50 103 -1
50 108 -1
50 109 -1
50 111 -1
50 117 -1
50 118 -1
50 120 -1
50 121 -1
50 127 -1
50 128 -1
50 129 -1
50 130 -1
51 6 -1
51 7 -1
51 8 -1
51 11 -1
51 13 -1
51 14 -1
51 15 1
51 16 -1
51 18 -1
51 19 -1
51 20 -1
51 23 1
51 24 -1
51 26 -1
51 27 -1
51 29 -1
51 30 -1
51 32 -1
51 33 -1
51 35 1
51 37 1
51 38 -1
51 41 -1
51 44 -1
51 45 -1
51 48 -1
51 50 1
51 52 -1
51 53 1
51 57 -1
51 61 -1
51 63 -1
51 64 -1
51 66 -1
51 67 -1
51 68 -1
51 71 -1
51 73 1
51 74 -1
51 75 -1
51 76 -1
51 77 1
51 79 -1
51 81 1
51 82 -1
51 83 -1
51 84 1
51 85 -1
51 88 -1
51 89 -1
51 90 1
51 92 1
51 93 -1
51 94 1
51 96 -1
51 97 -1
51 99 -1
51 102 -1
51 106 -1
51 110 -1
51 111 -1
51 113 -1
51 114 -1
51 115 1
51 116 -1
51 120 -1
51 124 1
51 126 -1
51 127 -1
51 128 -1
51 129 1
51 130 -1
52 1 -1
52 3 1
52 4 -1
52 6 -1
52 7 -1
52 9 -1
52 12 -1
52 13 -1
52 19 -1
52 23 -1
52 24 -1
52 25 -1
52 26 -1
52 27 1
52 29 -1
52 31 -1
52 33 -1
52 37 -1
52 38 -1
52 42 1
52 45 -1
52 46 -1
52 48 1
52 53 -1
52 54 -1
52 55 -1
52 57 -1
52 60 1
52 62 -1
52 65 1
52 66 -1
52 69 -1
52 71 1
52 72 -1
52 74 -1
52 76 -1
52 77 1
52 78 1
52 79 -1
52 81 -1
52 83 -1
52 87 -1
52 88 1
52 90 -1
52 91 1
52 93 -1
52 97 -1
52 99 -1
52 100 1
52 103 -1
52 104 -1
52 106 -1
52 108 -1
52 109 -1
52 110 1
52 114 -1
52 115 -1
52 116 -1
52 122 -1
52 124 -1
52 127 -1
53 2 -1
53 6 -1
53 7 -1
53 8 -1
53 10 -1
53 11 1
53 12 -1
53 14 -1
53 15 -1
53 17 1
53 18 -1
53 20 -1
53 22 -1
53 23 -1
53 27 -1
53 29 -1
53 30 -1
53 31 -1
53 33 -1
53 35 -1
53 36 1
53 37 -1
53 38 -1
53 39 -1
53 41 1
53 42 -1
53 44 1
53 46 -1
53 49 -1
53 50 -1
53 54 1
53 55 -1
53 57 -1
53 58 -1
53 60 1
53 61 -1
53 62 1
53 65 -1
53 67 -1
53 73 1
53 75 -1
53 77 1
53 78 1
53 83 -1
53 85 -1
53 86 1
53 88 -1
53 89 -1
53 90 -1
53 91 -1
53 92 -1
53 93 -1
53 98 1
53 100 -1
53 103 -1
53 104 -1
53 105 -1
53 106 -1
53 107 -1
53 110 -1
53 115 -1
53 116 -1
53 118 -1
53 120 -1
53 123 -1
53 125 -1
53 126 1
53 127 -1
53 129 -1
53 130 -1
54 1 -1
54 2 -1
54 4 -1
54 8 -1
54 10 -1
54 15 -1
54 16 1
54 17 1
54 18 1
54 29 -1
54 31 -1
54 34 -1
54 35 -1
54 36 -1
54 38 -1
54 43 -1
54 46 -1
54 48 -1
54 51 1
54 58 -1
54 60 -1
54 65 -1
54 67 -1
54 69 -1
54 70 1
54 74 -1
54 77 -1
54 78 -1
54 80 -1
54 81 1
54 84 -1
54 92 1
54 93 -1
54 95 -1
54 99 -1
54 100 -1
54 101 1
54 103 -1
54 104 1
54 106 -1
54 108 -1
54 109 -1
54 110 -1
54 114 1
54 116 1
54 117 -1
54 118 -1
54 119 -1
54 120 -1
54 121 -1
54 122 -1
54 125 1
55 1 -1
55 4 -1
55 9 -1
55 12 -1
55 14 -1
55 16 -1
55 18 -1
55 19 -1
55 22 -1
55 25 -1
55 26 -1
55 28 -1
55 31 -1
55 32 1
55 33 1
55 34 -1
55 36 -1
55 39 1
55 40 -1
55 44 -1
55 47 -1
55 49 -1
55 50 -1
55 51 -1
55 54 -1
55 56 1
55 58 -1
55 59 1
55 64 -1
55 68 -1
55 70 1
55 71 -1
55 74 -1
55 78 -1
55 82 -1
55 83 1
55 84 1
55 85 -1
55 86 -1
55 87 -1
55 88 1
55 91 -1
55 92 -1
55 93 -1
55 94 -1
55 97 -1
55 100 -1
55 101 -1
55 102 -1
55 103 -1
55 104 -1
55 108 -1
55 109 1
55 110 -1
55 111 -1
55 113 -1
55 117 1
55 118 -1
55 119 1
55 121 -1
55 122 -1
55 123 -1
55 124 1
55 125 -1
55 128 -1
55 130 1
56 3 -1
56 5 -1
56 7 -1
56 12 -1
56 14 1
56 15 -1
56 16 -1
56 17 -1
56 18 -1
56 22 -1
56 23 -1
56 26 -1
56 28 -1
56 29 1
56 30 -1
56 31 -1
56 34 -1
56 36 1
56 39 -1
56 40 -1
56 41 -1
56 42 -1
56 45 -1
56 46 1
56 47 1
56 48 -1
56 49 -1
56 50 -1
56 51 1
56 52 -1
56 53 -1
56 54 -1
56 59 -1
56 60 -1
56 68 1
56 69 1
56 71 1
56 72 -1
56 75 -1
56 76 -1
56 79 -1
56 85 1
56 90 -1
56 92 -1
56 94 -1
56 96 -1
56 100 -1
56 102 -1
56 104 1
56 105 -1
56 108 -1
56 109 -1
56 110 -1
56 114 -1
56 115 -1
56 116 -1
56 118 -1
56 119 -1
56 122 -1
56 123 -1
56 124 -1
56 125 -1
57 2 -1
57 4 -1
57 5 -1
57 6 -1
57 9 -1
57 13 -1
57 14 1
57 15 -1
57 18 -1
57 19 1
57 22 1
57 25 -1
57 27 -1
57 29 -1
57 30 -1
57 32 -1
57 34 -1
57 39 -1
57 41 -1
57 42 -1
57 43 -1
57 49 -1
57 54 -1
57 55 -1
57 56 -1
57 58 -1
57 59 -1
57 60 -1
57 61 -1
57 63 1
57 64 1
57 67 -1
57 70 -1
57 72 1
57 74 -1
57 76 -1
57 77 1
57 78 -1
57 79 1
57 80 -1
57 81 -1
57 83 -1
57 84 -1
57 87 -1
57 92 -1
57 94 1
57 95 -1
57 102 -1
57 103 -1
57 104 -1
57 105 1
57 106 1
57 107 1
57 109 -1
57 110 -1
57 111 -1
57 112 -1
57 115 1
57 116 -1
57 119 -1
57 120 -1
57 123 -1
57 124 -1
57 125 -1
57 128 -1
57 129 -1
57 130 -1
58 1 -1
58 2 1
58 3 -1
58 4 -1
58 6 -1
58 8 -1
58 10 -1
58 11 1
58 14 -1
58 15 -1
58 18 -1
58 20 -1
58 25 -1
58 26 -1
58 27 -1
58 28 -1
58 29 1
58 30 -1
58 31 1
58 33 -1
58 35 -1
58 36 -1
58 39 1
58 40 -1
58 43 -1
58 44 -1
58 46 -1
58 47 -1
58 49 1
58 51 -1
58 52 -1
58 56 -1
58 61 -1
58 62 -1
58 64 -1
58 65 -1
58 66 -1
58 67 -1
58 69 1
58 70 1
58 71 -1
58 74 -1
58 75 1
58 76 -1
58 82 -1
58 83 -1
58 86 1
58 88 -1
58 90 1
58 92 -1
58 97 -1
58 98 -1
58 101 -1
58 102 -1
58 103 -1
58 107 -1
58 108 -1
58 109 -1
58 110 -1
58 112 -1
58 113 -1
58 116 -1
58 117 -1
58 118 1
58 120 -1
58 121 -1
58 123 -1
58 126 -1
58 127 -1
58 129 -1
59 1 -1
59 3 -1
59 9 -1
59 11 -1
59 13 -1
59 14 -1
59 16 -1
59 18 -1
59 20 1
59 24 -1
59 25 1
59 26 -1
59 27 -1
59 28 1
59 30 -1
59 31 1
59 33 -1
59 34 -1
59 35 -1
59 36 -1
59 37 1
59 38 -1
59 40 1
59 44 -1
59 45 1
59 46 -1
59 47 -1
59 48 -1
59 51 -1
59 52 -1
59 53 1
59 54 1
59 58 -1
59 60 -1
59 62 -1
59 67 -1
59 68 -1
59 70 -1
59 71 -1
59 75 -1
59 78 -1
59 80 -1
59 83 -1
59 88 -1
59 91 -1
59 92 -1
59 94 1
59 97 1
59 98 -1
59 99 -1
59 100 -1
59 102 -1
59 104 -1
59 105 -1
59 108 -1
59 110 -1
59 112 -1
59 115 -1
59 117 -1
59 119 -1
59 121 1
59 122 -1
59 123 -1
59 124 -1
59 125 -1
59 127 -1
59 128 -1
59 129 -1
60 2 -1
60 3 -1
60 7 1
60 9 -1
60 11 -1
60 16 -1
60 21 -1
60 24 -1
60 25 -1
60 26 -1
60 27 -1
60 28 -1
60 29 -1
60 33 -1
60 34 -1
60 35 -1
60 38 -1
60 40 -1
60 41 1
60 44 -1
60 46 -1
60 48 1
60 49 -1
60 50 1
60 51 1
60 55 -1
60 58 -1
60 62 -1
60 63 -1
60 65 -1
60 66 1
60 67 -1
60 68 -1
60 71 -1
60 72 -1
60 73 -1
60 74 -1
60 77 -1
60 78 -1
60 79 -1
60 80 -1
60 81 1
60 85 -1
60 86 -1
60 87 1
60 88 -1
60 89 -1
60 90 -1
60 92 -1
60 96 -1
60 97 -1
60 104 1
60 106 -1
60 107 -1
60 108 1
60 113 1
60 114 -1
60 115 -1
60 116 -1
60 120 -1
60 121 -1
60 123 -1
60 124 -1
60 125 1
60 128 -1
60 129 -1
61 1 -1
61 5 1
61 6 -1
61 9 -1
61 10 -1
61 13 1
61 15 -1
61 16 -1
61 18 -1
61 20 -1
61 21 1
61 23 -1
61 25 -1
61 26 -1
61 27 -1
61 31 -1
61 32 -1
61 34 -1
61 35 -1
61 39 -1
61 40 -1
61 42 -1
61 45 -1
61 46 -1
61 48 1
61 50 -1
61 52 1
61 54 -1
61 55 1
61 56 -1
61 59 -1
61 60 1
61 64 -1
61 65 1
61 67 -1
61 69 1
61 70 -1
61 73 1
61 75 1
61 77 -1
61 79 1
61 82 1
61 85 -1
61 87 -1
61 91 1
61 92 -1
61 95 1
61 99 -1
61 101 -1
61 102 -1
61 103 -1
61 104 1
61 105 -1
61 107 -1
61 108 -1
61 109 -1
61 110 -1
61 112 -1
61 113 -1
61 114 -1
61 117 -1
61 118 -1
61 119 -1
61 121 -1
61 122 -1
61 123 1
61 125 -1
61 126 -1
61 128 1
62 2 -1
62 5 -1
62 6 1
62 8 1
62 10 -1
62 11 1
62 13 -1
62 14 -1
62 16 -1
62 19 1
62 21 1
62 23 -1
62 25 -1
62 26 -1
62 27 1
62 28 -1
62 29 -1
62 30 -1
62 31 -1
62 34 -1
62 35 -1
62 36 -1
62 38 -1
62 39 -1
62 44 -1
62 45 -1
62 46 -1
62 47 -1
62 48 -1
62 49 -1
62 51 -1
62 54 -1
62 55 -1
62 56 -1
62 57 -1
62 61 1
62 63 -1
62 64 -1
62 65 -1
62 66 -1
62 70 1
62 71 -1
62 73 1
62 78 -1
62 80 1
62 84 -1
62 85 -1
62 86 -1
62 87 -1
62 88 1
62 90 -1
62 96 -1
62 97 1
62 98 -1
62 100 -1
62 101 -1
62 104 1
62 105 -1
62 107 -1
62 109 1
62 110 -1
62 112 -1
62 113 -1
62 115 -1
62 116 -1
62 119 -1
62 121 -1
62 122 -1
62 123 -1
62 124 -1
62 126 -1
62 127 -1
62 128 -1
62 129 -1
62 130 -1
63 3 -1
63 4 -1
63 6 1
63 7 1
63 9 -1
63 10 -1
63 11 -1
63 16 -1
63 20 -1
63 21 1
63 23 -1
63 24 -1
63 27 -1
63 28 -1
63 30 -1
63 31 -1
63 37 1
63 38 1
63 40 -1
63 43 -1
63 47 -1
63 48 1
63 52 -1
63 53 -1
63 54 -1
63 55 1
63 56 -1
63 58 -1
63 59 1
63 61 1
63 64 -1
63 65 -1
63 68 -1
63 70 -1
63 76 -1
63 78 -1
63 79 -1
63 82 -1
63 84 -1
63 85 -1
63 86 1
63 88 -1
63 89 1
63 90 -1
63 91 -1
63 92 -1
63 98 -1
63 99 1
63 101 -1
63 103 -1
63 107 1
63 108 -1
63 109 -1
63 111 -1
63 112 -1
63 115 -1
63 118 -1
63 121 -1
63 122 -1
64 3 -1
64 4 -1
64 5 -1
64 6 -1
64 9 -1
64 10 -1
64 13 -1
64 17 -1
64 22 -1
64 23 -1
64 24 -1
64 25 -1
64 29 -1
64 32 -1
64 33 1
64 34 -1
64 35 -1
64 39 1
64 41 -1
64 42 -1
64 44 1
64 45 -1
64 46 -1
64 47 -1
64 48 -1
64 50 -1
64 52 -1
64 53 -1
64 54 -1
64 56 -1
64 59 -1
64 60 1
64 65 -1
64 71 -1
64 72 -1
64 73 1
64 74 1
64 75 -1
64 76 -1
64 78 -1
64 79 -1
64 80 -1
64 81 -1
64 83 -1
64 84 -1
64 86 -1
64 87 -1
64 90 1
64 94 -1
64 96 1
64 97 -1
64 98 -1
64 99 -1
64 102 -1
64 105 -1
64 107 -1
64 108 -1
64 110 -1
64 111 -1
64 112 1
64 114 -1
64 115 -1
64 116 -1
64 117 -1
64 119 -1
64 125 -1
64 126 -1
64 127 1
64 128 -1
64 129 -1
64 130 1
65 2 -1
65 4 -1
65 6 -1
65 7 -1
65 9 1
65 12 -1
65 13 -1
65 15 -1
65 17 -1
65 18 -1
65 23 -1
65 25 1
65 27 1
65 28 -1
65 29 -1
65 30 -1
65 32 -1
65 35 -1
65 36 -1
65 38 -1
65 44 -1
65 46 -1
65 47 -1
65 48 1
65 49 -1
65 50 -1
65 51 1
65 55 -1
65 56 -1
65 57 -1
65 59 1
65 66 -1
65 67 -1
65 69 -1
65 71 -1
65 75 -1
65 77 -1
65 78 -1
65 81 1
65 83 -1
65 87 -1
65 88 -1
65 89 -1
65 93 -1
65 96 -1
65 98 1
65 99 -1
65 100 -1
65 104 -1
65 105 -1
65 106 -1
65 107 -1
65 108 -1
65 111 -1
65 113 1
65 114 -1
65 119 -1
65 120 -1
65 123 -1
65 125 -1
65 126 -1
66 3 -1
66 4 -1
66 6 -1
66 8 -1
66 9 1
66 10 -1
66 11 -1
66 14 -1
66 16 -1
66 17 -1
66 18 -1
66 22 -1
66 23 -1
66 24 -1
66 25 -1
66 26 1
66 28 -1
66 29 -1
66 35 1
66 37 1
66 38 -1
66 44 1
66 46 1
66 48 -1
66 49 -1
66 50 -1
66 53 1
66 54 1
66 55 -1
66 56 1
66 57 -1
66 59 1
66 61 -1
66 63 -1
66 64 -1
66 67 1
66 68 1
66 70 -1
66 74 -1
66 75 1
66 76 1
66 77 -1
66 79 -1
66 80 -1
66 83 -1
66 85 -1
66 86 1
66 87 -1
66 89 -1
66 90 -1
66 91 1
66 93 -1
66 96 -1
66 99 -1
66 101 -1
66 105 -1
66 107 -1
66 109 -1
66 116 -1
66 118 1
66 120 -1
66 121 -1
66 125 -1
66 129 -1
66 130 -1
67 1 -1
67 4 -1
67 5 1
67 6 -1
67 10 -1
67 11 1
67 12 1
67 13 -1
67 14 1
67 15 -1
67 20 -1
67 21 1
67 22 -1
67 26 -1
67 28 -1
67 31 -1
67 32 -1
67 33 -1
67 34 -1
67 38 1
67 39 -1
67 42 1
67 45 -1
67 47 -1
67 48 1
67 49 -1
67 50 -1
67 52 -1
67 55 -1
67 56 -1
67 62 -1
67 63 -1
67 64 -1
67 69 -1
67 71 -1
67 76 -1
67 78 1
67 81 1
67 82 -1
67 83 -1
67 84 1
67 85 -1
67 88 -1
67 89 -1
67 91 -1
67 92 -1
67 93 -1
67 94 -1
67 100 -1
67 101 -1
67 102 -1
67 104 1
67 106 -1
67 107 1
67 110 -1
67 111 -1
67 115 1
67 116 -1
67 117 -1
67 120 -1
67 121 -1
67 127 -1
67 128 1
67 129 1
68 2 -1
68 3 -1
68 5 -1
68 8 -1
68 9 -1
68 11 -1
68 13 -1
68 16 -1
68 19 -1
68 22 -1
68 23 -1
68 24 -1
68 26 -1
68 29 1
68 33 -1
68 37 -1
68 38 -1
68 39 -1
68 40 1
68 46 -1
68 47 1
68 48 -1
68 49 -1
68 52 -1
68 53 -1
68 54 -1
68 57 -1
68 58 -1
68 61 -1
68 62 -1
68 64 -1
68 65 -1
68 67 -1
68 69 -1
68 72 -1
68 73 -1
68 74 -1
68 75 -1
68 76 -1
68 77 -1
68 79 -1
68 81 -1
68 82 1
68 83 -1
68 84 -1
68 87 1
68 88 -1
68 91 -1
68 92 -1
68 93 1
68 97 -1
68 100 -1
68 101 -1
68 103 -1
68 105 -1
68 110 -1
68 113 1
68 114 -1
68 115 1
68 116 1
68 119 1
68 120 1
68 121 1
68 124 -1
68 125 -1
68 126 -1
68 127 -1
68 128 -1
69 1 -1
69 5 -1
69 9 -1
69 10 -1
69 11 1
69 12 -1
69 14 -1
69 16 -1
69 17 -1
69 18 -1
69 21 -1
69 22 1
69 23 -1
69 24 1
69 26 -1
69 27 -1
69 29 -1
69 32 1
69 34 1
69 36 -1
69 37 -1
69 38 1
69 41 -1
69 45 -1
69 46 -1
69 48 -1
69 50 -1
69 51 -1
69 53 -1
69 55 -1
69 57 -1
69 59 -1
69 60 -1
69 62 -1
69 63 -1
69 64 1
69 66 -1
69 76 -1
69 78 -1
69 79 -1
69 80 -1
69 81 -1
69 82 -1
69 83 -1
69 84 -1
69 85 -1
69 86 -1
69 89 -1
69 90 -1
69 92 1
69 94 -1
69 95 -1
69 96 -1
69 100 -1
69 101 -1
69 102 1
69 103 1
69 105 -1
69 106 -1
69 107 -1
69 109 -1
69 110 -1
69 111 -1
69 112 -1
69 113 -1
69 116 1
69 117 -1
69 119 -1
69 121 -1
69 123 -1
69 124 -1
69 126 -1
69 127 -1
69 128 -1
69 129 -1
69 130 -1
70 1 -1
70 3 -1
70 6 1
70 7 -1
70 9 -1
70 12 -1
70 16 -1
70 17 1
70 18 1
70 19 1
70 30 -1
70 32 -1
70 33 -1
70 38 1
70 40 -1
70 42 -1
70 46 -1
70 49 1
70 51 1
70 52 -1
70 53 1
70 56 -1
70 60 -1
70 64 -1
70 65 -1
70 67 -1
70 68 -1
70 69 -1
70 71 -1
70 77 -1
70 81 1
70 83 -1
70 84 -1
70 85 -1
70 90 -1
70 92 -1
70 96 -1
70 99 1
70 102 -1
70 110 -1
70 112 -1
70 114 1
70 116 -1
70 118 -1
70 119 -1
70 120 -1
70 121 -1
70 123 -1
70 125 -1
70 126 -1
70 128 -1
70 129 -1
70 130 -1
71 6 -1
71 12 -1
71 15 -1
71 17 1
71 19 -1
71 21 -1
71 22 -1
71 27 1
71 29 1
71 31 -1
71 36 1
71 39 -1
71 42 -1
71 44 -1
71 45 1
71 47 -1
71 48 -1
71 53 -1
71 54 1
71 57 1
71 61 -1
71 63 -1
71 66 -1
71 68 1
71 69 -1
71 72 -1
71 76 1
71 77 -1
71 78 1
71 81 1
71 82 -1
71 87 -1
71 93 1
71 94 -1
71 96 -1
71 98 -1
71 101 1
71 103 -1
71 104 -1
71 105 -1
71 114 1
71 115 1
71 118 -1
71 120 -1
71 122 -1
71 123 -1
71 125 -1
71 126 -1
71 128 -1
71 130 -1
72 1 -1
72 5 -1
72 6 -1
72 8 -1
72 9 -1
72 10 -1
72 15 -1
72 16 -1
72 18 -1
72 20 -1
72 21 -1
72 22 1
72 23 1
72 24 -1
72 25 -1
72 26 1
72 27 -1
72 28 -1
72 31 1
72 32 -1
72 33 1
72 34 -1
72 35 -1
72 36 -1
72 39 -1
72 45 -1
72 46 -1
72 48 -1
72 51 -1
72 53 -1
72 54 -1
72 55 -1
72 58 1
72 59 -1
72 61 -1
72 62 -1
72 63 -1
72 65 -1
72 66 -1
72 67 -1
72 69 -1
72 70 -1
72 73 -1
72 77 -1
72 79 1
72 80 -1
72 81 -1
72 82 -1
72 84 -1
72 87 -1
72 88 1
72 89 -1
72 99 -1
72 101 -1
72 102 -1
72 103 -1
72 104 -1
72 106 -1
72 107 -1
72 109 -1
72 110 -1
72 111 -1
72 112 -1
72 114 1
72 115 1
72 116 -1
72 119 -1
72 122 1
72 124 -1
72 128 -1
72 129 -1
73 1 1
73 3 -1
73 5 -1
73 6 -1
73 7 -1
73 8 -1
73 9 -1
73 11 -1
73 13 1
73 15 -1
73 17 -1
73 19 -1
73 21 -1
73 24 1
73 26 1
73 30 -1
73 33 -1
73 41 -1
73 43 -1
73 45 -1
73 52 -1
73 54 -1
73 55 -1
73 56 -1
73 57 -1
73 58 -1
73 59 -1
73 63 1
73 65 -1
73 66 -1
73 67 1
73 69 -1
73 70 -1
73 71 -1
73 76 -1
73 80 -1
73 81 -1
73 83 -1
73 85 -1
73 87 -1
73 88 -1
73 92 -1
73 93 -1
73 101 -1
73 106 -1
73 107 1
73 108 -1
73 109 -1
73 110 -1
73 113 1
73 120 -1
73 122 -1
73 124 -1
73 125 -1
73 127 1
73 128 -1
73 129 -1
73 130 -1
74 2 -1
74 5 -1
74 6 -1
74 7 -1
74 8 -1
74 9 1
74 15 1
74 16 -1
74 17 1
74 18 -1
74 19 -1
74 20 -1
74 21 -1
74 22 -1
74 23 -1
74 24 -1
74 25 -1
74 26 -1
74 27 -1
74 29 -1
74 30 1
74 32 -1
74 33 -1
74 37 -1
74 39 -1
74 40 -1
74 44 1
74 45 1
74 47 -1
74 50 -1
74 53 -1
74 56 -1
74 59 -1
74 61 -1
74 62 -1
74 63 1
74 65 -1
74 67 -1
74 69 -1
74 70 -1
74 71 1
74 72 -1
74 73 1
74 76 1
74 78 1
74 82 -1
74 83 -1
74 84 -1
74 85 1
74 87 -1
74 88 -1
74 92 -1
74 93 1
74 97 -1
74 98 -1
74 101 -1
74 102 1
74 103 -1
74 106 -1
74 107 -1
74 108 -1
74 111 -1
74 114 -1
74 115 -1
74 117 -1
74 119 -1
74 124 1
74 126 -1
74 127 -1
74 128 -1
75 1 1
75 3 -1
75 4 -1
75 7 -1
75 8 1
75 9 -1
75 10 -1
75 11 -1
75 12 -1
75 13 -1
75 14 1
75 17 -1
75 19 -1
75 22 -1
75 27 -1
75 28 1
75 32 -1
75 36 -1
75 39 -1
75 43 -1
75 45 -1
75 48 -1
75 49 -1
75 50 -1
75 52 -1
75 54 1
75 55 -1
75 57 1
75 60 -1
75 62 -1
75 63 -1
75 67 -1
75 69 -1
75 70 -1
75 71 -1
75 72 -1
75 73 -1
75 74 -1
75 77 -1
75 78 -1
75 79 -1
75 80 -1
75 81 -1
75 83 -1
75 84 1
75 87 -1
75 88 -1
75 92 -1
75 94 -1
75 101 -1
75 103 1
75 109 -1
75 111 -1
75 114 1
75 118 1
75 119 -1
75 120 -1
75 122 1
75 124 1
75 125 -1
75 126 -1
75 127 1
75 129 -1
75 130 -1
76 2 -1
76 4 -1
76 5 -1
76 6 -1
76 7 -1
76 8 -1
76 10 1
76 11 -1
76 12 -1
76 13 -1
76 14 -1
76 19 -1
76 20 -1
76 21 -1
76 22 -1
76 23 1
76 25 -1
76 28 -1
76 29 -1
76 31 1
76 34 -1
76 35 1
76 36 -1
76 37 -1
76 39 1
76 41 1
76 45 -1
76 46 -1
76 47 -1
76 48 -1
76 49 -1
76 50 -1
76 53 -1
76 54 -1
76 55 -1
76 59 1
76 60 1
76 61 -1
76 62 -1
76 65 -1
76 70 -1
76 72 1
76 75 -1
76 77 -1
76 79 -1
76 81 -1
76 88 -1
76 89 -1
76 90 1
76 92 -1
76 95 1
76 96 -1
76 97 -1
76 98 -1
76 100 -1
76 101 -1
76 103 -1
76 106 -1
76 107 1
76 108 -1
76 109 1
76 110 -1
76 112 -1
76 114 -1
76 115 -1
76 117 1
76 118 -1
76 119 -1
76 120 -1
76 122 -1
76 125 -1
76 127 -1
76 128 -1
76 129 -1
77 2 -1
77 4 -1
77 5 -1
77 7 -1
77 9 -1
77 10 1
77 16 -1
77 18 -1
77 19 -1
77 21 -1
77 22 -1
77 24 -1
77 27 -1
77 28 -1
77 30 -1
77 32 -1
77 33 -1
77 34 -1
77 37 1
77 38 -1
77 40 -1
77 45 -1
77 46 -1
77 47 -1
77 50 -1
77 55 -1
77 56 -1
77 58 -1
77 59 -1
77 62 1
77 63 -1
77 64 -1
77 67 -1
77 69 1
77 73 -1
77 74 -1
77 79 -1
77 81 -1
77 82 -1
77 84 -1
77 85 1
77 89 1
77 90 1
77 95 -1
77 98 -1
77 101 -1
77 102 -1
77 106 -1
77 107 -1
77 108 -1
77 110 -1
77 112 -1
77 115 1
77 117 -1
77 124 -1
77 127 -1
77 129 -1
78 1 -1
78 2 -1
78 3 1
78 9 -1
78 11 1
78 12 -1
78 14 -1
78 16 -1
78 17 -1
78 19 -1
78 21 1
78 23 -1
78 26 -1
78 31 -1
78 34 -1
78 36 1
78 37 -1
78 38 -1
78 40 1
78 41 1
78 42 -1
78 44 1
78 45 -1
78 46 -1
78 47 -1
78 50 1
78 51 -1
78 56 1
78 58 -1
78 61 -1
78 66 -1
78 68 -1
78 70 -1
78 72 -1
78 73 -1
78 76 -1
78 77 -1
78 79 1
78 81 -1
78 83 -1
78 87 -1
78 88 -1
78 92 -1
78 93 -1
78 97 -1
78 98 -1
78 101 -1
78 107 1
78 108 -1
78 109 1
78 111 -1
78 113 -1
78 115 -1
78 121 -1
78 125 1
78 128 1
78 129 -1
78 130 -1
79 1 -1
79 6 -1
79 7 -1
79 10 -1
79 12 -1
79 15 -1
79 17 -1
79 20 -1
79 21 -1
79 25 -1
79 27 -1
79 32 -1
79 34 -1
79 35 -1
79 36 -1
79 37 -1
79 39 -1
79 42 -1
79 43 -1
79 45 -1
79 49 -1
79 53 -1
79 54 -1
79 55 -1
79 58 1
79 59 1
79 62 1
79 65 -1
79 67 -1
79 70 1
79 71 -1
79 73 1
79 74 -1
79 82 1
79 85 1
79 86 -1
79 87 -1
79 88 -1
79 89 1
79 90 -1
79 96 -1
79 97 -1
79 98 1
79 99 1
79 100 -1
79 101 1
79 102 -1
79 103 -1
79 105 -1
79 106 -1
79 109 1
79 110 -1
79 112 -1
79 115 -1
79 116 -1
79 118 -1
79 125 -1
79 130 -1
80 1 -1
80 2 -1
80 4 -1
80 5 1
80 6 -1
80 7 -1
80 8 -1
80 10 -1
80 12 -1
80 13 -1
80 14 -1
80 15 -1
80 17 1
80 19 -1
80 20 -1
80 27 1
80 28 -1
80 39 -1
80 40 -1
80 41 -1
80 42 -1
80 44 -1
80 47 -1
80 50 -1
80 51 -1
80 52 -1
80 53 -1
80 55 1
80 56 -1
80 58 1
80 61 -1
80 63 -1
80 65 -1
80 67 -1
80 68 -1
80 70 -1
80 71 1
80 74 -1
80 76 -1
80 77 -1
80 78 -1
80 79 -1
80 81 -1
80 82 -1
80 83 -1
80 84 -1
80 85 -1
80 86 -1
80 87 1
80 88 -1
80 90 -1
80 92 1
80 93 -1
80 94 1
80 96 -1
80 97 -1
80 98 1
80 101 -1
80 102 -1
80 104 1
80 105 1
80 109 -1
80 110 1
80 112 -1
80 113 -1
80 114 -1
80 116 -1
80 117 -1
80 118 -1
80 122 1
80 124 -1
80 125 -1
80 126 1
80 127 -1
80 129 -1
80 130 -1
81 3 -1
81 5 1
81 6 -1
81 7 -1
81 9 1
81 11 -1
81 12 -1
81 14 -1
81 15 -1
81 19 -1
81 20 -1
81 22 -1
81 23 -1
81 24 -1
81 25 -1
81 26 -1
81 27 -1
81 28 -1
81 32 -1
81 33 -1
81 34 -1
81 36 -1
81 39 -1
81 40 -1
81 42 -1
81 46 1
81 49 -1
81 53 -1
81 55 -1
81 56 -1
81 58 -1
81 59 -1
81 61 -1
81 62 -1
81 63 -1
81 66 1
81 74 -1
81 79 -1
81 83 1
81 85 1
81 92 1
81 93 -1
81 94 -1
81 95 -1
81 96 -1
81 97 -1
81 100 -1
81 108 1
81 110 -1
81 112 1
81 113 1
81 114 -1
81 116 -1
81 120 -1
81 121 -1
81 122 -1
81 124 -1
81 125 1
81 126 1
81 128 -1
81 129 1
81 130 -1
82 3 1
82 5 -1
82 6 -1
82 8 1
82 9 -1
82 10 1
82 14 -1
82 17 -1
82 18 -1
82 19 1
82 20 -1
82 21 -1
82 22 1
82 23 -1
82 24 1
82 27 -1
82 29 1
82 30 -1
82 31 -1
82 32 -1
82 38 -1
82 40 -1
82 42 -1
82 43 -1
82 44 1
82 45 -1
82 46 -1
82 48 -1
82 49 -1
82 50 -1
82 52 -1
82 53 -1
82 54 -1
82 56 -1
82 57 -1
82 59 -1
82 60 -1
82 62 -1
82 64 -1
82 65 -1
82 66 -1
82 70 -1
82 73 -1
82 75 -1
82 76 -1
82 78 1
82 81 -1
82 83 1
82 86 -1
82 87 -1
82 88 -1
82 89 -1
82 90 1
82 91 -1
82 94 -1
82 95 -1
82 96 -1
82 99 -1
82 101 -1
82 102 -1
82 104 1
82 105 -1
82 109 1
82 110 1
82 111 -1
82 117 -1
82 118 1
82 121 -1
82 122 -1
82 123 1
82 124 1
82 127 -1
82 129 -1
82 130 -1
83 1 1
83 2 1
83 4 -1
83 5 -1
83 9 -1
83 12 -1
83 15 1
83 16 -1
83 19 1
83 20 1
83 21 -1
83 22 -1
83 24 -1
83 27 -1
83 28 -1
83 32 -1
83 38 -1
83 39 -1
83 41 -1
83 42 -1
83 43 -1
83 44 -1
83 54 1
83 56 -1
83 60 -1
83 61 -1
83 62 -1
83 63 -1
83 71 -1
83 72 -1
83 76 -1
83 77 -1
83 79 -1
83 84 1
83 89 1
83 90 -1
83 91 -1
83 92 -1
83 95 -1
83 100 -1
83 101 -1
83 103 1
83 104 1
83 107 -1
83 108 1
83 109 -1
83 110 -1
83 111 1
83 116 -1
83 117 -1
83 118 -1
83 120 -1
83 121 -1
83 122 -1
83 123 -1
83 124 1
83 126 -1
83 127 1
84 1 -1
84 2 -1
84 3 -1
84 5 -1
84 6 -1
84 7 -1
84 8 -1
84 9 -1
84 13 1
84 16 -1
84 18 1
84 19 -1
84 21 1
84 24 -1
84 25 -1
84 28 -1
84 29 -1
84 31 -1
84 35 -1
84 36 1
84 37 -1
84 38 -1
84 39 -1
84 42 1
84 45 -1
84 46 -1
84 47 1
84 48 1
84 52 1
84 53 -1
84 56 -1
84 58 -1
84 59 -1
84 60 -1
84 61 -1
84 65 -1
84 66 -1
84 71 -1
84 73 -1
84 76 -1
84 78 -1
84 79 -1
84 81 -1
84 82 -1
84 85 -1
84 86 -1
84 87 -1
84 90 -1
84 92 -1
84 93 -1
84 94 -1
84 95 -1
84 96 -1
84 98 -1
84 99 1
84 102 -1
84 103 -1
84 107 -1
84 108 -1
84 110 -1
84 111 -1
84 112 -1
84 113 -1
84 116 -1
84 117 -1
84 119 1
84 120 -1
84 122 -1
84 127 -1
84 129 -1
84 130 -1
85 1 1
85 3 -1
85 4 -1
85 5 -1
85 6 -1
85 7 -1
85 8 -1
85 11 -1
85 14 -1
85 15 -1
85 19 -1
85 20 -1
85 23 -1
85 24 -1
85 26 -1
85 27 -1
85 28 -1
85 30 -1
85 31 -1
85 32 1
85 35 -1
85 37 1
85 38 1
85 40 1
85 41 -1
85 43 -1
85 44 -1
85 45 1
85 46 -1
85 47 -1
85 48 -1
85 49 1
85 52 -1
85 54 -1
85 57 -1
85 58 -1
85 59 -1
85 64 -1
85 65 -1
85 68 -1
85 71 1
85 72 -1
85 75 1
85 76 -1
85 78 -1
85 82 -1
85 83 -1
85 87 -1
85 88 -1
85 89 -1
85 90 -1
85 92 -1
85 93 -1
85 95 -1
85 98 -1
85 106 1
85 109 1
85 112 1
85 114 -1
85 115 -1
85 116 1
85 118 -1
85 120 -1
85 124 -1
85 125 -1
85 127 1
85 130 -1
86 1 -1
86 2 -1
86 4 -1
86 8 -1
86 10 -1
86 11 -1
86 12 -1
86 13 -1
86 16 -1
86 18 1
86 19 -1
86 21 -1
86 22 1
86 23 1
86 25 -1
86 26 -1
86 27 1
86 28 1
86 30 -1
86 32 1
86 33 1
86 34 -1
86 36 -1
86 37 -1
86 38 -1
86 40 1
86 43 -1
86 47 -1
86 49 -1
86 50 -1
86 51 -1
86 52 -1
86 54 1
86 56 -1
86 57 -1
86 59 -1
86 61 -1
86 65 -1
86 67 1
86 68 -1
86 70 1
86 71 -1
86 72 -1
86 73 -1
86 74 -1
86 75 -1
86 76 -1
86 77 -1
86 78 -1
86 81 -1
86 83 1
86 85 -1
86 88 -1
86 89 -1
86 90 -1
86 92 -1
86 93 -1
86 97 -1
86 101 -1
86 102 -1
86 107 1
86 108 -1
86 111 -1
86 113 -1
86 115 1
86 118 -1
86 119 -1
86 121 -1
86 122 -1
86 128 -1
86 129 -1
86 130 1
87 1 -1
87 3 1
87 4 -1
87 7 1
87 9 -1
87 10 -1
87 11 -1
87 12 -1
87 14 -1
87 15 -1
87 16 -1
87 17 -1
87 20 -1
87 24 1
87 25 -1
87 26 1
87 27 -1
87 28 -1
87 29 -1
87 30 -1
87 35 -1
87 36 1
87 40 1
87 41 -1
87 42 -1
87 43 -1
87 44 -1
87 46 -1
87 47 -1
87 48 -1
87 49 -1
87 50 -1
87 51 1
87 53 -1
87 54 -1
87 56 -1
87 58 1
87 59 -1
87 63 -1
87 67 -1
87 69 -1
87 70 -1
87 76 -1
87 77 -1
87 81 -1
87 83 -1
87 86 -1
87 88 1
87 89 -1
87 91 -1
87 93 -1
87 95 -1
87 96 1
87 98 -1
87 99 -1
87 100 -1
87 103 -1
87 106 1
87 108 -1
87 109 -1
87 110 -1
87 119 -1
87 120 1
87 121 -1
87 126 1
87 127 1
87 128 -1
88 4 -1
88 8 -1
88 13 -1
88 16 1
88 18 -1
88 19 -1
88 21 1
88 23 -1
88 25 -1
88 27 -1
88 28 -1
88 29 -1
88 31 -1
88 39 -1
88 40 1
88 41 -1
88 42 -1
88 45 -1
88 46 -1
88 50 1
88 54 -1
88 56 -1
88 57 -1
88 61 -1
88 64 -1
88 66 -1
88 69 -1
88 70 -1
88 71 -1
88 77 -1
88 81 -1
88 83 -1
88 84 -1
88 89 -1
88 90 1
88 92 -1
88 93 -1
88 94 -1
88 97 -1
88 100 -1
88 102 -1
88 103 -1
88 104 1
88 106 -1
88 113 -1
88 116 -1
88 120 -1
88 121 -1
88 123 1
88 124 -1
88 125 1
88 127 -1
88 128 -1
88 129 1
89 2 -1
89 4 -1
89 8 -1
89 9 1
89 13 -1
89 15 -1
89 16 -1
89 18 1
89 19 -1
89 23 -1
89 24 1
89 25 -1
89 26 -1
89 29 -1
89 30 -1
89 35 -1
89 38 -1
89 41 1
89 45 -1
89 46 -1
89 49 -1
89 50 -1
89 52 -1
89 54 -1
89 55 -1
89 56 -1
89 57 -1
89 58 -1
89 59 1
89 61 -1
89 62 -1
89 64 -1
89 68 -1
89 70 -1
89 71 -1
89 73 -1
89 74 -1
89 75 1
89 78 -1
89 80 -1
89 81 1
89 84 1
89 90 1
89 91 1
89 92 -1
89 96 1
89 99 -1
89 101 -1
89 102 1
89 103 -1
89 105 -1
89 107 1
89 109 -1
89 110 -1
89 113 -1
89 115 -1
89 117 -1
89 118 -1
89 120 1
89 121 1
89 123 -1
89 124 1
89 125 -1
89 127 -1
89 129 -1
89 130 -1
90 1 1
90 5 -1
90 7 -1
90 8 1
90 10 -1
90 11 1
90 12 1
90 17 -1
90 18 -1
90 19 -1
90 20 -1
90 21 -1
90 22 -1
90 25 -1
90 26 -1
90 27 -1
90 28 -1
90 31 -1
90 33 -1
90 40 -1
90 42 -1
90 43 -1
90 44 -1
90 46 -1
90 50 -1
90 54 -1
90 55 -1
90 57 -1
90 59 -1
90 61 -1
90 65 1
90 67 -1
90 68 -1
90 71 -1
90 72 -1
90 73 -1
90 74 -1
90 75 1
90 78 -1
90 81 -1
90 87 -1
90 94 -1
90 95 -1
90 97 -1
90 99 -1
90 102 -1
90 103 -1
90 104 -1
90 105 -1
90 110 -1
90 111 -1
90 114 -1
90 116 -1
90 119 -1
90 123 -1
90 124 1
90 129 -1
90 130 -1
91 5 -1
91 6 -1
91 7 -1
91 9 -1
91 11 -1
91 12 1
91 14 -1
91 19 -1
91 20 -1
91 21 -1
91 26 -1
91 27 -1
91 29 -1
91 30 -1
91 36 -1
91 37 -1
91 39 -1
91 40 1
91 41 -1
91 42 -1
91 43 -1
91 45 -1
91 47 -1
91 51 -1
91 54 -1
91 56 -1
91 57 1
91 58 -1
91 60 -1
91 62 1
91 64 -1
91 65 1
91 69 -1
91 70 -1
91 71 -1
91 72 -1
91 73 -1
91 74 -1
91 75 -1
91 76 -1
91 77 -1
91 78 -1
91 79 -1
91 80 1
91 81 -1
91 84 -1
91 85 -1
91 86 -1
91 88 -1
91 90 -1
91 94 -1
91 95 -1
91 96 -1
91 100 -1
91 101 1
91 103 1
91 104 -1
91 107 -1
91 108 1
91 110 1
91 111 -1
91 112 -1
91 114 1
91 115 1
91 116 1
91 119 -1
91 120 1
91 121 -1
91 124 1
92 1 -1
92 3 -1
92 4 -1
92 5 1
92 6 -1
92 8 -1
92 10 -1
92 11 -1
92 12 -1
92 13 -1
92 17 -1
92 18 -1
92 20 1
92 22 1
92 23 -1
92 27 -1
92 28 -1
92 33 -1
92 35 -1
92 36 -1
92 37 -1
92 42 -1
92 43 1
92 46 -1
92 47 1
92 48 -1
92 52 -1
92 62 -1
92 64 1
92 65 -1
92 66 1
92 71 -1
92 72 -1
92 77 1
92 79 -1
92 82 1
92 87 -1
92 90 1
92 91 -1
92 93 -1
92 96 -1
92 97 -1
92 100 -1
92 101 1
92 104 1
92 106 -1
92 107 -1
92 108 -1
92 109 -1
92 110 -1
92 119 -1
92 120 -1
92 121 1
92 123 -1
92 127 -1
92 128 -1
92 129 -1
92 130 -1
93 1 1
93 2 -1
93 3 1
93 4 -1
93 5 -1
93 7 -1
93 9 -1
93 10 -1
93 11 -1
93 12 -1
93 13 -1
93 15 1
93 18 -1
93 22 -1
93 23 1
93 26 -1
93 27 1
93 28 -1
93 30 1
93 32 -1
93 35 -1
93 36 -1
93 37 -1
93 38 -1
93 39 -1
93 40 -1
93 41 -1
93 43 -1
93 44 -1
93 46 -1
93 48 -1
93 56 -1
93 57 -1
93 58 -1
93 59 -1
93 60 1
93 61 -1
93 62 -1
93 63 1
93 64 -1
93 69 1
93 70 -1
93 72 -1
93 75 -1
93 76 -1
93 77 -1
93 79 -1
93 82 -1
93 83 -1
93 89 -1
93 90 1
93 91 1
93 97 -1
93 101 -1
93 102 1
93 104 -1
93 105 -1
93 107 -1
93 108 -1
93 109 -1
93 112 1
93 113 -1
93 114 -1
93 116 -1
93 119 -1
93 121 1
93 125 -1
93 128 -1
93 129 1
94 1 -1
94 6 -1
94 10 1
94 11 -1
94 14 -1
94 16 -1
94 19 -1
94 20 -1
94 21 -1
94 25 -1
94 26 -1
94 28 1
94 30 1
94 31 -1
94 35 1
94 36 -1
94 41 -1
94 44 -1
94 45 -1
94 46 1
94 47 -1
94 48 -1
94 52 -1
94 53 1
94 54 -1
94 58 -1
94 60 -1
94 61 -1
94 62 1
94 63 1
94 65 -1
94 66 -1
94 68 -1
94 70 -1
94 72 -1
94 73 -1
94 74 -1
94 76 -1
94 77 -1
94 78 -1
94 79 -1
94 83 -1
94 85 -1
94 86 -1
94 87 1
94 89 -1
94 92 -1
94 93 -1
94 95 1
94 98 -1
94 101 -1
94 102 -1
94 103 -1
94 104 -1
94 105 -1
94 106 -1
94 107 -1
94 112 -1
94 116 1
94 119 1
94 127 -1
94 128 -1
94 129 -1
95 1 -1
95 5 1
95 10 -1
95 13 -1
95 16 1
95 20 -1
95 21 -1
95 23 -1
95 24 -1
95 26 -1
95 27 1
95 29 -1
95 34 -1
95 35 -1
95 36 -1
95 38 -1
95 39 -1
95 40 -1
95 41 -1
95 42 1
95 44 -1
95 45 -1
95 46 -1
95 48 -1
95 49 -1
95 50 -1
95 51 1
95 52 1
95 53 -1
95 55 1
95 56 -1
95 58 -1
95 59 -1
95 60 -1
95 62 -1
95 63 1
95 64 -1
95 65 1
95 66 -1
95 67 1
95 68 -1
95 70 -1
95 71 1
95 72 -1
95 73 1
95 74 -1
95 75 -1
95 78 -1
95 79 -1
95 80 -1
95 86 -1
95 88 -1
95 89 -1
95 92 -1
95 93 -1
95 97 -1
95 100 -1
95 101 1
95 104 -1
95 105 -1
95 106 -1
95 107 -1
95 108 -1
95 109 -1
95 113 -1
95 115 -1
95 117 -1
95 119 -1
95 120 -1
95 121 1
95 123 -1
95 124 1
95 125 -1
95 129 -1
96 3 -1
96 5 1
96 6 1
96 8 -1
96 9 1
96 11 -1
96 12 -1
96 13 -1
96 15 -1
96 16 -1
96 17 1
96 18 1
96 20 -1
96 21 -1
96 22 -1
96 23 1
96 28 -1
96 31 1
96 32 -1
96 33 -1
96 35 -1
96 40 1
96 42 -1
96 43 -1
96 46 -1
96 47 -1
96 48 -1
96 49 -1
96 52 -1
96 53 -1
96 54 1
96 55 1
96 57 -1
96 58 1
96 59 -1
96 61 -1
96 63 -1
96 67 1
96 68 -1
96 72 -1
96 73 1
96 74 1
96 75 -1
96 77 -1
96 78 -1
96 83 -1
96 85 1
96 86 -1
96 88 -1
96 90 1
96 93 -1
96 94 -1
96 95 -1
96 99 -1
96 100 1
96 103 -1
96 105 1
96 106 -1
96 111 -1
96 114 1
96 115 1
96 117 -1
96 119 -1
96 124 -1
96 126 -1
96 127 -1
96 128 -1
96 129 1
97 1 -1
97 3 -1
97 4 1
97 6 -1
97 7 -1
97 10 -1
97 12 -1
97 14 -1
97 15 -1
97 16 1
97 20 -1
97 23 1
97 24 -1
97 26 -1
97 38 -1
97 40 -1
97 41 -1
97 42 -1
97 43 1
97 45 -1
97 47 -1
97 48 -1
97 49 1
97 50 -1
97 53 -1
97 54 -1
97 56 1
97 57 -1
97 61 -1
97 63 -1
97 65 -1
97 66 -1
97 67 1
97 69 -1
97 70 -1
97 71 -1
97 72 1
97 73 -1
97 75 -1
97 77 -1
97 82 -1
97 83 -1
97 84 -1
97 85 -1
97 87 -1
97 89 1
97 91 -1
97 94 -1
97 96 1
97 103 -1
97 105 -1
97 106 -1
97 109 -1
97 110 -1
97 111 -1
97 112 -1
97 117 -1
97 122 -1
97 123 -1
97 124 -1
97 125 -1
97 126 -1
97 128 -1
98 1 -1
98 3 -1
98 4 -1
98 5 -1
98 6 -1
98 8 -1
98 9 -1
98 13 -1
98 17 -1
98 21 1
98 22 -1
98 23 -1
98 24 1
98 30 -1
98 33 -1
98 34 -1
98 35 1
98 36 -1
98 39 -1
98 40 -1
98 44 -1
98 45 -1
98 46 -1
98 47 -1
98 49 -1
98 50 1
98 51 -1
98 52 -1
98 54 -1
98 55 -1
98 56 -1
98 57 -1
98 60 -1
98 61 -1
98 66 -1
98 67 -1
98 68 -1
98 69 1
98 70 1
98 72 -1
98 73 -1
98 75 -1
98 81 1
98 82 1
98 83 -1
98 86 -1
98 88 -1
98 89 -1
98 90 -1
98 91 -1
98 92 -1
98 93 -1
98 95 -1
98 96 1
98 97 -1
98 99 -1
98 101 -1
98 102 -1
98 103 -1
98 104 -1
98 106 -1
98 108 -1
98 110 -1
98 114 -1
98 115 -1
98 117 -1
98 120 -1
98 121 -1
98 123 -1
98 124 -1
98 125 -1
98 126 1
98 127 -1
98 129 -1
99 2 -1
99 3 -1
99 4 1
99 6 -1
99 8 1
99 11 -1
99 15 -1
99 16 -1
99 17 -1
99 21 -1
99 22 -1
99 27 -1
99 28 1
99 30 1
99 34 -1
99 35 1
99 36 1
99 40 -1
99 43 -1
99 47 -1
99 48 -1
99 49 -1
99 53 1
99 55 -1
99 56 -1
99 57 1
99 58 1
99 60 1
99 62 -1
99 67 1
99 68 -1
99 69 -1
99 71 1
99 73 1
99 74 -1
99 75 -1
99 76 -1
99 77 1
99 78 -1
99 80 -1
99 81 -1
99 83 1
99 85 1
99 86 -1
99 88 1
99 91 -1
99 92 -1
99 93 -1
99 94 1
99 95 -1
99 97 -1
99 102 -1
99 103 -1
99 104 -1
99 105 -1
99 106 -1
99 107 -1
99 108 1
99 112 -1
99 113 1
99 114 -1
99 115 -1
99 117 -1
99 118 -1
99 120 -1
99 121 1
99 123 -1
99 124 -1
99 126 -1
99 128 -1
99 130 1
100 1 -1
100 2 -1
100 3 -1
100 4 -1
100 6 -1
100 7 1
100 8 -1
100 9 -1
100 10 -1
100 11 -1
100 15 -1
100 17 -1
100 18 -1
100 20 1
100 23 -1
100 25 -1
100 26 -1
100 27 -1
100 28 -1
100 29 1
100 32 1
100 33 -1
100 34 1
100 35 -1
100 36 -1
100 37 -1
100 38 1
100 40 -1
100 41 1
100 42 1
100 43 -1
100 44 -1
100 45 -1
100 48 -1
100 51 1
100 57 -1
100 58 -1
100 60 -1
100 61 1
100 63 -1
100 64 -1
100 66 1
100 70 1
100 71 1
100 72 -1
100 73 -1
100 74 -1
100 75 1
100 77 1
100 78 -1
100 80 -1
100 82 -1
100 84 -1
100 85 1
100 86 -1
100 89 -1
100 90 -1
100 93 -1
100 94 -1
100 97 -1
100 98 -1
100 99 -1
100 101 -1
100 103 -1
100 106 -1
100 107 -1
100 108 -1
100 109 -1
100 112 -1
100 118 -1
100 121 -1
100 122 -1
100 128 -1
100 129 -1
100 130 1
101 2 -1
101 3 -1
101 5 -1
101 7 1
101 8 -1
101 9 -1
101 10 -1
101 12 1
101 14 -1
101 17 -1
101 18 -1
101 22 -1
101 23 -1
101 24 -1
101 26 -1
101 27 -1
101 29 -1
101 30 -1
101 31 -1
101 35 -1
101 36 -1
101 38 -1
101 40 -1
101 41 -1
101 44 1
101 45 -1
101 47 -1
101 48 -1
101 49 -1
101 50 -1
101 51 -1
101 52 -1
101 53 -1
101 56 -1
101 57 -1
101 59 -1
101 60 -1
101 64 1
101 65 -1
101 70 -1
101 81 1
101 84 1
101 85 -1
101 87 1
101 88 -1
101 90 -1
101 96 -1
101 97 -1
101 99 -1
101 102 -1
101 103 1
101 106 1
101 108 -1
101 109 1
101 112 -1
101 113 -1
101 114 -1
101 118 -1
101 123 -1
101 126 -1
101 128 1
101 129 -1
102 1 1
102 2 -1
102 4 -1
102 6 -1
102 8 -1
102 9 -1
102 11 -1
102 13 -1
102 15 1
102 16 -1
102 17 -1
102 22 -1
102 23 -1
102 24 -1
102 26 -1
102 28 1
102 32 -1
102 35 -1
102 38 -1
102 42 -1
102 44 -1
102 45 1
102 50 -1
102 52 -1
102 53 -1
102 54 -1
102 60 -1
102 62 -1
102 63 1
102 65 1
102 66 -1
102 68 -1
102 71 1
102 73 -1
102 75 -1
102 76 -1
102 78 1
102 81 -1
102 83 -1
102 85 -1
102 87 -1
102 91 -1
102 92 1
102 95 -1
102 96 -1
102 97 -1
102 100 -1
102 103 -1
102 104 1
102 105 -1
102 106 -1
102 107 1
102 108 -1
102 112 -1
102 113 -1
102 114 -1
102 117 -1
102 118 1
102 120 -1
102 122 -1
102 123 -1
102 126 -1
102 127 -1
102 130 -1
103 4 -1
103 6 -1
103 7 -1
103 9 -1
103 12 -1
103 13 -1
103 14 -1
103 17 1
103 18 -1
103 20 -1
103 22 -1
103 26 -1
103 27 -1
103 28 -1
103 31 -1
103 32 -1
103 34 -1
103 35 -1
103 36 -1
103 39 -1
103 42 -1
103 43 -1
103 49 -1
103 51 -1
103 56 -1
103 59 -1
103 60 -1
103 62 -1
103 64 -1
103 65 -1
103 66 -1
103 67 -1
103 70 -1
103 73 -1
103 77 -1
103 78 -1
103 80 -1
103 81 -1
103 82 1
103 85 1
103 86 -1
103 92 1
103 93 -1
103 95 -1
103 104 -1
103 105 -1
103 107 -1
103 110 1
103 112 -1
103 113 -1
103 117 -1
103 118 1
103 119 1
103 123 -1
103 124 1
103 125 -1
103 128 -1
103 129 -1
104 2 -1
104 8 -1
104 11 -1
104 13 -1
104 14 1
104 17 -1
104 18 -1
104 20 -1
104 21 -1
104 24 -1
104 25 -1
104 26 -1
104 30 1
104 32 -1
104 34 -1
104 35 1
104 36 1
104 38 -1
104 39 -1
104 40 -1
104 43 1
104 44 -1
104 46 -1
104 50 -1
104 51 -1
104 58 -1
104 63 -1
104 64 1
104 66 -1
104 68 -1
104 69 1
104 70 1
104 73 -1
104 74 -1
104 75 -1
104 76 -1
104 77 -1
104 78 -1
104 79 1
104 81 -1
104 84 -1
104 85 -1
104 86 -1
104 87 -1
104 89 -1
104 96 -1
104 97 -1
104 100 -1
104 101 -1
104 107 -1
104 108 -1
104 109 -1
104 113 -1
104 114 -1
104 115 -1
104 116 -1
104 119 1
104 120 1
104 123 1
104 124 -1
104 128 -1
104 129 -1
104 130 1
105 1 -1
105 3 -1
105 5 1
105 6 -1
105 7 -1
105 10 -1
105 11 -1
105 12 -1
105 14 -1
105 16 -1
105 19 -1
105 21 -1
105 22 -1
105 29 -1
105 30 -1
105 31 -1
105 32 -1
105 34 -1
105 38 -1
105 39 1
105 40 -1
105 42 -1
105 47 -1
105 49 -1
105 50 -1
105 51 1
105 52 -1
105 54 -1
105 55 -1
105 58 -1
105 60 -1
105 63 1
105 67 -1
105 70 -1
105 72 -1
105 73 -1
105 74 -1
105 75 -1
105 76 -1
105 77 -1
105 78 1
105 81 -1
105 83 1
105 84 -1
105 85 -1
105 86 -1
105 87 -1
105 88 -1
105 91 -1
105 92 1
105 98 -1
105 100 -1
105 101 -1
105 104 -1
105 107 -1
105 109 -1
105 110 -1
105 112 -1
105 114 -1
105 115 1
105 117 -1
105 118 -1
105 119 1
105 121 -1
105 123 -1
105 124 -1
105 127 -1
105 129 1
105 130 -1
106 1 -1
106 2 -1
106 5 -1
106 11 -1
106 12 -1
106 13 1
106 16 -1
106 18 -1
106 19 -1
106 20 -1
106 21 -1
106 23 1
106 27 -1
106 33 -1
106 34 -1
106 36 1
106 40 -1
106 42 -1
106 44 -1
106 45 -1
106 47 1
106 48 -1
106 50 -1
106 55 -1
106 56 -1
106 58 -1
106 59 -1
106 61 -1
106 62 -1
106 63 -1
106 64 1
106 66 -1
106 68 -1
106 70 -1
106 71 -1
106 75 -1
106 78 -1
106 80 -1
106 81 -1
106 82 -1
106 83 1
106 84 1
106 86 -1
106 89 -1
106 90 -1
106 91 -1
106 93 -1
106 103 -1
106 104 -1
106 105 -1
106 110 1
106 111 1
106 112 -1
106 114 -1
106 115 -1
106 117 -1
106 120 -1
106 122 -1
106 123 -1
106 125 1
106 126 -1
106 127 -1
106 130 -1
107 1 -1
107 4 -1
107 8 -1
107 10 -1
107 11 -1
107 13 1
107 16 -1
107 17 -1
107 18 -1
107 21 -1
107 22 -1
107 23 -1
107 24 -1
107 25 -1
107 27 -1
107 31 -1
107 34 1
107 35 1
107 37 -1
107 38 -1
107 40 1
107 41 -1
107 42 -1
107 43 -1
107 44 -1
107 45 1
107 50 1
107 51 1
107 52 1
107 54 -1
107 55 1
107 56 -1
107 59 -1
107 68 -1
107 70 -1
107 71 -1
107 75 -1
107 79 -1
107 80 -1
107 81 -1
107 82 -1
107 85 -1
107 87 -1
107 88 -1
107 90 -1
107 96 1
107 97 -1
107 98 1
107 101 1
107 106 -1
107 108 -1
107 109 -1
107 111 -1
107 114 1
107 115 -1
107 123 -1
107 124 -1
107 125 1
107 128 1
108 3 -1
108 4 1
108 7 -1
108 8 -1
108 9 -1
108 11 -1
108 15 -1
108 16 -1
108 17 1
108 18 1
108 21 -1
108 24 -1
108 25 1
108 26 -1
108 27 -1
108 31 1
108 36 -1
108 41 -1
108 42 -1
108 43 -1
108 44 -1
108 46 -1
108 47 -1
108 51 1
108 53 1
108 57 -1
108 62 -1
108 66 -1
108 67 -1
108 68 -1
108 69 -1
108 70 -1
108 71 1
108 72 -1
108 75 -1
108 79 -1
108 80 -1
108 82 -1
108 85 1
108 88 -1
108 89 -1
108 90 1
108 94 1
108 96 -1
108 97 -1
108 103 -1
108 105 -1
108 106 -1
108 111 -1
108 113 -1
108 120 -1
108 124 -1
108 125 -1
108 127 -1
108 128 -1
108 129 -1
109 4 -1
109 5 -1
109 6 -1
109 7 -1
109 8 -1
109 9 1
109 10 -1
109 13 -1
109 17 -1
109 18 -1
109 19 -1
109 20 -1
109 21 -1
109 23 -1
109 31 -1
109 33 -1
109 39 -1
109 40 -1
109 45 -1
109 47 -1
109 51 -1
109 53 -1
109 59 -1
109 60 -1
109 64 -1
109 65 1
109 67 1
109 68 -1
109 70 1
109 71 -1
109 74 -1
109 77 1
109 81 -1
109 84 -1
109 86 -1
109 88 1
109 90 -1
109 91 -1
109 94 -1
109 96 -1
109 98 1
109 99 -1
109 102 -1
109 103 -1
109 106 -1
109 108 -1
109 110 1
109 111 -1
109 115 1
109 116 -1
109 123 -1
109 125 -1
109 126 -1
109 129 1
110 4 -1
110 5 -1
110 7 -1
110 9 -1
110 10 1
110 11 -1
110 12 -1
110 13 -1
110 14 -1
110 15 -1
110 19 -1
110 23 1
110 26 -1
110 33 -1
110 34 -1
110 37 -1
110 39 1
110 43 -1
110 46 1
110 47 -1
110 48 1
110 49 -1
110 50 -1
110 60 -1
110 63 -1
110 65 1
110 66 -1
110 71 1
110 74 1
110 75 -1
110 78 -1
110 85 -1
110 86 -1
110 88 1
110 93 -1
110 94 -1
110 95 -1
110 96 -1
110 99 -1
110 100 -1
110 101 1
110 102 1
110 104 -1
110 107 -1
110 108 -1
110 111 -1
110 113 1
110 115 1
110 118 1
110 119 -1
110 121 -1
110 122 -1
110 123 -1
110 126 -1
110 127 -1
110 128 -1
111 1 -1
111 3 -1
111 9 -1
111 11 -1
111 12 1
111 13 -1
111 15 -1
111 17 1
111 20 -1
111 21 -1
111 24 -1
111 25 -1
111 27 1
111 29 1
111 30 -1
111 32 -1
111 34 -1
111 35 1
111 36 -1
111 38 1
111 39 -1
111 40 -1
111 41 -1
111 42 -1
111 46 -1
111 47 -1
111 49 -1
111 52 -1
111 53 -1
111 54 1
111 56 1
111 58 -1
111 59 -1
111 60 -1
111 61 -1
111 62 -1
111 66 -1
111 68 1
111 70 -1
111 71 -1
111 73 -1
111 76 -1
111 77 -1
111 79 -1
111 80 -1
111 81 -1
111 85 -1
111 87 -1
111 88 -1
111 89 -1
111 92 -1
111 93 -1
111 94 -1
111 95 -1
111 98 -1
111 99 -1
111 100 -1
111 101 -1
111 102 1
111 103 -1
111 104 -1
111 105 -1
111 112 -1
111 114 -1
111 115 -1
111 116 -1
111 121 -1
111 123 -1
111 124 1
112 1 -1
112 3 -1
112 4 -1
112 8 -1
112 9 -1
112 10 -1
112 11 -1
112 15 -1
112 17 1
112 19 -1
112 20 -1
112 21 1
112 23 1
112 24 -1
112 30 -1
112 32 -1
112 33 -1
112 34 -1
112 37 -1
112 42 1
112 45 -1
112 48 -1
112 50 -1
112 51 -1
112 52 -1
112 53 -1
112 54 1
112 55 -1
112 56 -1
112 60 -1
112 65 -1
112 66 -1
112 67 1
112 68 1
112 71 -1
112 73 1
112 74 -1
112 75 1
112 78 -1
112 82 1
112 83 -1
112 86 -1
112 87 -1
112 88 -1
112 89 -1
112 90 -1
112 92 -1
112 95 1
112 96 -1
112 98 -1
112 104 -1
112 107 -1
112 108 -1
112 109 -1
112 110 1
112 114 -1
112 115 -1
112 116 -1
112 118 -1
112 119 -1
112 121 -1
112 122 1
112 123 -1
112 126 -1
112 129 -1
113 2 -1
113 3 1
113 5 -1
113 9 -1
113 11 -1
113 12 -1
113 13 1
113 16 -1
113 17 -1
113 18 -1
113 19 -1
113 20 -1
113 23 -1
113 24 -1
113 25 -1
113 26 1
113 28 1
113 29 -1
113 31 -1
113 32 -1
113 34 1
113 35 -1
113 36 -1
113 38 1
113 40 -1
113 42 -1
113 43 -1
113 44 -1
113 50 -1
113 52 -1
113 53 -1
113 54 1
113 56 -1
113 57 -1
113 59 1
113 63 -1
113 64 1
113 66 1
113 67 -1
113 70 -1
113 71 -1
113 72 -1
113 74 1
113 75 -1
113 76 -1
113 77 -1
113 79 -1
113 82 -1
113 83 -1
113 85 -1
113 87 -1
113 90 1
113 91 -1
113 92 -1
113 94 -1
113 96 -1
113 97 -1
113 98 -1
113 100 -1
113 105 -1
113 106 1
113 107 -1
113 109 -1
113 111 1
113 112 -1
113 114 -1
113 117 1
113 118 -1
113 119 -1
113 120 -1
113 122 -1
113 128 -1
113 129 -1
113 130 1
114 1 -1
114 2 -1
114 3 -1
114 8 -1
114 10 -1
114 14 -1
114 18 -1
114 20 -1
114 26 1
114 27 1
114 29 -1
114 34 1
114 37 -1
114 38 1
114 39 -1
114 40 -1
114 41 -1
114 43 -1
114 45 -1
114 48 -1
114 50 -1
114 53 -1
114 55 -1
114 57 -1
114 58 1
114 59 -1
114 62 -1
114 63 -1
114 66 -1
114 67 -1
114 69 -1
114 73 -1
114 77 -1
114 78 1
114 79 -1
114 82 -1
114 83 -1
114 84 -1
114 86 1
114 87 -1
114 88 -1
114 89 -1
114 92 -1
114 94 -1
114 95 -1
114 97 1
114 100 -1
114 103 -1
114 108 -1
114 109 -1
114 110 1
114 117 -1
114 118 -1
114 120 1
114 123 1
114 125 -1
114 126 -1
114 128 -1
114 130 1
115 1 -1
115 3 -1
115 4 -1
115 5 -1
115 6 -1
115 7 -1
115 9 -1
115 11 -1
115 12 -1
115 13 -1
115 16 -1
115 19 -1
115 20 -1
115 21 -1
115 27 -1
115 28 -1
115 29 1
115 30 1
115 31 -1
115 32 -1
115 34 -1
115 39 -1
115 43 1
115 47 -1
115 49 1
115 50 -1
115 54 -1
115 55 -1
115 58 -1
115 61 -1
115 65 -1
115 66 -1
115 69 -1
115 70 1
115 73 -1
115 75 -1
115 80 -1
115 81 -1
115 82 -1
115 83 -1
115 84 -1
115 87 -1
115 88 1
115 90 -1
115 92 -1
115 93 -1
115 94 -1
115 97 1
115 100 1
115 101 -1
115 102 -1
115 103 -1
115 108 -1
115 113 -1
115 114 1
115 117 -1
115 118 -1
115 119 -1
115 121 -1
115 126 -1
115 129 -1
115 130 1
116 1 -1
116 2 1
116 5 -1
116 6 -1
116 8 1
116 12 -1
116 13 -1
116 14 1
116 15 -1
116 18 -1
116 19 -1
116 21 -1
116 22 -1
116 23 -1
116 24 -1
116 26 -1
116 27 -1
116 29 -1
116 30 1
116 32 -1
116 33 1
116 37 -1
116 38 -1
116 40 -1
116 44 -1
116 45 -1
116 50 -1
116 55 -1
116 59 -1
116 61 1
116 63 1
116 65 -1
116 71 -1
116 73 -1
116 74 -1
116 75 1
116 76 -1
116 77 1
116 78 -1
116 82 1
116 86 -1
116 87 -1
116 89 1
116 92 -1
116 95 -1
116 96 1
116 97 1
116 98 -1
116 99 -1
116 100 -1
116 101 -1
116 102 -1
116 103 -1
116 105 -1
116 106 -1
116 107 -1
116 108 -1
116 110 -1
116 113 -1
116 114 -1
116 115 1
116 117 1
116 118 1
116 119 -1
116 121 -1
116 126 -1
116 127 1
116 129 -1
117 1 -1
117 2 -1
117 3 -1
117 7 -1
117 9 -1
117 10 -1
117 11 -1
117 15 1
117 16 -1
117 19 -1
117 20 -1
117 21 -1
117 22 -1
117 23 1
117 24 -1
117 27 -1
117 29 -1
117 30 -1
117 31 -1
117 33 -1
117 34 -1
117 35 -1
117 38 -1
117 40 1
117 41 -1
117 42 -1
117 43 -1
117 44 -1
117 46 -1
117 47 -1
117 51 -1
117 52 -1
117 53 -1
117 56 -1
117 57 1
117 60 -1
117 62 -1
117 63 -1
117 65 -1
117 66 -1
117 68 1
117 70 1
117 71 -1
117 72 -1
117 73 -1
117 75 1
117 78 -1
117 79 1
117 81 -1
117 85 -1
117 86 -1
117 87 -1
117 88 -1
117 90 1
117 91 1
117 92 -1
117 93 -1
117 94 -1
117 100 -1
117 101 1
117 104 -1
117 107 -1
117 108 -1
117 109 -1
117 110 -1
117 111 -1
117 112 -1
117 118 -1
117 121 -1
117 123 -1
117 124 -1
117 125 -1
117 126 -1
117 129 -1
117 130 1
118 1 -1
118 3 -1
118 4 -1
118 5 -1
118 6 -1
118 8 -1
118 12 -1
118 13 -1
118 19 -1
118 21 -1
118 23 1
118 25 -1
118 28 -1
118 31 1
118 33 1
118 34 1
118 35 1
118 40 -1
118 41 -1
118 42 -1
118 43 -1
118 45 1
118 47 -1
118 51 -1
118 52 1
118 57 1
118 59 -1
118 60 -1
118 62 -1
118 64 1
118 65 -1
118 67 1
118 68 1
118 69 -1
118 72 -1
118 73 -1
118 74 -1
118 77 -1
118 78 -1
118 81 -1
118 84 1
118 87 -1
118 88 -1
118 90 -1
118 91 1
118 92 -1
118 93 -1
118 94 -1
118 95 -1
118 96 -1
118 97 1
118 98 -1
118 104 1
118 106 -1
118 107 -1
118 108 -1
118 109 -1
118 111 -1
118 120 -1
118 121 1
118 122 -1
118 125 -1
118 126 -1
118 127 -1
118 128 -1
119 2 -1
119 3 -1
119 4 -1
119 5 -1
119 10 1
119 11 -1
119 13 -1
119 16 -1
119 19 -1
119 20 -1
119 21 1
119 23 -1
119 24 -1
119 25 -1
119 26 -1
119 27 -1
119 30 -1
119 32 1
119 34 -1
119 36 -1
119 38 -1
119 39 -1
119 46 1
119 47 -1
119 49 1
119 50 -1
119 51 -1
119 52 -1
119 53 1
119 58 -1
119 60 -1
119 63 -1
119 66 1
119 67 -1
119 71 -1
119 73 -1
119 77 -1
119 78 -1
119 79 -1
119 80 -1
119 81 -1
119 82 1
119 83 -1
119 85 -1
119 88 -1
119 89 1
119 97 -1
119 98 1
119 99 -1
119 100 -1
119 101 -1
119 102 -1
119 106 -1
119 107 -1
119 108 1
119 109 -1
119 111 -1
119 114 -1
119 117 1
119 118 -1
119 124 -1
119 126 1
119 129 -1
120 1 -1
120 2 -1
120 4 1
120 5 -1
120 7 -1
120 11 -1
120 12 -1
120 13 -1
120 14 1
120 17 -1
120 18 -1
120 22 1
120 24 1
120 27 -1
120 29 1
120 31 -1
120 33 -1
120 34 1
120 37 -1
120 40 1
120 42 -1
120 43 -1
120 48 -1
120 52 1
120 55 -1
120 56 -1
120 59 -1
120 61 -1
120 62 -1
120 63 1
120 64 -1
120 69 -1
120 72 -1
120 74 -1
120 77 -1
120 78 -1
120 79 -1
120 80 -1
120 82 -1
120 86 -1
120 90 -1
120 93 1
120 94 1
120 96 -1
120 97 -1
120 100 -1
120 101 -1
120 103 1
120 105 1
120 107 -1
120 109 1
120 110 -1
120 111 -1
120 112 -1
120 115 -1
120 116 1
120 117 -1
120 119 1
120 122 -1
120 125 -1
120 130 -1
121 4 -1
121 7 -1
121 9 1
121 10 -1
121 11 -1
121 16 -1
121 19 1
121 24 -1
121 26 -1
121 32 -1
121 35 -1
121 40 -1
121 46 -1
121 47 -1
121 48 -1
121 49 -1
121 51 -1
121 52 -1
121 53 1
121 56 1
121 57 -1
121 64 -1
121 65 -1
121 71 -1
121 72 -1
121 73 -1
121 74 -1
121 75 -1
121 76 1
121 77 -1
121 79 -1
121 80 -1
121 84 -1
121 85 -1
121 90 -1
121 94 -1
121 96 1
121 97 -1
121 101 1
121 102 1
121 103 -1
121 104 1
121 106 -1
121 107 1
121 108 -1
121 109 -1
121 113 1
121 114 -1
121 119 -1
121 120 -1
121 122 -1
121 124 1
121 126 1
121 130 1
122 1 -1
122 2 -1
122 5 -1
122 7 -1
122 9 -1
122 11 -1
122 15 -1
122 16 -1
122 17 -1
122 18 -1
122 22 -1
122 24 -1
122 29 -1
122 31 -1
122 32 -1
122 37 -1
122 38 -1
122 39 1
122 40 -1
122 41 -1
122 42 -1
122 44 1
122 45 1
122 47 -1
122 49 -1
122 50 -1
122 51 -1
122 53 -1
122 57 -1
122 58 -1
122 60 -1
122 64 -1
122 65 -1
122 66 1
122 67 -1
122 68 -1
122 69 -1
122 70 -1
122 74 -1
122 77 1
122 78 -1
122 79 -1
122 85 -1
122 87 1
122 88 -1
122 89 -1
122 90 -1
122 91 -1
122 92 -1
122 93 1
122 94 -1
122 95 -1
122 96 -1
122 98 1
122 99 -1
122 101 1
122 103 -1
122 104 1
122 105 -1
122 107 1
122 108 -1
122 109 -1
122 111 -1
122 114 -1
122 115 -1
122 116 -1
122 117 -1
122 119 -1
122 124 -1
122 126 -1
122 130 -1
123 1 -1
123 2 -1
123 3 1
123 5 -1
123 6 -1
123 12 1
123 13 -1
123 14 1
123 15 -1
123 17 -1
123 20 1
123 22 1
123 23 -1
123 32 -1
123 33 -1
123 36 -1
123 38 1
123 43 -1
123 44 -1
123 45 -1
123 47 -1
123 48 1
123 50 -1
123 51 -1
123 52 -1
123 54 -1
123 63 -1
123 64 -1
123 66 -1
123 67 -1
123 68 -1
123 72 -1
123 73 -1
123 74 -1
123 75 -1
123 76 1
123 77 -1
123 78 -1
123 79 -1
123 80 -1
123 81 1
123 84 -1
123 85 -1
123 86 1
123 87 -1
123 91 -1
123 93 -1
123 94 -1
123 96 -1
123 100 -1
123 108 -1
123 113 -1
123 115 -1
123 116 -1
123 118 1
123 119 -1
123 120 -1
123 121 -1
123 122 -1
123 125 1
123 126 -1
123 128 1
123 129 -1
124 2 -1
124 3 -1
124 5 -1
124 6 -1
124 8 -1
124 9 -1
124 10 1
124 12 -1
124 13 -1
124 15 -1
124 16 -1
124 17 -1
124 18 -1
124 19 -1
124 21 -1
124 25 -1
124 26 1
124 27 1
124 28 -1
124 30 -1
124 31 -1
124 34 -1
124 36 1
124 37 1
124 40 1
124 42 -1
124 43 -1
124 46 1
124 47 1
124 49 -1
124 50 -1
124 53 1
124 54 -1
124 58 1
124 61 -1
124 63 -1
124 64 -1
124 65 -1
124 66 -1
124 67 1
124 70 1
124 71 -1
124 76 -1
124 78 -1
124 79 -1
124 84 -1
124 86 -1
124 87 -1
124 92 1
124 93 -1
124 94 -1
124 100 -1
124 101 -1
124 102 1
124 106 1
124 109 -1
124 110 -1
124 112 -1
124 113 1
124 114 -1
124 115 -1
124 116 1
124 118 -1
124 120 -1
124 123 -1
124 125 1
124 126 -1
124 127 -1
124 128 -1
124 129 -1
124 130 -1
125 3 -1
125 4 -1
125 6 1
125 13 -1
125 16 -1
125 17 -1
125 18 -1
125 20 -1
125 26 -1
125 28 -1
125 30 -1
125 34 1
125 35 1
125 37 -1
125 38 -1
125 45 -1
125 48 -1
125 49 -1
125 50 -1
125 51 1
125 52 -1
125 58 -1
125 62 -1
125 63 -1
125 67 -1
125 69 -1
125 72 -1
125 74 1
125 77 -1
125 82 -1
125 83 -1
125 84 -1
125 86 -1
125 87 -1
125 90 -1
125 91 -1
125 92 -1
125 94 -1
125 96 -1
125 99 -1
125 100 -1
125 101 -1
125 102 -1
125 104 -1
125 105 -1
125 110 -1
125 111 -1
125 112 -1
125 113 -1
125 115 -1
125 116 1
125 119 1
125 121 -1
125 122 -1
125 126 -1
125 127 -1
125 128 -1
125 129 -1
125 130 -1
126 2 -1
126 3 1
126 4 -1
126 5 -1
126 10 -1
126 12 1
126 13 -1
126 17 1
126 19 -1
126 20 -1
126 21 -1
126 22 -1
126 24 -1
126 25 -1
126 27 -1
126 31 -1
126 33 -1
126 34 -1
126 39 -1
126 40 -1
126 46 -1
126 47 -1
126 49 -1
126 50 -1
126 52 1
126 54 -1
126 55 1
126 56 -1
126 57 -1
126 59 -1
126 60 1
126 63 -1
126 66 -1
126 67 -1
126 72 -1
126 73 -1
126 76 1
126 77 -1
126 78 -1
126 79 1
126 82 -1
126 84 -1
126 85 -1
126 86 -1
126 88 1
126 89 -1
126 90 1
126 91 -1
126 92 -1
126 93 1
126 94 1
126 95 -1
126 100 -1
126 103 -1
126 104 -1
126 105 1
126 107 -1
126 108 -1
126 111 1
126 113 -1
126 120 1
126 129 -1
126 130 -1
127 2 1
127 4 -1
127 7 -1
127 8 -1
127 11 -1
127 12 -1
127 13 -1
127 14 -1
127 15 -1
127 16 -1
127 19 1
127 20 1
127 21 1
127 23 -1
127 24 -1
127 26 -1
127 27 -1
127 28 1
127 31 -1
127 33 -1
127 36 1
127 37 1
127 38 -1
127 39 -1
127 41 -1
127 45 -1
127 46 -1
127 48 -1
127 54 -1
127 55 1
127 56 1
127 57 -1
127 60 -1
127 61 -1
127 63 -1
127 65 -1
127 66 -1
127 70 -1
127 71 -1
127 72 -1
127 78 1
127 79 -1
127 81 -1
127 86 -1
127 90 -1
127 91 1
127 93 -1
127 95 -1
127 97 -1
127 99 -1
127 100 -1
127 101 -1
127 103 -1
127 104 -1
127 107 -1
127 109 -1
127 111 -1
127 112 -1
127 113 -1
127 114 -1
127 115 -1
127 117 -1
127 119 -1
127 120 -1
127 121 1
127 122 -1
127 123 -1
127 126 -1
127 128 -1
127 129 -1
127 130 1
128 2 -1
128 5 -1
128 7 -1
128 9 1
128 10 -1
128 11 -1
128 12 -1
128 17 -1
128 22 -1
128 24 1
128 25 -1
128 29 -1
128 32 -1
128 33 -1
128 35 -1
128 37 1
128 38 1
128 39 -1
128 41 -1
128 48 -1
128 52 -1
128 53 -1
128 54 -1
128 56 -1
128 58 1
128 63 -1
128 65 1
128 66 -1
128 75 -1
128 77 1
128 79 -1
128 80 -1
128 82 1
128 83 -1
128 84 1
128 85 -1
128 89 1
128 90 -1
128 91 -1
128 95 1
128 98 -1
128 102 -1
128 105 -1
128 106 -1
128 109 1
128 111 -1
128 112 -1
128 115 1
128 116 -1
128 117 -1
128 119 1
128 120 -1
128 121 -1
128 122 -1
128 126 -1
129 1 -1
129 2 -1
129 4 -1
129 9 -1
129 11 -1
129 12 -1
129 13 -1
129 15 -1
129 17 1
129 18 -1
129 19 -1
129 23 -1
129 25 -1
129 30 -1
129 31 -1
129 32 -1
129 33 -1
129 34 -1
129 35 -1
129 37 1
129 40 -1
129 41 -1
129 42 -1
129 44 -1
129 46 -1
129 49 -1
129 52 -1
129 54 -1
129 55 -1
129 56 -1
129 61 -1
129 63 1
129 65 -1
129 68 1
129 71 -1
129 74 -1
129 79 -1
129 83 -1
129 85 -1
129 87 1
129 91 -1
129 97 -1
129 99 -1
129 102 -1
129 106 -1
129 107 -1
129 110 -1
129 111 -1
129 114 -1
129 118 1
129 120 -1
129 121 -1
129 122 -1
129 128 -1
130 2 -1
130 3 -1
130 4 -1
130 6 -1
130 8 -1
130 10 -1
130 11 -1
130 12 -1
130 14 -1
130 16 -1
130 17 -1
130 18 -1
130 20 1
130 23 -1
130 24 -1
130 27 -1
130 28 1
130 29 -1
130 31 1
130 33 -1
130 34 -1
130 35 -1
130 40 -1
130 41 -1
130 42 -1
130 43 -1
130 44 -1
130 46 1
130 48 -1
130 52 -1
130 54 1
130 56 -1
130 58 -1
130 59 -1
130 60 -1
130 61 -1
130 63 -1
130 65 -1
130 67 -1
130 68 -1
130 72 1
130 74 -1
130 76 -1
130 77 -1
130 83 -1
130 87 1
130 88 -1
130 91 -1
130 93 -1
130 94 1
130 95 -1
130 96 -1
130 97 -1
130 98 -1
130 101 -1
130 103 -1
130 107 1
130 108 -1
130 109 1
130 110 -1
130 111 1
130 112 -1
130 116 -1
130 118 1
130 119 -1
130 123 1
130 128 -1
130 129 -1
