vertices: 50 edges: 1225
1 2 1
1 3 1
1 4 -1
1 5 1
1 7 1
1 10 1
1 11 1
1 12 1
1 16 1
1 18 -1
1 19 -1
1 24 1
1 26 1
1 36 -1
1 37 -1
1 38 1
1 40 -1
1 42 1
1 44 1
1 48 1
1 50 1
2 4 -1
2 7 1
2 12 1
2 14 1
2 15 1
2 17 1
2 23 1
2 24 -1
2 28 1
2 29 1
2 31 1
2 33 -1
2 36 1
2 41 1
2 44 1
2 46 1
2 47 1
2 49 1
2 50 1
3 2 1
3 8 1
3 11 1
3 17 1
3 18 -1
3 19 1
3 21 1
3 22 -1
3 23 1
3 25 1
3 26 1
3 28 1
3 29 -1
3 32 1
3 37 -1
3 40 1
3 43 1
3 44 1
3 46 1
3 47 1
3 50 1
4 3 1
4 6 1
4 9 1
4 10 -1
4 12 -1
4 14 -1
4 16 1
4 18 1
4 19 1
4 22 1
4 23 1
4 24 1
4 28 1
4 29 1
4 31 1
4 34 1
4 35 1
4 36 -1
4 37 1
4 38 1
4 40 1
4 42 1
4 45 1
4 46 1
4 48 -1
4 50 1
5 2 1
5 3 1
5 4 -1
5 7 1
5 8 1
5 9 1
5 10 1
5 14 1
5 20 1
5 24 -1
5 26 1
5 28 1
5 30 1
5 32 1
5 33 1
5 34 1
5 35 1
5 36 1
5 37 -1
5 39 1
5 40 1
5 41 1
5 49 1
5 50 1
6 1 1
6 2 1
6 3 1
6 5 -1
6 9 1
6 10 1
6 11 1
6 13 1
6 14 1
6 20 1
6 24 -1
6 25 1
6 28 1
6 30 1
6 34 1
6 35 1
6 37 1
6 41 1
6 42 -1
6 43 1
6 44 1
6 45 -1
6 46 1
6 48 1
7 3 -1
7 4 1
7 6 -1
7 8 1
7 10 1
7 11 1
7 13 1
7 16 -1
7 17 1
7 23 -1
7 26 1
7 27 -1
7 28 -1
7 31 1
7 32 -1
7 33 -1
7 35 1
7 38 1
7 43 1
7 44 1
7 45 1
7 46 1
7 48 1
8 1 -1
8 2 1
8 4 1
8 6 1
8 9 1
8 11 1
8 12 -1
8 14 1
8 15 1
8 17 1
8 19 1
8 22 1
8 24 1
8 25 1
8 26 -1
8 28 1
8 29 1
8 35 1
8 36 -1
8 39 1
8 40 -1
8 41 1
8 42 1
8 45 -1
8 46 1
8 47 1
8 48 1
8 50 1
9 1 -1
9 2 1
9 3 1
9 7 1
9 11 1
9 15 1
9 16 -1
9 20 1
9 23 1
9 25 -1
9 26 1
9 28 1
9 29 1
9 30 1
9 31 1
9 32 -1
9 33 -1
9 34 1
9 35 1
9 37 -1
9 40 1
9 43 1
9 44 1
9 47 -1
9 48 1
9 50 -1
10 2 1
10 3 1
10 8 -1
10 9 1
10 13 1
10 16 1
10 19 1
10 21 1
10 22 1
10 23 -1
10 24 1
10 27 1
10 28 -1
10 29 1
10 30 1
10 37 -1
10 39 -1
10 41 1
10 43 1
10 45 1
10 46 -1
10 48 1
10 49 1
10 50 1
11 2 1
11 4 1
11 5 1
11 10 1
11 13 1
11 14 1
11 15 1
11 17 -1
11 19 1
11 20 1
11 21 1
11 22 1
11 23 1
11 24 1
11 27 -1
11 29 -1
11 31 1
11 34 1
11 35 1
11 37 1
11 38 1
11 39 1
11 40 1
11 43 1
11 44 1
11 45 1
11 46 1
11 48 1
11 49 -1
12 3 1
12 5 1
12 6 1
12 7 1
12 9 1
12 10 1
12 11 1
12 13 1
12 16 1
12 17 1
12 18 1
12 20 1
12 21 -1
12 23 1
12 24 1
12 25 1
12 26 1
12 27 1
12 28 -1
12 31 -1
12 32 1
12 33 1
12 36 1
12 37 1
12 38 1
12 39 1
12 42 1
12 45 -1
12 47 1
12 48 1
12 49 1
12 50 1
13 1 1
13 2 1
13 3 1
13 4 -1
13 5 1
13 8 -1
13 9 1
13 15 1
13 16 1
13 17 1
13 19 1
13 20 -1
13 21 1
13 22 1
13 23 -1
13 24 1
13 25 1
13 26 1
13 27 -1
13 29 -1
13 30 1
13 31 -1
13 33 1
13 35 1
13 39 -1
13 43 1
13 48 1
13 50 1
14 1 1
14 3 1
14 7 1
14 9 1
14 10 1
14 12 1
14 13 1
14 18 1
14 19 1
14 21 1
14 24 1
14 26 1
14 27 1
14 31 1
14 36 1
14 38 1
14 39 1
14 40 1
14 41 1
14 42 -1
14 43 1
14 45 1
14 47 -1
14 49 1
14 50 1
15 1 1
15 3 1
15 4 1
15 5 1
15 6 1
15 7 -1
15 10 -1
15 12 1
15 14 1
15 20 -1
15 21 1
15 22 1
15 23 1
15 24 -1
15 25 1
15 26 1
15 29 -1
15 35 -1
15 36 1
15 37 1
15 38 -1
15 39 1
15 40 1
15 45 1
15 47 1
15 48 -1
15 50 1
16 2 1
16 3 1
16 5 1
16 6 1
16 8 1
16 11 1
16 14 -1
16 15 1
16 20 1
16 21 1
16 25 -1
16 28 1
16 29 1
16 34 1
16 37 1
16 42 1
16 43 1
16 44 1
16 45 -1
16 49 1
16 50 1
17 1 1
17 4 1
17 5 1
17 6 -1
17 9 1
17 10 1
17 14 1
17 15 -1
17 16 1
17 19 1
17 21 1
17 23 1
17 29 1
17 30 1
17 31 1
17 34 1
17 36 1
17 39 1
17 40 1
17 41 1
17 43 1
17 44 1
17 50 1
18 2 1
18 5 1
18 6 1
18 7 -1
18 8 1
18 9 1
18 10 1
18 11 1
18 13 1
18 15 1
18 16 1
18 17 1
18 19 1
18 23 1
18 25 1
18 28 1
18 29 1
18 31 1
18 32 1
18 33 -1
18 34 1
18 36 1
18 38 1
18 41 -1
18 43 1
18 44 1
18 46 -1
18 48 1
18 49 1
18 50 -1
19 2 -1
19 5 1
19 6 -1
19 7 -1
19 9 -1
19 12 -1
19 15 1
19 16 1
19 20 1
19 21 1
19 23 1
19 24 1
19 26 -1
19 28 1
19 29 -1
19 30 1
19 35 1
19 36 1
19 38 1
19 39 1
19 40 1
19 42 1
19 44 1
19 46 -1
19 47 -1
19 48 -1
19 50 1
20 1 -1
20 2 1
20 3 1
20 4 1
20 7 1
20 8 1
20 10 1
20 14 1
20 17 1
20 18 -1
20 23 1
20 26 1
20 27 1
20 30 1
20 31 1
20 34 1
20 36 -1
20 37 1
20 38 1
20 39 1
20 40 1
20 41 1
20 47 1
20 48 1
20 49 1
21 1 -1
21 2 -1
21 4 1
21 5 1
21 6 1
21 7 -1
21 8 1
21 9 1
21 18 1
21 20 1
21 23 1
21 27 -1
21 29 1
21 34 1
21 36 1
21 41 -1
21 46 1
21 48 1
22 1 1
22 2 1
22 5 1
22 6 1
22 7 1
22 9 -1
22 12 1
22 14 1
22 16 1
22 17 1
22 18 1
22 19 1
22 20 1
22 21 1
22 26 1
22 31 1
22 32 -1
22 34 1
22 35 -1
22 36 1
22 39 1
22 40 -1
22 41 -1
22 42 1
22 46 1
22 48 1
23 1 -1
23 5 1
23 6 1
23 8 1
23 14 1
23 16 1
23 22 1
23 26 -1
23 30 1
23 31 1
23 34 1
23 35 1
23 36 -1
23 37 1
23 39 1
23 41 -1
23 42 1
23 43 1
23 44 1
23 45 1
23 46 -1
23 47 1
23 48 1
24 3 1
24 7 1
24 9 1
24 16 1
24 17 1
24 18 1
24 20 1
24 21 -1
24 22 1
24 23 1
24 25 1
24 27 -1
24 29 1
24 30 1
24 31 1
24 33 1
24 38 -1
24 40 -1
24 45 -1
24 47 1
25 1 -1
25 2 1
25 4 1
25 5 1
25 7 1
25 10 -1
25 11 1
25 14 1
25 17 1
25 19 -1
25 20 1
25 21 1
25 22 1
25 23 1
25 27 1
25 29 1
25 31 1
25 32 -1
25 36 1
25 38 1
25 41 1
25 44 1
25 45 1
25 46 1
25 49 -1
25 50 -1
26 2 1
26 4 1
26 6 -1
26 10 1
26 11 1
26 16 1
26 17 1
26 18 1
26 21 1
26 24 1
26 25 1
26 27 1
26 31 1
26 33 1
26 35 1
26 36 1
26 37 1
26 45 1
26 49 1
27 1 -1
27 2 1
27 3 1
27 4 -1
27 5 1
27 6 -1
27 8 1
27 9 -1
27 15 1
27 16 1
27 17 1
27 18 1
27 19 1
27 22 1
27 23 1
27 28 1
27 31 1
27 34 1
27 35 1
27 36 1
27 38 -1
27 39 1
27 41 1
27 44 1
27 47 1
27 48 1
27 50 1
28 1 -1
28 11 1
28 13 -1
28 14 1
28 15 1
28 17 1
28 20 1
28 21 1
28 22 -1
28 23 1
28 24 1
28 25 1
28 26 1
28 32 1
28 36 1
28 37 1
28 38 1
28 40 1
28 41 1
28 42 1
28 44 1
28 48 1
28 49 1
28 50 1
29 1 1
29 5 1
29 6 -1
29 7 1
29 12 1
29 14 1
29 20 -1
29 22 -1
29 23 1
29 26 1
29 27 1
29 28 1
29 30 1
29 36 1
29 37 1
29 43 -1
29 45 1
29 47 -1
29 49 1
30 1 1
30 2 1
30 3 1
30 4 1
30 7 1
30 8 1
30 11 1
30 12 1
30 14 1
30 15 -1
30 16 1
30 18 1
30 21 -1
30 22 1
30 25 1
30 26 1
30 27 -1
30 28 1
30 34 1
30 37 1
30 41 -1
30 43 1
30 44 1
30 45 1
30 46 1
30 48 1
31 1 -1
31 3 1
31 5 -1
31 6 1
31 8 1
31 10 1
31 15 1
31 16 1
31 19 1
31 21 1
31 28 1
31 29 1
31 30 1
31 32 1
31 33 -1
31 38 1
31 41 1
31 43 -1
31 44 1
31 45 1
31 46 1
31 48 -1
31 49 -1
31 50 1
32 1 1
32 2 1
32 4 1
32 6 1
32 8 1
32 10 1
32 11 1
32 13 1
32 14 1
32 15 1
32 16 1
32 17 1
32 19 -1
32 20 -1
32 21 1
32 23 -1
32 24 -1
32 26 -1
32 27 1
32 29 1
32 30 -1
32 33 1
32 35 1
32 38 1
32 39 1
32 40 1
32 41 1
32 42 1
32 43 1
32 44 1
32 45 1
32 46 -1
32 47 1
32 48 1
32 49 -1
33 1 1
33 3 1
33 4 1
33 6 1
33 8 -1
33 10 1
33 11 1
33 14 1
33 15 1
33 16 1
33 17 1
33 19 1
33 20 1
33 21 1
33 22 1
33 23 1
33 25 1
33 27 1
33 28 1
33 29 1
33 30 1
33 35 1
33 36 1
33 39 1
33 41 1
33 42 1
33 43 1
33 44 1
33 45 1
33 46 1
33 47 1
33 48 1
34 1 1
34 2 -1
34 3 1
34 7 -1
34 8 -1
34 10 1
34 12 1
34 13 1
34 14 1
34 15 1
34 19 1
34 24 1
34 25 1
34 26 -1
34 28 1
34 29 1
34 31 1
34 32 1
34 33 -1
34 35 1
34 38 1
34 47 1
34 48 -1
34 49 1
34 50 1
35 1 1
35 2 -1
35 3 1
35 10 -1
35 12 -1
35 14 1
35 16 1
35 17 1
35 18 1
35 20 1
35 21 -1
35 24 1
35 25 1
35 28 1
35 29 1
35 30 -1
35 31 1
35 38 1
35 40 -1
35 42 1
35 43 1
35 44 1
35 45 1
35 48 1
35 50 1
36 3 1
36 6 1
36 7 1
36 9 1
36 10 1
36 11 -1
36 13 1
36 16 1
36 24 1
36 30 -1
36 31 1
36 32 1
36 34 1
36 35 1
36 37 -1
36 38 1
36 43 -1
36 44 1
36 48 1
36 49 -1
37 2 1
37 7 1
37 8 1
37 13 1
37 14 1
37 17 -1
37 18 1
37 19 -1
37 21 1
37 22 1
37 24 -1
37 25 -1
37 27 -1
37 31 -1
37 32 1
37 33 1
37 34 -1
37 35 1
37 39 1
37 40 -1
37 41 1
37 43 1
37 49 1
38 2 1
38 3 1
38 5 1
38 6 1
38 8 1
38 9 1
38 10 -1
38 13 1
38 16 1
38 17 -1
38 21 1
38 22 1
38 23 1
38 26 1
38 29 1
38 30 1
38 33 -1
38 37 1
38 41 1
38 43 1
38 44 -1
38 45 1
38 48 1
38 49 -1
38 50 1
39 1 1
39 2 1
39 3 1
39 4 -1
39 6 1
39 7 1
39 9 1
39 16 1
39 18 1
39 21 -1
39 24 1
39 25 -1
39 26 1
39 28 1
39 29 1
39 30 1
39 31 -1
39 34 -1
39 35 1
39 36 1
39 38 -1
39 46 1
39 47 -1
39 48 1
39 50 1
40 2 1
40 6 -1
40 7 1
40 10 1
40 12 1
40 13 1
40 16 1
40 18 1
40 21 1
40 23 -1
40 25 1
40 26 1
40 27 1
40 29 1
40 30 -1
40 31 1
40 33 1
40 34 1
40 36 1
40 38 1
40 39 1
40 41 1
40 42 -1
40 47 1
40 48 1
40 49 1
40 50 1
41 1 1
41 3 1
41 4 -1
41 7 1
41 9 1
41 11 1
41 12 1
41 13 1
41 15 1
41 16 -1
41 19 1
41 24 1
41 26 1
41 29 -1
41 34 1
41 35 -1
41 36 1
41 39 1
41 42 1
41 43 1
41 44 1
41 45 1
41 46 -1
41 47 1
41 48 1
42 2 -1
42 3 1
42 5 -1
42 7 1
42 9 1
42 10 1
42 11 1
42 13 1
42 15 1
42 17 1
42 18 1
42 20 1
42 21 1
42 24 1
42 25 1
42 26 -1
42 27 1
42 29 1
42 30 -1
42 31 1
42 34 1
42 36 1
42 37 1
42 38 1
42 39 1
42 43 -1
42 44 1
42 46 1
42 47 1
42 49 1
43 1 1
43 2 1
43 4 -1
43 5 1
43 8 1
43 12 1
43 15 1
43 19 1
43 20 1
43 21 -1
43 22 1
43 24 1
43 25 1
43 26 1
43 27 1
43 28 1
43 34 1
43 39 1
43 40 1
43 44 1
43 46 1
43 48 -1
43 49 -1
43 50 1
44 4 1
44 5 1
44 8 1
44 10 1
44 12 1
44 13 1
44 14 1
44 15 1
44 20 -1
44 21 1
44 22 1
44 24 -1
44 26 -1
44 29 1
44 34 1
44 37 1
44 39 1
44 40 1
44 45 -1
44 47 1
45 1 1
45 2 -1
45 3 1
45 5 1
45 9 1
45 13 1
45 17 1
45 18 1
45 19 1
45 20 1
45 21 1
45 22 -1
45 27 1
45 28 1
45 34 1
45 36 1
45 37 1
45 39 1
45 40 1
45 42 1
45 43 1
45 48 1
46 1 1
46 5 1
46 9 1
46 12 1
46 13 -1
46 14 1
46 15 1
46 16 -1
46 17 1
46 20 -1
46 24 -1
46 26 -1
46 27 1
46 28 1
46 29 1
46 34 1
46 35 1
46 36 1
46 37 -1
46 38 1
46 40 -1
46 44 1
46 45 -1
47 1 1
47 4 1
47 5 1
47 6 1
47 7 -1
47 10 1
47 11 1
47 13 -1
47 16 1
47 17 -1
47 18 -1
47 21 -1
47 22 1
47 25 1
47 26 1
47 28 1
47 30 1
47 31 1
47 35 1
47 36 1
47 37 1
47 38 1
47 43 1
47 45 1
47 46 -1
48 2 1
48 3 1
48 5 1
48 14 -1
48 16 1
48 17 -1
48 24 1
48 25 1
48 26 1
48 29 1
48 37 1
48 42 1
48 44 1
48 46 1
48 47 1
48 49 1
48 50 -1
49 1 1
49 3 1
49 4 1
49 6 1
49 7 -1
49 8 1
49 9 1
49 13 1
49 15 1
49 17 1
49 19 1
49 21 1
49 22 1
49 23 -1
49 24 -1
49 27 1
49 30 1
49 33 1
49 35 1
49 39 1
49 41 1
49 44 1
49 45 1
49 46 -1
49 47 -1
50 6 1
50 7 1
50 11 -1
50 20 -1
50 21 1
50 22 1
50 23 1
50 24 1
50 26 -1
50 29 1
50 30 1
50 32 1
50 33 1
50 36 -1
50 37 -1
50 41 1
50 42 1
50 44 1
50 45 1
50 46 1
50 47 1
50 49 1
