vertices: 150 edges: 11175
1 2 1
1 4 -1
1 8 1
1 9 1
1 11 1
1 12 -1
1 14 -1
1 15 1
1 20 1
1 22 1
1 24 -1
1 27 1
1 30 1
1 31 1
1 32 1
1 33 1
1 34 1
1 35 1
1 42 1
1 43 -1
1 44 1
1 45 1
1 46 1
1 47 -1
1 49 1
1 51 1
1 52 1
1 53 1
1 54 1
1 55 1
1 56 -1
1 59 1
1 62 1
1 63 1
1 72 1
1 73 1
1 80 -1
1 82 1
1 83 1
1 88 1
1 89 -1
1 90 -1
1 91 1
1 92 1
1 94 1
1 95 1
1 96 1
1 97 -1
1 100 1
1 101 1
1 102 1
1 103 1
1 105 1
1 110 -1
1 114 1
1 118 1
1 122 1
1 124 -1
1 125 -1
1 126 1
1 127 1
1 133 1
1 134 1
1 136 1
1 140 1
1 144 1
1 147 1
1 148 1
1 149 1
2 4 -1
2 5 1
2 8 1
2 10 1
2 11 1
2 12 1
2 14 1
2 15 1
2 18 1
2 19 1
2 20 1
2 21 1
2 22 -1
2 24 -1
2 26 1
2 27 1
2 32 1
2 34 -1
2 35 1
2 39 1
2 41 1
2 44 1
2 47 -1
2 48 -1
2 50 1
2 51 1
2 52 -1
2 54 1
2 58 1
2 62 1
2 63 1
2 64 1
2 66 1
2 67 1
2 68 1
2 71 1
2 73 1
2 75 -1
2 77 1
2 78 -1
2 79 1
2 80 -1
2 81 1
2 82 1
2 86 1
2 87 1
2 88 1
2 90 1
2 93 1
2 94 1
2 95 1
2 100 1
2 103 1
2 104 1
2 105 1
2 106 1
2 108 -1
2 110 1
2 111 1
2 115 1
2 118 1
2 119 -1
2 120 1
2 122 1
2 123 1
2 125 1
2 126 1
2 127 1
2 128 1
2 129 -1
2 132 1
2 144 -1
2 146 -1
2 147 1
2 149 1
3 1 1
3 2 1
3 5 1
3 7 1
3 8 1
3 9 1
3 11 1
3 15 1
3 19 -1
3 23 1
3 24 -1
3 26 1
3 28 1
3 29 1
3 30 1
3 33 1
3 34 1
3 35 1
3 37 1
3 44 1
3 50 1
3 52 1
3 53 1
3 54 1
3 56 1
3 57 1
3 59 1
3 61 1
3 69 -1
3 71 1
3 73 1
3 75 1
3 76 1
3 79 1
3 82 1
3 83 1
3 85 1
3 86 1
3 88 1
3 91 1
3 92 1
3 94 1
3 96 1
3 97 1
3 98 1
3 99 -1
3 101 1
3 104 1
3 106 1
3 111 1
3 113 1
3 114 1
3 115 -1
3 116 1
3 117 1
3 120 1
3 121 1
3 124 1
3 125 1
3 126 1
3 128 1
3 130 1
3 132 1
3 138 1
3 141 1
3 142 1
3 144 -1
3 145 1
3 146 1
3 150 1
4 3 1
4 7 1
4 12 1
4 13 -1
4 14 1
4 15 1
4 16 1
4 17 1
4 18 1
4 19 -1
4 21 1
4 25 1
4 26 1
4 29 1
4 32 1
4 34 1
4 39 1
4 40 -1
4 42 1
4 46 -1
4 48 1
4 49 1
4 53 1
4 56 -1
4 58 1
4 61 -1
4 62 1
4 63 -1
4 64 -1
4 65 -1
4 66 1
4 67 1
4 70 1
4 72 1
4 73 -1
4 75 1
4 77 1
4 79 1
4 80 1
4 82 1
4 90 1
4 93 1
4 95 1
4 98 1
4 102 1
4 103 -1
4 106 -1
4 107 1
4 109 1
4 110 1
4 111 1
4 112 1
4 113 1
4 115 1
4 116 -1
4 118 1
4 119 1
4 120 1
4 121 -1
4 122 -1
4 123 1
4 125 -1
4 127 1
4 128 -1
4 130 1
4 135 1
4 137 1
4 140 1
4 141 1
4 144 -1
4 146 1
4 147 1
5 1 1
5 4 1
5 6 1
5 7 -1
5 8 1
5 9 -1
5 11 1
5 13 1
5 14 1
5 16 1
5 17 1
5 18 -1
5 19 1
5 21 1
5 23 1
5 24 1
5 25 1
5 26 1
5 28 1
5 29 -1
5 30 -1
5 31 1
5 34 1
5 37 1
5 41 1
5 42 1
5 45 1
5 46 1
5 47 -1
5 48 1
5 53 1
5 54 1
5 58 1
5 59 -1
5 61 1
5 64 1
5 65 1
5 66 -1
5 68 1
5 73 1
5 75 1
5 76 1
5 77 1
5 78 1
5 79 1
5 84 1
5 87 1
5 91 1
5 93 1
5 94 1
5 96 1
5 98 1
5 100 1
5 101 1
5 105 1
5 108 1
5 110 -1
5 111 1
5 112 1
5 114 -1
5 119 1
5 120 1
5 121 1
5 122 1
5 124 1
5 125 1
5 128 1
5 129 1
5 131 1
5 132 1
5 134 1
5 136 1
5 137 1
5 138 -1
5 139 1
5 147 1
5 148 1
5 149 -1
6 1 -1
6 2 -1
6 3 1
6 4 1
6 7 1
6 9 1
6 11 1
6 13 1
6 16 1
6 18 1
6 19 1
6 24 1
6 25 -1
6 27 1
6 29 1
6 34 1
6 36 1
6 47 1
6 49 1
6 51 1
6 54 1
6 56 -1
6 58 1
6 62 1
6 64 -1
6 69 1
6 71 1
6 72 1
6 73 1
6 74 1
6 75 1
6 80 1
6 81 1
6 82 1
6 83 1
6 88 1
6 90 1
6 91 1
6 92 -1
6 93 1
6 94 1
6 95 1
6 96 1
6 97 1
6 99 -1
6 102 1
6 103 -1
6 107 1
6 109 1
6 112 1
6 115 1
6 116 1
6 117 1
6 118 1
6 121 1
6 122 1
6 124 -1
6 125 1
6 126 -1
6 128 1
6 130 1
6 132 -1
6 135 1
6 138 1
6 140 1
6 141 1
6 142 1
6 143 1
6 144 -1
7 1 1
7 2 -1
7 13 1
7 15 1
7 19 1
7 21 -1
7 22 1
7 23 1
7 25 1
7 27 1
7 29 1
7 32 1
7 33 1
7 34 1
7 36 -1
7 37 1
7 38 -1
7 39 1
7 41 1
7 43 1
7 44 1
7 46 1
7 47 -1
7 50 1
7 54 1
7 57 1
7 60 1
7 62 1
7 63 1
7 65 1
7 68 -1
7 69 -1
7 70 1
7 71 1
7 79 1
7 81 1
7 84 1
7 87 1
7 90 -1
7 91 1
7 92 1
7 95 -1
7 96 1
7 100 1
7 104 -1
7 106 1
7 107 1
7 109 -1
7 110 1
7 111 1
7 113 1
7 115 1
7 116 1
7 117 1
7 120 1
7 127 1
7 128 1
7 130 1
7 131 1
7 135 1
7 137 1
7 141 1
7 142 1
7 145 1
7 146 1
7 147 1
7 148 1
7 149 1
7 150 1
8 4 1
8 6 1
8 7 1
8 9 1
8 11 -1
8 12 -1
8 13 1
8 16 1
8 17 -1
8 18 -1
8 20 1
8 22 -1
8 29 1
8 30 1
8 31 1
8 32 1
8 33 1
8 34 1
8 36 1
8 37 1
8 39 1
8 41 1
8 42 -1
8 43 1
8 47 1
8 48 -1
8 51 -1
8 52 1
8 54 -1
8 55 1
8 58 1
8 61 1
8 64 1
8 65 1
8 66 -1
8 69 1
8 72 1
8 73 -1
8 74 1
8 77 1
8 79 1
8 82 1
8 84 1
8 86 1
8 87 1
8 90 1
8 92 1
8 98 1
8 103 1
8 105 -1
8 106 1
8 107 1
8 108 1
8 112 1
8 113 -1
8 115 1
8 116 1
8 117 1
8 118 1
8 123 1
8 124 -1
8 126 -1
8 127 1
8 131 1
8 136 1
8 140 -1
8 141 1
8 146 1
8 148 1
8 149 1
9 2 1
9 4 -1
9 7 -1
9 11 1
9 12 1
9 14 1
9 16 1
9 18 1
9 19 -1
9 21 1
9 24 -1
9 26 1
9 33 1
9 34 1
9 36 1
9 37 1
9 40 1
9 41 1
9 42 1
9 43 1
9 44 1
9 45 1
9 48 1
9 51 1
9 53 1
9 54 1
9 55 1
9 56 1
9 58 -1
9 60 1
9 64 1
9 66 -1
9 68 1
9 72 1
9 73 1
9 76 1
9 78 1
9 79 1
9 81 1
9 84 -1
9 85 1
9 91 1
9 92 1
9 93 1
9 94 1
9 95 1
9 98 1
9 102 -1
9 103 1
9 105 1
9 106 1
9 108 1
9 109 1
9 110 -1
9 114 1
9 116 1
9 119 1
9 120 1
9 123 1
9 125 1
9 126 1
9 128 1
9 138 -1
9 141 1
9 144 1
9 147 1
9 150 1
10 1 1
10 3 1
10 4 1
10 5 1
10 6 1
10 7 1
10 8 -1
10 9 1
10 13 1
10 14 1
10 15 1
10 20 -1
10 22 1
10 25 1
10 26 1
10 28 1
10 29 1
10 31 1
10 36 1
10 38 1
10 39 1
10 41 1
10 43 1
10 44 -1
10 45 1
10 50 1
10 52 1
10 55 1
10 56 1
10 57 1
10 59 1
10 62 -1
10 68 1
10 69 1
10 70 -1
10 71 1
10 72 1
10 75 1
10 79 1
10 84 1
10 89 1
10 92 -1
10 94 1
10 95 1
10 96 1
10 97 1
10 101 1
10 103 1
10 106 -1
10 107 1
10 111 -1
10 112 -1
10 113 1
10 114 1
10 115 1
10 117 1
10 121 1
10 122 -1
10 124 1
10 126 1
10 127 1
10 128 -1
10 130 1
10 131 1
10 132 1
10 133 1
10 134 1
10 135 1
10 140 1
10 141 1
10 142 1
10 143 1
10 144 1
10 146 1
10 147 1
11 4 1
11 7 1
11 10 1
11 12 1
11 14 1
11 15 1
11 16 1
11 17 1
11 18 1
11 19 1
11 21 1
11 25 1
11 27 1
11 28 1
11 29 -1
11 31 1
11 33 1
11 35 1
11 36 1
11 38 1
11 39 1
11 44 -1
11 46 1
11 47 -1
11 48 1
11 49 1
11 51 1
11 53 1
11 55 1
11 56 1
11 57 1
11 58 1
11 61 1
11 62 1
11 64 1
11 65 -1
11 66 1
11 67 1
11 68 1
11 69 1
11 72 1
11 79 1
11 80 -1
11 82 -1
11 83 1
11 84 1
11 87 -1
11 90 1
11 92 1
11 96 1
11 99 1
11 100 1
11 102 1
11 104 1
11 112 1
11 113 1
11 116 -1
11 120 1
11 122 1
11 123 1
11 124 1
11 125 1
11 126 -1
11 128 1
11 129 -1
11 130 1
11 131 1
11 132 1
11 133 1
11 134 1
11 135 1
11 137 1
11 138 1
11 143 1
11 147 -1
11 150 1
12 3 -1
12 5 -1
12 6 1
12 7 1
12 10 1
12 15 1
12 17 1
12 20 1
12 22 -1
12 23 1
12 24 1
12 25 1
12 26 1
12 27 1
12 30 1
12 32 -1
12 34 1
12 35 -1
12 36 -1
12 38 -1
12 40 1
12 42 1
12 43 1
12 53 1
12 54 1
12 55 -1
12 56 1
12 57 1
12 58 1
12 59 1
12 62 1
12 63 -1
12 65 -1
12 66 1
12 67 1
12 68 1
12 75 1
12 76 1
12 78 1
12 79 -1
12 82 1
12 88 1
12 89 -1
12 90 1
12 94 1
12 97 1
12 98 -1
12 99 1
12 101 1
12 103 1
12 104 1
12 106 1
12 110 1
12 111 1
12 113 -1
12 117 1
12 118 1
12 119 1
12 123 1
12 126 1
12 132 1
12 133 1
12 134 -1
12 135 1
12 136 -1
12 138 1
12 139 1
12 141 1
12 142 1
12 144 -1
12 146 1
12 149 -1
13 1 1
13 2 1
13 3 -1
13 9 1
13 11 1
13 12 1
13 22 1
13 25 1
13 26 1
13 29 1
13 30 1
13 33 1
13 34 1
13 35 1
13 38 1
13 40 1
13 43 -1
13 45 1
13 53 1
13 55 -1
13 57 1
13 58 1
13 61 -1
13 64 -1
13 65 1
13 66 1
13 67 -1
13 71 1
13 73 -1
13 74 1
13 76 1
13 82 1
13 84 -1
13 88 1
13 89 -1
13 90 1
13 92 1
13 95 -1
13 96 1
13 97 1
13 98 1
13 99 1
13 100 1
13 102 -1
13 103 1
13 104 1
13 105 1
13 107 1
13 109 -1
13 111 1
13 115 1
13 117 1
13 119 1
13 125 1
13 126 1
13 129 1
13 131 1
13 132 -1
13 135 -1
13 136 1
13 140 1
13 145 1
13 146 1
14 3 1
14 6 1
14 7 1
14 8 1
14 12 1
14 13 1
14 15 1
14 17 1
14 18 1
14 20 1
14 21 1
14 22 1
14 24 1
14 25 1
14 28 1
14 29 1
14 30 1
14 31 1
14 35 1
14 38 1
14 40 -1
14 41 1
14 42 1
14 43 -1
14 44 1
14 47 1
14 48 1
14 51 -1
14 53 1
14 54 1
14 59 1
14 61 1
14 64 1
14 65 1
14 66 1
14 68 -1
14 69 1
14 70 1
14 73 1
14 77 1
14 78 1
14 80 -1
14 81 -1
14 82 1
14 83 -1
14 84 -1
14 85 1
14 86 1
14 87 1
14 89 -1
14 93 -1
14 94 1
14 95 1
14 97 1
14 98 1
14 99 1
14 100 1
14 101 1
14 105 1
14 107 1
14 110 1
14 111 1
14 112 1
14 113 1
14 115 1
14 116 -1
14 117 1
14 118 1
14 120 1
14 121 1
14 123 1
14 124 1
14 126 -1
14 128 1
14 129 1
14 130 1
14 132 1
14 135 1
14 137 1
14 139 1
14 144 1
14 146 1
14 148 -1
14 150 1
15 5 1
15 6 1
15 8 -1
15 9 1
15 13 1
15 20 1
15 21 -1
15 24 1
15 27 1
15 28 1
15 29 -1
15 31 1
15 33 1
15 35 1
15 38 1
15 40 1
15 42 1
15 43 1
15 44 1
15 47 1
15 49 1
15 52 1
15 53 1
15 54 1
15 60 -1
15 61 1
15 64 1
15 66 1
15 68 1
15 69 1
15 75 1
15 76 1
15 77 1
15 81 1
15 85 -1
15 86 1
15 87 1
15 90 1
15 91 1
15 93 1
15 100 1
15 101 1
15 106 1
15 110 1
15 111 1
15 113 1
15 114 1
15 115 1
15 116 1
15 119 1
15 122 1
15 123 1
15 126 -1
15 127 1
15 129 1
15 130 1
15 131 1
15 133 1
15 135 1
15 136 1
15 137 1
15 139 1
15 140 1
15 142 1
15 143 1
15 144 1
15 146 1
15 149 1
16 1 -1
16 2 -1
16 3 1
16 7 1
16 10 -1
16 12 1
16 13 1
16 14 1
16 15 1
16 18 1
16 19 1
16 22 1
16 23 1
16 26 1
16 27 1
16 30 -1
16 33 1
16 34 1
16 36 1
16 37 1
16 38 1
16 39 1
16 43 1
16 44 1
16 48 1
16 49 -1
16 51 1
16 52 1
16 54 1
16 55 1
16 57 -1
16 60 1
16 62 1
16 63 1
16 65 1
16 67 1
16 69 1
16 70 1
16 74 1
16 76 1
16 77 1
16 78 1
16 82 1
16 83 1
16 85 1
16 86 1
16 87 1
16 89 1
16 90 1
16 92 -1
16 93 -1
16 94 1
16 95 -1
16 97 1
16 100 1
16 102 1
16 103 1
16 107 1
16 108 1
16 109 1
16 110 -1
16 113 1
16 114 1
16 115 -1
16 116 -1
16 117 1
16 119 1
16 120 1
16 121 1
16 123 1
16 124 1
16 125 1
16 127 1
16 129 1
16 131 1
16 132 1
16 136 1
16 140 1
16 141 1
16 142 1
16 143 1
16 146 1
16 150 1
17 1 -1
17 2 -1
17 3 1
17 6 1
17 7 1
17 9 1
17 10 -1
17 13 -1
17 15 1
17 16 1
17 21 1
17 23 1
17 25 1
17 29 1
17 30 1
17 35 1
17 40 1
17 41 1
17 43 1
17 44 1
17 45 -1
17 46 -1
17 48 1
17 49 1
17 52 1
17 53 1
17 54 1
17 56 1
17 57 1
17 62 1
17 64 1
17 65 -1
17 67 1
17 68 1
17 70 1
17 71 1
17 73 1
17 74 1
17 76 1
17 78 1
17 79 1
17 83 1
17 85 1
17 88 1
17 92 -1
17 93 -1
17 94 -1
17 96 1
17 99 1
17 100 1
17 102 -1
17 103 1
17 104 1
17 105 1
17 106 -1
17 108 1
17 110 1
17 111 -1
17 115 1
17 116 1
17 118 -1
17 119 -1
17 121 -1
17 122 1
17 129 1
17 132 1
17 133 1
17 135 1
17 136 1
17 137 -1
17 138 1
17 141 1
17 142 1
17 147 -1
17 150 -1
18 1 -1
18 3 1
18 7 -1
18 10 -1
18 12 1
18 13 1
18 15 1
18 17 1
18 19 1
18 20 1
18 21 1
18 22 1
18 23 1
18 25 1
18 26 1
18 27 1
18 28 1
18 29 1
18 30 1
18 31 -1
18 34 1
18 35 1
18 36 1
18 37 1
18 38 1
18 40 1
18 43 1
18 51 1
18 52 1
18 53 1
18 54 1
18 56 1
18 57 1
18 59 1
18 62 1
18 63 1
18 64 1
18 65 -1
18 67 1
18 77 -1
18 80 -1
18 88 1
18 90 1
18 91 1
18 93 1
18 96 1
18 99 1
18 100 1
18 101 1
18 102 1
18 103 1
18 105 1
18 109 1
18 110 1
18 111 1
18 113 1
18 114 1
18 115 1
18 116 1
18 117 1
18 119 -1
18 121 1
18 122 1
18 123 -1
18 126 1
18 130 -1
18 131 1
18 134 -1
18 135 1
18 137 1
18 138 -1
18 144 1
18 145 1
18 146 -1
18 148 1
19 1 1
19 8 1
19 10 1
19 12 1
19 13 -1
19 14 -1
19 15 1
19 17 -1
19 25 1
19 26 1
19 29 1
19 31 -1
19 32 1
19 34 -1
19 36 1
19 38 1
19 40 1
19 41 1
19 43 1
19 46 1
19 47 1
19 50 1
19 52 1
19 53 1
19 54 -1
19 58 -1
19 59 1
19 61 1
19 63 1
19 64 1
19 65 -1
19 67 1
19 72 -1
19 73 1
19 84 1
19 85 1
19 86 1
19 87 1
19 88 1
19 89 -1
19 90 1
19 91 1
19 92 1
19 94 1
19 97 1
19 98 1
19 99 1
19 100 -1
19 105 1
19 106 -1
19 107 1
19 108 1
19 109 1
19 112 1
19 113 1
19 115 -1
19 116 -1
19 118 -1
19 119 -1
19 120 1
19 121 1
19 122 1
19 124 1
19 127 1
19 131 1
19 133 -1
19 134 1
19 137 1
19 138 1
19 139 1
19 140 1
19 142 1
19 147 1
19 148 1
19 149 1
19 150 -1
20 3 1
20 4 1
20 5 1
20 6 -1
20 7 1
20 9 -1
20 11 1
20 13 1
20 16 1
20 17 1
20 19 -1
20 21 1
20 22 1
20 23 1
20 26 1
20 27 1
20 28 1
20 29 1
20 30 1
20 33 1
20 36 1
20 38 1
20 39 1
20 41 1
20 42 1
20 43 1
20 45 -1
20 46 1
20 48 1
20 49 1
20 50 1
20 51 1
20 52 1
20 53 1
20 56 1
20 57 1
20 58 1
20 59 1
20 60 1
20 62 1
20 63 1
20 64 1
20 65 1
20 69 1
20 70 1
20 71 -1
20 72 1
20 75 1
20 77 1
20 78 1
20 79 1
20 81 -1
20 91 -1
20 92 1
20 94 1
20 95 1
20 99 1
20 100 1
20 103 1
20 108 1
20 109 1
20 111 -1
20 112 1
20 113 1
20 115 1
20 116 1
20 121 1
20 122 1
20 123 1
20 124 1
20 125 1
20 129 1
20 130 1
20 139 -1
20 141 1
20 142 1
20 144 1
20 146 1
21 1 1
21 3 1
21 6 1
21 8 1
21 10 1
21 12 1
21 13 1
21 16 1
21 19 1
21 22 1
21 23 1
21 24 1
21 27 -1
21 31 1
21 32 1
21 35 1
21 36 1
21 37 1
21 38 1
21 40 1
21 43 1
21 44 1
21 46 -1
21 47 1
21 48 1
21 49 1
21 51 1
21 57 1
21 58 1
21 59 1
21 60 1
21 65 1
21 68 1
21 69 1
21 70 1
21 75 1
21 78 1
21 79 1
21 80 -1
21 81 1
21 82 -1
21 83 1
21 84 1
21 86 -1
21 87 1
21 89 1
21 90 1
21 92 1
21 93 1
21 94 1
21 95 1
21 96 1
21 101 -1
21 102 1
21 104 1
21 108 1
21 109 1
21 112 -1
21 115 1
21 116 1
21 118 1
21 120 -1
21 121 1
21 123 1
21 124 -1
21 125 1
21 128 -1
21 129 1
21 131 1
21 132 1
21 136 1
21 137 1
21 139 1
21 144 1
21 145 1
22 3 1
22 4 -1
22 5 1
22 6 1
22 9 1
22 11 1
22 15 -1
22 17 1
22 19 1
22 24 1
22 25 1
22 26 1
22 29 1
22 31 -1
22 32 1
22 33 1
22 35 1
22 36 1
22 40 1
22 42 1
22 45 -1
22 47 1
22 49 1
22 50 1
22 51 1
22 52 1
22 54 1
22 60 1
22 62 1
22 64 1
22 66 1
22 68 1
22 70 1
22 71 1
22 73 -1
22 74 -1
22 75 1
22 77 1
22 80 1
22 81 1
22 83 1
22 84 1
22 85 1
22 86 -1
22 87 -1
22 89 1
22 91 1
22 92 1
22 94 1
22 98 1
22 99 1
22 101 1
22 102 -1
22 103 1
22 105 1
22 106 1
22 110 1
22 113 1
22 116 -1
22 119 1
22 120 -1
22 121 1
22 124 1
22 128 1
22 129 1
22 131 1
22 134 1
22 135 1
22 137 1
22 139 -1
22 140 1
22 141 1
22 143 -1
22 144 1
22 146 1
22 147 1
22 148 1
23 1 1
23 2 -1
23 4 1
23 6 1
23 8 1
23 9 1
23 10 1
23 11 1
23 13 1
23 14 1
23 15 1
23 19 1
23 22 1
23 25 1
23 28 1
23 29 1
23 32 -1
23 33 1
23 34 1
23 35 -1
23 42 1
23 49 -1
23 52 1
23 53 1
23 55 1
23 56 1
23 57 1
23 58 1
23 59 1
23 60 1
23 63 1
23 65 1
23 69 -1
23 71 -1
23 72 1
23 73 1
23 76 1
23 78 1
23 79 1
23 81 1
23 84 1
23 85 1
23 91 1
23 95 1
23 97 1
23 98 1
23 100 1
23 101 1
23 104 1
23 105 -1
23 106 1
23 108 -1
23 111 1
23 115 1
23 121 1
23 122 1
23 124 1
23 125 -1
23 128 1
23 129 1
23 131 -1
23 132 1
23 133 -1
23 135 1
23 136 1
23 137 1
23 138 1
23 140 1
23 141 1
23 142 -1
23 150 1
24 4 1
24 7 1
24 8 1
24 10 1
24 11 -1
24 13 1
24 16 1
24 17 1
24 18 1
24 19 1
24 20 1
24 23 -1
24 30 1
24 36 1
24 37 1
24 38 1
24 40 1
24 42 1
24 43 1
24 44 1
24 45 1
24 47 1
24 50 1
24 52 -1
24 53 1
24 54 1
24 55 1
24 57 1
24 61 1
24 62 -1
24 65 1
24 66 -1
24 67 1
24 70 1
24 71 -1
24 72 1
24 73 1
24 77 1
24 78 1
24 79 -1
24 86 1
24 87 1
24 88 1
24 92 1
24 94 1
24 96 1
24 97 1
24 98 1
24 99 1
24 100 1
24 105 1
24 107 1
24 108 1
24 111 1
24 114 1
24 115 1
24 117 1
24 120 -1
24 122 1
24 125 1
24 126 1
24 127 1
24 130 -1
24 132 1
24 133 1
24 136 1
24 140 1
24 141 1
24 142 -1
24 143 1
24 146 1
24 147 1
24 148 -1
24 150 1
25 1 1
25 2 1
25 3 1
25 8 -1
25 9 1
25 15 1
25 16 1
25 20 1
25 21 -1
25 24 1
25 26 1
25 29 1
25 32 -1
25 33 1
25 34 1
25 37 1
25 38 1
25 39 1
25 41 1
25 42 -1
25 45 1
25 46 1
25 47 1
25 48 1
25 49 -1
25 52 -1
25 53 1
25 54 -1
25 57 1
25 58 1
25 59 1
25 65 1
25 66 1
25 69 -1
25 71 1
25 72 1
25 75 1
25 76 1
25 78 1
25 79 -1
25 82 1
25 83 -1
25 86 1
25 88 1
25 92 1
25 93 1
25 94 1
25 96 1
25 98 1
25 99 1
25 102 -1
25 103 -1
25 105 1
25 107 1
25 108 1
25 109 1
25 110 -1
25 112 1
25 113 1
25 114 1
25 115 1
25 116 1
25 119 1
25 121 1
25 133 -1
25 134 1
25 135 1
25 136 1
25 137 1
25 138 1
25 139 1
25 140 -1
25 141 1
25 144 1
26 1 1
26 6 -1
26 7 1
26 8 1
26 11 1
26 14 1
26 15 1
26 17 1
26 21 1
26 23 -1
26 24 -1
26 29 1
26 31 1
26 39 1
26 40 -1
26 42 1
26 44 -1
26 45 -1
26 47 1
26 49 1
26 55 1
26 56 1
26 57 1
26 62 1
26 66 1
26 71 -1
26 72 1
26 74 1
26 77 1
26 80 1
26 83 1
26 84 1
26 85 1
26 88 1
26 89 1
26 93 -1
26 101 1
26 102 1
26 103 1
26 104 1
26 107 1
26 108 1
26 111 -1
26 113 1
26 115 1
26 116 1
26 117 1
26 121 1
26 122 1
26 123 1
26 124 1
26 125 1
26 128 1
26 129 1
26 131 1
26 132 1
26 133 1
26 135 1
26 140 1
26 143 -1
26 144 1
26 145 1
26 146 -1
26 150 1
27 3 1
27 4 1
27 5 1
27 8 -1
27 9 1
27 10 1
27 13 1
27 14 -1
27 17 1
27 19 1
27 22 1
27 23 -1
27 24 1
27 25 1
27 26 1
27 28 -1
27 29 1
27 30 1
27 32 1
27 33 -1
27 35 1
27 41 1
27 42 1
27 43 -1
27 44 1
27 45 1
27 48 1
27 54 1
27 58 1
27 61 1
27 69 1
27 70 1
27 74 1
27 75 1
27 76 1
27 77 1
27 78 -1
27 79 1
27 81 1
27 83 1
27 84 -1
27 87 1
27 90 1
27 92 1
27 94 1
27 95 -1
27 96 1
27 97 1
27 98 1
27 101 1
27 102 1
27 103 1
27 105 1
27 106 1
27 108 -1
27 112 1
27 115 1
27 116 -1
27 117 1
27 120 1
27 121 1
27 123 1
27 126 1
27 128 1
27 129 1
27 131 1
27 132 1
27 133 -1
27 135 1
27 136 1
27 138 -1
27 139 1
27 140 1
27 141 1
27 142 1
27 143 1
27 146 1
27 148 1
27 150 1
28 1 1
28 2 -1
28 4 1
28 6 -1
28 7 1
28 8 1
28 9 -1
28 12 1
28 13 1
28 16 1
28 17 1
28 19 1
28 21 -1
28 22 1
28 24 1
28 25 1
28 26 1
28 30 1
28 31 1
28 32 1
28 33 -1
28 39 1
28 40 1
28 42 -1
28 45 1
28 47 1
28 50 1
28 52 1
28 54 1
28 56 1
28 57 1
28 58 1
28 60 1
28 66 1
28 67 -1
28 69 -1
28 72 1
28 74 -1
28 78 1
28 80 1
28 81 1
28 83 1
28 84 1
28 85 1
28 86 -1
28 88 1
28 89 -1
28 90 -1
28 93 1
28 95 -1
28 97 1
28 98 -1
28 106 1
28 110 1
28 111 1
28 112 -1
28 114 1
28 115 1
28 116 1
28 118 1
28 120 1
28 123 1
28 124 1
28 130 -1
28 131 1
28 133 1
28 136 -1
28 138 -1
28 140 1
28 141 1
28 143 -1
28 144 1
28 146 -1
28 147 1
28 148 1
28 150 1
29 1 1
29 2 1
29 9 1
29 12 -1
29 16 -1
29 21 1
29 24 -1
29 28 1
29 30 1
29 32 1
29 34 1
29 35 1
29 36 1
29 37 1
29 38 -1
29 39 1
29 40 1
29 41 1
29 42 1
29 44 1
29 46 -1
29 47 1
29 48 1
29 49 -1
29 50 1
29 51 1
29 52 1
29 56 -1
29 57 -1
29 59 1
29 60 1
29 62 1
29 65 1
29 66 1
29 68 1
29 69 1
29 72 1
29 73 1
29 75 1
29 77 1
29 78 1
29 86 1
29 88 1
29 89 1
29 90 -1
29 92 1
29 95 1
29 97 1
29 101 1
29 107 -1
29 109 -1
29 110 1
29 112 1
29 113 1
29 114 1
29 117 -1
29 119 1
29 120 1
29 121 1
29 123 -1
29 124 1
29 127 1
29 129 1
29 131 1
29 137 1
29 138 1
29 140 1
29 141 -1
29 143 1
29 144 1
29 145 1
29 146 1
29 148 1
29 150 1
30 2 1
30 4 1
30 6 -1
30 7 1
30 9 1
30 10 1
30 11 1
30 15 1
30 19 1
30 21 1
30 22 1
30 23 1
30 25 -1
30 26 1
30 32 1
30 33 -1
30 35 1
30 40 1
30 41 1
30 43 -1
30 44 1
30 50 -1
30 55 1
30 57 1
30 58 1
30 60 1
30 64 1
30 65 1
30 66 -1
30 69 1
30 70 -1
30 72 1
30 74 -1
30 75 1
30 77 1
30 79 1
30 80 1
30 81 -1
30 85 -1
30 86 1
30 88 1
30 89 -1
30 90 1
30 91 1
30 92 1
30 95 1
30 98 1
30 99 1
30 101 -1
30 103 1
30 106 1
30 107 -1
30 108 1
30 109 1
30 111 1
30 113 1
30 114 -1
30 115 -1
30 116 -1
30 122 -1
30 126 1
30 127 1
30 128 1
30 130 1
30 135 1
30 136 1
30 139 1
30 140 1
30 142 1
30 145 1
30 146 1
30 147 1
30 149 1
30 150 -1
31 2 1
31 3 1
31 4 1
31 6 -1
31 7 1
31 9 1
31 12 -1
31 13 -1
31 16 1
31 17 -1
31 20 1
31 23 1
31 24 1
31 25 1
31 27 1
31 29 1
31 30 1
31 32 1
31 33 -1
31 35 1
31 37 -1
31 39 -1
31 42 1
31 46 1
31 49 1
31 52 1
31 54 -1
31 55 1
31 60 1
31 63 1
31 67 1
31 68 1
31 69 1
31 70 1
31 72 1
31 74 1
31 75 1
31 77 1
31 78 1
31 79 1
31 81 1
31 82 1
31 83 1
31 84 1
31 85 1
31 86 1
31 92 -1
31 94 1
31 99 -1
31 101 -1
31 102 1
31 104 1
31 106 -1
31 107 1
31 110 1
31 111 1
31 112 1
31 114 1
31 116 -1
31 117 1
31 121 -1
31 122 -1
31 123 1
31 124 1
31 125 1
31 126 1
31 129 1
31 130 1
31 131 1
31 132 1
31 133 1
31 134 -1
31 136 1
31 137 1
31 139 1
31 140 1
31 141 1
31 144 1
31 145 1
31 146 -1
31 150 -1
32 3 1
32 5 1
32 6 1
32 9 1
32 10 1
32 11 1
32 13 -1
32 14 -1
32 15 1
32 16 1
32 17 -1
32 18 1
32 20 1
32 24 1
32 26 1
32 36 1
32 37 1
32 38 1
32 39 1
32 41 1
32 44 1
32 46 1
32 47 1
32 48 1
32 52 1
32 53 1
32 55 -1
32 56 1
32 58 -1
32 60 1
32 61 -1
32 62 1
32 64 1
32 65 1
32 72 1
32 77 1
32 79 1
32 89 1
32 90 -1
32 92 1
32 94 -1
32 100 1
32 101 1
32 103 1
32 104 1
32 105 1
32 106 1
32 107 1
32 110 1
32 111 1
32 112 1
32 114 1
32 116 -1
32 117 -1
32 121 -1
32 126 1
32 127 1
32 128 1
32 129 1
32 132 1
32 134 1
32 136 1
32 137 1
32 138 1
32 139 1
32 140 1
32 141 1
32 144 1
32 145 1
32 146 1
32 147 -1
32 148 1
32 149 1
32 150 1
33 2 1
33 4 1
33 5 1
33 6 1
33 10 -1
33 12 1
33 14 1
33 17 1
33 18 1
33 19 -1
33 21 1
33 24 1
33 26 1
33 29 1
33 32 1
33 34 1
33 36 -1
33 39 -1
33 41 1
33 43 1
33 45 -1
33 46 1
33 48 -1
33 49 1
33 52 1
33 54 1
33 57 1
33 62 -1
33 64 1
33 65 1
33 66 1
33 67 1
33 68 1
33 69 -1
33 76 1
33 79 1
33 80 1
33 84 1
33 85 1
33 90 1
33 92 1
33 93 1
33 97 1
33 105 1
33 113 -1
33 115 1
33 119 1
33 120 1
33 122 1
33 124 -1
33 125 1
33 126 1
33 127 1
33 129 1
33 131 -1
33 133 1
33 135 1
33 136 1
33 138 1
33 139 1
33 140 1
33 141 -1
33 142 1
33 148 1
33 149 1
33 150 -1
34 10 -1
34 11 -1
34 14 -1
34 15 1
34 17 -1
34 20 -1
34 21 1
34 22 1
34 24 1
34 26 1
34 27 -1
34 28 1
34 30 -1
34 31 1
34 32 -1
34 36 1
34 37 1
34 38 1
34 39 1
34 41 1
34 42 1
34 43 1
34 44 1
34 45 -1
34 50 1
34 51 1
34 52 1
34 56 -1
34 60 1
34 62 1
34 63 1
34 64 1
34 65 -1
34 68 1
34 70 1
34 72 -1
34 73 1
34 74 1
34 75 -1
34 78 1
34 79 1
34 81 1
34 85 -1
34 86 -1
34 87 1
34 88 1
34 89 1
34 90 -1
34 94 1
34 95 1
34 97 1
34 98 1
34 99 1
34 100 1
34 102 1
34 104 1
34 105 1
34 109 -1
34 110 1
34 113 1
34 115 -1
34 116 1
34 117 1
34 120 1
34 122 1
34 124 -1
34 125 -1
34 126 1
34 129 1
34 130 1
34 131 1
34 132 1
34 136 1
34 138 1
34 142 -1
34 144 1
34 145 1
34 147 -1
34 148 1
34 150 1
35 4 -1
35 5 1
35 6 -1
35 7 -1
35 8 -1
35 9 1
35 10 1
35 16 1
35 19 1
35 20 -1
35 24 1
35 25 -1
35 26 -1
35 28 1
35 32 1
35 33 1
35 34 -1
35 36 1
35 37 1
35 38 1
35 40 1
35 42 1
35 44 -1
35 51 1
35 52 1
35 55 1
35 57 -1
35 58 1
35 59 1
35 63 1
35 64 1
35 65 1
35 66 1
35 67 -1
35 69 -1
35 70 1
35 71 1
35 73 1
35 74 1
35 75 1
35 77 1
35 80 -1
35 83 1
35 87 1
35 90 -1
35 92 1
35 93 1
35 95 1
35 96 1
35 101 1
35 102 -1
35 103 1
35 104 1
35 105 1
35 106 1
35 107 1
35 109 1
35 110 -1
35 113 1
35 114 1
35 118 1
35 119 1
35 120 1
35 121 1
35 126 1
35 127 1
35 128 1
35 129 1
35 130 1
35 132 1
35 134 -1
35 135 1
35 136 1
35 138 1
35 140 1
35 143 1
35 145 1
35 146 1
35 147 1
35 148 1
35 150 1
36 1 1
36 2 1
36 3 1
36 4 1
36 5 1
36 13 1
36 14 -1
36 15 -1
36 17 1
36 23 1
36 25 1
36 26 1
36 27 1
36 28 1
36 30 1
36 31 1
36 37 -1
36 39 1
36 41 1
36 43 -1
36 44 -1
36 45 1
36 48 1
36 49 -1
36 50 1
36 51 1
36 53 1
36 55 1
36 56 1
36 58 1
36 59 1
36 62 1
36 63 1
36 66 1
36 77 1
36 78 1
36 81 1
36 83 1
36 84 1
36 88 1
36 89 -1
36 90 -1
36 94 -1
36 101 1
36 102 1
36 103 1
36 105 1
36 106 1
36 107 -1
36 109 1
36 110 1
36 111 1
36 114 1
36 115 1
36 116 1
36 117 -1
36 120 1
36 121 1
36 124 1
36 127 1
36 129 1
36 130 1
36 131 1
36 133 1
36 134 1
36 135 1
36 136 1
36 138 1
36 139 1
36 141 1
36 146 1
36 149 1
36 150 1
37 1 1
37 2 1
37 4 -1
37 6 -1
37 10 1
37 11 1
37 12 1
37 13 1
37 14 1
37 15 1
37 17 1
37 19 1
37 20 1
37 22 1
37 23 1
37 26 1
37 27 1
37 28 1
37 30 1
37 33 1
37 39 1
37 40 1
37 42 1
37 43 1
37 46 1
37 48 1
37 50 1
37 51 1
37 52 1
37 54 1
37 55 1
37 56 1
37 57 1
37 59 1
37 60 1
37 62 -1
37 67 1
37 68 1
37 70 1
37 72 1
37 73 1
37 75 1
37 77 1
37 78 -1
37 79 1
37 81 1
37 84 1
37 85 -1
37 86 1
37 90 1
37 92 -1
37 93 1
37 95 1
37 96 1
37 97 1
37 99 -1
37 100 -1
37 101 1
37 102 1
37 104 1
37 112 1
37 119 1
37 121 1
37 123 1
37 124 1
37 126 1
37 129 1
37 135 1
37 138 1
37 141 1
37 142 -1
37 145 1
37 146 1
37 147 1
37 149 1
38 1 1
38 2 1
38 3 1
38 4 1
38 5 1
38 6 1
38 8 1
38 9 1
38 17 1
38 22 -1
38 23 1
38 26 1
38 27 -1
38 28 1
38 30 1
38 31 -1
38 33 1
38 36 1
38 37 -1
38 40 1
38 42 1
38 44 1
38 46 1
38 48 1
38 51 1
38 52 1
38 53 1
38 54 -1
38 55 1
38 59 1
38 60 1
38 61 1
38 62 1
38 65 1
38 66 1
38 68 1
38 69 1
38 70 1
38 72 -1
38 73 1
38 75 1
38 76 1
38 88 1
38 89 1
38 91 1
38 92 1
38 93 1
38 97 1
38 100 1
38 104 1
38 105 1
38 106 1
38 109 -1
38 110 -1
38 112 1
38 114 1
38 115 1
38 118 1
38 119 1
38 120 1
38 123 1
38 125 1
38 128 1
38 133 1
38 134 1
38 136 1
38 137 1
38 140 1
38 147 1
39 1 1
39 3 1
39 5 1
39 6 1
39 9 -1
39 12 1
39 13 -1
39 14 1
39 15 -1
39 17 1
39 18 1
39 19 -1
39 21 1
39 22 1
39 23 -1
39 24 1
39 27 1
39 30 1
39 35 1
39 38 1
39 40 1
39 45 -1
39 46 1
39 47 1
39 49 1
39 51 1
39 52 1
39 53 -1
39 54 1
39 55 -1
39 59 -1
39 60 1
39 61 1
39 63 -1
39 64 -1
39 66 1
39 67 1
39 68 1
39 70 1
39 81 1
39 82 -1
39 84 1
39 85 1
39 86 -1
39 87 -1
39 90 1
39 93 1
39 94 1
39 99 1
39 100 1
39 103 1
39 104 1
39 107 1
39 110 1
39 111 -1
39 112 1
39 113 1
39 115 1
39 116 1
39 117 1
39 120 1
39 122 1
39 123 1
39 125 1
39 126 1
39 127 1
39 128 -1
39 129 1
39 134 1
39 136 1
39 137 -1
39 138 1
39 139 1
39 140 1
39 141 1
39 143 1
39 145 1
39 147 1
40 1 1
40 2 1
40 3 1
40 5 1
40 6 1
40 7 -1
40 8 1
40 10 -1
40 11 1
40 16 1
40 20 1
40 23 -1
40 25 1
40 27 1
40 31 1
40 32 1
40 33 1
40 34 -1
40 36 -1
40 41 1
40 42 1
40 45 -1
40 46 -1
40 51 1
40 54 1
40 55 1
40 57 1
40 58 1
40 59 1
40 61 1
40 62 1
40 64 1
40 65 -1
40 67 1
40 68 1
40 69 1
40 70 -1
40 71 1
40 75 1
40 81 1
40 82 1
40 83 1
40 84 1
40 86 1
40 93 -1
40 97 1
40 105 1
40 106 1
40 107 1
40 108 1
40 109 1
40 110 1
40 113 1
40 114 -1
40 116 1
40 119 -1
40 120 1
40 122 1
40 123 1
40 125 1
40 126 1
40 131 1
40 133 1
40 134 1
40 136 1
40 138 1
40 141 -1
40 143 1
40 144 1
40 145 1
40 147 1
40 150 -1
41 1 1
41 3 1
41 4 1
41 6 1
41 11 1
41 12 1
41 13 1
41 15 1
41 16 1
41 18 1
41 21 1
41 22 -1
41 23 1
41 24 1
41 26 1
41 28 1
41 31 1
41 35 1
41 37 -1
41 38 1
41 39 1
41 44 1
41 45 -1
41 46 1
41 50 1
41 51 1
41 52 -1
41 53 1
41 55 1
41 57 1
41 60 1
41 62 1
41 63 -1
41 64 -1
41 66 1
41 69 1
41 70 1
41 72 1
41 74 1
41 76 1
41 77 -1
41 87 1
41 88 1
41 89 -1
41 91 1
41 94 -1
41 96 1
41 97 1
41 98 -1
41 100 1
41 101 1
41 103 1
41 104 1
41 105 -1
41 106 1
41 109 1
41 110 1
41 111 1
41 114 1
41 115 1
41 127 1
41 129 -1
41 134 1
41 137 1
41 139 1
41 141 1
41 143 -1
41 144 1
41 146 -1
41 147 1
41 148 1
42 2 1
42 3 1
42 6 1
42 7 1
42 10 1
42 11 1
42 13 1
42 16 -1
42 17 1
42 18 1
42 19 1
42 21 1
42 30 1
42 32 1
42 33 1
42 36 1
42 39 1
42 41 1
42 47 1
42 49 1
42 54 -1
42 55 1
42 56 -1
42 57 1
42 58 1
42 64 1
42 65 -1
42 71 -1
42 73 1
42 76 1
42 78 1
42 80 1
42 83 -1
42 84 1
42 86 1
42 89 1
42 91 -1
42 92 -1
42 96 1
42 97 -1
42 98 1
42 99 1
42 101 1
42 106 1
42 107 1
42 111 1
42 112 -1
42 117 -1
42 120 1
42 122 -1
42 123 1
42 124 1
42 125 1
42 127 1
42 128 1
42 130 1
42 132 1
42 133 -1
42 136 1
42 137 1
42 138 1
42 139 1
42 142 -1
42 143 1
42 145 1
42 146 1
42 147 1
42 148 1
42 150 1
43 2 1
43 3 1
43 4 1
43 5 -1
43 6 1
43 11 1
43 22 -1
43 23 1
43 25 1
43 26 1
43 28 -1
43 29 1
43 31 1
43 32 1
43 35 1
43 38 -1
43 39 1
43 40 1
43 41 -1
43 42 1
43 45 1
43 46 1
43 47 1
43 51 1
43 52 -1
43 53 1
43 54 -1
43 58 -1
43 59 1
43 62 -1
43 65 1
43 68 1
43 71 1
43 73 1
43 74 1
43 75 1
43 76 1
43 78 1
43 80 1
43 81 1
43 84 1
43 85 1
43 86 -1
43 89 1
43 92 1
43 94 1
43 99 1
43 100 1
43 101 1
43 104 1
43 106 1
43 107 1
43 110 1
43 111 1
43 112 -1
43 116 1
43 118 1
43 119 -1
43 121 -1
43 123 1
43 127 1
43 128 1
43 129 1
43 131 1
43 136 -1
43 137 1
43 138 -1
43 139 1
43 140 1
43 141 -1
43 143 -1
43 147 1
43 148 1
43 149 1
44 4 1
44 5 1
44 6 1
44 8 1
44 12 1
44 13 1
44 18 -1
44 19 1
44 20 1
44 22 -1
44 23 1
44 25 1
44 28 1
44 31 1
44 33 1
44 37 1
44 39 1
44 40 1
44 42 1
44 43 1
44 45 1
44 47 1
44 48 -1
44 49 1
44 52 -1
44 53 1
44 54 1
44 56 -1
44 58 1
44 60 1
44 61 1
44 62 1
44 63 1
44 64 1
44 66 1
44 67 1
44 70 1
44 71 1
44 73 1
44 75 -1
44 77 1
44 78 1
44 83 1
44 84 1
44 86 1
44 87 1
44 88 1
44 89 1
44 91 1
44 94 1
44 95 1
44 97 1
44 98 1
44 99 1
44 101 1
44 102 1
44 103 1
44 104 -1
44 108 1
44 110 1
44 111 -1
44 112 1
44 113 1
44 114 1
44 115 1
44 117 1
44 122 1
44 127 1
44 130 1
44 131 1
44 133 1
44 135 1
44 136 1
44 141 1
44 145 1
44 150 1
45 2 -1
45 3 1
45 4 1
45 6 1
45 7 1
45 8 1
45 11 -1
45 12 1
45 14 1
45 15 1
45 16 -1
45 18 1
45 19 1
45 21 1
45 23 -1
45 29 1
45 30 1
45 31 -1
45 32 1
45 35 1
45 37 -1
45 38 1
45 42 1
45 48 1
45 49 1
45 50 1
45 51 -1
45 53 1
45 55 -1
45 56 1
45 59 1
45 61 1
45 62 1
45 69 -1
45 72 -1
45 73 -1
45 75 -1
45 79 -1
45 81 1
45 82 1
45 85 1
45 86 1
45 89 1
45 91 -1
45 93 1
45 95 1
45 96 -1
45 98 1
45 99 1
45 100 1
45 103 1
45 104 1
45 105 1
45 107 1
45 110 1
45 112 1
45 113 1
45 114 1
45 119 1
45 122 1
45 123 1
45 125 -1
45 126 1
45 127 1
45 130 -1
45 131 -1
45 132 -1
45 137 1
45 139 -1
45 141 1
45 143 1
45 146 1
45 148 1
45 149 1
46 2 1
46 3 1
46 6 -1
46 8 -1
46 9 1
46 10 1
46 12 1
46 13 -1
46 14 -1
46 15 1
46 16 -1
46 18 1
46 22 1
46 23 -1
46 24 1
46 26 1
46 27 -1
46 28 1
46 30 1
46 34 1
46 35 1
46 36 1
46 42 -1
46 44 1
46 45 1
46 48 1
46 49 1
46 51 1
46 52 1
46 54 1
46 57 1
46 60 1
46 61 1
46 62 1
46 64 1
46 68 1
46 69 -1
46 70 -1
46 71 -1
46 72 1
46 73 1
46 75 1
46 76 1
46 77 1
46 81 -1
46 82 1
46 85 -1
46 86 1
46 87 1
46 88 -1
46 90 -1
46 91 1
46 94 1
46 95 1
46 99 1
46 100 1
46 101 1
46 102 1
46 104 1
46 108 1
46 112 1
46 113 1
46 115 1
46 117 1
46 118 1
46 119 -1
46 123 -1
46 124 1
46 125 1
46 126 1
46 130 1
46 131 1
46 132 1
46 133 1
46 134 1
46 135 -1
46 136 1
46 137 1
46 138 -1
46 139 1
46 140 -1
46 141 1
46 142 1
46 145 1
46 147 1
46 148 1
46 150 1
47 3 1
47 4 -1
47 9 1
47 10 1
47 12 -1
47 13 1
47 16 -1
47 17 1
47 18 1
47 20 -1
47 23 1
47 27 -1
47 30 1
47 31 -1
47 33 -1
47 34 -1
47 35 1
47 36 1
47 37 -1
47 38 1
47 40 1
47 41 1
47 45 1
47 46 1
47 48 -1
47 56 1
47 57 1
47 59 1
47 61 1
47 63 1
47 65 1
47 67 1
47 70 -1
47 71 1
47 74 -1
47 77 1
47 78 1
47 80 1
47 84 1
47 86 1
47 87 1
47 88 1
47 89 1
47 91 1
47 95 1
47 96 1
47 101 1
47 102 1
47 103 -1
47 104 1
47 105 -1
47 106 1
47 107 1
47 109 -1
47 112 -1
47 114 -1
47 116 1
47 117 1
47 119 1
47 121 1
47 123 1
47 124 1
47 129 1
47 130 1
47 131 1
47 134 1
47 135 1
47 136 1
47 138 1
47 140 1
47 142 1
47 144 1
47 145 1
47 146 1
47 147 1
48 1 1
48 3 1
48 6 1
48 7 1
48 10 -1
48 12 -1
48 13 -1
48 15 1
48 18 1
48 19 1
48 22 1
48 23 1
48 24 1
48 26 1
48 28 1
48 30 -1
48 31 1
48 34 1
48 35 -1
48 39 -1
48 40 1
48 41 1
48 42 1
48 43 1
48 49 1
48 50 -1
48 51 1
48 52 1
48 53 1
48 54 1
48 56 1
48 57 1
48 58 1
48 60 1
48 61 1
48 62 -1
48 63 1
48 65 1
48 68 1
48 70 1
48 71 1
48 74 -1
48 75 1
48 80 1
48 81 -1
48 83 -1
48 85 1
48 89 1
48 100 1
48 101 -1
48 103 1
48 106 1
48 108 1
48 110 -1
48 113 1
48 116 1
48 119 -1
48 121 1
48 123 1
48 124 1
48 131 -1
48 134 1
48 135 1
48 136 1
48 137 1
48 138 1
48 141 1
48 147 1
48 149 1
49 2 1
49 3 1
49 5 1
49 7 -1
49 8 1
49 9 1
49 10 1
49 12 1
49 13 1
49 14 1
49 18 -1
49 19 -1
49 24 1
49 27 1
49 28 1
49 30 1
49 32 1
49 34 1
49 35 1
49 37 1
49 38 -1
49 40 -1
49 41 1
49 43 1
49 47 -1
49 50 1
49 53 1
49 54 1
49 56 1
49 57 -1
49 61 1
49 62 1
49 66 1
49 67 1
49 70 -1
49 72 -1
49 73 -1
49 74 -1
49 77 1
49 78 1
49 79 1
49 81 1
49 83 1
49 87 1
49 90 1
49 91 -1
49 93 1
49 94 1
49 96 1
49 97 1
49 99 1
49 100 1
49 103 1
49 104 1
49 105 1
49 108 1
49 109 1
49 110 1
49 112 1
49 113 1
49 115 1
49 118 -1
49 120 1
49 124 1
49 125 -1
49 128 1
49 130 1
49 132 1
49 133 -1
49 137 -1
49 138 1
49 139 1
49 140 1
49 141 1
49 143 1
49 144 1
49 145 1
49 150 1
50 1 1
50 4 -1
50 5 1
50 6 1
50 8 1
50 9 1
50 11 1
50 12 1
50 13 1
50 14 -1
50 15 1
50 16 -1
50 17 -1
50 18 -1
50 21 1
50 23 1
50 25 1
50 26 1
50 27 1
50 31 -1
50 32 1
50 33 1
50 35 1
50 38 1
50 39 1
50 40 -1
50 42 -1
50 43 1
50 44 1
50 46 1
50 47 1
50 51 1
50 53 1
50 54 1
50 60 1
50 63 1
50 65 1
50 66 1
50 67 1
50 68 1
50 69 -1
50 70 1
50 75 -1
50 77 1
50 78 1
50 79 1
50 85 1
50 87 1
50 89 1
50 92 1
50 94 1
50 95 -1
50 100 1
50 102 1
50 104 1
50 105 1
50 108 1
50 109 1
50 111 1
50 113 1
50 121 -1
50 122 1
50 124 -1
50 126 -1
50 127 1
50 128 1
50 133 1
50 134 1
50 139 1
50 142 1
50 143 1
50 144 -1
50 145 -1
50 146 -1
50 148 1
50 149 1
51 3 -1
51 4 1
51 5 1
51 7 1
51 10 1
51 12 1
51 13 1
51 15 1
51 17 1
51 19 -1
51 23 1
51 24 1
51 25 1
51 26 1
51 27 1
51 28 1
51 30 1
51 31 -1
51 32 1
51 33 1
51 42 1
51 44 -1
51 47 1
51 49 1
51 52 1
51 54 1
51 59 -1
51 60 1
51 62 1
51 63 1
51 65 1
51 66 1
51 67 -1
51 69 1
51 73 1
51 75 1
51 81 1
51 83 1
51 84 1
51 85 -1
51 86 1
51 92 1
51 100 1
51 102 1
51 103 1
51 104 1
51 106 -1
51 108 1
51 109 1
51 110 1
51 111 1
51 114 1
51 115 1
51 116 1
51 119 -1
51 120 1
51 121 1
51 123 1
51 125 1
51 131 1
51 132 1
51 133 1
51 137 -1
51 139 1
51 143 1
51 144 -1
51 145 1
51 149 1
52 4 -1
52 5 1
52 6 -1
52 7 1
52 9 1
52 11 1
52 12 1
52 13 1
52 14 1
52 21 -1
52 26 -1
52 27 1
52 30 1
52 36 -1
52 40 1
52 42 1
52 45 1
52 47 1
52 49 1
52 50 -1
52 55 1
52 56 -1
52 57 -1
52 58 1
52 60 1
52 61 1
52 62 1
52 64 1
52 68 1
52 69 1
52 70 -1
52 72 1
52 73 1
52 74 1
52 75 1
52 76 -1
52 77 1
52 78 -1
52 82 1
52 84 -1
52 87 -1
52 88 -1
52 89 1
52 90 1
52 94 -1
52 97 1
52 98 1
52 100 1
52 103 -1
52 106 -1
52 107 1
52 113 1
52 114 1
52 118 1
52 120 1
52 122 -1
52 124 1
52 125 -1
52 130 1
52 131 1
52 133 1
52 134 1
52 135 1
52 136 1
52 137 1
52 139 -1
52 141 -1
52 142 1
52 143 1
52 145 -1
52 147 1
53 2 -1
53 6 -1
53 7 -1
53 8 1
53 10 1
53 16 -1
53 21 1
53 22 1
53 26 1
53 27 1
53 28 1
53 29 1
53 30 1
53 31 1
53 33 1
53 34 1
53 35 1
53 37 -1
53 40 1
53 42 1
53 46 1
53 47 -1
53 51 1
53 52 1
53 54 1
53 55 -1
53 56 1
53 58 1
53 59 1
53 63 1
53 64 1
53 65 1
53 67 1
53 68 1
53 70 1
53 71 1
53 75 1
53 76 1
53 81 -1
53 82 -1
53 83 1
53 84 1
53 85 -1
53 86 1
53 87 1
53 92 1
53 94 1
53 96 1
53 101 1
53 102 1
53 103 1
53 105 1
53 106 1
53 108 1
53 111 1
53 114 1
53 116 1
53 119 1
53 122 1
53 123 1
53 124 1
53 126 1
53 127 1
53 128 -1
53 131 1
53 132 1
53 134 1
53 138 -1
53 140 1
53 141 -1
53 142 -1
53 143 1
53 144 1
53 147 1
53 149 1
54 4 -1
54 10 -1
54 11 -1
54 13 1
54 20 -1
54 21 1
54 23 -1
54 26 1
54 29 -1
54 30 1
54 32 1
54 34 1
54 35 1
54 36 1
54 41 1
54 45 1
54 47 1
54 52 -1
54 55 1
54 56 1
54 57 1
54 58 1
54 61 1
54 62 1
54 64 1
54 65 1
54 67 1
54 68 1
54 69 1
54 72 1
54 75 1
54 78 1
54 79 1
54 82 1
54 91 -1
54 92 1
54 94 1
54 97 1
54 99 1
54 101 1
54 104 1
54 108 1
54 110 1
54 114 1
54 116 -1
54 117 1
54 120 1
54 125 -1
54 133 1
54 134 1
54 136 -1
54 139 1
54 140 1
54 143 1
54 145 1
54 149 1
55 2 1
55 3 1
55 4 1
55 5 1
55 6 1
55 7 1
55 14 1
55 15 -1
55 17 1
55 18 1
55 19 1
55 20 1
55 21 1
55 22 -1
55 25 1
55 27 1
55 28 1
55 29 1
55 33 1
55 34 1
55 43 1
55 44 1
55 46 1
55 47 -1
55 48 1
55 49 1
55 50 1
55 51 1
55 56 1
55 60 1
55 64 1
55 65 1
55 66 1
55 67 1
55 70 1
55 71 1
55 72 -1
55 73 1
55 75 1
55 76 1
55 78 1
55 79 1
55 80 -1
55 81 1
55 82 -1
55 84 1
55 85 -1
55 86 1
55 87 1
55 88 -1
55 94 1
55 95 1
55 96 1
55 99 1
55 107 -1
55 109 1
55 111 1
55 112 -1
55 113 1
55 115 1
55 116 1
55 118 1
55 119 1
55 122 -1
55 126 -1
55 127 1
55 128 1
55 131 -1
55 132 -1
55 133 -1
55 134 1
55 135 -1
55 137 1
55 138 1
55 143 -1
55 145 1
55 146 -1
55 147 1
55 148 1
56 2 -1
56 5 1
56 7 1
56 8 1
56 13 1
56 14 1
56 15 -1
56 16 1
56 19 1
56 21 1
56 22 1
56 24 1
56 25 1
56 27 1
56 30 1
56 31 1
56 33 1
56 35 1
56 38 -1
56 39 -1
56 40 -1
56 41 1
56 43 1
56 46 1
56 50 1
56 51 1
56 57 1
56 61 1
56 63 1
56 65 1
56 68 1
56 69 1
56 71 1
56 72 -1
56 73 1
56 74 -1
56 75 1
56 76 1
56 77 1
56 78 1
56 84 1
56 86 1
56 88 1
56 89 1
56 90 1
56 92 1
56 93 1
56 96 1
56 98 -1
56 99 1
56 100 -1
56 101 -1
56 105 1
56 106 -1
56 108 1
56 109 -1
56 110 1
56 112 -1
56 115 1
56 117 1
56 118 1
56 124 -1
56 125 1
56 126 -1
56 127 1
56 128 1
56 130 1
56 131 1
56 133 1
56 134 1
56 135 1
56 137 1
56 139 -1
56 141 1
56 142 1
56 144 1
56 147 1
56 148 1
56 149 1
56 150 -1
57 1 1
57 2 1
57 4 1
57 5 1
57 6 1
57 8 1
57 9 1
57 14 1
57 15 -1
57 19 1
57 22 1
57 27 1
57 31 -1
57 32 1
57 34 1
57 36 1
57 38 1
57 39 1
57 43 1
57 44 1
57 45 -1
57 50 1
57 51 1
57 53 -1
57 55 1
57 58 1
57 59 1
57 61 1
57 62 -1
57 63 1
57 65 1
57 66 1
57 67 1
57 68 1
57 69 1
57 71 1
57 72 1
57 73 1
57 76 1
57 77 1
57 83 1
57 85 1
57 86 1
57 91 1
57 92 1
57 93 1
57 95 1
57 96 -1
57 97 1
57 99 1
57 100 1
57 101 1
57 105 1
57 106 1
57 108 1
57 111 1
57 115 1
57 116 1
57 117 -1
57 121 1
57 123 -1
57 125 1
57 126 -1
57 127 -1
57 128 -1
57 129 1
57 130 -1
57 131 -1
57 133 1
57 136 1
57 137 1
57 139 1
57 148 1
57 149 1
57 150 1
58 1 1
58 3 1
58 7 1
58 10 1
58 14 -1
58 15 1
58 16 1
58 17 1
58 18 1
58 22 1
58 24 1
58 26 1
58 29 -1
58 31 1
58 33 1
58 34 1
58 37 1
58 38 1
58 39 1
58 41 -1
58 45 1
58 46 1
58 47 1
58 49 1
58 50 1
58 51 1
58 55 1
58 56 1
58 66 1
58 68 1
58 69 1
58 71 1
58 73 1
58 74 -1
58 77 1
58 82 1
58 83 1
58 87 1
58 88 1
58 89 -1
58 90 -1
58 91 1
58 93 1
58 95 1
58 97 1
58 98 1
58 101 1
58 102 1
58 108 1
58 113 -1
58 116 1
58 117 1
58 124 -1
58 125 -1
58 126 -1
58 127 1
58 132 1
58 133 1
58 135 -1
58 136 1
58 137 1
58 138 -1
58 140 1
58 141 1
58 142 1
58 143 -1
58 145 1
58 149 1
58 150 1
59 2 1
59 4 1
59 6 1
59 7 1
59 8 1
59 9 1
59 11 1
59 13 1
59 15 1
59 16 1
59 17 1
59 22 1
59 24 -1
59 26 1
59 27 1
59 28 1
59 30 1
59 31 -1
59 32 1
59 33 -1
59 34 1
59 41 1
59 42 1
59 44 -1
59 46 1
59 48 1
59 49 1
59 50 1
59 52 1
59 54 1
59 55 1
59 56 1
59 58 1
59 61 1
59 65 1
59 69 1
59 71 1
59 72 1
59 73 1
59 74 -1
59 75 1
59 76 1
59 78 -1
59 79 1
59 80 -1
59 81 1
59 82 1
59 83 1
59 86 1
59 87 -1
59 89 1
59 93 1
59 95 1
59 96 1
59 98 1
59 99 1
59 107 1
59 108 1
59 110 -1
59 111 1
59 113 1
59 116 1
59 117 1
59 118 1
59 119 1
59 120 1
59 124 1
59 125 1
59 126 1
59 127 1
59 129 1
59 131 1
59 133 -1
59 135 1
59 136 1
59 137 1
59 140 1
59 141 1
59 143 1
59 147 -1
59 148 1
60 1 1
60 2 1
60 3 1
60 4 1
60 5 -1
60 6 1
60 8 1
60 10 1
60 11 1
60 12 -1
60 13 1
60 14 -1
60 17 1
60 18 1
60 19 1
60 24 1
60 25 1
60 26 1
60 27 1
60 33 1
60 35 1
60 36 1
60 40 1
60 42 1
60 43 1
60 45 -1
60 47 -1
60 49 1
60 53 -1
60 54 1
60 56 1
60 57 1
60 58 1
60 59 1
60 61 1
60 62 1
60 63 1
60 64 1
60 65 -1
60 66 1
60 67 -1
60 69 1
60 72 -1
60 73 1
60 77 1
60 80 1
60 82 1
60 83 -1
60 85 -1
60 88 1
60 93 1
60 97 1
60 100 1
60 101 -1
60 102 1
60 104 1
60 108 -1
60 109 1
60 111 1
60 113 1
60 115 1
60 116 1
60 119 -1
60 120 1
60 123 1
60 126 -1
60 127 1
60 129 -1
60 130 1
60 132 1
60 137 1
60 138 1
60 139 1
60 146 1
60 148 -1
60 149 -1
60 150 1
61 1 -1
61 2 1
61 6 1
61 7 1
61 9 1
61 10 1
61 12 1
61 16 1
61 17 1
61 18 1
61 20 1
61 21 1
61 22 1
61 23 -1
61 25 1
61 26 1
61 28 -1
61 29 1
61 30 1
61 31 1
61 33 1
61 34 1
61 35 1
61 36 1
61 37 1
61 41 1
61 42 1
61 43 1
61 50 -1
61 51 1
61 53 -1
61 55 1
61 58 -1
61 62 1
61 63 -1
61 64 1
61 65 1
61 70 1
61 71 1
61 75 1
61 76 -1
61 80 1
61 82 1
61 84 1
61 85 1
61 86 -1
61 90 1
61 91 1
61 93 1
61 96 1
61 97 1
61 98 1
61 100 1
61 101 1
61 102 1
61 104 1
61 105 1
61 108 1
61 109 -1
61 111 1
61 112 1
61 113 1
61 115 1
61 119 1
61 122 1
61 123 1
61 127 1
61 129 1
61 140 1
61 142 1
61 145 1
61 146 1
62 3 1
62 5 1
62 8 1
62 9 -1
62 13 1
62 14 1
62 15 1
62 19 1
62 21 1
62 23 1
62 25 1
62 27 1
62 28 1
62 30 1
62 31 -1
62 35 1
62 39 1
62 42 1
62 47 1
62 50 -1
62 53 1
62 55 -1
62 56 1
62 58 1
62 59 1
62 63 -1
62 65 1
62 66 -1
62 68 1
62 71 1
62 75 1
62 76 1
62 79 1
62 80 -1
62 82 -1
62 83 1
62 85 1
62 86 1
62 87 1
62 89 1
62 91 1
62 92 1
62 93 -1
62 94 1
62 95 1
62 97 -1
62 99 1
62 113 1
62 114 1
62 117 1
62 119 1
62 120 -1
62 121 -1
62 124 1
62 125 1
62 126 -1
62 128 1
62 130 1
62 131 -1
62 132 1
62 133 1
62 135 1
62 136 1
62 137 1
62 138 1
62 139 -1
62 140 -1
62 142 1
62 143 1
62 144 1
62 149 -1
63 3 -1
63 5 -1
63 6 1
63 8 -1
63 9 1
63 10 1
63 11 1
63 13 1
63 14 1
63 15 1
63 17 1
63 21 1
63 22 1
63 24 -1
63 25 1
63 26 1
63 27 1
63 28 1
63 29 1
63 30 1
63 32 -1
63 33 1
63 37 -1
63 38 1
63 40 1
63 42 1
63 43 1
63 45 1
63 46 1
63 49 -1
63 52 1
63 54 1
63 55 -1
63 58 1
63 59 1
63 64 1
63 66 1
63 68 1
63 69 1
63 71 -1
63 72 1
63 78 1
63 79 1
63 80 1
63 83 1
63 84 1
63 86 -1
63 89 1
63 91 -1
63 94 1
63 95 1
63 96 1
63 97 1
63 99 1
63 100 1
63 101 1
63 102 1
63 108 1
63 110 1
63 112 -1
63 113 1
63 115 1
63 116 1
63 117 1
63 119 1
63 120 1
63 121 1
63 124 1
63 125 1
63 127 -1
63 131 1
63 132 1
63 133 1
63 135 -1
63 136 1
63 139 1
63 142 1
63 143 1
63 144 -1
63 145 1
63 146 1
63 147 1
63 148 1
63 150 1
64 1 1
64 3 1
64 7 1
64 10 -1
64 12 -1
64 16 1
64 21 1
64 23 1
64 24 1
64 25 -1
64 26 1
64 27 1
64 28 1
64 29 1
64 31 1
64 36 1
64 37 1
64 38 -1
64 43 -1
64 45 1
64 47 1
64 48 1
64 49 1
64 50 -1
64 51 1
64 56 1
64 57 1
64 58 1
64 59 -1
64 62 1
64 65 1
64 66 1
64 67 -1
64 69 1
64 71 1
64 75 1
64 76 1
64 77 1
64 78 1
64 79 1
64 80 1
64 82 1
64 83 -1
64 85 1
64 87 1
64 88 1
64 90 1
64 92 1
64 95 1
64 98 1
64 101 1
64 102 -1
64 103 -1
64 104 1
64 105 1
64 109 1
64 116 -1
64 120 -1
64 123 -1
64 124 1
64 127 1
64 129 -1
64 130 1
64 134 -1
64 137 1
64 138 1
64 139 1
64 140 -1
64 143 -1
64 144 1
64 145 1
64 147 1
64 148 1
64 150 1
65 1 1
65 2 1
65 3 1
65 6 1
65 9 1
65 10 1
65 15 -1
65 22 1
65 26 1
65 27 1
65 28 1
65 31 1
65 36 1
65 37 1
65 39 1
65 41 1
65 44 1
65 45 1
65 46 1
65 49 1
65 52 1
65 58 -1
65 63 1
65 66 1
65 67 1
65 70 1
65 71 1
65 73 1
65 76 1
65 78 1
65 79 1
65 82 1
65 83 1
65 84 1
65 85 -1
65 89 1
65 90 1
65 91 1
65 92 1
65 94 1
65 95 1
65 99 1
65 102 1
65 104 1
65 106 -1
65 107 -1
65 110 1
65 111 1
65 115 1
65 121 1
65 122 1
65 124 1
65 126 -1
65 129 -1
65 132 1
65 134 1
65 136 1
65 137 1
65 138 1
65 141 1
65 146 1
65 147 1
65 148 1
65 150 1
66 1 1
66 3 1
66 6 1
66 7 1
66 10 1
66 16 1
66 17 1
66 18 1
66 19 1
66 20 1
66 21 1
66 23 1
66 27 1
66 31 -1
66 32 1
66 34 1
66 37 1
66 40 1
66 42 -1
66 43 1
66 45 1
66 46 1
66 47 1
66 48 1
66 52 1
66 53 1
66 54 1
66 56 -1
66 59 -1
66 61 1
66 67 1
66 68 1
66 70 1
66 71 1
66 72 -1
66 74 -1
66 75 1
66 81 1
66 84 1
66 86 1
66 87 1
66 89 1
66 90 1
66 91 -1
66 93 1
66 95 1
66 96 1
66 97 1
66 98 1
66 100 1
66 101 1
66 103 1
66 104 -1
66 105 1
66 107 -1
66 108 1
66 109 1
66 111 1
66 113 1
66 116 -1
66 119 1
66 121 -1
66 124 1
66 129 1
66 131 1
66 132 -1
66 133 1
66 135 1
66 137 1
66 138 1
66 141 1
66 145 1
66 147 1
66 148 -1
66 149 1
66 150 1
67 1 1
67 3 1
67 5 1
67 6 1
67 7 1
67 8 -1
67 9 1
67 10 1
67 14 1
67 15 1
67 20 1
67 21 1
67 22 1
67 23 1
67 25 -1
67 26 1
67 27 1
67 29 1
67 30 1
67 32 1
67 34 1
67 36 1
67 38 1
67 41 -1
67 42 -1
67 43 1
67 45 -1
67 46 1
67 48 1
67 52 1
67 56 -1
67 58 1
67 59 1
67 61 1
67 62 1
67 63 1
67 68 -1
67 69 1
67 71 1
67 72 -1
67 75 1
67 77 1
67 79 -1
67 80 1
67 81 1
67 84 1
67 85 -1
67 86 -1
67 87 1
67 88 -1
67 95 1
67 96 1
67 97 -1
67 98 -1
67 101 1
67 102 1
67 103 1
67 104 1
67 105 1
67 110 1
67 112 1
67 113 1
67 115 -1
67 118 -1
67 120 1
67 122 -1
67 125 1
67 126 -1
67 130 1
67 133 1
67 135 1
67 137 -1
67 139 1
67 145 1
67 147 -1
67 149 1
67 150 -1
68 1 1
68 3 1
68 4 -1
68 6 1
68 8 -1
68 13 1
68 16 1
68 18 1
68 19 1
68 20 -1
68 23 1
68 24 1
68 25 -1
68 26 1
68 27 1
68 28 1
68 30 1
68 32 1
68 35 1
68 36 1
68 41 1
68 42 1
68 44 -1
68 45 1
68 47 1
68 49 1
68 51 1
68 55 1
68 59 1
68 60 1
68 61 1
68 64 1
68 65 1
68 73 1
68 75 1
68 76 -1
68 78 1
68 84 1
68 86 1
68 90 1
68 92 -1
68 93 1
68 94 -1
68 96 1
68 97 1
68 99 1
68 101 1
68 102 1
68 104 1
68 105 1
68 106 1
68 107 1
68 111 1
68 114 1
68 116 -1
68 118 1
68 120 1
68 121 1
68 125 1
68 127 1
68 128 -1
68 131 1
68 133 1
68 134 1
68 135 1
68 136 1
68 139 -1
68 141 -1
68 143 1
68 147 1
68 148 1
68 149 1
68 150 1
69 1 1
69 2 -1
69 4 1
69 5 -1
69 9 1
69 12 -1
69 13 1
69 17 1
69 18 1
69 19 1
69 22 1
69 24 -1
69 26 1
69 32 1
69 34 -1
69 36 1
69 37 -1
69 39 1
69 42 -1
69 43 1
69 44 1
69 47 1
69 48 1
69 49 1
69 53 -1
69 55 1
69 61 1
69 62 1
69 65 -1
69 66 1
69 68 -1
69 71 1
69 72 1
69 75 1
69 76 1
69 77 1
69 78 1
69 80 1
69 82 1
69 83 -1
69 84 1
69 86 -1
69 87 1
69 89 -1
69 90 1
69 96 1
69 97 1
69 99 1
69 100 1
69 101 1
69 102 -1
69 104 1
69 105 -1
69 106 1
69 108 -1
69 109 1
69 110 -1
69 111 1
69 112 1
69 115 1
69 119 1
69 122 -1
69 124 1
69 125 1
69 126 1
69 127 1
69 130 1
69 131 -1
69 132 1
69 133 1
69 134 1
69 135 1
69 136 -1
69 138 1
69 142 1
69 143 1
69 147 1
69 149 1
70 1 1
70 2 -1
70 3 1
70 5 1
70 6 1
70 8 1
70 9 1
70 11 1
70 12 1
70 13 1
70 15 1
70 18 1
70 19 -1
70 23 1
70 25 1
70 26 1
70 28 1
70 29 1
70 32 1
70 33 1
70 36 1
70 42 1
70 43 1
70 45 1
70 51 -1
70 54 1
70 56 1
70 57 -1
70 58 -1
70 59 1
70 60 -1
70 62 -1
70 63 1
70 64 1
70 67 1
70 68 1
70 69 1
70 71 1
70 73 1
70 74 1
70 76 1
70 81 -1
70 82 1
70 83 1
70 86 1
70 88 1
70 90 1
70 92 1
70 93 -1
70 96 -1
70 97 -1
70 98 1
70 99 1
70 103 -1
70 106 1
70 107 1
70 109 1
70 110 -1
70 112 1
70 113 1
70 116 1
70 119 -1
70 120 1
70 122 1
70 123 -1
70 125 -1
70 127 -1
70 128 1
70 132 1
70 133 -1
70 134 1
70 135 1
70 136 1
70 139 -1
70 140 1
70 142 1
70 144 1
70 147 1
70 150 1
71 1 1
71 4 1
71 5 1
71 8 1
71 9 1
71 11 1
71 12 -1
71 14 1
71 15 -1
71 16 1
71 18 -1
71 19 -1
71 21 1
71 27 -1
71 28 1
71 29 1
71 30 1
71 31 1
71 32 1
71 33 1
71 34 -1
71 36 1
71 37 1
71 38 -1
71 39 1
71 41 1
71 45 -1
71 49 1
71 50 -1
71 51 -1
71 52 1
71 54 -1
71 60 1
71 68 -1
71 73 -1
71 75 1
71 79 1
71 81 1
71 82 1
71 83 1
71 84 1
71 85 -1
71 87 -1
71 89 1
71 92 1
71 94 -1
71 95 1
71 96 1
71 98 1
71 99 1
71 100 1
71 102 1
71 104 1
71 108 1
71 109 -1
71 110 1
71 112 1
71 113 1
71 114 -1
71 115 1
71 118 1
71 122 1
71 128 1
71 130 1
71 131 1
71 133 1
71 137 1
71 138 1
71 139 -1
71 141 1
71 144 1
71 145 -1
71 146 1
71 148 1
71 150 -1
72 2 1
72 3 1
72 5 -1
72 7 1
72 12 -1
72 13 -1
72 14 1
72 15 1
72 16 1
72 17 1
72 18 1
72 21 1
72 22 1
72 27 -1
72 33 1
72 35 1
72 36 1
72 39 1
72 40 1
72 42 1
72 43 1
72 44 1
72 47 1
72 48 1
72 50 1
72 51 1
72 53 1
72 58 1
72 61 1
72 62 -1
72 64 1
72 65 -1
72 68 1
72 70 -1
72 71 1
72 73 1
72 75 1
72 76 1
72 78 1
72 82 1
72 86 1
72 87 1
72 92 1
72 99 1
72 102 -1
72 105 1
72 111 1
72 112 1
72 113 1
72 114 1
72 115 -1
72 119 1
72 120 1
72 124 1
72 125 1
72 127 -1
72 128 -1
72 129 1
72 132 1
72 133 1
72 135 1
72 140 1
72 141 1
72 142 1
72 143 1
72 145 1
72 146 1
73 7 1
73 10 1
73 11 -1
73 12 1
73 15 1
73 16 1
73 18 1
73 20 -1
73 21 1
73 25 1
73 26 1
73 27 1
73 28 1
73 30 1
73 31 -1
73 32 -1
73 33 1
73 36 1
73 39 1
73 40 1
73 41 1
73 47 1
73 48 -1
73 50 -1
73 53 1
73 54 1
73 61 -1
73 62 -1
73 63 1
73 64 1
73 66 1
73 67 -1
73 69 1
73 75 1
73 79 1
73 84 -1
73 85 1
73 87 1
73 88 -1
73 92 1
73 93 1
73 94 1
73 96 1
73 97 1
73 98 1
73 100 1
73 101 -1
73 104 1
73 105 -1
73 106 1
73 107 1
73 108 -1
73 111 -1
73 114 1
73 115 1
73 119 1
73 122 1
73 123 1
73 124 1
73 126 1
73 128 1
73 130 1
73 133 1
73 135 -1
73 136 -1
73 137 1
73 142 1
73 143 1
73 144 -1
73 145 1
73 148 1
73 149 1
74 1 1
74 2 1
74 3 1
74 4 1
74 5 1
74 7 1
74 9 1
74 10 1
74 11 1
74 12 1
74 14 1
74 15 1
74 18 1
74 19 -1
74 20 1
74 21 1
74 23 1
74 24 1
74 25 1
74 29 1
74 32 1
74 33 1
74 36 1
74 37 -1
74 38 -1
74 39 1
74 40 1
74 42 -1
74 44 1
74 45 1
74 46 1
74 50 1
74 51 1
74 53 1
74 54 1
74 55 1
74 57 1
74 60 1
74 61 1
74 62 1
74 63 -1
74 64 1
74 65 1
74 67 1
74 68 1
74 69 1
74 71 1
74 72 -1
74 73 1
74 75 1
74 77 1
74 78 1
74 80 1
74 81 1
74 84 1
74 85 1
74 86 1
74 88 1
74 90 1
74 91 1
74 95 -1
74 96 1
74 97 1
74 101 1
74 108 1
74 110 1
74 113 -1
74 114 1
74 115 1
74 120 1
74 123 1
74 124 1
74 126 -1
74 127 1
74 128 1
74 136 1
74 138 -1
74 140 1
74 141 1
74 142 1
74 144 1
74 146 -1
74 147 1
74 149 1
74 150 -1
75 1 1
75 7 -1
75 8 1
75 9 -1
75 11 1
75 13 1
75 14 1
75 16 1
75 17 1
75 18 -1
75 19 1
75 23 -1
75 24 -1
75 26 1
75 28 1
75 32 1
75 33 1
75 36 1
75 39 1
75 41 1
75 42 1
75 47 1
75 49 1
75 57 1
75 58 1
75 60 1
75 63 -1
75 65 1
75 70 1
75 76 1
75 80 1
75 81 1
75 82 -1
75 83 1
75 84 1
75 87 -1
75 88 1
75 90 1
75 92 1
75 96 1
75 99 1
75 102 1
75 103 1
75 104 1
75 109 1
75 112 -1
75 113 1
75 116 -1
75 120 1
75 122 1
75 123 -1
75 126 1
75 127 1
75 128 -1
75 131 -1
75 132 1
75 134 1
75 135 1
75 136 1
75 137 1
75 144 1
75 145 1
75 146 1
75 147 1
75 148 1
76 1 1
76 2 1
76 4 1
76 6 1
76 7 -1
76 8 1
76 10 1
76 11 1
76 14 1
76 18 1
76 19 1
76 20 -1
76 21 1
76 22 -1
76 24 1
76 26 -1
76 28 1
76 29 1
76 30 1
76 31 1
76 32 1
76 34 1
76 35 1
76 36 1
76 37 1
76 39 1
76 40 1
76 44 1
76 45 -1
76 47 1
76 48 1
76 49 1
76 50 -1
76 51 1
76 54 -1
76 58 1
76 60 1
76 63 1
76 66 1
76 67 -1
76 71 1
76 73 -1
76 74 1
76 81 1
76 82 1
76 83 -1
76 90 1
76 92 -1
76 96 1
76 97 -1
76 99 1
76 100 1
76 101 1
76 102 -1
76 103 1
76 104 1
76 105 1
76 106 1
76 107 1
76 108 1
76 110 1
76 112 1
76 113 1
76 115 1
76 117 1
76 119 1
76 120 1
76 121 1
76 122 1
76 125 1
76 128 1
76 130 -1
76 131 1
76 133 1
76 135 1
76 136 1
76 137 1
76 138 1
76 139 1
76 140 1
76 142 1
76 143 1
76 145 -1
76 146 1
76 147 -1
76 148 1
77 1 1
77 3 1
77 6 1
77 7 1
77 9 1
77 10 1
77 11 1
77 12 1
77 13 1
77 17 1
77 19 1
77 21 1
77 23 1
77 25 1
77 28 1
77 33 1
77 34 1
77 38 -1
77 39 1
77 40 1
77 42 1
77 43 -1
77 45 1
77 48 -1
77 51 1
77 53 1
77 54 1
77 55 1
77 59 1
77 61 1
77 62 1
77 63 1
77 65 1
77 66 1
77 68 -1
77 70 1
77 71 1
77 72 1
77 73 -1
77 75 -1
77 76 1
77 78 1
77 82 1
77 84 1
77 86 1
77 87 1
77 89 1
77 92 1
77 94 1
77 95 1
77 96 -1
77 103 1
77 104 1
77 106 1
77 111 1
77 112 1
77 116 1
77 117 -1
77 120 1
77 121 1
77 122 1
77 123 1
77 124 1
77 125 -1
77 126 -1
77 128 1
77 130 -1
77 131 1
77 132 1
77 133 1
77 134 -1
77 137 1
77 139 1
77 140 1
77 145 1
77 147 1
77 149 1
78 1 1
78 3 1
78 4 1
78 6 1
78 7 1
78 8 1
78 10 1
78 11 1
78 13 -1
78 15 -1
78 18 -1
78 19 1
78 22 1
78 26 1
78 30 1
78 32 1
78 33 1
78 35 -1
78 38 1
78 39 1
78 40 1
78 41 1
78 45 1
78 46 -1
78 48 1
78 51 1
78 53 1
78 57 1
78 58 1
78 60 1
78 61 1
78 62 1
78 66 1
78 67 1
78 70 1
78 71 1
78 73 1
78 75 1
78 76 1
78 80 1
78 81 1
78 84 1
78 86 1
78 87 1
78 88 1
78 90 -1
78 92 -1
78 94 -1
78 95 1
78 98 1
78 100 1
78 101 1
78 103 -1
78 104 1
78 105 1
78 108 1
78 110 1
78 112 1
78 113 1
78 116 1
78 121 1
78 123 1
78 124 1
78 127 -1
78 130 1
78 134 1
78 135 1
78 137 1
78 139 1
78 140 1
78 144 1
78 145 1
78 146 -1
78 148 1
78 150 1
79 1 1
79 6 -1
79 13 1
79 14 1
79 15 1
79 16 1
79 18 1
79 19 1
79 22 -1
79 26 -1
79 28 1
79 29 -1
79 35 1
79 36 1
79 38 -1
79 39 1
79 40 1
79 41 -1
79 42 1
79 43 1
79 44 1
79 46 1
79 47 -1
79 48 1
79 51 -1
79 52 1
79 53 1
79 56 1
79 57 1
79 58 1
79 60 1
79 61 1
79 66 -1
79 68 1
79 69 1
79 70 1
79 72 1
79 74 1
79 75 1
79 76 1
79 77 1
79 78 1
79 80 1
79 83 1
79 85 -1
79 86 1
79 87 -1
79 88 -1
79 90 1
79 92 1
79 93 -1
79 95 1
79 96 1
79 98 1
79 99 1
79 100 -1
79 102 -1
79 105 1
79 107 1
79 108 1
79 109 1
79 110 1
79 114 1
79 116 -1
79 120 1
79 122 1
79 125 1
79 127 1
79 128 1
79 130 1
79 132 1
79 134 1
79 136 -1
79 142 1
79 143 1
79 144 1
79 145 -1
79 146 -1
79 148 1
79 149 1
80 3 1
80 5 1
80 7 1
80 8 1
80 9 1
80 10 1
80 12 1
80 13 1
80 15 1
80 16 1
80 17 1
80 19 1
80 20 1
80 23 -1
80 24 1
80 25 1
80 27 1
80 29 1
80 31 -1
80 32 1
80 34 1
80 36 1
80 37 -1
80 38 1
80 39 -1
80 40 1
80 41 -1
80 44 1
80 45 1
80 46 1
80 49 1
80 50 1
80 51 1
80 52 -1
80 53 1
80 54 -1
80 56 -1
80 57 -1
80 58 1
80 65 1
80 66 1
80 68 1
80 70 1
80 71 -1
80 72 -1
80 73 1
80 76 1
80 77 1
80 82 1
80 83 1
80 84 1
80 86 1
80 87 1
80 88 1
80 93 -1
80 98 -1
80 99 1
80 100 -1
80 102 -1
80 103 1
80 104 1
80 107 1
80 110 1
80 111 1
80 113 1
80 114 1
80 118 -1
80 127 1
80 128 1
80 129 1
80 130 -1
80 132 -1
80 135 1
80 137 -1
80 140 1
80 143 -1
80 144 1
80 145 1
80 146 1
80 147 1
80 149 1
80 150 1
81 1 1
81 3 1
81 4 1
81 5 1
81 8 1
81 10 1
81 11 1
81 12 -1
81 13 -1
81 16 -1
81 17 1
81 18 1
81 19 1
81 24 1
81 25 1
81 26 1
81 29 1
81 32 1
81 33 1
81 35 1
81 38 -1
81 41 1
81 42 1
81 44 1
81 47 1
81 50 -1
81 52 1
81 54 -1
81 56 -1
81 57 1
81 58 1
81 60 1
81 61 1
81 62 -1
81 63 1
81 64 1
81 65 -1
81 68 1
81 69 1
81 72 1
81 73 1
81 77 1
81 79 1
81 80 1
81 86 1
81 90 1
81 92 1
81 93 1
81 94 1
81 97 -1
81 99 1
81 103 1
81 116 1
81 118 1
81 119 1
81 120 -1
81 121 1
81 123 1
81 124 1
81 125 1
81 126 1
81 128 1
81 131 -1
81 136 1
81 138 1
81 139 1
81 140 1
81 143 1
81 144 1
81 145 -1
82 5 1
82 7 -1
82 9 1
82 10 -1
82 15 -1
82 17 1
82 18 -1
82 19 1
82 20 -1
82 22 -1
82 23 -1
82 24 1
82 26 1
82 27 1
82 28 1
82 29 -1
82 30 1
82 32 1
82 33 1
82 34 1
82 35 -1
82 36 -1
82 37 1
82 38 1
82 41 -1
82 42 1
82 43 1
82 44 1
82 47 -1
82 48 1
82 49 -1
82 50 1
82 51 1
82 56 1
82 57 1
82 63 1
82 66 1
82 67 1
82 68 -1
82 73 1
82 74 1
82 78 1
82 79 1
82 81 1
82 84 1
82 85 1
82 86 -1
82 88 1
82 89 1
82 90 1
82 91 1
82 93 -1
82 96 -1
82 98 1
82 99 1
82 101 -1
82 104 1
82 105 1
82 107 1
82 110 1
82 112 1
82 113 1
82 119 -1
82 121 -1
82 123 1
82 125 1
82 126 1
82 127 1
82 128 1
82 129 1
82 130 1
82 132 -1
82 134 1
82 135 1
82 136 1
82 138 1
82 140 1
82 141 -1
82 143 1
82 144 -1
82 146 1
82 148 1
82 150 1
83 2 1
83 4 1
83 5 1
83 7 1
83 8 1
83 9 1
83 10 1
83 12 1
83 13 1
83 15 1
83 18 1
83 19 -1
83 20 1
83 23 1
83 24 1
83 29 1
83 30 -1
83 32 1
83 33 1
83 34 -1
83 37 1
83 38 1
83 39 -1
83 41 1
83 43 1
83 45 1
83 46 1
83 47 -1
83 50 1
83 52 1
83 54 -1
83 55 1
83 56 1
83 61 -1
83 66 1
83 67 1
83 68 1
83 72 1
83 73 1
83 74 1
83 77 1
83 78 1
83 81 -1
83 82 1
83 85 1
83 86 1
83 87 1
83 89 1
83 90 1
83 91 1
83 95 1
83 96 1
83 98 1
83 99 1
83 100 -1
83 101 1
83 102 1
83 104 1
83 105 1
83 106 -1
83 108 1
83 109 1
83 110 -1
83 111 -1
83 113 1
83 114 1
83 115 1
83 116 1
83 117 1
83 118 1
83 119 1
83 120 1
83 121 1
83 124 1
83 125 1
83 126 1
83 128 1
83 130 1
83 131 1
83 132 1
83 134 1
83 135 1
83 138 -1
83 139 1
83 143 1
83 144 1
83 147 1
83 148 1
83 150 -1
84 1 1
84 2 1
84 3 1
84 4 1
84 6 1
84 12 -1
84 15 1
84 16 1
84 17 1
84 18 1
84 20 1
84 24 1
84 25 1
84 29 1
84 30 1
84 32 1
84 34 -1
84 35 1
84 38 1
84 41 1
84 45 1
84 46 -1
84 48 1
84 49 1
84 50 1
84 54 1
84 57 1
84 58 1
84 59 -1
84 60 1
84 62 1
84 64 1
84 70 -1
84 72 1
84 76 1
84 79 1
84 81 1
84 83 1
84 85 1
84 88 1
84 89 -1
84 91 1
84 93 1
84 94 1
84 96 1
84 97 1
84 99 1
84 100 1
84 102 1
84 104 1
84 110 1
84 113 1
84 114 1
84 117 -1
84 119 1
84 122 1
84 124 1
84 125 1
84 126 1
84 128 1
84 130 -1
84 132 1
84 133 1
84 136 1
84 137 1
84 140 -1
84 141 1
84 147 1
84 148 1
84 149 -1
84 150 1
85 1 1
85 2 1
85 4 1
85 5 1
85 6 -1
85 7 1
85 8 -1
85 10 1
85 11 1
85 12 1
85 13 1
85 18 1
85 20 1
85 21 1
85 24 1
85 25 1
85 27 1
85 29 1
85 32 1
85 35 1
85 36 1
85 38 1
85 40 -1
85 41 -1
85 42 1
85 44 1
85 47 1
85 49 -1
85 52 1
85 54 1
85 56 1
85 58 -1
85 59 1
85 63 1
85 66 1
85 68 1
85 69 1
85 70 1
85 72 1
85 75 1
85 76 -1
85 77 1
85 78 -1
85 80 -1
85 81 -1
85 86 -1
85 88 1
85 92 -1
85 94 1
85 95 1
85 96 1
85 98 1
85 99 1
85 100 -1
85 102 1
85 103 1
85 106 1
85 107 1
85 109 1
85 110 1
85 112 1
85 114 1
85 115 1
85 116 1
85 118 1
85 122 1
85 125 1
85 126 1
85 127 1
85 136 1
85 139 -1
85 141 1
85 143 -1
85 145 1
85 146 1
85 148 1
85 149 -1
86 1 1
86 4 -1
86 5 1
86 6 1
86 7 1
86 9 1
86 10 1
86 11 1
86 12 1
86 13 -1
86 17 1
86 18 1
86 20 -1
86 23 1
86 26 1
86 27 1
86 32 1
86 33 1
86 35 1
86 36 1
86 38 1
86 41 1
86 48 1
86 49 1
86 50 1
86 52 1
86 54 1
86 58 1
86 60 1
86 64 1
86 65 -1
86 71 1
86 73 1
86 75 1
86 76 1
86 84 1
86 91 1
86 93 1
86 94 1
86 95 1
86 96 1
86 97 1
86 99 -1
86 102 1
86 105 1
86 106 1
86 107 1
86 109 1
86 110 1
86 118 -1
86 120 1
86 122 -1
86 125 1
86 126 -1
86 130 1
86 131 1
86 139 -1
86 142 1
86 143 1
86 144 1
86 146 1
86 148 1
86 149 1
86 150 1
87 1 -1
87 3 1
87 4 -1
87 6 1
87 9 -1
87 10 -1
87 12 1
87 13 -1
87 17 -1
87 18 1
87 20 -1
87 23 1
87 25 -1
87 26 1
87 28 1
87 29 1
87 30 1
87 31 1
87 32 1
87 33 1
87 36 1
87 37 1
87 38 1
87 40 1
87 42 1
87 43 1
87 45 1
87 48 1
87 51 1
87 54 1
87 56 1
87 57 1
87 60 1
87 61 1
87 63 1
87 65 1
87 68 1
87 70 1
87 74 1
87 76 -1
87 81 1
87 82 1
87 84 -1
87 85 1
87 86 1
87 89 1
87 91 1
87 97 1
87 98 1
87 99 1
87 101 1
87 102 1
87 104 1
87 105 -1
87 107 1
87 108 1
87 111 1
87 116 1
87 117 1
87 119 1
87 120 1
87 121 1
87 124 1
87 125 -1
87 128 1
87 129 -1
87 130 1
87 131 -1
87 134 1
87 138 1
87 139 1
87 140 -1
87 144 1
87 147 -1
87 149 1
87 150 1
88 4 1
88 5 1
88 7 1
88 8 1
88 9 1
88 10 1
88 11 1
88 14 1
88 15 1
88 16 1
88 20 1
88 21 1
88 22 -1
88 23 1
88 27 1
88 31 1
88 32 1
88 33 1
88 35 1
88 37 1
88 39 1
88 40 -1
88 42 1
88 43 1
88 45 1
88 48 -1
88 49 -1
88 50 1
88 51 1
88 53 1
88 54 1
88 57 1
88 59 1
88 61 1
88 62 -1
88 63 1
88 65 1
88 66 1
88 68 1
88 69 1
88 71 -1
88 72 1
88 76 1
88 77 1
88 81 1
88 83 1
88 86 1
88 87 1
88 89 1
88 90 -1
88 93 1
88 94 -1
88 95 1
88 98 1
88 100 1
88 101 -1
88 104 1
88 105 1
88 109 -1
88 111 1
88 113 1
88 114 1
88 117 1
88 118 1
88 119 1
88 122 1
88 125 1
88 130 -1
88 135 1
88 136 -1
88 137 1
88 138 1
88 139 1
88 143 1
88 145 1
88 146 1
88 147 1
88 148 -1
88 150 1
89 2 1
89 3 1
89 4 1
89 5 -1
89 6 1
89 7 -1
89 8 1
89 9 -1
89 11 1
89 15 1
89 17 -1
89 18 1
89 20 1
89 23 1
89 24 1
89 25 1
89 27 1
89 31 1
89 33 1
89 35 1
89 37 1
89 39 1
89 40 1
89 46 1
89 49 -1
89 51 1
89 53 1
89 54 1
89 55 1
89 57 1
89 60 1
89 61 1
89 64 1
89 67 1
89 68 1
89 70 1
89 72 1
89 73 1
89 74 1
89 75 1
89 76 1
89 78 -1
89 79 1
89 80 1
89 81 1
89 85 1
89 86 1
89 92 1
89 96 -1
89 97 1
89 98 1
89 99 1
89 100 1
89 101 1
89 104 1
89 105 1
89 109 -1
89 110 1
89 112 1
89 113 1
89 116 1
89 117 1
89 118 1
89 119 1
89 123 1
89 124 1
89 125 1
89 127 1
89 129 1
89 130 -1
89 132 1
89 134 -1
89 136 1
89 137 -1
89 139 1
89 140 1
89 141 1
89 142 1
89 146 1
89 147 1
89 149 -1
90 3 1
90 5 1
90 9 1
90 10 -1
90 14 1
90 17 1
90 20 1
90 22 -1
90 23 -1
90 24 1
90 25 1
90 26 -1
90 31 1
90 38 1
90 40 1
90 41 1
90 42 -1
90 43 1
90 44 1
90 45 1
90 47 1
90 48 1
90 50 1
90 51 1
90 53 1
90 54 -1
90 55 1
90 57 1
90 59 1
90 60 -1
90 62 -1
90 63 1
90 67 -1
90 71 -1
90 72 1
90 73 -1
90 77 -1
90 80 1
90 84 1
90 85 1
90 86 1
90 87 -1
90 89 -1
90 93 -1
90 94 1
90 97 1
90 99 1
90 100 -1
90 104 1
90 109 -1
90 112 1
90 113 1
90 114 1
90 119 1
90 120 1
90 126 1
90 128 1
90 129 1
90 130 -1
90 132 1
90 133 1
90 135 -1
90 136 1
90 141 1
90 143 -1
90 144 1
90 145 1
90 146 1
91 2 -1
91 4 -1
91 8 1
91 10 1
91 11 1
91 12 -1
91 13 1
91 14 1
91 16 1
91 17 1
91 21 1
91 24 -1
91 25 1
91 26 1
91 27 1
91 28 1
91 29 1
91 31 1
91 32 -1
91 33 1
91 34 1
91 35 1
91 36 -1
91 37 1
91 39 1
91 40 1
91 43 -1
91 48 1
91 50 1
91 51 1
91 52 1
91 53 1
91 55 -1
91 56 1
91 59 1
91 60 1
91 64 1
91 67 1
91 68 -1
91 69 1
91 70 1
91 71 1
91 72 1
91 73 1
91 75 1
91 76 1
91 77 -1
91 78 1
91 79 1
91 80 1
91 81 1
91 85 1
91 88 -1
91 89 1
91 90 -1
91 93 1
91 94 1
91 95 1
91 96 1
91 98 -1
91 99 1
91 100 1
91 102 1
91 103 1
91 104 -1
91 105 1
91 106 1
91 108 1
91 112 1
91 113 1
91 114 1
91 115 1
91 116 1
91 117 1
91 118 1
91 120 1
91 123 1
91 126 1
91 127 1
91 132 1
91 137 1
91 142 -1
91 144 -1
91 146 1
91 147 1
91 148 -1
91 149 -1
91 150 -1
92 2 1
92 4 1
92 5 1
92 12 1
92 14 1
92 15 -1
92 18 1
92 23 1
92 26 1
92 28 -1
92 34 1
92 36 1
92 39 -1
92 40 1
92 41 -1
92 44 -1
92 45 -1
92 46 1
92 47 -1
92 48 1
92 49 1
92 52 1
92 55 1
92 58 1
92 59 1
92 60 1
92 61 1
92 63 1
92 66 1
92 67 1
92 69 -1
92 74 1
92 80 1
92 82 1
92 83 1
92 84 1
92 86 1
92 87 1
92 88 1
92 90 1
92 91 1
92 93 1
92 94 1
92 100 -1
92 105 1
92 106 1
92 107 -1
92 109 1
92 111 1
92 113 -1
92 116 1
92 119 1
92 120 1
92 122 1
92 124 1
92 125 1
92 127 1
92 128 1
92 129 1
92 131 1
92 134 1
92 135 1
92 138 1
92 139 1
92 140 1
92 142 1
92 144 -1
92 146 -1
92 147 1
93 1 1
93 3 1
93 7 1
93 8 1
93 10 1
93 11 1
93 12 -1
93 13 1
93 19 1
93 20 1
93 22 -1
93 23 1
93 24 -1
93 27 1
93 29 1
93 30 1
93 31 1
93 32 1
93 34 1
93 36 1
93 41 1
93 42 1
93 43 -1
93 44 1
93 46 1
93 47 1
93 48 1
93 50 -1
93 51 1
93 52 1
93 53 -1
93 54 -1
93 55 1
93 63 1
93 64 1
93 65 -1
93 67 1
93 69 1
93 71 1
93 72 -1
93 74 1
93 75 1
93 76 -1
93 77 1
93 78 1
93 83 1
93 85 1
93 87 1
93 89 1
93 94 1
93 97 1
93 99 1
93 101 1
93 102 1
93 103 1
93 104 1
93 105 1
93 108 1
93 109 1
93 111 1
93 112 -1
93 114 1
93 116 1
93 118 -1
93 120 1
93 121 1
93 122 1
93 123 1
93 124 1
93 126 -1
93 131 1
93 135 -1
93 138 -1
93 141 -1
93 142 1
93 143 -1
93 144 1
93 148 1
93 149 -1
94 4 1
94 7 1
94 8 1
94 11 1
94 13 1
94 15 -1
94 18 -1
94 23 1
94 26 1
94 28 1
94 29 1
94 30 1
94 33 -1
94 35 1
94 37 1
94 38 1
94 40 1
94 42 1
94 45 1
94 47 -1
94 48 1
94 51 -1
94 56 1
94 57 1
94 58 1
94 59 1
94 60 1
94 61 1
94 64 -1
94 66 1
94 67 -1
94 69 1
94 70 1
94 72 1
94 74 1
94 75 1
94 76 1
94 79 1
94 80 -1
94 82 1
94 83 1
94 87 1
94 89 1
94 95 1
94 97 1
94 98 -1
94 102 1
94 104 -1
94 106 1
94 111 1
94 113 -1
94 114 1
94 115 1
94 117 1
94 118 -1
94 119 1
94 121 1
94 122 1
94 127 1
94 129 1
94 131 1
94 134 1
94 136 1
94 137 -1
94 139 1
94 140 -1
94 142 1
94 145 1
94 146 -1
94 147 1
95 3 1
95 5 -1
95 8 1
95 11 -1
95 12 -1
95 15 1
95 17 1
95 18 1
95 19 1
95 22 1
95 24 -1
95 25 1
95 26 1
95 31 1
95 32 1
95 33 1
95 36 1
95 38 1
95 39 1
95 40 -1
95 41 1
95 42 1
95 43 -1
95 48 1
95 49 1
95 51 1
95 52 1
95 53 1
95 54 1
95 56 1
95 60 1
95 61 -1
95 68 1
95 69 1
95 70 1
95 72 1
95 73 1
95 75 1
95 76 1
95 80 1
95 81 -1
95 82 1
95 84 1
95 87 1
95 89 1
95 90 1
95 92 1
95 93 1
95 99 1
95 100 -1
95 101 1
95 103 1
95 104 1
95 107 1
95 108 1
95 111 1
95 115 1
95 116 1
95 117 1
95 119 -1
95 120 1
95 121 -1
95 122 1
95 126 1
95 128 1
95 129 1
95 130 1
95 131 1
95 132 1
95 135 1
95 136 1
95 142 1
95 143 1
95 144 1
95 145 -1
95 147 -1
95 149 1
96 2 1
96 4 1
96 8 1
96 9 1
96 12 1
96 14 -1
96 15 1
96 16 1
96 19 -1
96 20 1
96 22 1
96 23 -1
96 26 1
96 28 1
96 29 1
96 30 1
96 31 1
96 32 -1
96 33 1
96 34 1
96 36 -1
96 38 1
96 39 1
96 40 1
96 43 1
96 44 1
96 46 1
96 48 1
96 50 1
96 51 -1
96 52 1
96 54 1
96 58 1
96 60 -1
96 62 1
96 64 1
96 65 1
96 72 1
96 78 1
96 80 -1
96 81 -1
96 87 1
96 88 1
96 90 1
96 92 1
96 93 1
96 94 -1
96 95 1
96 97 -1
96 99 1
96 105 -1
96 106 -1
96 107 1
96 108 1
96 109 1
96 111 1
96 112 1
96 113 1
96 115 1
96 120 1
96 122 1
96 123 -1
96 124 -1
96 126 1
96 128 1
96 130 -1
96 131 1
96 132 1
96 133 -1
96 134 -1
96 135 -1
96 140 1
96 149 1
97 2 1
97 4 1
97 5 1
97 7 1
97 8 1
97 9 1
97 11 1
97 15 1
97 17 1
97 18 1
97 20 1
97 21 1
97 22 -1
97 25 1
97 26 1
97 30 -1
97 31 1
97 32 1
97 35 1
97 36 1
97 39 1
97 43 1
97 45 1
97 46 1
97 47 1
97 48 1
97 50 1
97 51 1
97 53 -1
97 55 1
97 56 -1
97 59 1
97 64 -1
97 65 1
97 71 1
97 72 -1
97 75 1
97 77 1
97 78 -1
97 79 1
97 80 1
97 82 1
97 83 -1
97 85 1
97 88 -1
97 91 1
97 92 1
97 95 1
97 98 1
97 100 1
97 103 1
97 104 1
97 105 1
97 108 1
97 109 1
97 111 1
97 112 -1
97 116 1
97 117 1
97 119 1
97 121 1
97 125 1
97 128 1
97 129 1
97 132 1
97 133 1
97 137 1
97 138 1
97 140 1
97 141 1
97 145 1
97 147 1
97 148 1
97 149 1
97 150 1
98 1 -1
98 2 1
98 6 1
98 7 1
98 10 1
98 11 -1
98 15 -1
98 16 1
98 17 1
98 18 1
98 20 1
98 21 1
98 26 1
98 29 -1
98 31 1
98 32 1
98 33 1
98 35 1
98 36 1
98 37 -1
98 38 1
98 39 1
98 40 1
98 43 1
98 46 1
98 47 -1
98 48 1
98 49 1
98 50 1
98 51 1
98 53 -1
98 54 1
98 55 1
98 57 -1
98 60 1
98 62 1
98 63 1
98 65 1
98 68 1
98 69 1
98 72 1
98 74 1
98 75 1
98 76 1
98 77 -1
98 81 1
98 84 -1
98 86 1
98 90 1
98 92 1
98 93 1
98 95 1
98 96 1
98 99 -1
98 100 1
98 102 1
98 104 -1
98 108 1
98 110 1
98 111 -1
98 112 1
98 115 1
98 116 1
98 117 1
98 118 1
98 119 1
98 121 1
98 123 1
98 124 1
98 131 1
98 132 1
98 133 1
98 139 -1
98 140 1
98 141 1
98 142 1
98 143 -1
98 144 1
98 146 1
99 1 1
99 2 1
99 4 1
99 5 1
99 7 1
99 8 -1
99 9 1
99 10 1
99 15 -1
99 16 -1
99 21 1
99 23 -1
99 26 -1
99 27 -1
99 28 1
99 29 1
99 32 -1
99 33 1
99 35 -1
99 36 1
99 38 1
99 40 1
99 41 1
99 47 1
99 48 -1
99 50 1
99 51 1
99 52 -1
99 53 1
99 58 -1
99 60 1
99 61 1
99 64 1
99 66 -1
99 67 1
99 73 1
99 74 -1
99 77 1
99 78 1
99 88 -1
99 92 1
99 94 1
99 97 1
99 102 1
99 103 1
99 107 1
99 109 1
99 110 1
99 112 1
99 114 1
99 115 1
99 116 1
99 117 1
99 119 1
99 121 1
99 122 -1
99 123 1
99 125 1
99 126 1
99 128 1
99 129 1
99 130 1
99 131 -1
99 135 1
99 138 -1
99 139 1
99 140 1
99 141 1
99 142 1
99 145 1
99 148 1
99 149 1
99 150 1
100 3 1
100 4 1
100 6 1
100 8 1
100 9 1
100 10 1
100 12 1
100 21 1
100 22 1
100 25 1
100 26 1
100 27 1
100 28 1
100 29 1
100 30 -1
100 31 1
100 33 1
100 35 1
100 36 1
100 40 1
100 42 1
100 44 1
100 47 1
100 53 1
100 54 1
100 55 1
100 58 1
100 59 1
100 62 1
100 64 -1
100 65 1
100 67 1
100 68 1
100 70 -1
100 72 1
100 74 1
100 75 1
100 77 1
100 81 1
100 82 1
100 86 1
100 87 1
100 93 1
100 94 -1
100 96 1
100 99 1
100 106 1
100 108 1
100 109 1
100 110 -1
100 112 -1
100 114 -1
100 115 1
100 116 -1
100 121 1
100 122 -1
100 126 1
100 129 1
100 130 1
100 133 1
100 135 1
100 136 1
100 137 1
100 138 1
100 139 1
100 143 1
100 144 1
100 146 1
100 148 1
100 149 1
101 2 -1
101 4 1
101 6 1
101 7 -1
101 8 -1
101 9 1
101 11 1
101 13 -1
101 16 1
101 17 1
101 19 1
101 20 -1
101 24 1
101 25 1
101 28 -1
101 33 1
101 34 1
101 38 1
101 39 -1
101 40 -1
101 45 1
101 49 1
101 50 1
101 51 1
101 52 1
101 55 1
101 59 1
101 62 1
101 65 1
101 70 1
101 71 1
101 72 1
101 75 1
101 77 1
101 79 1
101 80 1
101 81 1
101 84 1
101 85 1
101 86 -1
101 90 -1
101 91 1
101 92 1
101 94 1
101 96 1
101 97 -1
101 98 1
101 99 1
101 100 -1
101 102 1
101 104 1
101 105 1
101 106 1
101 107 1
101 109 1
101 110 1
101 111 1
101 113 1
101 114 -1
101 115 1
101 117 1
101 118 1
101 119 1
101 120 1
101 121 1
101 126 1
101 127 1
101 128 1
101 129 1
101 130 1
101 133 1
101 134 1
101 135 1
101 136 1
101 137 1
101 139 1
101 143 -1
101 145 1
101 146 1
101 147 1
101 148 1
102 2 1
102 3 -1
102 5 1
102 7 1
102 8 1
102 10 1
102 12 -1
102 14 -1
102 15 1
102 19 1
102 20 -1
102 23 1
102 24 1
102 28 1
102 29 1
102 30 1
102 32 1
102 33 1
102 38 1
102 39 -1
102 40 1
102 41 -1
102 42 1
102 43 -1
102 45 -1
102 48 1
102 49 1
102 52 1
102 54 1
102 55 1
102 56 1
102 57 1
102 59 1
102 62 -1
102 66 1
102 70 1
102 73 -1
102 74 1
102 77 1
102 78 1
102 81 -1
102 82 -1
102 88 1
102 89 1
102 90 1
102 92 1
102 95 1
102 96 1
102 97 1
102 100 1
102 107 1
102 108 1
102 113 1
102 115 1
102 116 -1
102 122 -1
102 123 -1
102 124 1
102 127 1
102 128 1
102 130 1
102 132 1
102 133 1
102 136 1
102 139 -1
102 140 1
102 141 1
102 143 -1
102 148 1
102 150 1
103 3 1
103 5 1
103 7 1
103 11 1
103 14 1
103 15 1
103 19 1
103 21 -1
103 23 -1
103 24 1
103 28 1
103 29 1
103 31 1
103 33 1
103 34 1
103 37 1
103 38 1
103 40 1
103 42 1
103 43 1
103 46 1
103 50 1
103 54 1
103 55 1
103 56 1
103 57 1
103 58 -1
103 59 -1
103 60 1
103 61 1
103 62 1
103 63 1
103 65 1
103 68 1
103 69 -1
103 71 1
103 72 1
103 73 1
103 74 1
103 79 1
103 82 1
103 83 1
103 84 -1
103 86 1
103 87 -1
103 88 1
103 89 1
103 90 1
103 92 1
103 94 -1
103 96 1
103 98 1
103 100 -1
103 101 1
103 102 1
103 104 1
103 107 1
103 110 1
103 111 1
103 116 -1
103 118 1
103 122 1
103 123 1
103 124 1
103 126 1
103 129 1
103 132 -1
103 133 1
103 134 1
103 135 -1
103 137 1
103 138 1
103 141 1
103 142 1
103 143 1
103 144 -1
103 146 1
103 147 1
103 149 1
104 1 -1
104 4 -1
104 5 1
104 6 1
104 8 1
104 9 1
104 10 1
104 14 1
104 15 1
104 16 1
104 18 -1
104 19 1
104 20 1
104 22 1
104 24 1
104 25 -1
104 27 1
104 28 1
104 29 1
104 30 1
104 33 1
104 36 1
104 40 1
104 42 1
104 48 -1
104 52 1
104 53 1
104 55 1
104 56 1
104 57 -1
104 58 -1
104 59 1
104 62 -1
104 63 1
104 70 1
104 72 1
104 74 -1
104 79 -1
104 81 -1
104 85 1
104 86 1
104 92 1
104 96 1
104 99 1
104 100 1
104 102 1
104 107 1
104 110 1
104 113 1
104 114 1
104 116 1
104 118 1
104 119 1
104 123 1
104 124 1
104 129 -1
104 133 1
104 134 -1
104 141 1
104 143 -1
104 144 1
104 145 1
104 146 1
104 147 1
104 148 1
104 149 -1
105 3 1
105 4 -1
105 6 1
105 7 1
105 10 1
105 11 1
105 12 1
105 15 1
105 16 -1
105 20 1
105 21 -1
105 26 1
105 28 -1
105 29 1
105 30 1
105 31 1
105 37 1
105 39 1
105 42 1
105 43 1
105 44 1
105 46 1
105 48 -1
105 51 1
105 52 1
105 54 -1
105 55 1
105 58 -1
105 59 1
105 60 1
105 62 1
105 63 1
105 65 1
105 70 1
105 71 1
105 74 1
105 75 1
105 77 1
105 80 1
105 81 -1
105 84 1
105 85 1
105 90 1
105 94 1
105 95 1
105 98 1
105 99 -1
105 100 -1
105 102 1
105 103 1
105 104 1
105 109 1
105 111 1
105 114 1
105 116 1
105 117 1
105 120 1
105 121 -1
105 122 1
105 126 -1
105 129 1
105 131 1
105 133 1
105 134 1
105 135 1
105 136 1
105 138 1
105 146 -1
105 147 1
105 148 1
106 1 -1
106 5 1
106 6 1
106 11 -1
106 13 1
106 14 1
106 16 -1
106 18 1
106 20 1
106 21 1
106 24 1
106 25 1
106 26 -1
106 29 -1
106 33 1
106 34 1
106 37 1
106 39 1
106 44 1
106 45 1
106 46 1
106 49 1
106 50 1
106 54 -1
106 55 1
106 58 1
106 59 1
106 60 1
106 61 1
106 62 1
106 63 -1
106 64 1
106 66 1
106 67 1
106 71 1
106 72 1
106 74 1
106 75 1
106 78 1
106 79 1
106 80 1
106 81 1
106 82 1
106 84 1
106 87 1
106 88 1
106 89 1
106 90 1
106 93 1
106 95 1
106 97 1
106 98 1
106 99 1
106 102 1
106 103 1
106 104 1
106 105 1
106 107 1
106 109 1
106 112 1
106 113 1
106 114 1
106 116 1
106 119 1
106 120 -1
106 122 1
106 124 1
106 126 1
106 127 1
106 131 1
106 135 1
106 136 1
106 139 1
106 140 1
106 141 1
106 142 1
106 143 1
106 146 1
106 147 -1
106 148 1
106 149 1
107 1 1
107 2 1
107 3 -1
107 5 1
107 9 -1
107 11 1
107 12 1
107 15 1
107 17 1
107 18 1
107 20 1
107 21 1
107 22 1
107 23 -1
107 27 1
107 28 1
107 33 -1
107 34 1
107 37 1
107 38 1
107 41 1
107 44 1
107 46 1
107 48 -1
107 49 1
107 50 1
107 51 1
107 53 1
107 54 1
107 56 1
107 57 1
107 58 -1
107 60 -1
107 61 1
107 62 1
107 63 1
107 64 1
107 67 1
107 69 -1
107 71 1
107 72 1
107 74 1
107 75 1
107 77 -1
107 78 1
107 81 -1
107 83 1
107 84 1
107 88 1
107 89 1
107 90 1
107 91 1
107 93 1
107 94 1
107 97 1
107 98 1
107 100 1
107 105 -1
107 108 -1
107 109 1
107 112 1
107 113 -1
107 114 1
107 115 -1
107 116 -1
107 117 1
107 118 1
107 121 1
107 122 -1
107 124 -1
107 125 1
107 130 1
107 131 -1
107 132 1
107 133 1
107 135 1
107 136 1
107 138 1
107 143 1
107 146 1
107 147 -1
107 150 1
108 1 1
108 3 1
108 4 1
108 6 1
108 7 1
108 10 1
108 11 -1
108 12 -1
108 13 1
108 14 1
108 15 1
108 18 1
108 22 1
108 28 1
108 29 1
108 31 1
108 32 1
108 33 1
108 34 1
108 35 1
108 36 -1
108 37 1
108 38 1
108 39 1
108 41 1
108 42 1
108 43 1
108 45 1
108 47 -1
108 52 -1
108 55 1
108 62 1
108 64 -1
108 65 1
108 67 1
108 68 1
108 70 1
108 72 -1
108 75 1
108 77 1
108 80 1
108 81 1
108 82 1
108 84 1
108 85 1
108 86 1
108 88 1
108 89 1
108 90 1
108 92 1
108 94 1
108 99 1
108 101 -1
108 103 1
108 104 -1
108 105 -1
108 106 1
108 109 1
108 111 1
108 112 1
108 113 1
108 115 1
108 118 1
108 119 -1
108 121 1
108 124 -1
108 126 1
108 127 1
108 129 1
108 131 1
108 133 1
108 135 1
108 136 1
108 137 1
108 138 -1
108 139 1
108 140 1
108 142 -1
108 143 1
108 146 -1
108 149 1
109 1 1
109 2 1
109 3 1
109 5 1
109 8 1
109 10 -1
109 11 -1
109 12 -1
109 14 -1
109 15 1
109 17 1
109 22 1
109 23 1
109 24 1
109 26 1
109 27 -1
109 28 -1
109 31 1
109 32 1
109 33 1
109 37 1
109 39 1
109 42 1
109 43 1
109 44 1
109 45 1
109 46 1
109 48 1
109 52 1
109 53 1
109 54 1
109 57 1
109 58 1
109 59 1
109 62 1
109 63 1
109 65 1
109 67 1
109 68 1
109 72 1
109 73 1
109 74 1
109 76 1
109 77 1
109 78 -1
109 80 1
109 81 1
109 82 1
109 84 -1
109 87 1
109 91 1
109 94 1
109 95 1
109 98 1
109 102 1
109 103 1
109 104 1
109 111 1
109 113 1
109 114 1
109 118 1
109 119 1
109 120 1
109 121 -1
109 122 -1
109 125 1
109 127 1
109 128 1
109 129 1
109 136 1
109 139 1
109 142 1
109 144 1
109 147 1
109 148 1
110 3 1
110 6 1
110 8 1
110 10 -1
110 11 -1
110 13 -1
110 19 1
110 20 1
110 21 1
110 23 -1
110 24 1
110 26 1
110 27 -1
110 30 1
110 33 1
110 37 1
110 42 -1
110 46 -1
110 47 -1
110 50 1
110 52 1
110 53 -1
110 55 1
110 57 1
110 58 1
110 60 1
110 61 1
110 62 1
110 64 1
110 66 1
110 68 1
110 72 1
110 73 1
110 75 1
110 77 -1
110 81 1
110 87 -1
110 88 1
110 90 1
110 91 1
110 92 1
110 93 1
110 94 1
110 95 1
110 96 -1
110 97 1
110 102 1
110 105 1
110 106 1
110 107 1
110 108 -1
110 109 1
110 111 1
110 112 1
110 114 1
110 116 1
110 118 1
110 119 1
110 121 1
110 124 1
110 125 1
110 126 1
110 131 1
110 138 1
110 140 1
110 147 1
111 1 1
111 6 1
111 8 1
111 9 1
111 11 1
111 16 1
111 19 -1
111 21 1
111 22 -1
111 25 1
111 27 -1
111 29 1
111 33 1
111 34 1
111 35 1
111 37 1
111 38 1
111 40 1
111 45 1
111 46 1
111 47 1
111 48 1
111 49 1
111 52 -1
111 54 1
111 56 -1
111 58 -1
111 62 1
111 63 1
111 64 1
111 67 1
111 70 1
111 71 1
111 74 1
111 75 1
111 76 1
111 78 -1
111 79 1
111 81 -1
111 82 1
111 84 -1
111 85 1
111 86 1
111 89 1
111 90 1
111 91 -1
111 99 1
111 100 1
111 102 1
111 104 1
111 106 1
111 107 1
111 112 1
111 114 1
111 115 1
111 119 1
111 121 1
111 122 1
111 125 -1
111 128 1
111 129 1
111 130 1
111 131 1
111 133 1
111 135 1
111 136 1
111 137 1
111 138 1
111 140 1
111 142 -1
111 143 1
111 145 1
111 147 1
111 149 1
111 150 1
112 1 1
112 2 1
112 3 1
112 7 1
112 9 1
112 12 1
112 13 1
112 15 1
112 16 -1
112 17 -1
112 18 1
112 22 1
112 23 -1
112 24 1
112 26 1
112 30 -1
112 33 1
112 34 1
112 35 1
112 36 1
112 40 1
112 41 1
112 48 1
112 50 -1
112 51 -1
112 52 1
112 53 1
112 54 1
112 57 -1
112 58 1
112 59 1
112 60 1
112 62 1
112 64 1
112 65 1
112 66 1
112 68 1
112 73 -1
112 74 1
112 79 1
112 80 1
112 81 -1
112 83 1
112 84 1
112 86 1
112 87 -1
112 88 1
112 92 -1
112 94 1
112 95 1
112 101 -1
112 102 1
112 103 -1
112 104 1
112 105 1
112 109 1
112 113 1
112 115 -1
112 117 -1
112 118 1
112 119 1
112 120 -1
112 121 -1
112 122 -1
112 123 1
112 125 -1
112 127 1
112 133 1
112 134 -1
112 135 1
112 141 1
112 142 1
112 145 1
112 147 -1
112 148 1
112 150 1
113 1 -1
113 2 1
113 5 1
113 6 1
113 9 1
113 13 1
113 17 1
113 21 1
113 23 1
113 24 1
113 27 1
113 28 -1
113 31 1
113 32 -1
113 36 1
113 37 -1
113 38 1
113 41 1
113 42 -1
113 43 1
113 47 1
113 51 1
113 53 -1
113 54 1
113 56 1
113 57 1
113 64 1
113 65 1
113 68 -1
113 69 1
113 73 1
113 77 1
113 79 -1
113 81 -1
113 85 1
113 86 1
113 87 1
113 93 -1
113 95 -1
113 97 1
113 98 1
113 99 1
113 100 1
113 103 1
113 105 1
113 110 -1
113 111 1
113 114 1
113 118 1
113 119 1
113 121 1
113 122 -1
113 124 1
113 125 1
113 127 1
113 128 1
113 129 1
113 133 1
113 135 1
113 136 1
113 137 1
113 138 -1
113 139 1
113 140 1
113 141 1
113 142 1
113 143 1
113 144 1
113 145 1
113 147 1
113 148 -1
113 149 1
113 150 -1
114 2 1
114 4 1
114 6 1
114 7 1
114 8 1
114 11 -1
114 12 1
114 13 1
114 14 1
114 17 1
114 19 1
114 20 1
114 21 1
114 22 1
114 23 1
114 26 1
114 27 -1
114 33 -1
114 34 -1
114 37 1
114 39 1
114 42 1
114 43 1
114 46 -1
114 48 1
114 49 1
114 50 1
114 55 -1
114 56 1
114 57 1
114 58 1
114 59 1
114 60 1
114 61 1
114 63 1
114 64 1
114 65 1
114 66 1
114 67 1
114 69 1
114 70 1
114 75 1
114 76 1
114 77 1
114 78 1
114 81 -1
114 82 1
114 86 1
114 87 1
114 89 1
114 92 1
114 95 1
114 96 1
114 97 -1
114 98 1
114 102 -1
114 103 1
114 108 -1
114 112 -1
114 115 1
114 117 1
114 118 1
114 120 1
114 121 -1
114 123 1
114 128 1
114 129 1
114 130 1
114 131 1
114 132 1
114 133 1
114 134 1
114 135 1
114 136 -1
114 140 1
114 143 1
114 145 -1
114 146 1
114 147 1
114 149 -1
114 150 1
115 1 1
115 5 1
115 9 1
115 11 -1
115 12 1
115 22 -1
115 29 -1
115 31 1
115 32 1
115 35 -1
115 37 1
115 40 1
115 42 1
115 43 1
115 45 1
115 47 1
115 48 1
115 50 1
115 52 1
115 53 -1
115 54 1
115 58 1
115 59 1
115 62 1
115 64 1
115 66 -1
115 68 1
115 70 1
115 75 1
115 77 1
115 78 1
115 79 1
115 80 1
115 81 1
115 82 1
115 84 1
115 86 1
115 87 -1
115 88 1
115 89 1
115 90 1
115 92 -1
115 93 1
115 97 1
115 103 1
115 104 1
115 105 1
115 106 1
115 109 1
115 110 1
115 113 -1
115 119 1
115 120 1
115 125 -1
115 128 1
115 129 1
115 131 1
115 133 1
115 134 1
115 135 1
115 137 1
115 138 1
115 139 1
115 141 1
115 143 1
115 145 -1
115 146 1
115 147 1
115 148 1
115 149 -1
115 150 1
116 1 1
116 2 1
116 5 1
116 10 1
116 12 1
116 13 1
116 23 1
116 24 1
116 29 -1
116 33 1
116 35 1
116 37 1
116 38 -1
116 41 1
116 42 -1
116 44 1
116 45 1
116 46 1
116 49 1
116 50 -1
116 52 -1
116 56 1
116 61 1
116 62 1
116 65 1
116 67 1
116 69 1
116 71 -1
116 72 1
116 73 1
116 74 -1
116 76 1
116 80 1
116 82 1
116 84 1
116 86 -1
116 88 1
116 90 1
116 94 1
116 96 1
116 101 1
116 108 -1
116 109 1
116 111 1
116 112 1
116 113 1
116 114 1
116 115 1
116 117 -1
116 120 1
116 125 -1
116 127 1
116 130 1
116 131 1
116 133 1
116 135 1
116 138 1
116 139 -1
116 140 1
116 142 -1
116 145 1
116 146 -1
116 147 1
116 148 1
116 149 1
116 150 -1
117 1 -1
117 2 -1
117 4 -1
117 5 1
117 9 -1
117 11 1
117 15 1
117 17 1
117 19 1
117 20 1
117 21 1
117 22 1
117 23 1
117 25 1
117 28 1
117 30 1
117 33 -1
117 35 1
117 37 1
117 38 -1
117 40 1
117 41 -1
117 43 1
117 45 -1
117 48 1
117 49 1
117 50 1
117 51 1
117 52 1
117 53 1
117 55 -1
117 60 1
117 61 1
117 64 1
117 65 1
117 66 1
117 67 1
117 68 1
117 69 1
117 70 1
117 71 1
117 72 -1
117 73 1
117 74 1
117 75 1
117 78 1
117 79 1
117 80 1
117 81 1
117 82 -1
117 85 1
117 86 1
117 90 1
117 92 1
117 93 1
117 96 1
117 100 1
117 102 1
117 103 1
117 104 1
117 106 1
117 108 1
117 109 1
117 110 1
117 111 1
117 113 1
117 115 1
117 118 1
117 119 1
117 121 1
117 122 1
117 126 1
117 127 1
117 128 1
117 130 1
117 131 1
117 135 -1
117 136 1
117 137 1
117 138 1
117 140 -1
117 144 1
117 145 1
117 146 1
117 147 1
117 148 1
118 3 1
118 5 -1
118 7 1
118 9 1
118 10 1
118 11 1
118 13 1
118 15 1
118 16 1
118 18 1
118 20 1
118 22 1
118 23 1
118 24 1
118 25 1
118 26 1
118 27 1
118 29 1
118 30 1
118 31 1
118 32 -1
118 33 1
118 34 1
118 36 1
118 37 1
118 39 1
118 40 1
118 41 1
118 42 1
118 44 -1
118 45 1
118 47 1
118 48 -1
118 50 1
118 51 1
118 53 1
118 54 1
118 57 1
118 58 -1
118 60 1
118 61 -1
118 62 1
118 63 1
118 64 1
118 65 1
118 66 1
118 69 1
118 70 1
118 72 1
118 73 1
118 74 1
118 75 1
118 76 1
118 77 1
118 78 1
118 79 -1
118 82 1
118 84 1
118 87 1
118 90 1
118 92 1
118 95 1
118 96 1
118 97 -1
118 99 1
118 100 1
118 102 -1
118 105 -1
118 106 -1
118 111 -1
118 115 1
118 116 1
118 121 1
118 126 1
118 127 -1
118 129 -1
118 130 1
118 137 -1
118 138 1
118 139 1
118 140 1
118 141 1
118 142 1
118 143 -1
118 144 1
118 146 1
118 147 -1
118 150 1
119 1 1
119 3 1
119 6 1
119 7 1
119 8 1
119 10 1
119 11 -1
119 14 1
119 20 1
119 21 -1
119 23 -1
119 24 1
119 26 -1
119 27 1
119 28 1
119 30 -1
119 31 1
119 32 -1
119 34 1
119 36 1
119 39 1
119 41 1
119 42 1
119 44 1
119 49 1
119 50 -1
119 52 1
119 54 1
119 56 1
119 57 1
119 58 1
119 64 1
119 65 -1
119 67 1
119 68 -1
119 71 1
119 74 1
119 75 1
119 77 -1
119 78 -1
119 79 1
119 80 1
119 85 -1
119 86 1
119 91 -1
119 93 1
119 96 -1
119 100 1
119 102 -1
119 103 1
119 105 -1
119 107 -1
119 114 -1
119 116 1
119 118 -1
119 125 1
119 131 1
119 132 1
119 135 1
119 136 1
119 140 1
119 142 1
119 144 1
119 145 1
119 147 1
120 1 1
120 6 1
120 8 1
120 10 1
120 12 -1
120 13 1
120 15 1
120 17 1
120 18 -1
120 20 1
120 23 1
120 25 1
120 26 1
120 30 1
120 31 1
120 32 1
120 37 1
120 41 1
120 43 1
120 44 1
120 45 1
120 46 1
120 47 1
120 48 1
120 50 1
120 53 1
120 55 1
120 56 1
120 57 -1
120 58 1
120 61 1
120 65 1
120 66 -1
120 69 1
120 71 1
120 73 1
120 78 1
120 80 1
120 82 1
120 84 1
120 85 1
120 88 1
120 89 -1
120 94 -1
120 97 1
120 98 1
120 99 1
120 100 1
120 102 -1
120 103 1
120 104 -1
120 107 1
120 108 -1
120 110 1
120 111 1
120 113 1
120 117 1
120 118 1
120 119 1
120 122 -1
120 124 1
120 125 1
120 126 1
120 127 1
120 129 1
120 130 1
120 131 -1
120 132 1
120 133 1
120 136 1
120 137 1
120 138 1
120 140 1
120 142 1
120 145 -1
120 146 1
120 147 1
120 148 -1
121 1 1
121 2 1
121 7 1
121 8 1
121 9 -1
121 11 1
121 12 1
121 13 -1
121 15 1
121 24 1
121 28 1
121 30 1
121 33 -1
121 34 1
121 38 -1
121 39 1
121 40 1
121 41 1
121 42 1
121 44 -1
121 45 1
121 46 1
121 49 1
121 52 1
121 53 -1
121 54 1
121 55 1
121 56 -1
121 58 1
121 59 -1
121 60 1
121 61 1
121 64 1
121 67 1
121 69 1
121 70 1
121 71 1
121 72 1
121 73 1
121 74 1
121 75 1
121 79 1
121 80 1
121 84 -1
121 85 1
121 86 1
121 88 1
121 89 1
121 90 -1
121 91 1
121 92 1
121 96 1
121 102 1
121 103 1
121 104 -1
121 106 -1
121 115 1
121 116 1
121 119 -1
121 120 1
121 123 1
121 129 1
121 130 1
121 131 1
121 134 1
121 136 -1
121 138 1
121 139 1
121 140 1
121 141 -1
121 143 -1
121 145 1
121 148 1
121 149 1
121 150 1
122 3 1
122 7 1
122 8 1
122 9 1
122 12 1
122 13 1
122 14 1
122 16 1
122 21 1
122 22 1
122 25 1
122 27 1
122 28 1
122 29 1
122 32 1
122 35 -1
122 36 -1
122 37 1
122 38 1
122 41 -1
122 43 1
122 46 1
122 47 1
122 48 1
122 49 1
122 51 -1
122 54 1
122 56 1
122 57 -1
122 58 -1
122 59 1
122 60 1
122 62 1
122 63 -1
122 64 1
122 66 1
122 68 1
122 72 -1
122 74 1
122 78 1
122 80 1
122 81 1
122 82 1
122 83 1
122 87 -1
122 89 -1
122 90 1
122 91 -1
122 97 1
122 98 1
122 101 1
122 104 1
122 108 1
122 110 1
122 114 1
122 115 1
122 116 -1
122 118 1
122 119 1
122 121 1
122 125 1
122 128 -1
122 130 1
122 132 -1
122 137 1
122 138 1
122 143 1
122 144 1
122 150 1
123 1 1
123 3 1
123 5 1
123 6 -1
123 7 1
123 10 1
123 13 1
123 17 1
123 19 1
123 22 1
123 23 -1
123 24 1
123 25 1
123 30 1
123 32 1
123 33 1
123 34 1
123 35 1
123 36 1
123 41 1
123 44 1
123 49 1
123 50 1
123 52 1
123 54 1
123 55 1
123 56 -1
123 58 1
123 59 1
123 62 1
123 63 1
123 65 1
123 66 1
123 67 1
123 68 -1
123 69 -1
123 71 -1
123 72 1
123 76 -1
123 79 1
123 80 1
123 83 1
123 84 1
123 85 1
123 86 -1
123 87 1
123 88 1
123 90 1
123 92 1
123 94 -1
123 95 1
123 97 1
123 100 1
123 101 1
123 105 1
123 106 1
123 107 -1
123 108 1
123 109 -1
123 110 1
123 111 1
123 113 1
123 115 1
123 116 1
123 117 1
123 118 1
123 119 1
123 120 -1
123 122 1
123 124 1
123 128 1
123 131 1
123 132 1
123 133 1
123 134 1
123 135 1
123 136 1
123 138 1
123 139 -1
123 141 1
123 143 1
123 144 1
123 145 1
123 148 1
124 2 1
124 4 -1
124 7 1
124 9 1
124 12 1
124 13 1
124 15 1
124 17 -1
124 18 1
124 24 1
124 25 -1
124 27 1
124 30 1
124 32 1
124 35 -1
124 38 1
124 39 1
124 40 1
124 41 -1
124 43 1
124 44 1
124 45 1
124 51 -1
124 54 -1
124 55 -1
124 57 1
124 60 1
124 61 1
124 67 1
124 68 1
124 70 1
124 71 1
124 75 -1
124 76 1
124 79 -1
124 80 1
124 82 1
124 85 1
124 86 1
124 88 1
124 90 1
124 91 1
124 94 1
124 95 1
124 97 1
124 99 1
124 100 1
124 101 1
124 105 1
124 109 1
124 111 1
124 112 1
124 114 -1
124 115 1
124 116 -1
124 117 1
124 118 -1
124 119 1
124 121 1
124 122 1
124 125 1
124 126 1
124 127 1
124 128 1
124 131 1
124 133 -1
124 135 1
124 136 1
124 137 1
124 139 -1
124 145 1
124 146 1
124 147 1
124 148 1
124 149 1
125 7 1
125 8 1
125 10 1
125 12 -1
125 14 1
125 15 1
125 17 1
125 18 -1
125 19 -1
125 22 -1
125 25 1
125 27 -1
125 28 1
125 29 1
125 30 1
125 32 1
125 35 -1
125 36 1
125 37 1
125 41 1
125 43 1
125 44 1
125 47 -1
125 48 1
125 50 1
125 53 1
125 55 1
125 60 1
125 61 1
125 64 1
125 65 -1
125 66 -1
125 71 1
125 73 1
125 74 1
125 75 -1
125 78 1
125 80 1
125 90 1
125 91 1
125 93 -1
125 94 1
125 95 1
125 96 1
125 98 1
125 100 1
125 101 1
125 102 1
125 103 1
125 104 1
125 105 -1
125 106 1
125 108 1
125 114 1
125 117 1
125 118 1
125 121 1
125 123 1
125 126 1
125 127 1
125 128 -1
125 129 1
125 131 1
125 132 -1
125 133 -1
125 135 -1
125 136 1
125 137 1
125 140 1
125 143 1
125 144 -1
125 148 1
125 150 1
126 4 1
126 5 1
126 7 -1
126 16 1
126 17 1
126 19 1
126 20 1
126 21 -1
126 22 1
126 23 1
126 25 1
126 26 1
126 28 1
126 29 1
126 36 -1
126 38 1
126 41 1
126 42 -1
126 43 1
126 44 1
126 47 1
126 48 -1
126 49 -1
126 51 1
126 52 1
126 54 1
126 61 -1
126 63 1
126 64 1
126 66 1
126 68 -1
126 70 1
126 71 1
126 72 -1
126 76 -1
126 78 1
126 79 1
126 80 1
126 87 1
126 88 1
126 89 1
126 92 1
126 94 -1
126 97 -1
126 98 -1
126 102 -1
126 104 -1
126 107 1
126 109 1
126 111 -1
126 112 1
126 113 1
126 114 -1
126 115 -1
126 116 1
126 119 1
126 121 1
126 122 1
126 123 1
126 128 -1
126 132 1
126 135 1
126 136 1
126 143 1
126 146 -1
126 148 1
126 149 1
127 3 1
127 5 -1
127 6 1
127 9 1
127 11 1
127 12 1
127 13 1
127 14 -1
127 17 1
127 18 1
127 20 -1
127 21 1
127 22 1
127 23 -1
127 25 1
127 26 1
127 27 1
127 28 1
127 31 -1
127 34 1
127 37 1
127 38 1
127 40 1
127 46 1
127 47 1
127 48 1
127 49 1
127 51 1
127 52 1
127 54 -1
127 62 -1
127 65 1
127 66 1
127 67 1
127 71 -1
127 73 1
127 76 1
127 77 1
127 81 1
127 83 1
127 84 1
127 86 -1
127 87 1
127 88 1
127 90 1
127 93 1
127 95 1
127 96 1
127 97 1
127 98 1
127 99 1
127 100 1
127 103 1
127 104 1
127 105 1
127 107 1
127 110 1
127 111 1
127 114 -1
127 115 1
127 119 1
127 121 1
127 122 -1
127 123 1
127 126 -1
127 128 1
127 129 1
127 132 1
127 133 -1
127 134 1
127 137 1
127 139 -1
127 140 1
127 141 1
127 142 1
127 143 1
127 146 1
127 147 1
127 148 1
128 1 1
128 8 1
128 12 1
128 13 1
128 15 1
128 16 1
128 17 1
128 18 1
128 19 1
128 20 -1
128 24 -1
128 25 1
128 28 1
128 29 1
128 31 -1
128 33 1
128 34 1
128 36 1
128 37 1
128 40 1
128 41 1
128 44 1
128 45 1
128 46 -1
128 47 1
128 48 -1
128 51 -1
128 52 -1
128 54 -1
128 58 -1
128 59 1
128 60 1
128 61 1
128 63 1
128 64 1
128 65 1
128 66 1
128 67 1
128 69 1
128 78 1
128 85 -1
128 86 1
128 88 1
128 89 1
128 91 1
128 93 1
128 94 1
128 98 1
128 100 1
128 103 1
128 104 1
128 105 -1
128 106 1
128 107 -1
128 108 1
128 110 -1
128 112 1
128 116 1
128 118 1
128 119 1
128 120 1
128 121 1
128 130 1
128 133 1
128 135 1
128 136 1
128 137 1
128 140 1
128 142 1
128 145 -1
128 149 1
128 150 1
129 1 1
129 3 1
129 4 1
129 6 1
129 7 -1
129 8 -1
129 9 1
129 10 1
129 12 1
129 18 -1
129 19 -1
129 24 1
129 25 1
129 28 1
129 30 1
129 38 -1
129 40 -1
129 42 1
129 44 1
129 45 1
129 46 1
129 48 1
129 49 1
129 50 1
129 51 1
129 52 1
129 53 -1
129 54 1
129 55 -1
129 56 1
129 58 1
129 62 1
129 63 1
129 67 1
129 68 -1
129 69 1
129 70 -1
129 71 1
129 73 1
129 74 1
129 75 1
129 76 1
129 77 1
129 78 -1
129 79 1
129 81 1
129 83 1
129 84 1
129 85 1
129 86 1
129 88 1
129 91 1
129 93 -1
129 96 1
129 98 1
129 102 -1
129 106 1
129 107 1
129 110 1
129 112 1
129 116 1
129 117 1
129 119 -1
129 122 1
129 123 1
129 124 -1
129 126 1
129 128 1
129 130 1
129 131 1
129 132 1
129 133 1
129 137 1
129 139 1
129 143 1
129 147 1
129 150 1
130 1 1
130 2 1
130 5 1
130 8 1
130 9 1
130 12 1
130 13 1
130 16 1
130 17 1
130 19 1
130 21 -1
130 22 -1
130 23 1
130 25 1
130 26 1
130 27 1
130 29 -1
130 32 1
130 33 1
130 37 -1
130 38 -1
130 39 -1
130 40 1
130 41 -1
130 43 1
130 48 1
130 50 1
130 51 -1
130 53 1
130 54 -1
130 55 -1
130 58 -1
130 59 1
130 61 1
130 63 1
130 65 1
130 66 -1
130 68 1
130 70 1
130 72 1
130 74 1
130 75 1
130 81 1
130 85 1
130 91 1
130 92 1
130 93 1
130 94 1
130 97 1
130 98 1
130 103 1
130 104 -1
130 105 1
130 106 1
130 108 -1
130 109 1
130 110 1
130 112 1
130 113 1
130 115 1
130 119 -1
130 123 1
130 124 1
130 125 -1
130 126 1
130 127 1
130 131 1
130 132 -1
130 133 1
130 134 1
130 137 1
130 138 1
130 139 1
130 140 1
130 142 1
130 143 -1
130 144 1
130 145 1
130 146 1
130 147 1
131 1 -1
131 2 1
131 3 1
131 4 1
131 6 1
131 9 1
131 12 1
131 14 -1
131 17 1
131 20 1
131 24 1
131 25 1
131 30 1
131 32 1
131 35 1
131 37 1
131 38 -1
131 39 1
131 41 -1
131 42 1
131 49 1
131 50 1
131 54 1
131 58 -1
131 60 1
131 61 1
131 64 -1
131 65 1
131 67 1
131 70 1
131 72 1
131 73 1
131 74 1
131 78 1
131 79 1
131 80 1
131 82 1
131 84 1
131 85 1
131 88 1
131 89 1
131 90 -1
131 91 1
131 97 -1
131 100 1
131 101 1
131 102 -1
131 103 1
131 104 1
131 109 1
131 112 1
131 113 -1
131 118 1
131 122 -1
131 126 -1
131 127 1
131 128 1
131 132 1
131 134 -1
131 138 1
131 139 1
131 142 1
131 144 -1
131 146 1
131 149 -1
131 150 -1
132 1 1
132 4 -1
132 7 1
132 8 1
132 9 1
132 15 1
132 18 1
132 19 1
132 20 1
132 22 -1
132 25 -1
132 28 1
132 29 1
132 30 1
132 33 1
132 36 1
132 37 1
132 38 -1
132 39 1
132 40 -1
132 41 1
132 43 -1
132 44 1
132 47 -1
132 48 1
132 50 1
132 52 1
132 54 1
132 56 1
132 57 1
132 59 1
132 61 1
132 64 1
132 67 -1
132 68 1
132 71 -1
132 73 1
132 74 1
132 76 1
132 78 1
132 81 1
132 85 1
132 86 1
132 87 1
132 88 1
132 92 -1
132 93 1
132 94 1
132 99 1
132 100 -1
132 101 1
132 104 1
132 105 1
132 106 1
132 108 1
132 109 1
132 110 1
132 111 1
132 112 1
132 113 1
132 115 1
132 116 -1
132 117 -1
132 118 -1
132 121 1
132 124 1
132 128 -1
132 134 1
132 135 1
132 138 1
132 140 1
132 144 1
132 145 -1
132 146 1
132 148 -1
132 149 1
133 2 -1
133 3 1
133 4 1
133 5 1
133 6 -1
133 7 1
133 8 -1
133 9 1
133 13 -1
133 14 1
133 16 1
133 18 1
133 20 1
133 21 1
133 22 1
133 29 1
133 30 -1
133 32 1
133 34 1
133 35 1
133 37 1
133 39 1
133 41 1
133 43 1
133 45 1
133 47 1
133 48 1
133 53 1
133 60 1
133 61 1
133 64 1
133 65 1
133 74 -1
133 75 1
133 78 1
133 79 1
133 80 -1
133 81 1
133 82 1
133 83 1
133 85 1
133 86 1
133 87 1
133 88 1
133 89 1
133 91 1
133 92 1
133 93 1
133 94 1
133 95 1
133 99 1
133 106 1
133 109 1
133 110 1
133 117 1
133 118 1
133 119 1
133 121 1
133 122 1
133 126 1
133 131 1
133 132 1
133 134 1
133 135 1
133 136 -1
133 137 -1
133 139 1
133 143 -1
133 144 1
133 146 1
133 148 1
133 150 1
134 2 1
134 3 1
134 4 1
134 6 1
134 7 1
134 8 1
134 9 1
134 13 1
134 14 1
134 15 1
134 16 1
134 17 1
134 20 1
134 21 1
134 23 1
134 24 1
134 26 -1
134 27 1
134 28 1
134 29 1
134 30 1
134 33 -1
134 34 1
134 37 1
134 42 1
134 43 1
134 44 1
134 45 1
134 49 1
134 51 1
134 57 1
134 58 1
134 59 1
134 60 1
134 61 -1
134 62 1
134 63 1
134 66 -1
134 67 1
134 71 1
134 72 -1
134 73 1
134 74 1
134 76 1
134 80 1
134 81 1
134 84 1
134 85 1
134 86 1
134 88 1
134 90 -1
134 91 -1
134 93 1
134 95 1
134 97 1
134 98 1
134 99 1
134 100 1
134 102 1
134 106 1
134 107 1
134 108 1
134 109 1
134 110 -1
134 111 1
134 113 -1
134 116 1
134 117 1
134 118 1
134 119 1
134 120 1
134 122 1
134 124 1
134 125 1
134 126 1
134 128 1
134 129 -1
134 135 1
134 136 1
134 143 1
134 144 1
134 146 1
134 147 1
134 148 1
134 150 -1
135 1 1
135 2 1
135 3 1
135 5 1
135 8 1
135 9 -1
135 16 1
135 19 1
135 20 1
135 21 1
135 24 -1
135 28 1
135 29 1
135 31 1
135 32 1
135 34 1
135 38 1
135 39 1
135 40 1
135 41 1
135 42 1
135 43 1
135 45 1
135 49 1
135 50 1
135 51 1
135 53 -1
135 54 1
135 57 1
135 60 1
135 61 -1
135 64 1
135 65 1
135 71 1
135 74 -1
135 77 1
135 79 1
135 81 1
135 84 -1
135 85 1
135 86 1
135 87 1
135 89 -1
135 91 1
135 94 1
135 97 1
135 98 1
135 102 1
135 104 1
135 109 1
135 110 1
135 118 1
135 120 -1
135 121 -1
135 122 1
135 127 1
135 129 1
135 130 -1
135 131 1
135 136 1
135 141 1
135 144 1
135 145 1
135 147 -1
135 148 1
135 150 1
136 2 -1
136 3 1
136 4 1
136 6 1
136 7 1
136 9 1
136 10 1
136 11 1
136 14 1
136 18 1
136 19 1
136 20 1
136 22 1
136 26 1
136 29 1
136 37 -1
136 41 1
136 45 -1
136 49 1
136 50 1
136 51 1
136 53 -1
136 55 1
136 56 1
136 60 1
136 61 1
136 64 1
136 66 1
136 67 1
136 71 1
136 72 1
136 77 1
136 78 1
136 80 1
136 83 1
136 86 1
136 87 1
136 91 -1
136 92 1
136 93 -1
136 96 1
136 97 1
136 98 1
136 99 -1
136 103 1
136 104 1
136 110 1
136 112 -1
136 115 1
136 116 -1
136 118 -1
136 122 1
136 127 1
136 129 1
136 130 1
136 131 1
136 132 -1
136 137 1
136 139 -1
136 140 1
136 142 -1
136 147 1
136 148 -1
136 149 1
136 150 1
137 1 1
137 2 1
137 3 1
137 6 1
137 8 1
137 9 1
137 10 1
137 12 -1
137 13 1
137 16 1
137 20 1
137 24 1
137 26 1
137 27 -1
137 28 1
137 30 1
137 33 1
137 34 -1
137 35 1
137 36 1
137 37 1
137 40 1
137 44 -1
137 47 -1
137 50 1
137 53 -1
137 54 1
137 61 1
137 63 1
137 68 1
137 69 1
137 70 1
137 72 1
137 74 -1
137 79 1
137 81 1
137 82 -1
137 83 1
137 85 1
137 86 1
137 87 -1
137 90 1
137 92 1
137 93 1
137 95 1
137 96 1
137 98 1
137 99 1
137 102 -1
137 104 1
137 105 1
137 106 1
137 107 1
137 109 1
137 110 1
137 112 1
137 114 1
137 116 -1
137 119 1
137 121 1
137 123 1
137 126 1
137 131 1
137 132 1
137 134 1
137 135 1
137 141 1
137 143 1
137 148 -1
137 150 1
138 1 1
138 2 -1
138 4 1
138 7 1
138 8 1
138 10 1
138 13 1
138 14 1
138 15 1
138 16 1
138 20 1
138 21 1
138 22 1
138 24 1
138 26 -1
138 30 1
138 31 1
138 38 -1
138 41 1
138 44 1
138 45 1
138 50 1
138 51 1
138 52 1
138 54 1
138 56 1
138 57 1
138 59 1
138 61 -1
138 63 1
138 67 1
138 68 -1
138 70 1
138 72 1
138 73 1
138 75 1
138 77 -1
138 78 1
138 79 1
138 80 1
138 84 1
138 85 1
138 86 1
138 89 1
138 90 1
138 91 -1
138 94 1
138 95 1
138 96 -1
138 98 1
138 101 1
138 102 1
138 104 1
138 106 1
138 109 1
138 112 1
138 114 1
138 119 1
138 124 1
138 125 1
138 126 -1
138 127 1
138 128 1
138 129 1
138 133 1
138 134 1
138 135 -1
138 136 1
138 137 1
138 139 1
138 141 1
138 142 1
138 146 1
138 150 1
139 1 -1
139 2 -1
139 3 1
139 4 1
139 6 -1
139 7 1
139 8 -1
139 9 -1
139 10 1
139 11 -1
139 13 -1
139 16 -1
139 17 1
139 18 1
139 23 -1
139 24 1
139 26 1
139 28 1
139 29 1
139 34 -1
139 35 1
139 37 1
139 38 -1
139 40 1
139 44 1
139 47 -1
139 48 1
139 53 1
139 55 1
139 58 -1
139 59 1
139 61 1
139 65 1
139 66 -1
139 69 1
139 72 -1
139 73 1
139 74 1
139 75 1
139 79 -1
139 80 1
139 82 -1
139 84 1
139 90 1
139 91 1
139 93 1
139 95 1
139 96 1
139 97 1
139 103 1
139 104 1
139 105 1
139 107 1
139 110 1
139 111 1
139 112 -1
139 114 1
139 117 1
139 119 1
139 120 1
139 122 1
139 125 1
139 126 1
139 128 1
139 132 -1
139 134 -1
139 135 1
139 137 -1
139 145 -1
139 147 1
139 148 1
139 149 1
139 150 1
140 2 1
140 3 1
140 5 1
140 7 1
140 9 -1
140 11 1
140 12 1
140 14 1
140 17 1
140 18 1
140 20 1
140 21 1
140 34 1
140 36 1
140 37 1
140 40 1
140 41 1
140 42 -1
140 44 1
140 45 1
140 48 1
140 50 1
140 51 1
140 52 1
140 55 1
140 56 1
140 57 -1
140 60 -1
140 63 -1
140 65 -1
140 66 1
140 67 -1
140 68 1
140 69 1
140 71 -1
140 73 1
140 75 1
140 79 1
140 83 1
140 85 1
140 86 -1
140 88 1
140 90 1
140 91 1
140 93 1
140 95 -1
140 100 1
140 101 1
140 103 1
140 104 -1
140 105 -1
140 107 1
140 109 1
140 112 1
140 115 1
140 122 1
140 123 1
140 124 1
140 126 1
140 129 -1
140 131 1
140 133 1
140 134 1
140 135 1
140 137 -1
140 138 1
140 139 -1
140 141 1
140 142 1
140 143 1
140 144 1
140 145 1
140 147 1
140 148 1
140 150 -1
141 1 1
141 2 1
141 5 1
141 11 1
141 13 1
141 14 -1
141 15 1
141 18 1
141 19 1
141 21 1
141 26 1
141 30 -1
141 34 1
141 35 -1
141 38 1
141 42 1
141 47 1
141 50 -1
141 51 1
141 54 1
141 55 -1
141 57 -1
141 60 1
141 61 1
141 62 1
141 63 1
141 64 1
141 67 1
141 69 -1
141 70 -1
141 73 -1
141 75 1
141 76 1
141 77 -1
141 78 1
141 79 1
141 80 1
141 81 1
141 83 1
141 86 1
141 87 1
141 88 -1
141 91 1
141 92 -1
141 94 -1
141 95 1
141 96 1
141 100 -1
141 101 1
141 105 -1
141 107 1
141 108 1
141 109 1
141 110 -1
141 111 -1
141 114 1
141 116 1
141 117 1
141 119 1
141 120 1
141 122 1
141 124 1
141 125 1
141 126 -1
141 128 1
141 129 1
141 130 1
141 131 1
141 132 -1
141 133 1
141 134 1
141 136 1
141 139 1
141 142 1
141 143 -1
141 144 -1
141 146 1
141 147 1
141 148 1
141 149 1
142 1 1
142 2 1
142 4 1
142 5 -1
142 8 1
142 9 1
142 11 -1
142 13 1
142 14 1
142 18 1
142 21 -1
142 22 1
142 25 1
142 26 1
142 28 1
142 29 1
142 31 1
142 32 -1
142 35 1
142 36 1
142 38 1
142 39 1
142 40 1
142 41 -1
142 43 -1
142 44 1
142 45 1
142 48 1
142 49 1
142 51 1
142 54 1
142 55 1
142 57 1
142 59 1
142 60 1
142 64 1
142 65 1
142 66 1
142 67 -1
142 68 1
142 71 1
142 75 1
142 77 1
142 78 -1
142 80 1
142 81 1
142 82 1
142 83 -1
142 84 1
142 85 1
142 87 1
142 88 -1
142 90 1
142 96 1
142 97 1
142 100 1
142 101 -1
142 102 1
142 104 1
142 105 1
142 107 1
142 110 1
142 114 1
142 115 -1
142 117 1
142 121 1
142 122 -1
142 123 1
142 124 1
142 125 -1
142 126 1
142 129 1
142 132 1
142 133 -1
142 134 -1
142 135 1
142 137 1
142 139 1
142 143 1
142 145 -1
142 147 -1
142 148 1
143 1 1
143 2 1
143 3 1
143 4 1
143 5 -1
143 7 1
143 8 1
143 9 1
143 12 -1
143 13 1
143 14 1
143 17 1
143 18 1
143 19 1
143 20 -1
143 21 1
143 23 1
143 25 1
143 30 1
143 31 1
143 32 1
143 33 -1
143 34 1
143 36 1
143 37 -1
143 38 1
143 44 1
143 46 1
143 47 1
143 48 1
143 56 1
143 57 1
143 60 -1
143 61 1
143 65 1
143 66 1
143 67 1
143 70 1
143 71 1
143 74 1
143 75 -1
143 77 1
143 78 1
143 84 1
143 87 1
143 89 1
143 91 1
143 92 1
143 94 1
143 96 1
143 97 -1
143 99 1
143 105 1
143 109 1
143 110 -1
143 112 -1
143 116 -1
143 117 -1
143 119 1
143 120 -1
143 124 1
143 128 1
143 131 -1
143 132 -1
143 135 -1
143 136 1
143 138 1
143 139 1
143 144 1
143 146 1
143 147 1
143 148 1
143 149 1
143 150 1
144 5 -1
144 7 -1
144 8 1
144 11 1
144 13 -1
144 16 1
144 17 1
144 19 1
144 23 -1
144 24 -1
144 27 -1
144 30 1
144 33 1
144 35 1
144 36 1
144 37 -1
144 38 -1
144 39 1
144 42 1
144 43 1
144 44 -1
144 45 -1
144 46 1
144 48 -1
144 52 1
144 54 1
144 55 1
144 57 1
144 58 -1
144 59 1
144 60 1
144 61 -1
144 65 1
144 66 1
144 67 1
144 68 -1
144 69 1
144 72 1
144 76 1
144 77 -1
144 84 1
144 85 1
144 88 1
144 89 1
144 94 1
144 96 1
144 97 1
144 99 1
144 101 -1
144 102 1
144 105 1
144 106 1
144 107 1
144 108 1
144 110 1
144 111 1
144 112 1
144 114 -1
144 115 1
144 116 1
144 120 -1
144 121 1
144 124 1
144 126 -1
144 127 1
144 128 1
144 129 1
144 136 1
144 137 1
144 138 1
144 139 -1
144 142 1
144 150 1
145 1 1
145 2 1
145 4 1
145 5 1
145 6 -1
145 8 1
145 9 1
145 10 -1
145 11 1
145 12 -1
145 14 1
145 15 1
145 16 1
145 17 1
145 19 1
145 20 1
145 22 -1
145 23 1
145 24 -1
145 25 1
145 27 -1
145 28 1
145 33 1
145 36 -1
145 38 1
145 41 1
145 43 -1
145 45 1
145 48 1
145 53 1
145 56 1
145 57 -1
145 59 1
145 60 1
145 62 -1
145 65 -1
145 68 -1
145 69 -1
145 70 1
145 74 1
145 82 -1
145 83 1
145 84 1
145 86 1
145 87 1
145 89 -1
145 91 -1
145 92 -1
145 93 -1
145 96 1
145 98 -1
145 100 -1
145 102 1
145 103 1
145 105 1
145 106 1
145 107 1
145 108 1
145 109 1
145 110 1
145 118 -1
145 122 1
145 125 1
145 126 -1
145 127 1
145 129 1
145 131 1
145 133 1
145 134 1
145 136 -1
145 137 1
145 138 1
145 141 -1
145 143 1
145 144 1
145 148 1
145 150 1
146 1 1
146 5 1
146 6 1
146 9 1
146 11 1
146 17 1
146 19 1
146 21 1
146 23 1
146 25 1
146 33 1
146 34 -1
146 38 -1
146 39 1
146 40 1
146 43 1
146 44 1
146 46 1
146 48 -1
146 49 -1
146 51 1
146 52 1
146 53 1
146 54 1
146 56 1
146 57 -1
146 58 1
146 59 1
146 62 1
146 64 -1
146 66 1
146 67 1
146 68 1
146 69 -1
146 70 1
146 73 1
146 77 1
146 81 1
146 83 -1
146 84 1
146 87 -1
146 93 1
146 95 1
146 96 1
146 97 1
146 99 1
146 102 1
146 109 1
146 110 1
146 111 -1
146 112 1
146 113 1
146 119 1
146 121 1
146 122 1
146 123 -1
146 125 1
146 128 1
146 129 1
146 135 1
146 136 1
146 137 -1
146 139 1
146 140 1
146 142 1
146 144 1
146 145 1
146 150 1
147 3 1
147 6 1
147 8 1
147 12 -1
147 13 1
147 14 1
147 15 1
147 16 1
147 18 1
147 20 -1
147 21 1
147 23 1
147 25 1
147 26 1
147 27 1
147 29 1
147 31 1
147 33 -1
147 36 1
147 44 1
147 45 -1
147 49 1
147 50 1
147 51 -1
147 54 1
147 57 1
147 58 -1
147 60 -1
147 61 1
147 62 1
147 71 1
147 72 -1
147 73 -1
147 78 1
147 79 1
147 81 -1
147 82 -1
147 85 -1
147 86 1
147 90 1
147 93 1
147 96 1
147 98 1
147 99 -1
147 100 1
147 102 1
147 108 1
147 121 1
147 122 -1
147 123 1
147 125 -1
147 126 1
147 128 1
147 131 1
147 132 1
147 133 1
147 137 -1
147 138 1
147 144 1
147 145 1
147 146 -1
148 2 1
148 3 1
148 4 1
148 6 1
148 9 -1
148 10 1
148 11 -1
148 12 1
148 13 1
148 15 1
148 16 1
148 17 1
148 20 1
148 21 1
148 23 1
148 25 1
148 26 1
148 30 1
148 31 -1
148 36 1
148 37 1
148 38 1
148 39 1
148 40 1
148 44 1
148 47 1
148 48 -1
148 49 -1
148 51 1
148 52 -1
148 53 1
148 54 -1
148 58 1
148 61 1
148 62 1
148 67 1
148 69 1
148 70 1
148 72 1
148 74 1
148 77 1
148 80 -1
148 81 -1
148 87 1
148 89 -1
148 90 -1
148 92 1
148 94 -1
148 95 -1
148 96 -1
148 98 1
148 103 1
148 107 1
148 108 -1
148 110 1
148 111 -1
148 114 1
148 118 1
148 119 -1
148 122 1
148 128 1
148 129 1
148 130 1
148 131 1
148 138 -1
148 144 -1
148 146 1
148 147 1
148 149 1
148 150 1
149 3 1
149 4 1
149 6 1
149 9 -1
149 10 1
149 11 1
149 13 1
149 14 1
149 16 -1
149 17 1
149 18 1
149 20 1
149 21 -1
149 22 -1
149 23 1
149 24 1
149 25 1
149 26 1
149 27 1
149 28 1
149 29 1
149 31 1
149 34 1
149 35 1
149 38 -1
149 39 1
149 40 1
149 41 1
149 42 1
149 44 1
149 46 1
149 47 1
149 49 1
149 52 1
149 55 1
149 59 -1
149 61 1
149 63 1
149 64 -1
149 65 1
149 70 1
149 71 1
149 72 1
149 75 1
149 76 1
149 78 1
149 81 1
149 82 -1
149 83 1
149 88 -1
149 90 -1
149 92 -1
149 94 1
149 98 1
149 101 1
149 102 1
149 105 1
149 107 -1
149 109 1
149 110 1
149 112 1
149 117 1
149 118 1
149 119 1
149 120 1
149 122 1
149 123 1
149 125 1
149 127 1
149 129 1
149 130 1
149 133 1
149 134 1
149 135 -1
149 137 1
149 138 -1
149 140 1
149 142 1
149 144 1
149 145 -1
149 146 1
149 147 1
149 150 1
150 1 1
150 2 -1
150 4 1
150 5 1
150 6 -1
150 8 -1
150 10 1
150 12 1
150 13 1
150 15 1
150 18 -1
150 20 -1
150 21 1
150 22 1
150 25 1
150 37 1
150 38 1
150 39 1
150 41 -1
150 43 1
150 45 1
150 47 1
150 48 -1
150 50 1
150 51 1
150 52 1
150 53 1
150 54 1
150 55 1
150 59 -1
150 61 1
150 62 1
150 69 1
150 72 1
150 73 1
150 75 1
150 76 1
150 77 1
150 79 1
150 81 1
150 85 1
150 89 1
150 90 1
150 92 -1
150 93 1
150 94 1
150 95 -1
150 96 1
150 98 1
150 100 1
150 101 1
150 103 1
150 104 1
150 105 1
150 106 1
150 108 -1
150 109 -1
150 110 1
150 117 1
150 119 -1
150 120 1
150 123 1
150 124 1
150 126 1
150 127 -1
150 130 -1
150 132 1
150 141 1
150 142 -1
150 147 1
