vertices: 130 edges: 8385
1 2 1
1 3 1
1 5 -1
1 6 1
1 8 1
1 9 1
1 11 -1
1 13 -1
1 15 -1
1 16 -1
1 17 1
1 18 1
1 19 1
1 20 1
1 21 1
1 24 -1
1 25 1
1 27 -1
1 29 1
1 30 1
1 35 1
1 36 1
1 37 -1
1 38 1
1 40 1
1 42 1
1 49 -1
1 50 -1
1 51 1
1 52 1
1 53 1
1 54 -1
1 56 -1
1 57 -1
1 61 1
1 63 1
1 64 -1
1 66 -1
1 68 -1
1 74 1
1 76 1
1 77 -1
1 78 -1
1 80 1
1 82 1
1 88 -1
1 90 1
1 93 1
1 95 -1
1 97 1
1 98 1
1 99 -1
1 101 1
1 102 1
1 105 -1
1 111 -1
1 112 1
1 116 -1
1 117 -1
1 118 -1
1 119 -1
1 120 1
1 121 -1
1 124 1
1 129 1
1 130 -1
2 4 1
2 5 -1
2 6 1
2 7 1
2 9 -1
2 11 1
2 13 -1
2 15 -1
2 17 -1
2 18 1
2 26 1
2 28 -1
2 29 1
2 31 1
2 34 -1
2 38 -1
2 39 1
2 41 -1
2 42 1
2 43 -1
2 45 -1
2 46 -1
2 49 1
2 50 -1
2 53 1
2 54 1
2 56 1
2 58 -1
2 61 -1
2 67 -1
2 68 -1
2 69 1
2 71 1
2 73 1
2 74 -1
2 76 -1
2 77 -1
2 78 -1
2 79 1
2 82 -1
2 84 -1
2 86 1
2 88 -1
2 89 1
2 96 1
2 100 -1
2 101 -1
2 103 1
2 109 -1
2 110 1
2 112 -1
2 113 -1
2 121 -1
2 123 -1
2 125 -1
2 126 -1
2 127 1
2 128 1
2 130 1
3 2 -1
3 4 -1
3 6 -1
3 8 -1
3 9 1
3 18 1
3 19 -1
3 23 -1
3 31 -1
3 32 -1
3 33 1
3 34 -1
3 36 -1
3 38 1
3 39 1
3 40 1
3 45 -1
3 46 -1
3 47 1
3 48 1
3 49 1
3 57 1
3 58 1
3 59 1
3 60 -1
3 61 1
3 62 -1
3 63 1
3 64 1
3 66 -1
3 68 -1
3 71 -1
3 73 -1
3 75 -1
3 77 -1
3 82 1
3 86 1
3 87 1
3 88 1
3 89 1
3 93 1
3 96 -1
3 103 1
3 109 1
3 114 1
3 116 -1
3 121 1
3 122 -1
3 123 -1
3 126 1
3 127 -1
4 1 -1
4 5 1
4 6 1
4 7 1
4 8 -1
4 10 -1
4 12 -1
4 15 1
4 17 -1
4 19 -1
4 23 1
4 28 -1
4 29 1
4 30 -1
4 31 -1
4 33 1
4 34 -1
4 35 -1
4 36 1
4 37 -1
4 41 1
4 44 1
4 45 -1
4 46 1
4 48 -1
4 57 -1
4 63 1
4 64 -1
4 65 1
4 69 1
4 70 -1
4 72 -1
4 73 -1
4 74 -1
4 75 1
4 76 1
4 79 1
4 81 -1
4 83 1
4 85 -1
4 89 1
4 91 1
4 92 1
4 95 1
4 99 -1
4 102 1
4 103 1
4 105 -1
4 106 1
4 107 -1
4 108 -1
4 109 -1
4 110 -1
4 112 1
4 113 -1
4 114 -1
4 116 -1
4 117 -1
4 118 -1
4 120 -1
4 121 -1
4 123 -1
4 125 1
4 126 -1
4 127 -1
4 129 1
4 130 -1
5 3 -1
5 7 -1
5 8 -1
5 9 -1
5 11 -1
5 12 1
5 14 -1
5 15 1
5 16 -1
5 18 1
5 19 1
5 20 -1
5 22 1
5 23 1
5 25 -1
5 26 1
5 28 -1
5 29 -1
5 32 1
5 35 1
5 39 -1
5 41 1
5 42 -1
5 44 -1
5 46 -1
5 47 -1
5 49 1
5 50 1
5 51 1
5 53 1
5 55 -1
5 58 1
5 61 1
5 62 1
5 67 -1
5 68 -1
5 69 1
5 70 1
5 71 -1
5 72 1
5 75 -1
5 76 1
5 79 1
5 80 -1
5 81 1
5 82 1
5 86 1
5 87 1
5 91 1
5 92 1
5 93 -1
5 96 -1
5 97 1
5 99 1
5 100 -1
5 102 1
5 104 -1
5 105 -1
5 107 1
5 108 -1
5 109 1
5 111 1
5 112 -1
5 113 1
5 116 1
5 117 1
5 120 -1
5 121 1
5 122 -1
5 125 1
5 128 -1
5 130 -1
6 5 1
6 7 -1
6 15 -1
6 17 1
6 18 -1
6 20 1
6 24 -1
6 27 -1
6 29 -1
6 33 1
6 39 -1
6 40 1
6 42 -1
6 43 -1
6 44 1
6 47 1
6 48 1
6 49 -1
6 51 -1
6 59 1
6 61 -1
6 62 1
6 63 1
6 64 1
6 65 -1
6 67 -1
6 68 1
6 69 -1
6 70 1
6 71 -1
6 72 1
6 73 1
6 74 1
6 75 -1
6 79 -1
6 80 -1
6 82 -1
6 83 1
6 86 1
6 87 -1
6 89 -1
6 93 1
6 99 -1
6 101 -1
6 103 1
6 105 -1
6 110 -1
6 115 -1
6 116 -1
6 118 1
6 120 -1
6 121 1
6 124 -1
6 125 1
6 126 -1
6 127 1
6 130 -1
7 1 1
7 3 -1
7 10 -1
7 12 1
7 14 1
7 18 -1
7 20 -1
7 22 -1
7 26 1
7 29 1
7 33 1
7 34 -1
7 35 1
7 37 1
7 40 1
7 42 -1
7 48 1
7 51 1
7 53 1
7 54 1
7 56 1
7 59 -1
7 60 1
7 61 1
7 64 1
7 66 1
7 68 1
7 70 -1
7 71 1
7 73 -1
7 74 -1
7 77 1
7 79 -1
7 82 1
7 83 -1
7 86 -1
7 88 1
7 89 -1
7 94 -1
7 96 -1
7 99 1
7 101 1
7 105 1
7 106 1
7 107 -1
7 116 -1
7 118 1
7 119 -1
7 120 -1
7 124 1
7 127 1
7 128 1
7 129 -1
7 130 -1
8 2 -1
8 6 -1
8 7 -1
8 9 -1
8 10 -1
8 11 -1
8 14 1
8 18 -1
8 22 -1
8 24 -1
8 25 -1
8 31 -1
8 33 1
8 34 1
8 39 1
8 41 1
8 45 -1
8 49 1
8 50 -1
8 52 -1
8 53 -1
8 54 1
8 58 -1
8 64 -1
8 66 1
8 69 -1
8 70 1
8 71 -1
8 72 1
8 74 1
8 75 -1
8 77 1
8 78 1
8 80 -1
8 83 1
8 86 1
8 88 1
8 89 1
8 90 -1
8 92 1
8 93 1
8 94 1
8 95 -1
8 97 -1
8 98 1
8 99 1
8 100 1
8 101 1
8 102 1
8 104 -1
8 106 1
8 108 1
8 109 -1
8 110 1
8 111 -1
8 115 1
8 116 1
8 119 1
8 123 1
8 125 -1
8 126 -1
8 128 1
8 130 -1
9 4 1
9 6 1
9 7 1
9 11 1
9 15 -1
9 16 1
9 17 -1
9 19 1
9 20 -1
9 21 1
9 22 -1
9 24 1
9 29 -1
9 31 -1
9 32 -1
9 39 -1
9 42 1
9 44 1
9 47 1
9 50 1
9 52 -1
9 53 -1
9 57 -1
9 58 1
9 59 -1
9 68 -1
9 73 -1
9 75 -1
9 76 1
9 77 1
9 78 -1
9 80 1
9 81 -1
9 83 1
9 86 -1
9 87 1
9 89 -1
9 92 1
9 94 -1
9 95 1
9 96 -1
9 103 -1
9 104 -1
9 106 1
9 109 1
9 115 -1
9 117 1
9 119 -1
9 123 -1
9 124 1
9 125 -1
9 126 -1
9 127 -1
9 128 1
9 130 1
10 1 1
10 2 1
10 3 1
10 5 1
10 6 -1
10 9 -1
10 11 1
10 13 1
10 15 1
10 17 1
10 18 -1
10 20 1
10 21 1
10 22 -1
10 23 -1
10 25 -1
10 26 1
10 27 1
10 30 1
10 31 -1
10 34 -1
10 35 1
10 38 1
10 41 1
10 42 1
10 44 -1
10 45 -1
10 46 1
10 47 -1
10 49 -1
10 54 -1
10 56 -1
10 57 -1
10 58 -1
10 62 -1
10 63 -1
10 64 -1
10 65 -1
10 70 1
10 71 1
10 72 -1
10 74 1
10 80 -1
10 81 1
10 84 -1
10 85 -1
10 88 -1
10 90 1
10 93 1
10 94 -1
10 95 -1
10 97 1
10 99 -1
10 101 -1
10 102 -1
10 107 -1
10 108 1
10 111 1
10 112 -1
10 113 -1
10 114 -1
10 118 1
10 119 -1
10 120 1
10 121 -1
10 124 -1
10 127 -1
10 128 -1
10 129 -1
10 130 1
11 3 1
11 4 -1
11 6 -1
11 7 1
11 13 -1
11 14 1
11 17 -1
11 21 1
11 22 -1
11 23 -1
11 24 1
11 25 -1
11 28 1
11 29 -1
11 30 -1
11 31 1
11 35 1
11 36 -1
11 37 1
11 39 1
11 40 -1
11 41 1
11 45 1
11 47 -1
11 48 1
11 49 -1
11 51 -1
11 53 1
11 54 -1
11 55 1
11 56 -1
11 57 1
11 58 1
11 59 1
11 62 -1
11 66 1
11 67 -1
11 70 1
11 71 -1
11 78 -1
11 79 -1
11 80 1
11 81 -1
11 82 -1
11 83 -1
11 84 1
11 86 -1
11 87 -1
11 89 -1
11 92 1
11 94 1
11 96 1
11 97 1
11 98 -1
11 99 1
11 104 -1
11 105 -1
11 107 1
11 108 -1
11 112 -1
11 113 1
11 114 -1
11 115 -1
11 119 -1
11 121 -1
11 122 -1
11 125 -1
11 126 1
11 128 1
12 1 -1
12 2 1
12 3 -1
12 6 -1
12 8 1
12 9 1
12 10 1
12 11 -1
12 13 1
12 15 -1
12 16 1
12 18 1
12 20 -1
12 22 -1
12 23 -1
12 24 1
12 26 -1
12 30 -1
12 34 1
12 37 1
12 38 -1
12 41 -1
12 42 1
12 43 -1
12 46 -1
12 48 1
12 49 1
12 50 -1
12 51 -1
12 52 1
12 55 -1
12 56 -1
12 58 -1
12 59 1
12 61 -1
12 63 -1
12 67 1
12 68 1
12 69 1
12 74 1
12 77 -1
12 78 -1
12 82 -1
12 85 -1
12 86 -1
12 89 -1
12 90 -1
12 91 1
12 92 1
12 93 -1
12 95 -1
12 96 1
12 97 1
12 98 -1
12 101 -1
12 102 -1
12 103 1
12 106 1
12 108 1
12 109 -1
12 113 -1
12 114 1
12 115 1
12 116 -1
12 118 -1
12 120 1
12 123 -1
12 129 -1
12 130 -1
13 3 1
13 4 -1
13 5 1
13 6 1
13 7 1
13 8 -1
13 9 1
13 15 -1
13 16 1
13 18 1
13 19 1
13 22 1
13 25 1
13 26 1
13 27 -1
13 31 -1
13 32 -1
13 35 1
13 37 1
13 40 -1
13 41 1
13 42 -1
13 44 1
13 47 -1
13 48 -1
13 50 -1
13 51 1
13 53 -1
13 54 1
13 55 -1
13 56 -1
13 57 -1
13 59 1
13 63 -1
13 66 1
13 69 1
13 70 -1
13 71 -1
13 73 1
13 76 -1
13 78 -1
13 79 -1
13 80 1
13 81 -1
13 82 1
13 84 1
13 85 1
13 86 1
13 87 1
13 90 -1
13 94 -1
13 95 1
13 96 1
13 97 1
13 103 1
13 104 1
13 107 -1
13 108 -1
13 109 1
13 110 -1
13 113 1
13 115 -1
13 116 1
13 117 1
13 121 1
13 122 1
13 123 1
13 125 -1
13 126 1
13 130 -1
14 1 -1
14 2 -1
14 3 -1
14 4 -1
14 6 -1
14 9 1
14 10 1
14 12 -1
14 13 1
14 16 1
14 18 -1
14 19 1
14 23 1
14 24 1
14 29 1
14 31 -1
14 32 1
14 33 -1
14 34 -1
14 35 -1
14 36 -1
14 37 -1
14 38 1
14 42 1
14 43 -1
14 44 1
14 45 1
14 47 1
14 51 -1
14 52 1
14 53 1
14 55 -1
14 56 1
14 57 -1
14 62 1
14 65 1
14 66 1
14 67 -1
14 68 1
14 72 -1
14 74 -1
14 75 1
14 76 1
14 81 1
14 83 1
14 84 -1
14 85 -1
14 87 -1
14 89 1
14 91 -1
14 92 1
14 93 -1
14 95 1
14 96 -1
14 97 -1
14 98 -1
14 104 -1
14 106 -1
14 109 -1
14 110 -1
14 111 -1
14 114 1
14 116 -1
14 119 1
14 121 -1
14 122 -1
14 124 -1
14 126 1
14 128 -1
15 3 -1
15 7 1
15 8 1
15 11 -1
15 14 -1
15 17 1
15 18 -1
15 20 -1
15 21 1
15 22 -1
15 24 1
15 30 -1
15 32 -1
15 33 -1
15 35 1
15 36 1
15 37 1
15 38 1
15 42 -1
15 43 -1
15 46 1
15 50 -1
15 54 1
15 57 -1
15 60 -1
15 62 -1
15 64 1
15 66 1
15 67 -1
15 70 1
15 71 -1
15 72 -1
15 73 1
15 74 -1
15 75 -1
15 76 1
15 79 -1
15 80 -1
15 84 1
15 85 1
15 86 1
15 87 1
15 88 -1
15 89 1
15 90 1
15 92 1
15 95 -1
15 99 1
15 100 -1
15 101 1
15 102 -1
15 103 -1
15 104 1
15 110 -1
15 111 -1
15 115 -1
15 116 -1
15 118 -1
15 120 -1
15 121 -1
15 123 -1
15 125 -1
15 126 1
15 128 1
15 129 1
15 130 -1
16 2 1
16 3 -1
16 4 1
16 6 -1
16 7 1
16 8 1
16 10 1
16 11 -1
16 15 1
16 22 -1
16 23 1
16 24 -1
16 28 -1
16 29 -1
16 30 1
16 31 -1
16 32 1
16 33 -1
16 34 1
16 36 1
16 38 1
16 40 -1
16 44 1
16 45 1
16 47 -1
16 48 1
16 49 1
16 56 1
16 59 -1
16 61 1
16 64 1
16 65 1
16 70 -1
16 71 1
16 72 1
16 74 1
16 75 -1
16 76 1
16 79 -1
16 80 -1
16 81 1
16 83 -1
16 84 -1
16 89 -1
16 92 -1
16 93 1
16 95 -1
16 96 -1
16 98 -1
16 100 1
16 103 1
16 105 1
16 107 -1
16 108 1
16 109 1
16 110 1
16 112 -1
16 114 -1
16 115 1
16 119 -1
16 121 1
16 122 -1
16 123 1
16 124 -1
16 129 1
16 130 -1
17 3 1
17 5 1
17 7 1
17 8 -1
17 12 1
17 13 1
17 14 1
17 16 1
17 18 1
17 19 -1
17 20 -1
17 21 1
17 22 1
17 23 -1
17 24 1
17 26 -1
17 28 -1
17 30 -1
17 33 1
17 34 1
17 35 1
17 39 -1
17 40 1
17 41 1
17 45 -1
17 46 -1
17 47 1
17 48 -1
17 49 1
17 50 1
17 51 1
17 53 1
17 56 1
17 57 -1
17 59 1
17 63 1
17 66 -1
17 70 1
17 72 -1
17 73 -1
17 76 -1
17 78 1
17 80 -1
17 82 1
17 84 1
17 86 -1
17 87 -1
17 88 -1
17 91 -1
17 93 -1
17 97 -1
17 99 1
17 107 -1
17 108 -1
17 112 -1
17 113 -1
17 115 1
17 116 1
17 118 1
17 119 -1
17 120 -1
17 121 -1
17 123 -1
17 124 1
17 125 1
17 130 1
18 4 -1
18 9 -1
18 11 -1
18 16 1
18 20 1
18 21 -1
18 26 -1
18 31 1
18 35 1
18 36 1
18 39 -1
18 43 1
18 44 -1
18 45 -1
18 47 -1
18 48 1
18 50 -1
18 51 1
18 53 -1
18 54 -1
18 56 -1
18 57 -1
18 61 -1
18 63 -1
18 67 -1
18 68 -1
18 70 1
18 72 1
18 73 -1
18 74 1
18 75 1
18 76 1
18 77 1
18 78 1
18 83 1
18 84 1
18 88 1
18 90 -1
18 91 1
18 94 1
18 95 -1
18 98 -1
18 103 -1
18 105 1
18 106 1
18 107 1
18 108 -1
18 111 1
18 112 -1
18 113 1
18 114 1
18 117 -1
18 119 -1
18 123 1
18 124 1
18 127 1
19 2 1
19 6 -1
19 7 1
19 8 -1
19 10 1
19 11 1
19 12 1
19 15 -1
19 16 1
19 18 -1
19 20 1
19 22 1
19 23 1
19 28 -1
19 30 1
19 33 1
19 35 1
19 36 1
19 37 -1
19 50 1
19 51 1
19 52 1
19 53 1
19 54 1
19 55 -1
19 56 -1
19 57 -1
19 58 -1
19 59 1
19 60 -1
19 62 1
19 65 1
19 66 -1
19 67 -1
19 70 -1
19 72 1
19 77 1
19 78 -1
19 79 -1
19 81 1
19 82 -1
19 83 -1
19 84 1
19 86 1
19 87 1
19 90 1
19 91 -1
19 93 -1
19 95 -1
19 97 -1
19 101 -1
19 102 -1
19 103 -1
19 106 1
19 109 1
19 111 -1
19 113 -1
19 114 -1
19 115 1
19 117 -1
19 118 -1
19 119 1
19 121 1
19 122 -1
19 123 1
19 125 1
19 126 1
19 128 -1
19 129 -1
19 130 -1
20 2 1
20 3 -1
20 4 1
20 8 1
20 11 1
20 13 -1
20 14 1
20 16 -1
20 22 1
20 23 1
20 25 -1
20 26 -1
20 30 -1
20 31 -1
20 35 -1
20 37 1
20 38 -1
20 39 1
20 40 -1
20 44 1
20 45 1
20 46 -1
20 47 1
20 49 1
20 50 -1
20 51 1
20 55 1
20 58 1
20 59 -1
20 61 -1
20 64 1
20 67 -1
20 69 -1
20 70 1
20 71 -1
20 72 -1
20 73 1
20 78 1
20 79 1
20 80 1
20 81 1
20 82 1
20 85 -1
20 86 -1
20 87 1
20 89 1
20 90 1
20 91 -1
20 92 1
20 93 1
20 95 -1
20 96 -1
20 97 -1
20 101 1
20 104 1
20 105 -1
20 106 -1
20 107 1
20 110 -1
20 111 1
20 112 -1
20 115 -1
20 117 1
20 118 1
20 121 -1
20 125 1
20 126 -1
20 127 1
20 130 -1
21 2 1
21 3 -1
21 4 1
21 5 1
21 6 1
21 7 -1
21 8 1
21 12 1
21 13 -1
21 14 -1
21 16 -1
21 19 1
21 20 1
21 23 1
21 26 -1
21 27 -1
21 30 -1
21 32 -1
21 33 1
21 34 1
21 36 -1
21 38 1
21 39 1
21 44 -1
21 48 1
21 53 -1
21 56 -1
21 57 1
21 59 -1
21 60 -1
21 61 1
21 63 -1
21 64 -1
21 65 1
21 68 -1
21 70 -1
21 73 -1
21 75 1
21 76 -1
21 79 -1
21 80 -1
21 81 -1
21 83 -1
21 86 -1
21 91 -1
21 92 1
21 95 -1
21 96 1
21 97 1
21 98 -1
21 99 1
21 104 -1
21 105 1
21 106 -1
21 111 -1
21 112 -1
21 113 1
21 115 1
21 117 1
21 122 -1
21 125 1
21 126 -1
21 128 1
21 130 -1
22 1 -1
22 2 -1
22 3 1
22 4 -1
22 6 -1
22 14 1
22 18 -1
22 21 1
22 23 -1
22 25 1
22 26 1
22 28 1
22 30 -1
22 31 1
22 35 1
22 36 -1
22 38 -1
22 42 -1
22 44 1
22 46 1
22 47 1
22 48 -1
22 49 -1
22 51 1
22 52 -1
22 53 1
22 57 -1
22 58 1
22 60 -1
22 61 -1
22 62 1
22 64 -1
22 65 -1
22 66 -1
22 67 1
22 69 1
22 71 -1
22 74 1
22 75 1
22 76 1
22 77 1
22 78 1
22 81 1
22 87 -1
22 89 -1
22 90 1
22 91 -1
22 94 1
22 98 1
22 100 1
22 102 -1
22 103 1
22 104 1
22 109 1
22 111 1
22 113 1
22 115 -1
22 121 1
22 122 -1
22 123 -1
22 124 -1
22 126 -1
22 127 1
22 128 1
22 130 -1
23 1 1
23 2 -1
23 6 1
23 7 -1
23 8 1
23 9 -1
23 13 1
23 15 1
23 18 1
23 24 1
23 26 1
23 27 -1
23 30 -1
23 32 1
23 33 1
23 37 1
23 39 1
23 43 -1
23 48 -1
23 50 -1
23 57 1
23 58 -1
23 59 -1
23 60 1
23 61 -1
23 62 1
23 63 1
23 66 -1
23 70 -1
23 73 -1
23 77 1
23 80 -1
23 82 -1
23 83 1
23 85 -1
23 87 1
23 88 -1
23 90 1
23 91 -1
23 92 -1
23 93 1
23 94 1
23 95 -1
23 96 1
23 101 -1
23 103 1
23 106 1
23 107 1
23 108 1
23 110 -1
23 122 1
23 123 1
23 127 -1
23 128 1
23 129 1
24 2 -1
24 3 -1
24 4 -1
24 5 1
24 7 -1
24 10 -1
24 13 -1
24 18 -1
24 19 -1
24 20 1
24 21 1
24 22 -1
24 25 1
24 26 -1
24 27 -1
24 28 1
24 31 -1
24 33 1
24 34 1
24 35 1
24 36 -1
24 37 1
24 38 -1
24 40 -1
24 43 -1
24 45 1
24 47 1
24 49 -1
24 52 -1
24 55 1
24 56 -1
24 57 -1
24 58 -1
24 59 -1
24 62 -1
24 63 1
24 67 -1
24 69 1
24 73 -1
24 76 -1
24 79 -1
24 80 -1
24 83 1
24 84 -1
24 87 -1
24 89 1
24 90 1
24 91 1
24 92 -1
24 93 -1
24 97 1
24 98 -1
24 100 1
24 101 -1
24 102 -1
24 108 1
24 109 -1
24 111 -1
24 112 1
24 114 1
24 117 -1
24 119 1
24 122 1
24 123 1
24 124 -1
24 126 -1
24 127 -1
24 128 1
25 2 1
25 3 1
25 4 -1
25 6 -1
25 7 -1
25 9 1
25 12 -1
25 14 1
25 15 1
25 16 -1
25 17 -1
25 18 -1
25 19 -1
25 21 1
25 23 1
25 26 1
25 28 1
25 29 -1
25 31 -1
25 34 -1
25 36 -1
25 38 1
25 39 -1
25 42 -1
25 45 1
25 47 1
25 48 -1
25 49 1
25 50 1
25 51 -1
25 54 1
25 56 1
25 57 -1
25 58 1
25 61 1
25 62 -1
25 64 1
25 66 -1
25 67 1
25 69 -1
25 71 -1
25 73 -1
25 76 1
25 78 1
25 79 1
25 81 1
25 82 1
25 84 1
25 86 1
25 87 1
25 92 -1
25 94 1
25 96 -1
25 98 -1
25 99 1
25 101 1
25 103 1
25 107 1
25 108 1
25 110 -1
25 113 -1
25 116 1
25 117 1
25 118 1
25 120 -1
25 123 1
25 125 -1
25 127 1
25 129 -1
26 1 1
26 3 -1
26 4 -1
26 6 1
26 8 1
26 9 1
26 11 1
26 14 -1
26 15 -1
26 16 -1
26 19 -1
26 27 1
26 28 1
26 29 -1
26 30 1
26 31 1
26 34 -1
26 36 -1
26 38 1
26 39 -1
26 48 1
26 50 1
26 51 -1
26 53 -1
26 56 1
26 57 1
26 59 -1
26 60 -1
26 61 -1
26 63 -1
26 65 1
26 67 1
26 68 1
26 72 1
26 75 -1
26 76 1
26 79 1
26 81 -1
26 82 -1
26 83 1
26 86 1
26 88 1
26 89 -1
26 92 -1
26 93 -1
26 94 -1
26 96 -1
26 98 1
26 99 -1
26 100 -1
26 101 1
26 103 1
26 105 1
26 107 1
26 109 1
26 110 1
26 111 -1
26 112 1
26 114 -1
26 115 -1
26 116 1
26 124 1
26 125 1
26 126 -1
26 128 1
27 2 -1
27 3 1
27 4 -1
27 5 -1
27 7 1
27 8 -1
27 9 -1
27 11 -1
27 12 1
27 14 1
27 15 -1
27 16 1
27 17 -1
27 18 -1
27 19 1
27 20 1
27 22 1
27 25 -1
27 30 -1
27 31 1
27 32 1
27 33 -1
27 39 1
27 41 1
27 42 1
27 48 1
27 49 1
27 50 1
27 56 -1
27 60 1
27 62 -1
27 63 1
27 64 -1
27 68 1
27 69 1
27 70 1
27 73 1
27 75 -1
27 78 1
27 80 -1
27 81 -1
27 82 1
27 83 -1
27 85 1
27 86 1
27 87 1
27 90 1
27 91 -1
27 92 1
27 93 1
27 97 -1
27 99 1
27 101 -1
27 105 1
27 110 1
27 111 1
27 112 1
27 117 -1
27 122 -1
27 123 -1
27 124 1
27 125 -1
27 128 -1
27 129 1
27 130 -1
28 1 -1
28 3 -1
28 6 1
28 7 1
28 8 -1
28 9 1
28 10 -1
28 12 1
28 13 1
28 14 1
28 15 -1
28 18 -1
28 20 -1
28 21 1
28 23 -1
28 27 -1
28 29 1
28 30 1
28 32 1
28 33 1
28 34 1
28 38 -1
28 39 -1
28 40 -1
28 41 1
28 42 -1
28 43 1
28 48 1
28 49 -1
28 50 -1
28 53 -1
28 54 1
28 55 1
28 57 1
28 58 -1
28 62 -1
28 64 1
28 65 -1
28 69 1
28 70 -1
28 71 -1
28 72 -1
28 75 -1
28 79 1
28 80 -1
28 81 1
28 82 1
28 83 -1
28 84 1
28 85 -1
28 87 -1
28 88 1
28 89 1
28 90 -1
28 92 -1
28 93 1
28 94 -1
28 95 1
28 96 -1
28 97 1
28 98 -1
28 100 1
28 101 -1
28 107 1
28 110 -1
28 113 -1
28 114 -1
28 115 -1
28 117 1
28 119 -1
28 121 1
28 122 -1
28 124 1
28 125 1
28 126 -1
28 129 1
29 3 1
29 8 1
29 10 1
29 12 1
29 13 1
29 15 1
29 17 -1
29 18 -1
29 19 1
29 20 1
29 21 1
29 22 1
29 23 -1
29 24 1
29 27 1
29 34 -1
29 35 -1
29 38 -1
29 42 -1
29 43 1
29 44 -1
29 45 -1
29 47 -1
29 48 1
29 50 -1
29 54 -1
29 56 -1
29 57 -1
29 58 -1
29 59 -1
29 62 1
29 63 1
29 66 1
29 67 -1
29 76 -1
29 79 -1
29 82 -1
29 86 -1
29 90 1
29 91 -1
29 93 -1
29 97 1
29 98 1
29 99 1
29 101 1
29 102 1
29 103 -1
29 109 -1
29 112 -1
29 113 1
29 114 -1
29 115 1
29 116 1
29 120 1
29 122 -1
29 124 -1
29 125 1
29 126 1
29 127 -1
29 128 -1
30 2 -1
30 3 1
30 5 1
30 6 -1
30 7 1
30 8 -1
30 9 1
30 13 1
30 14 1
30 18 1
30 24 1
30 25 -1
30 29 1
30 32 -1
30 33 -1
30 35 1
30 36 -1
30 37 1
30 38 1
30 40 1
30 43 -1
30 44 1
30 45 -1
30 46 1
30 48 1
30 49 1
30 50 1
30 51 1
30 53 1
30 54 -1
30 56 -1
30 57 1
30 58 1
30 59 1
30 62 1
30 63 1
30 64 1
30 65 -1
30 69 1
30 71 1
30 72 -1
30 75 -1
30 79 1
30 84 -1
30 85 -1
30 88 1
30 90 1
30 91 1
30 92 -1
30 94 -1
30 96 1
30 97 -1
30 103 -1
30 106 -1
30 107 -1
30 111 1
30 116 1
30 119 -1
30 121 -1
30 122 -1
30 125 -1
30 126 1
30 128 1
30 129 -1
31 1 -1
31 5 1
31 6 -1
31 7 1
31 12 1
31 15 1
31 17 1
31 19 -1
31 21 1
31 23 -1
31 28 1
31 29 1
31 30 1
31 32 -1
31 36 -1
31 39 -1
31 40 -1
31 42 -1
31 48 1
31 50 -1
31 52 -1
31 55 -1
31 56 1
31 58 1
31 59 -1
31 60 1
31 61 1
31 62 1
31 66 -1
31 69 -1
31 70 -1
31 73 1
31 74 1
31 78 1
31 79 -1
31 80 1
31 81 1
31 84 1
31 85 1
31 86 1
31 88 1
31 89 -1
31 91 1
31 94 -1
31 95 1
31 96 -1
31 97 1
31 98 1
31 99 -1
31 100 1
31 105 -1
31 108 1
31 109 -1
31 112 -1
31 113 -1
31 114 1
31 115 1
31 117 -1
31 118 1
31 123 -1
31 126 1
31 128 -1
31 129 1
32 1 1
32 2 -1
32 4 -1
32 6 -1
32 7 1
32 8 -1
32 10 1
32 11 1
32 12 1
32 17 1
32 18 -1
32 19 -1
32 20 -1
32 22 1
32 24 1
32 25 -1
32 26 1
32 29 -1
32 36 -1
32 42 1
32 44 -1
32 47 -1
32 49 1
32 55 1
32 58 1
32 62 -1
32 64 -1
32 65 1
32 66 -1
32 67 -1
32 68 -1
32 70 -1
32 71 -1
32 74 1
32 77 1
32 80 1
32 84 -1
32 85 1
32 89 -1
32 92 1
32 95 1
32 96 1
32 97 1
32 98 1
32 107 1
32 109 1
32 110 -1
32 112 -1
32 114 1
32 116 1
32 120 -1
32 122 -1
32 123 1
32 124 -1
32 129 -1
33 1 -1
33 2 -1
33 5 1
33 9 -1
33 10 1
33 11 -1
33 12 1
33 13 1
33 18 -1
33 20 1
33 22 -1
33 25 -1
33 26 1
33 29 1
33 31 1
33 32 -1
33 34 1
33 36 -1
33 37 1
33 39 1
33 40 -1
33 52 1
33 56 1
33 57 -1
33 64 -1
33 66 1
33 68 -1
33 72 -1
33 73 -1
33 79 -1
33 81 1
33 82 1
33 84 1
33 85 1
33 86 1
33 89 1
33 93 1
33 94 1
33 96 -1
33 97 1
33 98 -1
33 99 -1
33 101 1
33 104 -1
33 105 1
33 106 -1
33 107 -1
33 109 -1
33 113 -1
33 114 1
33 117 -1
33 119 -1
33 120 -1
33 121 -1
33 122 -1
33 123 -1
33 124 1
33 126 1
33 127 1
33 129 1
34 1 1
34 5 -1
34 6 1
34 9 1
34 11 -1
34 13 1
34 15 1
34 18 -1
34 19 -1
34 20 -1
34 22 1
34 23 -1
34 27 1
34 30 -1
34 31 -1
34 32 1
34 35 1
34 36 1
34 37 1
34 38 1
34 39 1
34 43 1
34 46 -1
34 47 1
34 48 -1
34 49 -1
34 53 1
34 54 1
34 58 -1
34 59 -1
34 61 1
34 62 -1
34 65 1
34 66 -1
34 69 1
34 70 1
34 73 1
34 74 -1
34 75 -1
34 79 1
34 80 1
34 81 -1
34 84 -1
34 85 -1
34 86 -1
34 87 1
34 89 -1
34 93 -1
34 94 1
34 95 1
34 99 -1
34 100 -1
34 104 -1
34 106 1
34 107 -1
34 108 -1
34 109 -1
34 110 -1
34 111 -1
34 112 1
34 113 1
34 114 -1
34 116 -1
34 118 -1
34 119 -1
34 123 1
34 124 -1
34 126 1
34 128 1
34 129 -1
35 2 -1
35 3 -1
35 6 -1
35 8 1
35 9 1
35 12 1
35 16 -1
35 21 -1
35 23 -1
35 25 -1
35 26 -1
35 27 1
35 28 1
35 31 -1
35 32 1
35 33 1
35 36 -1
35 38 -1
35 39 -1
35 40 -1
35 42 -1
35 44 1
35 46 -1
35 47 1
35 48 -1
35 52 1
35 56 1
35 58 1
35 60 1
35 61 -1
35 62 -1
35 64 1
35 66 -1
35 68 -1
35 76 1
35 77 -1
35 78 -1
35 79 1
35 81 1
35 83 1
35 84 -1
35 87 -1
35 89 -1
35 90 -1
35 92 1
35 93 1
35 94 1
35 95 -1
35 101 -1
35 102 1
35 104 -1
35 106 1
35 107 1
35 108 -1
35 110 1
35 111 -1
35 113 -1
35 115 -1
35 117 1
35 118 -1
35 119 -1
35 120 -1
35 121 -1
35 122 1
35 123 -1
35 124 -1
35 125 1
35 127 1
35 128 1
35 130 1
36 2 1
36 5 1
36 6 1
36 7 -1
36 8 1
36 9 1
36 10 1
36 12 1
36 13 -1
36 17 -1
36 20 1
36 23 1
36 27 1
36 28 1
36 29 1
36 39 -1
36 40 -1
36 41 1
36 42 -1
36 44 -1
36 45 1
36 46 -1
36 48 1
36 51 1
36 52 -1
36 58 -1
36 59 -1
36 61 1
36 62 1
36 64 -1
36 67 1
36 70 1
36 71 -1
36 75 1
36 76 1
36 80 1
36 81 1
36 82 1
36 83 1
36 88 1
36 89 1
36 90 1
36 92 -1
36 96 1
36 98 -1
36 99 -1
36 101 -1
36 103 1
36 105 1
36 108 -1
36 109 -1
36 110 1
36 111 -1
36 116 -1
36 118 -1
36 120 -1
36 122 1
36 123 -1
36 124 -1
36 125 -1
36 126 -1
36 130 -1
37 2 -1
37 3 1
37 5 1
37 6 -1
37 8 -1
37 9 1
37 10 1
37 16 1
37 17 -1
37 18 -1
37 21 1
37 22 1
37 25 -1
37 26 -1
37 27 1
37 28 -1
37 29 1
37 31 -1
37 32 1
37 35 1
37 36 -1
37 42 -1
37 46 1
37 47 -1
37 49 -1
37 52 -1
37 56 1
37 57 1
37 59 1
37 63 -1
37 64 1
37 65 -1
37 66 -1
37 68 1
37 69 -1
37 72 -1
37 73 -1
37 75 -1
37 77 -1
37 78 -1
37 80 1
37 81 1
37 82 1
37 83 1
37 84 1
37 89 1
37 90 -1
37 91 1
37 92 1
37 94 1
37 95 -1
37 97 1
37 99 -1
37 100 1
37 101 1
37 102 1
37 106 1
37 108 1
37 111 -1
37 114 1
37 118 1
37 121 1
37 122 -1
37 123 -1
37 124 -1
37 125 1
37 126 -1
37 128 -1
37 130 -1
38 4 -1
38 5 1
38 6 1
38 7 -1
38 8 1
38 9 -1
38 11 1
38 13 -1
38 17 -1
38 18 1
38 19 -1
38 23 -1
38 27 -1
38 31 1
38 32 -1
38 33 1
38 36 -1
38 37 -1
38 39 1
38 41 -1
38 43 -1
38 44 -1
38 45 1
38 50 1
38 51 -1
38 53 -1
38 54 -1
38 56 -1
38 57 -1
38 58 1
38 68 1
38 70 -1
38 74 -1
38 75 -1
38 76 -1
38 77 1
38 79 1
38 80 1
38 82 -1
38 83 -1
38 84 1
38 85 -1
38 87 1
38 88 -1
38 89 1
38 91 -1
38 92 -1
38 93 1
38 94 1
38 96 1
38 97 -1
38 98 -1
38 101 -1
38 102 -1
38 105 -1
38 108 1
38 111 1
38 113 1
38 114 1
38 115 -1
38 117 -1
38 119 1
38 123 1
38 124 1
38 127 1
39 1 1
39 4 1
39 7 -1
39 10 1
39 12 -1
39 13 -1
39 14 1
39 15 -1
39 16 -1
39 19 -1
39 22 1
39 24 1
39 29 1
39 30 1
39 32 -1
39 37 -1
39 41 -1
39 45 1
39 50 1
39 52 1
39 53 -1
39 54 1
39 55 1
39 56 -1
39 59 1
39 63 1
39 65 1
39 66 1
39 67 -1
39 72 1
39 74 -1
39 78 1
39 81 1
39 83 -1
39 84 -1
39 85 -1
39 87 1
39 88 1
39 90 1
39 95 1
39 96 -1
39 99 -1
39 100 -1
39 103 -1
39 104 -1
39 112 1
39 115 -1
39 120 1
39 121 1
39 122 1
39 123 1
39 124 1
39 128 1
39 129 -1
40 2 -1
40 4 -1
40 5 -1
40 8 1
40 9 1
40 10 -1
40 12 -1
40 14 -1
40 15 -1
40 18 1
40 19 1
40 21 1
40 22 1
40 23 1
40 25 1
40 26 -1
40 27 -1
40 29 -1
40 32 -1
40 34 -1
40 37 -1
40 38 -1
40 39 -1
40 41 1
40 42 -1
40 46 1
40 48 -1
40 50 -1
40 51 -1
40 52 1
40 55 1
40 56 -1
40 57 1
40 58 1
40 61 1
40 62 1
40 67 -1
40 71 1
40 75 1
40 79 1
40 80 1
40 82 1
40 84 -1
40 85 -1
40 88 1
40 91 -1
40 95 -1
40 97 -1
40 99 1
40 100 -1
40 101 1
40 102 1
40 104 -1
40 105 -1
40 106 1
40 107 1
40 109 1
40 110 1
40 114 -1
40 117 -1
40 118 1
40 121 1
40 123 -1
40 128 1
40 130 -1
41 1 1
41 3 -1
41 6 1
41 7 -1
41 9 1
41 14 1
41 15 1
41 16 -1
41 18 1
41 19 -1
41 20 -1
41 21 1
41 22 -1
41 23 -1
41 24 -1
41 25 -1
41 26 1
41 29 -1
41 30 1
41 31 1
41 32 -1
41 33 1
41 34 1
41 35 -1
41 37 1
41 42 1
41 45 1
41 46 -1
41 47 -1
41 48 -1
41 51 -1
41 52 1
41 53 1
41 55 -1
41 56 -1
41 57 -1
41 58 1
41 63 -1
41 64 1
41 65 -1
41 68 -1
41 70 1
41 71 -1
41 73 -1
41 74 -1
41 76 1
41 77 -1
41 78 1
41 79 -1
41 81 1
41 84 -1
41 88 1
41 89 -1
41 91 1
41 93 -1
41 95 -1
41 97 1
41 98 1
41 99 1
41 100 1
41 101 1
41 102 -1
41 104 -1
41 106 -1
41 107 -1
41 108 1
41 112 -1
41 113 -1
41 115 -1
41 117 -1
41 122 -1
41 124 -1
41 126 1
41 127 1
41 129 1
42 3 1
42 4 -1
42 8 1
42 11 -1
42 16 -1
42 17 1
42 18 1
42 19 -1
42 20 1
42 21 -1
42 23 -1
42 24 -1
42 26 -1
42 30 -1
42 33 1
42 34 -1
42 38 1
42 39 1
42 43 1
42 44 1
42 46 -1
42 48 -1
42 49 1
42 50 -1
42 59 -1
42 60 -1
42 62 -1
42 64 1
42 65 1
42 66 1
42 68 1
42 70 -1
42 71 1
42 75 1
42 76 -1
42 77 1
42 80 1
42 83 1
42 85 -1
42 86 -1
42 89 1
42 90 1
42 93 1
42 94 -1
42 95 -1
42 99 -1
42 100 -1
42 101 1
42 102 1
42 103 1
42 105 1
42 106 1
42 107 -1
42 108 1
42 109 -1
42 110 -1
42 111 1
42 112 -1
42 113 1
42 115 1
42 116 1
42 117 -1
42 119 -1
42 121 1
42 124 1
42 125 1
42 126 -1
42 128 1
42 129 1
43 1 1
43 3 -1
43 4 1
43 5 -1
43 7 -1
43 8 -1
43 9 -1
43 10 -1
43 11 1
43 13 1
43 16 1
43 17 -1
43 19 -1
43 20 1
43 21 -1
43 22 1
43 25 1
43 26 -1
43 27 -1
43 31 1
43 32 -1
43 33 -1
43 35 -1
43 36 1
43 37 -1
43 39 -1
43 40 1
43 41 1
43 44 1
43 46 1
43 48 1
43 50 1
43 51 -1
43 56 -1
43 57 -1
43 58 -1
43 59 -1
43 60 -1
43 62 -1
43 63 -1
43 64 1
43 66 -1
43 67 -1
43 72 -1
43 73 -1
43 75 -1
43 76 -1
43 77 -1
43 78 1
43 80 -1
43 81 -1
43 84 1
43 85 -1
43 87 -1
43 88 1
43 91 -1
43 95 1
43 96 1
43 97 1
43 99 1
43 101 -1
43 102 1
43 104 1
43 106 1
43 108 1
43 109 -1
43 110 -1
43 116 -1
43 117 -1
43 118 1
43 122 1
43 125 1
43 127 -1
43 128 -1
44 1 -1
44 2 -1
44 3 -1
44 7 -1
44 8 1
44 11 1
44 12 1
44 15 -1
44 17 1
44 19 1
44 23 1
44 24 1
44 25 1
44 26 -1
44 27 -1
44 28 1
44 31 -1
44 33 -1
44 34 1
44 37 1
44 39 1
44 40 1
44 41 -1
44 48 1
44 52 -1
44 53 -1
44 55 1
44 56 1
44 57 1
44 58 -1
44 63 -1
44 64 1
44 68 -1
44 71 -1
44 72 -1
44 75 1
44 77 1
44 81 1
44 82 1
44 84 1
44 85 1
44 87 1
44 91 1
44 93 -1
44 94 -1
44 95 -1
44 97 1
44 98 1
44 100 -1
44 101 -1
44 102 -1
44 104 1
44 106 -1
44 107 1
44 109 -1
44 112 -1
44 113 1
44 115 -1
44 117 1
44 121 1
44 124 -1
44 126 1
44 127 -1
44 129 1
44 130 1
45 1 1
45 5 -1
45 6 -1
45 7 1
45 9 1
45 12 -1
45 13 -1
45 15 1
45 19 -1
45 21 1
45 22 1
45 23 -1
45 26 -1
45 27 1
45 28 1
45 31 1
45 32 1
45 33 1
45 34 -1
45 35 1
45 37 -1
45 40 1
45 42 -1
45 43 1
45 44 -1
45 46 1
45 48 1
45 51 -1
45 57 -1
45 59 -1
45 60 -1
45 63 -1
45 65 -1
45 78 -1
45 80 -1
45 81 -1
45 82 1
45 83 1
45 88 1
45 90 1
45 96 1
45 97 1
45 99 -1
45 102 -1
45 103 1
45 105 1
45 107 1
45 109 -1
45 110 -1
45 112 1
45 113 -1
45 114 -1
45 116 1
45 119 1
45 120 1
45 123 1
45 125 1
45 126 -1
45 129 -1
45 130 -1
46 1 1
46 6 1
46 7 -1
46 8 1
46 9 -1
46 11 -1
46 13 1
46 14 1
46 16 1
46 18 1
46 19 -1
46 21 1
46 23 -1
46 24 1
46 25 -1
46 26 -1
46 27 -1
46 28 -1
46 29 -1
46 31 1
46 32 -1
46 33 -1
46 38 -1
46 39 1
46 44 -1
46 47 -1
46 49 -1
46 50 -1
46 51 1
46 53 -1
46 57 1
46 58 -1
46 59 -1
46 60 -1
46 63 -1
46 64 -1
46 65 -1
46 66 1
46 69 -1
46 70 -1
46 72 1
46 73 -1
46 74 1
46 77 -1
46 78 1
46 80 1
46 81 -1
46 82 -1
46 84 -1
46 86 1
46 87 1
46 91 -1
46 92 -1
46 93 1
46 94 1
46 96 1
46 97 1
46 99 -1
46 100 1
46 102 -1
46 103 -1
46 110 -1
46 111 -1
46 112 -1
46 116 1
46 117 -1
46 119 1
46 120 1
46 121 1
46 125 -1
46 126 -1
46 128 1
46 129 -1
46 130 -1
47 1 -1
47 2 -1
47 4 -1
47 7 -1
47 8 -1
47 12 1
47 15 -1
47 19 -1
47 21 1
47 23 1
47 26 1
47 27 -1
47 28 1
47 30 1
47 31 -1
47 33 -1
47 36 -1
47 38 -1
47 39 -1
47 40 -1
47 42 -1
47 43 -1
47 44 -1
47 45 1
47 51 -1
47 52 -1
47 53 1
47 54 1
47 55 1
47 56 -1
47 57 1
47 61 1
47 64 1
47 65 1
47 71 -1
47 76 -1
47 79 1
47 80 1
47 84 -1
47 85 -1
47 86 -1
47 90 1
47 91 1
47 93 1
47 94 -1
47 95 1
47 101 -1
47 103 1
47 105 1
47 106 1
47 108 1
47 113 -1
47 114 1
47 116 1
47 117 1
47 118 -1
47 120 -1
47 121 -1
47 122 1
47 124 1
47 126 -1
47 128 1
47 129 -1
47 130 1
48 1 1
48 2 -1
48 5 -1
48 8 1
48 9 -1
48 10 1
48 14 -1
48 15 -1
48 19 -1
48 20 1
48 24 1
48 32 1
48 33 -1
48 37 1
48 38 1
48 39 -1
48 46 -1
48 47 -1
48 50 1
48 52 1
48 54 -1
48 56 1
48 57 1
48 58 -1
48 62 1
48 63 -1
48 64 1
48 65 -1
48 66 -1
48 67 1
48 68 1
48 69 1
48 70 -1
48 71 1
48 72 1
48 73 1
48 76 -1
48 77 1
48 78 1
48 79 -1
48 82 -1
48 83 -1
48 84 -1
48 85 -1
48 87 -1
48 89 -1
48 92 -1
48 95 1
48 97 1
48 98 -1
48 100 1
48 102 1
48 103 -1
48 106 -1
48 107 -1
48 109 1
48 110 1
48 111 -1
48 113 -1
48 115 -1
48 118 -1
48 122 1
48 123 -1
48 125 1
49 4 -1
49 7 -1
49 9 -1
49 13 -1
49 14 -1
49 15 1
49 18 1
49 19 1
49 21 1
49 23 1
49 26 1
49 29 1
49 31 -1
49 33 1
49 35 1
49 36 1
49 38 -1
49 39 1
49 40 1
49 41 -1
49 43 -1
49 44 -1
49 45 -1
49 47 1
49 48 1
49 53 -1
49 55 -1
49 56 1
49 57 -1
49 59 1
49 60 1
49 61 1
49 62 -1
49 63 1
49 65 -1
49 66 -1
49 68 -1
49 70 1
49 71 1
49 73 -1
49 75 1
49 77 1
49 79 -1
49 80 1
49 84 1
49 85 -1
49 86 -1
49 88 1
49 89 1
49 90 -1
49 91 1
49 93 1
49 94 1
49 95 1
49 96 1
49 97 -1
49 99 -1
49 102 -1
49 103 1
49 104 -1
49 105 -1
49 110 -1
49 112 1
49 113 1
49 115 1
49 117 -1
49 118 -1
49 119 -1
49 120 -1
49 124 1
49 125 1
49 126 1
49 127 -1
49 128 1
49 130 1
50 3 1
50 4 1
50 6 -1
50 7 1
50 10 -1
50 11 1
50 14 -1
50 16 1
50 21 -1
50 22 1
50 24 1
50 32 1
50 33 1
50 34 -1
50 35 -1
50 36 -1
50 37 1
50 41 1
50 44 -1
50 45 -1
50 47 1
50 49 -1
50 52 -1
50 53 1
50 54 -1
50 55 -1
50 56 1
50 58 1
50 59 1
50 62 1
50 63 1
50 64 -1
50 66 1
50 69 -1
50 70 1
50 71 1
50 73 -1
50 74 1
50 81 -1
50 83 1
50 86 1
50 95 -1
50 96 -1
50 97 -1
50 98 1
50 100 -1
50 101 1
50 104 -1
50 106 -1
50 108 1
50 109 -1
50 110 -1
50 113 1
50 114 -1
50 115 1
50 118 1
50 119 -1
50 120 -1
50 122 -1
50 124 -1
50 125 -1
50 126 -1
50 127 1
51 2 -1
51 3 -1
51 4 -1
51 8 1
51 9 1
51 10 1
51 15 1
51 16 1
51 21 1
51 23 -1
51 24 1
51 27 1
51 28 -1
51 29 1
51 31 -1
51 32 1
51 33 1
51 34 1
51 35 1
51 37 1
51 39 -1
51 42 -1
51 44 1
51 48 -1
51 49 -1
51 50 1
51 52 1
51 53 -1
51 55 1
51 56 -1
51 62 -1
51 65 1
51 67 -1
51 71 -1
51 73 1
51 74 1
51 76 -1
51 77 1
51 80 -1
51 84 1
51 86 -1
51 87 -1
51 90 -1
51 91 -1
51 92 1
51 93 1
51 94 -1
51 95 -1
51 100 -1
51 101 -1
51 102 1
51 103 1
51 106 1
51 107 -1
51 109 -1
51 110 -1
51 111 1
51 113 1
51 114 -1
51 115 -1
51 118 -1
51 120 1
51 121 -1
51 122 -1
51 125 -1
51 126 1
51 128 1
51 129 -1
52 2 -1
52 3 1
52 4 1
52 5 -1
52 6 1
52 7 -1
52 10 1
52 11 -1
52 13 -1
52 15 1
52 16 -1
52 17 -1
52 18 1
52 20 -1
52 21 1
52 23 -1
52 25 1
52 26 1
52 27 1
52 28 -1
52 29 1
52 30 1
52 32 1
52 34 -1
52 38 1
52 42 1
52 43 1
52 45 -1
52 46 -1
52 49 -1
52 57 -1
52 58 1
52 60 1
52 61 -1
52 63 1
52 68 -1
52 70 1
52 72 1
52 73 -1
52 74 1
52 75 -1
52 78 -1
52 79 1
52 82 1
52 83 1
52 85 -1
52 86 1
52 87 1
52 89 -1
52 93 1
52 96 1
52 97 1
52 98 1
52 99 1
52 100 -1
52 101 -1
52 104 -1
52 105 -1
52 106 -1
52 107 1
52 108 1
52 110 1
52 111 -1
52 113 -1
52 114 1
52 115 1
52 120 1
52 123 1
52 124 -1
52 125 -1
52 130 -1
53 3 -1
53 4 -1
53 6 -1
53 10 -1
53 12 -1
53 15 1
53 16 1
53 20 1
53 23 -1
53 24 -1
53 25 1
53 27 -1
53 29 1
53 31 1
53 32 -1
53 33 1
53 35 1
53 36 -1
53 37 1
53 40 -1
53 42 -1
53 43 1
53 45 -1
53 48 1
53 52 -1
53 54 1
53 58 1
53 59 -1
53 60 -1
53 61 -1
53 62 1
53 65 1
53 66 -1
53 68 1
53 69 -1
53 74 1
53 77 1
53 78 -1
53 79 1
53 80 1
53 83 1
53 84 1
53 86 1
53 88 -1
53 89 1
53 90 -1
53 92 1
53 96 -1
53 98 -1
53 102 -1
53 104 -1
53 106 1
53 107 -1
53 122 1
53 127 -1
53 130 -1
54 3 -1
54 4 -1
54 5 -1
54 6 -1
54 9 1
54 12 1
54 14 -1
54 16 -1
54 17 1
54 20 -1
54 21 1
54 22 1
54 23 1
54 24 1
54 26 -1
54 27 -1
54 31 1
54 32 -1
54 33 -1
54 35 1
54 36 -1
54 37 -1
54 40 1
54 41 -1
54 42 -1
54 43 1
54 44 -1
54 45 -1
54 46 1
54 49 1
54 51 1
54 52 -1
54 55 -1
54 57 -1
54 59 -1
54 63 -1
54 64 1
54 65 1
54 66 1
54 67 1
54 68 1
54 69 1
54 75 -1
54 76 -1
54 82 -1
54 84 1
54 86 -1
54 87 1
54 89 1
54 90 1
54 91 1
54 96 -1
54 98 1
54 99 1
54 100 -1
54 107 -1
54 110 1
54 111 1
54 112 1
54 114 -1
54 116 -1
54 117 1
54 118 1
54 119 -1
54 121 -1
54 124 1
54 125 -1
54 128 -1
54 129 -1
54 130 -1
55 1 1
55 2 -1
55 3 -1
55 4 -1
55 6 -1
55 7 -1
55 8 1
55 9 -1
55 10 -1
55 15 1
55 16 1
55 17 -1
55 18 -1
55 21 -1
55 22 -1
55 23 1
55 25 1
55 26 1
55 27 1
55 29 -1
55 30 1
55 33 1
55 34 -1
55 35 -1
55 36 -1
55 37 -1
55 38 -1
55 42 1
55 43 -1
55 45 1
55 46 1
55 48 1
55 52 -1
55 53 -1
55 56 -1
55 59 1
55 60 1
55 67 -1
55 69 -1
55 70 1
55 72 1
55 73 1
55 74 -1
55 76 -1
55 77 -1
55 81 -1
55 82 1
55 83 -1
55 85 -1
55 86 1
55 87 -1
55 88 1
55 90 1
55 91 1
55 92 1
55 95 -1
55 96 -1
55 97 1
55 99 -1
55 102 -1
55 105 1
55 106 -1
55 112 1
55 116 -1
55 119 1
55 122 1
55 125 1
55 126 1
55 128 -1
55 130 1
56 3 -1
56 4 1
56 5 1
56 6 -1
56 8 -1
56 9 -1
56 15 -1
56 20 1
56 22 -1
56 23 1
56 28 -1
56 32 1
56 34 -1
56 36 1
56 42 -1
56 45 1
56 46 -1
56 52 -1
56 53 1
56 54 -1
56 57 1
56 58 -1
56 60 1
56 63 1
56 65 1
56 68 -1
56 78 1
56 79 -1
56 80 1
56 82 1
56 83 1
56 84 1
56 88 -1
56 90 1
56 91 1
56 94 1
56 96 -1
56 97 1
56 98 1
56 99 1
56 100 -1
56 103 1
56 104 -1
56 107 -1
56 109 1
56 110 1
56 111 -1
56 112 -1
56 113 1
56 116 1
56 119 1
56 120 -1
56 122 -1
56 123 -1
56 125 -1
56 126 1
56 128 -1
56 129 -1
56 130 1
57 2 -1
57 5 1
57 6 -1
57 7 1
57 8 -1
57 12 -1
57 16 -1
57 20 1
57 27 -1
57 31 1
57 32 -1
57 34 -1
57 35 1
57 36 -1
57 39 1
57 42 -1
57 50 1
57 51 1
57 53 -1
57 55 1
57 62 -1
57 63 1
57 64 -1
57 69 -1
57 71 1
57 73 1
57 77 -1
57 78 -1
57 79 1
57 81 1
57 83 -1
57 85 -1
57 87 -1
57 89 -1
57 90 1
57 93 -1
57 94 -1
57 98 -1
57 100 1
57 104 -1
57 106 -1
57 111 -1
57 114 -1
57 115 -1
57 116 -1
57 120 1
57 121 1
57 125 1
57 126 -1
57 129 -1
58 1 -1
58 4 1
58 6 1
58 7 1
58 13 1
58 14 1
58 15 -1
58 16 1
58 17 -1
58 18 1
58 21 -1
58 26 -1
58 27 -1
58 33 -1
58 37 -1
58 39 -1
58 42 -1
58 45 -1
58 47 -1
58 49 1
58 51 1
58 54 -1
58 55 1
58 57 1
58 59 1
58 62 -1
58 64 1
58 67 1
58 68 -1
58 69 -1
58 72 1
58 73 1
58 77 1
58 79 1
58 81 1
58 84 -1
58 85 1
58 86 1
58 87 1
58 88 -1
58 91 -1
58 92 -1
58 96 -1
58 97 -1
58 99 1
58 100 -1
58 101 1
58 102 1
58 103 1
58 106 -1
58 107 -1
58 111 -1
58 114 -1
58 115 -1
58 116 -1
58 117 -1
58 118 -1
58 119 1
58 124 -1
58 125 -1
58 126 -1
58 127 -1
59 1 -1
59 2 1
59 4 1
59 5 1
59 8 1
59 10 -1
59 14 -1
59 15 -1
59 18 1
59 22 1
59 25 1
59 27 1
59 28 1
59 32 -1
59 33 1
59 35 1
59 38 1
59 40 -1
59 41 -1
59 44 1
59 47 1
59 48 1
59 51 -1
59 52 -1
59 56 1
59 57 -1
59 61 1
59 62 1
59 65 -1
59 69 1
59 70 1
59 71 -1
59 72 -1
59 75 1
59 78 1
59 79 -1
59 82 1
59 83 -1
59 85 1
59 90 -1
59 91 -1
59 92 1
59 94 -1
59 95 -1
59 96 1
59 97 1
59 98 -1
59 99 -1
59 106 -1
59 107 1
59 109 -1
59 110 -1
59 113 1
59 116 1
59 118 1
59 119 -1
59 120 -1
59 121 1
59 123 -1
59 126 -1
59 127 -1
59 129 -1
60 1 -1
60 2 -1
60 4 1
60 5 1
60 6 -1
60 8 -1
60 9 -1
60 10 -1
60 11 1
60 12 -1
60 13 -1
60 14 1
60 16 1
60 17 -1
60 18 -1
60 20 1
60 24 -1
60 25 1
60 28 -1
60 29 1
60 30 -1
60 32 1
60 33 1
60 34 -1
60 36 -1
60 37 -1
60 38 -1
60 39 -1
60 40 1
60 41 1
60 44 -1
60 47 1
60 48 -1
60 50 1
60 51 1
60 54 1
60 57 1
60 58 -1
60 59 -1
60 61 -1
60 62 1
60 63 1
60 65 1
60 67 1
60 69 1
60 72 -1
60 73 1
60 74 -1
60 77 1
60 79 1
60 83 -1
60 84 1
60 86 -1
60 87 -1
60 90 1
60 91 -1
60 92 -1
60 93 1
60 96 1
60 98 -1
60 99 -1
60 103 -1
60 104 -1
60 106 -1
60 109 -1
60 110 1
60 111 1
60 117 1
60 119 1
60 120 1
60 121 -1
60 122 1
60 129 -1
60 130 -1
61 4 1
61 8 -1
61 9 -1
61 10 -1
61 11 1
61 13 1
61 14 1
61 15 1
61 17 -1
61 19 -1
61 24 1
61 27 -1
61 28 1
61 29 1
61 30 1
61 32 -1
61 33 1
61 37 -1
61 38 1
61 39 1
61 41 1
61 42 1
61 43 -1
61 44 -1
61 45 1
61 46 -1
61 48 1
61 50 1
61 51 1
61 54 -1
61 55 1
61 56 -1
61 57 -1
61 58 1
61 62 -1
61 65 -1
61 68 1
61 69 -1
61 70 1
61 71 1
61 72 1
61 73 1
61 77 -1
61 80 -1
61 83 -1
61 84 -1
61 85 1
61 87 1
61 89 -1
61 90 1
61 91 1
61 93 -1
61 97 1
61 99 -1
61 102 -1
61 103 -1
61 106 1
61 108 1
61 109 -1
61 112 -1
61 113 -1
61 114 1
61 116 1
61 117 1
61 120 -1
61 122 1
61 123 -1
61 124 1
61 125 1
61 129 -1
62 1 -1
62 2 -1
62 4 -1
62 7 1
62 8 1
62 9 -1
62 12 -1
62 13 -1
62 16 -1
62 17 1
62 18 -1
62 20 1
62 21 1
62 26 1
62 33 -1
62 37 1
62 38 -1
62 39 1
62 41 1
62 44 -1
62 45 -1
62 46 1
62 47 -1
62 52 -1
62 54 1
62 55 -1
62 56 1
62 63 -1
62 66 1
62 68 1
62 69 -1
62 71 -1
62 72 1
62 73 -1
62 74 -1
62 75 -1
62 76 1
62 77 1
62 78 -1
62 82 -1
62 87 1
62 88 -1
62 90 1
62 91 -1
62 94 1
62 95 -1
62 97 1
62 101 -1
62 102 -1
62 103 1
62 105 1
62 106 -1
62 108 -1
62 111 -1
62 113 1
62 117 -1
62 118 -1
62 121 -1
62 123 1
62 125 1
62 128 -1
62 130 1
63 2 1
63 5 -1
63 7 -1
63 8 1
63 9 1
63 11 -1
63 14 1
63 15 1
63 16 -1
63 19 -1
63 20 -1
63 22 1
63 25 -1
63 28 1
63 31 1
63 32 -1
63 33 1
63 34 1
63 35 1
63 36 -1
63 38 -1
63 40 -1
63 42 -1
63 47 1
63 51 1
63 53 1
63 55 -1
63 58 1
63 59 -1
63 61 -1
63 64 1
63 65 1
63 67 -1
63 68 1
63 70 1
63 71 -1
63 72 -1
63 73 1
63 74 1
63 75 -1
63 76 -1
63 77 -1
63 79 1
63 85 1
63 88 1
63 90 -1
63 91 -1
63 93 -1
63 96 1
63 103 -1
63 104 1
63 105 1
63 106 -1
63 107 -1
63 109 -1
63 110 1
63 111 1
63 112 1
63 113 -1
63 118 -1
63 123 1
63 125 -1
63 126 -1
63 130 1
64 2 1
64 5 -1
64 9 1
64 11 -1
64 12 -1
64 13 1
64 14 -1
64 17 -1
64 18 1
64 19 1
64 23 -1
64 24 1
64 26 1
64 29 1
64 31 -1
64 34 -1
64 38 -1
64 39 -1
64 40 1
64 45 -1
64 49 1
64 51 1
64 52 -1
64 53 -1
64 55 -1
64 56 1
64 59 -1
64 60 1
64 61 1
64 62 -1
64 65 -1
64 69 -1
64 70 1
64 73 1
64 74 -1
64 75 1
64 77 1
64 80 1
64 83 -1
64 84 -1
64 87 1
64 88 -1
64 89 -1
64 90 1
64 94 1
64 96 -1
64 98 -1
64 101 -1
64 102 1
64 104 1
64 106 1
64 108 1
64 109 -1
64 110 1
64 112 1
64 113 -1
64 115 -1
64 117 -1
64 119 -1
64 121 -1
64 124 1
64 128 1
64 129 -1
65 1 1
65 2 1
65 3 -1
65 5 -1
65 7 -1
65 8 1
65 9 -1
65 11 -1
65 12 1
65 13 -1
65 15 1
65 17 1
65 18 -1
65 20 -1
65 23 -1
65 24 1
65 25 1
65 27 1
65 29 1
65 31 -1
65 33 1
65 35 1
65 36 1
65 38 -1
65 40 -1
65 43 1
65 44 -1
65 50 1
65 52 1
65 55 1
65 57 -1
65 58 -1
65 62 -1
65 70 -1
65 72 1
65 73 -1
65 77 -1
65 80 -1
65 81 1
65 84 -1
65 86 -1
65 87 1
65 89 -1
65 93 -1
65 95 -1
65 96 1
65 97 1
65 99 -1
65 100 1
65 101 1
65 103 -1
65 104 1
65 105 1
65 107 -1
65 108 -1
65 109 -1
65 110 1
65 111 -1
65 114 1
65 115 -1
65 116 1
65 120 -1
65 122 1
65 123 1
65 124 -1
65 125 -1
65 126 1
65 127 1
65 129 -1
66 2 1
66 4 1
66 5 1
66 6 -1
66 9 -1
66 10 1
66 12 -1
66 16 1
66 18 1
66 20 1
66 21 1
66 24 -1
66 26 -1
66 27 1
66 28 1
66 30 1
66 36 1
66 38 1
66 40 1
66 41 1
66 44 1
66 45 -1
66 47 -1
66 51 1
66 52 -1
66 55 -1
66 56 1
66 57 -1
66 58 -1
66 59 1
66 60 1
66 61 -1
66 63 -1
66 64 -1
66 65 -1
66 68 -1
66 69 -1
66 70 1
66 72 1
66 73 1
66 74 1
66 75 1
66 76 1
66 77 -1
66 79 1
66 81 1
66 82 1
66 85 -1
66 91 -1
66 92 -1
66 93 1
66 95 1
66 96 -1
66 97 -1
66 98 -1
66 102 -1
66 103 -1
66 104 1
66 105 -1
66 107 1
66 110 -1
66 112 1
66 113 -1
66 114 -1
66 116 1
66 118 1
66 120 1
66 121 1
66 126 1
66 127 -1
66 129 -1
67 1 -1
67 3 1
67 4 1
67 7 -1
67 8 1
67 9 1
67 10 1
67 13 1
67 16 -1
67 17 -1
67 21 -1
67 23 1
67 27 -1
67 28 -1
67 30 -1
67 31 -1
67 33 1
67 34 -1
67 35 1
67 37 1
67 38 1
67 41 1
67 42 1
67 44 -1
67 45 1
67 46 -1
67 47 1
67 49 -1
67 50 -1
67 52 -1
67 53 1
67 56 1
67 57 1
67 59 1
67 61 1
67 62 1
67 64 -1
67 65 1
67 66 -1
67 68 1
67 72 1
67 73 1
67 76 -1
67 77 -1
67 80 1
67 83 -1
67 84 1
67 85 1
67 86 -1
67 88 -1
67 90 1
67 91 1
67 93 -1
67 94 -1
67 95 -1
67 96 -1
67 97 1
67 101 -1
67 102 -1
67 103 -1
67 105 1
67 108 -1
67 111 1
67 112 1
67 113 -1
67 115 1
67 116 -1
67 123 -1
67 124 1
67 125 -1
67 126 -1
67 128 1
67 130 -1
68 4 1
68 8 -1
68 10 1
68 11 1
68 13 -1
68 15 -1
68 16 1
68 17 -1
68 19 -1
68 20 1
68 22 -1
68 23 1
68 24 -1
68 25 1
68 28 1
68 29 -1
68 30 1
68 31 1
68 34 1
68 36 -1
68 39 -1
68 40 1
68 43 -1
68 45 -1
68 46 -1
68 47 1
68 50 -1
68 51 -1
68 55 1
68 57 -1
68 59 -1
68 60 1
68 64 -1
68 65 1
68 69 -1
68 70 -1
68 71 1
68 74 -1
68 75 1
68 76 -1
68 77 -1
68 78 1
68 81 -1
68 83 -1
68 85 -1
68 87 -1
68 89 1
68 90 -1
68 91 -1
68 93 1
68 95 -1
68 96 1
68 97 1
68 99 1
68 101 -1
68 103 1
68 104 1
68 108 -1
68 110 1
68 111 1
68 112 -1
68 113 -1
68 114 -1
68 115 -1
68 117 -1
68 121 1
68 123 -1
69 1 1
69 3 -1
69 7 1
69 9 -1
69 10 -1
69 11 1
69 14 1
69 15 1
69 16 1
69 17 1
69 18 -1
69 19 1
69 21 -1
69 23 -1
69 26 -1
69 29 1
69 32 1
69 33 -1
69 35 1
69 36 -1
69 38 1
69 39 1
69 40 1
69 41 1
69 42 1
69 43 1
69 44 -1
69 45 -1
69 47 -1
69 49 -1
69 51 -1
69 52 1
69 56 1
69 63 -1
69 65 -1
69 67 1
69 75 1
69 76 -1
69 78 -1
69 80 1
69 81 1
69 83 1
69 89 1
69 91 -1
69 93 -1
69 94 1
69 95 -1
69 96 -1
69 98 -1
69 100 -1
69 103 -1
69 104 -1
69 106 -1
69 111 -1
69 113 -1
69 115 1
69 116 -1
69 117 -1
69 119 1
69 120 1
69 123 -1
69 124 -1
69 125 -1
69 126 1
69 128 1
69 130 -1
70 1 -1
70 2 1
70 3 1
70 9 1
70 12 -1
70 14 -1
70 22 1
70 24 1
70 25 1
70 26 -1
70 29 1
70 30 1
70 33 1
70 35 1
70 37 -1
70 39 -1
70 40 -1
70 43 -1
70 44 -1
70 45 1
70 47 1
70 51 -1
70 53 1
70 54 1
70 56 -1
70 57 -1
70 58 1
70 60 1
70 62 1
70 67 -1
70 69 -1
70 73 -1
70 75 1
70 77 1
70 78 -1
70 79 -1
70 81 -1
70 83 -1
70 84 1
70 85 1
70 86 1
70 87 1
70 88 1
70 89 1
70 92 -1
70 96 -1
70 97 1
70 101 -1
70 103 -1
70 107 -1
70 109 1
70 110 1
70 113 1
70 114 1
70 124 1
70 125 -1
70 126 -1
70 128 1
70 130 -1
71 1 1
71 4 1
71 9 1
71 12 -1
71 14 1
71 17 1
71 18 -1
71 19 -1
71 21 -1
71 23 -1
71 24 1
71 26 -1
71 27 1
71 29 -1
71 31 -1
71 33 1
71 34 1
71 35 1
71 37 1
71 38 -1
71 39 -1
71 43 1
71 45 1
71 46 1
71 52 1
71 53 1
71 54 1
71 55 1
71 56 1
71 58 1
71 60 -1
71 64 -1
71 65 1
71 66 -1
71 67 1
71 69 1
71 70 -1
71 73 1
71 75 1
71 76 1
71 78 -1
71 80 1
71 81 -1
71 82 1
71 83 -1
71 84 -1
71 85 -1
71 86 -1
71 87 1
71 88 1
71 89 -1
71 97 1
71 100 1
71 102 1
71 103 1
71 106 -1
71 107 -1
71 108 1
71 109 -1
71 110 1
71 113 1
71 115 -1
71 119 1
71 120 -1
71 122 1
71 123 -1
71 124 -1
71 125 -1
71 126 1
71 127 1
71 128 1
71 129 1
72 1 1
72 2 -1
72 3 -1
72 7 -1
72 9 -1
72 11 -1
72 12 1
72 13 1
72 21 -1
72 22 1
72 23 1
72 24 -1
72 25 1
72 27 1
72 29 -1
72 31 1
72 32 1
72 34 -1
72 35 1
72 36 -1
72 38 1
72 40 -1
72 41 -1
72 42 -1
72 45 1
72 47 1
72 49 -1
72 50 -1
72 51 1
72 53 1
72 54 1
72 56 1
72 57 1
72 64 -1
72 68 1
72 69 1
72 70 1
72 71 1
72 76 1
72 77 -1
72 79 -1
72 80 1
72 82 1
72 86 -1
72 88 1
72 90 1
72 91 1
72 96 -1
72 100 -1
72 102 1
72 108 1
72 110 -1
72 111 -1
72 112 1
72 113 1
72 114 1
72 115 1
72 121 -1
72 122 1
72 123 -1
72 126 -1
72 127 -1
72 128 1
72 130 -1
73 1 1
73 5 -1
73 8 -1
73 10 -1
73 11 1
73 12 -1
73 14 1
73 16 1
73 19 1
73 22 1
73 26 1
73 28 1
73 29 -1
73 30 1
73 32 1
73 35 1
73 36 -1
73 38 -1
73 39 1
73 40 1
73 42 1
73 44 -1
73 45 -1
73 47 -1
73 53 1
73 54 1
73 56 -1
73 59 -1
73 68 1
73 69 1
73 72 -1
73 75 1
73 76 1
73 78 1
73 81 1
73 82 1
73 83 -1
73 86 1
73 91 -1
73 93 -1
73 95 1
73 97 1
73 98 1
73 101 1
73 103 -1
73 104 -1
73 105 -1
73 106 1
73 107 -1
73 108 -1
73 109 -1
73 110 1
73 114 1
73 115 -1
73 117 1
73 120 -1
73 121 1
73 123 1
73 124 -1
73 127 1
73 128 1
74 3 1
74 5 -1
74 9 -1
74 11 1
74 13 -1
74 17 1
74 19 -1
74 20 -1
74 21 1
74 23 -1
74 24 -1
74 25 -1
74 26 -1
74 27 1
74 28 1
74 29 -1
74 30 1
74 33 -1
74 35 -1
74 36 1
74 37 1
74 40 1
74 42 -1
74 43 1
74 44 1
74 45 1
74 47 -1
74 48 1
74 49 1
74 54 -1
74 56 -1
74 57 -1
74 58 1
74 59 1
74 61 -1
74 65 -1
74 67 -1
74 69 -1
74 70 1
74 71 -1
74 72 1
74 73 1
74 76 1
74 78 -1
74 79 -1
74 81 -1
74 82 -1
74 83 1
74 85 -1
74 86 -1
74 88 1
74 93 1
74 94 -1
74 95 -1
74 98 -1
74 99 1
74 101 -1
74 102 1
74 103 -1
74 105 1
74 106 -1
74 107 -1
74 108 -1
74 110 -1
74 111 1
74 113 1
74 114 -1
74 116 1
74 117 1
74 119 1
74 121 -1
74 123 -1
74 124 -1
74 126 1
74 128 -1
74 130 -1
75 1 1
75 2 -1
75 7 1
75 10 1
75 11 -1
75 12 -1
75 13 1
75 17 -1
75 19 -1
75 20 -1
75 23 -1
75 24 1
75 25 -1
75 29 -1
75 31 -1
75 32 -1
75 33 -1
75 35 1
75 39 -1
75 41 -1
75 45 1
75 46 1
75 47 1
75 48 -1
75 50 -1
75 51 -1
75 53 -1
75 55 1
75 56 -1
75 57 1
75 58 1
75 60 -1
75 61 -1
75 65 1
75 67 -1
75 72 1
75 74 1
75 76 -1
75 77 1
75 79 1
75 81 1
75 82 -1
75 83 1
75 84 1
75 86 1
75 87 1
75 90 1
75 92 -1
75 93 -1
75 94 1
75 96 -1
75 97 -1
75 98 1
75 100 -1
75 101 1
75 102 1
75 103 -1
75 104 1
75 107 1
75 111 1
75 114 1
75 116 -1
75 118 -1
75 119 -1
75 122 1
75 123 1
75 124 1
75 127 -1
75 128 1
75 129 1
76 3 1
76 6 -1
76 7 -1
76 8 -1
76 10 -1
76 11 1
76 12 -1
76 19 1
76 20 -1
76 23 -1
76 27 1
76 28 -1
76 30 -1
76 31 -1
76 32 1
76 33 1
76 34 1
76 37 1
76 39 -1
76 40 -1
76 44 1
76 45 1
76 46 -1
76 49 1
76 50 -1
76 52 -1
76 53 -1
76 56 -1
76 57 1
76 58 1
76 59 -1
76 60 -1
76 61 1
76 64 -1
76 65 1
76 70 1
76 77 1
76 78 -1
76 79 1
76 81 -1
76 83 -1
76 90 1
76 92 -1
76 94 1
76 96 1
76 98 1
76 100 -1
76 103 1
76 109 -1
76 111 -1
76 113 -1
76 116 -1
76 118 1
76 119 -1
76 120 -1
76 124 1
76 125 -1
76 126 1
76 127 1
77 4 1
77 5 -1
77 6 -1
77 10 1
77 11 1
77 13 -1
77 14 1
77 15 -1
77 16 -1
77 17 -1
77 20 -1
77 21 -1
77 24 1
77 25 -1
77 26 -1
77 27 1
77 28 1
77 29 1
77 30 -1
77 31 1
77 33 -1
77 34 1
77 36 -1
77 39 1
77 40 1
77 45 1
77 47 1
77 50 1
77 52 1
77 54 1
77 56 -1
77 59 1
77 69 1
77 71 1
77 73 -1
77 74 -1
77 84 1
77 85 -1
77 86 -1
77 87 1
77 90 1
77 92 1
77 93 -1
77 94 1
77 96 1
77 99 -1
77 101 1
77 102 1
77 103 1
77 105 -1
77 106 1
77 108 1
77 109 1
77 111 1
77 114 1
77 118 -1
77 121 -1
77 122 1
77 124 1
77 129 -1
77 130 -1
78 3 1
78 4 1
78 5 1
78 6 1
78 7 1
78 10 1
78 14 -1
78 15 -1
78 16 1
78 21 -1
78 23 -1
78 24 1
78 26 -1
78 28 1
78 29 1
78 30 1
78 32 1
78 33 1
78 34 -1
78 36 1
78 38 1
78 40 -1
78 42 1
78 44 1
78 47 -1
78 49 -1
78 50 -1
78 51 1
78 54 -1
78 55 1
78 58 1
78 60 1
78 61 1
78 63 -1
78 64 1
78 65 1
78 66 1
78 67 1
78 72 1
78 75 1
78 77 -1
78 79 1
78 80 1
78 83 1
78 84 1
78 86 1
78 90 1
78 91 1
78 92 1
78 93 -1
78 99 1
78 102 1
78 105 1
78 106 1
78 107 1
78 108 -1
78 112 -1
78 113 -1
78 114 -1
78 115 1
78 116 1
78 119 -1
78 120 1
78 127 1
78 129 -1
79 1 -1
79 3 1
79 8 1
79 9 -1
79 10 -1
79 12 -1
79 14 1
79 17 1
79 18 -1
79 22 1
79 23 1
79 27 -1
79 32 -1
79 36 -1
79 37 -1
79 39 -1
79 42 1
79 43 1
79 44 1
79 45 1
79 46 1
79 50 1
79 51 1
79 54 -1
79 55 -1
79 61 1
79 62 -1
79 64 -1
79 65 -1
79 67 1
79 68 1
79 69 1
79 71 -1
79 73 1
79 77 1
79 81 1
79 82 1
79 83 -1
79 84 1
79 85 -1
79 87 -1
79 89 -1
79 90 1
79 91 -1
79 92 -1
79 94 -1
79 95 1
79 97 1
79 100 1
79 102 1
79 104 1
79 105 1
79 106 1
79 107 1
79 111 -1
79 115 -1
79 116 1
79 118 -1
79 120 -1
79 121 1
79 123 -1
79 124 -1
79 128 1
79 129 -1
80 2 1
80 3 1
80 4 1
80 7 -1
80 12 1
80 14 1
80 18 -1
80 19 1
80 22 -1
80 25 1
80 26 -1
80 29 1
80 30 1
80 33 -1
80 35 1
80 39 1
80 41 -1
80 44 1
80 48 -1
80 50 1
80 52 1
80 54 1
80 55 1
80 57 -1
80 58 -1
80 59 1
80 60 -1
80 62 1
80 63 1
80 66 -1
80 68 -1
80 70 1
80 73 -1
80 74 1
80 75 1
80 76 1
80 77 1
80 79 1
80 81 1
80 82 -1
80 84 1
80 85 1
80 87 -1
80 90 -1
80 91 -1
80 92 -1
80 95 -1
80 102 -1
80 108 -1
80 109 -1
80 110 1
80 113 1
80 121 1
80 122 -1
80 124 -1
80 125 1
80 126 -1
80 127 1
80 130 -1
81 1 -1
81 2 1
81 3 -1
81 6 1
81 7 -1
81 8 -1
81 12 -1
81 15 -1
81 17 1
81 18 1
81 23 -1
81 24 1
81 29 -1
81 30 -1
81 32 -1
81 38 -1
81 40 1
81 42 -1
81 47 1
81 48 1
81 49 -1
81 51 -1
81 52 -1
81 53 -1
81 54 -1
81 56 -1
81 59 -1
81 60 1
81 61 -1
81 62 -1
81 63 1
81 64 -1
81 67 1
81 72 1
81 77 -1
81 78 1
81 83 -1
81 84 -1
81 85 -1
81 87 1
81 92 -1
81 97 1
81 98 -1
81 100 1
81 101 1
81 102 1
81 104 1
81 105 1
81 106 -1
81 111 1
81 113 -1
81 114 1
81 115 1
81 118 1
81 119 1
81 121 1
81 122 -1
81 129 -1
82 4 -1
82 8 1
82 9 1
82 10 -1
82 14 -1
82 15 1
82 16 1
82 18 -1
82 21 1
82 22 1
82 24 -1
82 30 -1
82 31 1
82 32 1
82 34 -1
82 35 1
82 39 -1
82 41 1
82 42 -1
82 43 1
82 47 -1
82 49 1
82 50 -1
82 51 1
82 53 1
82 57 -1
82 58 -1
82 60 1
82 61 -1
82 63 -1
82 64 -1
82 65 1
82 67 -1
82 68 1
82 69 1
82 70 1
82 76 -1
82 77 1
82 78 -1
82 81 1
82 83 -1
82 84 1
82 86 -1
82 88 1
82 90 -1
82 91 -1
82 92 -1
82 95 -1
82 96 -1
82 99 1
82 101 1
82 102 -1
82 103 1
82 106 1
82 112 1
82 116 1
82 117 -1
82 119 -1
82 123 1
82 124 -1
82 128 -1
82 129 1
82 130 1
83 1 1
83 2 -1
83 3 1
83 5 1
83 10 -1
83 12 1
83 13 -1
83 15 1
83 17 1
83 20 1
83 22 -1
83 25 1
83 29 1
83 30 1
83 31 1
83 32 1
83 33 1
83 34 -1
83 40 1
83 41 -1
83 43 -1
83 44 -1
83 46 -1
83 47 1
83 49 1
83 51 -1
83 54 -1
83 58 -1
83 62 1
83 63 -1
83 65 -1
83 66 1
83 72 1
83 77 -1
83 80 -1
83 84 1
83 87 -1
83 90 -1
83 91 -1
83 92 1
83 93 1
83 96 1
83 97 -1
83 98 1
83 100 -1
83 102 -1
83 103 -1
83 104 -1
83 106 -1
83 107 -1
83 108 1
83 109 -1
83 110 1
83 113 1
83 116 -1
83 117 1
83 118 -1
83 122 1
83 124 -1
83 125 1
83 127 1
83 128 -1
83 130 1
84 1 1
84 3 -1
84 4 -1
84 5 -1
84 6 1
84 7 1
84 8 -1
84 9 1
84 12 1
84 20 -1
84 21 -1
84 22 -1
84 23 1
84 26 -1
84 27 -1
84 29 -1
84 36 1
84 42 1
84 45 -1
84 50 1
84 52 -1
84 55 1
84 57 -1
84 59 1
84 62 1
84 63 1
84 66 -1
84 68 1
84 69 1
84 72 1
84 73 -1
84 74 1
84 76 1
84 88 1
84 89 1
84 92 1
84 95 -1
84 96 1
84 99 -1
84 103 1
84 104 1
84 105 -1
84 107 -1
84 108 1
84 109 -1
84 115 -1
84 116 -1
84 121 -1
84 123 -1
84 124 1
84 127 -1
84 128 -1
84 130 1
85 1 1
85 2 -1
85 3 1
85 5 -1
85 6 -1
85 7 -1
85 8 -1
85 9 -1
85 11 -1
85 16 -1
85 17 -1
85 18 1
85 19 1
85 21 1
85 22 1
85 24 1
85 25 1
85 26 1
85 29 -1
85 35 1
85 36 1
85 37 1
85 41 -1
85 45 1
85 46 -1
85 50 1
85 51 -1
85 53 1
85 54 1
85 56 -1
85 60 1
85 62 1
85 64 -1
85 65 -1
85 69 -1
85 72 -1
85 73 1
85 75 -1
85 76 -1
85 78 -1
85 82 -1
85 83 -1
85 84 1
85 89 1
85 90 -1
85 91 1
85 92 -1
85 94 1
85 95 1
85 96 -1
85 97 -1
85 103 1
85 107 -1
85 108 1
85 111 -1
85 114 -1
85 115 1
85 117 1
85 128 1
85 130 1
86 1 -1
86 4 1
86 10 1
86 14 1
86 16 1
86 18 1
86 22 -1
86 23 -1
86 24 1
86 28 1
86 30 1
86 32 -1
86 35 -1
86 36 1
86 37 1
86 38 1
86 39 1
86 40 -1
86 41 -1
86 43 -1
86 44 1
86 45 -1
86 48 1
86 56 1
86 57 1
86 59 1
86 61 1
86 62 -1
86 63 1
86 64 1
86 66 -1
86 68 -1
86 69 -1
86 76 -1
86 79 1
86 80 1
86 81 1
86 83 1
86 84 1
86 85 1
86 87 1
86 88 1
86 90 -1
86 91 1
86 93 1
86 95 -1
86 99 -1
86 100 1
86 101 1
86 104 -1
86 107 -1
86 110 1
86 111 1
86 113 -1
86 114 -1
86 115 -1
86 116 -1
86 117 -1
86 120 1
86 121 1
86 123 1
86 124 1
86 125 -1
86 126 -1
86 128 -1
86 130 1
87 1 1
87 2 1
87 4 -1
87 7 1
87 8 -1
87 10 -1
87 12 1
87 16 -1
87 18 1
87 21 1
87 26 1
87 29 -1
87 30 1
87 31 1
87 32 -1
87 33 -1
87 36 1
87 37 -1
87 40 1
87 41 -1
87 42 1
87 45 -1
87 47 -1
87 49 1
87 50 1
87 53 -1
87 56 1
87 59 1
87 63 -1
87 66 1
87 67 1
87 69 1
87 72 1
87 73 1
87 74 -1
87 76 -1
87 78 1
87 82 -1
87 84 -1
87 85 1
87 88 1
87 89 -1
87 90 1
87 93 -1
87 94 -1
87 97 -1
87 101 1
87 105 1
87 106 1
87 107 -1
87 111 1
87 112 1
87 113 -1
87 117 1
87 118 1
87 119 1
87 125 1
87 126 -1
87 130 -1
88 4 -1
88 5 -1
88 6 1
88 9 1
88 11 -1
88 12 -1
88 13 -1
88 14 1
88 16 -1
88 19 1
88 20 -1
88 21 -1
88 22 -1
88 24 1
88 25 -1
88 27 -1
88 29 1
88 32 -1
88 33 -1
88 34 -1
88 35 1
88 37 -1
88 42 1
88 44 1
88 46 1
88 47 -1
88 48 -1
88 50 1
88 51 1
88 52 -1
88 54 1
88 57 -1
88 59 -1
88 60 1
88 61 -1
88 65 -1
88 66 -1
88 68 -1
88 69 1
88 73 1
88 75 1
88 76 1
88 77 -1
88 78 1
88 79 -1
88 80 -1
88 81 1
88 83 1
88 85 -1
88 89 1
88 90 -1
88 93 -1
88 95 -1
88 96 -1
88 97 -1
88 99 1
88 101 -1
88 102 1
88 104 1
88 105 1
88 106 1
88 107 -1
88 108 1
88 109 -1
88 110 1
88 113 1
88 114 1
88 117 -1
88 119 -1
88 120 1
88 123 1
88 124 1
88 125 -1
88 126 -1
88 127 1
88 130 -1
89 1 1
89 5 1
89 10 1
89 13 -1
89 17 -1
89 18 1
89 19 -1
89 21 1
89 23 1
89 25 -1
89 27 -1
89 29 -1
89 30 -1
89 39 1
89 40 1
89 43 -1
89 44 1
89 45 -1
89 46 1
89 47 -1
89 50 1
89 51 1
89 55 1
89 56 1
89 58 -1
89 59 1
89 60 1
89 62 1
89 63 1
89 66 -1
89 67 -1
89 72 1
89 73 -1
89 74 1
89 75 -1
89 76 1
89 77 1
89 78 -1
89 80 -1
89 81 -1
89 82 1
89 83 -1
89 86 1
89 91 -1
89 92 1
89 93 -1
89 94 -1
89 95 -1
89 97 1
89 100 -1
89 108 -1
89 109 1
89 110 1
89 111 -1
89 112 -1
89 113 -1
89 114 1
89 115 1
89 117 1
89 127 1
89 130 -1
90 2 -1
90 3 1
90 4 -1
90 5 1
90 6 -1
90 7 1
90 9 -1
90 11 1
90 14 1
90 16 -1
90 17 1
90 21 -1
90 25 -1
90 26 1
90 31 1
90 32 -1
90 33 1
90 34 -1
90 38 1
90 40 1
90 41 1
90 43 1
90 44 1
90 46 -1
90 48 1
90 50 -1
90 52 -1
90 58 -1
90 65 -1
90 66 1
90 69 1
90 70 1
90 71 1
90 73 1
90 74 1
90 81 1
90 84 -1
90 89 -1
90 91 1
90 92 -1
90 93 -1
90 95 -1
90 96 1
90 100 -1
90 103 1
90 105 1
90 107 1
90 109 -1
90 110 1
90 111 -1
90 115 -1
90 116 -1
90 119 1
90 123 1
90 125 1
90 126 1
90 127 1
90 128 -1
90 130 1
91 1 -1
91 2 -1
91 3 -1
91 6 -1
91 7 1
91 8 -1
91 9 -1
91 10 -1
91 11 1
91 13 1
91 15 -1
91 16 1
91 25 1
91 26 1
91 28 -1
91 32 -1
91 33 -1
91 34 1
91 35 -1
91 36 1
91 39 -1
91 42 1
91 45 1
91 48 -1
91 50 1
91 52 1
91 53 -1
91 57 1
91 64 -1
91 65 -1
91 70 -1
91 71 1
91 74 1
91 75 1
91 76 1
91 77 1
91 81 -1
91 84 1
91 87 -1
91 88 -1
91 93 1
91 95 1
91 96 1
91 98 1
91 101 -1
91 102 1
91 106 1
91 108 1
91 110 1
91 111 1
91 113 1
91 114 1
91 115 -1
91 116 -1
91 118 1
91 120 -1
91 122 1
91 124 1
91 125 -1
91 126 -1
91 129 -1
91 130 1
92 1 -1
92 2 1
92 3 -1
92 6 1
92 7 1
92 10 -1
92 13 -1
92 17 -1
92 18 1
92 19 1
92 22 1
92 29 1
92 31 1
92 33 1
92 34 1
92 39 -1
92 40 1
92 41 1
92 42 -1
92 43 1
92 44 -1
92 45 1
92 47 1
92 49 1
92 50 1
92 52 1
92 54 -1
92 56 1
92 57 -1
92 61 1
92 62 1
92 63 -1
92 64 1
92 65 -1
92 67 1
92 68 1
92 69 -1
92 71 -1
92 72 1
92 73 1
92 74 -1
92 86 -1
92 87 -1
92 88 -1
92 91 -1
92 94 -1
92 95 -1
92 96 -1
92 97 -1
92 101 1
92 102 -1
92 103 1
92 104 1
92 105 1
92 106 -1
92 107 1
92 109 -1
92 113 -1
92 114 -1
92 115 -1
92 118 1
92 119 -1
92 122 -1
92 124 1
92 126 1
92 127 -1
92 128 -1
92 129 -1
92 130 -1
93 2 1
93 4 1
93 7 1
93 9 -1
93 11 -1
93 13 1
93 15 1
93 18 1
93 21 -1
93 22 1
93 25 -1
93 30 -1
93 31 -1
93 32 -1
93 36 -1
93 37 1
93 39 -1
93 40 -1
93 43 -1
93 45 -1
93 48 1
93 50 -1
93 53 -1
93 54 -1
93 55 -1
93 56 -1
93 58 1
93 59 1
93 62 -1
93 64 1
93 70 1
93 71 1
93 72 -1
93 76 -1
93 79 1
93 80 1
93 81 -1
93 82 1
93 84 1
93 85 -1
93 92 1
93 94 1
93 96 1
93 100 -1
93 101 1
93 102 1
93 104 -1
93 105 -1
93 107 -1
93 108 1
93 112 1
93 114 1
93 118 1
93 119 1
93 121 1
93 122 -1
93 125 1
93 126 1
93 127 1
93 130 1
94 1 -1
94 2 1
94 3 -1
94 4 -1
94 5 -1
94 6 1
94 12 -1
94 14 -1
94 15 -1
94 16 -1
94 17 -1
94 19 1
94 20 -1
94 21 1
94 24 -1
94 27 1
94 29 1
94 32 1
94 36 1
94 39 -1
94 40 1
94 41 -1
94 43 -1
94 45 -1
94 48 1
94 50 1
94 52 -1
94 53 1
94 54 -1
94 55 1
94 58 -1
94 60 1
94 61 1
94 63 1
94 65 -1
94 66 1
94 68 -1
94 70 -1
94 71 -1
94 72 1
94 73 1
94 78 1
94 80 1
94 81 1
94 82 1
94 83 -1
94 84 1
94 86 -1
94 88 -1
94 90 -1
94 91 1
94 98 -1
94 100 -1
94 101 1
94 104 -1
94 105 1
94 106 1
94 107 1
94 108 -1
94 110 1
94 111 -1
94 113 1
94 116 -1
94 118 1
94 120 1
94 121 -1
94 123 -1
94 124 1
94 125 1
94 126 1
94 128 1
94 129 1
95 2 1
95 3 -1
95 5 -1
95 6 1
95 7 -1
95 11 1
95 17 -1
95 22 -1
95 24 1
95 25 1
95 26 1
95 27 -1
95 29 1
95 30 1
95 33 -1
95 36 -1
95 38 -1
95 45 1
95 46 1
95 52 1
95 53 1
95 54 -1
95 56 -1
95 57 -1
95 58 -1
95 60 -1
95 61 -1
95 63 1
95 64 -1
95 70 -1
95 71 -1
95 72 -1
95 75 -1
95 76 -1
95 77 -1
95 78 1
95 81 1
95 83 -1
95 87 1
95 93 1
95 94 -1
95 96 -1
95 99 1
95 100 1
95 101 1
95 103 -1
95 104 1
95 105 1
95 109 -1
95 110 -1
95 113 -1
95 117 -1
95 119 1
95 120 1
95 122 1
95 125 1
95 128 1
96 1 -1
96 4 1
96 6 -1
96 8 -1
96 10 -1
96 15 -1
96 17 1
96 18 1
96 19 1
96 22 -1
96 24 1
96 27 -1
96 29 1
96 34 -1
96 35 -1
96 37 -1
96 40 1
96 41 1
96 42 1
96 44 -1
96 47 -1
96 48 -1
96 51 1
96 57 -1
96 61 1
96 62 1
96 71 1
96 73 1
96 74 1
96 78 -1
96 79 -1
96 80 1
96 81 -1
96 86 1
96 87 1
96 89 1
96 94 1
96 98 1
96 99 -1
96 103 1
96 105 -1
96 107 1
96 109 1
96 111 1
96 112 -1
96 114 -1
96 115 -1
96 118 -1
96 123 -1
96 124 -1
96 125 1
96 127 1
96 128 1
96 130 1
97 2 -1
97 3 1
97 4 -1
97 6 -1
97 7 1
97 9 -1
97 15 -1
97 16 1
97 18 1
97 22 -1
97 23 1
97 25 -1
97 26 -1
97 34 1
97 35 -1
97 36 1
97 39 -1
97 42 -1
97 47 -1
97 51 1
97 53 1
97 54 1
97 57 -1
97 60 1
97 63 -1
97 64 1
97 69 -1
97 72 1
97 74 1
97 76 -1
97 77 -1
97 78 1
97 80 1
97 82 1
97 84 1
97 86 -1
97 90 1
97 91 1
97 93 -1
97 94 -1
97 95 -1
97 96 1
97 98 1
97 99 1
97 100 1
97 101 -1
97 102 1
97 104 -1
97 105 1
97 106 -1
97 107 -1
97 108 1
97 109 1
97 110 1
97 111 1
97 116 1
97 118 1
97 121 -1
97 122 -1
97 124 -1
97 127 -1
97 128 1
97 129 -1
98 2 1
98 3 1
98 4 -1
98 5 1
98 6 1
98 7 1
98 9 1
98 10 1
98 13 -1
98 15 -1
98 17 1
98 19 -1
98 20 1
98 23 1
98 27 1
98 30 1
98 34 1
98 35 -1
98 37 -1
98 39 -1
98 40 1
98 42 1
98 43 1
98 45 1
98 46 1
98 47 -1
98 49 1
98 51 -1
98 55 1
98 58 1
98 61 1
98 62 -1
98 63 1
98 65 1
98 67 -1
98 68 1
98 70 1
98 71 1
98 72 -1
98 77 1
98 78 1
98 79 -1
98 80 -1
98 82 1
98 84 1
98 85 1
98 86 1
98 87 1
98 88 1
98 89 -1
98 90 -1
98 92 -1
98 93 -1
98 95 1
98 99 1
98 103 1
98 106 1
98 107 -1
98 109 -1
98 114 1
98 119 -1
98 120 1
98 122 -1
98 123 1
98 124 1
98 125 1
98 126 1
98 129 -1
98 130 -1
99 2 -1
99 3 -1
99 9 1
99 12 1
99 13 1
99 14 -1
99 16 -1
99 18 -1
99 19 1
99 20 -1
99 22 -1
99 23 -1
99 24 1
99 28 1
99 30 1
99 32 1
99 35 -1
99 38 1
99 44 -1
99 47 1
99 48 -1
99 50 -1
99 51 -1
99 53 -1
99 57 1
99 62 1
99 63 1
99 64 -1
99 66 1
99 67 -1
99 69 -1
99 70 1
99 71 -1
99 72 1
99 73 -1
99 75 -1
99 76 -1
99 79 -1
99 80 1
99 81 1
99 83 1
99 85 1
99 87 1
99 89 -1
99 90 1
99 91 1
99 92 1
99 93 1
99 94 1
99 100 1
99 103 -1
99 106 1
99 107 1
99 108 -1
99 109 -1
99 111 1
99 112 1
99 114 -1
99 115 1
99 117 1
99 118 -1
99 123 1
99 124 -1
99 126 -1
99 127 1
99 129 -1
100 1 1
100 3 1
100 4 1
100 6 -1
100 7 1
100 9 1
100 10 1
100 11 1
100 12 -1
100 13 -1
100 14 -1
100 17 -1
100 18 1
100 19 1
100 20 1
100 21 1
100 23 -1
100 25 -1
100 27 -1
100 29 -1
100 30 1
100 32 -1
100 33 1
100 35 1
100 36 1
100 38 1
100 43 -1
100 45 1
100 47 1
100 49 1
100 53 1
100 55 1
100 59 1
100 60 1
100 61 -1
100 62 -1
100 63 -1
100 64 -1
100 66 -1
100 67 -1
100 68 1
100 70 -1
100 73 -1
100 74 -1
100 77 -1
100 78 -1
100 80 -1
100 82 1
100 84 1
100 85 1
100 87 -1
100 88 -1
100 91 1
100 92 -1
100 96 1
100 98 1
100 103 1
100 104 -1
100 105 1
100 107 -1
100 109 -1
100 111 1
100 112 -1
100 114 1
100 115 -1
100 116 1
100 117 -1
100 119 1
100 120 -1
100 121 1
100 123 -1
100 126 1
100 127 1
100 129 -1
101 3 1
101 4 -1
101 5 -1
101 9 1
101 11 -1
101 13 -1
101 14 -1
101 16 -1
101 17 1
101 18 -1
101 21 1
101 22 1
101 30 1
101 31 1
101 32 -1
101 34 -1
101 39 -1
101 45 1
101 46 -1
101 48 -1
101 49 1
101 53 -1
101 54 1
101 55 1
101 56 1
101 57 -1
101 59 1
101 60 1
101 61 -1
101 63 -1
101 66 -1
101 69 1
101 71 -1
101 72 -1
101 76 1
101 78 -1
101 79 1
101 80 1
101 83 1
101 84 1
101 85 1
101 89 1
101 90 1
101 96 1
101 98 -1
101 99 -1
101 100 -1
101 104 1
101 108 1
101 109 -1
101 110 -1
101 116 -1
101 118 -1
101 121 1
101 122 -1
101 124 -1
101 125 -1
101 126 -1
101 128 -1
101 129 -1
102 2 -1
102 3 1
102 6 -1
102 7 1
102 9 1
102 11 1
102 13 1
102 14 -1
102 16 1
102 17 1
102 18 1
102 20 -1
102 21 -1
102 23 -1
102 25 1
102 26 -1
102 27 -1
102 28 -1
102 30 -1
102 31 -1
102 32 1
102 33 -1
102 34 -1
102 36 1
102 39 -1
102 47 1
102 50 -1
102 52 1
102 54 -1
102 56 -1
102 57 -1
102 59 -1
102 60 1
102 63 1
102 65 -1
102 68 -1
102 69 1
102 70 1
102 73 -1
102 76 1
102 84 -1
102 85 1
102 86 -1
102 87 1
102 89 1
102 90 1
102 94 1
102 95 -1
102 96 -1
102 98 -1
102 99 -1
102 100 1
102 101 -1
102 104 -1
102 105 1
102 106 -1
102 109 1
102 110 -1
102 116 1
102 117 -1
102 118 1
102 119 -1
102 122 1
102 123 1
102 124 -1
102 126 -1
103 1 -1
103 5 1
103 7 -1
103 8 1
103 10 1
103 11 1
103 14 -1
103 17 -1
103 20 -1
103 21 -1
103 24 1
103 27 1
103 28 -1
103 31 -1
103 32 1
103 33 1
103 34 -1
103 35 -1
103 37 -1
103 38 -1
103 40 1
103 41 1
103 43 -1
103 44 1
103 50 1
103 52 1
103 53 1
103 54 -1
103 55 1
103 57 -1
103 59 1
103 64 -1
103 72 -1
103 78 -1
103 79 -1
103 80 1
103 81 -1
103 86 1
103 87 1
103 88 -1
103 89 1
103 91 -1
103 93 -1
103 94 -1
103 97 -1
103 101 -1
103 102 -1
103 105 -1
103 109 -1
103 111 -1
103 112 1
103 114 -1
103 117 1
103 119 1
103 120 -1
103 122 -1
103 123 -1
103 126 1
104 1 1
104 2 -1
104 3 1
104 4 -1
104 6 -1
104 7 1
104 10 -1
104 12 1
104 16 1
104 17 -1
104 18 -1
104 19 1
104 23 -1
104 24 1
104 25 -1
104 26 1
104 27 1
104 28 1
104 29 1
104 30 1
104 31 1
104 32 1
104 36 -1
104 37 1
104 38 1
104 42 -1
104 45 1
104 46 -1
104 47 -1
104 48 1
104 51 1
104 54 -1
104 55 -1
104 58 -1
104 59 1
104 61 1
104 62 1
104 67 -1
104 70 1
104 71 -1
104 72 1
104 74 1
104 76 -1
104 77 1
104 78 1
104 80 1
104 82 1
104 85 -1
104 87 1
104 89 -1
104 90 -1
104 91 1
104 96 -1
104 98 1
104 99 -1
104 103 -1
104 105 1
104 114 1
104 115 -1
104 116 1
104 117 1
104 119 1
104 121 -1
104 123 -1
104 125 -1
104 126 1
104 128 -1
104 129 1
105 2 1
105 3 -1
105 8 -1
105 9 1
105 10 -1
105 12 1
105 13 1
105 14 -1
105 15 1
105 17 -1
105 19 -1
105 22 -1
105 23 -1
105 24 -1
105 25 -1
105 28 1
105 29 -1
105 30 1
105 32 -1
105 34 -1
105 35 -1
105 37 -1
105 39 -1
105 41 -1
105 43 -1
105 44 -1
105 46 1
105 48 -1
105 50 1
105 51 -1
105 53 1
105 54 1
105 56 -1
105 57 1
105 58 -1
105 59 1
105 60 1
105 61 1
105 64 -1
105 68 1
105 69 1
105 70 -1
105 71 1
105 72 -1
105 75 -1
105 76 -1
105 80 1
105 82 1
105 83 1
105 85 1
105 86 1
105 89 1
105 91 -1
105 98 -1
105 99 -1
105 101 -1
105 107 1
105 109 -1
105 110 -1
105 111 1
105 114 -1
105 115 1
105 116 1
105 117 -1
105 120 -1
105 123 -1
105 124 1
105 125 -1
105 126 -1
105 127 -1
105 129 -1
106 1 1
106 2 1
106 3 1
106 5 1
106 6 1
106 10 1
106 11 1
106 13 -1
106 15 1
106 16 -1
106 17 -1
106 22 1
106 24 1
106 25 -1
106 26 -1
106 27 1
106 28 1
106 29 1
106 31 1
106 32 1
106 36 1
106 38 -1
106 39 -1
106 45 -1
106 46 1
106 49 -1
106 54 -1
106 56 1
106 65 1
106 66 1
106 67 1
106 68 1
106 70 1
106 72 1
106 75 1
106 76 1
106 80 -1
106 84 1
106 85 -1
106 86 1
106 89 -1
106 90 -1
106 93 -1
106 95 1
106 96 1
106 100 1
106 101 1
106 103 -1
106 104 1
106 105 1
106 107 1
106 108 -1
106 109 1
106 110 1
106 111 1
106 112 -1
106 114 1
106 115 -1
106 117 1
106 118 1
106 123 -1
106 124 -1
106 125 1
107 1 1
107 2 1
107 3 1
107 6 1
107 8 -1
107 9 1
107 12 1
107 14 1
107 15 -1
107 19 -1
107 21 1
107 22 -1
107 24 1
107 27 -1
107 29 1
107 31 -1
107 36 1
107 37 -1
107 38 -1
107 39 -1
107 43 -1
107 46 -1
107 47 -1
107 49 1
107 50 -1
107 55 1
107 57 -1
107 60 1
107 61 1
107 62 -1
107 64 -1
107 67 -1
107 68 1
107 69 -1
107 72 1
107 76 1
107 77 -1
107 80 -1
107 81 1
107 82 1
107 89 1
107 91 -1
107 95 1
107 101 1
107 102 -1
107 103 -1
107 104 1
107 108 1
107 109 1
107 110 1
107 111 -1
107 114 -1
107 117 -1
107 118 1
107 120 1
107 121 1
107 124 -1
107 125 1
107 126 1
107 127 -1
108 1 -1
108 2 1
108 3 -1
108 6 1
108 7 -1
108 9 -1
108 14 1
108 15 -1
108 19 -1
108 20 -1
108 21 -1
108 22 -1
108 26 -1
108 27 -1
108 28 1
108 29 1
108 30 -1
108 32 1
108 33 -1
108 39 1
108 40 -1
108 44 -1
108 45 -1
108 46 1
108 48 1
108 49 -1
108 51 1
108 53 -1
108 54 1
108 55 1
108 56 1
108 57 -1
108 58 1
108 59 -1
108 60 -1
108 63 1
108 66 1
108 69 1
108 70 -1
108 75 -1
108 76 1
108 79 -1
108 81 1
108 82 1
108 86 -1
108 87 -1
108 90 -1
108 92 -1
108 95 -1
108 96 -1
108 98 -1
108 100 1
108 102 -1
108 103 -1
108 104 1
108 105 -1
108 109 1
108 115 -1
108 116 1
108 118 -1
108 120 -1
108 122 1
108 123 -1
108 124 1
108 129 1
108 130 -1
109 1 -1
109 6 -1
109 7 1
109 10 1
109 11 -1
109 15 -1
109 17 1
109 18 -1
109 20 1
109 21 -1
109 23 -1
109 25 1
109 27 1
109 28 1
109 30 1
109 35 1
109 37 1
109 38 1
109 39 -1
109 41 -1
109 46 -1
109 47 1
109 49 -1
109 52 1
109 53 -1
109 54 1
109 55 -1
109 57 1
109 58 -1
109 62 -1
109 66 -1
109 67 -1
109 68 1
109 69 -1
109 72 1
109 74 1
109 75 -1
109 78 1
109 79 1
109 81 -1
109 82 1
109 85 -1
109 86 -1
109 87 1
109 91 -1
109 93 1
109 94 1
109 104 1
109 112 1
109 113 -1
109 114 1
109 115 -1
109 117 1
109 118 -1
109 119 1
109 120 1
109 123 1
109 126 1
109 128 -1
109 129 1
110 1 -1
110 3 -1
110 5 -1
110 7 -1
110 9 -1
110 10 -1
110 11 -1
110 12 -1
110 17 -1
110 18 -1
110 19 -1
110 21 -1
110 22 1
110 24 -1
110 29 -1
110 30 -1
110 31 1
110 33 1
110 37 1
110 38 1
110 39 1
110 41 1
110 44 1
110 47 1
110 53 -1
110 55 -1
110 57 1
110 58 1
110 61 1
110 62 -1
110 67 1
110 69 -1
110 75 1
110 76 -1
110 77 1
110 78 -1
110 79 1
110 81 1
110 82 -1
110 84 -1
110 85 1
110 87 1
110 92 -1
110 93 -1
110 96 -1
110 98 -1
110 99 1
110 100 1
110 103 1
110 104 1
110 108 -1
110 109 1
110 111 -1
110 112 1
110 115 -1
110 116 1
110 118 -1
110 119 1
110 120 -1
110 121 -1
110 125 1
110 126 1
110 128 -1
110 130 -1
111 2 -1
111 3 -1
111 4 1
111 6 1
111 7 1
111 9 1
111 11 -1
111 12 1
111 13 1
111 16 -1
111 17 1
111 23 1
111 25 -1
111 28 -1
111 29 1
111 31 -1
111 32 -1
111 33 1
111 39 1
111 40 -1
111 41 -1
111 43 -1
111 44 1
111 45 -1
111 47 -1
111 49 -1
111 50 1
111 53 -1
111 55 1
111 59 -1
111 61 -1
111 64 -1
111 66 1
111 70 1
111 71 1
111 73 -1
111 78 1
111 80 1
111 82 1
111 83 1
111 84 -1
111 88 1
111 92 1
111 93 -1
111 95 -1
111 98 1
111 101 -1
111 102 -1
111 104 -1
111 108 1
111 109 1
111 112 1
111 113 1
111 114 1
111 116 1
111 117 -1
111 118 1
111 121 -1
111 125 -1
111 127 1
111 129 1
112 3 1
112 6 1
112 7 1
112 8 -1
112 9 -1
112 12 1
112 13 -1
112 14 1
112 15 -1
112 19 1
112 22 1
112 23 1
112 25 1
112 28 1
112 30 -1
112 33 1
112 35 1
112 36 1
112 37 -1
112 38 1
112 40 -1
112 43 1
112 47 1
112 48 1
112 50 1
112 51 -1
112 52 1
112 53 1
112 57 1
112 58 1
112 59 1
112 60 1
112 62 1
112 65 1
112 69 -1
112 70 1
112 71 -1
112 73 -1
112 74 -1
112 75 1
112 76 1
112 77 -1
112 79 -1
112 80 1
112 81 -1
112 83 -1
112 84 -1
112 85 -1
112 86 1
112 88 -1
112 90 1
112 91 -1
112 92 -1
112 94 1
112 95 -1
112 97 -1
112 98 1
112 101 -1
112 102 1
112 104 1
112 105 -1
112 107 1
112 108 1
112 113 -1
112 115 -1
112 117 -1
112 118 -1
112 120 -1
112 122 1
112 126 -1
112 127 1
112 130 1
113 1 -1
113 3 1
113 6 1
113 7 -1
113 8 1
113 9 1
113 14 1
113 15 -1
113 16 -1
113 20 1
113 23 -1
113 24 -1
113 26 1
113 27 1
113 30 1
113 32 1
113 36 -1
113 37 -1
113 39 1
113 40 -1
113 43 1
113 46 1
113 53 -1
113 54 1
113 55 -1
113 57 -1
113 58 1
113 60 1
113 65 -1
113 73 1
113 75 -1
113 77 1
113 79 -1
113 82 -1
113 84 1
113 85 -1
113 90 -1
113 93 1
113 96 1
113 97 -1
113 98 1
113 99 1
113 100 1
113 101 -1
113 102 1
113 103 -1
113 104 1
113 105 1
113 106 -1
113 107 -1
113 108 -1
113 110 1
113 115 -1
113 116 1
113 117 1
113 118 -1
113 121 -1
113 123 1
113 124 -1
113 125 1
113 127 -1
113 130 1
114 1 1
114 2 1
114 5 1
114 6 1
114 7 1
114 8 -1
114 9 -1
114 13 1
114 15 -1
114 17 -1
114 20 1
114 21 1
114 22 1
114 23 -1
114 25 -1
114 27 1
114 30 1
114 35 1
114 36 1
114 39 -1
114 41 1
114 42 -1
114 43 -1
114 44 1
114 46 -1
114 48 -1
114 49 1
114 53 -1
114 55 -1
114 56 1
114 59 1
114 60 1
114 62 -1
114 63 -1
114 64 -1
114 67 -1
114 69 1
114 71 -1
114 76 -1
114 79 1
114 80 1
114 82 1
114 83 -1
114 84 1
114 87 -1
114 90 -1
114 94 1
114 95 1
114 97 1
114 101 1
114 102 1
114 108 1
114 110 1
114 112 1
114 113 -1
114 115 -1
114 117 -1
114 119 -1
114 120 -1
114 121 1
114 123 -1
114 124 -1
114 125 -1
114 127 1
114 130 -1
115 1 -1
115 2 -1
115 3 -1
115 4 -1
115 5 1
115 7 -1
115 10 1
115 14 1
115 18 1
115 23 1
115 24 1
115 25 -1
115 27 1
115 30 1
115 32 -1
115 33 -1
115 34 1
115 36 -1
115 37 -1
115 40 1
115 43 -1
115 45 -1
115 46 1
115 47 1
115 53 -1
115 54 1
115 55 -1
115 56 1
115 59 -1
115 60 -1
115 61 1
115 62 -1
115 63 -1
115 66 -1
115 70 -1
115 74 -1
115 75 -1
115 76 1
115 77 -1
115 80 1
115 82 1
115 83 1
115 87 1
115 88 -1
115 93 -1
115 94 1
115 95 -1
115 97 -1
115 98 -1
115 101 1
115 102 -1
115 103 1
115 107 1
115 111 1
115 116 -1
115 118 1
115 119 -1
115 120 -1
115 123 1
115 124 1
115 127 1
115 129 1
116 2 1
116 9 1
116 10 1
116 11 -1
116 16 1
116 18 -1
116 19 -1
116 20 -1
116 21 -1
116 22 -1
116 23 1
116 24 -1
116 27 -1
116 28 1
116 31 1
116 33 -1
116 35 -1
116 37 1
116 38 -1
116 39 -1
116 40 1
116 41 1
116 44 1
116 48 -1
116 49 1
116 50 1
116 51 -1
116 52 -1
116 53 -1
116 60 1
116 62 1
116 63 -1
116 64 1
116 68 -1
116 70 1
116 71 -1
116 72 -1
116 73 -1
116 77 1
116 80 -1
116 81 1
116 85 1
116 87 1
116 88 -1
116 89 1
116 92 -1
116 93 1
116 95 1
116 96 -1
116 98 1
116 99 1
116 103 1
116 106 -1
116 107 -1
116 109 -1
116 112 1
116 114 1
116 118 -1
116 119 -1
116 120 -1
116 121 1
116 124 -1
116 126 -1
116 128 -1
116 129 -1
117 2 -1
117 3 1
117 6 -1
117 7 -1
117 8 1
117 10 1
117 11 1
117 12 -1
117 14 1
117 15 1
117 16 1
117 17 1
117 22 1
117 23 -1
117 26 1
117 29 -1
117 30 -1
117 32 1
117 34 1
117 36 1
117 37 -1
117 39 -1
117 45 -1
117 48 -1
117 50 -1
117 51 -1
117 52 1
117 53 1
117 55 -1
117 56 -1
117 57 -1
117 59 -1
117 63 -1
117 65 1
117 66 -1
117 67 -1
117 70 -1
117 71 1
117 72 1
117 75 -1
117 76 1
117 77 -1
117 78 1
117 79 1
117 80 -1
117 81 -1
117 84 -1
117 90 1
117 91 1
117 92 1
117 93 -1
117 94 1
117 96 1
117 97 1
117 98 1
117 101 1
117 108 -1
117 110 -1
117 115 -1
117 116 1
117 118 1
117 119 1
117 121 1
117 123 -1
117 124 1
117 126 -1
117 128 1
117 130 -1
118 2 1
118 3 1
118 5 1
118 8 -1
118 9 1
118 11 1
118 13 1
118 14 1
118 16 1
118 18 1
118 21 -1
118 22 -1
118 23 -1
118 24 -1
118 26 1
118 27 1
118 28 1
118 29 1
118 30 -1
118 32 1
118 33 1
118 38 1
118 39 1
118 41 -1
118 42 1
118 44 -1
118 45 -1
118 46 1
118 52 1
118 53 -1
118 55 1
118 56 -1
118 57 -1
118 60 -1
118 61 1
118 64 1
118 65 1
118 67 1
118 68 1
118 69 1
118 70 -1
118 71 -1
118 72 1
118 73 1
118 74 -1
118 78 -1
118 80 1
118 82 -1
118 84 -1
118 85 -1
118 86 1
118 88 1
118 89 -1
118 90 1
118 95 -1
118 98 -1
118 100 1
118 103 -1
118 104 1
118 105 -1
118 114 1
118 120 -1
118 121 -1
118 123 1
118 125 -1
118 126 -1
118 127 -1
118 129 -1
118 130 1
119 2 1
119 3 1
119 4 1
119 5 1
119 6 -1
119 12 1
119 13 1
119 15 -1
119 20 1
119 21 -1
119 22 1
119 23 -1
119 25 -1
119 26 1
119 27 -1
119 29 1
119 31 -1
119 32 1
119 36 -1
119 37 -1
119 39 -1
119 40 -1
119 41 -1
119 43 -1
119 44 1
119 47 1
119 48 -1
119 51 1
119 52 -1
119 53 1
119 57 1
119 61 -1
119 62 1
119 63 1
119 65 -1
119 66 -1
119 67 -1
119 68 1
119 70 -1
119 72 1
119 73 -1
119 77 -1
119 79 -1
119 80 -1
119 83 -1
119 84 1
119 85 1
119 86 -1
119 89 -1
119 91 -1
119 94 1
119 96 1
119 97 -1
119 99 1
119 101 -1
119 105 -1
119 106 -1
119 107 -1
119 108 -1
119 111 1
119 112 -1
119 113 1
119 118 1
119 123 1
119 126 -1
119 128 1
119 129 1
120 2 -1
120 3 -1
120 8 -1
120 9 1
120 11 -1
120 13 -1
120 14 1
120 16 1
120 18 -1
120 19 -1
120 20 1
120 21 -1
120 22 1
120 23 -1
120 24 -1
120 26 1
120 27 1
120 28 1
120 30 1
120 31 -1
120 34 -1
120 37 1
120 38 -1
120 40 1
120 41 1
120 42 1
120 43 1
120 44 -1
120 48 -1
120 53 1
120 54 -1
120 55 -1
120 58 -1
120 62 -1
120 63 -1
120 64 1
120 67 -1
120 68 1
120 70 1
120 72 -1
120 74 1
120 75 -1
120 77 -1
120 80 1
120 81 1
120 82 -1
120 83 1
120 84 1
120 85 1
120 87 -1
120 89 1
120 90 1
120 92 -1
120 93 1
120 96 1
120 97 -1
120 99 -1
120 101 1
120 102 1
120 104 -1
120 106 1
120 111 1
120 113 1
120 117 1
120 119 -1
120 121 -1
120 122 -1
120 125 1
120 126 -1
120 129 -1
120 130 1
121 7 1
121 8 1
121 9 -1
121 12 -1
121 18 1
121 21 1
121 23 -1
121 24 1
121 25 1
121 26 1
121 27 1
121 29 1
121 31 -1
121 32 -1
121 34 1
121 36 -1
121 38 1
121 41 1
121 43 1
121 45 -1
121 48 1
121 49 -1
121 50 1
121 52 -1
121 53 1
121 55 -1
121 56 -1
121 58 -1
121 61 1
121 63 1
121 65 -1
121 67 -1
121 69 -1
121 70 1
121 71 -1
121 75 1
121 76 -1
121 78 1
121 82 1
121 83 -1
121 85 1
121 87 1
121 88 1
121 89 -1
121 90 1
121 91 -1
121 92 1
121 95 1
121 96 -1
121 98 1
121 99 -1
121 102 -1
121 103 -1
121 105 -1
121 106 1
121 108 -1
121 109 -1
121 112 1
121 115 1
121 119 1
121 122 1
121 125 -1
121 126 -1
121 127 1
121 128 -1
121 129 -1
122 1 -1
122 2 -1
122 4 -1
122 6 1
122 7 -1
122 8 1
122 9 1
122 10 1
122 12 -1
122 15 -1
122 17 -1
122 18 1
122 20 1
122 25 1
122 26 1
122 31 1
122 34 1
122 38 -1
122 40 1
122 42 1
122 44 -1
122 45 1
122 46 1
122 49 -1
122 52 1
122 54 1
122 57 1
122 58 -1
122 59 -1
122 62 -1
122 63 1
122 64 -1
122 66 1
122 67 -1
122 68 -1
122 69 -1
122 70 1
122 73 1
122 74 1
122 76 1
122 78 -1
122 79 1
122 82 -1
122 84 1
122 85 1
122 86 1
122 87 1
122 88 1
122 89 1
122 90 1
122 94 -1
122 96 -1
122 99 1
122 100 1
122 104 -1
122 105 -1
122 106 -1
122 107 1
122 109 1
122 110 1
122 111 1
122 113 -1
122 114 -1
122 115 -1
122 116 -1
122 117 -1
122 118 1
122 119 -1
122 124 -1
122 125 1
122 127 1
122 130 1
123 1 -1
123 5 1
123 6 -1
123 7 -1
123 10 -1
123 11 1
123 14 1
123 20 -1
123 21 1
123 26 1
123 28 1
123 29 -1
123 30 1
123 41 -1
123 42 -1
123 43 1
123 44 1
123 46 -1
123 47 -1
123 49 1
123 50 -1
123 51 -1
123 53 -1
123 54 -1
123 55 1
123 57 1
123 58 1
123 60 -1
123 64 -1
123 66 -1
123 70 1
123 76 -1
123 77 -1
123 78 1
123 80 -1
123 81 1
123 83 -1
123 85 1
123 87 1
123 89 1
123 91 1
123 92 1
123 93 -1
123 95 -1
123 97 -1
123 101 1
123 107 -1
123 110 1
123 111 -1
123 112 1
123 116 -1
123 120 -1
123 121 -1
123 122 1
123 124 1
123 126 1
123 127 1
123 128 -1
124 2 1
124 3 -1
124 4 -1
124 5 1
124 8 -1
124 11 -1
124 12 -1
124 13 1
124 15 1
124 19 -1
124 20 1
124 21 1
124 23 1
124 25 1
124 30 1
124 31 -1
124 40 1
124 43 1
124 45 1
124 46 -1
124 48 1
124 51 -1
124 53 -1
124 55 -1
124 56 -1
124 57 -1
124 59 1
124 60 -1
124 62 -1
124 63 -1
124 66 -1
124 68 -1
124 72 1
124 78 -1
124 81 -1
124 85 1
124 87 1
124 89 -1
124 90 -1
124 93 -1
124 95 1
124 100 -1
124 103 -1
124 104 -1
124 109 -1
124 110 1
124 111 1
124 112 -1
124 118 1
124 119 1
124 120 -1
124 121 -1
124 125 -1
124 127 -1
124 128 -1
124 129 -1
124 130 1
125 1 -1
125 3 -1
125 7 1
125 10 -1
125 12 1
125 14 1
125 16 1
125 18 -1
125 22 -1
125 23 -1
125 24 1
125 31 1
125 32 1
125 33 1
125 34 -1
125 38 1
125 39 -1
125 40 1
125 41 1
125 44 1
125 47 -1
125 53 1
125 59 1
125 60 1
125 64 1
125 66 -1
125 68 1
125 72 -1
125 73 1
125 74 -1
125 75 1
125 77 -1
125 78 -1
125 79 1
125 81 -1
125 82 -1
125 84 1
125 85 1
125 89 -1
125 92 -1
125 97 1
125 99 -1
125 100 -1
125 102 -1
125 103 1
125 108 1
125 109 -1
125 112 1
125 115 -1
125 116 1
125 117 1
125 119 -1
125 123 1
125 126 -1
125 127 1
125 129 1
125 130 -1
126 1 -1
126 5 -1
126 7 1
126 10 1
126 12 1
126 16 -1
126 17 1
126 18 1
126 23 1
126 25 -1
126 27 1
126 32 -1
126 35 1
126 38 1
126 39 -1
126 40 -1
126 43 1
126 48 1
126 52 1
126 53 1
126 54 1
126 60 1
126 61 -1
126 62 -1
126 64 -1
126 68 -1
126 73 -1
126 75 1
126 77 -1
126 78 1
126 79 1
126 81 -1
126 82 -1
126 83 -1
126 84 -1
126 85 -1
126 89 1
126 95 -1
126 96 -1
126 97 -1
126 106 -1
126 108 1
126 111 1
126 113 -1
126 114 -1
126 115 -1
126 122 -1
126 124 -1
126 128 1
127 1 -1
127 5 -1
127 8 1
127 11 -1
127 12 1
127 13 -1
127 14 1
127 15 1
127 16 -1
127 17 1
127 19 -1
127 21 1
127 26 -1
127 27 -1
127 28 -1
127 30 -1
127 31 -1
127 32 -1
127 34 -1
127 36 1
127 37 -1
127 39 -1
127 40 -1
127 42 -1
127 45 -1
127 46 1
127 47 -1
127 48 -1
127 51 -1
127 52 -1
127 54 -1
127 55 -1
127 56 1
127 57 1
127 60 -1
127 61 -1
127 62 -1
127 63 -1
127 64 -1
127 67 -1
127 68 1
127 69 -1
127 70 -1
127 74 -1
127 77 1
127 79 1
127 81 1
127 82 1
127 85 -1
127 86 1
127 87 1
127 91 1
127 94 -1
127 95 -1
127 98 1
127 101 -1
127 102 1
127 103 -1
127 104 1
127 106 1
127 108 1
127 109 -1
127 110 1
127 116 1
127 117 1
127 119 1
127 120 1
127 126 1
127 128 -1
127 129 1
128 1 1
128 3 -1
128 4 1
128 6 1
128 12 -1
128 13 -1
128 16 1
128 17 -1
128 18 -1
128 20 1
128 25 -1
128 28 1
128 32 -1
128 33 -1
128 36 1
128 38 -1
128 41 -1
128 44 1
128 45 -1
128 48 1
128 50 1
128 52 -1
128 53 1
128 57 -1
128 58 1
128 59 -1
128 60 -1
128 61 -1
128 63 -1
128 65 -1
128 66 1
128 68 -1
128 76 1
128 77 1
128 78 -1
128 80 -1
128 81 -1
128 87 -1
128 88 -1
128 89 1
128 91 -1
128 93 -1
128 98 -1
128 99 1
128 100 1
128 102 1
128 103 -1
128 105 -1
128 106 -1
128 107 1
128 108 1
128 111 1
128 112 1
128 113 -1
128 114 1
128 115 1
128 118 -1
128 120 1
128 122 1
128 125 -1
128 129 1
129 2 1
129 3 -1
129 5 1
129 6 1
129 8 -1
129 9 1
129 11 -1
129 13 1
129 14 -1
129 17 -1
129 18 1
129 20 1
129 21 1
129 22 1
129 24 1
129 26 1
129 29 -1
129 35 1
129 36 1
129 37 -1
129 38 -1
129 40 -1
129 43 -1
129 48 1
129 49 -1
129 50 1
129 52 1
129 53 -1
129 55 1
129 58 1
129 62 1
129 63 1
129 67 -1
129 68 -1
129 69 -1
129 70 1
129 72 -1
129 73 1
129 74 1
129 76 -1
129 80 1
129 83 1
129 84 -1
129 85 1
129 86 1
129 87 -1
129 88 1
129 89 -1
129 90 -1
129 93 1
129 95 1
129 96 -1
129 102 1
129 103 -1
129 106 -1
129 107 1
129 110 1
129 112 1
129 113 -1
129 114 1
129 117 -1
129 122 -1
129 123 -1
129 126 -1
129 130 -1
130 3 -1
130 11 -1
130 14 -1
130 18 -1
130 23 1
130 24 1
130 25 -1
130 26 -1
130 28 1
130 29 1
130 30 -1
130 31 1
130 32 1
130 33 1
130 34 -1
130 38 -1
130 39 -1
130 41 1
130 42 -1
130 43 1
130 48 1
130 50 1
130 51 -1
130 57 1
130 58 1
130 59 1
130 61 1
130 64 -1
130 65 1
130 66 -1
130 68 1
130 71 -1
130 73 1
130 75 1
130 76 1
130 78 1
130 79 1
130 81 -1
130 94 1
130 95 1
130 97 1
130 99 1
130 100 1
130 101 -1
130 102 -1
130 103 -1
130 104 1
130 105 -1
130 106 1
130 107 1
130 109 -1
130 111 -1
130 115 -1
130 116 1
130 119 -1
130 121 -1
130 123 1
130 126 -1
130 127 -1
130 128 -1
