vertices: 150 edges: 11175
1 2 -1
1 7 1
1 10 1
1 11 1
1 12 1
1 13 1
1 16 1
1 18 1
1 22 1
1 27 1
1 28 1
1 30 1
1 31 -1
1 36 1
1 38 -1
1 42 1
1 44 1
1 45 -1
1 49 1
1 55 -1
1 56 1
1 57 1
1 59 1
1 60 -1
1 61 -1
1 64 -1
1 67 -1
1 69 1
1 70 -1
1 71 -1
1 73 -1
1 76 1
1 77 1
1 79 1
1 80 1
1 82 1
1 88 -1
1 92 -1
1 93 1
1 95 1
1 97 1
1 98 1
1 99 1
1 102 -1
1 105 1
1 107 -1
1 109 1
1 110 1
1 112 1
1 114 1
1 117 1
1 120 1
1 121 -1
1 122 1
1 126 1
1 127 1
1 128 1
1 129 1
1 131 1
1 132 1
1 133 1
1 135 1
1 138 1
1 139 -1
1 140 1
1 142 1
1 144 1
1 145 1
1 148 -1
1 149 1
1 150 1
2 3 1
2 4 1
2 7 1
2 9 1
2 11 1
2 12 1
2 13 -1
2 14 1
2 16 -1
2 17 1
2 19 1
2 20 -1
2 21 1
2 24 1
2 25 1
2 26 1
2 27 1
2 28 1
2 30 1
2 31 1
2 34 1
2 36 1
2 38 1
2 41 1
2 42 -1
2 48 1
2 49 1
2 50 -1
2 54 1
2 56 1
2 57 1
2 58 1
2 60 1
2 66 1
2 67 1
2 68 1
2 69 1
2 70 1
2 72 1
2 74 1
2 76 -1
2 77 1
2 79 1
2 80 1
2 81 -1
2 82 1
2 83 1
2 85 -1
2 86 1
2 88 1
2 90 1
2 92 -1
2 93 -1
2 96 -1
2 97 1
2 98 1
2 99 1
2 103 1
2 105 1
2 106 1
2 107 -1
2 108 1
2 109 1
2 113 1
2 120 1
2 123 1
2 124 1
2 127 1
2 128 1
2 130 -1
2 132 1
2 138 1
2 140 1
2 142 1
2 144 1
2 145 1
2 148 -1
2 149 1
2 150 -1
3 1 1
3 5 1
3 7 1
3 9 1
3 10 1
3 12 1
3 23 1
3 24 1
3 25 1
3 26 1
3 29 1
3 30 1
3 31 1
3 32 1
3 33 1
3 34 -1
3 35 1
3 37 1
3 38 1
3 39 1
3 40 1
3 42 1
3 43 1
3 44 1
3 48 1
3 49 1
3 51 1
3 55 -1
3 58 1
3 59 -1
3 60 1
3 61 -1
3 63 1
3 67 1
3 68 1
3 69 1
3 70 -1
3 73 1
3 75 -1
3 77 1
3 81 -1
3 85 1
3 86 1
3 90 1
3 91 1
3 95 1
3 96 -1
3 100 1
3 102 1
3 107 1
3 109 1
3 110 1
3 111 1
3 113 -1
3 114 -1
3 118 -1
3 120 -1
3 121 1
3 125 1
3 127 1
3 128 1
3 129 1
3 134 1
3 135 1
3 137 1
3 138 -1
3 139 1
3 140 1
3 141 1
3 143 1
3 144 -1
3 148 1
3 149 1
4 1 1
4 3 -1
4 5 1
4 6 1
4 13 1
4 14 1
4 15 1
4 16 1
4 17 1
4 18 1
4 19 1
4 26 1
4 27 -1
4 31 1
4 33 1
4 34 -1
4 36 -1
4 38 1
4 39 1
4 42 1
4 43 1
4 48 1
4 50 1
4 53 1
4 54 1
4 55 1
4 58 1
4 60 1
4 61 -1
4 62 1
4 66 1
4 71 -1
4 76 1
4 78 1
4 82 -1
4 85 1
4 88 1
4 90 1
4 91 1
4 92 -1
4 95 1
4 97 1
4 100 1
4 106 1
4 107 1
4 108 -1
4 110 -1
4 112 -1
4 113 1
4 114 1
4 116 1
4 117 1
4 119 1
4 120 1
4 121 1
4 122 1
4 123 1
4 124 1
4 126 1
4 131 1
4 132 1
4 134 1
4 135 1
4 137 -1
4 142 1
4 143 -1
4 145 1
4 146 1
4 147 -1
4 148 -1
4 150 1
5 1 1
5 2 1
5 6 1
5 9 1
5 10 1
5 11 1
5 16 1
5 19 -1
5 21 1
5 22 1
5 24 1
5 25 -1
5 27 1
5 30 -1
5 34 1
5 39 1
5 41 1
5 42 1
5 43 1
5 44 1
5 45 -1
5 46 1
5 48 1
5 50 1
5 52 1
5 53 1
5 54 1
5 55 1
5 60 1
5 61 -1
5 63 1
5 65 -1
5 67 1
5 70 1
5 72 1
5 74 1
5 77 -1
5 78 1
5 79 1
5 82 1
5 84 1
5 85 1
5 86 1
5 87 -1
5 88 -1
5 89 1
5 91 1
5 92 1
5 93 -1
5 95 -1
5 97 -1
5 101 -1
5 103 -1
5 104 1
5 105 1
5 106 1
5 108 1
5 109 -1
5 110 1
5 111 1
5 112 -1
5 114 1
5 115 1
5 116 1
5 117 1
5 118 1
5 119 1
5 121 1
5 131 1
5 136 1
5 137 1
5 138 1
5 139 1
5 144 1
5 149 1
6 1 -1
6 2 -1
6 3 1
6 7 1
6 8 1
6 10 1
6 16 1
6 17 1
6 20 1
6 22 1
6 23 1
6 27 1
6 29 1
6 30 1
6 33 -1
6 36 1
6 40 -1
6 44 1
6 45 1
6 46 1
6 47 1
6 48 1
6 49 1
6 50 1
6 51 1
6 53 1
6 54 1
6 55 1
6 57 1
6 63 -1
6 64 1
6 65 1
6 66 1
6 69 1
6 70 1
6 71 -1
6 73 1
6 74 1
6 75 1
6 76 1
6 80 1
6 81 -1
6 82 1
6 84 1
6 86 1
6 89 1
6 90 -1
6 91 1
6 92 -1
6 93 1
6 95 1
6 97 -1
6 99 1
6 102 1
6 106 1
6 107 1
6 108 1
6 109 1
6 113 1
6 114 1
6 115 -1
6 116 1
6 117 1
6 120 1
6 122 1
6 124 -1
6 129 1
6 130 1
6 131 1
6 133 1
6 136 1
6 137 1
6 138 1
6 141 1
6 143 1
6 144 1
6 145 1
7 4 1
7 5 1
7 8 1
7 11 1
7 15 -1
7 17 1
7 19 -1
7 20 1
7 21 1
7 24 -1
7 25 1
7 29 1
7 31 1
7 32 1
7 33 1
7 35 1
7 36 1
7 37 1
7 38 1
7 40 1
7 41 1
7 42 1
7 43 -1
7 46 1
7 49 1
7 52 1
7 53 1
7 55 1
7 56 1
7 58 1
7 60 1
7 61 1
7 65 -1
7 66 1
7 67 1
7 68 1
7 69 1
7 72 1
7 73 1
7 76 1
7 77 1
7 84 -1
7 85 1
7 86 -1
7 88 1
7 89 1
7 90 1
7 95 1
7 97 1
7 98 1
7 99 -1
7 101 1
7 103 1
7 104 -1
7 106 1
7 107 1
7 108 -1
7 114 1
7 116 1
7 118 1
7 121 1
7 122 1
7 124 1
7 127 1
7 129 1
7 130 -1
7 131 1
7 132 -1
7 133 -1
7 134 -1
7 136 -1
7 137 1
7 140 1
7 145 1
7 146 -1
7 147 1
7 148 1
7 149 1
7 150 -1
8 1 1
8 2 1
8 3 -1
8 4 1
8 5 -1
8 9 1
8 10 1
8 12 -1
8 15 1
8 16 1
8 17 1
8 18 1
8 19 1
8 20 -1
8 22 1
8 24 1
8 26 1
8 27 1
8 28 1
8 30 1
8 31 -1
8 32 1
8 33 -1
8 34 1
8 36 1
8 38 1
8 39 -1
8 44 1
8 45 -1
8 48 -1
8 49 -1
8 50 1
8 51 1
8 52 1
8 53 1
8 56 1
8 60 1
8 66 -1
8 67 1
8 68 1
8 69 1
8 70 1
8 71 1
8 72 1
8 73 -1
8 75 1
8 77 1
8 80 1
8 81 1
8 82 -1
8 84 1
8 86 1
8 87 -1
8 88 1
8 90 1
8 91 -1
8 92 1
8 93 -1
8 95 1
8 96 1
8 97 1
8 98 1
8 100 1
8 101 -1
8 102 1
8 105 1
8 108 1
8 109 1
8 110 1
8 112 1
8 115 1
8 116 1
8 118 1
8 119 1
8 120 1
8 127 1
8 128 -1
8 129 1
8 130 1
8 132 -1
8 137 1
8 138 1
8 142 1
8 144 1
8 147 1
8 148 1
8 149 1
9 1 1
9 4 1
9 6 1
9 7 1
9 10 1
9 11 1
9 21 1
9 22 1
9 23 1
9 24 1
9 25 1
9 26 1
9 28 1
9 29 1
9 33 1
9 36 1
9 37 1
9 38 1
9 41 1
9 42 1
9 46 1
9 47 1
9 48 1
9 50 1
9 52 1
9 53 -1
9 54 1
9 56 1
9 58 -1
9 59 1
9 60 1
9 61 1
9 62 -1
9 65 1
9 66 1
9 68 -1
9 69 1
9 70 1
9 72 1
9 73 -1
9 74 1
9 75 1
9 77 1
9 81 -1
9 83 1
9 85 1
9 86 1
9 87 1
9 88 1
9 89 -1
9 97 1
9 98 -1
9 101 1
9 102 -1
9 104 1
9 106 1
9 109 1
9 111 1
9 112 -1
9 117 1
9 121 -1
9 122 1
9 123 1
9 124 1
9 126 1
9 130 1
9 131 1
9 132 -1
9 134 1
9 143 1
9 144 1
9 147 1
9 148 1
9 150 -1
10 2 1
10 4 1
10 7 -1
10 11 1
10 12 1
10 13 -1
10 16 1
10 17 1
10 19 1
10 20 1
10 21 1
10 23 1
10 24 1
10 26 -1
10 28 1
10 31 1
10 34 1
10 35 -1
10 36 1
10 37 -1
10 38 1
10 39 1
10 41 1
10 42 1
10 44 -1
10 45 1
10 47 1
10 50 1
10 52 1
10 54 1
10 55 1
10 56 1
10 57 -1
10 60 1
10 61 -1
10 64 1
10 65 1
10 66 1
10 68 1
10 72 1
10 73 1
10 75 -1
10 77 1
10 79 1
10 81 1
10 82 1
10 83 1
10 84 1
10 86 1
10 89 1
10 90 1
10 92 -1
10 93 -1
10 94 1
10 104 1
10 107 1
10 111 1
10 113 1
10 116 1
10 117 1
10 121 1
10 122 1
10 123 1
10 125 1
10 127 1
10 130 1
10 133 1
10 134 1
10 135 1
10 137 1
10 138 1
10 139 -1
10 141 1
10 142 1
10 146 1
10 148 1
10 150 1
11 3 1
11 4 1
11 6 1
11 8 1
11 14 1
11 15 1
11 16 -1
11 17 1
11 22 1
11 23 1
11 24 1
11 26 1
11 27 1
11 29 1
11 32 1
11 33 1
11 34 -1
11 35 1
11 38 1
11 40 -1
11 41 1
11 42 -1
11 44 1
11 45 1
11 46 1
11 47 1
11 51 1
11 52 1
11 53 1
11 63 -1
11 67 1
11 70 1
11 78 1
11 80 1
11 82 1
11 84 1
11 86 1
11 90 1
11 91 1
11 92 1
11 94 1
11 95 -1
11 96 1
11 97 1
11 98 -1
11 104 1
11 108 1
11 111 1
11 112 -1
11 115 1
11 117 -1
11 119 1
11 120 1
11 121 1
11 123 -1
11 124 1
11 129 1
11 130 1
11 131 1
11 133 1
11 138 1
11 140 1
11 142 1
11 145 1
11 147 1
11 148 -1
12 4 1
12 5 1
12 6 1
12 7 1
12 9 1
12 11 1
12 13 -1
12 14 1
12 16 1
12 20 1
12 24 1
12 27 -1
12 30 1
12 31 -1
12 35 1
12 39 1
12 40 1
12 45 1
12 48 -1
12 50 1
12 51 1
12 52 -1
12 54 1
12 55 1
12 57 1
12 58 1
12 60 1
12 63 1
12 65 1
12 66 1
12 67 1
12 70 1
12 71 1
12 72 1
12 73 -1
12 74 1
12 75 -1
12 77 1
12 81 1
12 82 1
12 83 1
12 84 1
12 85 1
12 86 1
12 87 1
12 89 1
12 90 1
12 92 1
12 93 1
12 94 1
12 95 1
12 100 -1
12 101 1
12 105 1
12 106 -1
12 108 1
12 111 1
12 112 -1
12 117 1
12 121 1
12 123 1
12 124 1
12 125 1
12 128 1
12 129 1
12 132 1
12 134 -1
12 135 1
12 137 1
12 138 1
12 141 1
12 142 -1
12 143 1
12 144 1
12 146 1
13 3 1
13 5 1
13 6 1
13 7 -1
13 8 1
13 9 1
13 11 1
13 14 -1
13 15 1
13 16 1
13 18 1
13 19 1
13 22 1
13 24 -1
13 25 1
13 28 -1
13 36 1
13 38 1
13 40 1
13 41 -1
13 42 -1
13 44 1
13 45 1
13 50 1
13 53 -1
13 54 1
13 55 1
13 59 -1
13 62 1
13 66 1
13 67 -1
13 70 -1
13 71 1
13 73 1
13 78 1
13 80 1
13 81 -1
13 82 -1
13 83 1
13 84 1
13 85 1
13 86 -1
13 88 1
13 90 1
13 91 1
13 92 1
13 94 1
13 97 1
13 103 1
13 106 1
13 107 1
13 109 1
13 113 -1
13 115 1
13 117 1
13 118 1
13 119 1
13 120 -1
13 122 -1
13 124 1
13 125 1
13 127 1
13 128 1
13 130 1
13 132 1
13 134 1
13 136 1
13 137 1
13 138 1
13 139 1
13 143 1
13 144 1
13 146 1
13 147 1
13 148 -1
14 1 -1
14 3 -1
14 5 1
14 6 1
14 7 1
14 8 1
14 9 1
14 10 1
14 17 1
14 19 1
14 25 1
14 32 1
14 34 -1
14 36 1
14 37 1
14 38 1
14 40 1
14 42 -1
14 43 1
14 45 -1
14 47 -1
14 48 1
14 50 -1
14 52 1
14 53 1
14 55 -1
14 56 -1
14 58 1
14 60 1
14 61 1
14 62 1
14 64 1
14 67 -1
14 69 1
14 70 1
14 75 1
14 76 1
14 77 1
14 78 -1
14 79 1
14 81 -1
14 84 1
14 88 1
14 93 -1
14 98 1
14 99 1
14 100 1
14 101 1
14 103 1
14 105 -1
14 106 1
14 107 1
14 108 1
14 109 1
14 110 1
14 112 -1
14 113 1
14 115 1
14 116 -1
14 117 -1
14 118 1
14 122 1
14 127 1
14 129 1
14 132 1
14 133 -1
14 138 1
14 141 1
14 144 1
14 145 1
14 146 1
14 147 1
14 149 1
14 150 -1
15 1 1
15 2 -1
15 3 1
15 5 1
15 6 1
15 9 1
15 10 1
15 12 1
15 14 1
15 17 1
15 18 -1
15 20 1
15 22 -1
15 23 -1
15 25 1
15 26 1
15 28 1
15 36 1
15 40 1
15 42 1
15 43 -1
15 45 1
15 46 1
15 47 -1
15 48 1
15 50 -1
15 51 1
15 55 1
15 56 1
15 57 1
15 58 1
15 59 1
15 60 1
15 62 1
15 63 1
15 64 1
15 67 1
15 69 1
15 73 1
15 74 1
15 77 1
15 80 -1
15 81 1
15 82 1
15 87 1
15 89 1
15 91 1
15 93 1
15 94 1
15 95 1
15 96 1
15 99 -1
15 100 1
15 101 1
15 103 -1
15 105 1
15 109 1
15 113 1
15 116 1
15 119 1
15 120 1
15 121 1
15 123 1
15 124 1
15 126 1
15 129 1
15 130 1
15 131 -1
15 134 1
15 137 1
15 141 1
15 149 1
16 3 1
16 7 -1
16 9 -1
16 14 -1
16 15 1
16 17 -1
16 18 1
16 19 1
16 20 1
16 22 1
16 24 1
16 25 1
16 27 -1
16 29 -1
16 31 1
16 34 1
16 35 -1
16 36 1
16 37 1
16 40 1
16 41 1
16 43 1
16 46 1
16 47 -1
16 53 1
16 55 1
16 57 1
16 59 1
16 60 1
16 61 1
16 62 -1
16 63 -1
16 64 1
16 65 1
16 66 1
16 68 -1
16 71 1
16 72 -1
16 73 1
16 76 1
16 80 1
16 82 1
16 83 1
16 84 1
16 86 1
16 92 1
16 97 1
16 100 1
16 101 1
16 103 -1
16 105 -1
16 107 -1
16 110 1
16 111 1
16 112 1
16 113 1
16 114 1
16 116 1
16 119 1
16 120 1
16 121 1
16 122 1
16 124 1
16 125 -1
16 126 -1
16 127 1
16 130 1
16 131 -1
16 132 -1
16 133 -1
16 134 -1
16 135 1
16 139 1
16 140 1
16 142 1
16 143 1
16 145 1
16 146 1
16 149 1
17 1 1
17 3 -1
17 5 -1
17 9 1
17 12 1
17 13 -1
17 18 1
17 19 1
17 21 1
17 22 1
17 27 1
17 29 1
17 30 1
17 31 1
17 33 1
17 34 -1
17 36 -1
17 37 -1
17 38 1
17 39 1
17 42 1
17 44 1
17 45 1
17 46 1
17 47 1
17 48 1
17 49 1
17 52 -1
17 59 -1
17 60 1
17 61 1
17 62 -1
17 64 1
17 66 -1
17 67 1
17 70 1
17 73 -1
17 77 1
17 78 -1
17 79 1
17 81 1
17 84 1
17 87 -1
17 88 1
17 89 1
17 91 1
17 92 1
17 93 1
17 94 1
17 95 1
17 96 1
17 97 1
17 99 -1
17 101 -1
17 104 1
17 108 -1
17 109 1
17 113 1
17 117 1
17 120 -1
17 122 -1
17 126 1
17 128 -1
17 133 1
17 134 1
17 138 -1
17 139 1
17 140 1
17 141 1
17 143 1
17 144 1
17 145 1
17 149 1
17 150 -1
18 2 1
18 3 -1
18 5 1
18 6 1
18 7 1
18 9 1
18 10 1
18 11 1
18 12 1
18 14 1
18 19 1
18 20 -1
18 22 1
18 24 1
18 25 -1
18 29 1
18 30 1
18 32 1
18 38 1
18 39 1
18 41 1
18 43 1
18 44 1
18 45 -1
18 46 -1
18 47 1
18 51 1
18 52 -1
18 53 1
18 56 1
18 57 1
18 60 -1
18 63 1
18 65 -1
18 67 1
18 68 1
18 69 -1
18 70 1
18 71 1
18 72 1
18 73 1
18 74 1
18 76 1
18 77 1
18 78 1
18 80 -1
18 83 1
18 85 -1
18 87 1
18 89 1
18 90 1
18 93 1
18 94 1
18 98 -1
18 103 -1
18 106 1
18 107 1
18 108 1
18 109 1
18 110 1
18 112 1
18 114 1
18 117 1
18 119 -1
18 120 1
18 121 1
18 128 -1
18 129 1
18 130 1
18 131 1
18 134 1
18 137 1
18 140 1
18 143 1
18 144 1
18 145 1
18 147 1
18 148 -1
18 149 1
19 1 1
19 3 1
19 6 1
19 9 1
19 11 -1
19 12 -1
19 15 1
19 20 1
19 22 1
19 23 1
19 26 1
19 27 1
19 28 -1
19 29 1
19 31 -1
19 32 1
19 33 1
19 34 1
19 37 1
19 38 1
19 39 1
19 42 1
19 43 1
19 45 1
19 46 1
19 48 1
19 56 -1
19 57 1
19 58 1
19 60 1
19 62 1
19 63 1
19 66 1
19 70 1
19 71 1
19 73 1
19 77 -1
19 81 -1
19 85 1
19 88 -1
19 89 1
19 91 1
19 92 1
19 94 1
19 95 1
19 96 1
19 98 1
19 99 1
19 102 1
19 109 1
19 110 1
19 113 1
19 116 -1
19 119 -1
19 121 1
19 122 1
19 127 1
19 129 1
19 130 1
19 133 1
19 134 1
19 139 1
19 140 1
19 141 1
19 142 1
19 143 1
19 145 1
19 147 1
19 149 -1
19 150 1
20 1 1
20 3 1
20 4 -1
20 5 1
20 9 1
20 11 1
20 13 -1
20 14 1
20 17 1
20 21 1
20 22 1
20 24 1
20 25 1
20 29 1
20 30 1
20 32 -1
20 34 1
20 35 -1
20 46 1
20 47 -1
20 49 1
20 50 1
20 51 1
20 52 1
20 53 1
20 55 1
20 59 1
20 60 -1
20 61 1
20 62 1
20 63 1
20 68 1
20 71 1
20 72 1
20 73 -1
20 76 1
20 81 1
20 82 -1
20 83 1
20 84 1
20 85 1
20 86 1
20 87 -1
20 88 1
20 89 1
20 92 -1
20 93 1
20 95 1
20 96 1
20 99 1
20 102 1
20 103 -1
20 104 1
20 105 -1
20 112 1
20 113 -1
20 114 1
20 116 1
20 122 1
20 123 -1
20 124 1
20 125 1
20 126 1
20 127 1
20 128 1
20 133 1
20 135 1
20 137 1
20 138 1
20 139 1
20 142 1
20 144 1
20 145 -1
20 146 1
20 148 1
21 1 1
21 3 1
21 4 1
21 6 -1
21 8 1
21 11 1
21 12 1
21 13 1
21 14 1
21 15 -1
21 16 1
21 18 1
21 19 -1
21 22 1
21 26 1
21 27 1
21 28 1
21 31 1
21 36 1
21 37 1
21 41 1
21 42 1
21 43 1
21 44 1
21 45 1
21 47 1
21 49 -1
21 50 1
21 53 1
21 56 -1
21 59 1
21 61 -1
21 62 -1
21 66 1
21 67 1
21 69 1
21 70 1
21 71 1
21 72 1
21 74 1
21 76 1
21 79 1
21 80 -1
21 81 1
21 82 1
21 83 1
21 84 1
21 88 -1
21 90 -1
21 91 -1
21 92 1
21 95 -1
21 98 1
21 100 1
21 101 1
21 105 1
21 106 1
21 107 1
21 109 -1
21 110 1
21 111 1
21 112 -1
21 113 -1
21 115 1
21 120 1
21 121 1
21 124 1
21 126 1
21 127 -1
21 128 -1
21 131 1
21 132 1
21 133 1
21 134 1
21 135 1
21 136 1
21 137 -1
21 139 1
21 140 1
21 142 1
21 145 1
21 147 1
21 149 -1
22 2 -1
22 3 -1
22 4 1
22 7 1
22 10 1
22 12 1
22 14 1
22 23 1
22 25 1
22 26 1
22 27 -1
22 28 -1
22 31 1
22 32 1
22 33 -1
22 34 1
22 35 1
22 37 1
22 38 1
22 39 1
22 40 1
22 42 1
22 46 -1
22 47 -1
22 48 -1
22 49 1
22 50 1
22 53 1
22 58 1
22 60 1
22 61 1
22 62 1
22 63 -1
22 64 1
22 66 1
22 67 -1
22 68 1
22 69 -1
22 70 1
22 72 1
22 76 -1
22 79 1
22 86 1
22 87 1
22 88 1
22 90 -1
22 92 1
22 94 1
22 97 1
22 99 1
22 102 1
22 103 1
22 104 1
22 105 -1
22 106 1
22 108 1
22 110 1
22 111 -1
22 112 1
22 114 1
22 115 1
22 117 -1
22 118 -1
22 119 1
22 124 1
22 125 1
22 129 1
22 130 1
22 133 1
22 134 1
22 135 1
22 138 1
22 143 -1
22 148 1
22 150 1
23 1 1
23 2 1
23 4 1
23 5 -1
23 7 1
23 8 1
23 12 -1
23 13 -1
23 14 1
23 16 1
23 17 -1
23 18 1
23 20 1
23 21 -1
23 24 -1
23 26 -1
23 28 -1
23 29 1
23 30 1
23 33 1
23 34 1
23 36 1
23 37 1
23 39 1
23 50 1
23 51 1
23 54 1
23 55 -1
23 61 1
23 63 1
23 68 1
23 69 1
23 70 1
23 71 -1
23 73 -1
23 75 1
23 79 1
23 82 -1
23 83 1
23 85 1
23 89 1
23 90 1
23 91 1
23 92 1
23 93 -1
23 94 1
23 95 1
23 96 -1
23 99 1
23 101 1
23 103 1
23 104 -1
23 106 1
23 108 1
23 109 1
23 110 1
23 111 1
23 112 1
23 113 -1
23 114 -1
23 119 1
23 121 1
23 122 1
23 123 1
23 126 1
23 127 1
23 128 1
23 131 1
23 132 -1
23 133 1
23 136 1
23 137 1
23 138 1
23 139 1
23 140 1
23 142 1
23 143 1
23 144 1
23 145 1
24 1 1
24 4 1
24 6 1
24 14 1
24 15 1
24 17 1
24 19 1
24 21 1
24 22 1
24 25 1
24 31 1
24 34 1
24 36 -1
24 37 1
24 39 1
24 41 -1
24 42 1
24 45 1
24 47 1
24 48 -1
24 52 1
24 53 1
24 56 1
24 57 1
24 58 1
24 59 1
24 62 -1
24 63 1
24 64 1
24 66 -1
24 67 1
24 69 -1
24 72 -1
24 74 1
24 75 1
24 77 1
24 79 1
24 80 -1
24 81 -1
24 88 1
24 93 1
24 94 -1
24 95 1
24 97 1
24 98 1
24 99 1
24 101 1
24 104 1
24 105 1
24 108 1
24 109 1
24 110 -1
24 111 1
24 113 1
24 114 1
24 116 1
24 117 1
24 119 1
24 120 1
24 121 1
24 124 1
24 125 1
24 127 1
24 128 -1
24 130 1
24 134 1
24 137 1
24 140 1
24 141 1
24 145 1
24 147 1
24 149 1
25 1 1
25 4 1
25 6 1
25 8 -1
25 10 1
25 11 -1
25 12 1
25 17 -1
25 19 1
25 21 1
25 23 1
25 27 1
25 32 1
25 33 1
25 35 1
25 38 1
25 44 1
25 46 -1
25 47 1
25 48 1
25 49 1
25 50 1
25 51 1
25 52 -1
25 54 1
25 57 -1
25 59 1
25 61 1
25 67 1
25 74 -1
25 80 1
25 81 1
25 83 1
25 84 1
25 87 1
25 93 1
25 94 1
25 97 1
25 99 -1
25 102 1
25 103 1
25 104 1
25 105 1
25 107 1
25 108 -1
25 109 1
25 110 1
25 111 1
25 112 1
25 113 1
25 114 -1
25 115 1
25 117 1
25 118 1
25 121 1
25 122 1
25 125 1
25 126 -1
25 135 1
25 136 1
25 137 1
25 138 -1
25 140 1
25 141 1
25 142 1
25 143 1
25 144 1
25 149 1
26 1 1
26 5 1
26 6 1
26 7 1
26 12 1
26 13 1
26 14 1
26 16 1
26 17 1
26 18 1
26 20 1
26 24 1
26 25 1
26 27 1
26 28 -1
26 30 1
26 31 1
26 32 1
26 34 1
26 35 1
26 39 -1
26 41 1
26 42 -1
26 43 1
26 45 1
26 47 1
26 48 1
26 50 1
26 53 1
26 54 1
26 56 1
26 57 1
26 58 1
26 59 -1
26 62 -1
26 64 1
26 66 1
26 67 1
26 68 1
26 70 1
26 72 1
26 73 1
26 75 1
26 77 1
26 79 1
26 80 1
26 82 1
26 83 1
26 85 -1
26 87 1
26 88 1
26 89 1
26 90 1
26 91 1
26 92 1
26 94 -1
26 96 1
26 97 -1
26 99 1
26 100 1
26 102 1
26 104 1
26 108 1
26 109 1
26 110 1
26 114 1
26 115 1
26 116 1
26 119 1
26 122 1
26 125 -1
26 126 1
26 129 -1
26 131 1
26 133 1
26 134 -1
26 136 1
26 139 1
26 141 1
26 142 1
26 143 1
26 148 1
27 3 1
27 7 1
27 9 1
27 10 1
27 13 1
27 14 -1
27 15 1
27 18 1
27 20 1
27 23 1
27 24 1
27 29 -1
27 31 1
27 32 1
27 34 1
27 37 1
27 38 -1
27 40 1
27 42 1
27 43 1
27 46 1
27 48 1
27 49 -1
27 51 1
27 53 1
27 54 1
27 58 1
27 59 1
27 62 1
27 66 1
27 67 1
27 68 1
27 72 -1
27 75 1
27 76 1
27 79 1
27 84 1
27 85 1
27 87 1
27 88 1
27 90 1
27 91 1
27 92 -1
27 94 1
27 98 1
27 99 1
27 100 1
27 101 1
27 102 1
27 103 1
27 104 1
27 105 1
27 107 1
27 109 1
27 110 1
27 111 1
27 112 1
27 113 1
27 114 1
27 115 -1
27 117 1
27 119 1
27 121 1
27 124 1
27 125 1
27 126 1
27 127 1
27 129 -1
27 135 -1
27 136 1
27 137 1
27 139 1
27 141 1
27 142 -1
27 143 -1
27 145 1
27 146 1
27 147 -1
27 148 1
27 149 -1
27 150 1
28 3 1
28 4 1
28 5 1
28 6 -1
28 7 1
28 11 1
28 12 1
28 14 1
28 16 1
28 17 1
28 18 1
28 20 1
28 24 1
28 25 1
28 27 1
28 30 1
28 31 1
28 34 1
28 36 -1
28 38 1
28 40 1
28 42 1
28 43 1
28 45 1
28 46 1
28 49 1
28 55 1
28 58 1
28 59 1
28 61 1
28 63 1
28 64 1
28 66 -1
28 69 1
28 71 1
28 72 -1
28 75 1
28 78 1
28 81 1
28 83 -1
28 85 1
28 86 1
28 87 1
28 88 1
28 91 1
28 92 -1
28 93 1
28 94 -1
28 99 1
28 101 1
28 109 1
28 110 1
28 111 1
28 112 -1
28 113 -1
28 115 1
28 116 1
28 118 1
28 119 1
28 125 1
28 127 1
28 130 1
28 136 1
28 138 -1
28 141 1
28 143 1
28 146 1
28 149 1
28 150 1
29 1 1
29 2 1
29 4 1
29 5 -1
29 8 1
29 10 1
29 12 1
29 13 -1
29 14 1
29 15 1
29 21 1
29 22 1
29 24 1
29 25 -1
29 26 -1
29 28 1
29 35 -1
29 38 1
29 39 1
29 45 -1
29 46 1
29 50 1
29 51 1
29 59 1
29 62 -1
29 65 1
29 66 1
29 67 1
29 68 1
29 69 1
29 71 1
29 74 -1
29 75 -1
29 77 1
29 78 1
29 81 1
29 82 1
29 88 1
29 90 -1
29 92 1
29 93 -1
29 94 -1
29 96 1
29 97 1
29 99 1
29 100 1
29 101 -1
29 102 1
29 103 1
29 104 1
29 106 1
29 107 1
29 109 1
29 111 1
29 113 1
29 117 -1
29 118 1
29 119 1
29 120 1
29 121 1
29 123 -1
29 124 1
29 125 1
29 126 1
29 127 -1
29 131 1
29 132 1
29 136 1
29 137 1
29 139 1
29 143 1
29 144 1
29 145 1
29 147 1
29 148 1
29 150 1
30 4 1
30 7 -1
30 9 1
30 10 1
30 11 -1
30 13 -1
30 14 1
30 15 -1
30 16 1
30 19 -1
30 21 1
30 22 1
30 24 1
30 25 1
30 27 1
30 29 -1
30 32 -1
30 33 1
30 35 1
30 38 1
30 52 1
30 54 1
30 61 -1
30 65 1
30 66 -1
30 72 1
30 73 1
30 74 1
30 77 1
30 78 1
30 80 1
30 81 1
30 82 1
30 83 1
30 84 -1
30 86 -1
30 88 1
30 92 1
30 95 1
30 98 -1
30 99 1
30 104 1
30 108 1
30 115 -1
30 117 1
30 121 1
30 126 1
30 129 1
30 131 1
30 136 1
30 138 1
30 139 1
30 140 1
30 142 1
30 144 1
30 145 1
30 146 1
30 147 1
30 149 -1
31 5 1
31 6 -1
31 9 1
31 11 1
31 13 -1
31 14 1
31 15 1
31 18 -1
31 20 1
31 23 1
31 25 1
31 29 -1
31 30 1
31 32 1
31 35 1
31 36 1
31 37 1
31 39 1
31 40 1
31 42 1
31 43 -1
31 44 1
31 45 -1
31 47 -1
31 54 1
31 55 1
31 57 1
31 59 1
31 62 1
31 64 -1
31 69 1
31 70 1
31 71 1
31 72 1
31 74 -1
31 76 1
31 77 -1
31 81 1
31 82 1
31 86 -1
31 87 1
31 92 -1
31 97 1
31 101 1
31 102 1
31 105 1
31 106 -1
31 107 1
31 108 1
31 110 1
31 111 -1
31 112 1
31 117 1
31 118 -1
31 119 1
31 120 1
31 121 1
31 124 1
31 125 1
31 126 1
31 128 1
31 129 1
31 132 1
31 133 1
31 134 1
31 136 1
31 143 1
31 144 1
31 145 1
31 146 -1
31 149 1
32 1 1
32 2 1
32 4 1
32 5 1
32 6 1
32 9 1
32 10 1
32 12 1
32 13 1
32 15 1
32 16 1
32 17 -1
32 21 -1
32 23 1
32 24 1
32 28 1
32 29 1
32 33 1
32 36 1
32 37 1
32 39 1
32 40 1
32 41 1
32 43 -1
32 44 1
32 45 1
32 48 1
32 53 1
32 54 1
32 57 1
32 59 1
32 60 -1
32 62 1
32 63 1
32 70 -1
32 71 1
32 73 1
32 77 1
32 78 -1
32 79 1
32 80 1
32 82 1
32 83 1
32 84 1
32 87 1
32 90 1
32 94 1
32 95 1
32 96 1
32 98 1
32 101 1
32 103 1
32 104 -1
32 105 1
32 106 1
32 109 -1
32 110 1
32 111 1
32 112 -1
32 113 1
32 114 1
32 115 1
32 117 1
32 119 1
32 120 1
32 124 1
32 127 1
32 128 1
32 129 1
32 131 1
32 132 1
32 134 1
32 135 1
32 138 -1
32 139 -1
32 140 1
32 142 1
32 143 1
32 144 1
32 147 -1
32 148 1
32 149 1
33 1 1
33 2 1
33 5 -1
33 10 1
33 12 1
33 13 1
33 14 -1
33 15 1
33 16 1
33 18 1
33 20 1
33 21 1
33 24 1
33 26 1
33 27 1
33 28 -1
33 29 1
33 31 1
33 35 1
33 37 1
33 39 1
33 40 -1
33 41 1
33 42 1
33 43 1
33 46 1
33 48 -1
33 51 1
33 54 1
33 59 1
33 60 1
33 66 1
33 67 1
33 69 1
33 72 1
33 74 -1
33 75 1
33 76 1
33 77 1
33 78 1
33 79 1
33 80 1
33 81 -1
33 83 1
33 85 1
33 86 1
33 87 1
33 89 -1
33 91 -1
33 93 1
33 95 -1
33 100 1
33 104 1
33 106 1
33 107 1
33 109 1
33 110 1
33 111 1
33 112 -1
33 115 1
33 117 -1
33 120 -1
33 121 1
33 124 1
33 126 1
33 127 1
33 128 1
33 130 1
33 131 -1
33 138 -1
33 139 1
33 140 1
33 142 1
33 148 1
34 1 1
34 6 1
34 7 1
34 9 1
34 12 -1
34 13 1
34 15 1
34 18 1
34 21 1
34 25 1
34 29 1
34 30 -1
34 31 1
34 32 1
34 33 -1
34 36 -1
34 37 1
34 38 1
34 39 1
34 40 1
34 42 1
34 43 -1
34 44 1
34 45 1
34 46 1
34 49 1
34 50 1
34 51 1
34 52 -1
34 53 1
34 55 1
34 56 1
34 60 1
34 61 1
34 63 1
34 64 1
34 65 1
34 68 1
34 74 1
34 75 1
34 77 1
34 79 1
34 83 -1
34 84 1
34 85 1
34 88 1
34 90 -1
34 91 1
34 92 1
34 93 -1
34 95 -1
34 96 -1
34 98 1
34 99 1
34 100 1
34 101 1
34 102 1
34 105 1
34 106 -1
34 109 1
34 110 -1
34 111 -1
34 113 -1
34 117 -1
34 118 1
34 120 1
34 121 1
34 122 1
34 123 1
34 125 -1
34 130 1
34 132 1
34 133 -1
34 134 1
34 136 1
34 137 1
34 139 -1
34 145 1
34 147 1
34 148 1
34 149 -1
34 150 1
35 1 1
35 2 1
35 4 1
35 5 1
35 6 1
35 8 1
35 9 1
35 13 1
35 14 1
35 15 1
35 17 1
35 18 1
35 19 1
35 21 1
35 23 1
35 24 1
35 27 1
35 28 -1
35 32 -1
35 34 1
35 36 1
35 37 1
35 40 1
35 42 1
35 43 -1
35 44 1
35 45 -1
35 46 -1
35 47 1
35 49 -1
35 50 1
35 51 1
35 52 1
35 54 1
35 55 1
35 56 1
35 57 -1
35 62 1
35 63 1
35 64 1
35 69 1
35 72 1
35 73 1
35 76 1
35 77 1
35 79 1
35 80 1
35 81 1
35 82 1
35 85 1
35 86 1
35 90 1
35 92 1
35 93 1
35 98 1
35 100 1
35 101 1
35 104 1
35 105 1
35 106 1
35 110 1
35 111 -1
35 112 1
35 113 1
35 116 1
35 117 1
35 119 -1
35 120 1
35 121 -1
35 123 1
35 130 1
35 133 1
35 134 1
35 135 1
35 137 1
35 138 1
35 139 1
35 140 1
35 141 1
35 142 1
35 145 1
35 148 -1
35 149 1
35 150 1
36 3 1
36 5 1
36 11 1
36 12 1
36 18 -1
36 19 1
36 20 1
36 22 1
36 25 -1
36 26 1
36 27 1
36 29 1
36 30 -1
36 33 1
36 37 1
36 38 1
36 40 1
36 42 1
36 46 -1
36 49 1
36 54 1
36 55 1
36 56 1
36 63 1
36 64 1
36 66 1
36 70 1
36 74 1
36 78 -1
36 84 1
36 87 1
36 89 1
36 90 1
36 91 1
36 93 1
36 95 1
36 96 1
36 97 1
36 101 1
36 102 1
36 103 1
36 104 -1
36 105 1
36 108 1
36 110 1
36 116 1
36 119 -1
36 120 -1
36 123 1
36 124 1
36 126 1
36 127 1
36 129 1
36 133 1
36 134 -1
36 135 1
36 137 -1
36 138 1
36 140 1
36 143 1
36 144 1
36 146 1
36 147 1
36 148 1
36 150 1
37 1 1
37 2 1
37 4 1
37 5 1
37 6 1
37 8 1
37 11 1
37 12 1
37 13 -1
37 15 -1
37 18 1
37 20 1
37 25 1
37 26 1
37 28 1
37 29 -1
37 30 1
37 38 1
37 40 1
37 42 1
37 43 1
37 46 1
37 47 1
37 48 1
37 49 1
37 50 1
37 57 1
37 58 1
37 60 1
37 62 1
37 63 1
37 65 1
37 66 1
37 67 1
37 68 -1
37 71 1
37 76 1
37 78 1
37 84 1
37 85 -1
37 87 1
37 95 1
37 96 1
37 99 1
37 102 1
37 103 1
37 105 1
37 108 -1
37 109 1
37 110 1
37 111 1
37 112 -1
37 113 1
37 114 1
37 115 1
37 116 1
37 117 1
37 118 -1
37 119 1
37 120 1
37 122 1
37 126 -1
37 129 1
37 132 -1
37 133 1
37 136 1
37 137 1
37 140 1
37 141 -1
37 142 1
37 143 1
37 144 1
37 145 1
37 146 -1
37 149 -1
37 150 1
38 5 1
38 6 -1
38 12 1
38 15 1
38 16 1
38 20 1
38 21 -1
38 23 1
38 24 -1
38 26 1
38 31 1
38 32 1
38 33 1
38 35 1
38 39 -1
38 40 1
38 41 -1
38 45 1
38 49 1
38 50 1
38 51 1
38 52 -1
38 54 1
38 55 1
38 56 1
38 57 1
38 58 1
38 59 1
38 60 1
38 65 1
38 68 1
38 70 1
38 71 -1
38 75 1
38 80 1
38 82 1
38 83 1
38 84 1
38 90 1
38 91 1
38 93 1
38 94 1
38 97 1
38 98 1
38 101 1
38 103 -1
38 104 1
38 105 -1
38 107 1
38 108 1
38 111 1
38 112 1
38 114 1
38 115 1
38 117 1
38 121 1
38 123 1
38 124 1
38 125 1
38 128 1
38 129 -1
38 134 1
38 135 -1
38 136 1
38 137 1
38 138 -1
38 140 -1
38 144 1
38 146 1
38 149 1
39 1 -1
39 2 1
39 6 1
39 7 -1
39 9 1
39 11 1
39 13 1
39 14 1
39 15 1
39 16 -1
39 20 1
39 21 -1
39 25 1
39 27 -1
39 28 1
39 30 1
39 35 -1
39 36 1
39 37 1
39 41 1
39 42 1
39 48 1
39 49 1
39 52 1
39 53 1
39 56 1
39 59 1
39 60 1
39 61 1
39 62 1
39 65 -1
39 66 1
39 67 1
39 68 1
39 69 1
39 71 1
39 72 1
39 73 1
39 74 1
39 76 1
39 77 1
39 78 1
39 79 1
39 80 1
39 85 1
39 86 1
39 87 1
39 90 1
39 91 1
39 93 1
39 95 1
39 96 -1
39 98 1
39 99 1
39 100 1
39 103 1
39 105 1
39 106 1
39 107 1
39 109 1
39 111 1
39 112 1
39 113 1
39 115 1
39 117 1
39 119 1
39 122 1
39 123 1
39 124 1
39 126 1
39 127 1
39 128 1
39 130 -1
39 133 1
39 135 1
39 137 -1
39 146 1
39 147 1
39 149 -1
39 150 1
40 1 1
40 2 -1
40 4 -1
40 5 1
40 8 1
40 9 1
40 10 1
40 17 1
40 18 1
40 19 -1
40 20 1
40 21 1
40 23 1
40 24 1
40 25 1
40 26 1
40 29 -1
40 30 1
40 39 1
40 43 1
40 45 1
40 46 1
40 49 1
40 50 1
40 55 1
40 56 1
40 57 1
40 58 1
40 59 1
40 61 -1
40 62 -1
40 65 1
40 67 1
40 68 1
40 69 1
40 72 1
40 73 1
40 74 1
40 77 1
40 78 1
40 81 1
40 83 1
40 85 1
40 88 1
40 89 1
40 91 -1
40 92 1
40 94 1
40 95 1
40 96 1
40 97 -1
40 101 1
40 103 1
40 104 1
40 105 1
40 106 1
40 107 1
40 110 1
40 111 1
40 114 -1
40 117 1
40 118 1
40 120 -1
40 121 1
40 122 1
40 125 -1
40 126 1
40 128 -1
40 129 1
40 131 1
40 133 1
40 137 1
40 138 1
40 140 1
40 141 1
40 143 -1
40 144 1
40 145 1
41 1 1
41 3 1
41 4 1
41 6 -1
41 8 1
41 12 1
41 14 1
41 15 1
41 17 1
41 19 1
41 20 1
41 22 1
41 23 -1
41 25 1
41 27 1
41 28 -1
41 29 1
41 30 1
41 31 1
41 34 1
41 35 1
41 36 -1
41 37 1
41 40 1
41 42 1
41 45 1
41 47 1
41 49 1
41 53 1
41 55 1
41 58 -1
41 59 1
41 60 -1
41 62 1
41 65 1
41 67 -1
41 68 1
41 69 1
41 70 1
41 73 1
41 77 1
41 79 1
41 80 1
41 81 1
41 83 1
41 84 1
41 87 1
41 88 -1
41 89 1
41 93 1
41 96 1
41 97 1
41 100 1
41 101 1
41 103 1
41 104 1
41 105 1
41 106 1
41 107 1
41 108 1
41 110 -1
41 114 -1
41 116 1
41 121 1
41 125 -1
41 126 1
41 128 1
41 130 1
41 131 1
41 133 1
41 134 1
41 137 1
41 138 -1
41 139 1
41 141 1
41 142 1
41 146 1
41 148 1
41 149 1
42 6 -1
42 8 1
42 12 1
42 16 1
42 18 1
42 20 -1
42 23 1
42 25 -1
42 29 -1
42 30 1
42 32 1
42 38 1
42 40 1
42 45 1
42 51 1
42 52 1
42 53 1
42 63 1
42 64 1
42 65 -1
42 67 1
42 68 1
42 70 1
42 71 1
42 73 -1
42 74 1
42 77 1
42 79 1
42 80 1
42 82 1
42 83 -1
42 84 -1
42 85 -1
42 86 1
42 87 1
42 88 1
42 91 1
42 92 -1
42 93 1
42 94 1
42 96 1
42 97 1
42 98 1
42 99 1
42 102 -1
42 104 1
42 105 1
42 107 1
42 109 1
42 113 1
42 114 1
42 115 1
42 119 1
42 122 -1
42 124 1
42 125 1
42 126 1
42 129 1
42 132 1
42 134 1
42 135 1
42 138 -1
42 141 1
42 144 1
42 145 1
42 149 -1
42 150 1
43 1 1
43 2 1
43 6 1
43 8 1
43 9 -1
43 10 -1
43 11 1
43 12 -1
43 13 1
43 17 1
43 20 1
43 22 1
43 23 1
43 24 1
43 25 1
43 29 1
43 30 1
43 36 1
43 38 1
43 39 1
43 41 -1
43 42 1
43 46 1
43 48 1
43 49 -1
43 52 1
43 53 1
43 54 1
43 55 1
43 56 1
43 57 1
43 60 1
43 61 1
43 62 1
43 63 1
43 65 1
43 67 1
43 68 1
43 71 -1
43 72 1
43 74 1
43 75 1
43 80 1
43 82 1
43 84 1
43 85 1
43 86 1
43 87 1
43 88 1
43 90 1
43 91 1
43 94 1
43 95 1
43 97 1
43 99 1
43 102 1
43 104 1
43 105 1
43 110 1
43 113 1
43 114 1
43 119 1
43 123 -1
43 124 -1
43 126 1
43 128 -1
43 129 1
43 132 1
43 134 1
43 136 1
43 139 -1
43 141 -1
43 142 1
43 144 -1
43 147 1
43 148 1
43 149 1
43 150 1
44 2 1
44 4 1
44 7 1
44 9 -1
44 12 1
44 14 1
44 15 1
44 16 1
44 19 1
44 20 1
44 22 1
44 23 1
44 24 1
44 26 1
44 27 -1
44 28 1
44 29 -1
44 30 1
44 33 -1
44 36 1
44 37 1
44 38 1
44 39 1
44 40 1
44 41 1
44 42 1
44 43 1
44 46 1
44 49 1
44 51 1
44 53 1
44 56 1
44 57 1
44 59 1
44 60 -1
44 61 1
44 66 1
44 68 -1
44 72 1
44 75 -1
44 76 1
44 77 -1
44 82 1
44 84 1
44 95 1
44 99 -1
44 100 1
44 104 1
44 105 -1
44 106 1
44 107 -1
44 110 -1
44 111 1
44 112 -1
44 113 1
44 114 1
44 115 -1
44 118 -1
44 119 -1
44 120 1
44 123 1
44 126 1
44 129 1
44 130 -1
44 131 -1
44 132 1
44 134 1
44 135 1
44 136 1
44 140 -1
44 141 1
44 143 -1
44 144 1
44 146 1
44 148 1
45 2 1
45 3 1
45 4 1
45 7 1
45 9 1
45 16 -1
45 20 -1
45 22 1
45 23 -1
45 25 1
45 27 1
45 30 1
45 33 1
45 36 1
45 37 -1
45 39 1
45 43 1
45 44 1
45 46 1
45 47 1
45 48 1
45 51 1
45 52 -1
45 56 1
45 62 -1
45 63 1
45 64 1
45 67 1
45 68 1
45 71 -1
45 73 1
45 74 1
45 76 1
45 77 1
45 79 1
45 83 1
45 84 1
45 86 1
45 88 1
45 91 -1
45 92 -1
45 95 -1
45 97 -1
45 98 1
45 99 1
45 100 -1
45 102 1
45 103 1
45 104 1
45 105 1
45 106 1
45 108 1
45 110 1
45 111 -1
45 112 1
45 115 1
45 117 1
45 120 1
45 121 1
45 122 -1
45 123 1
45 125 -1
45 126 1
45 127 1
45 128 1
45 130 1
45 133 -1
45 134 1
45 136 1
45 138 -1
45 139 1
45 140 1
45 141 1
45 142 1
45 144 1
45 146 1
45 147 1
45 148 1
45 150 1
46 1 1
46 2 1
46 3 -1
46 4 1
46 8 1
46 10 1
46 12 1
46 13 1
46 14 1
46 21 1
46 23 1
46 24 1
46 26 1
46 30 1
46 31 1
46 32 1
46 38 1
46 39 -1
46 41 1
46 42 -1
46 47 1
46 50 1
46 51 1
46 52 1
46 56 1
46 58 1
46 63 1
46 65 -1
46 66 1
46 67 1
46 68 1
46 69 1
46 70 1
46 75 1
46 77 1
46 78 1
46 79 -1
46 80 1
46 82 1
46 85 -1
46 86 1
46 89 -1
46 91 1
46 92 1
46 93 1
46 95 1
46 98 1
46 99 1
46 102 1
46 105 1
46 107 1
46 109 1
46 110 1
46 111 1
46 112 1
46 113 1
46 114 1
46 115 1
46 120 1
46 122 1
46 124 1
46 125 1
46 126 1
46 131 1
46 132 1
46 133 -1
46 134 -1
46 135 1
46 136 1
46 138 -1
46 140 1
46 141 1
46 142 -1
46 143 1
46 146 1
46 147 1
47 1 1
47 2 1
47 3 1
47 4 -1
47 5 1
47 7 1
47 8 -1
47 12 1
47 13 -1
47 19 1
47 23 1
47 27 1
47 28 1
47 29 1
47 30 1
47 32 -1
47 33 1
47 34 -1
47 36 1
47 38 -1
47 39 -1
47 40 1
47 42 1
47 43 1
47 44 1
47 48 1
47 50 1
47 51 1
47 56 1
47 57 -1
47 58 1
47 60 1
47 61 1
47 62 1
47 64 -1
47 65 1
47 67 1
47 71 1
47 72 1
47 73 1
47 75 1
47 76 1
47 80 1
47 82 1
47 85 -1
47 86 1
47 87 -1
47 90 1
47 92 -1
47 93 1
47 94 1
47 95 1
47 96 1
47 97 1
47 98 1
47 99 1
47 100 1
47 101 1
47 102 -1
47 103 1
47 104 1
47 107 1
47 108 1
47 109 1
47 110 1
47 113 1
47 116 1
47 117 1
47 120 1
47 123 1
47 130 1
47 132 1
47 133 1
47 136 1
47 137 1
47 139 1
47 142 1
47 143 1
47 144 1
47 145 -1
47 146 -1
48 1 1
48 7 -1
48 10 1
48 11 1
48 13 1
48 16 1
48 18 1
48 20 1
48 21 -1
48 23 1
48 28 1
48 29 1
48 30 1
48 31 -1
48 34 1
48 35 1
48 36 1
48 38 1
48 40 1
48 41 1
48 42 -1
48 44 1
48 46 -1
48 49 1
48 55 1
48 56 -1
48 58 -1
48 59 1
48 60 1
48 63 1
48 65 1
48 66 -1
48 67 1
48 69 1
48 70 1
48 72 1
48 73 1
48 74 1
48 77 -1
48 78 -1
48 80 1
48 83 1
48 85 -1
48 86 1
48 87 -1
48 90 1
48 91 1
48 93 -1
48 94 1
48 95 1
48 96 1
48 97 1
48 99 1
48 101 1
48 104 1
48 105 1
48 107 1
48 108 1
48 109 1
48 111 1
48 112 1
48 113 -1
48 116 1
48 118 1
48 119 1
48 121 1
48 124 1
48 128 1
48 131 1
48 132 1
48 133 -1
48 134 -1
48 135 1
48 136 1
48 137 1
48 140 -1
48 141 -1
48 143 1
48 144 1
48 145 1
48 146 1
48 148 1
49 4 1
49 5 1
49 9 1
49 10 1
49 11 1
49 12 -1
49 13 1
49 14 1
49 15 1
49 16 1
49 18 -1
49 19 1
49 23 1
49 24 1
49 26 1
49 29 1
49 30 1
49 31 1
49 32 1
49 33 1
49 42 -1
49 45 1
49 46 1
49 47 1
49 50 1
49 52 1
49 53 1
49 54 1
49 55 1
49 56 1
49 57 1
49 59 1
49 60 1
49 61 1
49 63 -1
49 66 -1
49 67 1
49 68 -1
49 69 1
49 70 1
49 71 1
49 75 1
49 76 1
49 77 1
49 78 1
49 80 -1
49 82 1
49 84 1
49 87 1
49 89 1
49 91 1
49 92 -1
49 94 1
49 96 -1
49 97 -1
49 100 -1
49 101 -1
49 102 -1
49 103 1
49 105 1
49 106 1
49 107 -1
49 108 1
49 109 1
49 110 1
49 117 1
49 118 1
49 119 1
49 122 1
49 124 1
49 125 1
49 129 1
49 130 1
49 132 1
49 133 -1
49 134 1
49 135 1
49 136 1
49 137 1
49 141 1
49 142 1
49 143 1
49 144 -1
49 146 1
49 147 -1
49 150 -1
50 1 1
50 3 1
50 7 -1
50 11 -1
50 16 1
50 17 -1
50 18 1
50 19 -1
50 24 1
50 27 1
50 28 1
50 30 1
50 31 1
50 32 1
50 33 1
50 36 1
50 39 -1
50 41 -1
50 42 1
50 43 -1
50 44 1
50 45 1
50 48 1
50 51 1
50 57 1
50 60 1
50 64 1
50 65 1
50 66 1
50 67 1
50 70 -1
50 72 1
50 80 1
50 81 1
50 83 1
50 86 1
50 88 1
50 89 1
50 90 -1
50 91 1
50 97 -1
50 99 1
50 101 1
50 103 1
50 104 1
50 105 1
50 106 1
50 107 1
50 109 1
50 110 1
50 111 1
50 117 1
50 118 -1
50 119 1
50 121 1
50 122 -1
50 123 1
50 126 1
50 127 1
50 130 1
50 131 1
50 132 1
50 135 1
50 136 1
50 138 -1
50 139 -1
50 140 1
50 141 1
50 144 1
50 145 1
50 147 -1
50 148 1
50 149 1
50 150 1
51 1 1
51 2 1
51 4 1
51 5 1
51 7 1
51 9 1
51 10 1
51 13 1
51 14 1
51 16 1
51 17 1
51 19 1
51 21 1
51 22 1
51 24 -1
51 26 1
51 28 1
51 30 1
51 31 1
51 32 1
51 36 1
51 37 1
51 39 1
51 40 1
51 41 1
51 43 1
51 48 -1
51 49 -1
51 52 1
51 56 1
51 60 -1
51 63 -1
51 64 1
51 68 1
51 75 -1
51 76 1
51 77 -1
51 79 1
51 84 1
51 88 1
51 89 1
51 92 1
51 94 1
51 96 -1
51 98 -1
51 101 1
51 104 1
51 107 1
51 109 1
51 115 1
51 116 1
51 118 1
51 120 -1
51 122 1
51 125 1
51 126 1
51 131 1
51 132 1
51 133 -1
51 135 1
51 136 1
51 139 1
51 140 1
51 143 1
51 144 1
51 145 1
51 146 -1
51 147 1
51 149 1
52 1 -1
52 2 -1
52 3 -1
52 4 1
52 6 1
52 13 1
52 15 -1
52 16 1
52 19 1
52 21 1
52 22 1
52 23 1
52 26 1
52 27 1
52 28 -1
52 29 -1
52 31 1
52 32 1
52 33 1
52 36 1
52 37 1
52 40 -1
52 41 1
52 44 1
52 47 1
52 48 1
52 50 -1
52 54 1
52 56 1
52 59 1
52 61 -1
52 64 1
52 65 1
52 66 1
52 68 1
52 70 1
52 73 1
52 76 -1
52 78 1
52 79 1
52 82 1
52 83 1
52 84 1
52 85 1
52 88 1
52 89 -1
52 90 1
52 91 1
52 92 1
52 93 1
52 96 -1
52 98 1
52 99 -1
52 102 1
52 103 1
52 104 1
52 105 1
52 107 1
52 108 1
52 109 -1
52 112 1
52 113 1
52 115 -1
52 116 1
52 120 1
52 122 1
52 124 1
52 125 1
52 127 -1
52 130 1
52 131 1
52 132 1
52 134 -1
52 135 1
52 137 1
52 139 1
52 140 -1
52 142 1
52 144 1
52 147 1
52 149 1
52 150 -1
53 1 1
53 2 1
53 3 1
53 10 1
53 12 1
53 15 1
53 17 1
53 19 1
53 23 -1
53 25 1
53 28 1
53 29 1
53 30 1
53 31 1
53 33 1
53 35 -1
53 36 1
53 37 1
53 38 1
53 40 -1
53 45 1
53 46 1
53 47 1
53 48 1
53 50 -1
53 51 1
53 52 1
53 56 1
53 57 -1
53 59 1
53 61 1
53 62 1
53 64 1
53 71 1
53 73 1
53 76 1
53 77 -1
53 78 1
53 79 1
53 84 -1
53 86 1
53 87 1
53 92 1
53 95 1
53 96 -1
53 97 1
53 98 1
53 99 1
53 100 1
53 102 1
53 105 1
53 107 1
53 108 1
53 110 1
53 112 1
53 114 -1
53 117 1
53 118 -1
53 119 1
53 120 1
53 121 1
53 124 1
53 126 -1
53 133 1
53 134 1
53 136 1
53 137 1
53 140 1
53 145 1
53 147 -1
54 1 1
54 3 1
54 7 -1
54 8 1
54 11 1
54 14 1
54 15 1
54 16 1
54 17 1
54 18 1
54 19 -1
54 20 1
54 21 1
54 22 1
54 24 1
54 28 -1
54 29 1
54 34 -1
54 37 1
54 39 -1
54 40 1
54 41 1
54 42 1
54 44 1
54 45 -1
54 46 1
54 47 1
54 48 1
54 50 -1
54 51 1
54 53 -1
54 56 1
54 59 1
54 63 -1
54 65 1
54 72 1
54 73 1
54 74 1
54 75 1
54 76 1
54 78 -1
54 87 1
54 90 1
54 91 -1
54 95 1
54 96 1
54 97 1
54 99 1
54 100 1
54 102 1
54 103 1
54 104 1
54 106 1
54 110 -1
54 111 1
54 113 1
54 116 1
54 119 1
54 120 1
54 121 1
54 122 1
54 123 1
54 124 -1
54 127 1
54 128 1
54 130 1
54 133 1
54 135 1
54 138 1
54 139 1
54 141 1
54 142 1
54 144 1
55 2 1
55 8 -1
55 9 1
55 11 -1
55 17 1
55 18 -1
55 19 1
55 21 1
55 22 1
55 24 1
55 25 1
55 26 -1
55 27 -1
55 29 1
55 30 -1
55 32 1
55 33 -1
55 37 1
55 39 1
55 42 1
55 44 1
55 45 1
55 46 1
55 47 1
55 50 1
55 51 -1
55 52 1
55 53 1
55 54 1
55 56 -1
55 58 1
55 59 1
55 60 -1
55 61 -1
55 64 1
55 72 1
55 73 1
55 75 1
55 77 1
55 78 1
55 80 1
55 81 1
55 83 1
55 84 -1
55 88 1
55 93 1
55 97 1
55 98 1
55 101 -1
55 105 1
55 107 1
55 108 1
55 111 -1
55 112 1
55 113 1
55 114 1
55 117 1
55 121 -1
55 122 1
55 123 1
55 127 1
55 128 -1
55 130 1
55 132 1
55 133 1
55 134 1
55 137 1
55 138 1
55 139 1
55 140 1
55 141 1
55 148 1
55 149 1
56 3 -1
56 4 1
56 5 1
56 6 1
56 11 1
56 12 1
56 13 -1
56 16 1
56 17 1
56 20 -1
56 22 1
56 23 1
56 25 1
56 27 1
56 28 1
56 29 -1
56 30 1
56 31 1
56 32 1
56 33 1
56 37 1
56 41 1
56 42 1
56 50 1
56 57 1
56 63 1
56 65 1
56 66 1
56 68 1
56 70 1
56 72 1
56 73 1
56 74 1
56 76 1
56 80 1
56 84 1
56 87 1
56 88 -1
56 89 1
56 90 1
56 91 1
56 93 1
56 94 1
56 95 1
56 96 1
56 97 1
56 99 1
56 101 1
56 102 1
56 104 -1
56 105 1
56 107 1
56 108 1
56 109 1
56 111 1
56 113 -1
56 117 1
56 119 -1
56 120 1
56 125 1
56 126 1
56 128 -1
56 129 1
56 130 1
56 131 1
56 132 -1
56 135 -1
56 137 1
56 144 1
56 148 1
56 150 -1
57 3 1
57 4 -1
57 5 1
57 7 1
57 8 1
57 9 1
57 11 -1
57 13 1
57 14 1
57 17 1
57 20 1
57 21 1
57 22 -1
57 23 1
57 27 1
57 28 1
57 29 1
57 30 1
57 33 1
57 34 1
57 36 -1
57 39 -1
57 41 -1
57 42 1
57 45 1
57 46 -1
57 48 1
57 51 1
57 52 1
57 54 1
57 55 1
57 59 1
57 60 1
57 61 1
57 64 1
57 65 1
57 66 1
57 67 1
57 68 1
57 69 1
57 70 1
57 74 1
57 77 -1
57 79 1
57 81 1
57 83 1
57 84 1
57 88 1
57 89 1
57 90 1
57 91 1
57 97 -1
57 99 -1
57 101 1
57 102 1
57 103 -1
57 105 1
57 106 1
57 109 1
57 110 1
57 111 1
57 114 -1
57 116 1
57 117 1
57 119 1
57 120 1
57 121 1
57 124 1
57 126 1
57 127 1
57 129 1
57 131 1
57 134 1
57 135 -1
57 136 1
57 138 1
57 139 1
57 140 1
57 141 1
57 142 -1
57 144 1
57 150 1
58 1 1
58 5 -1
58 6 1
58 8 1
58 10 1
58 11 1
58 13 1
58 16 1
58 17 1
58 18 1
58 20 1
58 21 -1
58 23 1
58 25 1
58 29 1
58 30 1
58 31 1
58 32 -1
58 33 -1
58 34 -1
58 35 1
58 36 -1
58 39 1
58 42 1
58 43 1
58 44 1
58 45 1
58 49 1
58 50 1
58 51 1
58 52 1
58 53 1
58 54 1
58 56 1
58 57 -1
58 59 -1
58 60 -1
58 61 1
58 65 1
58 67 1
58 68 -1
58 75 1
58 78 -1
58 81 -1
58 83 1
58 85 1
58 86 1
58 91 1
58 92 1
58 95 -1
58 99 1
58 100 -1
58 101 1
58 102 1
58 103 1
58 107 1
58 112 1
58 113 -1
58 118 1
58 121 1
58 125 1
58 132 -1
58 135 1
58 145 1
58 149 1
58 150 1
59 2 1
59 4 1
59 5 1
59 6 1
59 7 1
59 8 1
59 10 1
59 11 -1
59 12 1
59 14 1
59 18 1
59 19 -1
59 22 -1
59 23 1
59 30 1
59 34 1
59 35 1
59 36 1
59 37 1
59 42 1
59 43 1
59 45 1
59 46 1
59 47 -1
59 50 1
59 51 1
59 56 1
59 62 -1
59 68 1
59 69 -1
59 70 1
59 71 1
59 73 1
59 74 1
59 77 1
59 78 -1
59 79 1
59 81 -1
59 82 -1
59 83 1
59 84 1
59 88 1
59 91 -1
59 94 -1
59 96 1
59 97 1
59 98 1
59 99 1
59 100 1
59 102 1
59 104 1
59 107 1
59 108 1
59 111 -1
59 112 -1
59 115 1
59 116 1
59 117 1
59 120 1
59 121 1
59 126 1
59 127 1
59 129 1
59 134 1
59 135 1
59 136 1
59 139 -1
59 140 1
59 141 1
59 145 1
59 146 1
59 149 1
59 150 1
60 6 1
60 11 -1
60 13 1
60 21 1
60 23 -1
60 24 -1
60 25 1
60 26 -1
60 27 1
60 28 1
60 29 1
60 30 1
60 31 1
60 35 -1
60 36 1
60 40 1
60 42 1
60 45 1
60 46 1
60 52 1
60 53 1
60 54 -1
60 56 1
60 59 1
60 61 1
60 62 -1
60 64 1
60 65 1
60 68 1
60 69 1
60 71 1
60 72 1
60 76 1
60 77 1
60 79 1
60 81 1
60 83 1
60 84 -1
60 87 -1
60 88 1
60 89 1
60 90 1
60 91 1
60 92 1
60 93 1
60 95 1
60 99 1
60 100 1
60 101 1
60 102 1
60 104 1
60 106 1
60 108 1
60 110 1
60 113 1
60 115 1
60 117 -1
60 118 1
60 119 1
60 121 1
60 123 1
60 128 1
60 131 1
60 137 1
60 139 1
60 140 1
60 141 -1
60 142 1
60 143 -1
60 144 1
60 148 1
61 2 1
61 6 1
61 8 -1
61 11 1
61 12 -1
61 13 1
61 15 -1
61 18 1
61 19 1
61 24 1
61 26 1
61 27 1
61 29 1
61 31 1
61 32 1
61 33 1
61 35 1
61 36 1
61 37 1
61 38 1
61 41 1
61 42 1
61 45 1
61 46 1
61 48 1
61 50 -1
61 51 1
61 54 1
61 56 1
61 59 1
61 62 1
61 63 -1
61 68 1
61 70 -1
61 71 -1
61 74 1
61 76 -1
61 80 -1
61 81 1
61 82 1
61 83 1
61 86 1
61 87 1
61 88 -1
61 91 -1
61 92 1
61 93 1
61 95 1
61 96 1
61 97 -1
61 98 -1
61 99 1
61 102 1
61 105 1
61 107 1
61 109 1
61 111 1
61 113 1
61 114 1
61 115 1
61 117 1
61 119 1
61 124 1
61 126 1
61 127 1
61 130 1
61 132 1
61 133 1
61 134 1
61 135 1
61 136 1
61 139 -1
61 140 1
61 142 1
61 143 1
61 145 1
61 146 1
61 147 1
61 148 1
61 150 1
62 1 -1
62 2 1
62 3 -1
62 5 1
62 6 1
62 7 1
62 8 1
62 10 1
62 11 1
62 12 1
62 18 1
62 23 1
62 25 1
62 28 1
62 30 1
62 33 -1
62 34 1
62 36 -1
62 38 -1
62 42 1
62 44 1
62 46 1
62 48 1
62 49 1
62 50 1
62 51 1
62 52 1
62 54 1
62 55 1
62 56 1
62 57 1
62 58 1
62 63 1
62 64 -1
62 65 -1
62 66 1
62 68 1
62 69 1
62 70 1
62 71 1
62 72 1
62 73 1
62 76 1
62 77 1
62 78 -1
62 81 1
62 82 1
62 84 1
62 88 1
62 89 1
62 92 1
62 93 -1
62 95 1
62 98 1
62 100 1
62 101 1
62 102 1
62 103 -1
62 105 1
62 108 1
62 109 -1
62 111 1
62 112 1
62 113 1
62 118 1
62 119 1
62 120 1
62 122 1
62 125 -1
62 128 1
62 129 1
62 130 -1
62 131 1
62 137 1
62 138 1
62 140 1
62 142 1
63 1 1
63 2 -1
63 4 -1
63 7 1
63 8 1
63 9 1
63 10 1
63 13 1
63 14 1
63 17 1
63 21 1
63 25 1
63 26 -1
63 27 1
63 29 1
63 30 -1
63 31 1
63 33 1
63 38 1
63 39 1
63 40 1
63 41 1
63 44 1
63 47 1
63 50 1
63 52 1
63 53 -1
63 55 1
63 57 1
63 58 1
63 59 1
63 60 1
63 68 -1
63 69 -1
63 74 -1
63 76 -1
63 77 1
63 81 1
63 85 1
63 89 1
63 92 1
63 94 1
63 96 1
63 97 1
63 104 1
63 105 -1
63 106 1
63 107 1
63 108 -1
63 111 -1
63 112 -1
63 114 1
63 115 1
63 116 1
63 117 1
63 118 -1
63 119 1
63 121 -1
63 128 -1
63 129 1
63 131 1
63 133 1
63 134 1
63 136 -1
63 138 1
63 139 1
63 140 -1
63 141 1
63 142 -1
63 143 -1
63 144 1
63 146 1
63 147 -1
63 149 -1
64 2 1
64 3 1
64 4 1
64 5 1
64 7 1
64 8 1
64 9 1
64 11 1
64 12 1
64 13 1
64 18 1
64 19 1
64 20 1
64 21 -1
64 23 1
64 25 1
64 27 1
64 29 1
64 30 -1
64 32 1
64 33 1
64 37 1
64 38 -1
64 39 1
64 40 1
64 41 1
64 43 1
64 44 1
64 46 1
64 48 -1
64 49 1
64 54 1
64 56 1
64 58 1
64 59 1
64 61 -1
64 63 1
64 66 -1
64 67 1
64 69 -1
64 71 1
64 72 1
64 75 1
64 76 1
64 78 1
64 79 1
64 83 1
64 85 1
64 88 1
64 89 1
64 95 1
64 96 1
64 99 1
64 101 -1
64 103 1
64 104 -1
64 106 1
64 109 1
64 111 1
64 112 -1
64 113 -1
64 114 1
64 115 1
64 120 1
64 121 1
64 122 1
64 124 1
64 129 1
64 132 -1
64 135 -1
64 137 -1
64 139 1
64 144 1
64 145 1
64 147 1
64 148 1
64 149 1
65 1 1
65 2 -1
65 3 1
65 4 1
65 8 -1
65 11 -1
65 13 1
65 14 -1
65 15 1
65 17 1
65 19 1
65 20 1
65 21 -1
65 22 1
65 23 -1
65 24 1
65 25 1
65 26 1
65 27 1
65 28 1
65 31 1
65 32 1
65 33 1
65 35 1
65 36 1
65 44 1
65 45 1
65 49 1
65 51 1
65 53 1
65 55 -1
65 59 -1
65 61 1
65 63 1
65 64 -1
65 66 1
65 67 -1
65 68 1
65 70 1
65 73 -1
65 74 1
65 75 1
65 76 1
65 77 1
65 79 1
65 82 1
65 84 1
65 85 1
65 86 1
65 88 -1
65 93 1
65 95 1
65 97 1
65 98 1
65 100 1
65 102 1
65 105 1
65 107 1
65 110 1
65 111 1
65 112 1
65 113 1
65 114 1
65 115 1
65 116 1
65 120 1
65 122 1
65 128 -1
65 129 1
65 131 1
65 134 1
65 136 1
65 138 1
65 144 1
65 146 1
65 147 1
65 148 1
66 1 1
66 3 -1
66 5 1
66 11 1
66 14 1
66 15 1
66 18 -1
66 20 1
66 23 1
66 25 1
66 31 1
66 32 1
66 34 1
66 35 -1
66 38 1
66 40 1
66 41 -1
66 42 -1
66 43 1
66 45 -1
66 47 1
66 51 1
66 53 1
66 54 1
66 55 1
66 58 1
66 59 1
66 60 1
66 61 -1
66 63 1
66 67 -1
66 68 1
66 73 -1
66 74 1
66 75 1
66 78 1
66 79 1
66 85 -1
66 87 1
66 88 1
66 90 1
66 91 -1
66 92 1
66 94 1
66 96 1
66 98 1
66 99 1
66 100 1
66 101 1
66 104 1
66 108 1
66 109 1
66 110 1
66 111 1
66 113 -1
66 116 1
66 120 -1
66 122 1
66 123 1
66 124 1
66 126 1
66 127 1
66 128 -1
66 132 1
66 136 1
66 138 -1
66 139 -1
66 140 -1
66 143 -1
66 145 1
66 146 -1
66 150 1
67 4 1
67 6 1
67 9 1
67 10 1
67 16 1
67 19 1
67 20 -1
67 23 1
67 28 1
67 30 1
67 31 -1
67 32 -1
67 34 1
67 35 -1
67 36 -1
67 38 1
67 44 1
67 51 1
67 52 -1
67 53 1
67 54 1
67 55 1
67 56 1
67 59 1
67 60 1
67 61 1
67 62 -1
67 63 1
67 72 1
67 74 1
67 76 1
67 79 1
67 80 1
67 81 1
67 85 1
67 86 1
67 88 1
67 91 1
67 92 1
67 96 -1
67 97 1
67 98 1
67 99 1
67 103 1
67 105 1
67 106 -1
67 108 1
67 109 -1
67 110 1
67 111 1
67 112 1
67 113 -1
67 115 1
67 116 1
67 118 1
67 119 1
67 120 1
67 122 1
67 124 1
67 125 1
67 126 1
67 127 1
67 128 1
67 129 1
67 130 -1
67 131 1
67 132 -1
67 135 1
67 136 1
67 141 1
67 142 -1
67 144 1
67 147 1
68 1 1
68 4 -1
68 5 -1
68 6 1
68 11 1
68 12 1
68 13 1
68 14 1
68 15 1
68 17 -1
68 19 1
68 21 1
68 24 1
68 25 -1
68 28 -1
68 30 1
68 31 1
68 32 1
68 33 1
68 35 1
68 36 -1
68 47 1
68 48 1
68 50 1
68 53 -1
68 54 1
68 55 1
68 64 1
68 67 1
68 69 1
68 72 1
68 73 1
68 75 1
68 78 -1
68 80 1
68 82 1
68 84 -1
68 85 1
68 88 1
68 89 1
68 91 1
68 93 1
68 94 1
68 98 1
68 100 1
68 102 -1
68 104 1
68 106 1
68 107 1
68 110 1
68 111 -1
68 113 1
68 114 -1
68 116 1
68 118 1
68 119 1
68 120 1
68 122 1
68 123 1
68 126 1
68 127 1
68 128 1
68 131 1
68 134 1
68 135 1
68 137 1
68 142 1
69 4 1
69 5 1
69 10 1
69 11 1
69 12 -1
69 13 1
69 16 -1
69 17 1
69 19 1
69 20 1
69 25 1
69 26 1
69 27 1
69 30 1
69 32 1
69 34 1
69 36 -1
69 37 1
69 38 1
69 42 1
69 43 1
69 44 1
69 45 1
69 47 1
69 50 1
69 51 1
69 52 1
69 53 1
69 54 1
69 55 1
69 56 1
69 58 1
69 61 1
69 65 1
69 66 1
69 67 -1
69 70 1
69 74 1
69 75 1
69 76 -1
69 77 1
69 78 1
69 79 1
69 81 1
69 82 1
69 83 -1
69 84 1
69 85 1
69 88 1
69 93 1
69 95 1
69 97 1
69 98 1
69 100 1
69 101 1
69 102 1
69 107 -1
69 108 -1
69 111 -1
69 113 1
69 114 1
69 116 1
69 118 1
69 123 -1
69 125 1
69 126 -1
69 127 -1
69 128 -1
69 129 1
69 130 1
69 132 -1
69 133 1
69 134 1
69 138 1
69 139 1
69 141 1
69 142 1
69 143 1
69 144 1
69 146 1
69 150 1
70 4 -1
70 7 1
70 10 1
70 15 1
70 16 1
70 20 -1
70 24 1
70 25 1
70 27 1
70 28 1
70 29 1
70 30 1
70 33 1
70 34 1
70 35 1
70 37 1
70 39 1
70 40 1
70 43 -1
70 44 1
70 45 -1
70 47 1
70 51 1
70 53 1
70 54 -1
70 55 1
70 58 1
70 60 1
70 63 1
70 64 -1
70 66 1
70 67 1
70 68 1
70 72 -1
70 73 -1
70 75 1
70 79 -1
70 80 -1
70 85 1
70 86 1
70 92 -1
70 93 1
70 94 -1
70 95 -1
70 96 1
70 98 1
70 101 1
70 102 -1
70 104 -1
70 105 1
70 108 1
70 109 1
70 111 1
70 113 -1
70 115 1
70 119 1
70 120 1
70 121 1
70 122 1
70 127 1
70 129 -1
70 130 -1
70 133 1
70 135 1
70 137 1
70 138 1
70 139 1
70 140 -1
70 141 1
70 144 1
70 145 1
70 146 1
71 2 -1
71 3 1
71 5 1
71 7 1
71 9 -1
71 10 1
71 11 1
71 14 1
71 15 1
71 17 1
71 22 1
71 24 1
71 25 1
71 26 1
71 27 1
71 30 1
71 33 1
71 34 1
71 35 1
71 36 1
71 40 1
71 41 1
71 44 1
71 46 1
71 48 -1
71 50 1
71 51 -1
71 52 -1
71 54 -1
71 55 1
71 56 1
71 57 1
71 58 1
71 63 1
71 65 -1
71 66 1
71 67 1
71 68 1
71 69 -1
71 70 -1
71 72 1
71 73 1
71 74 1
71 81 1
71 87 1
71 88 1
71 89 1
71 90 1
71 91 1
71 93 1
71 101 1
71 104 -1
71 105 1
71 106 1
71 109 1
71 111 1
71 112 1
71 114 1
71 115 1
71 116 1
71 118 1
71 120 1
71 121 -1
71 122 1
71 125 1
71 126 1
71 127 1
71 129 1
71 130 1
71 132 1
71 133 1
71 134 1
71 135 1
71 137 1
71 140 1
71 141 1
71 142 -1
71 143 -1
71 144 1
71 147 1
72 1 1
72 3 1
72 4 1
72 6 1
72 11 1
72 13 1
72 14 1
72 15 1
72 17 1
72 19 1
72 23 1
72 25 1
72 29 1
72 32 1
72 34 -1
72 36 -1
72 37 1
72 38 1
72 41 1
72 42 1
72 45 1
72 46 1
72 49 1
72 51 1
72 52 1
72 53 1
72 57 1
72 58 1
72 59 1
72 61 1
72 63 1
72 65 1
72 66 1
72 69 1
72 73 -1
72 76 1
72 77 1
72 80 1
72 82 1
72 83 1
72 87 1
72 88 1
72 89 1
72 90 1
72 92 -1
72 93 1
72 94 1
72 95 -1
72 96 1
72 97 1
72 98 1
72 99 1
72 101 -1
72 103 1
72 104 -1
72 107 -1
72 108 1
72 111 1
72 114 1
72 115 1
72 120 1
72 122 1
72 123 1
72 125 -1
72 127 1
72 128 1
72 129 1
72 130 1
72 131 1
72 132 1
72 135 1
72 136 1
72 140 1
72 143 1
72 144 1
72 145 -1
72 146 1
72 147 1
72 148 1
72 150 1
73 2 1
73 4 1
73 5 -1
73 11 -1
73 14 1
73 21 1
73 22 -1
73 24 -1
73 25 1
73 27 1
73 28 -1
73 29 1
73 31 1
73 33 -1
73 34 -1
73 36 -1
73 37 1
73 38 1
73 43 1
73 44 1
73 46 1
73 49 1
73 50 1
73 51 1
73 57 -1
73 58 1
73 60 1
73 61 1
73 63 1
73 64 1
73 67 1
73 69 1
73 75 1
73 76 1
73 77 1
73 78 -1
73 79 1
73 81 1
73 83 -1
73 85 -1
73 86 1
73 88 1
73 89 -1
73 90 1
73 91 1
73 95 -1
73 98 1
73 99 1
73 100 1
73 101 1
73 104 1
73 111 -1
73 113 -1
73 114 1
73 116 1
73 118 1
73 119 1
73 120 1
73 122 -1
73 124 -1
73 126 1
73 127 1
73 128 1
73 130 -1
73 132 1
73 133 1
73 136 1
73 138 -1
73 139 1
73 140 1
73 144 1
73 148 -1
73 150 1
74 1 1
74 3 -1
74 4 1
74 7 1
74 8 1
74 10 1
74 11 1
74 13 1
74 14 1
74 16 1
74 17 1
74 19 1
74 20 1
74 22 1
74 23 1
74 26 -1
74 27 1
74 28 1
74 32 1
74 35 1
74 37 1
74 38 1
74 41 -1
74 44 -1
74 46 1
74 47 1
74 49 1
74 50 1
74 51 1
74 52 1
74 53 1
74 55 1
74 58 1
74 60 1
74 62 1
74 64 1
74 68 1
74 70 1
74 72 1
74 73 1
74 75 1
74 76 -1
74 77 1
74 78 1
74 79 -1
74 81 1
74 82 1
74 83 1
74 85 1
74 88 -1
74 90 1
74 91 1
74 92 1
74 95 -1
74 97 -1
74 98 1
74 99 1
74 103 1
74 104 -1
74 106 1
74 107 1
74 109 1
74 113 1
74 118 1
74 122 1
74 123 1
74 125 1
74 128 -1
74 131 -1
74 134 1
74 137 1
74 140 1
74 141 1
74 149 1
74 150 -1
75 1 1
75 2 1
75 4 1
75 5 1
75 7 -1
75 11 1
75 13 1
75 15 -1
75 16 1
75 17 1
75 18 1
75 19 1
75 20 1
75 21 1
75 22 -1
75 25 -1
75 30 1
75 31 1
75 32 -1
75 35 1
75 36 1
75 37 1
75 39 1
75 40 1
75 41 1
75 42 -1
75 45 1
75 48 1
75 50 1
75 52 1
75 53 1
75 56 1
75 57 1
75 59 -1
75 60 1
75 61 1
75 62 1
75 63 1
75 67 1
75 71 1
75 72 1
75 76 1
75 79 1
75 81 -1
75 82 1
75 86 1
75 91 1
75 93 1
75 94 -1
75 96 1
75 97 1
75 98 1
75 100 1
75 102 1
75 103 1
75 107 1
75 109 1
75 110 1
75 113 -1
75 120 1
75 123 -1
75 124 1
75 128 1
75 129 1
75 131 1
75 133 1
75 134 1
75 136 1
75 138 1
75 139 1
75 140 1
75 141 1
75 143 1
75 146 1
75 147 1
76 3 1
76 5 -1
76 8 1
76 9 -1
76 10 -1
76 11 1
76 12 1
76 13 -1
76 15 -1
76 17 1
76 19 -1
76 23 1
76 24 -1
76 25 1
76 26 1
76 28 1
76 29 -1
76 30 1
76 32 1
76 34 1
76 36 1
76 38 1
76 40 -1
76 41 -1
76 42 1
76 43 1
76 46 1
76 48 1
76 50 1
76 55 1
76 57 1
76 58 1
76 59 -1
76 66 -1
76 68 -1
76 70 1
76 71 -1
76 77 1
76 78 -1
76 82 -1
76 83 1
76 85 1
76 87 1
76 88 1
76 90 -1
76 92 -1
76 93 1
76 99 -1
76 102 1
76 103 1
76 104 1
76 105 1
76 107 -1
76 110 1
76 111 1
76 113 1
76 115 -1
76 116 -1
76 118 1
76 120 1
76 123 -1
76 124 1
76 125 -1
76 126 -1
76 128 -1
76 133 1
76 136 1
76 138 -1
76 141 -1
76 142 1
76 143 1
76 146 1
76 148 -1
77 4 1
77 6 1
77 11 1
77 13 1
77 16 1
77 20 1
77 21 1
77 22 -1
77 23 1
77 25 1
77 27 -1
77 28 -1
77 36 1
77 37 1
77 38 1
77 43 1
77 47 1
77 50 1
77 52 1
77 54 1
77 56 1
77 58 1
77 61 1
77 64 1
77 66 1
77 67 -1
77 68 1
77 70 1
77 71 1
77 75 1
77 78 1
77 79 1
77 83 1
77 84 1
77 85 -1
77 86 1
77 87 1
77 90 1
77 98 1
77 100 1
77 101 -1
77 103 -1
77 107 -1
77 112 1
77 115 1
77 118 1
77 119 1
77 120 1
77 124 -1
77 129 -1
77 130 1
77 131 1
77 134 1
77 135 1
77 139 1
77 141 1
77 143 1
77 144 1
77 145 1
77 146 1
78 1 1
78 2 1
78 3 1
78 6 1
78 7 1
78 8 1
78 9 1
78 10 1
78 12 1
78 15 1
78 16 1
78 19 1
78 20 -1
78 21 -1
78 22 1
78 23 1
78 24 1
78 25 1
78 26 1
78 27 1
78 31 1
78 34 1
78 35 -1
78 38 1
78 41 1
78 42 1
78 43 1
78 44 1
78 45 -1
78 47 1
78 50 1
78 51 -1
78 56 1
78 57 -1
78 60 1
78 61 1
78 63 -1
78 65 1
78 67 -1
78 70 1
78 71 1
78 72 1
78 75 1
78 79 1
78 80 1
78 83 -1
78 86 1
78 88 1
78 90 -1
78 92 -1
78 94 1
78 95 1
78 96 1
78 97 1
78 98 1
78 99 1
78 103 1
78 104 1
78 108 -1
78 109 1
78 111 1
78 114 -1
78 115 1
78 119 1
78 120 1
78 123 1
78 124 1
78 126 1
78 127 -1
78 129 1
78 135 1
78 136 1
78 137 1
78 139 1
78 145 1
78 146 1
78 147 -1
79 3 1
79 4 1
79 6 1
79 7 1
79 8 1
79 9 1
79 11 1
79 12 1
79 13 1
79 15 1
79 16 1
79 18 1
79 19 1
79 20 1
79 25 1
79 28 1
79 29 1
79 30 -1
79 31 1
79 36 -1
79 37 -1
79 38 1
79 40 1
79 43 1
79 44 1
79 47 1
79 48 1
79 49 1
79 50 1
79 54 1
79 55 1
79 56 1
79 58 -1
79 61 -1
79 62 1
79 63 1
79 68 1
79 71 1
79 72 1
79 76 1
79 80 1
79 83 1
79 86 1
79 89 1
79 91 -1
79 95 1
79 96 -1
79 97 1
79 101 1
79 102 1
79 103 1
79 109 1
79 110 -1
79 111 1
79 112 1
79 116 1
79 118 1
79 120 1
79 121 1
79 124 1
79 125 1
79 126 -1
79 128 1
79 130 1
79 131 1
79 132 1
79 133 1
79 135 -1
79 137 -1
79 142 1
79 144 1
79 145 -1
79 147 1
79 149 1
79 150 1
80 3 1
80 4 1
80 5 1
80 7 1
80 9 1
80 10 1
80 12 -1
80 14 1
80 17 1
80 19 1
80 20 1
80 22 1
80 23 1
80 27 1
80 28 -1
80 29 1
80 31 1
80 34 1
80 36 1
80 37 1
80 40 1
80 44 1
80 45 1
80 51 1
80 52 1
80 53 1
80 54 1
80 57 -1
80 58 -1
80 59 -1
80 60 1
80 62 -1
80 63 1
80 64 1
80 65 1
80 66 1
80 69 1
80 71 1
80 73 1
80 74 1
80 75 1
80 76 1
80 77 -1
80 82 1
80 83 -1
80 85 -1
80 86 1
80 87 -1
80 88 1
80 89 1
80 93 1
80 95 -1
80 96 1
80 97 1
80 98 1
80 100 1
80 101 1
80 102 -1
80 103 -1
80 106 1
80 107 1
80 108 -1
80 110 1
80 112 1
80 113 1
80 114 1
80 115 1
80 118 1
80 119 1
80 123 1
80 127 1
80 128 1
80 131 1
80 135 1
80 136 1
80 137 1
80 141 1
80 143 1
80 145 1
80 148 1
80 149 -1
80 150 1
81 1 1
81 4 1
81 5 1
81 7 1
81 11 1
81 16 -1
81 18 1
81 22 1
81 23 -1
81 26 1
81 27 -1
81 32 1
81 34 -1
81 36 1
81 37 1
81 38 1
81 39 1
81 42 -1
81 43 1
81 44 1
81 45 1
81 46 1
81 47 1
81 48 1
81 49 1
81 51 1
81 52 1
81 53 -1
81 54 -1
81 56 1
81 64 1
81 65 1
81 66 1
81 68 1
81 70 1
81 72 1
81 76 1
81 77 -1
81 78 -1
81 79 1
81 80 1
81 84 1
81 85 1
81 86 -1
81 88 1
81 89 1
81 91 1
81 94 1
81 95 1
81 96 1
81 97 1
81 99 1
81 101 1
81 102 1
81 103 -1
81 105 1
81 106 -1
81 108 -1
81 110 1
81 115 1
81 117 1
81 118 -1
81 119 1
81 123 1
81 124 -1
81 125 1
81 129 1
81 133 1
81 134 1
81 136 1
81 139 -1
81 140 1
81 141 1
81 142 1
81 143 -1
81 144 1
81 149 1
81 150 1
82 3 1
82 7 1
82 9 1
82 14 1
82 17 -1
82 18 1
82 19 1
82 22 1
82 24 -1
82 25 1
82 27 1
82 28 1
82 33 1
82 34 1
82 36 1
82 37 1
82 39 -1
82 40 1
82 41 -1
82 45 -1
82 48 -1
82 50 -1
82 51 1
82 53 1
82 54 1
82 55 1
82 56 -1
82 57 -1
82 58 1
82 60 1
82 63 1
82 64 1
82 66 1
82 67 1
82 70 1
82 71 1
82 73 1
82 77 1
82 78 1
82 79 1
82 81 1
82 83 1
82 86 1
82 87 -1
82 89 -1
82 90 1
82 91 1
82 94 1
82 95 1
82 96 1
82 97 1
82 98 1
82 100 1
82 101 1
82 102 1
82 104 1
82 105 1
82 106 -1
82 109 1
82 110 1
82 112 1
82 113 1
82 114 -1
82 116 1
82 118 1
82 119 1
82 120 -1
82 121 1
82 122 1
82 124 1
82 127 1
82 128 1
82 129 1
82 130 1
82 131 1
82 132 1
82 134 -1
82 135 -1
82 138 -1
82 148 1
82 149 1
83 1 1
83 3 -1
83 4 1
83 5 1
83 6 1
83 7 1
83 8 1
83 11 1
83 14 1
83 15 1
83 17 -1
83 19 1
83 22 1
83 24 -1
83 27 1
83 29 -1
83 31 1
83 35 1
83 36 1
83 37 1
83 39 1
83 43 -1
83 44 1
83 46 1
83 47 -1
83 49 1
83 51 1
83 53 1
83 54 1
83 56 1
83 62 1
83 63 1
83 65 1
83 66 1
83 67 1
83 68 -1
83 70 1
83 71 1
83 75 1
83 81 -1
83 86 -1
83 87 1
83 89 1
83 90 -1
83 91 1
83 95 1
83 96 1
83 97 1
83 99 1
83 101 -1
83 104 1
83 105 1
83 108 1
83 114 1
83 117 1
83 118 1
83 122 1
83 123 1
83 124 1
83 126 1
83 127 -1
83 128 1
83 129 1
83 130 1
83 133 1
83 134 1
83 137 1
83 140 1
83 142 1
83 143 1
83 144 1
83 145 1
83 147 1
84 1 1
84 2 1
84 3 -1
84 4 1
84 9 1
84 15 -1
84 18 1
84 19 1
84 22 1
84 23 -1
84 24 -1
84 26 1
84 28 -1
84 29 1
84 31 1
84 33 1
84 35 1
84 39 1
84 40 -1
84 46 1
84 47 1
84 48 1
84 50 1
84 54 1
84 58 -1
84 61 1
84 63 1
84 64 1
84 66 1
84 67 1
84 70 1
84 71 -1
84 72 1
84 73 1
84 74 1
84 75 1
84 76 1
84 78 1
84 79 1
84 80 1
84 82 1
84 83 1
84 85 -1
84 87 1
84 88 1
84 91 1
84 97 1
84 98 -1
84 99 1
84 102 1
84 103 1
84 104 -1
84 108 -1
84 110 1
84 112 1
84 114 1
84 115 1
84 117 1
84 118 1
84 123 -1
84 126 1
84 128 1
84 133 1
84 137 -1
84 139 -1
84 140 1
84 142 1
84 147 1
84 149 1
84 150 1
85 1 1
85 6 1
85 8 -1
85 10 1
85 11 1
85 14 -1
85 15 -1
85 16 1
85 17 1
85 21 -1
85 22 1
85 24 1
85 25 1
85 29 1
85 30 -1
85 31 1
85 32 1
85 36 1
85 38 1
85 41 1
85 44 1
85 45 1
85 49 1
85 50 -1
85 51 1
85 53 1
85 54 1
85 55 1
85 56 1
85 57 1
85 59 1
85 60 1
85 61 1
85 62 1
85 71 1
85 72 1
85 75 1
85 78 -1
85 79 1
85 82 1
85 83 1
85 88 1
85 89 1
85 90 -1
85 91 1
85 94 1
85 95 1
85 100 1
85 101 -1
85 102 1
85 103 1
85 104 1
85 106 1
85 110 1
85 112 1
85 114 1
85 115 1
85 116 1
85 117 -1
85 118 1
85 119 1
85 123 1
85 124 1
85 127 1
85 130 1
85 132 1
85 135 1
85 137 1
85 139 1
85 142 1
85 143 1
85 144 1
85 146 1
85 148 1
85 149 -1
86 1 1
86 4 1
86 14 1
86 15 1
86 17 -1
86 18 1
86 19 1
86 21 1
86 23 1
86 24 -1
86 25 1
86 26 1
86 27 1
86 29 1
86 32 1
86 34 1
86 36 1
86 37 -1
86 38 1
86 40 -1
86 41 1
86 44 1
86 49 1
86 51 1
86 52 1
86 54 1
86 55 1
86 56 1
86 57 1
86 59 -1
86 60 1
86 62 1
86 63 1
86 64 -1
86 66 1
86 68 1
86 69 1
86 71 1
86 72 -1
86 74 1
86 76 1
86 84 1
86 85 1
86 87 1
86 89 1
86 90 -1
86 91 1
86 93 1
86 97 1
86 98 1
86 99 -1
86 103 -1
86 106 -1
86 108 -1
86 109 1
86 111 1
86 112 1
86 114 1
86 116 1
86 117 -1
86 125 1
86 127 1
86 128 1
86 130 1
86 131 1
86 133 1
86 134 -1
86 136 1
86 139 1
86 140 1
86 144 -1
86 146 1
86 147 -1
86 148 1
86 149 1
86 150 1
87 1 1
87 2 1
87 3 1
87 4 1
87 6 1
87 7 1
87 10 1
87 11 1
87 13 -1
87 14 1
87 16 1
87 19 1
87 21 1
87 23 1
87 24 -1
87 29 1
87 30 1
87 34 1
87 35 1
87 38 -1
87 40 1
87 44 1
87 45 1
87 46 1
87 50 1
87 51 -1
87 52 1
87 55 1
87 57 1
87 58 1
87 59 1
87 62 1
87 63 -1
87 64 1
87 65 1
87 67 1
87 68 1
87 69 1
87 70 1
87 73 1
87 74 1
87 75 1
87 78 1
87 79 1
87 81 1
87 85 1
87 91 1
87 92 1
87 93 -1
87 95 1
87 96 1
87 97 1
87 98 1
87 99 -1
87 102 1
87 105 1
87 106 1
87 108 1
87 109 -1
87 110 1
87 112 1
87 114 1
87 116 1
87 117 1
87 118 1
87 119 -1
87 125 1
87 131 1
87 134 1
87 135 -1
87 139 1
87 140 1
87 145 -1
87 146 1
87 150 1
88 3 1
88 6 1
88 10 -1
88 11 -1
88 12 1
88 15 -1
88 16 1
88 18 1
88 23 1
88 25 1
88 31 1
88 32 1
88 33 1
88 35 1
88 36 1
88 37 1
88 38 1
88 39 1
88 44 1
88 46 -1
88 47 1
88 48 1
88 49 1
88 53 1
88 54 1
88 58 1
88 63 1
88 70 1
88 75 1
88 77 -1
88 79 1
88 82 1
88 83 1
88 86 1
88 87 1
88 89 1
88 92 1
88 95 -1
88 97 1
88 100 1
88 101 -1
88 106 1
88 107 -1
88 109 1
88 110 1
88 112 -1
88 114 1
88 116 1
88 120 1
88 121 1
88 122 1
88 123 1
88 124 1
88 128 1
88 129 -1
88 131 1
88 132 1
88 135 1
88 137 1
88 141 -1
88 144 -1
88 146 -1
88 148 1
88 149 1
88 150 1
89 1 -1
89 2 1
89 3 1
89 4 1
89 8 1
89 11 1
89 13 1
89 14 1
89 16 1
89 21 -1
89 22 -1
89 24 1
89 25 1
89 27 1
89 28 1
89 29 -1
89 30 1
89 31 -1
89 32 1
89 34 1
89 35 1
89 37 1
89 38 1
89 39 1
89 42 1
89 43 1
89 44 -1
89 45 -1
89 47 1
89 48 -1
89 53 1
89 54 -1
89 55 1
89 58 1
89 59 1
89 61 -1
89 65 1
89 66 -1
89 67 -1
89 69 1
89 70 1
89 74 1
89 75 1
89 76 1
89 77 1
89 78 1
89 84 1
89 87 -1
89 90 1
89 91 -1
89 94 1
89 99 1
89 101 1
89 108 1
89 109 -1
89 111 1
89 114 1
89 115 1
89 116 -1
89 117 1
89 118 1
89 122 1
89 123 -1
89 125 1
89 127 1
89 128 1
89 129 -1
89 131 -1
89 132 1
89 133 1
89 134 1
89 135 -1
89 137 1
89 138 1
89 139 1
89 142 1
89 143 1
89 148 -1
90 1 1
90 5 1
90 9 1
90 14 1
90 15 -1
90 16 1
90 17 1
90 19 -1
90 20 -1
90 24 1
90 25 1
90 28 1
90 30 -1
90 31 1
90 33 -1
90 37 -1
90 40 1
90 41 1
90 42 1
90 44 1
90 45 1
90 46 1
90 49 1
90 51 1
90 53 1
90 55 1
90 58 1
90 59 1
90 61 1
90 62 1
90 63 1
90 64 1
90 65 -1
90 67 1
90 68 1
90 69 1
90 70 1
90 75 1
90 79 1
90 80 1
90 81 1
90 84 1
90 87 1
90 88 1
90 93 1
90 94 1
90 95 1
90 96 1
90 99 1
90 101 1
90 102 1
90 103 1
90 104 1
90 105 1
90 109 1
90 110 1
90 113 -1
90 115 1
90 119 1
90 121 1
90 122 1
90 124 1
90 128 -1
90 129 -1
90 131 1
90 133 1
90 135 1
90 136 -1
90 137 1
90 142 1
90 146 -1
91 1 1
91 2 -1
91 7 1
91 9 1
91 10 -1
91 12 1
91 14 1
91 16 1
91 18 1
91 20 1
91 22 -1
91 24 1
91 25 1
91 29 1
91 30 1
91 31 1
91 32 1
91 35 1
91 37 1
91 41 1
91 44 1
91 47 1
91 51 1
91 53 1
91 55 1
91 62 1
91 63 -1
91 64 1
91 65 1
91 69 1
91 70 1
91 72 1
91 76 1
91 77 1
91 78 1
91 80 1
91 88 1
91 90 -1
91 92 -1
91 93 1
91 94 -1
91 95 1
91 96 1
91 102 1
91 106 1
91 107 1
91 110 1
91 113 1
91 114 1
91 121 1
91 125 1
91 126 1
91 127 -1
91 130 1
91 133 1
91 135 -1
91 138 1
91 140 -1
91 142 -1
91 143 1
91 144 1
91 145 1
91 147 -1
92 3 1
92 7 1
92 9 1
92 14 1
92 15 1
92 18 1
92 24 -1
92 25 1
92 32 -1
92 33 1
92 36 1
92 37 -1
92 38 1
92 39 1
92 41 1
92 43 1
92 44 1
92 48 -1
92 50 1
92 54 1
92 55 1
92 56 -1
92 57 1
92 59 1
92 64 1
92 65 1
92 68 1
92 69 1
92 71 1
92 73 1
92 75 1
92 77 1
92 79 1
92 80 1
92 81 -1
92 82 1
92 83 1
92 84 1
92 85 -1
92 86 1
92 89 1
92 90 1
92 93 1
92 97 1
92 103 1
92 104 -1
92 106 1
92 107 1
92 111 1
92 113 1
92 114 1
92 115 1
92 116 -1
92 117 1
92 120 1
92 121 1
92 122 -1
92 125 1
92 126 1
92 129 1
92 131 1
92 132 1
92 134 1
92 135 1
92 137 1
92 140 1
92 141 1
92 142 1
92 143 1
92 144 1
92 147 -1
92 148 1
92 149 1
93 3 1
93 4 1
93 7 1
93 9 1
93 11 -1
93 13 1
93 16 1
93 19 1
93 21 1
93 22 -1
93 26 1
93 27 1
93 30 1
93 31 1
93 32 1
93 37 1
93 40 1
93 43 1
93 44 -1
93 45 1
93 49 1
93 50 1
93 51 1
93 53 1
93 54 1
93 57 -1
93 58 1
93 59 -1
93 63 1
93 64 1
93 66 1
93 67 1
93 73 1
93 74 1
93 77 1
93 78 1
93 79 1
93 81 1
93 82 1
93 83 1
93 84 -1
93 85 1
93 88 1
93 89 1
93 94 1
93 98 1
93 99 1
93 101 1
93 102 -1
93 103 1
93 105 1
93 107 1
93 110 -1
93 111 1
93 112 -1
93 113 1
93 115 -1
93 116 1
93 117 1
93 118 -1
93 119 1
93 121 1
93 122 1
93 126 1
93 127 1
93 128 1
93 130 -1
93 133 1
93 136 1
93 140 -1
93 141 -1
93 143 1
93 145 1
93 146 -1
93 147 -1
94 1 1
94 2 1
94 3 1
94 4 -1
94 5 1
94 6 1
94 7 1
94 8 1
94 9 1
94 14 1
94 16 1
94 20 1
94 21 -1
94 30 1
94 31 -1
94 33 1
94 34 1
94 35 1
94 36 1
94 37 1
94 39 -1
94 41 1
94 44 1
94 45 -1
94 46 1
94 50 1
94 52 -1
94 53 1
94 54 -1
94 55 1
94 57 1
94 58 1
94 60 1
94 61 1
94 62 1
94 64 -1
94 65 -1
94 67 1
94 69 1
94 71 1
94 73 1
94 74 1
94 76 -1
94 77 1
94 79 1
94 80 1
94 83 1
94 84 1
94 86 1
94 87 -1
94 88 1
94 92 1
94 95 1
94 96 -1
94 100 -1
94 102 1
94 105 1
94 106 1
94 113 1
94 114 1
94 117 1
94 118 1
94 119 1
94 121 1
94 123 1
94 124 -1
94 126 1
94 127 1
94 128 1
94 135 -1
94 136 1
94 137 1
94 138 1
94 139 1
94 144 1
94 146 1
94 150 1
95 2 1
95 9 1
95 10 1
95 13 1
95 14 1
95 16 1
95 18 -1
95 22 1
95 25 -1
95 26 -1
95 27 1
95 28 1
95 29 1
95 31 1
95 35 1
95 38 1
95 41 -1
95 42 1
95 49 1
95 50 1
95 51 1
95 52 1
95 55 1
95 57 1
95 59 1
95 63 1
95 66 1
95 67 1
95 68 1
95 71 1
95 75 1
95 76 1
95 77 -1
95 84 -1
95 86 1
95 89 1
95 92 1
95 93 1
95 98 -1
95 101 1
95 102 1
95 104 1
95 108 1
95 109 1
95 110 1
95 113 1
95 116 1
95 117 1
95 118 -1
95 119 1
95 120 1
95 121 1
95 124 -1
95 125 1
95 126 1
95 128 1
95 131 1
95 133 -1
95 136 1
95 137 1
95 138 1
95 139 1
95 140 -1
95 142 -1
95 147 1
96 1 1
96 4 1
96 5 1
96 6 1
96 7 1
96 9 1
96 10 -1
96 12 1
96 13 -1
96 14 -1
96 16 1
96 18 1
96 21 -1
96 22 1
96 24 1
96 25 1
96 27 -1
96 28 1
96 30 1
96 31 1
96 33 1
96 35 1
96 38 1
96 43 1
96 44 1
96 45 1
96 46 -1
96 50 1
96 55 1
96 57 1
96 58 1
96 60 -1
96 62 1
96 65 1
96 68 1
96 69 1
96 71 1
96 73 1
96 74 -1
96 76 1
96 77 -1
96 84 1
96 85 1
96 86 -1
96 88 1
96 89 1
96 92 1
96 93 1
96 95 1
96 97 1
96 98 -1
96 99 1
96 101 1
96 108 1
96 112 1
96 115 1
96 119 1
96 122 1
96 123 1
96 127 1
96 134 1
96 138 -1
96 140 1
96 142 1
96 143 -1
96 144 1
96 145 1
96 146 1
96 147 -1
96 149 1
96 150 1
97 3 1
97 10 1
97 12 1
97 14 1
97 15 1
97 18 1
97 19 1
97 20 1
97 21 1
97 23 1
97 27 1
97 28 1
97 30 1
97 32 1
97 33 -1
97 34 1
97 35 1
97 37 1
97 39 -1
97 44 1
97 46 -1
97 51 1
97 52 1
97 58 1
97 60 1
97 62 1
97 64 1
97 66 -1
97 68 1
97 70 1
97 71 1
97 73 1
97 76 1
97 77 1
97 85 1
97 89 1
97 90 1
97 91 1
97 93 1
97 94 1
97 95 1
97 98 -1
97 99 1
97 100 1
97 105 1
97 107 1
97 108 1
97 111 1
97 113 1
97 114 1
97 115 -1
97 116 -1
97 118 1
97 119 1
97 120 1
97 121 1
97 122 1
97 123 1
97 124 1
97 130 -1
97 131 -1
97 133 1
97 134 1
97 136 1
97 137 1
97 139 1
97 143 1
97 145 -1
97 147 -1
97 150 -1
98 3 -1
98 4 1
98 5 -1
98 6 1
98 10 1
98 12 -1
98 13 1
98 15 1
98 16 1
98 17 1
98 20 -1
98 22 1
98 23 1
98 25 1
98 26 1
98 28 1
98 29 -1
98 31 1
98 33 1
98 36 -1
98 37 1
98 40 -1
98 41 -1
98 43 -1
98 44 1
98 48 -1
98 49 1
98 50 -1
98 54 -1
98 56 -1
98 57 1
98 58 1
98 60 1
98 63 1
98 64 1
98 71 1
98 76 1
98 79 1
98 81 1
98 83 -1
98 85 -1
98 88 1
98 89 1
98 90 1
98 91 1
98 92 -1
98 94 -1
98 99 1
98 101 1
98 102 1
98 104 1
98 105 1
98 107 1
98 108 1
98 109 1
98 111 1
98 112 1
98 114 1
98 116 1
98 117 1
98 118 1
98 119 -1
98 122 1
98 124 1
98 125 1
98 129 1
98 130 1
98 131 1
98 133 1
98 134 1
98 136 -1
98 137 -1
98 140 1
98 141 1
98 142 1
98 145 1
98 146 1
98 147 1
98 148 1
98 150 1
99 3 1
99 4 -1
99 5 1
99 8 1
99 9 1
99 10 1
99 11 1
99 12 1
99 13 1
99 16 1
99 18 -1
99 21 1
99 31 1
99 32 -1
99 33 1
99 35 -1
99 36 1
99 38 1
99 40 1
99 41 1
99 49 1
99 51 1
99 55 1
99 62 -1
99 63 1
99 65 1
99 68 1
99 69 1
99 70 1
99 71 1
99 75 1
99 77 -1
99 79 1
99 80 1
99 82 -1
99 85 1
99 88 1
99 91 1
99 92 1
99 94 1
99 95 1
99 100 -1
99 101 -1
99 105 -1
99 106 1
99 107 1
99 108 1
99 109 1
99 110 -1
99 111 -1
99 115 -1
99 116 1
99 117 1
99 119 1
99 120 1
99 123 -1
99 124 -1
99 125 1
99 126 1
99 132 1
99 133 1
99 135 1
99 136 1
99 140 1
99 142 1
99 143 -1
99 144 -1
99 145 1
99 146 1
99 147 1
99 149 1
99 150 1
100 1 1
100 2 -1
100 5 1
100 6 1
100 7 1
100 9 -1
100 10 1
100 11 1
100 13 1
100 17 1
100 18 1
100 19 1
100 20 1
100 22 1
100 23 1
100 24 -1
100 25 1
100 28 1
100 30 1
100 31 1
100 32 1
100 36 1
100 37 1
100 38 1
100 40 1
100 42 -1
100 43 1
100 46 1
100 48 1
100 50 -1
100 51 1
100 52 1
100 55 1
100 56 1
100 57 1
100 61 1
100 63 1
100 64 1
100 67 1
100 70 1
100 71 -1
100 72 1
100 74 1
100 76 1
100 78 1
100 79 1
100 81 1
100 83 1
100 84 1
100 86 1
100 87 -1
100 89 1
100 90 1
100 91 1
100 92 1
100 93 1
100 95 -1
100 96 1
100 98 -1
100 101 1
100 103 1
100 105 1
100 108 1
100 109 1
100 111 1
100 114 1
100 116 1
100 120 1
100 123 1
100 124 -1
100 125 1
100 126 1
100 130 1
100 131 -1
100 132 1
100 134 1
100 136 -1
100 138 1
100 141 1
100 143 1
100 144 1
100 147 1
100 150 -1
101 1 1
101 2 1
101 3 1
101 4 1
101 6 1
101 10 1
101 11 -1
101 13 -1
101 18 1
101 19 1
101 20 1
101 22 1
101 25 1
101 26 1
101 30 1
101 33 1
101 37 1
101 39 1
101 42 1
101 43 -1
101 44 1
101 45 1
101 46 1
101 52 -1
101 53 1
101 54 1
101 59 1
101 61 1
101 63 1
101 65 1
101 67 1
101 68 1
101 74 1
101 75 1
101 76 1
101 78 1
101 84 1
101 86 1
101 87 1
101 91 1
101 92 1
101 94 1
101 97 1
101 103 1
101 109 -1
101 110 -1
101 112 -1
101 115 1
101 116 1
101 120 1
101 121 1
101 123 1
101 124 1
101 126 1
101 127 1
101 129 1
101 130 -1
101 133 1
101 134 1
101 135 1
101 136 1
101 138 1
101 139 1
101 140 1
101 141 1
101 143 1
101 144 -1
101 148 -1
102 2 -1
102 4 1
102 5 1
102 7 1
102 10 1
102 11 1
102 12 1
102 13 -1
102 14 1
102 15 1
102 16 1
102 17 1
102 18 -1
102 21 1
102 23 1
102 24 -1
102 28 1
102 30 1
102 32 1
102 33 1
102 35 1
102 38 -1
102 39 -1
102 40 -1
102 41 1
102 44 1
102 48 1
102 50 1
102 51 -1
102 55 1
102 63 1
102 64 1
102 66 1
102 67 -1
102 71 1
102 72 1
102 73 1
102 74 -1
102 77 -1
102 78 -1
102 83 1
102 86 -1
102 88 -1
102 89 -1
102 92 1
102 96 1
102 97 -1
102 99 1
102 100 1
102 101 -1
102 106 1
102 108 1
102 109 1
102 110 1
102 111 1
102 112 1
102 114 1
102 116 1
102 118 -1
102 121 -1
102 122 1
102 123 1
102 124 -1
102 129 1
102 130 -1
102 131 1
102 133 1
102 140 1
102 141 1
102 144 1
102 145 1
102 147 1
102 148 1
102 150 -1
103 1 1
103 3 1
103 4 -1
103 6 -1
103 8 1
103 9 1
103 10 1
103 11 1
103 12 1
103 17 -1
103 19 1
103 21 1
103 24 1
103 26 1
103 28 1
103 30 1
103 31 1
103 33 1
103 34 1
103 35 1
103 42 1
103 43 1
103 44 1
103 46 -1
103 48 1
103 51 1
103 53 1
103 55 1
103 56 1
103 59 1
103 60 -1
103 61 1
103 63 1
103 65 1
103 66 1
103 68 1
103 69 1
103 70 -1
103 71 1
103 73 -1
103 82 1
103 83 1
103 87 1
103 88 1
103 89 1
103 91 -1
103 94 1
103 95 -1
103 96 1
103 97 1
103 98 -1
103 99 1
103 102 -1
103 107 -1
103 108 1
103 109 1
103 110 1
103 111 -1
103 115 1
103 118 -1
103 120 1
103 121 1
103 122 1
103 123 1
103 124 1
103 129 1
103 130 -1
103 135 1
103 138 1
103 141 1
103 142 1
103 143 1
103 144 1
103 148 -1
103 149 1
103 150 1
104 1 1
104 2 1
104 3 -1
104 4 1
104 6 1
104 8 1
104 12 1
104 13 1
104 14 1
104 15 1
104 16 -1
104 18 1
104 19 -1
104 21 1
104 28 1
104 31 -1
104 34 1
104 37 1
104 39 1
104 46 -1
104 49 1
104 53 -1
104 55 1
104 57 1
104 58 1
104 61 1
104 62 1
104 65 1
104 67 1
104 69 1
104 75 1
104 77 1
104 79 1
104 80 -1
104 81 -1
104 86 1
104 87 1
104 88 -1
104 89 -1
104 91 -1
104 93 1
104 94 1
104 96 1
104 97 1
104 99 1
104 100 1
104 101 1
104 102 1
104 103 1
104 105 1
104 106 -1
104 107 1
104 109 -1
104 111 1
104 112 1
104 120 1
104 122 1
104 123 1
104 126 1
104 127 1
104 130 1
104 132 -1
104 136 -1
104 138 1
104 140 1
104 142 1
104 144 1
104 146 1
104 148 1
104 150 1
105 3 -1
105 4 1
105 6 -1
105 7 1
105 9 1
105 10 1
105 11 1
105 13 1
105 17 1
105 18 1
105 19 1
105 23 1
105 26 1
105 28 1
105 29 -1
105 30 1
105 33 1
105 47 1
105 51 1
105 54 1
105 58 -1
105 59 1
105 60 1
105 64 -1
105 66 1
105 68 1
105 69 1
105 72 1
105 73 1
105 74 1
105 75 1
105 77 1
105 78 1
105 79 1
105 80 1
105 84 1
105 85 1
105 86 1
105 88 1
105 89 1
105 91 -1
105 92 1
105 95 1
105 96 1
105 101 1
105 102 1
105 103 1
105 109 1
105 111 1
105 113 1
105 116 1
105 117 1
105 118 1
105 119 1
105 120 1
105 121 1
105 122 1
105 123 1
105 124 1
105 125 1
105 127 -1
105 128 1
105 129 1
105 130 1
105 134 1
105 135 1
105 136 1
105 137 -1
105 138 -1
105 140 1
105 142 -1
105 144 1
105 147 1
105 148 1
105 149 -1
105 150 1
106 1 1
106 3 1
106 8 1
106 10 1
106 11 1
106 15 1
106 16 1
106 17 1
106 19 1
106 20 1
106 24 1
106 25 1
106 26 1
106 27 1
106 28 1
106 30 1
106 36 1
106 37 1
106 38 1
106 42 1
106 43 1
106 46 1
106 47 1
106 48 1
106 51 1
106 52 1
106 53 1
106 55 1
106 56 -1
106 58 1
106 59 1
106 61 1
106 62 1
106 65 1
106 66 1
106 69 1
106 70 1
106 72 1
106 73 1
106 75 -1
106 76 1
106 77 1
106 78 -1
106 79 -1
106 83 1
106 84 1
106 89 1
106 90 1
106 93 1
106 95 1
106 96 -1
106 97 1
106 98 -1
106 100 1
106 101 1
106 103 1
106 105 1
106 110 1
106 111 1
106 114 -1
106 116 1
106 118 1
106 123 1
106 126 1
106 128 1
106 130 1
106 131 1
106 132 -1
106 133 1
106 134 -1
106 136 1
106 138 -1
106 142 1
106 143 1
106 144 -1
106 146 -1
106 147 1
106 148 1
106 149 1
106 150 1
107 5 1
107 8 1
107 9 1
107 11 1
107 12 1
107 15 -1
107 17 1
107 19 1
107 20 1
107 22 1
107 23 1
107 24 1
107 26 -1
107 28 1
107 30 1
107 32 1
107 34 1
107 35 -1
107 36 1
107 37 -1
107 43 -1
107 45 1
107 54 1
107 57 -1
107 60 1
107 62 1
107 64 1
107 66 1
107 67 1
107 70 1
107 71 1
107 73 1
107 78 1
107 79 1
107 81 1
107 82 1
107 83 1
107 84 1
107 85 1
107 86 1
107 87 1
107 89 1
107 90 1
107 94 1
107 95 -1
107 96 1
107 100 1
107 101 1
107 102 1
107 105 1
107 106 -1
107 113 1
107 114 1
107 120 1
107 121 1
107 122 1
107 123 1
107 125 1
107 126 -1
107 127 1
107 128 1
107 129 -1
107 130 -1
107 131 1
107 132 1
107 133 1
107 135 1
107 137 1
107 138 1
107 141 -1
107 142 1
107 149 1
107 150 1
108 1 1
108 3 -1
108 9 1
108 10 1
108 13 1
108 15 1
108 16 1
108 19 1
108 20 1
108 21 1
108 27 1
108 28 1
108 29 1
108 32 1
108 33 -1
108 34 1
108 35 1
108 39 1
108 40 -1
108 42 1
108 43 1
108 44 1
108 46 1
108 50 -1
108 51 1
108 54 1
108 57 1
108 58 1
108 61 1
108 64 -1
108 65 1
108 68 1
108 71 1
108 73 1
108 74 1
108 75 1
108 76 1
108 77 1
108 79 1
108 82 1
108 85 -1
108 88 1
108 90 1
108 91 -1
108 92 -1
108 93 1
108 94 -1
108 101 1
108 104 1
108 105 1
108 106 1
108 107 -1
108 111 1
108 112 1
108 114 1
108 115 1
108 116 1
108 119 -1
108 120 1
108 121 1
108 122 1
108 123 1
108 124 1
108 126 1
108 128 1
108 130 -1
108 131 1
108 132 -1
108 133 1
108 135 1
108 137 1
108 139 1
108 140 1
108 141 1
108 142 1
108 147 -1
108 148 1
108 149 -1
109 4 1
109 7 1
109 10 1
109 11 1
109 12 1
109 16 1
109 20 1
109 22 1
109 30 1
109 31 1
109 35 1
109 36 1
109 38 1
109 40 1
109 41 1
109 43 1
109 44 1
109 45 1
109 53 -1
109 54 1
109 55 -1
109 58 1
109 59 1
109 60 -1
109 63 1
109 65 -1
109 68 1
109 69 1
109 72 -1
109 73 1
109 76 -1
109 77 1
109 80 1
109 81 1
109 83 1
109 84 1
109 85 -1
109 91 1
109 92 1
109 93 1
109 94 1
109 96 1
109 97 1
109 106 1
109 107 1
109 108 1
109 110 1
109 111 1
109 113 1
109 118 1
109 129 1
109 130 1
109 135 -1
109 137 1
109 139 1
109 140 1
109 141 1
109 142 -1
109 144 1
109 145 1
109 147 1
109 148 1
110 2 1
110 6 1
110 7 1
110 9 1
110 10 1
110 11 -1
110 12 1
110 13 1
110 15 1
110 17 1
110 20 1
110 29 1
110 30 -1
110 38 1
110 39 -1
110 42 1
110 48 1
110 51 1
110 52 1
110 55 1
110 56 1
110 58 1
110 59 1
110 61 1
110 62 -1
110 63 1
110 64 1
110 69 1
110 70 1
110 71 1
110 72 1
110 73 1
110 74 1
110 77 1
110 78 1
110 83 1
110 86 1
110 89 -1
110 92 -1
110 94 -1
110 96 1
110 97 1
110 98 1
110 100 -1
110 104 -1
110 105 1
110 107 -1
110 108 1
110 111 1
110 113 1
110 114 1
110 116 1
110 118 1
110 122 1
110 123 1
110 124 -1
110 128 1
110 132 1
110 134 1
110 135 1
110 136 1
110 143 1
110 144 1
110 146 1
110 148 1
111 1 1
111 2 1
111 4 1
111 6 1
111 7 1
111 8 1
111 13 1
111 14 1
111 15 -1
111 17 1
111 18 1
111 19 1
111 20 -1
111 26 -1
111 30 1
111 36 1
111 41 1
111 42 1
111 43 1
111 47 -1
111 49 1
111 51 1
111 52 1
111 53 1
111 58 1
111 60 1
111 74 -1
111 75 1
111 77 1
111 80 1
111 81 -1
111 82 -1
111 83 1
111 84 1
111 85 1
111 87 1
111 88 1
111 90 1
111 91 1
111 94 1
111 95 1
111 96 1
111 101 1
111 107 -1
111 112 1
111 113 1
111 117 1
111 118 1
111 119 -1
111 121 1
111 122 -1
111 124 1
111 125 -1
111 126 1
111 128 1
111 130 1
111 131 1
111 136 1
111 137 1
111 138 1
111 142 1
111 143 1
111 145 1
111 149 1
111 150 -1
112 2 1
112 3 1
112 6 1
112 7 1
112 10 1
112 13 1
112 15 1
112 17 -1
112 19 1
112 24 1
112 26 1
112 29 1
112 30 1
112 34 1
112 36 1
112 40 -1
112 41 1
112 42 1
112 43 1
112 47 1
112 49 -1
112 50 1
112 51 1
112 54 -1
112 56 1
112 57 1
112 60 1
112 61 1
112 66 1
112 68 1
112 69 -1
112 70 1
112 72 -1
112 73 1
112 74 1
112 75 1
112 76 1
112 78 1
112 81 -1
112 83 1
112 89 1
112 90 1
112 91 1
112 92 1
112 94 1
112 95 1
112 97 -1
112 99 1
112 100 -1
112 103 -1
112 105 -1
112 106 -1
112 107 1
112 109 1
112 110 1
112 113 1
112 114 1
112 115 -1
112 116 1
112 117 1
112 119 1
112 121 1
112 123 -1
112 126 1
112 127 1
112 128 1
112 130 -1
112 133 1
112 134 1
112 136 -1
112 141 1
112 142 1
112 143 1
112 146 -1
112 147 1
112 149 1
113 1 1
113 5 1
113 7 1
113 8 1
113 9 1
113 11 1
113 12 1
113 18 1
113 22 -1
113 26 1
113 30 1
113 31 -1
113 33 1
113 36 1
113 38 1
113 40 1
113 41 1
113 45 1
113 49 1
113 50 1
113 51 1
113 53 1
113 57 -1
113 59 1
113 63 1
113 71 1
113 72 1
113 77 1
113 78 1
113 79 1
113 81 1
113 83 1
113 84 1
113 85 1
113 86 -1
113 87 1
113 88 1
113 89 -1
113 96 1
113 98 1
113 99 1
113 100 1
113 101 1
113 102 1
113 103 1
113 104 1
113 106 1
113 108 1
113 116 1
113 118 1
113 119 1
113 122 1
113 123 1
113 124 -1
113 125 1
113 126 1
113 129 1
113 130 1
113 132 1
113 134 1
113 135 1
113 136 1
113 137 1
113 139 -1
113 140 1
113 141 1
113 142 1
113 143 1
113 145 1
113 146 1
113 150 1
114 2 -1
114 8 1
114 9 -1
114 10 -1
114 11 1
114 12 1
114 13 1
114 14 1
114 15 1
114 17 -1
114 19 1
114 21 1
114 28 1
114 29 1
114 30 1
114 31 1
114 33 1
114 34 1
114 35 1
114 36 1
114 39 1
114 45 1
114 47 1
114 48 -1
114 49 1
114 50 -1
114 51 1
114 52 1
114 54 1
114 56 1
114 58 1
114 59 -1
114 60 1
114 62 1
114 66 1
114 67 1
114 70 -1
114 74 1
114 75 1
114 76 1
114 77 1
114 79 -1
114 81 1
114 90 1
114 93 -1
114 95 1
114 96 1
114 99 1
114 101 1
114 103 1
114 104 1
114 105 1
114 109 -1
114 111 1
114 113 -1
114 116 1
114 117 -1
114 121 1
114 122 1
114 124 1
114 126 1
114 127 -1
114 128 1
114 129 1
114 132 1
114 133 1
114 138 1
114 139 1
114 141 1
114 143 1
114 144 1
114 147 -1
114 149 1
115 1 1
115 2 1
115 3 1
115 4 1
115 7 1
115 9 1
115 10 1
115 12 1
115 15 1
115 16 1
115 17 1
115 18 1
115 19 1
115 20 -1
115 23 1
115 24 1
115 29 1
115 31 -1
115 34 -1
115 35 -1
115 36 1
115 40 1
115 41 1
115 43 1
115 47 1
115 48 1
115 49 1
115 50 1
115 53 1
115 54 1
115 55 1
115 56 1
115 57 1
115 58 1
115 62 1
115 66 -1
115 68 1
115 69 -1
115 73 1
115 74 1
115 75 -1
115 79 1
115 82 1
115 83 1
115 86 1
115 87 1
115 88 1
115 91 1
115 94 1
115 95 1
115 98 1
115 100 1
115 102 1
115 104 1
115 105 1
115 106 1
115 107 1
115 109 -1
115 110 1
115 111 1
115 113 1
115 114 1
115 116 1
115 121 -1
115 122 1
115 126 1
115 128 1
115 132 1
115 136 -1
115 137 1
115 139 1
115 141 1
115 142 1
115 143 1
115 145 1
115 146 1
115 147 -1
116 1 1
116 2 -1
116 3 1
116 9 1
116 11 1
116 12 1
116 13 -1
116 17 -1
116 18 1
116 21 -1
116 22 1
116 23 1
116 25 1
116 27 1
116 29 -1
116 30 1
116 31 -1
116 32 1
116 33 1
116 34 -1
116 38 1
116 39 1
116 40 -1
116 42 1
116 43 1
116 44 1
116 45 1
116 46 1
116 49 1
116 50 1
116 53 1
116 55 1
116 56 1
116 58 1
116 60 1
116 61 1
116 62 1
116 64 -1
116 70 1
116 72 1
116 74 1
116 75 -1
116 77 -1
116 78 1
116 80 1
116 81 1
116 83 1
116 84 1
116 90 1
116 91 1
116 94 1
116 96 1
116 103 1
116 104 1
116 107 1
116 109 1
116 111 1
116 117 1
116 118 -1
116 120 1
116 121 1
116 123 1
116 125 1
116 126 1
116 128 1
116 129 -1
116 130 1
116 131 -1
116 132 1
116 133 1
116 135 1
116 137 1
116 140 1
116 142 -1
116 144 1
116 145 1
116 146 1
116 147 1
117 2 1
117 3 1
117 7 1
117 8 1
117 15 1
117 16 1
117 19 1
117 20 -1
117 21 1
117 23 1
117 26 1
117 28 1
117 36 -1
117 41 1
117 42 1
117 43 1
117 44 1
117 46 -1
117 48 1
117 51 1
117 52 1
117 54 -1
117 58 -1
117 62 1
117 64 1
117 65 1
117 66 1
117 67 1
117 68 1
117 69 1
117 70 1
117 71 1
117 72 1
117 73 1
117 74 1
117 75 1
117 76 1
117 77 1
117 78 1
117 79 1
117 80 1
117 82 1
117 88 1
117 90 1
117 91 1
117 96 1
117 97 1
117 100 1
117 101 -1
117 102 1
117 103 1
117 104 1
117 106 1
117 107 1
117 108 1
117 109 1
117 110 1
117 113 1
117 115 1
117 119 1
117 121 1
117 122 1
117 123 1
117 126 1
117 127 -1
117 131 1
117 133 1
117 139 1
117 140 1
117 142 1
117 143 1
117 145 1
117 147 1
117 148 1
117 150 -1
118 1 1
118 2 1
118 4 1
118 6 1
118 9 1
118 10 1
118 11 -1
118 12 1
118 15 -1
118 16 1
118 17 -1
118 18 -1
118 19 1
118 20 1
118 21 1
118 23 1
118 24 1
118 26 1
118 27 1
118 30 1
118 32 -1
118 33 1
118 35 -1
118 36 -1
118 38 1
118 39 1
118 41 -1
118 42 1
118 43 1
118 45 1
118 46 1
118 47 1
118 52 1
118 54 1
118 55 -1
118 56 1
118 57 1
118 59 1
118 61 1
118 64 -1
118 65 1
118 66 1
118 70 1
118 72 -1
118 75 1
118 78 1
118 86 1
118 88 1
118 90 1
118 91 1
118 92 1
118 96 1
118 99 1
118 100 1
118 101 1
118 104 -1
118 107 1
118 108 1
118 112 1
118 114 1
118 115 1
118 117 1
118 119 1
118 120 -1
118 121 1
118 122 1
118 123 -1
118 125 -1
118 126 1
118 131 1
118 133 1
118 134 1
118 135 1
118 137 1
118 140 1
118 142 1
118 147 1
118 149 1
118 150 -1
119 1 -1
119 2 1
119 3 1
119 6 1
119 7 -1
119 9 1
119 10 1
119 12 1
119 14 1
119 17 -1
119 20 1
119 21 1
119 25 1
119 30 1
119 33 1
119 34 1
119 38 1
119 40 1
119 41 1
119 45 1
119 46 -1
119 47 1
119 51 1
119 52 1
119 55 -1
119 58 1
119 59 1
119 64 1
119 65 1
119 66 1
119 69 -1
119 71 1
119 72 -1
119 74 1
119 75 1
119 76 1
119 79 1
119 83 1
119 84 1
119 86 1
119 88 1
119 89 1
119 91 1
119 92 -1
119 100 1
119 101 -1
119 102 1
119 103 -1
119 104 -1
119 106 1
119 107 1
119 109 1
119 110 -1
119 114 1
119 115 -1
119 116 -1
119 120 1
119 122 1
119 125 1
119 126 -1
119 127 1
119 130 -1
119 132 1
119 136 -1
119 139 1
119 141 1
119 142 1
119 146 1
119 149 1
119 150 1
120 5 1
120 7 -1
120 9 1
120 10 1
120 12 1
120 14 1
120 19 1
120 20 1
120 22 1
120 23 1
120 25 1
120 26 1
120 27 -1
120 28 1
120 30 1
120 38 1
120 39 1
120 41 1
120 42 1
120 43 1
120 48 1
120 49 1
120 50 1
120 55 1
120 58 1
120 60 1
120 61 1
120 63 1
120 69 -1
120 74 -1
120 80 1
120 81 1
120 83 1
120 84 1
120 85 1
120 86 1
120 87 1
120 89 1
120 90 1
120 91 -1
120 93 1
120 94 1
120 96 1
120 98 -1
120 102 -1
120 106 1
120 109 1
120 110 1
120 111 1
120 112 1
120 113 1
120 114 1
120 115 1
120 117 1
120 121 1
120 124 1
120 125 1
120 127 1
120 128 1
120 129 1
120 131 1
120 140 1
120 141 1
120 143 1
120 145 1
120 148 1
120 149 1
121 2 1
121 6 1
121 8 1
121 13 1
121 14 1
121 17 -1
121 20 1
121 22 1
121 26 1
121 28 1
121 32 -1
121 36 1
121 37 1
121 39 1
121 42 1
121 43 -1
121 44 1
121 46 1
121 47 1
121 49 1
121 51 1
121 52 1
121 56 1
121 61 1
121 62 1
121 65 1
121 66 1
121 67 1
121 68 1
121 69 -1
121 72 1
121 73 1
121 74 1
121 75 1
121 76 1
121 77 1
121 78 1
121 80 1
121 81 1
121 83 1
121 84 1
121 85 1
121 86 1
121 87 1
121 89 1
121 96 1
121 98 1
121 99 1
121 100 1
121 104 -1
121 106 -1
121 109 -1
121 110 1
121 113 -1
121 119 1
121 122 1
121 126 1
121 127 1
121 129 1
121 133 -1
121 134 1
121 137 1
121 138 1
121 139 1
121 141 1
121 143 -1
121 144 1
121 145 1
121 146 1
121 149 -1
122 2 1
122 3 1
122 5 1
122 8 1
122 11 1
122 12 1
122 15 1
122 18 1
122 21 1
122 22 -1
122 24 -1
122 27 1
122 28 1
122 29 1
122 30 -1
122 31 1
122 32 1
122 33 1
122 35 1
122 36 1
122 38 1
122 41 -1
122 43 1
122 44 1
122 47 1
122 48 1
122 53 1
122 56 1
122 57 1
122 58 1
122 59 1
122 60 1
122 61 1
122 63 1
122 69 1
122 75 -1
122 76 -1
122 77 1
122 78 1
122 79 1
122 80 1
122 81 1
122 84 1
122 85 1
122 86 1
122 87 1
122 91 1
122 94 1
122 95 1
122 99 -1
122 100 1
122 101 1
122 106 1
122 109 1
122 112 1
122 116 1
122 120 1
122 123 1
122 125 1
122 129 1
122 130 1
122 131 1
122 137 1
122 138 1
122 140 1
122 142 1
122 143 1
122 144 1
122 147 -1
123 1 1
123 3 1
123 5 1
123 6 1
123 7 1
123 8 1
123 13 1
123 14 -1
123 16 -1
123 17 -1
123 18 1
123 19 1
123 21 1
123 22 1
123 24 1
123 25 1
123 26 -1
123 27 1
123 28 1
123 30 1
123 31 -1
123 32 1
123 33 1
123 37 1
123 40 1
123 41 -1
123 42 1
123 46 1
123 48 1
123 49 1
123 51 -1
123 52 -1
123 53 -1
123 56 1
123 57 1
123 58 -1
123 59 1
123 61 1
123 62 1
123 63 1
123 64 1
123 65 1
123 67 1
123 70 1
123 71 1
123 73 1
123 77 1
123 79 1
123 82 1
123 86 1
123 87 1
123 90 -1
123 91 1
123 92 1
123 93 1
123 95 1
123 98 1
123 109 1
123 111 1
123 114 1
123 115 1
123 119 1
123 120 -1
123 121 1
123 125 1
123 127 -1
123 128 1
123 129 1
123 133 1
123 135 -1
123 136 1
123 137 -1
123 140 1
123 141 1
123 143 1
123 144 1
123 145 1
123 148 1
123 149 1
124 1 1
124 3 1
124 5 -1
124 8 -1
124 10 1
124 14 1
124 17 1
124 18 1
124 19 1
124 23 1
124 25 1
124 26 1
124 28 1
124 30 1
124 34 -1
124 35 -1
124 37 1
124 40 1
124 41 1
124 44 1
124 45 -1
124 47 1
124 50 1
124 51 1
124 55 1
124 56 -1
124 58 1
124 59 -1
124 60 1
124 62 1
124 63 1
124 65 1
124 68 1
124 69 -1
124 70 1
124 71 1
124 72 -1
124 74 1
124 80 1
124 84 1
124 86 1
124 87 1
124 89 1
124 91 1
124 92 1
124 93 1
124 96 -1
124 104 1
124 106 1
124 107 -1
124 109 1
124 112 1
124 115 1
124 116 1
124 117 1
124 118 1
124 119 1
124 121 -1
124 122 1
124 123 1
124 125 1
124 126 1
124 129 1
124 130 1
124 131 1
124 133 -1
124 135 1
124 137 -1
124 140 1
124 141 1
124 143 -1
124 144 1
124 145 1
124 148 1
124 150 1
125 1 1
125 2 1
125 4 1
125 5 1
125 6 1
125 7 -1
125 8 1
125 9 1
125 11 1
125 14 1
125 15 1
125 17 -1
125 18 1
125 19 1
125 21 1
125 23 1
125 30 1
125 32 1
125 33 1
125 35 1
125 36 -1
125 37 1
125 39 1
125 43 1
125 44 1
125 47 -1
125 48 -1
125 50 -1
125 53 1
125 54 1
125 55 1
125 57 1
125 59 1
125 60 1
125 61 -1
125 63 1
125 64 -1
125 65 1
125 66 1
125 68 1
125 70 1
125 73 1
125 75 -1
125 77 1
125 78 1
125 80 1
125 82 1
125 83 1
125 84 1
125 85 -1
125 88 -1
125 90 1
125 93 -1
125 94 1
125 96 -1
125 97 1
125 101 -1
125 102 1
125 103 1
125 104 1
125 106 1
125 108 1
125 109 -1
125 110 1
125 112 1
125 114 -1
125 115 1
125 117 1
125 121 -1
125 127 1
125 130 1
125 131 1
125 132 -1
125 134 1
125 138 1
125 140 1
125 143 1
126 2 1
126 3 1
126 5 1
126 6 1
126 7 1
126 8 1
126 10 -1
126 11 1
126 12 1
126 13 1
126 14 -1
126 18 1
126 19 1
126 22 1
126 24 1
126 28 1
126 32 -1
126 34 1
126 35 1
126 38 1
126 47 1
126 48 1
126 49 1
126 52 1
126 54 1
126 55 -1
126 58 1
126 60 1
126 62 1
126 63 1
126 64 1
126 65 1
126 70 1
126 72 1
126 74 -1
126 75 -1
126 77 1
126 80 1
126 81 1
126 82 1
126 85 1
126 86 1
126 87 1
126 88 -1
126 89 1
126 90 1
126 96 -1
126 97 1
126 98 -1
126 102 -1
126 103 1
126 105 -1
126 109 -1
126 110 -1
126 120 1
126 122 -1
126 123 1
126 125 1
126 128 1
126 132 1
126 135 1
126 136 1
126 139 1
126 145 -1
126 146 1
126 150 1
127 4 1
127 5 -1
127 6 1
127 9 1
127 11 -1
127 12 1
127 15 1
127 17 1
127 18 1
127 22 1
127 25 1
127 26 1
127 30 1
127 31 1
127 34 1
127 35 1
127 37 -1
127 38 1
127 40 1
127 41 1
127 42 1
127 43 1
127 44 1
127 46 1
127 47 -1
127 48 1
127 49 1
127 51 1
127 53 -1
127 56 1
127 58 1
127 60 -1
127 62 1
127 63 1
127 64 1
127 65 1
127 74 1
127 75 1
127 76 1
127 77 -1
127 79 1
127 81 -1
127 84 -1
127 87 1
127 88 1
127 90 -1
127 92 -1
127 95 -1
127 97 1
127 98 1
127 99 -1
127 100 1
127 102 1
127 103 -1
127 106 1
127 108 1
127 109 1
127 110 1
127 111 1
127 113 1
127 115 -1
127 116 1
127 118 1
127 122 1
127 124 -1
127 126 1
127 129 1
127 130 -1
127 131 1
127 132 1
127 134 1
127 138 1
127 140 1
127 144 -1
127 146 1
127 148 1
127 149 1
128 4 1
128 5 1
128 6 1
128 7 -1
128 9 1
128 10 1
128 11 -1
128 14 1
128 15 -1
128 16 -1
128 19 1
128 22 1
128 25 -1
128 26 -1
128 27 1
128 28 -1
128 29 1
128 30 1
128 34 1
128 35 1
128 36 1
128 37 1
128 42 1
128 44 -1
128 46 1
128 47 1
128 49 1
128 50 1
128 51 1
128 52 -1
128 53 1
128 57 1
128 58 1
128 59 1
128 61 1
128 64 1
128 70 -1
128 71 1
128 77 1
128 78 1
128 81 1
128 85 1
128 87 1
128 91 1
128 92 1
128 96 -1
128 97 -1
128 98 -1
128 99 1
128 100 -1
128 101 1
128 102 1
128 103 1
128 104 1
128 109 1
128 113 1
128 117 1
128 118 1
128 119 1
128 121 -1
128 122 -1
128 124 1
128 125 1
128 127 1
128 131 -1
128 132 1
128 135 1
128 138 1
128 140 -1
128 143 -1
128 147 1
128 148 -1
128 150 1
129 2 1
129 4 1
129 5 1
129 9 1
129 10 1
129 13 1
129 16 1
129 17 -1
129 20 1
129 21 1
129 23 1
129 24 1
129 25 1
129 28 1
129 29 1
129 33 1
129 34 -1
129 35 1
129 39 1
129 41 1
129 45 1
129 46 1
129 47 -1
129 48 1
129 50 1
129 51 1
129 52 -1
129 53 1
129 54 1
129 55 1
129 58 1
129 60 1
129 61 1
129 66 1
129 68 -1
129 73 1
129 74 1
129 76 1
129 79 1
129 80 1
129 84 -1
129 85 -1
129 86 1
129 87 1
129 91 -1
129 93 -1
129 94 1
129 95 1
129 96 1
129 97 1
129 99 1
129 100 1
129 104 1
129 106 1
129 108 -1
129 110 1
129 111 1
129 112 1
129 115 1
129 117 1
129 118 -1
129 119 1
129 125 1
129 126 1
129 128 1
129 131 1
129 132 -1
129 135 -1
129 138 1
129 141 1
129 143 1
129 148 1
129 149 1
129 150 -1
130 1 1
130 3 1
130 4 1
130 5 1
130 12 -1
130 14 -1
130 17 1
130 20 1
130 21 1
130 23 1
130 25 1
130 26 -1
130 27 1
130 29 -1
130 30 -1
130 31 1
130 32 1
130 36 1
130 37 1
130 38 1
130 40 1
130 42 1
130 43 1
130 46 1
130 48 1
130 51 1
130 53 1
130 57 1
130 58 1
130 59 -1
130 60 1
130 63 1
130 64 -1
130 65 -1
130 66 1
130 68 1
130 74 -1
130 75 1
130 76 1
130 78 1
130 80 -1
130 81 1
130 84 1
130 87 -1
130 88 1
130 89 1
130 90 1
130 92 1
130 94 1
130 95 1
130 96 -1
130 99 1
130 110 1
130 114 1
130 115 -1
130 117 1
130 118 1
130 120 1
130 121 -1
130 123 -1
130 126 -1
130 128 1
130 129 -1
130 133 1
130 134 -1
130 135 1
130 139 1
130 143 -1
130 144 1
130 147 -1
130 149 -1
131 2 -1
131 3 1
131 8 1
131 10 -1
131 12 -1
131 13 1
131 14 1
131 17 1
131 19 -1
131 20 -1
131 22 1
131 24 -1
131 25 1
131 27 1
131 28 1
131 31 1
131 34 1
131 35 -1
131 36 1
131 37 1
131 38 1
131 39 -1
131 42 1
131 43 1
131 45 -1
131 47 1
131 49 1
131 53 1
131 54 1
131 55 1
131 58 1
131 59 1
131 61 1
131 64 1
131 66 1
131 69 -1
131 70 -1
131 71 -1
131 73 1
131 76 1
131 78 1
131 81 1
131 83 1
131 84 -1
131 85 1
131 91 1
131 93 1
131 94 1
131 96 1
131 99 1
131 101 1
131 103 1
131 104 1
131 105 1
131 109 1
131 110 1
131 112 1
131 113 -1
131 114 -1
131 115 1
131 119 1
131 121 -1
131 123 1
131 126 1
131 130 1
131 132 1
131 133 1
131 134 -1
131 137 1
131 138 1
131 139 1
131 140 1
131 141 1
131 142 1
131 143 1
131 144 1
131 145 1
131 146 1
132 3 1
132 5 1
132 6 1
132 10 1
132 11 1
132 15 1
132 17 1
132 18 1
132 19 1
132 20 -1
132 22 -1
132 24 1
132 25 1
132 26 1
132 27 1
132 28 1
132 30 1
132 33 1
132 35 1
132 36 1
132 38 -1
132 39 1
132 40 1
132 41 1
132 45 1
132 53 1
132 54 -1
132 57 1
132 59 1
132 60 1
132 62 1
132 63 1
132 65 1
132 68 1
132 70 1
132 74 1
132 75 1
132 76 1
132 77 1
132 78 1
132 80 1
132 81 1
132 83 1
132 84 -1
132 86 1
132 87 -1
132 90 1
132 91 -1
132 93 1
132 94 1
132 95 1
132 96 1
132 97 1
132 98 1
132 101 1
132 102 1
132 103 1
132 105 1
132 109 1
132 111 -1
132 112 1
132 117 1
132 118 1
132 120 1
132 121 1
132 122 1
132 123 1
132 124 1
132 130 1
132 138 -1
132 139 1
132 140 1
132 141 -1
132 144 1
132 146 1
132 147 1
132 149 1
133 2 1
133 3 1
133 4 1
133 5 -1
133 8 1
133 9 1
133 12 1
133 13 1
133 15 1
133 18 1
133 24 1
133 25 1
133 27 1
133 28 1
133 29 -1
133 30 -1
133 32 1
133 33 1
133 38 1
133 42 1
133 43 -1
133 44 1
133 50 1
133 52 -1
133 56 1
133 57 -1
133 58 1
133 59 1
133 60 1
133 62 1
133 64 1
133 65 1
133 66 1
133 67 1
133 68 1
133 72 1
133 74 1
133 77 1
133 78 -1
133 80 1
133 82 -1
133 85 -1
133 87 1
133 88 1
133 92 1
133 94 1
133 96 1
133 100 1
133 103 1
133 104 1
133 105 -1
133 109 -1
133 110 1
133 111 1
133 113 1
133 115 1
133 119 1
133 120 1
133 122 1
133 125 1
133 126 -1
133 127 -1
133 128 1
133 129 -1
133 132 -1
133 135 -1
133 138 1
133 140 1
133 141 1
133 143 1
133 147 -1
134 1 1
134 2 1
134 5 1
134 6 -1
134 8 1
134 11 1
134 14 1
134 20 -1
134 23 1
134 25 1
134 27 1
134 28 1
134 29 1
134 30 1
134 33 1
134 37 -1
134 39 1
134 40 1
134 47 1
134 50 1
134 51 1
134 54 1
134 56 -1
134 58 1
134 60 -1
134 62 1
134 64 1
134 66 1
134 67 1
134 70 1
134 72 1
134 73 1
134 76 1
134 78 1
134 79 -1
134 80 -1
134 84 1
134 85 1
134 88 1
134 90 1
134 91 -1
134 93 -1
134 94 1
134 95 1
134 99 1
134 102 -1
134 103 1
134 104 1
134 107 1
134 108 1
134 109 1
134 111 -1
134 114 1
134 115 -1
134 116 1
134 117 1
134 119 1
134 120 -1
134 122 1
134 123 1
134 124 1
134 126 1
134 128 1
134 129 1
134 132 1
134 133 1
134 136 1
134 137 1
134 138 1
134 141 1
134 143 1
134 144 1
134 146 -1
134 147 1
135 2 1
135 5 1
135 6 1
135 7 -1
135 8 1
135 9 1
135 11 -1
135 13 1
135 14 1
135 15 1
135 17 -1
135 18 1
135 19 1
135 23 1
135 24 -1
135 26 1
135 28 1
135 29 1
135 30 1
135 31 1
135 33 -1
135 34 1
135 37 1
135 40 1
135 41 1
135 43 1
135 45 1
135 47 -1
135 53 -1
135 55 1
135 60 1
135 62 1
135 63 1
135 65 1
135 66 1
135 69 1
135 73 1
135 74 1
135 75 1
135 76 1
135 81 1
135 83 -1
135 84 1
135 86 1
135 93 1
135 95 1
135 96 1
135 97 1
135 98 1
135 100 1
135 102 1
135 104 1
135 106 1
135 111 1
135 112 1
135 114 1
135 115 1
135 117 1
135 119 1
135 120 1
135 121 1
135 122 1
135 125 1
135 127 1
135 131 1
135 132 1
135 134 -1
135 136 1
135 137 1
135 140 1
135 142 -1
135 144 -1
135 147 -1
135 148 1
135 150 1
136 1 1
136 2 1
136 3 1
136 4 1
136 8 1
136 9 -1
136 10 1
136 11 1
136 12 1
136 14 1
136 15 1
136 16 1
136 17 1
136 18 1
136 19 1
136 20 1
136 22 1
136 24 1
136 32 1
136 33 1
136 35 -1
136 36 1
136 39 1
136 40 1
136 41 1
136 42 1
136 52 1
136 54 1
136 55 -1
136 56 1
136 58 1
136 60 1
136 62 1
136 64 -1
136 68 1
136 69 -1
136 70 1
136 71 -1
136 74 1
136 77 1
136 79 1
136 82 1
136 83 1
136 84 1
136 85 1
136 87 -1
136 88 1
136 89 -1
136 91 -1
136 92 -1
136 96 1
136 102 1
136 103 1
136 107 1
136 108 1
136 109 1
136 114 1
136 116 1
136 117 1
136 118 -1
136 120 1
136 121 -1
136 122 1
136 124 1
136 125 1
136 127 1
136 128 1
136 129 1
136 130 1
136 131 -1
136 132 -1
136 133 1
136 139 1
136 140 1
136 146 1
136 148 1
136 149 1
136 150 1
137 1 1
137 2 -1
137 9 1
137 11 1
137 14 1
137 16 -1
137 17 1
137 19 1
137 22 1
137 26 1
137 28 -1
137 30 1
137 31 -1
137 32 -1
137 33 1
137 42 1
137 43 1
137 44 1
137 45 1
137 46 1
137 50 1
137 51 1
137 54 1
137 57 1
137 58 1
137 59 1
137 61 -1
137 63 -1
137 65 1
137 66 -1
137 67 1
137 69 1
137 72 1
137 73 1
137 75 1
137 76 -1
137 77 1
137 81 1
137 82 1
137 86 1
137 87 1
137 91 -1
137 93 1
137 96 1
137 99 1
137 100 1
137 101 1
137 102 1
137 103 1
137 104 -1
137 106 1
137 110 1
137 112 -1
137 114 -1
137 117 1
137 119 1
137 120 1
137 125 1
137 126 1
137 127 -1
137 128 1
137 129 1
137 130 1
137 132 -1
137 133 1
137 136 1
137 139 1
137 140 1
137 141 1
137 142 1
137 143 1
137 145 -1
137 148 1
137 149 -1
137 150 1
138 4 1
138 7 1
138 9 1
138 15 1
138 16 -1
138 18 1
138 19 -1
138 21 -1
138 24 -1
138 26 -1
138 27 1
138 29 1
138 31 -1
138 34 1
138 37 1
138 39 -1
138 43 1
138 44 1
138 47 1
138 48 1
138 49 1
138 51 1
138 52 1
138 53 1
138 56 1
138 58 1
138 59 1
138 60 1
138 61 1
138 64 1
138 67 1
138 68 1
138 71 -1
138 72 1
138 74 1
138 77 1
138 78 -1
138 79 1
138 80 1
138 81 1
138 83 1
138 84 1
138 85 1
138 86 1
138 87 1
138 88 1
138 90 1
138 92 1
138 93 1
138 97 1
138 98 1
138 99 -1
138 102 1
138 108 1
138 109 1
138 110 1
138 112 1
138 113 1
138 115 1
138 116 1
138 117 -1
138 118 -1
138 119 -1
138 120 1
138 123 1
138 124 1
138 126 -1
138 130 1
138 135 1
138 136 1
138 137 -1
138 139 1
138 140 1
138 148 1
138 150 1
139 2 1
139 4 1
139 6 1
139 7 1
139 8 1
139 9 1
139 11 1
139 12 1
139 14 1
139 15 1
139 18 1
139 22 1
139 24 1
139 25 1
139 28 1
139 31 1
139 36 1
139 37 1
139 38 1
139 39 1
139 40 1
139 42 -1
139 44 1
139 46 1
139 48 -1
139 49 1
139 53 -1
139 56 -1
139 58 1
139 62 1
139 65 1
139 67 1
139 68 1
139 71 -1
139 72 1
139 74 1
139 76 1
139 79 1
139 80 1
139 82 1
139 83 1
139 88 1
139 90 1
139 91 1
139 92 1
139 93 -1
139 96 1
139 98 1
139 99 -1
139 100 1
139 102 1
139 103 1
139 104 1
139 105 1
139 106 1
139 107 1
139 110 -1
139 111 -1
139 112 1
139 116 1
139 118 1
139 120 -1
139 122 -1
139 123 1
139 124 1
139 125 1
139 127 1
139 128 -1
139 129 1
139 133 1
139 134 1
139 135 1
139 140 1
139 143 1
139 148 1
139 150 1
140 4 -1
140 5 1
140 6 1
140 8 1
140 9 1
140 10 1
140 12 1
140 13 1
140 14 1
140 15 1
140 20 1
140 22 1
140 26 -1
140 27 1
140 28 1
140 29 1
140 31 1
140 34 1
140 39 1
140 41 1
140 42 1
140 43 -1
140 47 1
140 49 -1
140 54 1
140 56 1
140 58 1
140 64 1
140 65 -1
140 67 1
140 68 1
140 69 -1
140 76 -1
140 77 1
140 78 1
140 79 1
140 80 1
140 82 1
140 85 -1
140 88 1
140 89 1
140 90 1
140 94 1
140 97 1
140 100 1
140 103 1
140 106 1
140 107 1
140 110 -1
140 111 1
140 112 1
140 114 1
140 115 1
140 119 1
140 121 1
140 126 -1
140 129 1
140 130 1
140 134 1
140 142 1
140 143 1
140 144 1
140 146 1
140 149 1
141 1 1
141 2 1
141 4 1
141 5 1
141 7 1
141 8 1
141 9 1
141 11 1
141 13 1
141 16 1
141 18 1
141 20 1
141 21 1
141 22 1
141 23 1
141 29 1
141 30 1
141 31 1
141 32 1
141 33 1
141 34 -1
141 36 1
141 38 -1
141 39 -1
141 47 1
141 51 1
141 52 1
141 53 1
141 56 1
141 58 1
141 61 1
141 62 1
141 64 1
141 65 1
141 66 1
141 68 -1
141 72 1
141 73 -1
141 78 1
141 79 1
141 82 -1
141 83 1
141 84 1
141 85 -1
141 86 1
141 87 1
141 89 -1
141 90 1
141 91 -1
141 94 1
141 95 1
141 96 1
141 97 1
141 99 1
141 104 -1
141 105 -1
141 106 1
141 110 1
141 111 1
141 116 -1
141 117 1
141 118 1
141 122 1
141 125 1
141 126 1
141 127 -1
141 128 1
141 130 1
141 135 1
141 136 -1
141 138 1
141 139 1
141 140 1
141 145 1
141 146 1
142 3 -1
142 5 1
142 6 1
142 7 1
142 9 1
142 13 1
142 14 1
142 15 -1
142 17 1
142 18 1
142 22 1
142 24 1
142 28 -1
142 29 1
142 31 1
142 34 1
142 36 1
142 38 1
142 39 1
142 40 -1
142 42 1
142 44 1
142 48 1
142 50 1
142 51 1
142 53 1
142 55 1
142 56 -1
142 58 1
142 59 1
142 64 1
142 65 1
142 66 1
142 70 1
142 72 1
142 73 1
142 74 1
142 75 -1
142 77 1
142 78 1
142 80 -1
142 82 1
142 86 1
142 87 1
142 88 1
142 93 1
142 94 1
142 97 -1
142 100 -1
142 101 1
142 102 1
142 110 1
142 114 -1
142 120 1
142 121 1
142 123 1
142 124 1
142 125 -1
142 126 1
142 127 -1
142 128 1
142 129 1
142 130 1
142 132 -1
142 133 1
142 134 1
142 136 -1
142 138 1
142 139 1
142 141 1
142 143 1
142 146 1
142 148 -1
142 149 1
143 1 -1
143 2 1
143 5 1
143 7 1
143 8 1
143 10 1
143 11 -1
143 14 1
143 15 1
143 20 1
143 21 -1
143 24 1
143 30 1
143 33 1
143 34 1
143 35 -1
143 38 1
143 39 1
143 41 1
143 42 1
143 43 1
143 45 1
143 50 1
143 52 1
143 53 1
143 54 -1
143 55 -1
143 56 1
143 57 1
143 58 1
143 59 1
143 62 1
143 64 1
143 65 -1
143 67 1
143 68 1
143 70 1
143 73 -1
143 74 1
143 78 1
143 79 1
143 82 1
143 84 1
143 86 1
143 87 1
143 88 1
143 90 1
143 94 1
143 95 1
143 98 1
143 102 1
143 104 1
143 105 1
143 107 1
143 108 1
143 109 1
143 116 1
143 118 1
143 119 1
143 126 1
143 127 -1
143 132 -1
143 135 1
143 136 1
143 138 -1
143 141 1
143 145 1
143 149 1
144 4 1
144 7 1
144 10 1
144 11 1
144 15 1
144 16 -1
144 19 1
144 21 1
144 22 1
144 24 -1
144 26 1
144 27 -1
144 28 1
144 33 1
144 34 1
144 35 1
144 39 1
144 41 -1
144 46 1
144 53 1
144 55 1
144 58 1
144 59 1
144 61 1
144 62 1
144 66 -1
144 68 1
144 74 1
144 75 1
144 76 1
144 78 1
144 80 1
144 82 1
144 84 1
144 87 1
144 89 1
144 90 1
144 93 1
144 95 1
144 97 1
144 98 1
144 107 1
144 108 1
144 111 1
144 112 1
144 113 -1
144 115 1
144 117 1
144 118 1
144 119 1
144 120 1
144 125 1
144 126 1
144 128 1
144 129 1
144 133 -1
144 136 1
144 137 1
144 138 1
144 139 1
144 141 1
144 142 1
144 143 1
144 145 1
144 147 -1
144 148 1
145 3 1
145 5 1
145 8 -1
145 9 -1
145 10 1
145 12 -1
145 13 1
145 15 1
145 22 1
145 25 1
145 26 1
145 28 1
145 32 1
145 33 1
145 36 1
145 38 1
145 39 1
145 41 1
145 43 1
145 44 1
145 45 1
145 46 -1
145 49 1
145 52 1
145 54 1
145 55 1
145 56 1
145 57 1
145 60 1
145 62 1
145 63 1
145 65 1
145 67 1
145 68 1
145 69 -1
145 71 1
145 73 1
145 74 1
145 75 1
145 76 1
145 81 1
145 82 1
145 84 1
145 85 1
145 86 1
145 88 1
145 89 1
145 90 1
145 92 1
145 94 1
145 95 1
145 100 -1
145 101 1
145 103 1
145 104 1
145 105 1
145 106 1
145 107 1
145 108 1
145 110 1
145 112 1
145 114 1
145 118 1
145 119 1
145 122 1
145 125 -1
145 127 1
145 128 1
145 129 1
145 130 1
145 132 1
145 133 1
145 134 -1
145 135 1
145 136 1
145 138 1
145 139 1
145 140 1
145 142 1
145 146 1
145 147 1
145 150 1
146 1 1
146 2 1
146 3 1
146 5 1
146 6 1
146 8 -1
146 9 1
146 11 1
146 15 1
146 17 1
146 18 1
146 19 1
146 21 -1
146 22 1
146 23 1
146 24 1
146 25 1
146 26 1
146 29 -1
146 32 1
146 33 1
146 34 1
146 35 1
146 40 1
146 42 1
146 43 -1
146 50 1
146 52 1
146 53 1
146 54 1
146 55 1
146 56 1
146 57 1
146 58 -1
146 60 1
146 62 1
146 64 1
146 67 1
146 68 1
146 71 1
146 73 1
146 74 1
146 79 -1
146 80 1
146 81 1
146 82 1
146 83 1
146 84 1
146 89 1
146 91 -1
146 92 1
146 95 1
146 97 1
146 100 1
146 101 1
146 102 1
146 103 1
146 105 1
146 107 1
146 108 -1
146 109 1
146 111 -1
146 114 1
146 117 1
146 118 1
146 120 -1
146 122 1
146 123 1
146 124 -1
146 125 1
146 128 1
146 129 1
146 130 1
146 133 1
146 135 1
146 137 -1
146 138 1
146 139 1
146 143 1
146 144 1
146 150 1
147 1 1
147 2 1
147 3 1
147 5 1
147 6 1
147 10 1
147 12 1
147 15 1
147 16 1
147 17 1
147 20 -1
147 22 1
147 23 1
147 25 1
147 26 -1
147 28 1
147 31 1
147 33 1
147 35 1
147 37 1
147 38 1
147 40 -1
147 41 1
147 42 1
147 44 1
147 47 -1
147 48 1
147 54 1
147 55 1
147 56 1
147 57 1
147 58 -1
147 59 1
147 60 1
147 62 1
147 66 1
147 68 -1
147 69 1
147 70 -1
147 73 1
147 74 1
147 76 -1
147 77 -1
147 80 1
147 81 1
147 82 1
147 85 -1
147 87 1
147 88 -1
147 89 1
147 90 1
147 94 1
147 101 -1
147 103 1
147 104 1
147 107 1
147 110 1
147 111 1
147 113 1
147 119 1
147 120 -1
147 121 -1
147 123 -1
147 124 1
147 125 1
147 126 1
147 127 -1
147 129 1
147 131 1
147 136 1
147 137 1
147 138 1
147 139 1
147 140 -1
147 141 1
147 142 1
147 143 1
147 146 1
147 150 -1
148 5 1
148 6 1
148 12 1
148 14 1
148 15 1
148 16 -1
148 17 1
148 19 1
148 21 1
148 23 1
148 24 1
148 25 1
148 28 -1
148 30 1
148 31 1
148 37 -1
148 38 1
148 39 1
148 40 -1
148 42 1
148 46 1
148 47 1
148 49 1
148 51 1
148 52 -1
148 53 1
148 54 1
148 57 1
148 58 1
148 59 1
148 62 1
148 63 1
148 66 1
148 67 1
148 68 1
148 69 -1
148 70 1
148 71 1
148 74 1
148 75 1
148 77 1
148 78 -1
148 79 1
148 81 1
148 83 1
148 84 1
148 87 -1
148 90 1
148 91 1
148 93 1
148 94 1
148 95 1
148 96 1
148 97 1
148 99 1
148 100 1
148 107 1
148 111 1
148 112 1
148 113 1
148 114 1
148 115 1
148 116 1
148 118 -1
148 119 1
148 121 1
148 122 1
148 125 1
148 126 1
148 130 1
148 131 1
148 132 1
148 133 1
148 134 1
148 140 1
148 141 -1
148 143 1
148 145 1
148 146 1
148 147 1
148 149 1
149 4 1
149 6 1
149 9 -1
149 10 -1
149 11 1
149 12 1
149 13 1
149 20 1
149 22 1
149 23 1
149 26 -1
149 29 1
149 33 1
149 36 1
149 40 1
149 44 1
149 45 1
149 46 -1
149 47 -1
149 48 1
149 49 1
149 53 1
149 54 -1
149 56 -1
149 57 1
149 60 1
149 61 -1
149 62 -1
149 65 -1
149 66 1
149 67 -1
149 68 1
149 69 1
149 70 -1
149 71 1
149 72 1
149 73 -1
149 75 -1
149 76 1
149 77 -1
149 78 1
149 83 -1
149 87 1
149 89 1
149 90 1
149 91 1
149 93 1
149 94 1
149 95 1
149 97 1
149 98 1
149 100 1
149 101 -1
149 102 1
149 104 1
149 109 -1
149 110 1
149 113 1
149 115 1
149 116 1
149 117 1
149 122 -1
149 124 1
149 125 1
149 126 1
149 128 1
149 131 1
149 133 1
149 134 1
149 135 1
149 138 1
149 139 1
149 141 1
149 144 1
149 145 1
149 146 1
149 147 1
149 150 1
150 3 -1
150 5 -1
150 6 1
150 8 1
150 11 1
150 12 1
150 13 1
150 15 -1
150 16 1
150 18 1
150 20 1
150 21 1
150 23 -1
150 24 -1
150 25 -1
150 26 -1
150 30 1
150 31 1
150 32 1
150 33 1
150 38 1
150 40 1
150 41 1
150 44 1
150 46 -1
150 47 1
150 48 1
150 51 1
150 53 1
150 54 1
150 55 -1
150 60 -1
150 62 1
150 63 1
150 64 -1
150 65 1
150 67 1
150 68 -1
150 70 1
150 71 1
150 75 1
150 76 1
150 77 1
150 78 1
150 82 1
150 83 1
150 85 -1
150 89 -1
150 90 1
150 91 -1
150 92 1
150 93 -1
150 95 1
150 101 1
150 108 1
150 109 1
150 110 1
150 112 1
150 114 1
150 115 -1
150 116 -1
150 120 1
150 121 1
150 122 1
150 123 -1
150 125 -1
150 127 -1
150 130 -1
150 131 1
150 132 -1
150 133 1
150 134 1
150 140 1
150 141 1
150 142 -1
150 143 -1
150 144 1
150 148 -1
