vertices: 110 edges: 5995
1 8 1
1 9 -1
1 11 -1
1 13 -1
1 14 -1
1 15 -1
1 16 -1
1 18 -1
1 19 -1
1 22 -1
1 23 -1
1 26 -1
1 29 -1
1 30 -1
1 31 1
1 35 -1
1 37 -1
1 38 -1
1 39 -1
1 40 -1
1 41 1
1 45 -1
1 46 -1
1 47 -1
1 48 -1
1 51 1
1 53 -1
1 54 1
1 55 1
1 56 -1
1 58 -1
1 62 -1
1 63 -1
1 64 1
1 65 1
1 66 -1
1 67 -1
1 72 -1
1 74 -1
1 76 -1
1 78 -1
1 85 -1
1 86 1
1 87 -1
1 89 1
1 90 -1
1 91 -1
1 95 -1
1 96 -1
1 97 1
1 99 -1
1 100 -1
1 101 -1
1 102 -1
1 103 -1
1 106 -1
1 108 -1
2 1 -1
2 4 -1
2 5 1
2 6 -1
2 7 -1
2 8 1
2 9 1
2 11 1
2 13 -1
2 17 -1
2 18 -1
2 20 -1
2 22 -1
2 24 -1
2 25 -1
2 27 -1
2 28 -1
2 29 1
2 30 -1
2 31 1
2 35 -1
2 36 -1
2 37 1
2 38 -1
2 39 -1
2 43 -1
2 45 -1
2 49 -1
2 52 -1
2 54 -1
2 55 -1
2 58 -1
2 59 -1
2 61 -1
2 63 -1
2 64 -1
2 66 -1
2 67 -1
2 68 -1
2 72 -1
2 73 1
2 75 -1
2 76 -1
2 78 -1
2 79 -1
2 84 -1
2 88 -1
2 90 1
2 91 1
2 92 -1
2 93 -1
2 94 -1
2 99 -1
2 100 -1
2 103 -1
2 104 -1
2 105 -1
2 107 -1
2 108 -1
2 109 -1
2 110 -1
3 1 -1
3 2 1
3 5 -1
3 8 -1
3 9 -1
3 11 -1
3 13 -1
3 15 -1
3 20 -1
3 21 -1
3 22 1
3 24 -1
3 26 -1
3 27 -1
3 30 -1
3 33 -1
3 35 -1
3 39 -1
3 40 -1
3 41 -1
3 43 -1
3 44 -1
3 46 -1
3 47 -1
3 49 -1
3 50 -1
3 51 1
3 52 -1
3 53 1
3 58 1
3 60 1
3 61 -1
3 62 -1
3 66 -1
3 69 -1
3 71 -1
3 74 -1
3 76 1
3 77 -1
3 78 -1
3 79 -1
3 83 -1
3 85 -1
3 88 -1
3 90 -1
3 92 -1
3 93 -1
3 98 -1
3 104 -1
3 105 1
3 109 -1
3 110 -1
4 1 1
4 3 1
4 5 -1
4 6 -1
4 9 1
4 14 -1
4 15 1
4 17 -1
4 18 -1
4 19 -1
4 21 -1
4 23 -1
4 24 -1
4 25 1
4 26 -1
4 28 -1
4 31 -1
4 36 -1
4 40 -1
4 49 1
4 51 -1
4 53 1
4 58 -1
4 60 -1
4 61 -1
4 66 -1
4 68 -1
4 69 -1
4 72 -1
4 76 -1
4 77 -1
4 78 -1
4 79 -1
4 80 -1
4 81 1
4 82 -1
4 83 -1
4 88 -1
4 89 -1
4 90 -1
4 91 1
4 92 -1
4 93 -1
4 94 1
4 96 1
4 98 -1
4 100 -1
4 103 -1
4 105 1
4 107 1
4 108 -1
4 109 1
5 1 -1
5 6 -1
5 10 -1
5 12 1
5 13 -1
5 15 -1
5 16 -1
5 17 -1
5 24 -1
5 25 -1
5 27 -1
5 32 1
5 33 -1
5 36 -1
5 43 -1
5 45 -1
5 46 -1
5 49 -1
5 52 -1
5 56 -1
5 58 -1
5 59 1
5 60 -1
5 61 -1
5 62 1
5 63 -1
5 64 -1
5 66 -1
5 67 -1
5 69 -1
5 72 -1
5 74 -1
5 75 1
5 79 -1
5 80 1
5 81 -1
5 82 -1
5 86 -1
5 89 -1
5 94 -1
5 96 -1
5 98 1
5 99 1
5 101 1
5 105 -1
6 1 -1
6 3 1
6 12 -1
6 13 -1
6 15 -1
6 22 -1
6 23 -1
6 25 -1
6 26 1
6 28 -1
6 31 1
6 34 -1
6 35 -1
6 36 -1
6 38 -1
6 39 -1
6 40 -1
6 42 -1
6 43 -1
6 44 1
6 45 -1
6 47 -1
6 48 -1
6 49 -1
6 51 -1
6 56 1
6 57 -1
6 58 1
6 60 -1
6 61 -1
6 64 -1
6 66 1
6 67 -1
6 71 1
6 74 1
6 76 -1
6 78 -1
6 79 -1
6 80 -1
6 81 -1
6 83 -1
6 86 -1
6 92 -1
6 93 -1
6 94 -1
6 95 -1
6 96 -1
6 97 -1
6 100 -1
6 101 -1
6 102 -1
6 104 -1
6 105 -1
6 108 -1
6 109 -1
7 1 -1
7 3 -1
7 4 -1
7 5 -1
7 6 -1
7 8 -1
7 9 -1
7 13 -1
7 15 -1
7 17 -1
7 20 -1
7 21 -1
7 23 -1
7 24 -1
7 27 -1
7 29 -1
7 30 -1
7 33 -1
7 34 -1
7 35 -1
7 36 -1
7 38 1
7 40 -1
7 41 -1
7 45 -1
7 47 -1
7 51 -1
7 52 -1
7 56 -1
7 58 1
7 60 -1
7 61 1
7 62 1
7 63 -1
7 64 -1
7 66 -1
7 67 1
7 69 -1
7 73 1
7 74 1
7 79 -1
7 81 -1
7 84 -1
7 86 -1
7 88 -1
7 91 -1
7 92 -1
7 99 -1
7 100 1
7 101 -1
7 104 -1
7 107 -1
7 109 -1
7 110 -1
8 4 -1
8 5 1
8 6 -1
8 10 1
8 14 -1
8 15 1
8 18 -1
8 19 -1
8 20 1
8 21 -1
8 23 -1
8 26 -1
8 31 -1
8 33 -1
8 35 1
8 38 -1
8 39 1
8 41 -1
8 43 1
8 47 -1
8 48 -1
8 49 -1
8 50 1
8 53 -1
8 55 -1
8 57 -1
8 58 -1
8 60 -1
8 63 -1
8 66 -1
8 67 -1
8 69 -1
8 71 -1
8 72 -1
8 74 -1
8 75 -1
8 79 -1
8 80 -1
8 81 1
8 84 -1
8 87 1
8 88 -1
8 89 -1
8 92 -1
8 93 -1
8 96 -1
8 98 1
8 99 -1
8 101 -1
8 102 -1
8 104 -1
8 105 -1
8 107 1
8 110 -1
9 5 -1
9 6 -1
9 8 -1
9 10 -1
9 11 -1
9 13 1
9 14 -1
9 15 -1
9 16 1
9 20 -1
9 21 -1
9 25 -1
9 26 -1
9 27 1
9 30 -1
9 31 -1
9 33 -1
9 34 -1
9 36 -1
9 38 -1
9 44 1
9 45 -1
9 48 -1
9 50 -1
9 53 -1
9 55 -1
9 57 -1
9 58 1
9 61 -1
9 62 -1
9 63 -1
9 66 -1
9 67 -1
9 68 -1
9 69 -1
9 70 -1
9 71 -1
9 72 -1
9 75 -1
9 77 1
9 78 -1
9 79 -1
9 88 -1
9 89 -1
9 91 1
9 93 -1
9 94 1
9 97 1
9 100 -1
9 101 -1
9 103 -1
9 104 -1
9 107 1
9 109 -1
9 110 -1
10 1 -1
10 2 -1
10 3 -1
10 4 1
10 6 -1
10 7 -1
10 11 1
10 13 -1
10 14 1
10 16 -1
10 19 1
10 21 -1
10 22 -1
10 23 -1
10 25 -1
10 30 -1
10 32 -1
10 33 1
10 34 -1
10 36 1
10 37 -1
10 39 -1
10 42 -1
10 43 1
10 47 -1
10 50 -1
10 51 -1
10 53 1
10 54 -1
10 55 -1
10 56 -1
10 57 -1
10 58 -1
10 60 -1
10 61 -1
10 63 -1
10 66 -1
10 70 -1
10 71 -1
10 73 -1
10 74 -1
10 76 1
10 77 1
10 78 1
10 79 -1
10 83 1
10 84 -1
10 85 -1
10 88 1
10 90 -1
10 91 -1
10 93 1
10 101 -1
10 102 -1
10 104 -1
10 105 1
10 110 -1
11 4 -1
11 5 -1
11 6 1
11 7 -1
11 8 -1
11 12 -1
11 16 -1
11 18 -1
11 19 -1
11 20 -1
11 24 -1
11 25 1
11 26 -1
11 28 1
11 32 -1
11 34 -1
11 36 -1
11 39 -1
11 42 1
11 43 -1
11 44 -1
11 47 -1
11 50 -1
11 52 -1
11 53 -1
11 55 1
11 60 -1
11 64 -1
11 65 -1
11 68 1
11 69 1
11 72 -1
11 74 -1
11 75 -1
11 78 -1
11 82 -1
11 83 -1
11 84 1
11 85 -1
11 86 -1
11 88 1
11 89 -1
11 92 -1
11 93 -1
11 94 -1
11 95 -1
11 96 -1
11 100 -1
11 103 1
11 104 -1
12 1 -1
12 2 -1
12 3 -1
12 4 -1
12 7 -1
12 8 -1
12 9 1
12 10 1
12 14 -1
12 15 -1
12 16 -1
12 18 -1
12 21 -1
12 22 1
12 23 1
12 26 -1
12 28 1
12 29 1
12 30 -1
12 31 -1
12 32 -1
12 39 -1
12 42 -1
12 43 -1
12 46 -1
12 48 1
12 52 -1
12 55 1
12 56 1
12 57 -1
12 58 -1
12 60 -1
12 61 -1
12 65 -1
12 67 -1
12 68 -1
12 74 -1
12 75 -1
12 78 -1
12 80 -1
12 81 -1
12 82 -1
12 84 -1
12 85 -1
12 87 -1
12 88 -1
12 89 -1
12 90 1
12 93 -1
12 98 -1
12 103 -1
12 106 -1
12 108 -1
12 110 1
13 4 1
13 8 -1
13 11 -1
13 12 -1
13 14 -1
13 15 -1
13 16 -1
13 19 -1
13 20 -1
13 21 -1
13 22 -1
13 25 -1
13 27 -1
13 29 -1
13 32 -1
13 35 1
13 36 1
13 38 -1
13 42 1
13 43 1
13 45 -1
13 47 -1
13 48 1
13 50 -1
13 52 -1
13 53 -1
13 60 -1
13 61 -1
13 63 -1
13 64 -1
13 66 -1
13 68 -1
13 71 -1
13 72 -1
13 73 -1
13 74 -1
13 75 -1
13 78 -1
13 81 1
13 82 -1
13 84 -1
13 85 -1
13 87 -1
13 90 -1
13 94 -1
13 95 -1
13 96 -1
13 97 -1
13 98 -1
13 100 1
13 103 -1
13 105 -1
13 106 -1
14 2 -1
14 3 1
14 5 -1
14 6 1
14 7 -1
14 11 -1
14 15 -1
14 16 -1
14 19 -1
14 21 1
14 22 -1
14 26 -1
14 27 -1
14 28 -1
14 29 1
14 31 1
14 33 -1
14 34 -1
14 35 -1
14 36 -1
14 37 -1
14 38 1
14 40 -1
14 42 -1
14 43 -1
14 44 -1
14 45 -1
14 46 -1
14 47 -1
14 48 -1
14 50 -1
14 51 -1
14 54 -1
14 56 -1
14 58 -1
14 62 -1
14 64 -1
14 65 -1
14 66 -1
14 69 -1
14 72 -1
14 74 -1
14 81 -1
14 82 -1
14 84 -1
14 85 -1
14 89 -1
14 91 1
14 92 -1
14 94 -1
14 95 -1
14 96 -1
14 97 -1
14 98 1
14 103 -1
14 109 -1
14 110 1
15 2 1
15 10 -1
15 11 -1
15 22 -1
15 23 -1
15 24 -1
15 26 1
15 27 -1
15 29 -1
15 30 1
15 32 1
15 33 -1
15 34 -1
15 35 -1
15 37 1
15 41 -1
15 43 -1
15 44 -1
15 45 -1
15 47 -1
15 48 -1
15 49 -1
15 50 -1
15 52 -1
15 56 -1
15 58 -1
15 59 -1
15 61 -1
15 62 1
15 64 -1
15 66 -1
15 67 1
15 68 1
15 69 -1
15 70 -1
15 71 -1
15 72 -1
15 73 -1
15 74 -1
15 76 -1
15 77 -1
15 78 -1
15 79 1
15 80 -1
15 81 1
15 82 -1
15 83 -1
15 84 -1
15 85 -1
15 86 -1
15 88 -1
15 91 -1
15 93 -1
15 94 -1
15 96 1
15 99 -1
15 100 -1
15 101 1
15 108 -1
15 109 1
16 2 1
16 3 -1
16 4 -1
16 6 1
16 7 1
16 8 -1
16 15 -1
16 17 -1
16 18 1
16 19 -1
16 22 -1
16 23 -1
16 27 1
16 30 -1
16 33 -1
16 34 -1
16 35 -1
16 36 -1
16 37 1
16 38 -1
16 39 -1
16 40 -1
16 41 -1
16 43 -1
16 45 -1
16 47 -1
16 50 -1
16 52 -1
16 55 -1
16 56 -1
16 58 -1
16 59 -1
16 60 -1
16 62 -1
16 63 -1
16 64 -1
16 65 -1
16 66 -1
16 67 -1
16 68 -1
16 70 -1
16 74 -1
16 75 -1
16 77 1
16 78 -1
16 80 1
16 83 1
16 86 1
16 87 -1
16 88 1
16 92 -1
16 95 1
16 96 -1
16 100 -1
16 102 -1
16 103 1
16 106 -1
16 107 -1
16 108 -1
17 1 1
17 3 1
17 6 -1
17 8 -1
17 9 -1
17 10 -1
17 11 -1
17 12 -1
17 13 -1
17 14 -1
17 15 1
17 18 -1
17 21 -1
17 22 -1
17 23 -1
17 25 -1
17 27 -1
17 31 -1
17 32 -1
17 35 -1
17 40 1
17 42 1
17 43 -1
17 47 -1
17 48 -1
17 51 -1
17 54 -1
17 55 1
17 59 -1
17 60 -1
17 61 -1
17 63 -1
17 66 -1
17 67 -1
17 68 -1
17 71 -1
17 73 -1
17 75 -1
17 78 -1
17 82 -1
17 85 1
17 86 -1
17 88 -1
17 90 -1
17 91 -1
17 92 1
17 94 1
17 95 -1
17 98 -1
17 99 1
17 102 -1
17 103 1
17 105 -1
17 106 -1
17 107 1
17 110 1
18 3 -1
18 5 -1
18 6 -1
18 7 -1
18 9 -1
18 10 -1
18 13 1
18 14 1
18 15 -1
18 19 -1
18 20 -1
18 21 -1
18 22 -1
18 24 -1
18 26 -1
18 28 -1
18 30 -1
18 31 -1
18 33 -1
18 34 1
18 37 -1
18 40 -1
18 41 1
18 42 1
18 43 -1
18 46 1
18 47 1
18 48 -1
18 50 -1
18 52 -1
18 53 -1
18 55 -1
18 56 -1
18 58 -1
18 62 -1
18 63 -1
18 66 -1
18 67 -1
18 68 1
18 73 -1
18 74 -1
18 76 -1
18 77 -1
18 80 -1
18 81 -1
18 82 -1
18 83 -1
18 84 -1
18 88 -1
18 91 -1
18 92 -1
18 93 -1
18 94 -1
18 97 -1
18 98 1
18 102 1
18 104 1
18 107 1
18 108 -1
18 110 1
19 2 1
19 3 -1
19 5 -1
19 6 -1
19 7 1
19 9 1
19 12 -1
19 15 -1
19 17 -1
19 20 -1
19 23 -1
19 24 1
19 25 -1
19 28 -1
19 31 1
19 34 1
19 35 -1
19 38 -1
19 40 -1
19 41 -1
19 44 -1
19 47 -1
19 48 -1
19 49 -1
19 50 1
19 52 -1
19 53 -1
19 54 1
19 55 -1
19 56 -1
19 60 -1
19 61 -1
19 62 -1
19 63 -1
19 66 -1
19 68 -1
19 70 -1
19 74 -1
19 78 -1
19 79 1
19 80 -1
19 81 -1
19 83 -1
19 86 1
19 89 -1
19 90 -1
19 91 -1
19 92 -1
19 96 -1
19 98 -1
19 99 -1
19 100 -1
19 101 -1
19 103 1
19 105 1
19 107 1
19 108 -1
19 109 -1
19 110 1
20 1 1
20 4 -1
20 5 1
20 6 -1
20 10 -1
20 12 -1
20 14 -1
20 15 -1
20 16 1
20 17 -1
20 23 -1
20 24 -1
20 25 1
20 26 -1
20 28 -1
20 33 1
20 34 1
20 37 -1
20 42 -1
20 43 -1
20 45 1
20 46 -1
20 47 -1
20 50 1
20 51 1
20 58 -1
20 59 -1
20 60 -1
20 61 1
20 62 -1
20 63 -1
20 66 -1
20 69 -1
20 70 -1
20 71 -1
20 72 -1
20 75 -1
20 77 -1
20 79 -1
20 80 -1
20 81 -1
20 82 -1
20 84 -1
20 86 1
20 87 -1
20 88 -1
20 89 -1
20 92 -1
20 94 -1
20 95 -1
20 98 -1
20 101 1
20 103 -1
20 105 1
20 108 1
21 1 -1
21 2 1
21 5 -1
21 6 -1
21 11 -1
21 15 1
21 16 -1
21 19 -1
21 20 -1
21 23 1
21 24 -1
21 25 1
21 29 -1
21 30 -1
21 31 -1
21 33 1
21 34 1
21 36 -1
21 37 -1
21 38 1
21 40 -1
21 41 -1
21 43 -1
21 44 -1
21 45 -1
21 49 1
21 54 -1
21 56 -1
21 61 -1
21 63 -1
21 64 -1
21 65 -1
21 68 -1
21 70 -1
21 72 -1
21 80 1
21 82 -1
21 86 -1
21 87 -1
21 89 -1
21 90 1
21 93 -1
21 95 1
21 98 -1
21 99 -1
21 104 -1
21 105 -1
21 107 -1
21 108 -1
21 109 -1
22 4 -1
22 5 -1
22 7 -1
22 8 -1
22 9 -1
22 11 1
22 19 -1
22 20 -1
22 21 -1
22 23 -1
22 24 -1
22 30 -1
22 32 1
22 33 -1
22 34 -1
22 41 -1
22 42 -1
22 43 -1
22 45 -1
22 46 1
22 50 1
22 52 1
22 53 1
22 54 -1
22 58 -1
22 60 -1
22 62 -1
22 63 -1
22 66 -1
22 69 -1
22 72 1
22 74 1
22 75 -1
22 80 -1
22 82 -1
22 85 -1
22 87 -1
22 88 1
22 89 1
22 90 -1
22 93 1
22 94 -1
22 100 -1
22 101 -1
22 105 -1
22 106 -1
22 110 -1
23 2 -1
23 3 -1
23 5 1
23 9 -1
23 11 -1
23 13 -1
23 14 -1
23 18 -1
23 24 -1
23 27 -1
23 30 1
23 31 -1
23 33 -1
23 34 -1
23 37 -1
23 39 1
23 41 -1
23 42 -1
23 46 -1
23 50 1
23 53 -1
23 54 1
23 58 -1
23 59 -1
23 61 -1
23 63 -1
23 64 -1
23 67 -1
23 68 1
23 71 -1
23 74 -1
23 76 -1
23 77 -1
23 83 -1
23 84 1
23 86 -1
23 87 -1
23 88 -1
23 90 1
23 91 -1
23 92 1
23 94 -1
23 95 -1
23 96 -1
23 97 -1
23 98 -1
23 101 -1
23 106 -1
23 107 -1
23 108 -1
23 109 -1
23 110 -1
24 1 -1
24 6 -1
24 8 1
24 9 -1
24 10 -1
24 12 -1
24 13 -1
24 14 -1
24 16 -1
24 17 -1
24 25 1
24 27 -1
24 29 -1
24 30 -1
24 31 -1
24 35 -1
24 37 -1
24 40 -1
24 41 -1
24 45 -1
24 46 -1
24 51 -1
24 53 -1
24 56 -1
24 59 1
24 60 -1
24 63 -1
24 64 -1
24 65 -1
24 66 -1
24 67 -1
24 71 -1
24 73 -1
24 75 -1
24 76 -1
24 78 -1
24 79 -1
24 80 -1
24 81 -1
24 87 1
24 88 -1
24 90 -1
24 91 -1
24 94 -1
24 95 -1
24 96 -1
24 98 -1
24 100 -1
24 102 -1
24 104 -1
24 108 -1
25 1 1
25 3 1
25 7 -1
25 8 1
25 12 1
25 14 1
25 15 1
25 16 -1
25 18 -1
25 22 -1
25 23 -1
25 30 -1
25 32 -1
25 34 -1
25 35 -1
25 37 -1
25 39 1
25 40 -1
25 42 -1
25 44 -1
25 45 -1
25 46 -1
25 47 -1
25 49 1
25 54 -1
25 56 -1
25 58 -1
25 60 -1
25 61 -1
25 62 -1
25 63 -1
25 64 1
25 66 -1
25 67 1
25 70 -1
25 71 -1
25 72 -1
25 73 -1
25 74 1
25 75 -1
25 78 -1
25 80 -1
25 81 -1
25 83 -1
25 85 -1
25 87 -1
25 90 -1
25 92 -1
25 93 -1
25 94 -1
25 96 -1
25 97 -1
25 98 -1
25 100 1
25 103 1
25 107 -1
25 110 1
26 2 -1
26 5 1
26 7 -1
26 10 -1
26 13 1
26 16 -1
26 17 -1
26 19 -1
26 21 1
26 22 -1
26 23 -1
26 24 1
26 25 -1
26 32 -1
26 34 -1
26 36 -1
26 39 -1
26 42 -1
26 43 -1
26 45 -1
26 47 -1
26 48 -1
26 54 1
26 55 -1
26 56 -1
26 60 1
26 61 1
26 62 1
26 63 -1
26 64 -1
26 65 -1
26 68 -1
26 72 -1
26 77 1
26 80 1
26 83 -1
26 84 -1
26 85 1
26 86 -1
26 87 -1
26 88 -1
26 89 -1
26 94 -1
26 95 1
26 96 -1
26 99 -1
26 101 -1
26 106 -1
26 107 -1
26 109 -1
27 1 -1
27 4 -1
27 6 -1
27 8 -1
27 10 -1
27 11 1
27 12 1
27 18 -1
27 19 1
27 20 1
27 21 -1
27 22 -1
27 25 -1
27 26 -1
27 29 -1
27 30 -1
27 31 -1
27 34 1
27 35 1
27 38 -1
27 47 -1
27 49 1
27 50 -1
27 52 -1
27 55 -1
27 56 -1
27 58 -1
27 64 -1
27 66 -1
27 72 -1
27 73 -1
27 75 -1
27 76 -1
27 77 -1
27 78 -1
27 79 -1
27 80 -1
27 81 -1
27 85 -1
27 87 1
27 92 -1
27 95 1
27 96 -1
27 98 -1
27 103 1
27 105 -1
27 106 1
27 107 -1
27 108 -1
27 109 -1
28 1 1
28 3 -1
28 5 -1
28 7 -1
28 8 -1
28 9 -1
28 10 -1
28 13 -1
28 15 -1
28 16 -1
28 17 -1
28 21 -1
28 22 -1
28 23 -1
28 24 -1
28 25 -1
28 26 -1
28 27 -1
28 30 -1
28 32 -1
28 34 -1
28 35 1
28 40 -1
28 41 -1
28 43 -1
28 45 1
28 46 -1
28 49 1
28 52 -1
28 54 -1
28 57 -1
28 58 1
28 60 -1
28 65 -1
28 67 -1
28 70 -1
28 71 -1
28 72 -1
28 73 -1
28 76 1
28 79 -1
28 81 -1
28 83 -1
28 84 -1
28 85 -1
28 88 -1
28 90 1
28 91 -1
28 97 -1
28 98 -1
28 100 -1
28 102 -1
28 103 1
28 106 -1
28 109 -1
28 110 -1
29 3 -1
29 4 -1
29 5 -1
29 6 -1
29 8 1
29 9 -1
29 10 -1
29 11 1
29 16 -1
29 17 -1
29 18 -1
29 19 -1
29 20 -1
29 22 -1
29 23 -1
29 25 -1
29 26 -1
29 28 -1
29 31 -1
29 36 -1
29 40 -1
29 41 -1
29 42 -1
29 43 -1
29 45 -1
29 47 -1
29 48 -1
29 49 1
29 54 -1
29 55 1
29 57 -1
29 59 -1
29 61 -1
29 62 -1
29 64 -1
29 65 -1
29 67 -1
29 70 -1
29 71 1
29 73 -1
29 75 -1
29 78 1
29 80 -1
29 81 1
29 82 -1
29 83 -1
29 84 -1
29 85 -1
29 86 1
29 88 -1
29 89 -1
29 91 1
29 95 -1
29 96 -1
29 98 -1
29 100 -1
29 101 1
29 102 -1
29 105 1
29 109 -1
30 4 1
30 5 -1
30 6 -1
30 8 1
30 11 -1
30 13 -1
30 14 -1
30 17 -1
30 19 -1
30 20 -1
30 26 1
30 29 -1
30 31 1
30 33 -1
30 35 -1
30 37 1
30 39 1
30 40 -1
30 42 -1
30 44 1
30 45 -1
30 46 -1
30 49 -1
30 50 -1
30 51 1
30 58 1
30 59 -1
30 60 -1
30 62 1
30 63 -1
30 64 1
30 65 1
30 68 -1
30 71 -1
30 73 -1
30 74 -1
30 75 1
30 80 -1
30 81 -1
30 83 -1
30 84 -1
30 85 -1
30 86 -1
30 89 -1
30 90 -1
30 91 -1
30 93 1
30 94 -1
30 98 -1
30 99 -1
30 101 -1
30 102 -1
30 105 -1
30 107 -1
30 108 -1
30 109 1
30 110 -1
31 3 -1
31 5 1
31 7 1
31 10 -1
31 11 -1
31 13 -1
31 15 -1
31 16 -1
31 20 -1
31 22 -1
31 25 -1
31 26 -1
31 28 1
31 33 -1
31 34 -1
31 35 -1
31 38 1
31 41 -1
31 43 -1
31 44 -1
31 46 -1
31 50 -1
31 52 -1
31 53 1
31 54 -1
31 55 -1
31 63 -1
31 66 -1
31 67 -1
31 69 -1
31 72 -1
31 74 1
31 75 -1
31 76 -1
31 79 -1
31 80 -1
31 81 -1
31 83 -1
31 84 -1
31 87 -1
31 88 -1
31 89 -1
31 99 -1
31 100 1
31 103 1
31 109 -1
32 1 1
32 2 -1
32 3 -1
32 4 -1
32 6 -1
32 7 1
32 8 -1
32 9 -1
32 14 -1
32 16 -1
32 18 -1
32 19 -1
32 20 1
32 21 -1
32 23 -1
32 24 1
32 27 -1
32 29 -1
32 30 -1
32 31 -1
32 36 -1
32 39 1
32 40 -1
32 42 -1
32 43 -1
32 44 -1
32 45 -1
32 47 -1
32 49 -1
32 50 -1
32 52 -1
32 55 -1
32 56 -1
32 57 -1
32 58 1
32 62 -1
32 71 -1
32 76 -1
32 77 -1
32 78 -1
32 79 -1
32 81 -1
32 87 -1
32 90 -1
32 94 -1
32 95 -1
32 97 -1
32 98 -1
32 102 -1
32 104 1
32 106 -1
32 108 -1
32 110 -1
33 1 1
33 2 -1
33 4 -1
33 6 1
33 11 -1
33 12 1
33 13 -1
33 17 1
33 19 -1
33 24 1
33 25 -1
33 26 1
33 27 -1
33 28 -1
33 29 -1
33 32 -1
33 35 -1
33 37 -1
33 41 -1
33 43 -1
33 50 1
33 51 -1
33 53 -1
33 54 -1
33 56 -1
33 60 -1
33 62 -1
33 64 1
33 66 -1
33 71 -1
33 73 -1
33 75 -1
33 76 -1
33 79 -1
33 80 -1
33 81 -1
33 84 -1
33 85 -1
33 86 1
33 88 -1
33 89 -1
33 95 -1
33 96 1
33 98 -1
33 99 -1
33 100 -1
33 101 -1
33 103 -1
33 104 -1
33 106 -1
33 109 -1
34 1 -1
34 2 1
34 3 1
34 4 -1
34 5 -1
34 8 -1
34 12 -1
34 13 -1
34 17 -1
34 24 -1
34 29 -1
34 30 -1
34 32 -1
34 33 -1
34 36 -1
34 38 -1
34 39 -1
34 41 -1
34 42 -1
34 44 -1
34 45 1
34 46 -1
34 48 -1
34 49 -1
34 53 -1
34 54 -1
34 55 -1
34 56 -1
34 57 -1
34 64 1
34 65 -1
34 66 1
34 68 -1
34 72 -1
34 73 -1
34 75 -1
34 76 -1
34 77 -1
34 79 -1
34 81 -1
34 86 -1
34 89 1
34 90 1
34 92 -1
34 93 1
34 95 -1
34 97 -1
34 101 -1
34 102 1
34 104 -1
34 105 1
34 107 1
34 108 -1
34 110 -1
35 4 -1
35 5 1
35 9 1
35 10 -1
35 11 -1
35 12 -1
35 18 1
35 20 -1
35 21 -1
35 22 -1
35 23 -1
35 26 -1
35 29 1
35 32 -1
35 34 -1
35 36 1
35 37 -1
35 39 -1
35 40 -1
35 41 -1
35 42 -1
35 43 -1
35 44 -1
35 46 1
35 49 -1
35 53 -1
35 54 1
35 56 1
35 58 -1
35 59 1
35 63 -1
35 65 1
35 66 -1
35 71 -1
35 72 -1
35 73 -1
35 74 -1
35 75 -1
35 78 1
35 79 -1
35 80 -1
35 81 1
35 82 -1
35 83 -1
35 84 -1
35 86 1
35 89 -1
35 92 -1
35 93 -1
35 95 -1
35 96 -1
35 99 -1
35 104 -1
35 106 -1
35 109 -1
36 1 -1
36 3 -1
36 8 -1
36 12 -1
36 15 -1
36 17 -1
36 18 1
36 19 -1
36 20 1
36 22 -1
36 23 -1
36 24 -1
36 25 1
36 27 -1
36 28 1
36 30 1
36 31 -1
36 33 -1
36 40 -1
36 43 1
36 45 1
36 46 1
36 47 -1
36 48 -1
36 50 -1
36 51 -1
36 52 -1
36 54 -1
36 58 -1
36 59 -1
36 60 1
36 62 -1
36 63 1
36 64 -1
36 68 -1
36 71 -1
36 72 1
36 73 -1
36 76 -1
36 77 -1
36 78 -1
36 79 -1
36 80 1
36 81 -1
36 82 -1
36 84 -1
36 85 1
36 86 -1
36 88 -1
36 90 -1
36 92 1
36 94 -1
36 98 -1
36 99 -1
36 101 -1
36 102 -1
36 107 1
36 108 1
36 109 1
37 3 1
37 4 -1
37 5 1
37 6 -1
37 7 -1
37 8 -1
37 9 1
37 11 -1
37 12 -1
37 13 -1
37 17 -1
37 19 -1
37 22 -1
37 26 -1
37 27 -1
37 28 -1
37 29 -1
37 31 -1
37 32 -1
37 34 -1
37 36 -1
37 38 1
37 39 -1
37 42 1
37 46 -1
37 47 -1
37 50 -1
37 52 -1
37 56 -1
37 57 -1
37 59 -1
37 60 -1
37 67 1
37 68 1
37 69 -1
37 71 -1
37 72 -1
37 75 -1
37 76 -1
37 78 -1
37 79 -1
37 80 -1
37 83 -1
37 84 1
37 85 1
37 89 -1
37 90 1
37 91 -1
37 92 -1
37 94 -1
37 97 -1
37 100 -1
37 103 -1
37 110 -1
38 3 -1
38 4 -1
38 5 -1
38 10 -1
38 11 1
38 12 -1
38 15 -1
38 17 1
38 18 -1
38 20 -1
38 22 -1
38 23 -1
38 24 1
38 25 -1
38 26 -1
38 28 -1
38 29 -1
38 30 -1
38 32 -1
38 33 -1
38 35 -1
38 36 1
38 39 -1
38 42 1
38 43 -1
38 44 -1
38 45 -1
38 50 -1
38 51 -1
38 53 -1
38 54 -1
38 56 -1
38 58 -1
38 59 -1
38 61 -1
38 62 -1
38 63 -1
38 65 -1
38 66 -1
38 67 -1
38 69 1
38 71 -1
38 73 -1
38 76 -1
38 77 -1
38 78 -1
38 80 -1
38 81 -1
38 82 1
38 83 -1
38 87 -1
38 89 -1
38 91 -1
38 92 1
38 93 -1
38 97 -1
38 98 -1
38 99 -1
38 100 1
38 101 -1
38 102 1
38 103 -1
38 106 -1
38 109 1
39 4 -1
39 5 -1
39 7 1
39 9 -1
39 13 -1
39 14 -1
39 15 1
39 17 1
39 18 -1
39 19 1
39 20 1
39 21 -1
39 22 -1
39 24 -1
39 27 -1
39 28 -1
39 29 -1
39 31 -1
39 33 -1
39 36 -1
39 42 -1
39 48 -1
39 49 -1
39 51 -1
39 52 1
39 54 -1
39 55 1
39 56 -1
39 57 1
39 58 -1
39 59 -1
39 60 -1
39 66 -1
39 68 -1
39 69 -1
39 70 -1
39 74 -1
39 76 1
39 77 -1
39 78 -1
39 80 -1
39 81 -1
39 83 1
39 84 -1
39 85 1
39 88 -1
39 89 -1
39 91 -1
39 93 -1
39 94 -1
39 95 1
39 96 -1
39 97 1
39 100 -1
39 102 1
39 103 -1
39 104 -1
40 2 -1
40 5 -1
40 8 1
40 9 1
40 10 -1
40 11 -1
40 12 -1
40 13 1
40 15 -1
40 20 -1
40 22 -1
40 23 -1
40 26 1
40 27 -1
40 31 -1
40 33 -1
40 34 1
40 37 -1
40 38 -1
40 39 -1
40 41 -1
40 45 -1
40 47 -1
40 51 -1
40 52 -1
40 53 -1
40 54 -1
40 55 -1
40 56 -1
40 59 1
40 62 -1
40 63 -1
40 64 -1
40 67 -1
40 68 -1
40 72 -1
40 75 -1
40 76 -1
40 77 1
40 78 -1
40 79 -1
40 80 -1
40 82 -1
40 84 -1
40 85 -1
40 86 -1
40 87 -1
40 91 -1
40 92 -1
40 99 1
40 100 -1
40 103 -1
40 109 1
41 2 -1
41 4 -1
41 5 1
41 6 -1
41 9 -1
41 10 -1
41 11 -1
41 12 1
41 13 -1
41 14 -1
41 17 -1
41 20 -1
41 25 -1
41 26 -1
41 27 -1
41 30 -1
41 32 -1
41 36 -1
41 37 -1
41 38 -1
41 39 -1
41 42 -1
41 44 -1
41 48 -1
41 49 -1
41 50 -1
41 52 -1
41 53 -1
41 55 -1
41 60 -1
41 62 -1
41 65 -1
41 68 1
41 70 -1
41 74 -1
41 75 1
41 77 -1
41 81 -1
41 82 -1
41 83 1
41 86 1
41 87 -1
41 88 -1
41 89 -1
41 91 -1
41 96 -1
41 97 -1
41 99 1
41 100 -1
41 101 1
41 102 1
41 103 -1
41 105 -1
41 108 -1
41 110 1
42 1 -1
42 2 -1
42 3 1
42 4 -1
42 5 -1
42 7 -1
42 8 -1
42 9 -1
42 15 1
42 16 -1
42 19 -1
42 21 1
42 24 -1
42 27 -1
42 28 -1
42 31 -1
42 33 -1
42 36 -1
42 40 -1
42 43 -1
42 44 -1
42 47 1
42 48 1
42 51 -1
42 52 1
42 53 -1
42 55 -1
42 58 -1
42 60 -1
42 61 1
42 62 1
42 64 -1
42 65 -1
42 66 -1
42 71 -1
42 73 -1
42 76 1
42 77 -1
42 81 1
42 82 -1
42 84 -1
42 86 -1
42 87 -1
42 93 -1
42 97 1
42 99 1
42 102 -1
42 105 -1
42 107 -1
42 108 1
42 110 1
43 1 1
43 4 1
43 7 -1
43 9 1
43 19 -1
43 23 -1
43 24 -1
43 25 -1
43 27 1
43 30 -1
43 34 1
43 37 1
43 39 1
43 40 -1
43 41 -1
43 44 1
43 45 1
43 46 -1
43 47 -1
43 51 1
43 53 -1
43 56 1
43 58 -1
43 59 -1
43 61 -1
43 65 -1
43 67 -1
43 68 1
43 72 -1
43 75 -1
43 76 -1
43 77 -1
43 78 -1
43 80 -1
43 83 1
43 84 -1
43 85 -1
43 87 -1
43 93 -1
43 94 -1
43 95 -1
43 96 -1
43 97 -1
43 100 -1
43 110 1
44 1 -1
44 2 -1
44 4 1
44 5 -1
44 7 -1
44 8 -1
44 10 -1
44 12 -1
44 13 -1
44 16 -1
44 17 -1
44 18 -1
44 20 -1
44 22 -1
44 23 -1
44 24 1
44 26 -1
44 27 -1
44 28 1
44 29 -1
44 33 -1
44 36 1
44 37 -1
44 39 -1
44 40 -1
44 45 -1
44 46 -1
44 47 -1
44 49 -1
44 53 -1
44 55 1
44 56 -1
44 58 -1
44 61 -1
44 69 -1
44 71 -1
44 72 -1
44 77 -1
44 79 -1
44 86 -1
44 87 -1
44 88 -1
44 92 -1
44 94 -1
44 96 -1
44 97 -1
44 98 -1
44 99 1
44 101 -1
44 102 -1
44 103 -1
44 105 -1
44 107 -1
45 3 -1
45 4 -1
45 8 1
45 10 -1
45 11 -1
45 12 -1
45 17 -1
45 18 1
45 19 -1
45 23 -1
45 27 -1
45 31 -1
45 33 -1
45 35 -1
45 37 1
45 39 -1
45 41 -1
45 42 1
45 46 -1
45 47 -1
45 49 -1
45 52 1
45 54 -1
45 55 -1
45 57 -1
45 59 -1
45 60 1
45 62 -1
45 66 -1
45 67 -1
45 70 -1
45 74 -1
45 75 1
45 76 -1
45 77 -1
45 78 -1
45 83 1
45 85 -1
45 86 -1
45 88 -1
45 92 -1
45 94 -1
45 97 -1
45 99 -1
45 100 1
45 101 -1
45 102 -1
45 103 -1
45 104 -1
45 108 -1
45 110 -1
46 2 -1
46 4 -1
46 6 -1
46 7 -1
46 8 -1
46 9 -1
46 10 -1
46 11 1
46 13 -1
46 15 -1
46 16 1
46 17 -1
46 19 -1
46 21 -1
46 26 -1
46 27 -1
46 29 -1
46 32 -1
46 33 -1
46 38 -1
46 39 -1
46 40 -1
46 41 -1
46 42 -1
46 47 -1
46 50 1
46 52 -1
46 54 -1
46 55 -1
46 56 1
46 58 -1
46 59 -1
46 60 -1
46 66 -1
46 67 1
46 69 -1
46 72 1
46 74 -1
46 75 -1
46 76 -1
46 77 1
46 78 -1
46 80 -1
46 84 1
46 86 -1
46 87 -1
46 90 -1
46 91 1
46 94 -1
46 95 1
46 96 -1
46 97 -1
46 98 -1
46 99 -1
46 101 -1
46 108 -1
46 110 -1
47 2 -1
47 4 -1
47 5 -1
47 9 -1
47 12 -1
47 21 1
47 22 -1
47 23 -1
47 24 -1
47 28 -1
47 30 -1
47 31 -1
47 33 1
47 34 -1
47 35 -1
47 38 -1
47 39 -1
47 41 -1
47 48 -1
47 50 -1
47 54 1
47 57 -1
47 59 -1
47 62 -1
47 63 -1
47 66 1
47 73 -1
47 75 1
47 78 -1
47 79 -1
47 80 -1
47 81 -1
47 86 1
47 87 -1
47 88 -1
47 90 -1
47 91 -1
47 92 -1
47 95 -1
47 98 1
47 99 -1
47 100 -1
47 101 -1
47 103 -1
47 107 -1
47 110 -1
48 2 -1
48 3 -1
48 4 -1
48 5 1
48 7 1
48 10 -1
48 11 1
48 16 -1
48 20 -1
48 21 -1
48 22 1
48 23 -1
48 24 -1
48 25 1
48 27 -1
48 28 -1
48 30 -1
48 31 -1
48 32 1
48 33 -1
48 35 1
48 37 -1
48 38 -1
48 40 1
48 43 -1
48 44 -1
48 45 -1
48 46 1
48 49 -1
48 50 -1
48 52 -1
48 54 -1
48 56 -1
48 57 -1
48 58 1
48 59 1
48 60 -1
48 61 1
48 62 -1
48 63 -1
48 64 -1
48 65 -1
48 70 1
48 71 -1
48 72 1
48 80 -1
48 81 -1
48 82 -1
48 84 -1
48 85 -1
48 87 -1
48 89 -1
48 93 -1
48 95 -1
48 96 -1
48 98 1
48 99 -1
48 100 -1
48 101 -1
48 103 1
48 104 -1
48 106 -1
48 107 1
48 109 -1
48 110 -1
49 1 1
49 7 -1
49 9 -1
49 10 -1
49 11 -1
49 12 -1
49 13 -1
49 14 1
49 16 -1
49 17 -1
49 18 -1
49 20 -1
49 22 1
49 23 -1
49 24 -1
49 26 -1
49 31 -1
49 33 -1
49 36 -1
49 37 -1
49 38 -1
49 40 -1
49 42 -1
49 43 1
49 46 -1
49 47 -1
49 52 -1
49 59 1
49 62 -1
49 65 -1
49 70 -1
49 76 -1
49 78 1
49 81 -1
49 82 1
49 84 1
49 85 -1
49 88 -1
49 89 -1
49 91 -1
49 93 -1
49 95 -1
49 97 -1
49 98 -1
49 103 -1
49 105 -1
49 106 1
49 107 1
49 110 -1
50 1 -1
50 2 -1
50 4 -1
50 5 -1
50 6 1
50 7 1
50 12 -1
50 17 -1
50 21 -1
50 24 1
50 25 1
50 26 -1
50 28 1
50 29 -1
50 34 -1
50 35 -1
50 39 1
50 40 -1
50 42 -1
50 43 -1
50 44 1
50 45 -1
50 49 1
50 56 -1
50 61 -1
50 62 -1
50 67 -1
50 70 1
50 72 -1
50 75 -1
50 78 -1
50 80 -1
50 81 -1
50 82 -1
50 89 1
50 94 -1
50 96 -1
50 97 -1
50 102 -1
50 103 1
51 2 -1
51 5 -1
51 8 -1
51 9 -1
51 11 -1
51 12 -1
51 13 -1
51 15 -1
51 16 -1
51 18 1
51 19 -1
51 21 1
51 22 -1
51 23 -1
51 25 1
51 26 -1
51 27 1
51 28 -1
51 29 1
51 31 -1
51 32 -1
51 34 1
51 35 -1
51 37 1
51 41 -1
51 44 -1
51 45 -1
51 46 -1
51 47 -1
51 48 -1
51 49 -1
51 50 -1
51 52 -1
51 55 -1
51 56 -1
51 58 -1
51 59 -1
51 61 -1
51 62 -1
51 63 -1
51 65 -1
51 69 -1
51 71 -1
51 72 -1
51 73 1
51 79 -1
51 81 -1
51 83 -1
51 85 -1
51 91 -1
51 92 -1
51 95 1
51 96 -1
51 101 1
51 102 -1
51 104 -1
51 105 -1
51 110 -1
52 1 1
52 4 -1
52 6 -1
52 8 -1
52 9 -1
52 10 -1
52 14 -1
52 17 -1
52 20 -1
52 21 -1
52 23 -1
52 24 -1
52 25 1
52 26 -1
52 29 -1
52 30 1
52 33 -1
52 34 -1
52 35 -1
52 38 -1
52 43 -1
52 44 -1
52 47 -1
52 50 1
52 53 -1
52 55 -1
52 57 -1
52 58 1
52 61 -1
52 62 -1
52 63 -1
52 64 -1
52 65 -1
52 69 -1
52 70 1
52 71 -1
52 72 -1
52 74 -1
52 77 -1
52 78 -1
52 80 -1
52 82 -1
52 84 -1
52 85 -1
52 87 -1
52 88 -1
52 89 -1
52 92 1
52 95 -1
52 96 -1
52 99 -1
52 102 -1
52 104 -1
53 2 -1
53 5 -1
53 6 -1
53 7 -1
53 12 -1
53 14 -1
53 15 -1
53 16 -1
53 17 1
53 20 -1
53 21 -1
53 25 -1
53 26 -1
53 27 1
53 28 -1
53 29 -1
53 30 -1
53 32 -1
53 36 -1
53 37 -1
53 39 -1
53 45 -1
53 46 -1
53 47 1
53 48 1
53 49 -1
53 50 1
53 51 -1
53 57 -1
53 59 -1
53 63 1
53 64 -1
53 71 -1
53 72 -1
53 73 -1
53 74 -1
53 75 -1
53 76 -1
53 77 -1
53 78 -1
53 79 -1
53 81 -1
53 83 -1
53 84 1
53 85 -1
53 87 1
53 90 1
53 91 -1
53 93 -1
53 98 -1
53 99 1
53 102 -1
53 106 -1
53 107 -1
53 108 -1
53 109 -1
53 110 -1
54 3 -1
54 4 -1
54 5 1
54 6 -1
54 7 -1
54 8 -1
54 9 -1
54 11 -1
54 12 -1
54 13 -1
54 15 -1
54 16 -1
54 18 -1
54 20 -1
54 24 -1
54 27 -1
54 30 -1
54 32 1
54 37 -1
54 41 1
54 42 -1
54 43 -1
54 44 -1
54 49 -1
54 50 -1
54 51 -1
54 52 -1
54 53 -1
54 56 -1
54 59 -1
54 61 -1
54 62 -1
54 67 -1
54 68 -1
54 71 -1
54 72 -1
54 75 -1
54 76 1
54 77 -1
54 78 -1
54 79 -1
54 80 -1
54 81 -1
54 82 -1
54 84 -1
54 87 -1
54 88 -1
54 89 -1
54 92 -1
54 94 -1
54 97 -1
54 98 1
54 100 -1
54 103 -1
54 104 -1
54 105 -1
54 107 -1
54 108 -1
54 110 -1
55 3 1
55 4 1
55 5 -1
55 6 -1
55 7 -1
55 13 -1
55 14 -1
55 15 1
55 20 -1
55 21 -1
55 22 -1
55 23 -1
55 24 -1
55 25 -1
55 28 -1
55 30 -1
55 33 -1
55 35 -1
55 36 -1
55 37 -1
55 38 1
55 43 -1
55 47 -1
55 48 1
55 49 -1
55 50 1
55 53 -1
55 54 -1
55 56 -1
55 57 -1
55 59 -1
55 61 -1
55 63 -1
55 66 -1
55 67 -1
55 68 -1
55 69 -1
55 70 1
55 77 1
55 80 -1
55 83 1
55 85 1
55 86 -1
55 87 -1
55 88 -1
55 92 -1
55 95 -1
55 96 -1
55 97 1
55 98 -1
55 100 -1
55 102 -1
55 106 -1
56 2 -1
56 3 -1
56 4 -1
56 8 -1
56 9 1
56 11 -1
56 13 -1
56 17 -1
56 20 -1
56 22 1
56 23 -1
56 28 -1
56 29 1
56 30 -1
56 31 -1
56 36 -1
56 41 1
56 42 1
56 45 1
56 47 -1
56 49 1
56 52 -1
56 53 -1
56 58 -1
56 59 -1
56 60 -1
56 61 -1
56 62 1
56 65 1
56 66 -1
56 68 -1
56 71 -1
56 75 1
56 76 -1
56 80 1
56 82 -1
56 83 1
56 84 -1
56 86 -1
56 87 -1
56 88 -1
56 91 -1
56 92 -1
56 93 1
56 94 -1
56 95 -1
56 96 -1
56 98 -1
56 99 -1
56 100 -1
56 102 -1
56 103 -1
56 106 1
56 107 -1
56 108 -1
56 109 -1
56 110 -1
57 1 1
57 2 -1
57 3 -1
57 4 -1
57 5 -1
57 7 -1
57 11 -1
57 13 -1
57 14 -1
57 15 -1
57 16 -1
57 17 -1
57 18 -1
57 19 -1
57 20 -1
57 21 -1
57 22 1
57 23 1
57 24 -1
57 25 -1
57 26 -1
57 27 -1
57 30 -1
57 31 -1
57 33 -1
57 35 -1
57 36 -1
57 38 -1
57 40 -1
57 41 -1
57 42 -1
57 43 1
57 44 -1
57 46 -1
57 49 -1
57 50 -1
57 51 -1
57 54 1
57 56 -1
57 58 -1
57 63 -1
57 65 -1
57 66 -1
57 68 1
57 69 -1
57 70 -1
57 71 -1
57 72 -1
57 73 -1
57 75 -1
57 76 -1
57 77 -1
57 78 -1
57 80 -1
57 82 -1
57 84 -1
57 88 1
57 89 -1
57 91 -1
57 93 -1
57 94 -1
57 95 -1
57 96 -1
57 97 -1
57 98 -1
57 101 1
57 103 -1
57 105 -1
57 106 -1
57 107 -1
58 11 -1
58 13 -1
58 17 -1
58 19 -1
58 21 -1
58 24 -1
58 26 1
58 29 -1
58 31 -1
58 33 1
58 34 -1
58 37 -1
58 40 -1
58 41 1
58 45 -1
58 47 1
58 49 -1
58 50 -1
58 53 -1
58 54 -1
58 55 -1
58 59 -1
58 61 -1
58 62 -1
58 69 1
58 71 -1
58 72 -1
58 73 -1
58 75 -1
58 78 -1
58 79 -1
58 80 -1
58 83 -1
58 85 -1
58 86 -1
58 88 -1
58 89 -1
58 90 1
58 91 -1
58 94 -1
58 98 -1
58 101 -1
58 103 -1
58 105 -1
58 107 -1
58 108 -1
59 1 -1
59 3 -1
59 4 -1
59 6 -1
59 7 -1
59 8 -1
59 9 -1
59 10 -1
59 11 -1
59 12 -1
59 13 -1
59 14 -1
59 18 -1
59 19 -1
59 21 -1
59 22 -1
59 25 1
59 26 1
59 27 -1
59 28 -1
59 31 1
59 32 -1
59 33 -1
59 34 -1
59 41 -1
59 42 1
59 44 -1
59 50 -1
59 52 -1
59 57 -1
59 62 -1
59 67 -1
59 69 -1
59 70 1
59 72 -1
59 74 -1
59 76 -1
59 77 1
59 78 -1
59 81 -1
59 84 -1
59 85 -1
59 86 -1
59 87 -1
59 88 -1
59 92 -1
59 97 -1
59 100 -1
59 101 -1
59 104 -1
59 106 -1
59 109 -1
60 1 -1
60 2 -1
60 9 -1
60 14 -1
60 15 -1
60 18 1
60 21 -1
60 23 -1
60 27 -1
60 29 -1
60 31 -1
60 32 -1
60 34 -1
60 35 -1
60 38 -1
60 40 -1
60 43 -1
60 44 -1
60 47 -1
60 49 -1
60 50 -1
60 51 -1
60 52 1
60 53 1
60 54 -1
60 55 -1
60 57 1
60 58 -1
60 59 -1
60 65 1
60 67 -1
60 68 -1
60 71 -1
60 76 -1
60 79 -1
60 80 -1
60 82 1
60 85 -1
60 87 -1
60 90 -1
60 92 1
60 93 -1
60 96 -1
60 102 -1
60 103 1
60 107 -1
60 108 -1
61 1 -1
61 8 -1
61 11 -1
61 14 -1
61 16 -1
61 18 -1
61 22 -1
61 24 -1
61 27 1
61 28 -1
61 30 -1
61 31 -1
61 32 1
61 33 -1
61 34 -1
61 35 -1
61 36 1
61 37 -1
61 39 -1
61 40 -1
61 41 -1
61 45 1
61 46 -1
61 47 1
61 49 -1
61 53 -1
61 57 -1
61 59 -1
61 60 -1
61 62 -1
61 63 -1
61 64 -1
61 65 -1
61 67 -1
61 71 -1
61 72 1
61 73 -1
61 75 -1
61 82 -1
61 84 -1
61 85 -1
61 94 1
61 95 -1
61 96 -1
61 98 -1
61 99 -1
61 101 1
61 103 -1
61 104 -1
61 107 -1
61 108 1
61 109 1
61 110 -1
62 2 1
62 4 1
62 6 1
62 8 -1
62 10 -1
62 11 -1
62 12 -1
62 13 -1
62 17 -1
62 21 -1
62 23 -1
62 24 -1
62 27 -1
62 28 1
62 31 -1
62 34 -1
62 35 -1
62 37 1
62 39 -1
62 43 -1
62 44 -1
62 46 -1
62 53 -1
62 55 1
62 57 1
62 60 -1
62 63 -1
62 65 -1
62 66 1
62 69 -1
62 71 1
62 72 -1
62 76 -1
62 78 -1
62 79 -1
62 83 1
62 84 -1
62 86 1
62 87 -1
62 88 1
62 89 -1
62 90 -1
62 93 -1
62 94 1
62 98 -1
62 100 -1
62 106 -1
62 108 -1
62 110 1
63 3 -1
63 4 -1
63 6 -1
63 11 -1
63 12 -1
63 14 -1
63 15 1
63 27 -1
63 28 -1
63 29 -1
63 32 -1
63 33 -1
63 34 -1
63 37 1
63 39 -1
63 41 -1
63 42 -1
63 43 1
63 44 -1
63 45 -1
63 46 -1
63 49 -1
63 50 -1
63 54 1
63 56 -1
63 58 -1
63 59 -1
63 60 -1
63 64 -1
63 65 1
63 66 1
63 67 -1
63 68 -1
63 71 -1
63 73 1
63 81 1
63 83 -1
63 84 1
63 86 -1
63 88 1
63 89 1
63 90 -1
63 92 -1
63 93 -1
63 95 -1
63 96 -1
63 98 -1
63 100 1
63 102 -1
63 105 -1
63 106 -1
63 108 1
63 109 -1
64 3 -1
64 4 1
64 8 -1
64 9 -1
64 10 -1
64 12 -1
64 17 -1
64 18 1
64 19 -1
64 20 -1
64 22 -1
64 28 -1
64 31 1
64 32 -1
64 35 -1
64 37 -1
64 38 -1
64 39 -1
64 41 -1
64 43 -1
64 44 1
64 45 -1
64 46 -1
64 47 -1
64 49 -1
64 50 -1
64 51 -1
64 54 -1
64 55 -1
64 56 -1
64 57 -1
64 58 -1
64 59 -1
64 60 -1
64 62 1
64 67 -1
64 69 1
64 72 -1
64 78 -1
64 79 -1
64 80 1
64 82 -1
64 83 1
64 87 -1
64 91 -1
64 93 -1
64 95 -1
64 97 -1
64 98 -1
64 100 1
64 102 -1
64 103 -1
64 107 -1
64 110 -1
65 2 -1
65 3 1
65 4 -1
65 5 -1
65 6 -1
65 7 -1
65 8 1
65 9 -1
65 10 -1
65 13 -1
65 15 -1
65 17 1
65 18 1
65 19 -1
65 20 -1
65 22 -1
65 23 -1
65 25 -1
65 27 1
65 31 -1
65 32 -1
65 33 1
65 36 -1
65 37 -1
65 39 -1
65 40 -1
65 44 -1
65 45 -1
65 46 1
65 47 -1
65 50 -1
65 53 -1
65 54 -1
65 55 -1
65 58 1
65 59 -1
65 64 -1
65 66 -1
65 67 -1
65 68 1
65 69 -1
65 73 1
65 74 -1
65 76 1
65 79 -1
65 80 1
65 81 1
65 82 -1
65 84 -1
65 86 -1
65 87 -1
65 88 -1
65 90 -1
65 94 -1
65 95 -1
65 97 -1
65 101 1
65 102 -1
65 103 1
65 104 -1
65 106 -1
65 107 1
65 108 -1
65 110 -1
66 11 -1
66 12 -1
66 21 -1
66 23 -1
66 26 -1
66 28 -1
66 29 -1
66 30 -1
66 32 -1
66 36 -1
66 37 -1
66 40 1
66 41 -1
66 43 1
66 44 -1
66 48 -1
66 49 -1
66 50 -1
66 51 -1
66 52 -1
66 53 -1
66 54 1
66 58 -1
66 59 -1
66 60 -1
66 61 -1
66 64 -1
66 67 -1
66 69 -1
66 70 1
66 71 1
66 73 -1
66 78 1
66 79 -1
66 82 -1
66 85 -1
66 88 -1
66 90 -1
66 94 -1
66 96 -1
66 97 -1
66 101 -1
66 102 -1
66 103 -1
66 104 1
66 105 -1
66 107 -1
66 108 -1
66 110 -1
67 3 -1
67 4 -1
67 10 -1
67 11 -1
67 13 -1
67 14 -1
67 19 -1
67 20 -1
67 21 1
67 22 -1
67 26 -1
67 27 -1
67 30 -1
67 32 -1
67 33 -1
67 34 1
67 35 -1
67 36 -1
67 39 -1
67 41 -1
67 42 -1
67 44 -1
67 47 -1
67 48 -1
67 49 -1
67 51 -1
67 52 -1
67 53 -1
67 56 -1
67 57 -1
67 58 -1
67 62 -1
67 68 -1
67 70 -1
67 71 -1
67 73 -1
67 77 -1
67 79 -1
67 81 -1
67 82 -1
67 84 1
67 88 -1
67 89 -1
67 91 -1
67 93 -1
67 95 -1
67 96 -1
67 99 -1
67 100 -1
67 101 -1
67 105 -1
67 106 -1
67 108 -1
67 110 1
68 1 -1
68 3 -1
68 5 -1
68 6 -1
68 7 -1
68 8 -1
68 10 -1
68 14 -1
68 20 1
68 22 1
68 24 -1
68 25 -1
68 27 -1
68 28 -1
68 29 -1
68 31 -1
68 32 -1
68 33 -1
68 35 -1
68 38 -1
68 42 -1
68 44 -1
68 45 -1
68 46 -1
68 47 -1
68 48 -1
68 49 -1
68 50 1
68 51 -1
68 52 1
68 53 -1
68 58 -1
68 59 1
68 61 -1
68 62 -1
68 64 1
68 66 -1
68 69 -1
68 70 1
68 73 -1
68 76 1
68 77 -1
68 78 -1
68 81 -1
68 83 -1
68 85 -1
68 88 -1
68 91 -1
68 92 -1
68 93 1
68 94 -1
68 95 -1
68 97 1
68 98 -1
68 99 1
68 101 -1
68 104 -1
68 105 -1
68 109 -1
68 110 -1
69 1 -1
69 2 -1
69 6 -1
69 10 -1
69 12 -1
69 13 -1
69 16 -1
69 17 -1
69 18 1
69 19 -1
69 21 1
69 23 -1
69 24 -1
69 25 1
69 26 -1
69 27 -1
69 28 -1
69 29 -1
69 30 -1
69 32 1
69 33 -1
69 34 -1
69 35 -1
69 36 -1
69 40 -1
69 41 -1
69 42 1
69 43 -1
69 45 -1
69 47 -1
69 48 -1
69 49 -1
69 50 -1
69 53 -1
69 54 -1
69 56 -1
69 60 1
69 61 -1
69 63 1
69 67 -1
69 73 -1
69 75 1
69 76 -1
69 78 1
69 79 1
69 80 1
69 81 -1
69 82 -1
69 83 -1
69 87 -1
69 89 -1
69 90 1
69 92 1
69 93 -1
69 94 -1
69 97 -1
69 98 -1
69 99 -1
69 100 -1
69 101 -1
69 102 -1
69 104 -1
69 108 -1
69 109 -1
69 110 -1
70 1 -1
70 2 -1
70 3 -1
70 4 -1
70 5 -1
70 6 -1
70 7 -1
70 8 1
70 11 -1
70 12 -1
70 13 -1
70 14 -1
70 17 1
70 18 -1
70 22 -1
70 23 -1
70 24 1
70 26 1
70 27 -1
70 30 -1
70 31 -1
70 32 -1
70 33 -1
70 34 1
70 35 -1
70 36 -1
70 37 -1
70 38 1
70 40 -1
70 42 -1
70 43 -1
70 44 -1
70 46 -1
70 47 -1
70 51 -1
70 53 -1
70 54 -1
70 56 -1
70 58 -1
70 60 -1
70 61 -1
70 62 1
70 63 -1
70 64 -1
70 65 -1
70 69 -1
70 72 -1
70 79 -1
70 84 -1
70 85 1
70 89 -1
70 90 -1
70 91 -1
70 92 -1
70 95 -1
70 96 -1
70 98 -1
70 99 -1
70 100 -1
70 103 -1
70 104 1
70 105 -1
70 106 -1
71 1 -1
71 2 -1
71 4 -1
71 5 -1
71 7 -1
71 11 -1
71 12 -1
71 14 -1
71 16 1
71 18 1
71 19 -1
71 21 -1
71 22 -1
71 26 1
71 27 -1
71 31 -1
71 34 -1
71 39 -1
71 40 1
71 41 1
71 43 -1
71 45 -1
71 46 -1
71 47 -1
71 49 -1
71 50 -1
71 55 -1
71 59 -1
71 64 -1
71 65 -1
71 68 -1
71 69 -1
71 70 -1
71 72 -1
71 73 -1
71 75 -1
71 76 1
71 78 -1
71 79 1
71 80 -1
71 81 -1
71 82 -1
71 83 -1
71 84 1
71 85 -1
71 87 1
71 88 -1
71 89 1
71 93 -1
71 94 -1
71 96 1
71 97 1
71 101 -1
71 103 1
71 104 1
71 107 1
71 108 1
72 3 -1
72 6 -1
72 7 -1
72 10 -1
72 12 -1
72 16 1
72 17 1
72 18 -1
72 19 1
72 23 -1
72 24 -1
72 29 1
72 30 1
72 32 -1
72 33 -1
72 38 1
72 39 -1
72 41 -1
72 42 -1
72 45 1
72 47 1
72 49 -1
72 55 -1
72 56 1
72 60 1
72 63 -1
72 65 -1
72 66 -1
72 67 -1
72 68 -1
72 69 1
72 73 -1
72 74 -1
72 76 -1
72 77 -1
72 79 1
72 81 -1
72 85 1
72 87 -1
72 88 -1
72 89 -1
72 90 -1
72 91 -1
72 93 -1
72 96 1
72 99 -1
72 100 1
72 101 -1
72 107 -1
72 108 -1
73 1 -1
73 3 1
73 4 -1
73 5 -1
73 6 -1
73 8 -1
73 9 -1
73 11 -1
73 12 -1
73 14 -1
73 16 -1
73 19 -1
73 20 -1
73 21 -1
73 22 -1
73 23 1
73 26 -1
73 31 1
73 32 -1
73 37 1
73 39 1
73 40 1
73 41 -1
73 43 -1
73 44 -1
73 45 -1
73 46 -1
73 48 -1
73 49 -1
73 50 -1
73 52 -1
73 54 -1
73 55 -1
73 56 -1
73 59 1
73 60 -1
73 62 -1
73 64 -1
73 70 -1
73 77 -1
73 78 -1
73 79 -1
73 80 -1
73 81 -1
73 82 -1
73 83 1
73 84 1
73 87 1
73 88 1
73 89 1
73 90 1
73 93 -1
73 94 -1
73 95 1
73 98 -1
73 99 -1
73 102 1
73 104 -1
73 105 -1
73 106 -1
73 107 -1
73 108 -1
73 109 -1
74 2 1
74 4 -1
74 9 1
74 17 -1
74 20 -1
74 21 -1
74 24 1
74 26 -1
74 27 -1
74 28 -1
74 29 -1
74 32 1
74 33 -1
74 34 -1
74 36 -1
74 37 -1
74 38 -1
74 40 -1
74 42 -1
74 43 -1
74 44 -1
74 47 -1
74 48 -1
74 49 -1
74 50 -1
74 51 -1
74 54 -1
74 55 1
74 56 1
74 57 1
74 58 -1
74 60 -1
74 61 -1
74 62 -1
74 63 -1
74 64 -1
74 66 -1
74 67 -1
74 68 1
74 69 1
74 70 1
74 71 -1
74 73 -1
74 75 -1
74 77 -1
74 79 -1
74 80 -1
74 81 -1
74 82 -1
74 83 -1
74 84 -1
74 85 -1
74 89 1
74 90 -1
74 91 1
74 94 -1
74 97 -1
74 100 -1
74 103 1
74 104 -1
74 109 -1
74 110 -1
75 1 -1
75 3 1
75 4 -1
75 6 -1
75 7 1
75 10 1
75 14 -1
75 15 -1
75 18 1
75 19 -1
75 21 -1
75 23 -1
75 26 -1
75 28 -1
75 32 -1
75 36 -1
75 38 1
75 39 -1
75 42 -1
75 44 -1
75 48 -1
75 49 -1
75 51 -1
75 52 -1
75 55 1
75 59 1
75 60 -1
75 62 -1
75 63 1
75 64 1
75 65 1
75 66 -1
75 67 -1
75 68 -1
75 70 1
75 72 -1
75 73 -1
75 77 -1
75 78 -1
75 81 -1
75 87 -1
75 88 -1
75 89 -1
75 91 -1
75 95 1
75 96 -1
75 97 1
75 99 -1
75 101 -1
75 104 -1
75 109 -1
75 110 -1
76 5 -1
76 7 -1
76 8 -1
76 9 -1
76 11 -1
76 12 -1
76 13 -1
76 14 -1
76 16 1
76 17 1
76 19 1
76 20 -1
76 21 -1
76 22 -1
76 25 1
76 26 -1
76 29 -1
76 30 -1
76 35 -1
76 41 -1
76 44 -1
76 47 -1
76 48 1
76 50 -1
76 51 -1
76 52 -1
76 55 1
76 58 1
76 61 -1
76 63 -1
76 64 -1
76 66 -1
76 67 -1
76 70 -1
76 73 -1
76 74 -1
76 75 -1
76 77 -1
76 79 -1
76 80 -1
76 81 -1
76 82 -1
76 83 -1
76 84 -1
76 86 1
76 88 -1
76 90 -1
76 91 1
76 93 -1
76 94 -1
76 95 -1
76 96 1
76 98 -1
76 99 -1
76 105 -1
76 109 1
76 110 1
77 1 -1
77 2 -1
77 5 -1
77 6 -1
77 7 -1
77 8 -1
77 11 -1
77 12 -1
77 13 -1
77 14 -1
77 17 -1
77 19 1
77 21 -1
77 22 1
77 24 -1
77 25 1
77 28 -1
77 29 -1
77 30 -1
77 31 -1
77 33 -1
77 35 -1
77 37 -1
77 47 1
77 48 1
77 49 -1
77 50 1
77 51 -1
77 56 1
77 58 -1
77 60 -1
77 61 1
77 62 1
77 63 -1
77 64 -1
77 65 1
77 66 -1
77 69 -1
77 70 1
77 71 -1
77 78 -1
77 79 -1
77 81 -1
77 82 -1
77 86 -1
77 88 -1
77 89 -1
77 93 1
77 94 -1
77 95 -1
77 96 -1
77 101 1
77 102 -1
77 103 -1
77 104 -1
77 105 -1
77 107 -1
77 109 -1
78 5 -1
78 7 -1
78 8 -1
78 14 1
78 18 1
78 20 -1
78 21 -1
78 22 -1
78 23 -1
78 26 -1
78 28 -1
78 30 -1
78 31 -1
78 33 -1
78 34 -1
78 41 -1
78 42 -1
78 44 1
78 48 -1
78 51 1
78 55 -1
78 56 -1
78 60 1
78 61 -1
78 63 1
78 65 -1
78 67 -1
78 70 -1
78 72 -1
78 74 -1
78 76 -1
78 81 -1
78 85 -1
78 91 -1
78 96 1
78 98 -1
78 99 -1
78 101 1
78 102 -1
78 103 -1
78 105 1
78 109 -1
79 1 -1
79 11 -1
79 12 1
79 13 -1
79 14 -1
79 16 1
79 17 1
79 18 -1
79 21 1
79 22 -1
79 23 1
79 25 -1
79 26 1
79 29 -1
79 30 -1
79 38 -1
79 39 1
79 41 -1
79 42 -1
79 43 1
79 45 -1
79 46 -1
79 48 -1
79 49 1
79 50 -1
79 52 -1
79 55 -1
79 56 -1
79 57 -1
79 59 1
79 61 1
79 63 -1
79 68 1
79 75 -1
79 78 -1
79 80 -1
79 81 -1
79 82 -1
79 83 -1
79 85 -1
79 93 -1
79 99 -1
79 101 -1
79 102 -1
79 104 1
79 105 -1
79 106 -1
79 107 -1
79 110 -1
80 1 1
80 2 -1
80 3 -1
80 7 1
80 9 -1
80 10 -1
80 11 1
80 13 -1
80 14 -1
80 17 -1
80 23 -1
80 28 -1
80 32 -1
80 34 -1
80 41 1
80 42 -1
80 44 -1
80 45 -1
80 49 -1
80 51 -1
80 53 -1
80 59 -1
80 61 -1
80 62 1
80 63 -1
80 66 1
80 67 -1
80 68 -1
80 70 -1
80 72 -1
80 75 -1
80 77 -1
80 78 -1
80 82 -1
80 93 1
80 95 1
80 96 -1
80 97 -1
80 100 -1
80 102 -1
80 109 -1
80 110 -1
81 1 -1
81 2 -1
81 3 -1
81 9 1
81 10 -1
81 11 -1
81 16 -1
81 17 -1
81 21 -1
81 22 -1
81 23 -1
81 26 -1
81 37 -1
81 40 -1
81 43 1
81 44 -1
81 45 -1
81 46 -1
81 52 1
81 55 -1
81 56 -1
81 57 -1
81 58 -1
81 60 -1
81 61 1
81 62 -1
81 64 -1
81 66 -1
81 70 -1
81 80 -1
81 82 -1
81 85 -1
81 86 -1
81 87 -1
81 89 -1
81 92 -1
81 93 1
81 94 -1
81 99 -1
81 102 -1
81 104 -1
81 107 -1
81 108 -1
81 110 -1
82 1 -1
82 2 -1
82 3 -1
82 6 -1
82 7 -1
82 8 -1
82 9 -1
82 10 -1
82 16 -1
82 19 -1
82 23 -1
82 24 -1
82 25 -1
82 26 1
82 27 1
82 28 -1
82 30 -1
82 31 -1
82 32 -1
82 33 -1
82 34 -1
82 37 -1
82 39 -1
82 43 -1
82 44 -1
82 45 -1
82 46 -1
82 47 -1
82 51 -1
82 53 1
82 55 -1
82 58 -1
82 59 -1
82 62 1
82 63 -1
82 68 -1
82 70 1
82 72 -1
82 75 -1
82 78 -1
82 83 -1
82 84 -1
82 86 -1
82 88 -1
82 91 -1
82 92 1
82 94 -1
82 98 1
82 102 -1
82 103 1
82 105 -1
82 107 -1
82 108 -1
83 1 1
83 2 -1
83 5 -1
83 7 -1
83 8 -1
83 9 -1
83 12 -1
83 13 1
83 14 1
83 17 -1
83 20 -1
83 21 -1
83 22 -1
83 24 1
83 27 -1
83 32 1
83 33 -1
83 34 1
83 36 -1
83 40 -1
83 42 -1
83 44 -1
83 46 1
83 47 1
83 48 -1
83 49 -1
83 50 -1
83 52 -1
83 54 1
83 57 1
83 59 -1
83 60 1
83 61 -1
83 65 -1
83 66 -1
83 67 1
83 70 -1
83 72 -1
83 75 -1
83 77 -1
83 78 -1
83 80 1
83 81 -1
83 84 1
83 85 -1
83 87 1
83 88 1
83 90 -1
83 91 -1
83 92 1
83 100 -1
83 104 1
83 107 -1
84 1 -1
84 3 -1
84 4 -1
84 5 -1
84 6 -1
84 9 -1
84 16 -1
84 17 -1
84 19 1
84 21 -1
84 22 -1
84 24 -1
84 25 -1
84 27 -1
84 32 -1
84 34 -1
84 38 -1
84 41 -1
84 44 -1
84 45 -1
84 47 -1
84 50 -1
84 51 -1
84 55 -1
84 58 1
84 60 -1
84 64 -1
84 66 -1
84 68 -1
84 69 -1
84 72 -1
84 75 -1
84 77 -1
84 78 -1
84 79 -1
84 80 -1
84 81 -1
84 85 -1
84 86 -1
84 90 -1
84 93 -1
84 95 -1
84 96 -1
84 98 -1
84 103 -1
84 104 -1
84 105 1
84 107 -1
84 108 -1
84 109 -1
85 2 1
85 4 -1
85 5 1
85 6 -1
85 7 -1
85 8 -1
85 9 1
85 16 -1
85 18 -1
85 19 -1
85 20 -1
85 21 -1
85 23 -1
85 24 -1
85 31 -1
85 32 -1
85 34 -1
85 35 -1
85 38 -1
85 41 1
85 42 1
85 44 -1
85 46 1
85 47 -1
85 50 -1
85 54 -1
85 56 -1
85 57 -1
85 62 -1
85 63 1
85 64 -1
85 65 1
85 67 -1
85 69 1
85 73 -1
85 75 -1
85 76 -1
85 77 -1
85 80 -1
85 82 -1
85 86 -1
85 90 1
85 92 -1
85 93 -1
85 95 -1
85 97 -1
85 98 1
85 99 -1
85 100 1
85 101 -1
85 102 -1
85 103 -1
85 104 -1
85 105 -1
85 108 -1
85 109 1
85 110 -1
86 2 -1
86 3 -1
86 4 -1
86 8 -1
86 9 1
86 10 -1
86 12 -1
86 13 1
86 14 1
86 18 -1
86 22 -1
86 24 1
86 25 -1
86 27 -1
86 28 -1
86 31 -1
86 32 -1
86 37 -1
86 38 -1
86 39 -1
86 43 -1
86 48 -1
86 49 -1
86 50 -1
86 51 -1
86 52 -1
86 53 -1
86 54 1
86 57 -1
86 60 1
86 61 1
86 64 -1
86 66 1
86 67 -1
86 68 -1
86 69 -1
86 70 -1
86 71 1
86 72 -1
86 73 -1
86 74 -1
86 75 -1
86 78 -1
86 79 -1
86 80 -1
86 83 -1
86 89 -1
86 93 1
86 94 -1
86 95 -1
86 96 -1
86 97 1
86 98 -1
86 99 -1
86 101 -1
86 102 1
86 105 1
86 107 -1
86 109 -1
87 2 -1
87 3 -1
87 4 -1
87 5 1
87 6 -1
87 7 1
87 9 1
87 10 1
87 11 -1
87 14 -1
87 15 -1
87 17 -1
87 18 -1
87 19 -1
87 28 -1
87 29 -1
87 30 -1
87 33 1
87 34 1
87 35 1
87 36 -1
87 37 -1
87 39 -1
87 45 1
87 49 -1
87 50 1
87 51 -1
87 57 -1
87 58 -1
87 61 -1
87 63 -1
87 66 1
87 67 -1
87 68 -1
87 70 -1
87 74 -1
87 76 -1
87 77 1
87 78 1
87 79 -1
87 80 -1
87 82 -1
87 84 1
87 85 -1
87 86 -1
87 90 -1
87 91 -1
87 92 1
87 95 -1
87 96 -1
87 98 -1
87 99 1
87 100 -1
87 101 -1
87 103 -1
87 105 -1
87 106 -1
88 1 -1
88 5 1
88 6 -1
88 13 -1
88 14 -1
88 19 -1
88 21 1
88 25 -1
88 27 -1
88 30 -1
88 32 -1
88 34 -1
88 35 -1
88 37 -1
88 38 -1
88 40 1
88 42 1
88 43 -1
88 46 -1
88 48 -1
88 50 -1
88 51 -1
88 53 -1
88 60 -1
88 61 -1
88 64 1
88 69 -1
88 70 -1
88 74 1
88 78 -1
88 79 1
88 80 1
88 81 1
88 84 -1
88 85 -1
88 86 -1
88 87 -1
88 91 -1
88 92 -1
88 93 1
88 97 -1
88 98 -1
88 101 -1
88 102 -1
88 103 -1
88 105 -1
88 106 -1
88 107 -1
88 109 -1
88 110 -1
89 2 -1
89 3 -1
89 6 -1
89 7 -1
89 10 -1
89 13 -1
89 15 -1
89 16 -1
89 17 1
89 18 -1
89 23 1
89 24 -1
89 25 -1
89 27 -1
89 28 -1
89 32 1
89 36 -1
89 40 1
89 42 -1
89 43 1
89 44 -1
89 45 -1
89 46 1
89 47 1
89 51 -1
89 53 -1
89 55 1
89 56 -1
89 59 -1
89 60 -1
89 61 1
89 64 -1
89 65 -1
89 66 1
89 68 -1
89 76 -1
89 78 -1
89 79 -1
89 80 1
89 82 -1
89 83 -1
89 84 -1
89 85 -1
89 87 -1
89 88 -1
89 91 1
89 95 1
89 100 -1
89 101 -1
89 103 -1
89 106 -1
89 107 -1
89 109 -1
89 110 1
90 5 1
90 6 1
90 7 1
90 8 -1
90 9 -1
90 11 -1
90 14 1
90 15 -1
90 16 -1
90 18 -1
90 20 -1
90 26 -1
90 27 -1
90 29 -1
90 31 -1
90 33 1
90 35 -1
90 38 -1
90 39 -1
90 40 -1
90 41 -1
90 42 1
90 43 -1
90 44 -1
90 45 1
90 48 1
90 49 -1
90 50 -1
90 51 -1
90 52 -1
90 54 -1
90 55 -1
90 56 -1
90 57 -1
90 59 1
90 61 -1
90 64 -1
90 67 -1
90 68 -1
90 71 -1
90 75 -1
90 77 1
90 78 -1
90 79 -1
90 80 -1
90 81 1
90 82 -1
90 86 -1
90 88 -1
90 89 -1
90 96 -1
90 101 -1
90 102 -1
90 105 -1
90 107 -1
90 108 -1
90 109 -1
91 3 -1
91 5 -1
91 6 -1
91 8 -1
91 11 -1
91 12 -1
91 13 -1
91 16 -1
91 20 -1
91 21 -1
91 22 -1
91 25 -1
91 26 -1
91 27 -1
91 31 -1
91 32 -1
91 33 -1
91 34 -1
91 35 -1
91 36 -1
91 42 -1
91 43 1
91 44 -1
91 45 -1
91 48 -1
91 50 -1
91 52 -1
91 54 -1
91 55 -1
91 59 -1
91 60 -1
91 61 -1
91 62 -1
91 63 -1
91 65 1
91 66 -1
91 69 1
91 71 -1
91 73 -1
91 77 -1
91 79 1
91 80 -1
91 81 -1
91 84 -1
91 85 1
91 86 1
91 90 -1
91 95 -1
91 96 -1
91 101 -1
91 105 -1
91 108 -1
91 109 -1
91 110 1
92 1 -1
92 5 1
92 9 -1
92 10 -1
92 12 -1
92 13 -1
92 15 -1
92 21 -1
92 22 -1
92 24 -1
92 26 -1
92 28 -1
92 29 -1
92 30 -1
92 31 -1
92 32 -1
92 33 1
92 39 1
92 41 -1
92 42 -1
92 43 -1
92 46 -1
92 48 -1
92 49 -1
92 50 -1
92 53 -1
92 57 1
92 58 -1
92 61 -1
92 62 -1
92 64 1
92 65 -1
92 66 1
92 67 1
92 71 -1
92 72 -1
92 73 -1
92 74 -1
92 75 -1
92 76 -1
92 77 -1
92 78 -1
92 79 -1
92 80 1
92 84 -1
92 86 -1
92 89 -1
92 90 1
92 91 -1
92 93 -1
92 94 -1
92 97 -1
92 98 -1
92 100 1
92 101 -1
92 102 -1
92 103 -1
92 105 1
92 106 -1
92 110 1
93 1 -1
93 5 -1
93 7 -1
93 13 -1
93 14 -1
93 16 1
93 17 -1
93 19 1
93 20 -1
93 23 -1
93 24 -1
93 26 -1
93 27 1
93 28 -1
93 29 -1
93 31 1
93 32 1
93 33 -1
93 36 -1
93 37 -1
93 40 -1
93 41 1
93 44 -1
93 45 -1
93 46 1
93 47 -1
93 50 1
93 51 -1
93 52 -1
93 54 1
93 55 -1
93 58 -1
93 59 -1
93 61 1
93 65 -1
93 66 -1
93 70 -1
93 74 -1
93 75 1
93 78 -1
93 82 1
93 83 -1
93 87 -1
93 89 -1
93 90 -1
93 91 -1
93 96 -1
93 101 -1
93 102 -1
93 106 1
93 107 -1
94 1 -1
94 3 -1
94 7 -1
94 8 -1
94 10 -1
94 12 -1
94 16 -1
94 19 -1
94 21 -1
94 27 -1
94 28 -1
94 29 -1
94 31 -1
94 33 -1
94 34 -1
94 35 1
94 38 -1
94 40 -1
94 41 -1
94 42 -1
94 47 -1
94 48 -1
94 49 -1
94 51 -1
94 52 -1
94 53 1
94 55 -1
94 59 1
94 60 -1
94 63 -1
94 64 -1
94 67 -1
94 70 -1
94 72 -1
94 75 -1
94 78 -1
94 79 -1
94 80 -1
94 83 -1
94 84 -1
94 85 -1
94 87 -1
94 88 1
94 89 -1
94 90 -1
94 91 1
94 93 1
94 95 -1
94 96 -1
94 100 -1
94 102 1
94 103 1
94 106 1
94 109 -1
94 110 -1
95 2 -1
95 3 -1
95 4 1
95 5 1
95 7 -1
95 8 -1
95 9 -1
95 10 -1
95 12 -1
95 15 -1
95 18 -1
95 19 -1
95 22 -1
95 25 1
95 28 -1
95 30 -1
95 31 -1
95 36 -1
95 37 -1
95 38 -1
95 40 -1
95 41 -1
95 42 -1
95 44 1
95 45 -1
95 50 -1
95 53 -1
95 54 -1
95 58 -1
95 59 -1
95 60 1
95 62 -1
95 66 -1
95 69 1
95 71 -1
95 72 -1
95 74 -1
95 78 -1
95 79 -1
95 81 -1
95 82 -1
95 83 -1
95 88 -1
95 90 -1
95 92 -1
95 93 -1
95 98 -1
95 99 -1
95 100 1
95 101 -1
95 103 -1
95 104 -1
95 105 -1
95 106 -1
95 107 -1
95 110 -1
96 2 -1
96 3 -1
96 7 -1
96 9 -1
96 10 -1
96 12 -1
96 17 -1
96 18 -1
96 20 -1
96 21 -1
96 22 1
96 28 -1
96 30 -1
96 31 -1
96 32 -1
96 34 -1
96 36 -1
96 37 -1
96 38 -1
96 40 -1
96 42 1
96 45 -1
96 47 1
96 49 1
96 53 -1
96 54 -1
96 58 1
96 59 -1
96 62 1
96 64 -1
96 65 -1
96 68 -1
96 69 1
96 73 -1
96 74 1
96 79 -1
96 81 -1
96 82 -1
96 83 -1
96 85 -1
96 88 -1
96 89 1
96 92 -1
96 95 -1
96 105 -1
96 107 -1
96 108 -1
96 109 -1
96 110 -1
97 2 -1
97 3 -1
97 4 -1
97 5 -1
97 7 -1
97 8 -1
97 10 -1
97 11 1
97 12 -1
97 15 1
97 16 1
97 17 -1
97 19 -1
97 20 -1
97 21 -1
97 22 -1
97 24 1
97 26 -1
97 27 1
97 29 -1
97 30 -1
97 31 -1
97 33 1
97 35 -1
97 36 -1
97 40 -1
97 47 -1
97 48 1
97 51 -1
97 52 1
97 53 -1
97 56 -1
97 58 -1
97 60 -1
97 61 -1
97 62 -1
97 63 -1
97 67 -1
97 70 -1
97 72 -1
97 73 -1
97 76 1
97 77 -1
97 78 -1
97 79 -1
97 81 -1
97 82 -1
97 83 -1
97 84 -1
97 87 -1
97 89 1
97 90 -1
97 91 -1
97 93 -1
97 94 -1
97 95 1
97 96 -1
97 103 -1
97 104 -1
97 107 -1
98 1 1
98 2 1
98 6 -1
98 7 -1
98 9 1
98 10 -1
98 11 1
98 15 -1
98 16 -1
98 22 -1
98 26 -1
98 31 -1
98 34 -1
98 35 -1
98 37 -1
98 39 -1
98 40 -1
98 41 -1
98 42 -1
98 43 -1
98 45 -1
98 50 -1
98 51 -1
98 52 1
98 59 -1
98 60 -1
98 65 -1
98 66 -1
98 67 -1
98 71 -1
98 72 -1
98 74 1
98 75 -1
98 77 1
98 79 1
98 80 1
98 81 -1
98 83 -1
98 89 1
98 90 -1
98 91 -1
98 93 1
98 94 -1
98 96 1
98 97 -1
98 99 1
98 102 -1
98 103 -1
98 107 -1
98 108 -1
98 110 1
99 3 -1
99 4 -1
99 6 -1
99 9 1
99 10 -1
99 11 -1
99 12 -1
99 13 -1
99 14 -1
99 16 1
99 18 1
99 20 -1
99 22 -1
99 23 1
99 24 -1
99 25 -1
99 27 1
99 28 -1
99 29 -1
99 32 -1
99 34 -1
99 37 -1
99 39 -1
99 43 -1
99 49 1
99 50 1
99 51 -1
99 54 -1
99 55 1
99 57 -1
99 58 1
99 59 1
99 60 -1
99 62 -1
99 63 -1
99 64 -1
99 65 -1
99 66 -1
99 71 -1
99 74 -1
99 77 -1
99 80 -1
99 82 1
99 83 -1
99 84 1
99 88 1
99 89 -1
99 90 -1
99 91 -1
99 92 -1
99 93 1
99 94 1
99 96 -1
99 97 -1
99 101 -1
99 103 -1
99 105 -1
99 106 -1
99 107 -1
99 108 -1
99 109 -1
100 3 1
100 5 -1
100 8 -1
100 10 -1
100 12 -1
100 14 -1
100 17 -1
100 18 -1
100 20 1
100 21 -1
100 23 -1
100 26 -1
100 27 1
100 30 -1
100 32 -1
100 34 -1
100 35 -1
100 36 -1
100 42 -1
100 44 1
100 46 -1
100 49 -1
100 50 -1
100 51 1
100 52 -1
100 53 -1
100 57 -1
100 58 -1
100 60 -1
100 61 -1
100 65 -1
100 66 -1
100 68 -1
100 71 1
100 73 -1
100 75 -1
100 76 -1
100 77 -1
100 78 -1
100 79 -1
100 81 -1
100 82 -1
100 84 -1
100 86 -1
100 88 -1
100 90 -1
100 91 1
100 93 -1
100 96 -1
100 97 -1
100 98 -1
100 99 -1
100 101 -1
100 102 -1
100 106 -1
100 108 -1
101 2 1
101 3 -1
101 4 1
101 11 -1
101 12 -1
101 13 -1
101 14 -1
101 16 -1
101 17 -1
101 18 -1
101 21 -1
101 24 -1
101 25 -1
101 27 -1
101 28 -1
101 31 1
101 32 -1
101 35 -1
101 37 -1
101 39 1
101 40 -1
101 42 -1
101 43 -1
101 49 -1
101 50 -1
101 52 -1
101 53 -1
101 54 1
101 55 -1
101 56 -1
101 60 -1
101 62 -1
101 63 1
101 64 -1
101 70 -1
101 73 -1
101 74 1
101 76 1
101 80 -1
101 81 -1
101 82 -1
101 83 -1
101 84 1
101 94 1
101 96 1
101 97 -1
101 98 -1
101 102 -1
101 104 -1
101 105 -1
101 107 -1
101 108 -1
101 109 -1
102 2 -1
102 3 1
102 4 -1
102 5 -1
102 7 -1
102 9 -1
102 11 -1
102 12 1
102 13 -1
102 14 -1
102 15 1
102 19 -1
102 20 -1
102 21 -1
102 22 -1
102 23 -1
102 25 1
102 26 -1
102 27 -1
102 31 -1
102 33 -1
102 35 1
102 37 -1
102 40 -1
102 43 1
102 46 1
102 47 -1
102 48 -1
102 49 -1
102 54 -1
102 57 -1
102 58 -1
102 59 -1
102 61 -1
102 62 -1
102 67 -1
102 68 -1
102 70 1
102 71 1
102 72 -1
102 74 1
102 75 -1
102 76 -1
102 83 1
102 84 -1
102 87 -1
102 89 -1
102 91 -1
102 95 -1
102 96 -1
102 97 -1
102 99 -1
102 103 -1
102 105 -1
102 108 -1
103 3 -1
103 5 1
103 6 -1
103 7 -1
103 8 -1
103 10 -1
103 15 -1
103 18 1
103 21 -1
103 22 -1
103 23 1
103 24 -1
103 26 -1
103 29 -1
103 30 -1
103 32 -1
103 34 -1
103 35 1
103 36 1
103 42 -1
103 43 -1
103 46 1
103 51 -1
103 52 -1
103 53 -1
103 55 -1
103 59 -1
103 62 -1
103 63 1
103 67 -1
103 68 -1
103 69 -1
103 72 -1
103 73 -1
103 75 -1
103 76 -1
103 79 -1
103 80 -1
103 81 -1
103 83 -1
103 86 -1
103 90 -1
103 91 -1
103 93 -1
103 96 -1
103 100 -1
103 101 1
103 104 -1
103 106 1
104 1 1
104 4 -1
104 5 -1
104 12 -1
104 13 -1
104 14 -1
104 15 1
104 16 1
104 17 1
104 19 -1
104 20 -1
104 22 1
104 23 -1
104 25 -1
104 26 -1
104 27 -1
104 28 1
104 29 -1
104 30 -1
104 31 -1
104 36 -1
104 37 -1
104 38 -1
104 40 -1
104 41 -1
104 42 -1
104 43 -1
104 44 1
104 46 -1
104 47 -1
104 49 -1
104 50 -1
104 53 1
104 55 1
104 56 -1
104 57 -1
104 58 1
104 60 -1
104 62 -1
104 63 1
104 64 -1
104 67 1
104 72 -1
104 76 1
104 78 -1
104 80 1
104 82 -1
104 86 -1
104 87 -1
104 88 -1
104 89 -1
104 90 -1
104 91 -1
104 92 -1
104 93 1
104 94 -1
104 96 -1
104 98 -1
104 99 -1
104 100 -1
104 102 -1
105 1 -1
105 7 -1
105 9 -1
105 11 -1
105 12 -1
105 14 -1
105 15 -1
105 16 -1
105 18 1
105 23 -1
105 24 -1
105 25 -1
105 26 1
105 28 -1
105 31 -1
105 32 -1
105 33 -1
105 35 -1
105 36 -1
105 37 -1
105 38 -1
105 39 -1
105 40 -1
105 43 -1
105 45 -1
105 46 1
105 47 1
105 48 -1
105 50 -1
105 52 -1
105 53 -1
105 55 1
105 56 -1
105 59 -1
105 60 -1
105 61 -1
105 62 1
105 64 1
105 65 -1
105 69 -1
105 71 -1
105 72 -1
105 74 1
105 75 1
105 80 1
105 81 1
105 83 -1
105 89 -1
105 93 -1
105 94 -1
105 97 -1
105 98 -1
105 100 1
105 103 -1
105 104 -1
105 106 1
105 107 -1
106 2 1
106 3 -1
106 4 -1
106 5 -1
106 6 -1
106 7 -1
106 8 -1
106 9 1
106 10 -1
106 11 -1
106 14 1
106 15 1
106 18 1
106 19 1
106 20 -1
106 21 -1
106 24 -1
106 25 -1
106 29 -1
106 30 -1
106 31 -1
106 34 -1
106 36 -1
106 37 -1
106 39 -1
106 40 1
106 41 -1
106 42 1
106 43 -1
106 44 -1
106 45 -1
106 46 1
106 47 1
106 50 1
106 51 -1
106 52 1
106 54 -1
106 58 -1
106 60 -1
106 61 -1
106 64 -1
106 66 -1
106 68 -1
106 69 1
106 71 -1
106 72 1
106 74 1
106 75 -1
106 76 1
106 77 -1
106 78 -1
106 80 -1
106 81 -1
106 82 -1
106 83 1
106 84 -1
106 85 -1
106 86 -1
106 90 -1
106 91 -1
106 96 -1
106 97 -1
106 98 1
106 101 1
106 102 1
106 104 -1
106 109 -1
107 1 -1
107 3 1
107 5 -1
107 6 -1
107 10 -1
107 11 1
107 12 -1
107 13 1
107 14 1
107 15 -1
107 20 -1
107 22 -1
107 24 -1
107 28 -1
107 29 1
107 31 1
107 32 -1
107 33 -1
107 35 -1
107 37 -1
107 38 -1
107 39 -1
107 40 -1
107 41 -1
107 43 -1
107 45 -1
107 46 1
107 50 -1
107 51 -1
107 52 1
107 55 -1
107 59 -1
107 62 1
107 63 -1
107 67 -1
107 68 -1
107 69 1
107 70 -1
107 74 -1
107 75 -1
107 76 1
107 78 -1
107 80 -1
107 85 -1
107 87 -1
107 91 -1
107 92 -1
107 94 -1
107 100 -1
107 102 -1
107 103 -1
107 104 -1
107 106 1
107 110 -1
108 3 -1
108 5 -1
108 7 1
108 8 -1
108 9 -1
108 10 -1
108 11 -1
108 13 -1
108 14 1
108 17 -1
108 22 -1
108 25 -1
108 26 -1
108 28 1
108 29 -1
108 31 -1
108 33 -1
108 35 1
108 37 -1
108 38 -1
108 39 1
108 40 1
108 43 -1
108 44 -1
108 47 -1
108 48 -1
108 49 -1
108 50 1
108 51 1
108 52 -1
108 55 1
108 57 -1
108 59 -1
108 64 -1
108 68 -1
108 70 -1
108 74 -1
108 75 -1
108 76 1
108 77 -1
108 78 1
108 79 1
108 80 -1
108 83 -1
108 86 -1
108 87 -1
108 88 -1
108 89 -1
108 92 -1
108 93 1
108 94 -1
108 95 1
108 97 -1
108 103 -1
108 104 -1
108 105 -1
108 106 -1
108 107 -1
108 109 -1
109 1 -1
109 5 -1
109 8 -1
109 10 1
109 11 1
109 12 1
109 13 1
109 16 1
109 17 1
109 18 -1
109 20 -1
109 22 -1
109 24 -1
109 25 -1
109 32 1
109 34 -1
109 37 -1
109 39 -1
109 41 1
109 42 -1
109 43 -1
109 44 -1
109 45 -1
109 46 -1
109 47 -1
109 49 -1
109 50 1
109 51 -1
109 52 -1
109 54 -1
109 55 -1
109 57 -1
109 58 -1
109 60 -1
109 62 -1
109 64 -1
109 65 -1
109 66 -1
109 67 -1
109 70 -1
109 71 1
109 72 -1
109 79 -1
109 81 -1
109 82 1
109 83 -1
109 87 -1
109 92 1
109 93 -1
109 95 -1
109 97 -1
109 98 1
109 100 -1
109 102 -1
109 103 -1
109 104 -1
109 105 -1
109 107 1
110 1 -1
110 4 -1
110 5 -1
110 6 -1
110 11 -1
110 13 -1
110 15 1
110 16 -1
110 20 -1
110 21 -1
110 24 -1
110 26 -1
110 27 -1
110 29 1
110 31 -1
110 33 -1
110 35 -1
110 36 -1
110 38 -1
110 39 1
110 40 -1
110 44 -1
110 50 -1
110 52 -1
110 55 -1
110 57 -1
110 58 1
110 59 -1
110 60 -1
110 63 1
110 70 -1
110 71 -1
110 72 -1
110 73 -1
110 77 -1
110 78 1
110 82 1
110 83 -1
110 84 -1
110 86 1
110 87 -1
110 90 -1
110 93 1
110 97 1
110 99 1
110 100 -1
110 101 1
110 102 -1
110 103 -1
110 104 -1
110 105 -1
110 106 1
110 108 -1
110 109 -1
