vertices: 90 edges: 4005
1 2 1
1 7 1
1 8 1
1 10 -1
1 12 1
1 13 1
1 17 1
1 19 1
1 20 1
1 21 1
1 23 1
1 24 -1
1 26 1
1 31 1
1 32 1
1 33 -1
1 34 -1
1 35 1
1 36 1
1 37 1
1 46 1
1 47 -1
1 48 1
1 50 1
1 53 -1
1 55 1
1 56 1
1 60 1
1 63 1
1 68 1
1 69 1
1 71 1
1 72 1
1 73 1
1 76 1
1 77 1
1 79 1
2 5 1
2 6 1
2 9 1
2 12 1
2 14 1
2 17 1
2 18 -1
2 19 1
2 24 -1
2 25 1
2 28 1
2 29 1
2 30 1
2 31 1
2 32 1
2 33 1
2 34 1
2 35 1
2 36 -1
2 38 1
2 39 -1
2 40 1
2 41 -1
2 43 1
2 44 1
2 45 1
2 46 1
2 50 1
2 52 -1
2 53 1
2 54 1
2 55 1
2 58 1
2 59 1
2 67 1
2 70 1
2 71 1
2 75 1
2 76 1
2 78 -1
2 79 -1
2 88 -1
2 90 1
3 1 1
3 2 1
3 4 1
3 7 1
3 10 -1
3 11 1
3 12 1
3 13 1
3 14 1
3 15 1
3 16 1
3 18 -1
3 19 1
3 23 -1
3 25 1
3 26 -1
3 27 1
3 33 1
3 37 1
3 40 1
3 42 1
3 44 1
3 45 1
3 47 1
3 50 1
3 54 -1
3 57 -1
3 58 1
3 59 1
3 60 1
3 63 -1
3 64 1
3 65 1
3 68 1
3 71 -1
3 72 1
3 73 -1
3 74 1
3 76 -1
3 77 1
3 78 1
3 81 1
3 83 1
3 84 1
3 85 1
3 86 1
3 87 -1
3 88 1
4 1 -1
4 2 1
4 5 1
4 6 1
4 7 -1
4 11 1
4 13 1
4 14 1
4 15 1
4 17 -1
4 18 1
4 19 1
4 21 -1
4 22 1
4 23 1
4 25 1
4 29 1
4 31 1
4 33 1
4 34 1
4 35 1
4 36 1
4 37 -1
4 38 1
4 40 -1
4 43 1
4 45 1
4 46 1
4 47 1
4 48 -1
4 49 1
4 50 1
4 51 1
4 53 1
4 54 1
4 55 1
4 56 1
4 57 -1
4 60 1
4 62 1
4 63 1
4 64 1
4 65 1
4 68 1
4 69 1
4 73 1
4 75 1
4 76 1
4 77 1
4 78 1
4 79 1
4 80 -1
4 81 -1
4 83 1
4 84 1
4 88 1
4 89 1
5 1 1
5 3 1
5 6 1
5 7 1
5 13 1
5 15 1
5 16 -1
5 20 1
5 22 1
5 28 1
5 29 -1
5 30 1
5 31 1
5 40 -1
5 42 1
5 45 1
5 46 1
5 48 -1
5 50 1
5 51 1
5 53 1
5 55 1
5 56 1
5 57 1
5 58 1
5 60 1
5 64 1
5 65 1
5 66 1
5 68 -1
5 72 1
5 73 1
5 74 1
5 78 1
5 79 1
5 81 1
5 83 1
5 84 1
5 86 1
5 87 -1
5 88 1
5 89 1
6 1 1
6 3 -1
6 7 -1
6 8 -1
6 9 1
6 13 -1
6 16 1
6 17 1
6 20 1
6 22 1
6 29 1
6 30 1
6 31 1
6 33 1
6 34 1
6 37 1
6 44 1
6 45 1
6 46 1
6 48 1
6 50 1
6 52 -1
6 56 1
6 60 1
6 66 1
6 69 1
6 70 1
6 71 1
6 74 1
6 75 1
6 76 -1
6 77 -1
6 78 1
6 81 -1
6 83 1
6 84 -1
6 85 1
6 86 1
6 87 1
6 88 -1
6 89 1
7 2 1
7 8 1
7 10 1
7 14 1
7 15 -1
7 16 1
7 17 1
7 19 1
7 20 1
7 21 1
7 22 1
7 24 1
7 25 1
7 26 -1
7 28 1
7 29 1
7 30 1
7 32 -1
7 33 1
7 35 1
7 36 1
7 37 1
7 38 1
7 39 1
7 40 1
7 41 -1
7 46 1
7 52 1
7 57 1
7 58 1
7 62 1
7 63 1
7 64 1
7 68 1
7 69 1
7 70 -1
7 72 1
7 73 -1
7 74 -1
7 78 1
7 82 -1
7 83 1
7 87 1
7 88 1
7 89 1
8 2 1
8 3 1
8 4 -1
8 5 1
8 9 -1
8 10 1
8 11 1
8 14 1
8 15 1
8 19 1
8 21 1
8 22 1
8 24 1
8 28 -1
8 29 1
8 30 1
8 31 1
8 32 1
8 33 1
8 34 -1
8 36 -1
8 37 1
8 38 1
8 39 1
8 44 1
8 49 -1
8 52 1
8 54 1
8 55 1
8 56 1
8 57 1
8 64 -1
8 65 -1
8 66 1
8 67 1
8 69 1
8 70 1
8 74 1
8 75 1
8 77 -1
8 83 1
8 90 -1
9 1 1
9 3 1
9 4 1
9 5 1
9 7 1
9 10 -1
9 11 -1
9 13 1
9 14 1
9 15 1
9 16 1
9 17 1
9 19 1
9 23 1
9 24 1
9 25 1
9 26 1
9 28 1
9 29 1
9 33 1
9 36 1
9 38 1
9 40 1
9 44 1
9 46 1
9 50 -1
9 52 1
9 54 1
9 56 1
9 57 1
9 59 1
9 61 1
9 62 -1
9 66 1
9 67 1
9 69 1
9 70 1
9 74 1
9 76 -1
9 77 1
9 79 -1
9 80 1
9 85 1
9 86 1
9 87 1
9 88 1
9 89 1
9 90 1
10 2 1
10 4 -1
10 5 1
10 6 1
10 18 -1
10 20 1
10 24 1
10 25 1
10 26 -1
10 28 1
10 30 1
10 31 1
10 34 -1
10 37 1
10 44 1
10 45 -1
10 46 1
10 47 -1
10 50 1
10 54 -1
10 58 -1
10 59 -1
10 61 -1
10 63 -1
10 64 1
10 65 1
10 68 1
10 72 1
10 75 1
10 77 1
10 78 1
10 81 -1
10 83 1
10 85 1
10 88 1
10 89 1
10 90 1
11 1 1
11 2 1
11 5 1
11 6 1
11 7 1
11 10 1
11 12 1
11 13 1
11 17 1
11 18 -1
11 20 1
11 23 1
11 25 1
11 27 1
11 28 1
11 29 1
11 32 1
11 34 -1
11 36 1
11 37 -1
11 38 1
11 39 1
11 40 1
11 41 1
11 42 1
11 44 1
11 45 1
11 47 1
11 48 1
11 49 1
11 50 1
11 51 1
11 53 1
11 54 -1
11 55 1
11 56 1
11 58 -1
11 60 -1
11 61 1
11 67 1
11 68 1
11 69 1
11 70 1
11 74 1
11 76 1
11 77 1
11 79 1
11 82 -1
11 84 1
11 85 1
11 88 1
11 89 1
11 90 -1
12 4 1
12 5 1
12 6 1
12 7 1
12 8 -1
12 9 -1
12 10 1
12 15 -1
12 17 1
12 18 1
12 19 1
12 20 1
12 21 1
12 22 1
12 26 1
12 31 1
12 32 1
12 35 1
12 36 1
12 42 1
12 45 -1
12 46 -1
12 47 1
12 48 -1
12 49 -1
12 52 -1
12 53 -1
12 56 -1
12 58 1
12 60 1
12 65 1
12 70 1
12 71 1
12 72 1
12 75 1
12 77 -1
12 78 1
12 83 -1
12 85 1
12 87 1
12 88 1
12 90 1
13 2 1
13 7 1
13 8 -1
13 10 1
13 12 1
13 16 1
13 17 1
13 18 1
13 20 1
13 21 -1
13 22 1
13 23 1
13 24 1
13 25 1
13 26 -1
13 32 1
13 38 1
13 39 1
13 40 1
13 44 1
13 45 -1
13 46 1
13 49 -1
13 53 1
13 55 1
13 57 1
13 58 1
13 59 1
13 60 -1
13 62 1
13 63 1
13 64 1
13 65 1
13 68 1
13 73 1
13 74 -1
13 77 1
13 79 1
13 80 1
13 81 1
13 82 1
13 83 1
13 84 -1
13 85 1
13 89 1
14 1 1
14 5 -1
14 6 -1
14 10 1
14 11 1
14 12 1
14 13 1
14 16 1
14 17 1
14 18 -1
14 19 1
14 31 1
14 34 1
14 35 1
14 36 1
14 38 1
14 41 -1
14 43 1
14 44 -1
14 45 -1
14 49 1
14 50 -1
14 52 1
14 54 1
14 57 -1
14 59 1
14 60 1
14 61 -1
14 63 1
14 64 -1
14 65 1
14 66 1
14 69 1
14 72 -1
14 74 1
14 75 -1
14 77 1
14 78 1
14 80 1
14 85 1
14 88 1
14 89 1
14 90 1
15 1 1
15 2 1
15 6 -1
15 10 1
15 11 1
15 13 -1
15 14 1
15 21 1
15 22 1
15 24 1
15 26 1
15 27 1
15 28 1
15 31 1
15 32 1
15 33 1
15 36 1
15 38 1
15 39 -1
15 40 1
15 42 1
15 43 1
15 44 1
15 46 1
15 47 1
15 48 1
15 50 1
15 51 1
15 52 -1
15 54 1
15 55 -1
15 59 1
15 61 1
15 63 1
15 64 1
15 67 -1
15 68 -1
15 69 1
15 70 1
15 71 1
15 72 1
15 73 1
15 75 1
15 76 1
15 80 1
15 83 1
15 84 1
15 85 1
15 87 1
15 88 -1
15 90 1
16 1 1
16 2 1
16 4 1
16 8 1
16 10 1
16 11 1
16 12 1
16 15 1
16 17 1
16 18 1
16 19 1
16 20 1
16 23 1
16 25 1
16 26 1
16 28 1
16 29 1
16 31 -1
16 33 -1
16 34 1
16 35 -1
16 36 1
16 37 1
16 44 1
16 46 1
16 48 1
16 50 -1
16 52 1
16 53 1
16 54 1
16 57 1
16 58 1
16 60 -1
16 63 1
16 67 1
16 69 -1
16 70 1
16 71 1
16 72 -1
16 74 1
16 75 1
16 76 1
16 79 1
16 80 1
16 81 1
16 82 -1
16 84 1
16 85 1
16 86 -1
16 87 1
16 89 1
17 3 1
17 5 -1
17 8 1
17 10 1
17 15 1
17 18 1
17 19 1
17 21 1
17 22 1
17 23 1
17 24 1
17 28 1
17 30 1
17 31 1
17 32 -1
17 34 1
17 35 1
17 36 1
17 37 1
17 38 1
17 39 1
17 40 1
17 41 1
17 42 -1
17 43 -1
17 47 -1
17 49 1
17 53 1
17 59 1
17 61 1
17 64 1
17 67 1
17 68 1
17 69 1
17 70 1
17 72 1
17 73 1
17 75 -1
17 76 -1
17 77 -1
17 78 1
17 79 1
17 81 1
17 83 1
17 85 1
17 86 -1
18 1 1
18 5 1
18 6 -1
18 7 1
18 8 1
18 9 1
18 15 -1
18 20 1
18 21 -1
18 24 -1
18 26 1
18 28 1
18 32 -1
18 34 -1
18 35 1
18 36 1
18 38 1
18 39 -1
18 42 1
18 43 1
18 46 1
18 47 1
18 49 1
18 50 -1
18 52 1
18 53 -1
18 55 1
18 59 -1
18 62 1
18 64 -1
18 68 1
18 69 1
18 72 1
18 78 1
18 82 -1
18 83 1
18 84 1
18 85 1
18 86 1
18 87 -1
19 5 1
19 6 1
19 10 1
19 11 1
19 13 1
19 15 1
19 18 1
19 20 1
19 23 1
19 24 1
19 25 1
19 26 1
19 29 1
19 30 1
19 33 1
19 34 1
19 36 1
19 37 1
19 38 -1
19 39 1
19 40 1
19 45 -1
19 46 1
19 49 1
19 53 -1
19 54 1
19 55 1
19 57 1
19 59 1
19 64 1
19 67 1
19 69 1
19 70 1
19 73 1
19 74 1
19 76 -1
19 77 1
19 78 1
19 81 1
19 82 1
19 83 1
19 85 1
19 86 1
19 87 1
19 90 1
20 2 1
20 3 1
20 4 1
20 8 1
20 9 1
20 14 1
20 15 1
20 17 -1
20 22 1
20 24 1
20 26 1
20 27 1
20 29 1
20 30 1
20 31 1
20 32 1
20 36 1
20 37 -1
20 39 1
20 40 1
20 41 1
20 44 1
20 45 -1
20 47 1
20 48 1
20 49 -1
20 50 1
20 52 1
20 53 -1
20 56 1
20 57 -1
20 62 1
20 63 1
20 64 1
20 65 1
20 66 1
20 67 1
20 69 1
20 70 -1
20 71 1
20 74 1
20 76 1
20 80 -1
20 81 -1
20 82 1
20 84 1
20 86 1
20 87 1
21 2 1
21 3 1
21 5 -1
21 6 1
21 9 1
21 10 1
21 11 1
21 14 1
21 16 1
21 19 1
21 20 -1
21 24 -1
21 25 1
21 26 1
21 27 1
21 29 1
21 30 1
21 35 1
21 36 1
21 38 1
21 39 -1
21 43 1
21 45 1
21 46 1
21 48 1
21 49 -1
21 50 1
21 51 -1
21 52 1
21 55 1
21 56 1
21 57 -1
21 58 1
21 61 1
21 64 1
21 65 1
21 67 1
21 68 1
21 70 1
21 71 -1
21 72 -1
21 73 1
21 76 -1
21 77 1
21 78 1
21 79 1
21 80 -1
21 82 1
21 83 1
21 85 1
21 86 1
21 87 1
21 89 1
21 90 1
22 1 1
22 2 1
22 3 1
22 9 1
22 10 1
22 11 1
22 14 1
22 16 -1
22 18 1
22 19 1
22 21 1
22 23 1
22 24 1
22 25 1
22 27 1
22 28 1
22 29 1
22 31 1
22 32 1
22 34 1
22 42 1
22 43 1
22 45 -1
22 46 -1
22 49 -1
22 50 1
22 51 1
22 53 1
22 54 1
22 55 1
22 56 1
22 57 1
22 64 1
22 65 1
22 67 -1
22 69 1
22 70 1
22 74 1
22 75 1
22 76 1
22 77 -1
22 78 -1
22 79 1
22 80 1
22 81 -1
22 82 1
22 84 -1
22 86 1
22 89 1
23 2 1
23 5 1
23 6 1
23 7 1
23 8 1
23 10 1
23 12 1
23 14 1
23 15 1
23 18 1
23 20 -1
23 21 1
23 24 1
23 25 1
23 26 1
23 27 1
23 39 -1
23 41 -1
23 44 -1
23 48 1
23 49 1
23 51 1
23 52 1
23 55 1
23 56 1
23 57 1
23 61 -1
23 62 1
23 63 1
23 66 -1
23 67 1
23 70 1
23 72 -1
23 74 1
23 75 1
23 76 1
23 77 1
23 78 1
23 79 1
23 80 1
23 82 1
23 84 1
23 85 1
23 87 1
23 89 1
23 90 1
24 3 1
24 4 1
24 5 1
24 6 1
24 11 1
24 12 1
24 14 1
24 16 1
24 31 1
24 35 1
24 38 1
24 40 1
24 42 1
24 43 1
24 45 1
24 46 1
24 47 1
24 48 -1
24 59 -1
24 60 1
24 61 -1
24 62 1
24 67 -1
24 70 1
24 71 1
24 72 1
24 74 1
24 75 1
24 77 1
24 80 1
24 81 1
24 83 -1
24 84 1
24 85 -1
24 86 -1
24 87 1
24 88 1
24 90 1
25 1 1
25 5 1
25 6 1
25 8 1
25 12 -1
25 14 -1
25 15 1
25 17 1
25 18 1
25 20 1
25 24 1
25 28 1
25 31 1
25 35 1
25 36 1
25 38 1
25 42 1
25 43 1
25 47 1
25 54 -1
25 55 1
25 57 1
25 58 1
25 60 1
25 61 1
25 63 1
25 64 -1
25 69 1
25 72 1
25 73 1
25 74 1
25 76 1
25 79 -1
25 82 1
25 84 1
25 85 -1
25 86 1
26 2 1
26 4 1
26 5 1
26 6 -1
26 8 1
26 11 -1
26 14 1
26 17 1
26 22 1
26 24 1
26 25 1
26 29 1
26 32 1
26 33 1
26 35 1
26 36 1
26 37 1
26 38 -1
26 39 -1
26 41 1
26 42 -1
26 45 1
26 49 -1
26 51 -1
26 52 1
26 53 -1
26 54 -1
26 58 1
26 61 1
26 62 -1
26 63 -1
26 64 1
26 72 1
26 74 1
26 80 1
26 81 1
26 83 1
26 85 1
26 86 1
26 88 1
27 1 1
27 2 1
27 4 1
27 5 1
27 6 -1
27 7 1
27 8 -1
27 9 1
27 10 1
27 12 -1
27 13 1
27 14 1
27 16 1
27 17 1
27 18 1
27 19 -1
27 24 -1
27 25 1
27 26 1
27 29 1
27 31 1
27 36 1
27 37 1
27 40 1
27 43 1
27 45 -1
27 46 1
27 51 1
27 52 1
27 53 -1
27 55 1
27 56 1
27 57 1
27 58 -1
27 59 1
27 60 1
27 63 1
27 67 -1
27 68 1
27 69 1
27 70 1
27 73 1
27 76 1
27 80 1
27 82 1
27 83 1
27 84 1
27 85 1
27 90 -1
28 1 -1
28 3 1
28 4 1
28 6 1
28 12 1
28 13 -1
28 14 -1
28 19 1
28 20 1
28 21 1
28 23 1
28 24 1
28 26 1
28 27 -1
28 30 1
28 31 -1
28 32 1
28 33 -1
28 35 1
28 36 1
28 41 1
28 42 1
28 43 1
28 46 1
28 47 1
28 49 1
28 50 1
28 51 1
28 53 -1
28 54 -1
28 58 1
28 61 1
28 63 1
28 66 -1
28 68 1
28 69 1
28 71 1
28 72 1
28 73 -1
28 75 1
28 76 1
28 78 1
28 79 1
28 81 1
28 82 -1
28 86 1
28 87 1
29 1 1
29 3 1
29 10 1
29 12 -1
29 13 1
29 14 1
29 15 1
29 17 1
29 18 1
29 23 1
29 24 -1
29 25 -1
29 28 1
29 30 1
29 32 1
29 33 1
29 36 1
29 37 1
29 40 1
29 43 1
29 44 1
29 46 1
29 47 1
29 51 1
29 52 1
29 53 1
29 54 1
29 55 1
29 57 1
29 58 1
29 59 -1
29 60 1
29 61 -1
29 63 1
29 65 -1
29 67 1
29 68 1
29 69 1
29 70 1
29 72 1
29 74 1
29 78 -1
29 79 1
29 81 1
29 85 1
29 87 1
29 88 -1
29 90 1
30 1 1
30 3 -1
30 4 1
30 9 1
30 11 -1
30 12 1
30 13 -1
30 14 -1
30 15 1
30 16 -1
30 18 1
30 22 1
30 23 1
30 24 1
30 25 1
30 26 1
30 27 1
30 32 1
30 33 -1
30 35 -1
30 36 1
30 37 1
30 39 1
30 40 1
30 41 1
30 43 1
30 44 1
30 45 1
30 46 -1
30 47 1
30 48 1
30 50 -1
30 51 1
30 52 1
30 54 1
30 55 1
30 56 1
30 57 1
30 61 -1
30 62 1
30 68 -1
30 70 1
30 73 -1
30 74 1
30 76 1
30 78 1
30 83 1
30 87 1
30 88 -1
30 89 1
30 90 -1
31 3 1
31 7 -1
31 9 1
31 11 1
31 13 1
31 18 -1
31 19 1
31 21 -1
31 23 1
31 26 1
31 29 1
31 30 1
31 32 1
31 33 1
31 34 1
31 35 -1
31 36 1
31 40 1
31 42 1
31 45 -1
31 48 -1
31 52 1
31 56 1
31 57 1
31 58 1
31 59 -1
31 60 1
31 61 1
31 63 1
31 64 1
31 66 1
31 68 -1
31 78 1
31 79 1
31 82 -1
31 85 1
31 86 1
31 88 1
31 90 1
32 3 -1
32 4 1
32 5 1
32 6 1
32 9 1
32 10 1
32 14 1
32 16 1
32 19 1
32 21 1
32 23 1
32 24 1
32 25 1
32 27 1
32 38 1
32 41 1
32 42 1
32 44 1
32 45 1
32 47 -1
32 53 1
32 55 1
32 60 1
32 61 1
32 62 1
32 63 1
32 64 1
32 65 -1
32 67 1
32 68 1
32 70 1
32 71 1
32 73 1
32 74 1
32 75 1
32 78 1
32 79 -1
32 81 -1
32 82 -1
32 83 1
32 84 -1
32 87 1
32 89 -1
33 5 1
33 10 1
33 11 -1
33 12 1
33 13 1
33 14 1
33 17 1
33 18 -1
33 20 -1
33 21 1
33 22 1
33 23 1
33 24 1
33 25 1
33 27 1
33 32 1
33 35 -1
33 36 1
33 38 1
33 39 1
33 42 1
33 44 -1
33 46 1
33 47 1
33 52 -1
33 54 1
33 60 1
33 61 1
33 64 1
33 66 1
33 68 -1
33 69 -1
33 71 1
33 73 1
33 76 1
33 77 1
33 78 1
33 81 1
33 82 1
33 83 1
33 86 1
33 88 1
34 3 1
34 5 1
34 7 1
34 9 1
34 12 1
34 13 -1
34 15 1
34 20 1
34 21 1
34 23 1
34 24 -1
34 25 -1
34 26 1
34 27 1
34 28 1
34 29 1
34 30 1
34 32 1
34 33 1
34 35 1
34 36 1
34 37 -1
34 38 -1
34 40 1
34 44 1
34 47 1
34 49 1
34 50 1
34 56 1
34 57 1
34 58 1
34 60 1
34 61 1
34 62 1
34 64 -1
34 65 1
34 67 -1
34 71 1
34 72 1
34 74 1
34 75 1
34 76 1
34 78 -1
34 80 -1
34 84 1
34 87 -1
34 88 1
34 90 -1
35 3 1
35 5 1
35 6 1
35 8 1
35 9 1
35 10 1
35 11 1
35 13 1
35 15 1
35 19 1
35 20 -1
35 22 1
35 23 1
35 27 1
35 29 -1
35 32 1
35 38 1
35 45 1
35 48 1
35 49 1
35 51 1
35 52 1
35 54 1
35 56 1
35 57 1
35 58 1
35 60 1
35 61 1
35 63 1
35 68 1
35 69 1
35 73 1
35 75 1
35 76 1
35 78 1
35 85 1
35 88 1
35 89 1
35 90 1
36 3 -1
36 5 -1
36 6 1
36 10 1
36 13 -1
36 22 -1
36 23 1
36 24 1
36 32 1
36 35 -1
36 38 1
36 39 1
36 43 -1
36 45 1
36 46 1
36 47 1
36 48 1
36 50 1
36 51 -1
36 54 1
36 55 1
36 57 1
36 60 1
36 61 1
36 62 1
36 63 1
36 64 1
36 69 1
36 71 1
36 78 1
36 79 1
36 81 1
36 83 -1
36 87 1
36 88 -1
36 90 -1
37 2 1
37 5 1
37 9 1
37 12 -1
37 13 1
37 14 1
37 15 1
37 18 1
37 21 1
37 22 1
37 23 -1
37 24 -1
37 25 -1
37 28 1
37 31 1
37 32 1
37 33 1
37 35 -1
37 36 1
37 44 1
37 45 1
37 46 -1
37 47 1
37 48 1
37 49 1
37 55 1
37 56 -1
37 58 -1
37 59 1
37 62 1
37 64 1
37 66 1
37 74 1
37 77 1
37 78 1
37 80 1
37 84 1
37 85 1
37 87 -1
37 88 1
37 89 1
38 1 1
38 3 1
38 5 1
38 6 -1
38 10 1
38 12 1
38 16 -1
38 20 1
38 22 1
38 23 1
38 27 -1
38 28 1
38 29 1
38 30 1
38 31 1
38 37 -1
38 39 1
38 40 -1
38 41 -1
38 42 1
38 43 -1
38 44 -1
38 45 1
38 47 1
38 50 1
38 51 -1
38 52 -1
38 53 1
38 57 1
38 59 1
38 60 -1
38 62 -1
38 63 1
38 64 1
38 66 1
38 67 1
38 68 1
38 69 1
38 71 1
38 72 -1
38 74 1
38 77 1
38 82 1
38 83 -1
38 85 1
38 88 1
38 89 1
38 90 1
39 1 1
39 3 1
39 4 1
39 5 1
39 6 1
39 9 1
39 10 1
39 12 1
39 14 1
39 16 1
39 22 1
39 24 1
39 25 1
39 27 -1
39 28 1
39 29 1
39 31 1
39 32 1
39 34 1
39 35 1
39 37 1
39 40 1
39 46 1
39 47 1
39 48 1
39 50 -1
39 51 -1
39 52 -1
39 54 -1
39 56 1
39 58 1
39 62 1
39 63 -1
39 64 1
39 67 1
39 69 -1
39 70 1
39 73 1
39 75 1
39 76 1
39 77 1
39 79 1
39 80 1
39 83 1
39 84 1
39 86 1
39 88 1
40 1 1
40 6 1
40 8 1
40 10 1
40 12 1
40 14 1
40 16 1
40 18 1
40 21 1
40 22 -1
40 23 1
40 25 1
40 26 1
40 28 1
40 32 -1
40 33 1
40 35 1
40 36 1
40 37 1
40 42 1
40 47 1
40 49 1
40 52 1
40 55 1
40 56 1
40 57 1
40 58 1
40 59 1
40 60 1
40 62 -1
40 63 1
40 64 1
40 66 1
40 68 1
40 69 1
40 70 1
40 71 1
40 74 1
40 76 1
40 77 -1
40 79 -1
40 82 1
40 83 1
40 85 1
40 86 1
40 87 1
40 88 -1
40 89 1
40 90 -1
41 1 1
41 3 1
41 4 1
41 5 1
41 6 -1
41 8 -1
41 9 1
41 10 1
41 12 1
41 13 1
41 15 1
41 16 1
41 18 1
41 19 1
41 21 -1
41 22 1
41 24 1
41 25 -1
41 27 1
41 29 1
41 31 1
41 33 1
41 34 -1
41 35 1
41 36 1
41 37 -1
41 39 1
41 40 -1
41 43 1
41 49 1
41 52 -1
41 54 1
41 56 1
41 61 1
41 64 1
41 66 1
41 68 1
41 70 1
41 71 1
41 72 1
41 74 -1
41 81 1
41 83 1
41 85 1
41 86 1
41 88 1
41 89 1
42 1 -1
42 2 1
42 4 1
42 6 -1
42 7 -1
42 8 -1
42 9 1
42 10 1
42 13 1
42 14 1
42 16 1
42 19 1
42 20 -1
42 21 1
42 23 1
42 27 1
42 29 1
42 30 1
42 34 1
42 35 1
42 36 1
42 37 1
42 39 -1
42 41 1
42 43 1
42 44 1
42 46 1
42 48 1
42 52 1
42 53 1
42 55 1
42 58 1
42 59 -1
42 60 1
42 61 1
42 63 -1
42 65 1
42 67 -1
42 68 1
42 69 -1
42 72 1
42 73 -1
42 75 -1
42 78 1
42 79 1
42 81 1
42 87 1
42 88 1
43 1 1
43 3 1
43 5 1
43 6 1
43 7 1
43 8 -1
43 9 1
43 10 1
43 11 1
43 12 -1
43 13 1
43 16 -1
43 19 1
43 20 1
43 23 -1
43 26 1
43 31 -1
43 32 1
43 33 1
43 34 1
43 35 1
43 37 -1
43 39 1
43 40 1
43 45 1
43 46 1
43 50 1
43 55 1
43 56 1
43 58 -1
43 59 1
43 62 1
43 63 1
43 64 1
43 65 -1
43 68 1
43 69 1
43 70 1
43 71 1
43 72 1
43 75 1
43 76 1
43 77 1
43 78 1
43 79 1
43 80 1
43 81 1
43 83 1
43 84 1
43 86 1
43 89 1
43 90 1
44 1 1
44 4 1
44 5 -1
44 7 1
44 12 -1
44 17 1
44 18 1
44 19 -1
44 21 1
44 22 1
44 24 1
44 25 -1
44 26 1
44 27 1
44 28 -1
44 31 -1
44 35 1
44 36 1
44 39 1
44 40 1
44 41 1
44 43 1
44 45 1
44 46 1
44 47 -1
44 49 -1
44 50 1
44 52 1
44 53 1
44 55 1
44 59 1
44 62 1
44 65 1
44 67 -1
44 68 1
44 69 1
44 71 1
44 73 1
44 74 1
44 75 1
44 76 1
44 77 1
44 78 1
44 81 1
44 86 1
44 87 1
44 89 1
44 90 1
45 1 1
45 7 1
45 8 1
45 9 1
45 15 -1
45 16 1
45 17 1
45 18 -1
45 23 1
45 25 1
45 28 1
45 29 1
45 33 1
45 34 1
45 39 1
45 40 -1
45 41 -1
45 42 1
45 46 1
45 47 1
45 48 -1
45 49 -1
45 50 1
45 53 1
45 54 1
45 55 1
45 56 1
45 60 1
45 61 1
45 62 1
45 63 1
45 65 -1
45 67 1
45 70 -1
45 72 1
45 73 -1
45 74 1
45 75 1
45 76 1
45 77 1
45 78 1
45 79 1
45 83 1
45 87 -1
46 3 1
46 8 1
46 11 1
46 14 1
46 17 1
46 20 1
46 23 1
46 25 1
46 26 1
46 31 -1
46 32 1
46 34 -1
46 35 1
46 38 1
46 40 1
46 41 1
46 47 1
46 48 1
46 51 -1
46 52 1
46 54 1
46 56 1
46 57 1
46 58 1
46 59 1
46 60 1
46 62 1
46 63 1
46 65 1
46 68 1
46 69 1
46 70 -1
46 71 1
46 74 1
46 76 1
46 77 -1
46 78 -1
46 85 1
46 86 -1
46 87 1
46 88 1
47 2 1
47 5 1
47 6 1
47 7 1
47 8 1
47 9 1
47 13 -1
47 14 1
47 16 -1
47 19 1
47 21 -1
47 22 1
47 23 1
47 26 1
47 27 1
47 31 1
47 35 -1
47 41 -1
47 42 1
47 43 1
47 49 1
47 53 1
47 55 1
47 56 1
47 57 1
47 59 -1
47 63 1
47 66 1
47 67 1
47 69 -1
47 73 1
47 76 1
47 78 1
47 79 1
47 80 1
47 81 -1
47 83 1
47 84 -1
47 87 -1
48 2 -1
48 3 1
48 7 1
48 8 1
48 9 1
48 10 -1
48 13 1
48 14 1
48 17 -1
48 18 1
48 19 1
48 22 1
48 25 1
48 26 1
48 27 1
48 28 -1
48 29 1
48 32 1
48 33 -1
48 34 -1
48 38 1
48 40 -1
48 41 -1
48 43 1
48 44 1
48 47 1
48 53 1
48 54 1
48 55 1
48 60 -1
48 62 1
48 66 1
48 70 -1
48 76 1
48 77 1
48 79 1
48 83 1
48 85 1
48 87 1
48 88 -1
49 1 -1
49 2 -1
49 3 -1
49 5 1
49 6 1
49 7 -1
49 9 -1
49 10 1
49 15 1
49 16 1
49 24 1
49 25 1
49 27 1
49 29 1
49 30 1
49 31 1
49 32 1
49 33 1
49 36 1
49 38 1
49 39 1
49 42 1
49 43 1
49 46 1
49 48 -1
49 50 1
49 51 1
49 55 1
49 56 1
49 59 1
49 62 1
49 67 1
49 69 1
49 70 1
49 71 1
49 72 1
49 73 1
49 75 1
49 76 -1
49 81 1
49 83 -1
49 84 1
49 85 -1
49 89 1
50 7 1
50 8 1
50 12 -1
50 13 1
50 17 1
50 19 1
50 23 1
50 24 -1
50 25 1
50 26 -1
50 27 1
50 29 1
50 31 1
50 32 -1
50 33 1
50 35 1
50 37 1
50 40 -1
50 41 1
50 42 1
50 46 1
50 47 -1
50 48 1
50 51 -1
50 52 1
50 53 1
50 57 1
50 58 1
50 60 -1
50 63 1
50 64 1
50 67 1
50 68 1
50 73 -1
50 74 1
50 77 1
50 78 1
50 81 -1
50 82 1
50 83 1
50 85 1
50 89 1
51 1 1
51 2 1
51 3 1
51 6 1
51 7 1
51 8 1
51 9 1
51 10 1
51 12 1
51 13 -1
51 14 1
51 16 1
51 17 -1
51 18 -1
51 19 1
51 20 1
51 24 1
51 25 1
51 31 1
51 32 1
51 33 1
51 34 1
51 37 1
51 40 1
51 41 1
51 42 1
51 43 -1
51 44 -1
51 45 1
51 47 -1
51 48 1
51 56 1
51 58 1
51 59 1
51 62 -1
51 63 1
51 64 1
51 65 1
51 68 1
51 71 1
51 72 -1
51 73 1
51 76 1
51 77 1
51 80 1
51 84 1
51 85 1
51 86 -1
51 88 -1
51 90 1
52 1 1
52 3 -1
52 4 1
52 5 1
52 10 -1
52 11 1
52 13 1
52 17 1
52 19 1
52 22 1
52 24 1
52 25 1
52 28 1
52 32 1
52 34 1
52 36 1
52 37 1
52 43 1
52 45 1
52 47 -1
52 48 1
52 49 1
52 51 -1
52 53 1
52 54 1
52 56 1
52 60 -1
52 61 -1
52 62 1
52 63 1
52 66 1
52 68 1
52 69 -1
52 71 -1
52 73 1
52 75 -1
52 76 1
52 77 1
52 79 1
52 80 1
52 81 1
52 83 1
52 84 1
52 85 1
52 88 1
52 89 1
53 3 1
53 6 1
53 7 -1
53 8 -1
53 9 -1
53 10 1
53 14 1
53 15 1
53 21 -1
53 23 1
53 24 -1
53 25 1
53 30 1
53 31 -1
53 33 1
53 34 1
53 35 1
53 36 1
53 37 1
53 39 1
53 40 1
53 41 -1
53 43 1
53 46 -1
53 49 1
53 51 1
53 60 -1
53 62 -1
53 64 1
53 68 1
53 69 1
53 70 1
53 72 1
53 73 1
53 74 1
53 76 1
53 78 1
53 79 1
53 81 -1
53 82 1
53 83 1
53 86 1
53 87 1
53 88 1
53 89 1
54 1 1
54 5 1
54 6 1
54 7 1
54 12 1
54 13 1
54 17 -1
54 18 1
54 20 1
54 21 -1
54 23 1
54 24 1
54 27 1
54 31 1
54 32 1
54 34 1
54 37 1
54 38 1
54 40 -1
54 42 1
54 43 -1
54 44 1
54 47 1
54 49 1
54 50 -1
54 51 1
54 53 1
54 56 1
54 58 1
54 60 1
54 62 1
54 63 1
54 64 -1
54 66 -1
54 67 1
54 69 1
54 75 1
54 76 1
54 78 -1
54 80 1
54 81 1
54 84 1
54 87 -1
54 90 1
55 3 -1
55 6 1
55 7 -1
55 9 1
55 10 -1
55 12 1
55 14 1
55 16 -1
55 17 1
55 20 1
55 24 1
55 26 -1
55 28 -1
55 31 1
55 33 -1
55 34 1
55 35 1
55 38 1
55 39 -1
55 41 -1
55 46 1
55 50 1
55 51 -1
55 52 1
55 53 1
55 54 1
55 56 1
55 57 1
55 58 1
55 62 1
55 63 1
55 64 -1
55 65 1
55 66 1
55 70 1
55 71 1
55 72 1
55 74 -1
55 76 1
55 79 -1
55 81 1
55 82 1
55 90 1
56 2 1
56 3 1
56 7 1
56 10 1
56 13 1
56 14 1
56 15 1
56 16 -1
56 17 1
56 18 1
56 19 -1
56 24 1
56 25 1
56 26 1
56 28 1
56 29 1
56 32 1
56 33 1
56 36 -1
56 38 -1
56 42 -1
56 44 1
56 48 1
56 50 1
56 53 1
56 62 1
56 67 -1
56 71 -1
56 74 1
56 75 1
56 76 -1
56 77 1
56 81 1
56 83 1
56 84 1
56 86 1
56 87 -1
56 88 1
56 90 1
57 1 1
57 2 -1
57 6 1
57 10 1
57 11 -1
57 12 1
57 15 -1
57 17 -1
57 18 1
57 24 1
57 26 1
57 28 1
57 32 1
57 33 1
57 37 -1
57 39 1
57 41 -1
57 42 1
57 43 1
57 44 1
57 45 -1
57 48 1
57 49 1
57 51 1
57 52 -1
57 53 1
57 54 1
57 56 -1
57 62 -1
57 64 1
57 65 1
57 66 1
57 67 1
57 70 -1
57 71 -1
57 74 -1
57 77 1
57 79 1
57 81 1
57 82 1
57 83 1
57 85 -1
58 1 1
58 4 1
58 6 1
58 8 1
58 9 1
58 14 1
58 15 1
58 17 1
58 18 1
58 19 1
58 20 -1
58 22 1
58 23 1
58 24 1
58 30 1
58 32 1
58 33 1
58 36 1
58 38 1
58 41 1
58 44 1
58 45 1
58 47 1
58 48 1
58 49 1
58 52 -1
58 53 1
58 56 1
58 57 1
58 62 1
58 63 -1
58 66 1
58 67 1
58 68 1
58 69 1
58 70 1
58 71 -1
58 74 1
58 75 1
58 81 -1
58 84 -1
58 86 1
58 90 -1
59 1 -1
59 4 -1
59 5 1
59 6 1
59 7 1
59 8 1
59 11 1
59 12 1
59 16 1
59 20 1
59 21 1
59 22 1
59 23 1
59 25 -1
59 26 1
59 28 1
59 30 1
59 32 1
59 33 1
59 34 1
59 35 1
59 36 1
59 39 -1
59 41 1
59 45 -1
59 48 1
59 50 1
59 52 1
59 53 1
59 54 1
59 55 1
59 56 -1
59 57 1
59 58 -1
59 61 -1
59 66 1
59 67 1
59 70 1
59 71 1
59 73 1
59 74 -1
59 75 1
59 77 -1
59 79 -1
59 81 -1
59 85 1
59 86 1
59 87 1
59 88 -1
59 89 1
60 2 1
60 7 1
60 8 1
60 9 1
60 10 -1
60 15 -1
60 17 1
60 18 1
60 19 1
60 20 1
60 21 1
60 22 1
60 23 1
60 26 1
60 28 -1
60 30 -1
60 37 1
60 39 1
60 41 1
60 43 1
60 44 1
60 47 1
60 49 1
60 51 1
60 55 1
60 56 1
60 57 -1
60 58 1
60 59 1
60 61 1
60 63 1
60 64 1
60 69 1
60 76 1
60 78 1
60 79 -1
60 80 1
60 81 -1
60 82 1
60 83 -1
60 86 1
60 87 1
60 89 1
61 1 1
61 2 1
61 3 1
61 4 1
61 5 1
61 6 1
61 7 1
61 8 1
61 12 -1
61 13 1
61 16 1
61 18 1
61 19 1
61 20 1
61 22 1
61 27 1
61 37 1
61 38 1
61 39 1
61 40 1
61 43 1
61 44 1
61 46 1
61 47 1
61 48 1
61 49 1
61 50 -1
61 51 1
61 53 1
61 54 -1
61 55 1
61 56 1
61 57 1
61 58 1
61 62 1
61 64 1
61 65 -1
61 66 1
61 68 -1
61 72 -1
61 73 1
61 74 1
61 77 1
61 80 1
61 82 1
61 83 1
61 84 1
61 86 1
62 1 1
62 2 1
62 3 1
62 5 1
62 6 1
62 8 -1
62 10 1
62 11 -1
62 12 1
62 14 1
62 15 1
62 16 1
62 17 1
62 19 1
62 21 1
62 22 1
62 25 1
62 27 1
62 28 -1
62 29 1
62 31 1
62 33 1
62 35 1
62 41 1
62 42 -1
62 47 -1
62 50 1
62 59 1
62 60 1
62 63 1
62 65 1
62 66 1
62 67 1
62 72 1
62 73 1
62 74 1
62 77 1
62 78 1
62 79 -1
62 81 1
62 82 1
62 83 1
62 84 -1
62 86 1
62 87 1
62 88 -1
62 89 -1
62 90 1
63 2 -1
63 5 -1
63 6 1
63 8 1
63 9 1
63 11 -1
63 12 1
63 17 1
63 18 1
63 19 -1
63 21 1
63 22 -1
63 24 1
63 30 1
63 33 1
63 34 -1
63 37 1
63 41 1
63 44 1
63 48 1
63 49 1
63 53 1
63 56 1
63 57 1
63 59 1
63 61 1
63 64 -1
63 65 1
63 67 1
63 68 -1
63 69 1
63 70 -1
63 71 1
63 72 1
63 79 1
63 80 -1
63 82 1
63 83 1
63 84 1
63 86 -1
63 88 1
63 89 1
63 90 1
64 1 1
64 2 -1
64 6 -1
64 9 -1
64 11 1
64 12 1
64 16 1
64 23 1
64 24 1
64 27 -1
64 28 1
64 29 1
64 30 -1
64 35 1
64 42 1
64 44 1
64 45 1
64 46 1
64 47 1
64 48 1
64 49 1
64 52 1
64 56 1
64 58 1
64 59 1
64 62 1
64 65 1
64 67 1
64 68 1
64 69 1
64 70 1
64 73 1
64 74 1
64 79 -1
64 80 1
64 83 -1
64 85 1
64 87 -1
64 88 -1
65 1 1
65 2 1
65 6 1
65 7 1
65 9 -1
65 11 1
65 15 1
65 16 1
65 17 1
65 18 1
65 19 1
65 23 1
65 24 1
65 25 -1
65 26 1
65 27 1
65 28 1
65 30 1
65 31 1
65 33 1
65 35 1
65 36 1
65 37 1
65 38 -1
65 39 -1
65 40 1
65 41 1
65 47 1
65 48 -1
65 49 1
65 50 1
65 52 1
65 53 1
65 54 1
65 56 -1
65 58 1
65 59 1
65 60 1
65 69 1
65 70 1
65 72 1
65 75 -1
65 79 -1
65 80 1
65 81 1
65 82 1
65 83 1
65 84 -1
65 86 1
65 87 -1
65 89 -1
66 1 -1
66 2 -1
66 3 1
66 4 1
66 7 1
66 10 1
66 11 1
66 12 -1
66 13 1
66 15 -1
66 16 1
66 17 -1
66 18 1
66 19 1
66 21 1
66 22 -1
66 24 1
66 25 1
66 26 1
66 27 1
66 29 1
66 30 -1
66 32 1
66 34 -1
66 35 1
66 36 1
66 39 1
66 42 1
66 43 1
66 44 1
66 45 1
66 46 1
66 49 1
66 50 1
66 51 1
66 53 1
66 56 1
66 60 -1
66 63 1
66 64 1
66 65 -1
66 69 1
66 70 1
66 79 1
66 80 -1
66 83 1
66 84 1
66 85 1
66 86 1
66 87 1
66 88 1
66 89 1
67 1 1
67 3 1
67 4 1
67 5 1
67 6 1
67 7 1
67 10 1
67 12 1
67 13 1
67 14 1
67 18 -1
67 25 -1
67 26 1
67 28 -1
67 30 1
67 31 1
67 33 1
67 35 1
67 36 -1
67 37 1
67 40 1
67 41 -1
67 43 1
67 46 1
67 48 1
67 51 1
67 52 1
67 53 1
67 55 -1
67 60 1
67 61 1
67 65 1
67 66 -1
67 69 1
67 71 -1
67 72 1
67 75 1
67 78 1
67 79 -1
67 80 1
67 81 1
67 82 1
67 85 1
67 90 1
68 2 1
68 6 1
68 8 1
68 9 1
68 12 -1
68 14 1
68 16 1
68 19 1
68 20 -1
68 22 1
68 23 1
68 24 1
68 25 1
68 26 1
68 34 1
68 36 -1
68 37 1
68 39 1
68 45 -1
68 47 1
68 48 1
68 49 1
68 54 1
68 55 1
68 56 1
68 57 1
68 59 -1
68 60 1
68 62 1
68 65 -1
68 66 1
68 67 1
68 70 -1
68 71 1
68 74 1
68 77 1
68 79 -1
68 80 1
68 81 1
68 82 1
68 83 1
68 85 1
68 89 1
69 2 1
69 3 1
69 5 1
69 10 1
69 12 -1
69 13 1
69 21 1
69 23 -1
69 24 1
69 26 1
69 30 1
69 31 1
69 32 -1
69 34 1
69 37 1
69 41 -1
69 45 1
69 48 1
69 50 1
69 51 1
69 55 -1
69 56 1
69 57 1
69 59 1
69 61 1
69 62 1
69 68 1
69 72 1
69 75 1
69 78 1
69 81 1
69 82 1
69 83 -1
69 84 1
69 85 1
69 86 1
69 87 1
69 89 1
70 1 1
70 3 1
70 4 1
70 5 1
70 10 1
70 13 1
70 14 1
70 18 1
70 25 1
70 26 1
70 28 1
70 31 1
70 33 1
70 34 -1
70 35 -1
70 36 1
70 37 1
70 38 1
70 42 -1
70 44 1
70 47 -1
70 50 1
70 51 1
70 52 -1
70 54 -1
70 56 1
70 60 -1
70 61 1
70 62 1
70 67 1
70 69 1
70 72 1
70 73 1
70 75 1
70 76 -1
70 78 -1
70 79 1
70 84 -1
70 85 1
70 87 -1
71 4 1
71 5 1
71 7 1
71 8 -1
71 9 1
71 10 1
71 11 1
71 13 1
71 14 -1
71 17 1
71 18 1
71 19 1
71 22 -1
71 23 1
71 25 -1
71 26 1
71 27 1
71 29 1
71 30 1
71 31 1
71 35 -1
71 37 1
71 39 1
71 42 1
71 45 1
71 47 1
71 48 1
71 50 1
71 53 1
71 54 -1
71 60 1
71 61 -1
71 62 1
71 64 1
71 65 1
71 66 1
71 69 1
71 70 1
71 74 1
71 76 -1
71 80 1
71 81 -1
71 86 1
71 87 1
71 89 1
72 2 1
72 4 1
72 6 1
72 8 1
72 9 1
72 11 1
72 13 1
72 19 1
72 20 1
72 22 1
72 27 -1
72 30 1
72 31 1
72 32 1
72 33 -1
72 35 1
72 36 1
72 37 -1
72 39 1
72 40 1
72 44 1
72 46 1
72 47 1
72 48 1
72 50 1
72 52 1
72 54 -1
72 56 -1
72 57 1
72 58 1
72 59 1
72 60 1
72 64 -1
72 66 -1
72 68 1
72 71 1
72 75 1
72 76 1
72 77 1
72 79 1
72 80 1
72 81 1
72 83 1
72 86 1
72 87 1
73 2 1
73 6 -1
73 8 1
73 9 1
73 10 1
73 11 1
73 12 1
73 14 1
73 16 1
73 18 -1
73 20 1
73 22 1
73 23 -1
73 24 -1
73 26 1
73 29 -1
73 31 1
73 34 1
73 36 1
73 37 1
73 38 1
73 40 1
73 41 1
73 43 1
73 46 1
73 48 1
73 54 1
73 55 -1
73 56 -1
73 57 1
73 58 1
73 60 -1
73 63 1
73 65 1
73 66 1
73 67 -1
73 68 -1
73 69 1
73 71 1
73 72 1
73 75 1
73 76 1
73 77 1
73 78 1
73 79 -1
73 81 1
73 83 -1
73 84 -1
73 85 1
73 86 -1
73 87 1
73 89 1
74 1 1
74 2 -1
74 4 1
74 10 -1
74 12 -1
74 15 1
74 17 1
74 18 1
74 21 1
74 27 1
74 28 1
74 31 1
74 33 1
74 35 1
74 36 -1
74 39 -1
74 42 1
74 43 -1
74 47 1
74 48 1
74 49 1
74 51 -1
74 52 1
74 54 1
74 60 1
74 63 1
74 65 1
74 66 1
74 67 1
74 69 1
74 70 1
74 72 1
74 73 1
74 75 1
74 78 1
74 81 1
74 85 1
74 86 1
74 87 1
74 90 1
75 1 1
75 3 1
75 5 1
75 7 1
75 9 1
75 11 1
75 13 1
75 18 -1
75 19 1
75 20 1
75 21 1
75 25 -1
75 26 1
75 27 1
75 29 1
75 30 1
75 31 1
75 33 1
75 36 1
75 37 -1
75 38 -1
75 40 1
75 41 1
75 46 1
75 47 1
75 48 -1
75 50 1
75 51 1
75 53 1
75 55 1
75 57 1
75 60 1
75 61 1
75 62 -1
75 63 1
75 64 1
75 66 1
75 68 1
75 71 1
75 77 1
75 80 1
75 86 -1
75 88 1
76 5 1
76 7 1
76 8 1
76 10 1
76 12 -1
76 13 -1
76 14 1
76 18 -1
76 24 1
76 26 1
76 29 1
76 31 1
76 32 1
76 36 1
76 37 -1
76 38 1
76 41 1
76 42 1
76 50 1
76 57 -1
76 58 1
76 59 1
76 61 1
76 62 1
76 63 -1
76 64 1
76 65 1
76 66 1
76 67 1
76 68 1
76 69 1
76 74 -1
76 75 1
76 79 -1
76 80 1
76 81 1
76 82 -1
76 86 1
76 87 1
76 90 1
77 2 1
77 5 1
77 7 1
77 15 1
77 16 -1
77 18 1
77 20 1
77 25 1
77 26 1
77 27 -1
77 28 1
77 29 1
77 30 1
77 31 -1
77 32 1
77 34 1
77 35 1
77 36 1
77 41 -1
77 42 -1
77 47 1
77 49 1
77 53 -1
77 54 1
77 55 1
77 58 1
77 60 1
77 63 1
77 64 1
77 65 1
77 66 1
77 67 1
77 69 1
77 70 1
77 71 -1
77 74 1
77 76 1
77 79 1
77 80 1
77 84 -1
77 90 1
78 1 1
78 8 -1
78 9 1
78 11 1
78 13 -1
78 15 1
78 16 1
78 20 1
78 24 1
78 25 1
78 26 1
78 27 1
78 38 -1
78 39 1
78 40 1
78 41 1
78 48 1
78 49 1
78 51 1
78 52 1
78 55 -1
78 56 1
78 57 -1
78 58 -1
78 59 1
78 61 -1
78 63 1
78 64 -1
78 65 1
78 66 -1
78 68 1
78 71 1
78 72 1
78 75 1
78 76 1
78 77 1
78 79 1
78 82 1
78 83 -1
78 84 -1
78 85 1
78 86 1
78 88 1
78 89 1
79 3 1
79 6 1
79 7 1
79 8 -1
79 10 1
79 12 1
79 14 1
79 15 1
79 18 1
79 19 -1
79 20 -1
79 24 1
79 26 1
79 27 1
79 30 -1
79 33 1
79 34 1
79 35 -1
79 37 1
79 38 1
79 41 -1
79 44 1
79 46 1
79 49 1
79 50 1
79 51 1
79 54 1
79 56 1
79 58 1
79 61 1
79 69 -1
79 71 1
79 74 1
79 75 1
79 80 1
79 84 1
79 85 1
79 88 1
79 89 1
80 1 1
80 2 1
80 3 -1
80 5 1
80 6 -1
80 7 -1
80 8 1
80 10 1
80 11 1
80 12 1
80 17 1
80 18 1
80 19 1
80 25 1
80 28 1
80 29 -1
80 30 1
80 31 1
80 32 1
80 33 1
80 35 1
80 36 1
80 38 -1
80 40 -1
80 41 1
80 42 1
80 44 1
80 45 -1
80 46 1
80 48 1
80 49 1
80 50 1
80 53 1
80 55 -1
80 56 1
80 57 1
80 58 1
80 59 1
80 62 1
80 69 1
80 70 1
80 73 1
80 74 1
80 78 1
80 81 1
80 82 -1
80 89 -1
80 90 1
81 1 -1
81 2 1
81 7 -1
81 8 1
81 9 1
81 11 -1
81 12 1
81 14 -1
81 15 1
81 18 1
81 21 1
81 23 1
81 25 1
81 27 1
81 30 1
81 31 1
81 34 1
81 35 1
81 37 1
81 38 1
81 39 -1
81 40 1
81 45 1
81 46 1
81 48 1
81 51 1
81 61 -1
81 63 1
81 64 1
81 66 1
81 70 1
81 75 -1
81 77 1
81 78 -1
81 79 -1
81 84 1
81 85 1
81 86 -1
81 90 -1
82 1 -1
82 2 1
82 3 1
82 4 1
82 5 1
82 6 1
82 8 1
82 9 1
82 10 1
82 12 -1
82 14 1
82 15 -1
82 17 1
82 24 1
82 26 1
82 29 1
82 30 1
82 34 -1
82 35 1
82 36 1
82 37 1
82 39 1
82 41 1
82 42 1
82 43 1
82 44 -1
82 45 -1
82 46 -1
82 47 1
82 48 1
82 49 1
82 51 1
82 52 1
82 54 -1
82 56 1
82 58 1
82 59 1
82 64 1
82 66 1
82 70 1
82 71 1
82 72 1
82 73 -1
82 74 1
82 75 1
82 77 1
82 79 1
82 81 1
82 83 1
82 85 1
82 89 1
83 1 1
83 2 1
83 9 -1
83 11 1
83 14 -1
83 16 1
83 20 1
83 22 1
83 23 1
83 25 1
83 28 1
83 29 1
83 31 1
83 34 1
83 35 1
83 37 -1
83 42 1
83 44 1
83 46 1
83 51 -1
83 54 -1
83 55 1
83 58 1
83 59 1
83 67 1
83 70 1
83 71 -1
83 74 1
83 75 1
83 76 1
83 77 1
83 79 -1
83 80 1
83 81 1
83 84 1
83 85 1
83 86 1
83 87 1
83 89 -1
83 90 1
84 1 1
84 2 1
84 7 1
84 8 1
84 9 -1
84 10 1
84 12 1
84 14 1
84 17 1
84 19 -1
84 21 -1
84 26 1
84 28 1
84 29 1
84 30 1
84 31 1
84 33 1
84 35 -1
84 36 1
84 38 -1
84 40 -1
84 41 1
84 42 -1
84 44 -1
84 45 1
84 46 1
84 48 1
84 50 1
84 53 1
84 55 1
84 57 1
84 59 1
84 60 1
84 64 1
84 67 -1
84 68 1
84 71 1
84 72 1
84 74 1
84 75 1
84 76 1
84 80 1
84 82 -1
84 87 1
84 89 1
85 1 -1
85 2 1
85 4 1
85 5 -1
85 7 1
85 8 1
85 20 -1
85 22 1
85 28 1
85 30 1
85 32 1
85 33 1
85 34 1
85 36 -1
85 39 1
85 42 1
85 43 -1
85 44 1
85 45 1
85 47 1
85 53 1
85 54 1
85 55 1
85 56 1
85 58 1
85 60 1
85 61 1
85 62 1
85 63 1
85 65 1
85 71 1
85 72 1
85 75 1
85 76 1
85 77 1
85 80 1
85 84 1
85 86 1
85 87 1
85 88 -1
85 89 -1
86 1 1
86 2 1
86 4 -1
86 7 1
86 8 1
86 10 1
86 11 1
86 12 1
86 13 1
86 14 -1
86 15 1
86 23 -1
86 27 1
86 29 1
86 30 1
86 32 1
86 34 1
86 35 1
86 36 1
86 37 1
86 38 1
86 42 1
86 45 1
86 47 -1
86 48 1
86 49 1
86 50 1
86 52 1
86 54 1
86 55 1
86 57 1
86 64 1
86 67 -1
86 68 1
86 70 1
86 77 1
86 79 -1
86 80 1
86 82 1
86 84 -1
86 87 -1
86 88 1
86 90 1
87 1 1
87 2 1
87 4 1
87 8 1
87 10 1
87 11 1
87 13 1
87 14 1
87 17 1
87 22 -1
87 25 1
87 26 1
87 27 1
87 31 1
87 33 -1
87 35 1
87 38 -1
87 39 1
87 41 1
87 43 1
87 49 1
87 50 1
87 51 -1
87 52 1
87 55 1
87 57 1
87 58 1
87 61 1
87 63 -1
87 67 1
87 68 1
87 75 1
87 77 1
87 78 -1
87 79 -1
87 80 1
87 81 1
87 82 1
87 88 -1
88 1 -1
88 8 1
88 13 -1
88 16 1
88 17 1
88 18 -1
88 19 1
88 20 1
88 21 1
88 22 1
88 23 1
88 25 1
88 27 1
88 28 1
88 32 1
88 43 1
88 44 -1
88 45 -1
88 47 1
88 49 1
88 50 -1
88 54 -1
88 55 1
88 57 1
88 58 1
88 60 1
88 61 1
88 65 1
88 67 1
88 68 1
88 69 1
88 70 1
88 71 -1
88 72 1
88 73 1
88 74 1
88 76 1
88 77 1
88 80 1
88 81 1
88 82 -1
88 83 1
88 84 -1
88 89 -1
88 90 1
89 1 1
89 2 1
89 3 1
89 8 -1
89 12 1
89 15 1
89 17 -1
89 18 -1
89 19 -1
89 20 1
89 24 1
89 25 1
89 26 1
89 27 1
89 28 1
89 29 1
89 31 1
89 33 1
89 34 1
89 36 1
89 39 -1
89 42 1
89 45 1
89 46 1
89 47 1
89 48 1
89 51 1
89 54 -1
89 55 1
89 56 -1
89 57 1
89 58 1
89 61 1
89 64 -1
89 67 1
89 70 1
89 72 1
89 74 1
89 75 1
89 76 1
89 77 1
89 81 1
89 86 1
89 87 1
89 90 1
90 1 1
90 3 1
90 4 1
90 5 1
90 6 1
90 7 -1
90 13 1
90 16 1
90 17 -1
90 18 1
90 20 -1
90 22 1
90 25 -1
90 26 1
90 28 1
90 32 1
90 33 1
90 37 -1
90 39 -1
90 41 1
90 42 1
90 45 1
90 46 1
90 47 1
90 48 1
90 49 1
90 50 1
90 52 -1
90 53 1
90 57 1
90 59 -1
90 60 -1
90 61 1
90 64 1
90 65 1
90 66 -1
90 68 1
90 69 1
90 70 -1
90 71 1
90 72 -1
90 73 1
90 75 1
90 78 1
90 79 -1
90 82 1
90 84 1
90 85 1
90 87 1
