vertices: 30 edges: 435
1 6 1
1 11 1
1 13 1
1 16 1
1 17 1
1 19 1
1 20 -1
1 25 1
1 26 -1
1 27 -1
1 28 1
1 29 1
2 1 -1
2 7 1
2 8 1
2 10 -1
2 12 1
2 13 1
2 16 1
2 17 1
2 20 1
2 22 1
2 23 1
2 24 1
2 26 -1
2 29 1
2 30 1
3 1 -1
3 2 -1
3 4 1
3 7 1
3 8 1
3 10 1
3 11 1
3 12 1
3 14 -1
3 15 1
3 19 1
3 21 1
3 23 1
3 24 1
3 26 -1
3 27 1
3 28 1
3 29 1
3 30 1
4 1 1
4 2 1
4 7 1
4 9 1
4 11 1
4 12 1
4 13 1
4 15 1
4 17 -1
4 18 1
4 23 1
4 26 1
4 28 1
4 29 1
4 30 1
5 1 1
5 2 1
5 3 1
5 4 1
5 6 1
5 9 -1
5 11 1
5 12 1
5 15 -1
5 16 1
5 20 -1
5 24 1
5 26 1
5 27 1
5 28 1
5 29 1
6 2 1
6 3 1
6 4 1
6 7 1
6 11 1
6 13 1
6 17 1
6 21 1
6 23 1
6 24 1
6 28 1
7 1 1
7 5 1
7 8 1
7 13 1
7 17 1
7 18 1
7 19 1
7 20 -1
7 21 1
7 22 1
7 23 1
7 25 1
7 26 1
7 27 -1
7 28 -1
8 1 1
8 4 1
8 5 1
8 6 -1
8 10 1
8 13 1
8 15 -1
8 16 1
8 17 1
8 18 1
8 19 1
8 20 1
8 21 1
8 22 1
8 25 1
8 26 -1
8 27 1
9 1 1
9 2 -1
9 3 1
9 6 1
9 7 -1
9 8 1
9 10 1
9 11 1
9 12 1
9 16 1
9 21 1
9 23 1
9 24 1
9 25 -1
9 27 1
9 30 -1
10 1 1
10 4 1
10 5 -1
10 6 1
10 7 1
10 16 1
10 19 1
10 20 1
10 22 -1
10 23 1
10 24 1
10 25 -1
10 26 1
10 28 -1
11 2 -1
11 7 1
11 8 -1
11 10 1
11 12 1
11 13 1
11 14 1
11 15 1
11 16 -1
11 17 1
11 18 1
11 20 1
11 23 1
11 25 1
11 30 1
12 1 1
12 6 1
12 7 1
12 8 -1
12 10 1
12 13 1
12 18 1
12 19 -1
12 21 1
12 24 1
12 25 1
12 28 -1
12 30 1
13 3 1
13 5 1
13 9 1
13 10 -1
13 14 1
13 17 1
13 22 -1
13 23 1
13 28 1
13 29 -1
14 1 -1
14 2 -1
14 4 1
14 5 1
14 6 -1
14 7 1
14 8 -1
14 9 1
14 10 1
14 12 1
14 18 1
14 23 1
14 24 -1
14 25 -1
14 27 1
14 30 1
15 1 -1
15 2 1
15 6 1
15 7 1
15 9 1
15 10 1
15 12 1
15 13 1
15 14 1
15 16 -1
15 17 1
15 19 1
15 21 1
15 22 1
15 23 1
15 26 -1
15 28 1
15 29 -1
15 30 1
16 3 -1
16 4 1
16 6 1
16 7 1
16 12 1
16 13 1
16 14 1
16 17 1
16 23 1
16 24 -1
16 27 1
16 28 1
16 29 1
17 3 1
17 5 1
17 9 1
17 10 -1
17 12 1
17 14 1
17 19 1
17 23 1
17 24 1
17 26 -1
17 27 1
18 1 -1
18 2 1
18 3 -1
18 5 -1
18 6 1
18 9 -1
18 10 1
18 13 1
18 15 -1
18 16 1
18 17 1
18 24 -1
18 25 1
18 29 1
18 30 1
19 2 -1
19 4 -1
19 5 1
19 6 1
19 9 1
19 11 1
19 13 1
19 14 1
19 16 1
19 18 1
19 28 1
19 30 1
20 3 1
20 4 1
20 6 1
20 9 -1
20 12 1
20 13 1
20 14 1
20 15 1
20 16 1
20 17 1
20 18 -1
20 19 1
20 21 1
20 23 1
20 25 -1
20 27 -1
20 28 1
21 1 1
21 2 1
21 4 -1
21 5 -1
21 10 1
21 11 -1
21 13 1
21 14 1
21 16 1
21 17 1
21 18 1
21 19 1
21 22 1
21 23 1
21 25 1
21 27 -1
21 28 1
22 1 1
22 3 1
22 4 1
22 5 1
22 6 1
22 9 1
22 11 1
22 12 1
22 14 1
22 16 1
22 17 -1
22 18 1
22 19 -1
22 20 1
22 23 1
22 25 1
22 27 1
22 28 1
22 29 1
22 30 1
23 1 1
23 5 1
23 8 1
23 12 1
23 18 1
23 19 1
23 27 1
23 29 1
23 30 -1
24 1 1
24 4 -1
24 7 1
24 8 -1
24 11 1
24 13 -1
24 15 1
24 19 1
24 20 1
24 21 -1
24 22 1
24 23 1
24 25 1
24 27 -1
24 28 -1
24 29 1
25 2 1
25 3 1
25 4 1
25 5 1
25 6 1
25 13 1
25 15 1
25 16 -1
25 17 1
25 19 1
25 23 1
25 26 -1
26 6 1
26 9 -1
26 11 1
26 12 1
26 13 1
26 14 -1
26 16 1
26 18 1
26 19 1
26 20 1
26 21 -1
26 22 1
26 23 1
26 24 1
26 27 1
26 28 1
26 29 1
27 2 1
27 4 -1
27 6 -1
27 10 1
27 11 1
27 12 -1
27 13 1
27 15 1
27 18 1
27 19 1
27 25 1
27 28 1
27 29 1
28 2 1
28 8 1
28 9 1
28 11 1
28 14 1
28 17 -1
28 18 1
28 23 1
28 25 1
28 30 1
29 6 1
29 7 1
29 8 -1
29 9 1
29 10 1
29 11 1
29 12 1
29 14 -1
29 17 1
29 19 1
29 20 1
29 21 1
29 25 1
29 28 -1
30 1 1
30 5 1
30 6 1
30 7 1
30 8 -1
30 10 -1
30 13 1
30 16 1
30 17 1
30 20 1
30 21 1
30 24 1
30 25 1
30 26 1
30 27 -1
30 29 1
