vertices: 30 edges: 435
1 5 -1
1 6 -1
1 8 -1
1 9 -1
1 13 -1
1 14 1
1 15 -1
1 18 1
1 24 -1
1 25 1
1 27 -1
1 30 -1
2 1 -1
2 5 1
2 6 -1
2 7 -1
2 8 1
2 10 -1
2 12 -1
2 13 -1
2 14 -1
2 16 -1
2 18 -1
2 20 -1
2 23 1
2 26 -1
2 27 1
2 28 -1
2 30 -1
3 1 -1
3 2 -1
3 6 -1
3 7 1
3 11 -1
3 14 -1
3 15 1
3 16 1
3 17 -1
3 18 -1
3 19 -1
3 20 -1
3 21 -1
3 22 -1
3 27 1
3 30 -1
4 1 -1
4 2 -1
4 3 -1
4 6 -1
4 9 -1
4 11 -1
4 12 -1
4 14 -1
4 16 1
4 17 -1
4 19 -1
4 21 -1
4 22 -1
4 23 1
4 24 -1
4 25 -1
4 26 -1
4 28 -1
4 30 1
5 3 -1
5 4 -1
5 7 -1
5 8 -1
5 10 1
5 11 -1
5 14 1
5 19 -1
5 20 -1
5 21 -1
5 22 -1
5 23 -1
5 24 1
5 28 -1
5 29 -1
5 30 -1
6 5 1
6 7 -1
6 10 1
6 12 1
6 14 -1
6 15 -1
6 16 1
6 18 -1
6 19 -1
6 21 -1
6 25 -1
6 26 -1
6 28 1
6 30 -1
7 1 -1
7 4 1
7 11 -1
7 12 1
7 13 -1
7 14 -1
7 15 -1
7 16 -1
7 17 -1
7 18 -1
7 19 1
7 21 1
7 23 -1
7 24 1
7 25 -1
8 3 -1
8 4 -1
8 6 -1
8 7 -1
8 9 -1
8 11 -1
8 12 -1
8 14 -1
8 15 1
8 16 -1
8 17 -1
8 18 -1
8 19 -1
8 20 -1
8 21 -1
8 22 -1
8 24 -1
8 25 -1
8 26 -1
8 29 -1
8 30 -1
9 2 1
9 3 -1
9 5 1
9 6 1
9 7 -1
9 12 -1
9 13 -1
9 14 -1
9 15 1
9 18 -1
9 19 1
9 20 -1
9 21 -1
9 23 -1
9 24 -1
9 25 -1
9 26 1
9 27 1
9 28 -1
9 29 -1
9 30 -1
10 1 -1
10 3 1
10 4 -1
10 7 -1
10 8 1
10 9 -1
10 11 -1
10 12 1
10 13 -1
10 14 -1
10 17 -1
10 18 -1
10 19 -1
10 20 1
10 21 -1
10 22 -1
10 24 -1
10 25 -1
10 27 1
10 29 -1
10 30 1
11 1 -1
11 2 -1
11 6 -1
11 9 1
11 12 -1
11 13 -1
11 14 -1
11 15 -1
11 21 -1
11 23 -1
11 24 -1
11 26 -1
11 30 -1
12 1 1
12 3 -1
12 5 -1
12 13 -1
12 15 1
12 17 -1
12 22 -1
12 23 -1
12 25 -1
12 29 1
13 3 -1
13 4 -1
13 5 -1
13 6 -1
13 8 -1
13 16 -1
13 19 -1
13 22 -1
13 27 -1
13 29 -1
14 12 1
14 13 -1
14 15 -1
14 17 1
14 20 -1
14 21 -1
14 25 -1
14 26 -1
14 29 -1
15 2 -1
15 4 -1
15 5 1
15 10 -1
15 13 -1
15 21 -1
15 28 1
15 29 -1
16 1 -1
16 5 -1
16 9 -1
16 10 1
16 11 1
16 12 -1
16 14 -1
16 15 -1
16 17 -1
16 18 -1
16 19 -1
16 21 -1
16 22 -1
16 23 -1
16 24 -1
16 28 -1
16 29 1
17 1 -1
17 2 -1
17 5 -1
17 6 1
17 9 -1
17 11 -1
17 13 1
17 15 1
17 18 -1
17 21 -1
17 30 -1
18 4 -1
18 5 -1
18 11 -1
18 12 -1
18 13 -1
18 14 1
18 15 -1
18 19 -1
18 20 -1
18 21 -1
18 23 -1
18 27 -1
18 29 -1
18 30 -1
19 1 -1
19 2 1
19 11 -1
19 12 -1
19 14 -1
19 15 -1
19 17 -1
19 20 1
19 21 -1
19 23 1
19 24 -1
19 26 -1
19 28 -1
19 29 -1
20 1 -1
20 4 -1
20 6 -1
20 7 -1
20 11 1
20 12 -1
20 13 -1
20 15 -1
20 16 -1
20 17 -1
20 23 -1
20 24 -1
20 25 1
20 28 -1
21 1 -1
21 2 -1
21 12 1
21 13 -1
21 20 -1
21 22 -1
21 29 -1
21 30 -1
22 1 -1
22 2 1
22 6 -1
22 7 -1
22 9 -1
22 11 -1
22 14 -1
22 15 -1
22 17 -1
22 18 -1
22 19 -1
22 20 -1
22 26 -1
22 27 -1
22 29 -1
23 1 -1
23 3 -1
23 6 -1
23 8 -1
23 10 -1
23 13 -1
23 14 -1
23 15 -1
23 17 -1
23 21 -1
23 22 -1
23 24 -1
23 27 -1
23 28 -1
23 29 1
24 2 -1
24 3 -1
24 6 -1
24 12 -1
24 13 -1
24 14 -1
24 15 -1
24 17 1
24 18 -1
24 21 -1
24 22 -1
24 25 -1
24 26 1
24 27 -1
24 29 -1
25 2 -1
25 3 -1
25 5 -1
25 11 -1
25 13 -1
25 15 -1
25 16 -1
25 17 -1
25 18 1
25 19 -1
25 21 -1
25 22 1
25 23 -1
25 26 -1
25 29 -1
26 1 1
26 3 -1
26 5 -1
26 7 -1
26 10 1
26 12 -1
26 13 1
26 15 1
26 16 -1
26 17 1
26 18 -1
26 20 -1
26 21 -1
26 23 -1
26 28 -1
26 29 1
27 4 -1
27 5 -1
27 6 -1
27 7 -1
27 8 1
27 11 1
27 12 -1
27 14 -1
27 15 -1
27 16 -1
27 17 -1
27 19 -1
27 20 -1
27 21 1
27 25 1
27 26 -1
27 28 -1
27 29 1
28 1 -1
28 3 -1
28 7 -1
28 8 1
28 10 -1
28 11 -1
28 12 -1
28 13 -1
28 14 -1
28 17 -1
28 18 -1
28 21 1
28 22 -1
28 24 -1
28 25 1
29 1 -1
29 2 -1
29 3 -1
29 4 -1
29 6 -1
29 7 -1
29 11 -1
29 17 -1
29 20 1
29 28 -1
29 30 -1
30 7 1
30 12 -1
30 13 -1
30 14 -1
30 15 1
30 16 1
30 19 -1
30 20 -1
30 22 -1
30 23 -1
30 24 -1
30 25 -1
30 26 -1
30 27 -1
30 28 1
