vertices: 50 edges: 1225
1 5 1
1 6 1
1 8 1
1 9 -1
1 12 1
1 15 1
1 16 1
1 20 1
1 21 -1
1 22 1
1 23 1
1 24 1
1 25 1
1 26 1
1 27 1
1 28 -1
1 30 1
1 31 1
1 33 1
1 34 1
1 35 -1
1 38 1
1 39 -1
1 43 -1
1 44 1
1 45 1
1 46 1
1 49 1
1 50 1
2 1 1
2 5 1
2 7 1
2 12 1
2 14 -1
2 16 1
2 17 -1
2 18 1
2 20 1
2 21 1
2 22 1
2 25 1
2 27 1
2 28 1
2 29 1
2 31 1
2 32 -1
2 33 1
2 35 1
2 37 1
2 43 -1
2 47 1
2 48 1
3 1 1
3 2 1
3 4 1
3 8 1
3 10 -1
3 13 1
3 16 1
3 18 1
3 19 1
3 20 1
3 21 1
3 23 1
3 27 1
3 28 -1
3 30 1
3 34 1
3 36 1
3 37 1
3 38 1
3 39 -1
3 41 1
3 43 1
3 44 1
3 48 1
3 50 1
4 1 -1
4 2 1
4 7 1
4 9 1
4 11 -1
4 13 -1
4 14 1
4 24 1
4 27 1
4 28 1
4 31 1
4 32 1
4 35 1
4 37 -1
4 38 1
4 43 1
4 45 1
4 46 -1
4 47 1
4 49 1
4 50 -1
5 3 1
5 4 1
5 7 1
5 10 1
5 11 1
5 13 1
5 14 1
5 16 1
5 17 1
5 18 1
5 21 -1
5 22 1
5 23 -1
5 24 1
5 25 1
5 26 1
5 28 1
5 31 1
5 32 1
5 33 1
5 34 -1
5 35 1
5 36 1
5 38 -1
5 39 1
5 42 -1
5 44 -1
5 45 1
5 46 1
5 48 1
5 49 1
5 50 -1
6 2 1
6 3 1
6 4 1
6 5 1
6 7 1
6 12 1
6 19 1
6 20 1
6 26 1
6 27 1
6 28 1
6 29 -1
6 30 1
6 32 1
6 33 -1
6 34 1
6 35 1
6 37 1
6 38 1
6 42 1
6 43 -1
6 45 1
6 46 1
6 47 1
6 48 -1
6 49 1
7 1 1
7 3 1
7 8 -1
7 11 1
7 14 1
7 15 1
7 16 1
7 20 1
7 24 -1
7 25 1
7 27 1
7 30 -1
7 32 1
7 36 1
7 38 1
7 40 1
7 42 1
7 43 1
7 45 1
7 48 1
7 49 -1
7 50 -1
8 2 1
8 4 1
8 5 1
8 6 -1
8 11 -1
8 12 -1
8 14 -1
8 15 1
8 16 1
8 18 -1
8 19 1
8 22 1
8 23 1
8 25 1
8 27 -1
8 30 1
8 31 -1
8 32 1
8 35 1
8 38 1
8 39 1
8 41 1
8 43 -1
8 44 -1
8 46 1
8 48 1
8 49 1
8 50 1
9 2 -1
9 3 1
9 5 -1
9 6 1
9 7 1
9 8 1
9 12 1
9 13 1
9 14 1
9 16 1
9 19 1
9 20 1
9 22 1
9 24 1
9 25 -1
9 26 1
9 28 1
9 29 -1
9 33 1
9 36 1
9 37 1
9 38 1
9 39 1
9 41 -1
9 44 -1
9 46 -1
9 48 -1
9 50 1
10 1 1
10 2 1
10 4 1
10 6 1
10 7 1
10 8 1
10 9 1
10 11 1
10 12 1
10 13 1
10 17 -1
10 18 -1
10 19 1
10 20 1
10 26 -1
10 30 -1
10 31 1
10 32 1
10 34 -1
10 36 1
10 37 1
10 38 1
10 40 1
10 41 1
10 45 1
10 47 -1
10 49 -1
10 50 1
11 1 1
11 2 -1
11 3 1
11 6 1
11 9 1
11 12 1
11 13 1
11 16 1
11 19 1
11 20 -1
11 26 1
11 27 1
11 29 1
11 33 1
11 34 1
11 39 -1
11 40 1
11 42 1
11 44 1
11 46 1
11 47 1
11 48 -1
11 49 1
11 50 -1
12 3 -1
12 4 1
12 5 1
12 7 1
12 14 1
12 17 1
12 19 1
12 21 1
12 23 1
12 26 1
12 27 -1
12 28 1
12 32 1
12 33 1
12 34 -1
12 40 1
12 41 -1
12 42 1
12 43 -1
12 45 1
12 46 1
12 47 1
12 48 1
13 1 -1
13 2 1
13 6 1
13 7 1
13 8 1
13 12 1
13 14 1
13 15 1
13 18 1
13 20 1
13 24 1
13 26 -1
13 28 -1
13 32 1
13 33 -1
13 35 1
13 36 1
13 38 1
13 40 1
13 43 1
13 45 1
13 46 1
13 48 1
13 50 -1
14 1 1
14 3 1
14 6 1
14 10 1
14 11 1
14 16 1
14 17 1
14 20 1
14 22 1
14 25 1
14 28 -1
14 29 1
14 33 1
14 36 -1
14 37 1
14 42 -1
14 44 1
14 45 -1
14 47 1
14 48 1
14 49 1
14 50 1
15 2 1
15 3 1
15 4 1
15 5 1
15 6 1
15 9 1
15 10 1
15 11 1
15 12 1
15 14 1
15 17 1
15 19 1
15 21 1
15 24 1
15 28 1
15 30 -1
15 31 1
15 32 1
15 33 1
15 34 1
15 35 -1
15 36 1
15 37 -1
15 38 1
15 40 1
15 42 -1
15 43 1
15 44 1
15 47 1
15 48 -1
15 49 1
16 4 1
16 6 -1
16 10 1
16 12 1
16 13 1
16 15 1
16 17 1
16 18 -1
16 20 -1
16 21 1
16 23 1
16 24 1
16 25 1
16 28 1
16 37 1
16 41 1
16 42 1
16 44 1
16 45 1
16 47 1
16 50 1
17 1 1
17 3 1
17 4 1
17 6 1
17 7 -1
17 8 1
17 9 1
17 11 1
17 13 1
17 18 -1
17 19 1
17 22 1
17 24 1
17 26 -1
17 28 1
17 29 1
17 30 1
17 31 1
17 33 1
17 34 1
17 36 1
17 38 1
17 39 1
17 46 1
17 48 1
17 50 1
18 1 1
18 4 1
18 6 1
18 7 -1
18 9 1
18 11 1
18 12 1
18 14 1
18 15 1
18 20 1
18 22 -1
18 23 1
18 24 -1
18 26 1
18 27 1
18 29 1
18 31 1
18 34 1
18 35 1
18 36 1
18 39 1
18 40 1
18 41 -1
18 44 1
18 45 1
18 46 1
18 48 1
18 50 1
19 1 -1
19 2 -1
19 4 1
19 5 1
19 7 -1
19 13 -1
19 14 -1
19 16 1
19 18 1
19 20 1
19 21 -1
19 23 1
19 24 -1
19 26 -1
19 27 -1
19 29 1
19 30 -1
19 31 1
19 33 1
19 34 -1
19 36 1
19 37 1
19 38 1
19 40 -1
19 41 1
19 42 1
19 43 1
19 44 1
19 45 1
19 46 1
19 47 1
19 48 -1
19 49 1
19 50 1
20 4 1
20 5 1
20 8 -1
20 12 1
20 15 -1
20 17 1
20 24 -1
20 26 1
20 33 1
20 38 1
20 39 1
20 41 1
20 42 1
20 45 1
20 46 -1
20 48 1
21 4 -1
21 6 1
21 7 1
21 8 1
21 9 1
21 10 1
21 11 1
21 13 1
21 14 1
21 17 1
21 18 -1
21 20 1
21 23 1
21 24 -1
21 27 1
21 29 -1
21 32 1
21 33 1
21 34 1
21 35 1
21 37 1
21 39 1
21 40 -1
21 42 -1
21 45 1
21 46 -1
21 47 1
21 48 1
21 49 1
21 50 1
22 3 1
22 4 1
22 6 1
22 7 1
22 10 1
22 11 1
22 12 1
22 13 1
22 15 1
22 16 1
22 19 -1
22 20 1
22 21 1
22 23 1
22 26 1
22 27 1
22 29 1
22 30 1
22 31 1
22 32 1
22 33 1
22 35 1
22 39 -1
22 40 1
22 41 1
22 44 1
22 45 1
22 48 1
23 2 1
23 4 -1
23 6 -1
23 7 1
23 9 -1
23 10 -1
23 11 1
23 13 1
23 14 -1
23 15 1
23 17 1
23 20 1
23 24 1
23 25 -1
23 27 -1
23 28 1
23 30 1
23 32 1
23 34 1
23 35 1
23 36 1
23 37 1
23 38 -1
23 39 1
23 43 1
23 44 -1
23 45 -1
23 47 1
23 48 1
24 2 -1
24 3 1
24 6 -1
24 8 1
24 10 -1
24 11 1
24 12 1
24 14 1
24 22 1
24 25 1
24 28 1
24 37 -1
24 39 1
24 40 1
24 41 1
24 50 -1
25 3 1
25 4 1
25 6 -1
25 10 1
25 11 1
25 12 1
25 13 1
25 15 1
25 17 -1
25 18 -1
25 19 -1
25 20 1
25 21 -1
25 22 1
25 26 1
25 30 1
25 31 1
25 32 1
25 34 1
25 35 1
25 37 1
25 39 -1
25 41 -1
25 43 -1
25 50 1
26 2 -1
26 3 1
26 4 1
26 7 -1
26 8 1
26 14 1
26 15 1
26 16 1
26 21 1
26 23 1
26 24 1
26 29 -1
26 30 1
26 31 1
26 32 -1
26 34 1
26 36 1
26 37 1
26 38 -1
26 39 1
26 40 1
26 41 1
26 43 -1
26 44 1
26 45 1
26 46 1
26 50 1
27 5 1
27 9 1
27 10 1
27 13 1
27 14 1
27 15 1
27 16 1
27 17 1
27 20 1
27 24 1
27 25 1
27 26 1
27 30 1
27 31 1
27 32 1
27 33 1
27 34 1
27 36 -1
27 37 -1
27 39 1
27 50 -1
28 7 1
28 8 1
28 10 1
28 11 -1
28 18 -1
28 19 1
28 20 -1
28 21 1
28 22 1
28 25 1
28 26 1
28 27 1
28 29 1
28 30 1
28 33 1
28 34 1
28 36 1
28 37 1
28 41 1
28 42 1
28 48 1
28 49 -1
29 1 1
29 3 1
29 4 1
29 5 1
29 7 1
29 8 1
29 10 -1
29 12 -1
29 13 -1
29 15 1
29 16 1
29 20 1
29 23 1
29 24 1
29 25 -1
29 27 1
29 34 1
29 38 1
29 41 1
29 42 -1
29 47 1
29 50 1
30 2 -1
30 4 1
30 5 1
30 9 -1
30 11 1
30 12 1
30 13 -1
30 14 1
30 16 1
30 18 1
30 20 1
30 21 1
30 24 1
30 29 1
30 31 1
30 32 1
30 34 1
30 36 1
30 37 1
30 38 1
30 40 1
30 43 1
30 44 -1
30 45 -1
30 46 1
30 48 1
30 49 1
30 50 -1
31 3 1
31 6 1
31 7 1
31 9 -1
31 11 1
31 12 1
31 13 1
31 14 1
31 16 -1
31 20 1
31 21 1
31 23 1
31 24 -1
31 28 1
31 29 -1
31 35 1
31 36 -1
31 38 1
31 40 -1
31 42 1
31 44 1
31 50 1
32 1 -1
32 3 1
32 9 1
32 11 1
32 14 1
32 16 1
32 17 1
32 18 -1
32 19 1
32 20 1
32 24 1
32 28 1
32 29 1
32 31 1
32 35 1
32 43 1
32 45 1
32 46 1
32 47 1
32 48 -1
32 49 1
33 3 1
33 4 -1
33 7 1
33 8 1
33 10 1
33 16 1
33 18 1
33 23 1
33 24 1
33 25 1
33 26 1
33 29 1
33 30 1
33 31 1
33 32 1
33 34 1
33 35 -1
33 38 -1
33 39 1
33 41 1
33 42 1
33 44 1
33 45 -1
33 50 1
34 2 1
34 4 1
34 7 1
34 8 1
34 9 -1
34 13 1
34 14 1
34 16 1
34 20 1
34 22 1
34 24 1
34 31 1
34 32 1
34 35 -1
34 36 1
34 40 1
34 41 1
34 42 1
34 44 -1
34 45 1
34 46 1
34 47 -1
34 48 1
34 50 1
35 3 1
35 7 1
35 9 1
35 10 1
35 11 -1
35 12 1
35 14 1
35 16 1
35 17 1
35 19 1
35 20 1
35 24 -1
35 26 1
35 27 1
35 28 1
35 29 -1
35 30 1
35 38 1
35 39 1
35 40 1
35 41 1
35 42 1
35 44 1
35 48 1
35 49 -1
36 1 1
36 2 1
36 4 1
36 6 1
36 8 1
36 11 1
36 12 -1
36 16 1
36 20 1
36 21 1
36 22 1
36 24 1
36 25 1
36 29 1
36 32 1
36 33 -1
36 35 1
36 37 1
36 38 1
36 39 1
36 41 1
36 46 1
36 49 1
36 50 -1
37 1 1
37 5 1
37 7 1
37 8 1
37 11 1
37 12 -1
37 13 1
37 17 1
37 18 1
37 20 1
37 22 -1
37 29 1
37 31 1
37 32 1
37 33 -1
37 34 1
37 35 -1
37 39 1
37 42 1
37 43 1
37 44 1
37 46 -1
37 47 -1
37 48 1
37 50 1
38 2 1
38 11 -1
38 12 1
38 14 1
38 16 1
38 18 1
38 21 -1
38 22 1
38 24 1
38 25 -1
38 27 1
38 28 1
38 32 1
38 34 1
38 37 1
38 39 1
38 42 1
38 43 1
38 44 1
38 45 1
38 46 1
38 47 1
38 49 1
38 50 1
39 2 -1
39 4 1
39 6 1
39 7 -1
39 10 -1
39 12 1
39 13 1
39 14 -1
39 15 1
39 16 1
39 19 1
39 28 1
39 29 1
39 30 1
39 31 -1
39 32 1
39 34 1
39 40 1
39 41 1
39 44 1
39 45 1
39 47 -1
39 48 1
39 49 1
40 1 1
40 2 1
40 3 1
40 4 1
40 5 -1
40 6 1
40 8 1
40 9 1
40 14 1
40 16 -1
40 17 -1
40 20 1
40 23 -1
40 25 1
40 27 1
40 28 1
40 29 1
40 32 1
40 33 1
40 36 -1
40 37 1
40 38 1
40 41 1
40 42 1
40 44 1
40 46 1
40 47 1
40 48 1
41 1 1
41 2 1
41 4 1
41 5 1
41 6 1
41 7 1
41 11 1
41 13 1
41 14 1
41 15 1
41 17 1
41 21 -1
41 23 -1
41 27 1
41 30 1
41 31 1
41 32 1
41 37 -1
41 38 -1
41 42 -1
41 44 1
41 45 1
41 46 -1
41 50 -1
42 1 1
42 2 1
42 3 1
42 4 1
42 8 1
42 9 -1
42 10 1
42 13 1
42 17 1
42 18 1
42 22 1
42 23 1
42 24 1
42 25 -1
42 26 1
42 27 1
42 30 1
42 32 -1
42 36 1
42 39 1
42 44 1
42 49 -1
43 5 1
43 9 1
43 10 1
43 11 -1
43 14 -1
43 16 1
43 17 1
43 18 -1
43 20 1
43 21 1
43 22 1
43 24 -1
43 27 1
43 28 1
43 29 1
43 31 1
43 33 -1
43 34 1
43 35 1
43 36 1
43 39 1
43 40 1
43 41 -1
43 42 -1
43 46 1
43 47 -1
43 48 -1
43 49 1
44 2 -1
44 4 1
44 6 1
44 7 1
44 10 1
44 12 1
44 13 1
44 17 1
44 20 1
44 21 1
44 24 1
44 25 1
44 27 1
44 28 1
44 29 1
44 32 1
44 36 1
44 43 1
45 2 1
45 3 1
45 8 1
45 9 -1
45 11 1
45 15 1
45 17 1
45 24 -1
45 25 1
45 27 1
45 28 1
45 29 1
45 31 -1
45 35 1
45 36 -1
45 37 1
45 40 1
45 42 1
45 43 1
45 44 1
45 49 -1
45 50 1
46 2 -1
46 3 1
46 7 -1
46 10 -1
46 14 -1
46 15 1
46 16 1
46 22 -1
46 23 1
46 24 1
46 25 1
46 27 -1
46 28 1
46 29 1
46 31 1
46 33 -1
46 35 1
46 39 1
46 42 1
46 44 1
46 45 -1
46 49 -1
46 50 1
47 1 -1
47 3 1
47 5 1
47 7 1
47 8 1
47 9 1
47 13 1
47 17 1
47 18 1
47 20 1
47 22 1
47 24 1
47 25 1
47 26 1
47 27 -1
47 28 1
47 30 1
47 31 1
47 33 1
47 35 1
47 36 1
47 41 1
47 42 1
47 44 1
47 45 1
47 46 1
48 1 1
48 4 1
48 10 1
48 16 1
48 24 1
48 25 1
48 26 -1
48 27 1
48 29 1
48 31 1
48 33 -1
48 36 -1
48 38 1
48 41 1
48 42 1
48 44 -1
48 45 1
48 46 1
48 47 1
48 50 1
49 2 1
49 3 1
49 9 -1
49 12 1
49 13 -1
49 16 1
49 17 -1
49 18 1
49 20 1
49 22 -1
49 23 1
49 24 1
49 25 1
49 26 -1
49 27 1
49 29 1
49 31 1
49 33 1
49 34 1
49 37 1
49 40 1
49 41 1
49 44 1
49 47 1
49 48 1
50 2 1
50 6 1
50 12 1
50 15 1
50 20 1
50 22 1
50 23 1
50 28 1
50 32 1
50 35 -1
50 39 1
50 40 -1
50 42 1
50 43 -1
50 44 -1
50 47 1
50 49 1
