# This is an adaptation of one of the original Harwell-Boeing instances
686 1281
1 28 -1
1 99 1
1 313 1
1 325 1
1 480 1
1 615 1
1 684 1
2 133 1
2 134 1
2 535 1
2 569 1
2 584 1
3 170 1
3 378 1
3 511 1
4 70 1
4 209 1
4 254 1
5 13 1
5 30 1
5 226 1
5 616 1
5 649 -1
6 101 1
7 73 1
7 374 1
7 669 1
8 29 1
8 261 1
8 356 1
8 380 1
8 596 1
9 134 1
9 535 1
9 682 1
10 235 -1
10 414 1
10 424 1
11 196 1
11 415 1
11 429 1
11 604 1
11 657 -1
12 388 -1
12 514 1
12 545 1
13 226 -1
13 384 1
13 396 1
13 674 1
14 28 -1
14 619 1
15 202 -1
15 212 -1
15 244 1
15 313 1
15 333 1
15 341 1
15 628 1
16 112 -1
16 428 1
16 509 1
16 510 -1
17 20 1
17 504 1
17 627 1
18 84 1
18 262 1
18 680 1
19 36 1
19 191 1
19 284 1
19 677 1
20 164 1
20 182 1
21 324 1
21 381 1
21 391 1
21 465 1
21 599 -1
21 633 1
21 675 1
22 196 1
22 370 1
23 72 1
23 513 1
24 90 1
24 131 1
24 178 1
24 219 1
24 388 1
24 588 -1
24 658 -1
25 61 1
25 115 -1
26 305 1
26 366 1
26 429 1
26 552 1
27 56 1
27 256 1
27 268 1
27 363 1
27 402 1
27 595 1
28 110 1
28 218 1
28 345 1
29 95 -1
29 132 1
29 292 -1
29 319 1
29 497 1
29 670 1
29 673 1
30 95 1
30 396 1
31 57 1
31 114 1
31 276 1
31 295 1
31 487 1
32 310 1
32 639 1
33 39 -1
33 328 1
33 460 1
33 581 1
33 636 1
34 216 1
34 415 -1
34 436 1
34 677 1
35 472 1
35 576 1
36 255 1
36 344 1
36 677 1
37 67 1
37 588 1
38 425 1
38 673 1
38 674 1
39 124 1
39 460 1
40 89 1
40 378 1
40 545 1
40 624 1
41 61 1
41 404 1
41 423 1
41 491 1
41 612 1
42 94 1
42 165 1
42 515 1
42 615 1
42 684 1
43 429 1
44 61 1
44 85 1
44 136 -1
44 357 -1
44 358 1
44 423 1
44 491 1
44 612 1
44 620 1
45 51 1
45 145 1
45 475 1
45 487 1
45 516 1
46 160 1
46 278 1
46 386 1
47 147 1
47 439 1
48 222 1
48 432 1
48 550 1
48 640 1
49 252 1
49 260 -1
49 275 1
49 637 1
50 582 1
50 606 1
51 145 1
51 295 1
51 516 1
52 587 1
52 618 -1
53 203 1
53 283 1
53 533 1
53 597 1
54 299 1
54 426 1
54 499 -1
54 679 1
55 321 -1
55 403 1
55 563 1
55 587 1
56 154 1
56 193 -1
56 240 1
56 268 1
56 418 -1
56 595 1
57 145 1
57 336 1
57 445 1
57 522 1
57 527 1
57 565 1
57 629 -1
58 177 1
58 223 1
58 422 1
59 246 1
59 256 1
60 64 1
60 69 1
60 113 1
60 348 1
61 357 1
61 612 1
62 186 1
62 245 1
62 261 -1
62 303 1
62 349 1
62 356 1
62 596 -1
63 257 1
63 398 1
63 415 1
63 467 1
63 575 -1
64 146 1
64 585 1
65 71 1
65 269 1
66 360 1
66 464 -1
66 503 1
66 521 -1
66 678 1
67 167 1
67 219 1
67 322 1
68 97 1
68 492 1
68 507 1
68 685 1
69 129 1
69 200 1
69 585 1
70 139 1
70 236 -1
70 259 1
70 400 1
70 471 1
70 474 1
71 91 1
71 141 1
71 566 1
72 227 -1
72 513 1
73 135 1
73 585 1
74 231 1
74 388 1
74 453 1
75 109 1
75 316 1
75 490 1
75 604 1
76 95 1
76 124 1
76 324 1
76 574 1
76 591 1
77 91 1
77 207 1
77 248 1
77 326 1
77 337 1
77 434 1
77 528 1
77 548 1
78 450 1
78 472 1
78 552 1
79 531 1
80 104 1
81 153 -1
81 347 1
81 451 1
81 655 1
82 204 1
82 368 -1
82 413 1
82 446 1
82 572 -1
83 438 1
83 571 1
83 626 1
84 112 1
84 262 1
84 399 1
84 428 1
84 509 1
84 633 -1
84 635 1
84 642 1
84 680 1
85 136 1
85 559 1
85 656 1
86 422 -1
86 516 1
86 622 1
87 214 1
87 257 1
87 311 1
87 405 1
87 478 1
88 344 1
88 439 -1
88 469 1
89 564 1
89 639 1
90 178 -1
90 658 1
91 434 1
92 147 1
92 255 1
92 344 1
92 484 1
92 542 1
93 189 1
94 224 1
95 143 -1
95 221 1
96 558 1
96 625 1
97 507 1
97 610 1
97 685 1
98 215 1
98 551 1
98 577 1
99 110 1
99 424 -1
99 480 1
99 615 1
99 684 -1
100 208 1
100 288 1
100 489 1
100 490 1
100 523 1
101 171 -1
101 664 1
102 618 1
102 623 1
103 143 1
103 396 1
103 561 1
103 616 -1
103 674 1
104 141 1
104 598 -1
104 652 1
105 173 1
105 386 1
106 179 1
106 193 1
106 256 1
106 568 1
107 294 1
107 605 1
108 172 1
108 378 1
108 639 1
109 316 1
109 366 1
109 490 1
110 458 1
110 468 1
110 632 1
110 634 1
111 313 -1
111 559 1
111 656 1
112 262 1
112 399 1
112 509 1
112 633 -1
112 642 -1
112 680 -1
113 181 1
113 387 -1
114 145 1
114 475 1
114 487 1
115 241 1
115 430 1
115 447 1
116 218 1
116 592 1
116 645 1
117 171 1
117 644 1
118 130 1
118 161 1
118 282 -1
118 404 1
118 506 1
118 620 -1
119 120 1
119 213 1
119 544 1
119 617 1
119 623 -1
120 373 1
120 544 1
120 618 -1
121 492 -1
121 549 1
121 583 1
121 610 1
121 644 1
122 229 1
122 500 -1
122 527 1
123 198 1
123 586 1
123 611 1
124 354 1
124 581 1
124 607 1
125 254 1
125 393 1
126 164 1
126 416 1
126 557 1
127 297 1
127 522 1
127 629 1
128 140 1
128 278 1
128 443 1
129 305 1
129 419 1
129 449 1
129 596 1
130 282 1
131 388 1
131 406 1
131 560 1
131 588 1
131 653 1
132 591 1
132 675 1
133 524 1
133 584 1
134 513 1
136 656 1
137 267 1
137 332 -1
137 655 1
138 564 1
138 589 1
139 236 -1
139 326 1
139 400 -1
139 471 1
139 474 1
140 332 -1
140 386 1
140 594 1
141 566 1
141 652 1
142 175 1
142 238 1
142 243 1
142 451 -1
142 655 1
143 221 -1
143 226 1
143 384 1
144 505 1
145 516 1
146 277 1
147 205 1
148 218 1
148 235 1
148 315 1
149 340 1
149 457 1
149 472 1
149 576 1
150 174 -1
150 232 1
150 286 1
150 291 1
151 503 1
151 517 1
151 521 1
152 335 1
152 500 1
153 409 1
153 476 1
154 193 1
154 242 1
154 256 1
154 268 1
155 324 -1
155 465 1
155 574 -1
156 331 1
156 368 1
156 369 1
156 413 1
156 522 1
156 578 1
157 261 1
157 292 1
158 645 1
159 242 1
159 270 -1
159 304 1
159 313 1
159 358 1
160 163 1
160 245 1
160 637 1
161 423 1
162 241 -1
162 496 1
162 579 1
162 621 -1
163 190 1
163 245 1
163 258 1
164 182 1
164 504 1
164 532 1
165 304 1
166 209 1
166 211 1
166 248 1
166 337 -1
166 407 1
166 461 1
166 517 1
166 528 1
166 678 1
167 322 -1
167 564 1
167 624 1
168 265 1
168 362 1
168 389 1
168 536 1
169 316 -1
169 457 -1
169 597 -1
169 604 1
170 388 -1
170 551 -1
171 554 1
171 610 1
172 176 1
172 639 1
172 651 1
173 332 -1
173 493 1
174 199 1
174 232 1
174 531 -1
174 602 1
174 608 1
175 180 -1
175 338 1
176 310 1
177 348 1
177 466 1
178 219 1
178 385 1
179 246 1
179 506 1
180 260 -1
181 302 1
181 483 1
181 669 -1
181 682 1
183 290 -1
183 631 1
183 662 1
184 394 1
184 583 1
185 417 1
185 458 1
185 592 1
186 435 -1
186 601 1
187 189 -1
187 220 1
187 352 -1
188 534 -1
188 583 1
189 198 1
189 548 1
190 451 1
190 567 1
190 655 -1
191 284 1
191 623 1
192 199 1
192 242 -1
192 247 1
192 494 -1
192 602 1
193 250 1
193 268 1
193 320 1
194 563 1
194 589 -1
194 614 1
195 467 1
195 562 1
196 234 1
196 366 1
196 435 -1
196 523 1
196 552 1
197 600 1
197 638 1
198 417 -1
199 240 -1
199 247 1
200 292 1
200 302 1
200 462 1
201 651 1
202 212 1
202 239 1
202 496 1
202 512 1
203 340 1
203 519 1
204 331 1
204 368 1
204 413 1
204 572 1
204 609 1
205 323 -1
205 412 1
205 536 1
206 260 1
207 517 1
208 216 1
208 234 -1
208 283 -1
208 405 1
209 407 1
209 461 1
209 528 1
210 557 -1
210 670 -1
210 673 1
211 393 1
211 517 1
211 528 1
211 678 1
212 244 1
213 283 1
213 493 -1
213 623 1
214 362 1
214 593 1
215 289 1
215 388 1
215 530 1
215 551 1
216 283 1
216 367 1
217 362 -1
217 412 1
217 646 1
218 307 1
218 315 1
218 345 1
218 468 1
219 281 1
221 591 1
222 462 1
222 600 1
224 270 1
224 287 1
224 291 1
224 671 1
224 684 1
225 409 1
225 538 1
226 384 1
226 396 1
226 670 1
227 371 1
228 398 1
228 489 1
228 562 1
228 575 1
229 314 1
229 331 1
229 554 1
230 526 1
230 558 1
230 630 1
231 353 1
231 388 1
231 518 1
231 530 -1
232 242 1
232 291 1
232 531 1
232 608 1
232 650 -1
233 285 1
233 298 1
233 499 1
233 581 1
233 606 1
234 450 1
234 490 -1
235 541 1
235 634 1
236 400 1
236 471 1
236 474 1
236 528 1
237 499 1
237 504 -1
237 643 1
238 431 1
239 444 1
239 480 1
240 418 -1
241 301 1
242 249 1
242 256 1
242 304 1
242 358 1
242 502 1
242 568 1
242 608 1
242 650 1
243 437 -1
243 451 -1
243 518 1
243 567 1
244 251 1
244 496 1
244 621 1
245 293 1
245 303 1
246 256 1
246 502 1
247 659 1
248 326 1
248 337 1
248 360 1
248 528 -1
248 678 1
249 256 1
249 502 1
250 531 1
250 568 1
251 444 1
251 480 -1
251 570 1
252 470 -1
253 459 1
253 460 1
253 499 1
253 679 -1
254 383 1
254 407 1
254 434 -1
254 461 1
255 300 1
256 502 1
257 263 1
257 265 1
257 323 1
257 346 1
257 593 1
258 501 1
259 383 1
260 683 -1
261 327 1
262 399 1
262 428 1
262 633 1
263 370 1
263 405 -1
263 415 1
263 455 1
264 603 1
264 668 1
264 675 1
265 666 -1
266 296 1
266 664 1
267 431 -1
269 474 1
269 479 1
269 566 1
270 286 1
270 287 1
270 291 1
270 304 1
270 515 1
271 280 -1
271 327 -1
271 486 1
271 555 1
271 605 -1
271 638 -1
272 527 1
273 315 -1
274 618 1
274 623 1
275 294 1
276 297 1
276 336 1
276 565 1
277 350 1
277 466 1
278 332 1
279 314 1
279 334 1
279 376 1
279 647 1
280 339 1
280 555 1
281 317 1
281 385 -1
283 343 1
283 519 1
284 300 1
284 623 -1
285 328 1
285 426 1
285 581 1
285 627 1
287 291 1
287 602 1
287 671 1
288 316 1
288 390 1
288 401 -1
288 490 1
288 498 1
288 525 1
289 514 1
289 545 1
290 433 1
290 631 1
291 573 -1
291 602 1
291 671 1
291 684 1
292 382 -1
294 327 1
295 522 1
296 664 1
297 445 1
298 328 1
298 499 1
299 504 -1
299 643 1
300 415 -1
300 441 1
300 641 1
301 559 1
301 613 1
301 628 1
304 480 1
304 650 1
305 665 1
306 310 1
306 564 1
307 592 1
308 483 -1
308 672 1
309 402 -1
309 453 -1
309 543 1
309 547 1
309 660 1
310 355 1
311 323 1
311 646 1
312 513 1
312 682 1
313 615 1
313 656 1
314 334 -1
314 351 1
314 442 1
314 622 1
315 345 1
316 562 1
317 322 1
317 355 1
318 486 1
318 550 -1
318 580 1
318 586 1
318 662 1
319 356 1
319 670 1
319 676 1
320 488 1
321 587 1
321 623 1
324 465 1
324 607 -1
325 480 -1
325 615 1
325 681 1
325 684 1
326 337 1
326 360 -1
326 456 1
326 528 1
328 459 -1
328 661 1
329 444 1
330 359 1
330 379 1
330 421 -1
330 463 1
330 613 1
330 628 1
331 413 1
331 609 1
333 628 1
334 442 1
335 537 1
335 572 1
337 393 1
337 407 1
337 461 -1
337 528 1
338 437 1
338 547 1
339 449 1
340 601 1
341 411 1
342 399 1
342 459 -1
342 460 1
342 508 1
342 627 1
342 642 1
343 617 -1
344 436 1
344 646 1
345 468 1
346 398 1
346 420 1
346 439 1
346 666 -1
347 563 1
347 614 1
349 604 -1
350 667 1
351 442 -1
351 448 1
352 374 1
352 448 1
353 437 1
353 547 1
354 561 1
354 581 1
355 653 1
356 380 1
356 382 1
356 419 1
356 676 1
358 650 1
358 656 1
359 559 1
360 456 1
360 678 1
361 553 -1
361 675 -1
362 364 1
362 478 1
363 595 -1
364 389 1
364 412 1
364 593 1
365 556 1
365 663 1
367 519 -1
367 590 1
368 369 1
368 413 1
368 549 1
368 572 1
368 664 1
369 507 1
369 572 -1
370 390 1
370 657 -1
371 540 1
371 553 1
372 457 1
372 472 -1
372 604 1
373 493 1
375 399 1
375 606 1
375 675 -1
376 397 1
377 408 1
377 638 1
378 385 1
378 403 1
378 511 1
378 577 1
378 654 1
379 559 1
381 391 1
381 395 1
381 465 1
381 510 1
381 599 1
381 603 1
381 633 1
381 675 1
383 393 1
383 407 1
383 461 1
384 396 1
385 511 1
385 624 1
387 682 1
388 518 -1
388 530 1
388 588 1
388 658 1
389 420 1
389 469 1
389 666 1
391 399 1
391 633 1
392 488 -1
392 588 -1
393 407 1
394 477 1
395 540 1
395 599 1
397 500 1
398 597 -1
399 460 1
399 539 1
399 633 1
399 635 -1
399 642 1
400 407 1
400 471 1
400 474 -1
400 528 -1
401 604 1
402 660 1
403 563 1
403 589 1
403 654 1
404 491 -1
405 489 1
406 543 1
407 461 1
407 528 1
408 550 1
409 443 1
409 614 1
410 426 1
410 561 1
410 674 1
411 421 1
411 628 1
413 537 1
413 609 -1
414 659 1
414 671 1
415 484 1
415 520 1
415 533 1
415 542 1
416 425 -1
416 643 -1
423 620 1
425 426 1
425 582 1
425 606 1
426 499 1
426 679 1
427 529 -1
428 509 -1
428 510 -1
429 443 1
429 538 1
430 531 1
431 655 1
432 433 1
432 550 1
432 662 1
436 484 1
436 533 1
436 542 -1
437 452 -1
437 453 1
437 518 1
438 450 -1
438 472 1
438 590 1
440 462 -1
440 672 1
441 641 1
444 480 1
444 496 1
446 537 1
447 559 1
451 476 1
452 488 1
452 567 1
454 496 1
455 489 1
455 575 1
458 573 1
458 579 -1
459 460 -1
459 582 1
460 642 1
460 661 1
461 528 1
464 505 1
464 517 1
464 521 1
464 678 1
465 599 1
466 622 1
467 604 1
468 632 1
469 536 1
470 501 1
471 474 1
472 526 1
472 601 1
473 485 1
473 559 1
474 566 1
474 652 1
476 545 1
477 644 1
480 579 1
480 615 1
480 681 1
480 684 1
481 529 -1
481 638 1
482 611 1
482 669 1
485 656 1
486 555 -1
486 648 -1
492 549 1
492 583 1
492 610 1
493 594 1
494 602 1
495 651 1
496 570 1
497 607 -1
497 675 1
498 562 1
499 627 1
500 578 1
501 605 -1
503 521 1
503 678 -1
505 517 1
505 521 1
506 568 1
507 609 1
507 685 1
508 635 1
508 642 1
509 510 -1
510 599 -1
512 681 1
513 584 1
514 530 1
514 567 -1
516 527 1
516 578 1
517 521 1
517 678 1
518 530 1
520 665 1
521 678 1
524 682 -1
525 571 -1
525 576 1
529 550 1
529 555 1
529 640 1
531 568 1
531 573 1
531 608 1
532 557 1
532 649 1
534 583 1
538 594 1
538 663 1
539 675 1
540 672 1
543 595 1
544 618 1
545 577 1
546 669 1
549 583 1
549 610 1
553 668 1
553 672 1
555 580 1
556 665 1
558 596 1
558 625 1
558 630 1
562 597 1
566 652 -1
569 584 1
571 576 1
572 609 -1
574 607 1
578 622 1
580 648 1
582 636 1
582 680 1
583 610 1
583 644 1
590 601 -1
598 652 -1
599 603 1
604 657 -1
608 650 1
610 644 1
615 684 1
616 649 1
619 681 1
627 661 1
631 662 1
635 680 1
636 673 1
644 664 1
648 669 -1
650 656 1
651 654 1
657 663 -1
670 673 -1
