# This is an adaptation of one of the original Harwell-Boeing instances
444 589
1 19 1
1 28 1
1 309 1
2 167 1
2 203 1
2 299 1
3 41 1
3 61 1
3 136 1
3 273 -1
4 136 1
5 292 1
6 13 1
7 16 1
7 45 1
7 140 -1
7 154 1
8 71 1
8 130 1
8 414 1
9 13 1
9 294 1
10 77 -1
10 213 -1
10 250 1
10 399 1
11 149 1
11 158 1
11 380 1
12 169 1
12 219 1
12 358 1
13 44 1
13 85 1
13 97 -1
13 141 -1
13 196 -1
14 63 1
14 116 1
15 297 1
16 252 1
17 95 1
17 101 1
17 230 1
17 245 1
17 307 1
18 61 1
18 352 1
18 385 1
18 393 1
19 141 1
19 283 1
19 432 1
20 254 1
20 315 1
20 357 1
20 420 1
21 66 1
21 126 1
22 88 1
22 95 1
22 401 1
23 55 1
23 344 1
24 202 1
24 295 1
24 375 1
25 47 1
25 211 1
25 238 1
25 359 1
26 134 1
26 399 1
27 51 -1
27 293 -1
27 394 -1
28 88 1
28 328 1
29 56 1
29 90 1
29 171 1
30 57 1
30 261 1
30 287 1
31 380 -1
32 109 1
32 274 1
33 174 1
33 243 1
34 124 1
34 142 1
34 184 1
34 212 -1
34 415 1
34 421 1
34 429 1
35 246 -1
35 256 1
35 374 1
35 386 1
36 214 1
36 352 1
37 159 1
37 367 1
38 147 1
38 294 1
39 73 1
39 304 1
39 357 1
39 359 1
40 262 1
41 253 -1
42 54 1
42 176 1
42 206 1
43 59 1
43 204 1
43 227 1
43 318 1
43 405 1
44 105 1
44 237 -1
44 295 1
44 308 1
45 297 1
46 230 -1
46 256 1
46 413 1
46 440 1
48 126 1
48 287 1
49 50 1
49 69 1
49 78 1
50 416 1
51 279 1
51 310 1
52 362 1
52 390 -1
53 120 1
53 425 1
55 281 1
56 154 1
57 153 1
57 199 1
57 201 1
57 280 -1
57 296 1
57 370 1
57 373 -1
58 97 1
58 257 1
58 291 1
58 398 -1
59 175 1
59 318 1
60 192 1
60 374 1
61 363 1
61 407 1
62 157 -1
62 190 1
62 375 1
62 403 1
63 218 1
64 240 1
64 342 1
64 393 1
65 153 1
65 282 1
65 337 -1
66 187 1
66 222 1
66 422 1
67 78 1
67 195 1
68 214 1
68 337 1
69 92 1
69 156 1
69 160 1
69 237 1
70 156 1
70 294 1
70 408 1
72 274 1
72 322 1
72 366 -1
73 103 1
73 193 1
73 268 1
73 283 1
73 286 1
73 315 1
73 427 1
74 284 1
74 299 1
75 155 -1
75 241 1
75 246 -1
76 92 1
76 142 1
77 90 -1
77 250 -1
79 294 -1
80 311 1
80 319 1
80 342 1
81 110 1
81 111 1
81 119 1
81 157 1
81 186 -1
82 278 1
83 340 -1
84 254 1
84 273 1
86 190 1
86 198 1
87 271 1
88 320 1
89 171 1
89 220 1
90 409 1
91 102 1
91 145 1
91 209 1
91 220 -1
92 156 -1
92 188 1
92 194 1
92 228 1
92 367 1
92 426 1
93 182 1
93 319 1
93 361 1
93 438 1
94 239 1
94 401 1
96 371 1
97 212 1
97 392 1
98 148 1
98 174 1
99 204 1
99 277 1
99 413 1
100 191 1
100 378 1
101 307 -1
102 181 1
102 209 -1
102 225 1
102 287 1
103 193 1
103 247 1
103 260 -1
103 283 1
103 432 1
104 316 1
104 412 1
105 107 1
105 138 1
105 165 1
105 213 1
105 295 -1
106 229 -1
106 381 -1
106 443 1
108 140 1
109 237 1
110 111 1
111 267 1
111 388 1
112 160 1
112 391 1
113 132 1
113 430 1
114 280 1
114 422 1
115 356 1
116 173 1
117 163 1
117 289 1
117 377 1
118 146 1
118 385 1
120 362 1
120 387 1
120 390 1
121 356 1
122 131 1
122 389 -1
123 420 1
125 263 1
125 279 1
125 365 -1
126 269 1
127 161 1
127 272 1
128 166 -1
129 368 1
130 428 1
131 185 -1
133 302 1
133 351 1
134 406 1
135 431 1
136 180 1
137 162 1
139 195 1
139 419 1
140 222 1
142 188 -1
142 375 1
142 419 1
143 184 1
144 331 1
144 367 1
145 181 1
145 209 1
146 210 1
146 385 1
147 177 -1
147 317 1
148 267 1
149 215 1
149 285 1
149 380 1
150 191 1
151 238 1
151 401 1
151 428 1
152 270 1
153 171 -1
154 220 1
154 222 1
155 291 1
155 294 -1
155 312 1
155 347 -1
156 237 1
159 173 -1
159 335 1
159 367 1
160 326 1
160 334 1
161 177 1
161 299 -1
161 347 1
162 333 1
162 435 1
164 197 -1
166 189 1
166 190 1
166 198 1
166 200 1
166 276 1
166 314 1
166 375 -1
167 281 -1
167 389 1
168 218 -1
168 335 1
169 231 1
169 308 1
169 338 1
169 392 1
170 375 1
171 213 1
171 324 1
171 359 1
172 336 1
172 358 1
173 402 1
175 350 1
176 237 1
176 317 1
177 237 -1
177 241 1
177 245 1
177 332 1
177 364 -1
177 406 -1
178 199 1
179 385 1
179 407 1
181 209 1
182 438 1
183 300 1
184 208 -1
184 212 -1
184 298 1
184 436 1
185 430 1
185 439 1
187 197 1
191 205 1
191 378 1
191 384 1
192 255 -1
194 367 1
198 242 -1
199 201 1
199 280 1
199 373 1
200 356 1
201 229 1
201 235 1
201 349 -1
203 257 1
204 227 1
205 223 1
205 259 -1
205 378 1
205 384 1
207 290 1
208 356 1
209 383 1
210 341 1
210 369 1
212 279 1
213 238 1
214 240 1
214 337 1
214 359 -1
214 435 1
216 381 1
217 322 1
217 402 1
218 237 1
221 230 1
223 240 1
224 375 1
224 403 1
225 287 1
226 419 1
227 413 1
228 322 1
230 272 1
230 386 1
230 440 1
231 236 1
231 267 1
231 397 -1
231 439 1
232 338 -1
233 368 1
233 372 1
234 302 -1
234 351 1
235 339 1
236 351 1
236 404 1
237 332 1
238 295 1
238 359 1
240 319 1
240 352 1
242 396 -1
243 325 1
244 305 1
248 261 1
249 380 1
251 337 1
253 420 1
255 350 1
256 350 1
257 424 1
258 347 1
258 379 1
259 319 -1
259 417 -1
261 418 1
262 289 1
262 377 -1
263 313 1
263 323 -1
264 372 1
265 301 1
266 394 1
266 434 1
267 356 1
267 388 1
268 286 1
268 363 1
269 287 1
270 399 1
271 375 1
271 400 1
273 355 1
273 431 1
275 420 -1
277 321 1
277 405 -1
278 361 1
279 285 1
279 294 1
279 424 1
280 296 -1
280 300 1
282 370 1
283 304 1
283 427 1
283 432 1
285 326 1
286 311 1
287 324 -1
287 370 1
288 354 1
289 335 1
290 323 1
290 380 1
292 299 -1
292 334 -1
293 365 1
294 303 -1
294 364 1
294 408 1
299 334 1
299 345 1
300 301 1
300 422 1
302 351 1
302 360 1
303 326 1
303 395 1
304 315 1
305 325 1
305 344 1
305 430 1
306 410 1
307 399 1
307 411 -1
307 416 1
310 313 1
311 352 1
311 355 1
311 363 1
311 407 1
312 346 1
315 420 1
316 344 1
319 342 1
319 361 1
319 417 1
327 355 1
329 340 1
330 358 1
330 390 1
336 358 1
338 358 1
340 385 1
340 407 1
342 373 1
343 397 1
346 398 1
347 348 1
349 381 1
350 405 1
351 390 -1
351 397 1
353 387 1
353 425 1
354 358 1
354 437 1
355 382 1
357 359 1
358 390 1
358 442 1
359 428 1
359 435 1
360 425 1
362 372 1
363 431 -1
366 426 1
368 371 1
371 390 1
376 438 1
390 433 1
398 423 1
399 401 -1
401 410 1
405 413 -1
412 424 1
412 434 -1
420 441 1
423 424 -1
