# This is an adaptation of one of the original Harwell-Boeing instances
879 3284
1 22 -1
1 23 1
2 3 1
2 22 1
2 23 1
2 24 -1
3 4 -1
3 23 -1
3 24 -1
3 25 1
4 5 1
4 24 1
4 25 -1
4 26 1
5 6 -1
5 25 1
5 26 -1
5 27 -1
6 7 -1
6 26 1
6 27 1
6 28 1
7 8 1
7 27 1
7 28 1
7 29 1
8 9 -1
8 28 -1
8 29 1
8 30 1
9 10 1
9 29 -1
9 30 1
9 31 1
10 11 1
10 30 1
10 31 1
10 32 1
11 12 1
11 31 -1
11 32 1
11 33 -1
12 13 1
12 32 1
12 33 1
12 34 1
13 14 1
13 33 -1
13 34 -1
13 35 1
14 15 1
14 34 1
14 35 1
14 36 1
15 16 1
15 35 -1
15 36 1
15 37 1
16 17 1
16 36 1
16 37 1
16 38 -1
17 18 1
17 37 1
17 38 1
17 39 1
18 19 -1
18 38 -1
18 39 1
18 40 1
19 20 1
19 39 1
19 40 1
19 41 1
20 21 1
20 40 1
20 41 1
20 42 -1
21 41 1
21 42 1
22 23 1
22 43 1
22 44 1
23 24 1
23 43 1
23 44 1
23 45 -1
24 25 -1
24 44 1
24 45 1
24 46 1
25 26 1
25 45 1
25 46 -1
25 47 1
26 27 1
26 46 1
26 47 -1
26 48 1
27 28 1
27 47 1
27 48 1
27 49 1
28 29 1
28 48 1
28 49 -1
28 50 1
29 30 1
29 49 1
29 50 1
29 51 1
30 31 1
30 50 -1
30 51 1
30 52 1
31 32 1
31 51 1
31 52 -1
31 53 1
32 33 -1
32 52 -1
32 53 1
32 54 -1
33 34 1
33 53 1
33 54 1
33 55 1
34 35 1
34 54 1
34 55 -1
34 56 -1
35 36 -1
35 55 1
35 56 1
35 57 1
36 37 1
36 56 1
36 57 -1
36 58 -1
37 38 1
37 57 1
37 58 -1
37 59 1
38 39 -1
38 58 -1
38 59 1
38 60 1
39 40 1
39 59 -1
39 60 1
39 61 1
40 41 1
40 60 1
40 61 -1
40 62 1
41 42 1
41 61 1
41 62 1
41 63 1
42 62 1
42 63 1
43 44 -1
43 64 1
43 65 -1
44 45 -1
44 64 1
44 65 1
44 66 1
45 46 1
45 65 1
45 66 -1
45 67 1
46 47 1
46 66 1
46 67 -1
46 68 1
47 48 -1
47 67 1
47 68 1
47 69 -1
48 49 1
48 68 1
48 69 1
48 70 1
49 50 1
49 69 1
49 70 1
49 71 1
50 51 1
50 70 1
50 71 1
50 72 1
51 52 1
51 71 1
51 72 1
51 73 1
52 53 1
52 72 1
52 73 1
52 74 1
53 54 -1
53 73 1
53 74 1
53 75 1
54 55 1
54 74 1
54 75 -1
54 76 1
55 56 1
55 75 -1
55 76 1
55 77 1
56 57 1
56 76 -1
56 77 1
56 78 -1
57 58 1
57 77 1
57 78 1
57 79 1
58 59 1
58 78 1
58 79 1
58 80 1
59 60 -1
59 79 -1
59 80 -1
59 81 1
60 61 -1
60 80 1
60 81 1
60 82 1
61 62 1
61 81 1
61 82 1
61 83 1
62 63 1
62 82 1
62 83 1
62 84 1
63 83 1
63 84 1
64 65 1
64 85 -1
64 86 1
65 66 1
65 85 -1
65 86 1
65 87 1
66 67 -1
66 86 1
66 87 1
66 88 -1
67 68 -1
67 87 -1
67 88 1
67 89 -1
68 69 1
68 88 -1
68 89 1
68 90 -1
69 70 -1
69 89 1
69 90 1
69 91 1
70 71 1
70 90 -1
70 91 1
70 92 1
71 72 1
71 91 -1
71 92 1
71 93 -1
72 73 -1
72 92 1
72 93 1
72 94 1
73 74 1
73 93 1
73 94 1
73 95 1
74 75 1
74 94 1
74 95 -1
74 96 1
75 76 1
75 95 -1
75 96 1
75 97 1
76 77 1
76 96 1
76 97 1
76 98 -1
77 78 1
77 97 1
77 98 1
77 99 1
78 79 1
78 98 1
78 99 1
78 100 1
79 80 1
79 99 1
79 100 -1
79 101 -1
80 81 1
80 100 1
80 101 1
80 102 1
81 82 1
81 101 1
81 102 1
81 103 -1
82 83 1
82 102 1
82 103 1
82 104 1
83 84 1
83 103 1
83 104 1
83 105 1
84 104 1
84 105 1
85 86 1
85 106 1
85 107 1
86 87 1
86 106 1
86 107 1
86 108 -1
87 88 1
87 107 1
87 108 -1
87 109 1
88 89 1
88 108 1
88 109 1
88 110 -1
89 90 1
89 109 1
89 110 -1
89 111 1
90 91 1
90 110 1
90 111 1
90 112 1
91 92 1
91 111 1
91 112 1
91 113 -1
92 93 -1
92 112 1
92 113 -1
92 114 1
93 94 1
93 113 1
93 114 1
93 115 1
94 95 1
94 114 -1
94 115 -1
94 116 1
95 96 -1
95 115 1
95 116 1
95 117 -1
96 97 1
96 116 1
96 117 1
96 118 1
97 98 1
97 117 1
97 118 1
97 119 1
98 99 1
98 118 -1
98 119 1
98 120 -1
99 100 1
99 119 1
99 120 1
99 121 -1
100 101 1
100 120 1
100 121 1
100 122 1
101 102 1
101 121 1
101 122 1
101 123 -1
102 103 1
102 122 1
102 123 -1
102 124 1
103 104 1
103 123 1
103 124 1
103 125 1
104 105 -1
104 124 1
104 125 -1
104 126 1
105 125 1
105 126 1
106 107 1
106 127 -1
106 128 1
107 108 1
107 127 -1
107 128 1
107 129 -1
108 109 1
108 128 1
108 129 -1
108 130 1
109 110 1
109 129 1
109 130 -1
109 131 1
110 111 1
110 130 1
110 131 1
110 132 -1
111 112 1
111 131 1
111 132 1
111 133 1
112 113 1
112 132 -1
112 133 1
112 134 -1
113 114 1
113 133 1
113 134 1
113 135 1
114 115 1
114 134 -1
114 135 -1
114 136 1
115 116 1
115 135 -1
115 136 1
115 137 1
116 117 1
116 136 -1
116 137 1
116 138 1
117 118 1
117 137 1
117 138 1
117 139 1
118 119 1
118 138 1
118 139 1
118 140 -1
119 120 1
119 139 1
119 140 1
119 141 1
120 121 -1
120 140 1
120 141 1
120 142 1
121 122 1
121 141 -1
121 142 -1
121 143 1
122 123 1
122 142 -1
122 143 1
122 144 -1
123 124 1
123 143 1
123 144 1
123 145 1
124 125 -1
124 144 1
124 145 1
124 146 1
125 126 1
125 145 1
125 146 -1
125 147 -1
126 146 -1
126 147 1
127 128 -1
127 148 1
127 149 -1
128 129 1
128 148 1
128 149 1
128 150 -1
129 130 -1
129 149 -1
129 150 1
129 151 1
130 131 1
130 150 -1
130 151 1
130 152 1
131 132 1
131 151 -1
131 152 1
131 153 -1
132 133 -1
132 152 1
132 153 1
132 154 -1
133 134 1
133 153 1
133 154 -1
133 155 1
134 135 -1
134 154 1
134 155 1
134 156 1
135 136 1
135 155 -1
135 156 1
135 157 1
136 137 -1
136 156 1
136 157 -1
136 158 1
137 138 -1
137 157 1
137 158 1
137 159 -1
138 139 1
138 158 1
138 159 -1
138 160 1
139 140 1
139 159 -1
139 160 1
139 161 1
140 141 -1
140 160 1
140 161 -1
140 162 1
141 142 1
141 161 1
141 162 1
141 163 1
142 143 1
142 162 1
142 163 1
142 164 1
143 144 1
143 163 1
143 164 -1
143 165 1
144 145 1
144 164 1
144 165 1
144 166 1
145 146 -1
145 165 -1
145 166 1
145 167 -1
146 147 1
146 166 -1
146 167 -1
146 168 1
147 167 1
147 168 1
148 149 1
148 169 1
148 170 1
149 150 1
149 169 1
149 170 -1
149 171 1
150 151 1
150 170 1
150 171 1
150 172 1
151 152 1
151 171 1
151 172 1
151 173 1
152 153 1
152 172 1
152 173 1
152 174 1
153 154 1
153 173 1
153 174 1
153 175 -1
154 155 1
154 174 1
154 175 -1
154 176 1
155 156 1
155 175 1
155 176 1
155 177 1
156 157 1
156 176 1
156 177 1
156 178 1
157 158 1
157 177 -1
157 178 1
157 179 -1
158 159 1
158 178 1
158 179 1
158 180 1
159 160 1
159 179 1
159 180 -1
159 181 1
160 161 -1
160 180 -1
160 181 1
160 182 1
161 162 1
161 181 1
161 182 1
161 183 1
162 163 1
162 182 1
162 183 1
162 184 1
163 164 -1
163 183 1
163 184 1
163 185 1
164 165 1
164 184 -1
164 185 1
164 186 1
165 166 1
165 185 1
165 186 1
165 187 1
166 167 1
166 186 1
166 187 1
166 188 -1
167 168 -1
167 187 -1
167 188 1
167 189 1
168 188 -1
168 189 -1
169 170 -1
169 190 1
169 191 1
170 171 1
170 190 1
170 191 1
170 192 1
171 172 1
171 191 1
171 192 1
171 193 1
172 173 1
172 192 -1
172 193 1
172 194 1
173 174 1
173 193 1
173 194 -1
173 195 1
174 175 1
174 194 -1
174 195 1
174 196 1
175 176 1
175 195 1
175 196 1
175 197 1
176 177 1
176 196 1
176 197 -1
176 198 -1
177 178 1
177 197 1
177 198 1
177 199 1
178 179 1
178 198 1
178 199 1
178 200 1
179 180 1
179 199 -1
179 200 1
179 201 1
180 181 -1
180 200 1
180 201 1
180 202 -1
181 182 1
181 201 -1
181 202 1
181 203 1
182 183 -1
182 202 1
182 203 1
182 204 1
183 184 1
183 203 1
183 204 -1
183 205 1
184 185 1
184 204 -1
184 205 -1
184 206 1
185 186 1
185 205 1
185 206 1
185 207 1
186 187 1
186 206 1
186 207 1
186 208 -1
187 188 1
187 207 1
187 208 1
187 209 1
188 189 1
188 208 1
188 209 -1
188 210 1
189 209 -1
189 210 -1
190 191 1
190 211 1
190 212 1
191 192 -1
191 211 -1
191 212 -1
191 213 -1
192 193 -1
192 212 1
192 213 1
192 214 1
193 194 1
193 213 1
193 214 1
193 215 1
194 195 1
194 214 1
194 215 1
194 216 1
195 196 1
195 215 1
195 216 -1
195 217 1
196 197 1
196 216 1
196 217 1
196 218 -1
197 198 1
197 217 1
197 218 1
197 219 1
198 199 1
198 218 -1
198 219 -1
198 220 -1
199 200 1
199 219 1
199 220 -1
199 221 1
200 201 -1
200 220 1
200 221 1
200 222 1
201 202 -1
201 221 1
201 222 1
201 223 1
202 203 1
202 222 -1
202 223 -1
202 224 1
203 204 1
203 223 1
203 224 1
203 225 1
204 205 -1
204 224 1
204 225 1
204 226 1
205 206 1
205 225 1
205 226 1
205 227 1
206 207 1
206 226 -1
206 227 1
206 228 1
207 208 -1
207 227 1
207 228 -1
207 229 1
208 209 1
208 228 -1
208 229 1
208 230 1
209 210 1
209 229 1
209 230 1
209 231 1
210 230 1
210 231 1
211 212 1
211 232 -1
211 233 1
212 213 1
212 232 1
212 233 1
212 234 1
213 214 1
213 233 1
213 234 1
213 235 1
214 215 -1
214 234 1
214 235 1
214 236 -1
215 216 -1
215 235 1
215 236 1
215 237 1
216 217 1
216 236 1
216 237 1
216 238 1
217 218 1
217 237 1
217 238 1
217 239 1
218 219 1
218 238 1
218 239 1
218 240 1
219 220 1
219 239 -1
219 240 1
219 241 -1
220 221 1
220 240 -1
220 241 -1
220 242 -1
221 222 1
221 241 1
221 242 1
221 243 1
222 223 1
222 242 -1
222 243 1
222 244 1
223 224 1
223 243 -1
223 244 1
223 245 -1
224 225 1
224 244 1
224 245 1
224 246 -1
225 226 -1
225 245 1
225 246 1
225 247 -1
226 227 1
226 246 1
226 247 -1
226 248 -1
227 228 -1
227 247 1
227 248 -1
227 249 -1
228 229 1
228 248 1
228 249 1
228 250 1
229 230 1
229 249 1
229 250 1
229 251 1
230 231 1
230 250 1
230 251 -1
230 252 1
231 251 1
231 252 -1
232 233 -1
232 253 1
232 254 1
233 234 -1
233 253 1
233 254 1
233 255 1
234 235 -1
234 254 -1
234 255 -1
234 256 1
235 236 1
235 255 1
235 256 -1
235 257 1
236 237 1
236 256 1
236 257 1
236 258 -1
237 238 -1
237 257 1
237 258 1
237 259 1
238 239 1
238 258 1
238 259 1
238 260 1
239 240 -1
239 259 1
239 260 1
239 261 -1
240 241 1
240 260 -1
240 261 1
240 262 -1
241 242 1
241 261 1
241 262 1
241 263 1
242 243 1
242 262 1
242 263 1
242 264 1
243 244 -1
243 263 1
243 264 1
243 265 1
244 245 1
244 264 1
244 265 1
244 266 1
245 246 -1
245 265 -1
245 266 1
245 267 1
246 247 1
246 266 -1
246 267 1
246 268 1
247 248 1
247 267 1
247 268 1
247 269 1
248 249 1
248 268 1
248 269 1
248 270 -1
249 250 1
249 269 -1
249 270 1
249 271 -1
250 251 1
250 270 1
250 271 1
250 272 1
251 252 1
251 271 -1
251 272 1
251 273 -1
252 272 1
252 273 -1
253 254 1
253 274 1
253 275 1
254 255 1
254 274 1
254 275 1
254 276 -1
255 256 1
255 275 -1
255 276 1
255 277 1
256 257 1
256 276 1
256 277 1
256 278 1
257 258 -1
257 277 1
257 278 1
257 279 1
258 259 1
258 278 -1
258 279 1
258 280 1
259 260 1
259 279 1
259 280 1
259 281 1
260 261 1
260 280 1
260 281 1
260 282 -1
261 262 1
261 281 1
261 282 1
261 283 1
262 263 1
262 282 1
262 283 1
262 284 1
263 264 1
263 283 1
263 284 -1
263 285 1
264 265 1
264 284 -1
264 285 1
264 286 1
265 266 1
265 285 1
265 286 -1
265 287 1
266 267 1
266 286 1
266 287 -1
266 288 1
267 268 -1
267 287 1
267 288 1
267 289 1
268 269 1
268 288 1
268 289 1
268 290 1
269 270 1
269 289 1
269 290 1
269 291 1
270 271 1
270 290 1
270 291 1
270 292 1
271 272 1
271 291 1
271 292 1
271 293 1
272 273 1
272 292 1
272 293 1
272 294 1
273 293 1
273 294 1
274 275 -1
274 295 1
274 296 1
275 276 -1
275 295 -1
275 296 1
275 297 -1
276 277 1
276 296 -1
276 297 -1
276 298 1
277 278 1
277 297 -1
277 298 -1
277 299 -1
278 279 1
278 298 1
278 299 1
278 300 1
279 280 1
279 299 -1
279 300 -1
279 301 1
280 281 -1
280 300 -1
280 301 1
280 302 1
281 282 1
281 301 1
281 302 -1
281 303 -1
282 283 1
282 302 1
282 303 1
282 304 1
283 284 1
283 303 -1
283 304 1
283 305 -1
284 285 1
284 304 -1
284 305 1
284 306 1
285 286 1
285 305 1
285 306 1
285 307 -1
286 287 -1
286 306 -1
286 307 -1
286 308 1
287 288 1
287 307 1
287 308 -1
287 309 1
288 289 -1
288 308 1
288 309 1
288 310 1
289 290 1
289 309 1
289 310 -1
289 311 1
290 291 1
290 310 1
290 311 1
290 312 1
291 292 -1
291 311 1
291 312 -1
291 313 1
292 293 1
292 312 -1
292 313 1
292 314 -1
293 294 -1
293 313 1
293 314 -1
293 315 -1
294 314 1
294 315 1
295 296 -1
295 316 1
295 317 1
296 297 1
296 316 1
296 317 1
296 318 -1
297 298 1
297 317 1
297 318 1
297 319 1
298 299 1
298 318 1
298 319 1
298 320 1
299 300 1
299 319 1
299 320 1
299 321 1
300 301 -1
300 320 1
300 321 -1
300 322 1
301 302 1
301 321 1
301 322 1
301 323 1
302 303 1
302 322 1
302 323 1
302 324 1
303 304 1
303 323 1
303 324 1
303 325 1
304 305 -1
304 324 1
304 325 1
304 326 1
305 306 1
305 325 1
305 326 1
305 327 1
306 307 -1
306 326 -1
306 327 1
306 328 1
307 308 1
307 327 -1
307 328 1
307 329 1
308 309 -1
308 328 1
308 329 1
308 330 1
309 310 1
309 329 1
309 330 1
309 331 1
310 311 1
310 330 -1
310 331 1
310 332 -1
311 312 1
311 331 1
311 332 1
311 333 -1
312 313 1
312 332 1
312 333 -1
312 334 1
313 314 1
313 333 -1
313 334 1
313 335 1
314 315 1
314 334 1
314 335 1
314 336 -1
315 335 1
315 336 1
316 317 1
316 337 1
316 338 -1
317 318 -1
317 337 1
317 338 1
317 339 1
318 319 -1
318 338 1
318 339 1
318 340 -1
319 320 -1
319 339 1
319 340 1
319 341 -1
320 321 1
320 340 1
320 341 1
320 342 1
321 322 -1
321 341 -1
321 342 1
321 343 1
322 323 1
322 342 -1
322 343 1
322 344 1
323 324 1
323 343 -1
323 344 1
323 345 1
324 325 1
324 344 -1
324 345 -1
324 346 1
325 326 -1
325 345 -1
325 346 -1
325 347 1
326 327 -1
326 346 1
326 347 1
326 348 1
327 328 1
327 347 1
327 348 1
327 349 1
328 329 1
328 348 1
328 349 -1
328 350 1
329 330 1
329 349 1
329 350 1
329 351 1
330 331 1
330 350 -1
330 351 1
330 352 -1
331 332 -1
331 351 1
331 352 1
331 353 -1
332 333 1
332 352 1
332 353 1
332 354 1
333 334 1
333 353 -1
333 354 -1
333 355 1
334 335 1
334 354 1
334 355 1
334 356 1
335 336 1
335 355 1
335 356 1
335 357 1
336 356 -1
336 357 1
337 338 1
338 339 1
338 360 1
339 340 1
339 360 1
339 361 1
340 341 1
340 360 1
340 361 1
340 362 1
341 342 -1
341 361 1
341 362 1
341 363 -1
342 343 -1
342 362 1
342 363 1
342 364 -1
343 344 1
343 363 1
343 364 1
343 365 1
344 345 -1
344 364 1
344 365 -1
344 366 1
345 346 1
345 365 1
345 366 -1
345 367 -1
346 347 -1
346 366 1
346 367 1
346 368 -1
347 348 1
347 367 -1
347 368 1
347 369 -1
348 349 1
348 368 1
348 369 1
348 370 1
349 350 1
349 369 -1
349 370 1
349 371 -1
350 351 1
350 370 -1
350 371 1
350 372 1
351 352 -1
351 371 1
351 372 1
351 373 1
352 353 1
352 372 1
352 373 1
352 374 -1
353 354 1
353 373 1
353 374 1
353 375 1
354 355 -1
354 374 -1
354 375 -1
354 376 1
355 356 1
355 375 -1
355 376 -1
355 377 1
356 357 1
356 376 1
356 377 1
356 378 1
357 377 1
357 378 1
358 359 1
358 379 -1
358 380 1
358 862 1
358 874 1
359 379 1
359 380 1
359 381 1
359 862 1
359 863 1
359 874 1
359 878 1
360 361 1
361 362 1
361 382 1
361 383 1
362 363 1
362 382 -1
362 383 1
362 384 1
363 364 -1
363 383 -1
363 384 -1
363 385 1
364 365 1
364 384 1
364 385 1
364 386 1
365 366 1
365 385 -1
365 386 1
365 387 1
366 367 1
366 386 1
366 387 1
366 388 1
367 368 1
367 387 1
367 388 1
367 389 -1
368 369 1
368 388 -1
368 389 -1
368 390 1
369 370 1
369 389 1
369 390 1
369 391 1
370 371 1
370 390 1
370 391 1
370 392 1
371 372 1
371 391 1
371 392 1
371 393 1
372 373 1
372 392 1
372 393 1
372 394 -1
373 374 1
373 393 1
373 394 -1
373 395 1
374 375 -1
374 394 -1
374 395 -1
374 396 1
375 376 -1
375 395 1
375 396 1
375 397 1
376 377 1
376 396 1
376 397 1
376 398 1
377 378 1
377 397 1
377 398 1
377 399 1
378 398 1
378 399 1
379 380 1
379 400 -1
379 401 1
380 381 -1
380 400 1
380 401 1
380 402 1
380 878 1
381 401 1
381 402 1
381 403 1
381 864 -1
381 875 -1
381 878 1
382 383 1
382 404 1
383 384 1
383 404 -1
383 405 1
384 385 1
384 404 1
384 405 -1
384 406 -1
385 386 1
385 405 1
385 406 1
385 407 1
386 387 1
386 406 -1
386 407 1
386 408 1
387 388 1
387 407 1
387 408 -1
387 409 -1
388 389 1
388 408 -1
388 409 1
388 410 1
389 390 -1
389 409 1
389 410 -1
389 411 1
390 391 1
390 410 1
390 411 1
390 412 1
391 392 1
391 411 1
391 412 1
391 413 1
392 393 1
392 412 1
392 413 1
392 414 -1
393 394 1
393 413 1
393 414 1
393 415 1
394 395 1
394 414 1
394 415 1
394 416 1
395 396 1
395 415 1
395 416 1
395 417 1
396 397 1
396 416 -1
396 417 1
396 418 -1
397 398 1
397 417 -1
397 418 1
397 419 1
398 399 -1
398 418 1
398 419 1
398 420 1
399 419 1
399 420 1
400 401 1
400 421 1
400 422 1
401 402 1
401 421 1
401 422 1
401 423 1
402 403 1
402 422 -1
402 423 1
402 424 1
402 875 1
403 423 1
403 424 1
403 865 1
403 866 1
403 867 1
403 875 -1
404 405 1
404 425 -1
404 426 1
405 406 1
405 425 -1
405 426 -1
405 427 -1
406 407 1
406 426 -1
406 427 1
406 428 -1
407 408 1
407 427 1
407 428 1
407 429 1
408 409 1
408 428 1
408 429 1
408 430 1
409 410 -1
409 429 1
409 430 1
409 431 -1
410 411 1
410 430 1
410 431 -1
410 432 1
411 412 1
411 431 1
411 432 1
411 433 -1
412 413 -1
412 432 1
412 433 1
412 434 1
413 414 -1
413 433 1
413 434 -1
413 435 1
414 415 1
414 434 1
414 435 -1
414 436 1
415 416 1
415 435 1
415 436 1
415 437 1
416 417 1
416 436 1
416 437 1
416 438 1
417 418 1
417 437 1
417 438 -1
417 439 1
418 419 1
418 438 1
418 439 1
418 440 1
419 420 1
419 439 -1
419 440 1
419 441 1
420 440 -1
420 441 1
421 422 1
421 442 -1
421 443 1
422 423 -1
422 442 1
422 443 1
422 444 1
423 424 1
423 443 1
423 444 1
423 445 1
424 444 1
424 445 -1
424 866 1
424 867 -1
424 868 1
425 426 1
425 446 1
425 447 1
426 427 1
426 446 1
426 447 1
426 448 1
427 428 1
427 447 1
427 448 1
427 449 -1
428 429 1
428 448 1
428 449 -1
428 450 1
429 430 1
429 449 1
429 450 1
429 451 -1
430 431 1
430 450 1
430 451 1
430 452 -1
431 432 1
431 451 -1
431 452 1
431 453 1
432 433 1
432 452 -1
432 453 -1
432 454 1
433 434 1
433 453 1
433 454 1
433 455 1
434 435 1
434 454 1
434 455 1
434 456 1
435 436 -1
435 455 1
435 456 1
435 457 1
436 437 1
436 456 1
436 457 -1
436 458 1
437 438 1
437 457 -1
437 458 1
437 459 1
438 439 1
438 458 -1
438 459 1
438 460 1
439 440 1
439 459 1
439 460 -1
439 461 -1
440 441 1
440 460 -1
440 461 1
440 462 1
441 461 1
441 462 1
442 443 -1
442 463 1
442 464 1
443 444 1
443 463 1
443 464 -1
443 465 1
444 445 1
444 464 1
444 465 1
444 876 1
445 465 1
445 867 -1
445 868 1
445 869 1
445 876 1
446 447 -1
446 466 1
446 467 1
446 468 1
447 448 1
447 467 1
447 468 -1
447 469 1
448 449 -1
448 468 1
448 469 1
448 470 1
449 450 1
449 469 1
449 470 1
449 471 1
450 451 1
450 470 1
450 471 1
450 472 1
451 452 1
451 471 1
451 472 -1
451 473 1
452 453 1
452 472 -1
452 473 1
452 474 -1
453 454 1
453 473 1
453 474 -1
453 475 1
454 455 1
454 474 1
454 475 1
454 476 1
455 456 1
455 475 1
455 476 1
455 477 1
456 457 1
456 476 -1
456 477 1
456 478 1
457 458 -1
457 477 1
457 478 -1
457 479 1
458 459 1
458 478 1
458 479 1
458 480 1
459 460 1
459 479 1
459 480 1
459 481 1
460 461 1
460 480 -1
460 481 1
460 482 1
461 462 1
461 481 1
461 482 1
461 483 1
462 482 1
462 483 1
463 464 1
463 484 -1
463 485 1
464 465 1
464 484 -1
464 485 1
464 877 1
465 485 -1
465 870 1
465 876 -1
465 877 1
466 467 1
466 487 1
466 488 1
467 468 -1
467 487 1
467 488 1
467 489 1
468 469 -1
468 488 1
468 489 1
468 490 -1
469 470 1
469 489 -1
469 490 1
469 491 1
470 471 -1
470 490 1
470 491 -1
470 492 1
471 472 1
471 491 1
471 492 -1
471 493 1
472 473 -1
472 492 1
472 493 1
472 494 1
473 474 -1
473 493 -1
473 494 1
473 495 1
474 475 1
474 494 1
474 495 1
474 496 1
475 476 1
475 495 1
475 496 1
475 497 1
476 477 1
476 496 1
476 497 1
476 498 -1
477 478 1
477 497 -1
477 498 1
477 499 -1
478 479 1
478 498 1
478 499 -1
478 500 1
479 480 -1
479 499 1
479 500 1
479 501 -1
480 481 1
480 500 1
480 501 -1
480 502 1
481 482 1
481 501 1
481 502 1
481 503 1
482 483 1
482 502 1
482 503 1
482 504 1
483 503 1
483 504 -1
484 485 1
484 872 1
484 873 -1
485 871 -1
485 872 1
485 873 -1
485 877 1
486 487 -1
486 506 -1
486 507 1
486 508 1
486 877 1
487 488 1
487 507 1
487 508 1
487 509 1
487 877 -1
488 489 -1
488 508 1
488 509 1
488 510 1
489 490 -1
489 509 1
489 510 -1
489 511 1
490 491 1
490 510 1
490 511 1
490 512 1
491 492 1
491 511 -1
491 512 1
491 513 1
492 493 1
492 512 1
492 513 1
492 514 1
493 494 1
493 513 -1
493 514 -1
493 515 -1
494 495 -1
494 514 1
494 515 1
494 516 1
495 496 1
495 515 1
495 516 1
495 517 1
496 497 1
496 516 1
496 517 -1
496 518 1
497 498 1
497 517 1
497 518 1
497 519 1
498 499 1
498 518 1
498 519 1
498 520 1
499 500 1
499 519 1
499 520 1
499 521 1
500 501 1
500 520 1
500 521 1
500 522 -1
501 502 1
501 521 1
501 522 1
501 523 1
502 503 1
502 522 1
502 523 1
502 524 1
503 504 -1
503 523 -1
503 524 1
503 525 1
504 524 1
504 525 -1
505 506 1
505 526 1
505 527 -1
506 507 1
506 526 1
506 527 1
506 528 1
507 508 1
507 527 1
507 528 1
507 529 1
508 509 1
508 528 1
508 529 -1
508 530 1
509 510 1
509 529 1
509 530 1
509 531 1
510 511 1
510 530 1
510 531 1
510 532 1
511 512 -1
511 531 1
511 532 1
511 533 -1
512 513 -1
512 532 1
512 533 1
512 534 -1
513 514 1
513 533 1
513 534 -1
513 535 1
514 515 1
514 534 1
514 535 -1
514 536 1
515 516 1
515 535 1
515 536 1
515 537 -1
516 517 1
516 536 -1
516 537 1
516 538 1
517 518 1
517 537 1
517 538 1
517 539 -1
518 519 1
518 538 1
518 539 -1
518 540 1
519 520 -1
519 539 1
519 540 1
519 541 1
520 521 1
520 540 1
520 541 1
520 542 1
521 522 -1
521 541 1
521 542 -1
521 543 1
522 523 1
522 542 1
522 543 1
522 544 1
523 524 1
523 543 1
523 544 1
523 545 1
524 525 -1
524 544 1
524 545 1
524 546 1
525 545 1
525 546 1
526 527 1
526 547 -1
526 548 -1
527 528 1
527 547 1
527 548 -1
527 549 1
528 529 -1
528 548 -1
528 549 1
528 550 -1
529 530 1
529 549 -1
529 550 -1
529 551 1
530 531 1
530 550 1
530 551 1
530 552 1
531 532 1
531 551 1
531 552 1
531 553 1
532 533 1
532 552 1
532 553 1
532 554 1
533 534 1
533 553 -1
533 554 1
533 555 -1
534 535 1
534 554 1
534 555 1
534 556 1
535 536 1
535 555 1
535 556 1
535 557 1
536 537 -1
536 556 -1
536 557 1
536 558 1
537 538 1
537 557 1
537 558 1
537 559 1
538 539 1
538 558 1
538 559 1
538 560 1
539 540 1
539 559 1
539 560 1
539 561 -1
540 541 1
540 560 1
540 561 1
540 562 1
541 542 -1
541 561 1
541 562 1
541 563 1
542 543 1
542 562 1
542 563 1
542 564 -1
543 544 1
543 563 1
543 564 1
543 565 1
544 545 -1
544 564 -1
544 565 -1
544 566 1
545 546 1
545 565 1
545 566 -1
545 567 1
546 566 1
546 567 1
547 548 -1
547 568 1
547 569 1
548 549 1
548 568 1
548 569 1
548 570 1
549 550 1
549 569 1
549 570 1
549 571 -1
550 551 1
550 570 1
550 571 -1
550 572 1
551 552 1
551 571 -1
551 572 1
551 573 -1
552 553 -1
552 572 -1
552 573 1
552 574 -1
553 554 1
553 573 -1
553 574 1
553 575 1
554 555 -1
554 574 1
554 575 -1
554 576 1
555 556 1
555 575 -1
555 576 -1
555 577 1
556 557 -1
556 576 1
556 577 1
556 578 1
557 558 1
557 577 -1
557 578 -1
557 579 1
558 559 1
558 578 -1
558 579 1
558 580 1
559 560 -1
559 579 1
559 580 1
559 581 1
560 561 1
560 580 1
560 581 1
560 582 1
561 562 1
561 581 1
561 582 1
561 583 -1
562 563 1
562 582 1
562 583 1
562 584 1
563 564 1
563 583 1
563 584 1
563 585 -1
564 565 1
564 584 1
564 585 1
564 586 1
565 566 1
565 585 -1
565 586 1
565 587 1
566 567 1
566 586 1
566 587 1
566 588 1
567 587 1
567 588 -1
568 569 1
568 589 -1
568 590 1
569 570 1
569 589 1
569 590 -1
569 591 1
570 571 -1
570 590 1
570 591 1
570 592 1
571 572 1
571 591 -1
571 592 1
571 593 1
572 573 1
572 592 -1
572 593 -1
572 594 1
573 574 1
573 593 1
573 594 1
573 595 1
574 575 -1
574 594 1
574 595 1
574 596 1
575 576 1
575 595 1
575 596 1
575 597 -1
576 577 1
576 596 1
576 597 1
576 598 -1
577 578 1
577 597 1
577 598 -1
577 599 -1
578 579 1
578 598 1
578 599 1
578 600 1
579 580 1
579 599 1
579 600 1
579 601 1
580 581 1
580 600 1
580 601 1
580 602 1
581 582 1
581 601 1
581 602 1
581 603 1
582 583 -1
582 602 1
582 603 1
582 604 1
583 584 1
583 603 1
583 604 1
583 605 -1
584 585 -1
584 604 1
584 605 1
584 606 1
585 586 1
585 605 1
585 606 1
585 607 1
586 587 -1
586 606 1
586 607 -1
586 608 1
587 588 1
587 607 1
587 608 1
587 609 1
588 608 -1
588 609 1
589 590 1
589 610 -1
589 611 1
590 591 1
590 610 -1
590 611 1
590 612 1
591 592 -1
591 611 1
591 612 1
591 613 -1
592 593 -1
592 612 -1
592 613 1
592 614 1
593 594 -1
593 613 1
593 614 1
593 615 1
594 595 1
594 614 1
594 615 1
594 616 1
595 596 1
595 615 -1
595 616 -1
595 617 1
596 597 -1
596 616 -1
596 617 1
596 618 -1
597 598 1
597 617 1
597 618 1
597 619 -1
598 599 1
598 618 1
598 619 -1
598 620 1
599 600 -1
599 619 -1
599 620 -1
599 621 -1
600 601 -1
600 620 1
600 621 -1
600 622 -1
601 602 1
601 621 1
601 622 -1
601 623 -1
602 603 1
602 622 1
602 623 1
602 624 1
603 604 1
603 623 1
603 624 1
603 625 -1
604 605 -1
604 624 -1
604 625 1
604 626 1
605 606 1
605 625 1
605 626 1
605 627 1
606 607 1
606 626 1
606 627 1
606 628 1
607 608 -1
607 627 -1
607 628 1
607 629 1
608 609 1
608 628 1
608 629 1
608 630 1
609 629 -1
609 630 1
610 611 1
610 631 -1
610 632 1
611 612 -1
611 631 1
611 632 -1
611 633 1
612 613 1
612 632 1
612 633 1
612 634 1
613 614 1
613 633 1
613 634 1
613 635 1
614 615 1
614 634 -1
614 635 1
614 636 1
615 616 1
615 635 1
615 636 1
615 637 1
616 617 1
616 636 1
616 637 1
616 638 1
617 618 1
617 637 1
617 638 1
617 639 1
618 619 -1
618 638 1
618 639 1
618 640 1
619 620 1
619 639 -1
619 640 1
619 641 1
620 621 1
620 640 1
620 641 1
620 642 1
621 622 1
621 641 -1
621 642 -1
621 643 -1
622 623 1
622 642 1
622 643 1
622 644 1
623 624 1
623 643 1
623 644 1
623 645 -1
624 625 -1
624 644 -1
624 645 -1
624 646 -1
625 626 1
625 645 -1
625 646 -1
625 647 1
626 627 1
626 646 1
626 647 1
626 648 -1
627 628 1
627 647 1
627 648 1
627 649 1
628 629 -1
628 648 1
628 649 1
628 650 1
629 630 1
629 649 1
629 650 -1
629 651 -1
630 650 1
630 651 1
631 632 1
631 652 1
631 653 -1
632 633 1
632 652 -1
632 653 1
632 654 1
633 634 1
633 653 1
633 654 1
633 655 1
634 635 1
634 654 -1
634 655 1
634 656 -1
635 636 1
635 655 1
635 656 1
635 657 1
636 637 1
636 656 1
636 657 1
636 658 1
637 638 -1
637 657 1
637 658 1
637 659 1
638 639 1
638 658 -1
638 659 1
638 660 1
639 640 1
639 659 -1
639 660 1
639 661 1
640 641 1
640 660 1
640 661 1
640 662 -1
641 642 1
641 661 1
641 662 1
641 663 1
642 643 -1
642 662 -1
642 663 1
642 664 1
643 644 1
643 663 1
643 664 1
643 665 1
644 645 1
644 664 1
644 665 1
644 666 1
645 646 -1
645 665 1
645 666 -1
645 667 -1
646 647 1
646 666 1
646 667 -1
646 668 -1
647 648 1
647 667 1
647 668 1
647 669 1
648 649 1
648 668 1
648 669 1
648 670 -1
649 650 1
649 669 1
649 670 1
649 671 -1
650 651 1
650 670 1
650 671 -1
650 672 1
651 671 1
651 672 1
652 653 1
652 673 1
652 674 -1
653 654 1
653 673 1
653 674 -1
653 675 1
654 655 1
654 674 1
654 675 1
654 676 -1
655 656 -1
655 675 -1
655 676 1
655 677 1
656 657 1
656 676 1
656 677 1
656 678 1
657 658 1
657 677 1
657 678 -1
657 679 1
658 659 1
658 678 1
658 679 1
658 680 1
659 660 1
659 679 1
659 680 1
659 681 1
660 661 1
660 680 -1
660 681 1
660 682 1
661 662 1
661 681 1
661 682 -1
661 683 1
662 663 -1
662 682 1
662 683 1
662 684 1
663 664 1
663 683 1
663 684 -1
663 685 1
664 665 1
664 684 1
664 685 1
664 686 1
665 666 1
665 685 1
665 686 1
665 687 1
666 667 1
666 686 1
666 687 1
666 688 -1
667 668 -1
667 687 -1
667 688 1
667 689 1
668 669 1
668 688 1
668 689 1
668 690 1
669 670 1
669 689 1
669 690 1
669 691 1
670 671 1
670 690 -1
670 691 1
670 692 -1
671 672 -1
671 691 1
671 692 1
671 693 -1
672 692 1
672 693 1
673 674 1
673 694 1
673 695 1
674 675 1
674 694 -1
674 695 1
674 696 1
675 676 -1
675 695 1
675 696 1
675 697 1
676 677 1
676 696 1
676 697 -1
676 698 1
677 678 -1
677 697 -1
677 698 1
677 699 1
678 679 1
678 698 1
678 699 -1
678 700 -1
679 680 1
679 699 1
679 700 -1
679 701 1
680 681 1
680 700 -1
680 701 1
680 702 1
681 682 1
681 701 1
681 702 1
681 703 1
682 683 1
682 702 1
682 703 1
682 704 1
683 684 1
683 703 -1
683 704 -1
683 705 1
684 685 1
684 704 1
684 705 1
684 706 -1
685 686 1
685 705 1
685 706 1
685 707 -1
686 687 -1
686 706 1
686 707 -1
686 708 1
687 688 1
687 707 1
687 708 1
687 709 1
688 689 1
688 708 1
688 709 1
688 710 1
689 690 1
689 709 1
689 710 1
689 711 1
690 691 1
690 710 1
690 711 1
690 712 1
691 692 1
691 711 1
691 712 -1
691 713 1
692 693 -1
692 712 -1
692 713 1
692 714 1
693 713 -1
693 714 -1
694 695 -1
694 715 1
694 716 1
695 696 1
695 715 1
695 716 1
695 717 1
696 697 1
696 716 -1
696 717 1
696 718 -1
697 698 -1
697 717 1
697 718 -1
697 719 1
698 699 1
698 718 -1
698 719 1
698 720 -1
699 700 1
699 719 1
699 720 -1
699 721 -1
700 701 1
700 720 1
700 721 1
700 722 1
701 702 1
701 721 -1
701 722 -1
701 723 1
702 703 1
702 722 -1
702 723 -1
702 724 1
703 704 1
703 723 1
703 724 1
703 725 1
704 705 1
704 724 -1
704 725 -1
704 726 1
705 706 1
705 725 -1
705 726 1
705 727 -1
706 707 1
706 726 1
706 727 1
706 728 1
707 708 1
707 727 1
707 728 1
707 729 -1
708 709 1
708 728 -1
708 729 1
708 730 1
709 710 1
709 729 1
709 730 1
709 731 1
710 711 -1
710 730 -1
710 731 1
710 732 1
711 712 1
711 731 1
711 732 1
711 733 -1
712 713 1
712 732 1
712 733 1
712 734 1
713 714 1
713 733 1
713 734 1
713 735 -1
714 734 1
714 735 1
715 716 1
715 736 1
715 737 1
716 717 1
716 736 1
716 737 1
716 738 -1
717 718 1
717 737 -1
717 738 1
717 739 1
718 719 1
718 738 1
718 739 -1
718 740 -1
719 720 -1
719 739 -1
719 740 -1
719 741 1
720 721 -1
720 740 1
720 741 1
720 742 1
721 722 1
721 741 -1
721 742 -1
721 743 1
722 723 1
722 742 1
722 743 -1
722 744 1
723 724 1
723 743 1
723 744 1
723 745 1
724 725 1
724 744 1
724 745 1
724 746 1
725 726 1
725 745 1
725 746 1
725 747 -1
726 727 1
726 746 1
726 747 -1
726 748 1
727 728 1
727 747 -1
727 748 -1
727 749 1
728 729 1
728 748 1
728 749 1
728 750 1
729 730 1
729 749 -1
729 750 1
729 751 1
730 731 1
730 750 1
730 751 -1
730 752 1
731 732 1
731 751 -1
731 752 1
731 753 1
732 733 -1
732 752 1
732 753 1
732 754 1
733 734 1
733 753 -1
733 754 -1
733 755 1
734 735 1
734 754 1
734 755 1
734 756 1
735 755 1
735 756 1
736 737 1
736 757 1
736 758 1
737 738 1
737 757 -1
737 758 1
737 759 1
738 739 -1
738 758 -1
738 759 1
738 760 1
739 740 1
739 759 1
739 760 1
739 761 -1
740 741 1
740 760 -1
740 761 1
740 762 1
741 742 1
741 761 -1
741 762 1
741 763 1
742 743 -1
742 762 1
742 763 1
742 764 1
743 744 1
743 763 1
743 764 1
743 765 -1
744 745 -1
744 764 1
744 765 1
744 766 1
745 746 1
745 765 1
745 766 1
745 767 -1
746 747 -1
746 766 -1
746 767 -1
746 768 1
747 748 1
747 767 1
747 768 1
747 769 -1
748 749 -1
748 768 -1
748 769 1
748 770 1
749 750 -1
749 769 -1
749 770 -1
749 771 1
750 751 1
750 770 1
750 771 1
750 772 1
751 752 1
751 771 -1
751 772 1
751 773 1
752 753 1
752 772 1
752 773 1
752 774 1
753 754 1
753 773 1
753 774 1
753 775 1
754 755 1
754 774 1
754 775 -1
754 776 1
755 756 1
755 775 1
755 776 -1
755 777 1
756 776 1
756 777 1
757 758 -1
757 778 -1
757 779 -1
758 759 -1
758 778 -1
758 779 -1
758 780 -1
759 760 -1
759 779 1
759 780 1
759 781 1
760 761 1
760 780 1
760 781 -1
760 782 -1
761 762 1
761 781 1
761 782 1
761 783 -1
762 763 1
762 782 1
762 783 1
762 784 -1
763 764 1
763 783 1
763 784 1
763 785 1
764 765 1
764 784 1
764 785 1
764 786 1
765 766 -1
765 785 1
765 786 1
765 787 1
766 767 1
766 786 1
766 787 1
766 788 1
767 768 1
767 787 1
767 788 1
767 789 1
768 769 1
768 788 1
768 789 1
768 790 1
769 770 -1
769 789 1
769 790 1
769 791 -1
770 771 1
770 790 1
770 791 -1
770 792 1
771 772 -1
771 791 1
771 792 -1
771 793 1
772 773 1
772 792 -1
772 793 1
772 794 1
773 774 1
773 793 1
773 794 1
773 795 1
774 775 1
774 794 1
774 795 1
774 796 1
775 776 1
775 795 1
775 796 1
775 797 -1
776 777 1
776 796 1
776 797 -1
776 798 1
777 797 1
777 798 1
778 779 -1
778 799 1
778 800 1
779 780 1
779 799 -1
779 800 1
779 801 -1
780 781 -1
780 800 -1
780 801 1
780 802 1
781 782 1
781 801 -1
781 802 1
781 803 1
782 783 1
782 802 1
782 803 -1
782 804 1
783 784 1
783 803 -1
783 804 -1
783 805 1
784 785 -1
784 804 1
784 805 1
784 806 1
785 786 -1
785 805 1
785 806 -1
785 807 1
786 787 1
786 806 1
786 807 -1
786 808 1
787 788 -1
787 807 1
787 808 1
787 809 -1
788 789 1
788 808 1
788 809 1
788 810 1
789 790 1
789 809 -1
789 810 -1
789 811 1
790 791 1
790 810 1
790 811 1
790 812 1
791 792 1
791 811 1
791 812 1
791 813 -1
792 793 -1
792 812 1
792 813 1
792 814 1
793 794 1
793 813 -1
793 814 -1
793 815 -1
794 795 -1
794 814 1
794 815 1
794 816 -1
795 796 -1
795 815 1
795 816 1
795 817 -1
796 797 1
796 816 1
796 817 1
796 818 1
797 798 1
797 817 -1
797 818 1
797 819 1
798 818 1
798 819 1
799 800 1
799 820 -1
799 821 1
800 801 1
800 820 1
800 821 1
800 822 -1
801 802 -1
801 821 1
801 822 -1
801 823 1
802 803 1
802 822 1
802 823 1
802 824 1
803 804 -1
803 823 -1
803 824 1
803 825 1
804 805 1
804 824 -1
804 825 1
804 826 1
805 806 1
805 825 1
805 826 -1
805 827 1
806 807 1
806 826 -1
806 827 1
806 828 -1
807 808 -1
807 827 1
807 828 -1
807 829 -1
808 809 1
808 828 -1
808 829 1
808 830 1
809 810 1
809 829 1
809 830 1
809 831 1
810 811 1
810 830 1
810 831 1
810 832 -1
811 812 1
811 831 -1
811 832 1
811 833 1
812 813 1
812 832 1
812 833 1
812 834 -1
813 814 -1
813 833 1
813 834 1
813 835 -1
814 815 -1
814 834 1
814 835 1
814 836 -1
815 816 1
815 835 1
815 836 1
815 837 1
816 817 1
816 836 -1
816 837 -1
816 838 1
817 818 1
817 837 1
817 838 1
817 839 1
818 819 -1
818 838 1
818 839 1
818 840 -1
819 839 -1
819 840 1
820 821 1
820 841 1
820 842 1
821 822 1
821 841 1
821 842 1
821 843 1
822 823 1
822 842 -1
822 843 1
822 844 1
823 824 1
823 843 1
823 844 -1
823 845 1
824 825 1
824 844 1
824 845 1
824 846 1
825 826 1
825 845 1
825 846 -1
825 847 1
826 827 1
826 846 1
826 847 1
826 848 1
827 828 1
827 847 1
827 848 1
827 849 1
828 829 -1
828 848 -1
828 849 1
828 850 1
829 830 1
829 849 1
829 850 1
829 851 -1
830 831 1
830 850 1
830 851 1
830 852 -1
831 832 1
831 851 -1
831 852 -1
831 853 1
832 833 1
832 852 1
832 853 1
832 854 -1
833 834 1
833 853 1
833 854 -1
833 855 -1
834 835 1
834 854 1
834 855 -1
834 856 1
835 836 1
835 855 1
835 856 1
835 857 1
836 837 1
836 856 1
836 857 1
836 858 1
837 838 -1
837 857 -1
837 858 1
837 859 1
838 839 1
838 858 1
838 859 -1
838 860 1
839 840 1
839 859 1
839 860 1
839 861 1
840 860 -1
840 861 1
841 842 1
842 843 1
843 844 1
844 845 1
845 846 1
846 847 1
847 848 1
848 849 1
849 850 -1
850 851 -1
851 852 1
852 853 1
853 854 -1
854 855 1
855 856 1
856 857 1
857 858 -1
858 859 1
859 860 1
860 861 1
862 863 -1
862 874 1
862 878 1
863 864 -1
863 878 1
864 865 -1
864 875 1
864 878 1
865 866 1
865 875 1
866 867 1
866 875 1
867 868 1
868 869 1
868 876 1
869 870 1
869 876 1
870 876 -1
870 877 1
871 872 1
871 877 1
872 873 1
872 877 1
875 878 1
876 877 1
