# This is an adaptation of one of the original Harwell-Boeing instances
116 266
1 27 1
1 39 -1
1 71 1
1 82 1
1 94 1
2 13 -1
2 18 1
2 43 -1
2 63 -1
2 76 -1
3 25 -1
3 49 1
3 80 1
3 96 1
3 98 -1
3 100 -1
4 26 -1
4 47 1
4 48 1
4 55 -1
4 72 -1
4 83 1
4 92 -1
4 105 1
5 72 1
5 86 1
6 17 1
6 90 -1
7 16 1
7 51 1
7 58 1
7 64 -1
7 76 -1
8 33 -1
8 39 1
8 53 -1
8 70 1
8 71 1
8 89 1
9 12 1
9 29 1
9 32 -1
9 61 -1
9 107 1
9 110 -1
10 27 1
10 70 -1
10 71 -1
11 56 1
11 60 -1
11 87 1
11 88 1
12 87 -1
13 82 1
13 94 -1
14 48 -1
14 56 -1
14 87 -1
14 92 -1
15 35 1
15 50 1
15 64 -1
15 79 -1
15 81 1
16 86 -1
16 95 1
17 35 -1
17 36 1
17 78 1
17 106 -1
18 97 1
19 70 1
19 89 -1
19 112 1
19 114 1
20 49 1
20 70 1
20 100 -1
20 101 1
21 49 -1
21 73 1
21 80 -1
21 95 1
21 101 1
22 51 -1
22 58 -1
22 74 1
22 109 1
23 25 -1
23 44 1
23 52 1
23 80 -1
23 96 -1
23 113 -1
24 30 1
24 34 -1
24 40 1
24 46 -1
24 103 -1
24 110 -1
25 32 1
25 107 -1
26 29 -1
26 35 -1
26 41 -1
26 64 -1
26 76 1
26 103 -1
26 111 -1
27 35 1
27 50 -1
27 104 1
28 62 -1
28 96 -1
28 98 -1
28 113 -1
29 38 1
29 53 -1
29 62 1
29 70 1
29 98 1
29 100 1
29 114 -1
30 114 1
31 55 -1
31 97 1
31 105 1
32 98 -1
32 113 -1
33 45 -1
33 54 -1
33 115 -1
34 62 -1
35 39 1
35 70 -1
35 101 -1
35 112 1
36 39 1
36 47 1
36 77 -1
36 90 -1
37 48 1
37 84 1
37 105 1
38 45 -1
38 61 -1
38 102 1
38 103 1
38 115 -1
39 41 -1
39 54 1
40 42 1
40 60 1
40 88 1
41 47 1
41 53 1
41 82 1
41 85 1
42 46 1
42 66 1
42 74 -1
43 44 1
43 55 -1
43 80 -1
43 97 1
44 57 1
44 63 1
45 70 -1
45 112 -1
46 48 -1
46 92 -1
47 59 -1
47 75 1
48 66 -1
48 75 1
48 103 -1
49 68 1
50 93 -1
51 60 -1
51 113 1
52 57 -1
52 65 -1
52 107 1
52 110 -1
52 111 1
53 67 1
53 69 -1
53 115 -1
54 77 1
54 85 -1
54 89 1
54 112 -1
55 57 1
55 111 1
56 66 1
56 74 -1
57 92 1
58 72 1
58 83 -1
58 86 1
59 72 -1
59 90 1
60 64 1
60 74 1
60 110 -1
62 65 1
62 91 -1
62 110 1
63 113 1
64 83 1
64 88 1
65 96 1
65 100 1
66 83 -1
66 84 -1
66 88 -1
67 85 1
67 89 1
67 114 -1
68 95 -1
68 98 -1
69 71 -1
69 82 1
69 98 -1
72 109 -1
73 78 -1
73 99 1
74 83 1
74 92 -1
75 77 1
75 85 1
76 80 -1
76 82 1
76 95 1
76 98 -1
76 113 -1
77 106 -1
78 101 -1
79 84 1
79 88 1
79 112 1
80 111 1
81 83 -1
81 84 1
81 93 1
81 105 1
85 103 -1
85 115 -1
87 102 1
87 103 -1
87 110 1
88 103 1
91 114 -1
92 109 -1
92 110 -1
93 108 1
94 104 -1
95 99 -1
100 107 1
100 111 -1
101 111 1
103 112 1
103 114 1
105 108 1
106 112 1
110 113 1
