# This is an adaptation of one of the original Harwell-Boeing instances
311 1068
1 45 1
1 95 1
1 120 -1
1 130 1
1 168 -1
1 235 1
1 298 -1
2 89 1
2 111 1
3 6 1
3 52 1
3 69 1
3 179 1
4 14 1
4 29 1
4 59 1
4 66 1
4 119 1
4 132 -1
4 141 1
4 225 1
5 68 1
5 86 1
5 107 1
5 174 1
5 189 1
5 278 1
5 296 -1
5 299 -1
6 69 1
6 95 1
6 168 -1
7 77 1
7 78 1
7 138 1
7 210 1
7 288 1
8 49 1
8 60 1
8 71 -1
8 101 1
8 121 -1
8 207 1
8 254 1
8 255 1
9 10 1
9 117 1
9 133 1
9 155 1
9 174 1
9 183 1
9 242 1
10 107 1
10 112 1
10 117 1
10 126 -1
10 174 1
10 232 1
10 290 1
11 14 1
11 18 1
11 66 1
11 75 1
11 123 1
11 213 1
11 294 1
11 301 1
12 78 1
12 99 1
12 116 -1
12 202 1
12 222 1
12 236 1
12 238 1
12 248 1
13 78 1
13 96 1
13 116 1
13 138 1
13 146 -1
13 199 1
13 210 -1
13 248 1
14 29 1
14 66 1
14 75 1
14 123 1
14 258 -1
14 294 1
15 19 1
15 22 1
15 100 1
15 101 1
15 201 1
15 208 1
15 244 1
15 266 1
16 25 1
16 39 1
16 131 1
16 136 1
16 162 1
16 195 1
16 205 1
16 275 1
17 28 1
17 33 1
17 56 1
17 171 1
17 182 1
17 231 1
17 304 1
17 308 1
18 75 1
18 81 1
18 194 1
18 213 1
18 218 1
18 227 -1
18 269 1
19 22 1
19 100 1
19 114 1
19 143 1
19 149 1
19 259 -1
19 306 1
20 37 1
20 118 1
20 161 -1
20 198 1
20 216 -1
20 260 1
20 271 -1
20 307 1
21 118 1
21 166 1
21 170 1
21 175 1
21 186 1
21 239 1
21 274 -1
21 307 1
22 24 -1
22 100 1
22 114 1
22 201 1
22 244 1
22 259 1
23 24 1
23 97 1
23 144 1
23 244 1
23 285 1
24 144 1
24 244 1
24 259 1
25 126 1
25 131 1
25 147 1
25 162 1
25 188 1
25 267 1
25 290 -1
26 62 1
26 73 1
26 86 1
26 188 -1
26 228 1
26 237 1
26 267 1
26 299 -1
27 47 1
27 50 1
27 187 1
27 252 1
27 272 1
28 33 1
28 41 1
28 56 1
28 102 1
28 171 1
28 192 1
28 304 1
29 66 1
29 115 -1
29 119 1
29 132 1
29 258 -1
29 294 1
30 52 1
30 68 -1
30 74 1
30 88 1
30 179 -1
30 191 1
30 278 1
30 296 1
31 42 1
31 134 1
31 148 -1
31 165 -1
31 166 -1
32 76 1
32 105 1
32 125 1
32 129 1
32 137 1
33 54 1
33 56 1
33 87 1
33 140 1
33 182 1
33 231 1
34 145 1
34 152 1
34 222 1
34 238 1
34 273 1
34 291 1
34 302 1
34 309 1
35 48 1
35 53 1
35 130 -1
35 235 1
35 241 1
36 57 1
36 72 1
36 153 1
36 185 1
36 209 -1
37 43 1
37 83 1
37 118 1
37 175 1
37 178 1
37 198 1
37 215 1
38 44 1
38 45 1
38 164 1
38 174 1
38 189 -1
38 242 -1
38 278 1
39 131 -1
39 147 1
39 195 1
39 256 1
40 147 1
40 204 -1
40 250 1
40 256 1
40 268 1
41 102 1
41 276 -1
41 300 1
41 304 1
42 134 -1
42 165 1
43 83 1
43 118 1
43 134 1
43 165 1
43 166 1
43 175 1
43 178 1
44 45 1
44 69 1
44 95 1
44 179 1
44 189 -1
44 278 1
45 95 1
45 164 1
45 298 1
46 161 1
46 196 1
46 216 1
46 233 1
46 260 -1
47 187 1
47 257 1
47 272 1
47 287 1
48 50 -1
48 53 1
48 84 1
48 94 1
48 235 1
48 252 1
48 298 1
49 71 1
49 101 1
49 121 1
49 127 1
49 151 1
49 201 1
49 254 1
50 53 1
50 252 1
50 272 1
51 110 1
51 111 1
51 154 1
51 246 -1
52 69 1
52 74 1
52 179 1
53 235 1
53 252 1
54 56 1
54 63 1
54 87 -1
54 163 1
54 173 1
54 192 1
54 200 1
55 196 1
55 198 1
55 215 1
55 216 1
55 221 1
56 87 1
56 102 1
56 173 1
56 192 1
57 59 1
57 72 1
57 141 1
57 153 1
57 185 1
57 209 1
57 225 -1
58 181 1
58 212 1
58 261 -1
58 263 -1
58 293 -1
59 66 1
59 91 1
59 123 1
59 141 1
59 209 1
59 297 -1
60 104 -1
60 121 -1
60 128 -1
60 207 -1
60 228 1
60 237 1
60 270 -1
61 112 1
61 177 1
61 220 1
61 268 1
61 276 1
61 300 1
62 86 1
62 104 1
62 228 1
62 237 1
62 281 1
62 296 1
62 299 -1
63 87 1
63 140 -1
63 145 1
63 187 1
63 200 1
63 257 1
63 309 1
64 80 1
64 124 -1
64 206 1
64 217 1
64 234 1
65 124 -1
65 150 1
65 206 1
65 207 1
65 229 1
65 230 -1
65 255 1
65 270 1
66 91 1
66 123 1
66 141 1
67 79 1
67 90 1
67 122 1
67 203 1
67 264 1
67 277 1
68 86 1
68 88 1
68 179 1
68 189 1
68 278 1
68 296 1
69 95 1
69 179 1
69 278 1
70 108 1
70 140 1
70 182 1
70 202 -1
70 211 1
70 212 1
70 231 1
70 263 1
71 73 1
71 121 1
71 127 1
71 151 1
71 228 1
71 275 1
72 105 -1
72 137 1
72 153 1
73 121 1
73 127 1
73 162 1
73 228 -1
73 267 1
73 275 1
74 88 1
74 179 -1
74 191 1
75 82 1
75 213 1
75 227 1
75 269 1
75 294 1
76 125 1
76 129 1
76 159 1
76 160 1
76 181 1
76 240 1
76 293 1
77 98 1
77 115 -1
77 138 1
77 210 1
78 169 1
78 210 -1
78 236 1
78 248 1
78 288 1
79 92 1
79 122 -1
79 203 1
79 224 1
79 280 1
80 124 -1
80 135 1
80 176 1
80 203 1
80 230 -1
80 234 1
80 280 1
81 113 1
81 190 1
81 194 1
81 213 1
81 218 1
81 227 -1
81 251 1
82 258 1
82 269 1
82 294 1
82 303 -1
83 134 1
83 165 -1
83 178 -1
84 85 1
84 94 1
84 139 1
84 235 1
84 252 1
84 298 1
85 133 1
85 139 -1
85 155 1
85 164 1
85 242 1
85 298 1
86 107 1
86 281 1
86 296 1
86 299 1
87 140 1
87 200 -1
87 231 1
87 309 1
88 191 -1
88 214 1
88 281 1
88 296 1
88 305 -1
89 106 1
89 111 -1
89 122 1
89 154 1
89 264 1
90 172 1
90 176 1
90 203 1
90 262 1
90 277 1
90 310 1
91 123 1
91 142 1
91 209 1
91 219 1
91 297 1
91 301 1
92 106 1
92 122 1
92 224 1
93 142 1
93 197 -1
93 219 1
93 249 1
93 253 1
93 284 1
93 295 -1
93 301 1
94 139 1
94 163 1
94 173 1
94 243 1
94 252 1
94 272 1
95 168 1
96 116 1
96 146 1
96 159 1
96 180 1
96 199 1
96 240 1
96 248 1
97 127 1
97 136 1
97 144 1
97 151 1
97 205 1
97 275 1
97 285 1
98 115 -1
98 138 -1
98 258 1
98 303 1
99 108 1
99 116 -1
99 160 1
99 202 1
99 222 1
99 240 1
99 248 1
100 143 1
100 208 1
100 265 1
100 266 1
100 306 1
101 151 1
101 156 1
101 201 1
101 208 1
101 254 -1
102 192 -1
102 276 1
102 292 1
102 300 1
102 304 -1
103 109 1
103 150 1
103 167 -1
103 206 1
103 217 1
104 128 1
104 167 -1
104 226 1
104 237 1
104 281 1
104 305 1
105 125 1
105 137 1
105 153 1
105 159 1
105 180 1
105 225 1
106 122 1
107 174 1
107 188 1
107 189 1
107 290 -1
107 299 1
108 160 1
108 181 1
108 202 1
108 211 -1
108 212 1
108 263 1
109 150 1
109 167 1
109 226 1
109 282 1
110 143 1
110 149 1
110 246 1
111 154 1
112 117 1
112 220 -1
112 232 1
112 250 1
112 268 1
113 157 1
113 218 -1
113 239 1
113 251 1
114 143 1
114 149 1
114 259 1
115 119 1
115 138 1
115 146 1
115 258 -1
115 303 1
116 159 -1
116 160 1
116 240 -1
116 248 1
117 174 -1
117 183 1
117 220 1
117 232 1
118 175 1
118 198 1
118 271 1
118 307 1
119 132 1
119 138 1
119 146 1
119 199 1
119 258 1
120 130 1
120 168 1
120 241 1
120 279 1
121 207 -1
121 228 1
121 237 1
122 264 1
123 213 1
123 219 1
123 301 1
124 176 1
124 206 1
124 217 1
124 230 1
124 234 1
125 129 1
125 137 1
125 159 1
125 180 -1
125 240 1
126 131 1
126 147 1
126 188 1
126 232 1
126 250 1
126 290 1
127 144 1
127 151 1
127 205 1
127 275 1
128 150 1
128 167 1
128 207 -1
128 226 1
128 237 1
128 270 1
129 181 1
129 293 1
130 168 -1
130 235 1
130 241 1
130 279 1
130 298 1
131 147 1
131 162 1
131 195 1
131 256 1
132 141 1
132 146 1
132 180 1
132 199 1
132 225 1
133 139 1
133 155 -1
133 164 -1
133 174 -1
133 183 1
133 242 1
134 165 1
135 224 1
135 234 1
135 280 1
136 195 1
136 205 1
136 285 1
137 153 -1
138 146 1
138 210 1
139 155 1
139 243 1
140 211 1
140 231 1
140 302 1
140 309 -1
141 153 1
141 209 1
141 225 -1
142 193 1
142 219 1
142 247 1
142 283 1
142 284 1
142 297 1
143 149 1
143 246 1
143 306 1
144 151 -1
144 201 1
144 244 1
144 285 1
145 257 1
145 273 1
145 287 1
145 291 1
145 302 1
145 309 1
146 199 1
146 210 1
147 232 1
147 250 1
147 256 1
148 165 1
148 166 1
148 170 1
148 286 1
150 167 -1
150 206 1
150 217 1
150 270 1
151 201 -1
151 244 -1
152 169 1
152 236 1
152 238 1
152 273 1
153 180 1
153 225 1
154 223 1
154 246 1
154 264 1
155 183 1
155 243 1
155 292 -1
156 172 1
156 208 1
156 229 1
156 254 1
156 255 1
156 266 -1
156 310 1
157 170 1
157 239 1
157 251 -1
157 286 1
158 161 1
158 186 1
158 197 1
158 245 1
158 249 1
158 253 1
158 271 1
158 307 1
159 180 1
159 199 1
159 240 1
160 181 1
160 202 -1
160 212 1
160 240 1
161 233 -1
161 245 1
161 260 1
161 271 1
161 289 1
162 188 1
162 205 1
162 267 1
162 275 -1
163 173 1
163 187 1
163 200 1
163 243 1
163 252 1
163 272 1
164 242 1
164 298 1
165 166 1
165 175 -1
166 170 -1
166 175 1
166 286 1
167 226 1
167 270 1
167 282 1
169 236 1
169 238 1
169 288 -1
170 175 1
170 239 -1
170 274 1
170 286 1
171 182 1
171 304 1
171 308 1
172 208 -1
172 229 1
172 262 1
172 265 1
172 266 1
172 310 1
173 192 1
173 200 1
173 243 1
173 292 1
174 189 1
174 242 1
174 290 1
175 307 1
176 203 1
176 229 1
176 230 -1
176 280 1
176 310 1
177 204 1
177 268 1
177 300 1
178 198 1
178 215 -1
179 278 1
180 199 1
180 225 1
181 212 1
181 240 1
181 293 -1
182 231 1
182 261 1
182 263 1
182 308 1
183 220 -1
183 292 1
184 245 1
184 247 -1
184 253 1
184 284 -1
184 289 -1
185 193 1
185 209 1
185 297 -1
186 190 1
186 197 1
186 249 1
186 271 1
186 274 1
186 307 1
187 200 1
187 257 1
187 272 1
187 287 -1
188 267 1
188 290 1
188 299 1
189 242 1
189 278 1
190 194 1
190 239 1
190 249 1
190 251 1
190 274 1
190 295 1
191 214 1
191 305 1
192 243 1
192 276 1
192 292 -1
193 209 1
193 283 1
193 297 1
194 213 -1
194 249 1
194 251 1
194 295 1
194 301 1
195 205 1
196 216 1
196 221 -1
196 260 1
197 245 -1
197 249 -1
197 253 1
197 284 1
197 295 1
198 215 1
198 216 1
198 260 1
199 225 1
200 257 1
200 272 -1
201 208 1
201 244 -1
202 211 1
202 222 1
202 302 1
203 280 1
203 310 1
204 250 1
204 268 1
205 275 1
205 285 1
206 217 1
206 230 -1
206 270 -1
207 254 1
207 255 1
207 270 1
208 254 1
208 266 1
209 297 1
210 248 1
210 288 -1
211 222 1
211 231 1
211 302 1
211 309 1
212 261 1
212 263 1
212 293 1
213 295 -1
213 301 1
214 226 1
214 282 1
214 305 1
215 216 1
216 221 1
216 260 1
218 227 1
218 251 1
219 284 -1
219 295 1
219 297 1
219 301 1
220 276 1
220 292 1
222 236 1
222 238 1
222 302 1
223 246 1
223 264 1
223 265 1
223 277 1
223 306 1
224 280 1
226 281 1
226 282 1
226 305 1
227 269 -1
228 237 1
228 267 1
229 230 1
229 254 1
229 255 1
229 310 1
230 255 1
230 310 1
231 263 1
232 250 1
232 268 1
232 290 1
233 245 1
233 260 1
233 289 1
234 280 1
235 241 1
235 298 1
236 238 1
236 248 1
236 288 1
237 281 1
238 273 1
238 302 1
239 251 1
239 274 -1
239 286 1
241 279 1
243 292 -1
244 259 1
245 253 1
245 271 1
245 289 1
246 306 -1
247 253 1
247 283 1
247 284 1
249 274 1
249 295 1
250 256 1
250 268 1
251 274 1
252 272 1
253 284 1
253 289 1
254 255 1
255 270 -1
257 287 1
257 291 1
257 309 -1
258 294 -1
258 303 -1
260 271 1
261 263 1
261 308 1
262 265 -1
262 266 -1
262 277 1
262 310 1
263 308 -1
264 277 -1
265 266 -1
265 277 1
265 306 1
266 306 1
267 275 1
267 299 1
269 294 1
271 307 1
273 291 1
274 307 1
276 292 1
276 300 1
281 296 1
281 305 1
282 305 1
283 284 1
283 297 1
287 291 1
290 299 -1
294 303 1
295 301 1
296 305 1
302 309 1
