# This is an adaptation of one of the original Harwell-Boeing instances
60 280
1 4 -1
1 9 -1
1 46 -1
2 14 1
2 24 -1
2 50 -1
3 17 1
3 22 -1
3 23 -1
3 25 -1
3 31 -1
3 45 -1
3 52 -1
3 55 -1
3 58 -1
4 35 1
5 11 -1
5 18 -1
5 19 -1
5 20 -1
5 21 -1
5 22 -1
5 27 -1
5 29 -1
5 34 -1
5 37 -1
5 41 1
5 42 -1
5 43 -1
5 48 1
5 49 -1
5 54 -1
5 56 1
6 29 -1
6 34 -1
6 38 -1
6 43 -1
6 45 -1
6 56 -1
6 57 -1
7 17 1
7 23 -1
7 25 1
7 31 -1
7 32 -1
7 37 1
7 54 -1
7 55 -1
7 58 1
8 26 -1
8 29 -1
8 34 1
8 43 -1
8 45 1
8 52 1
8 57 -1
9 11 -1
9 20 1
9 21 -1
9 30 -1
9 42 1
9 47 -1
9 48 -1
9 54 1
10 29 -1
10 34 -1
10 39 -1
10 41 1
10 43 1
10 45 -1
10 57 1
11 20 -1
11 21 -1
11 30 -1
11 42 -1
11 44 -1
11 48 -1
11 54 -1
12 49 -1
13 18 -1
13 19 -1
13 20 -1
13 21 -1
13 22 1
13 27 -1
13 29 1
13 34 -1
13 37 1
13 41 -1
13 42 -1
13 43 -1
13 48 -1
13 53 -1
13 54 -1
13 56 -1
13 57 -1
14 18 -1
14 19 1
14 20 -1
14 21 -1
14 22 -1
14 27 -1
14 29 -1
14 34 -1
14 37 -1
14 41 -1
14 42 -1
14 43 1
14 45 -1
14 48 -1
14 54 -1
14 56 1
15 18 -1
15 19 -1
15 20 -1
15 21 -1
15 22 1
15 27 -1
15 29 -1
15 34 -1
15 37 -1
15 41 -1
15 42 -1
15 43 -1
15 44 1
15 48 -1
15 54 -1
15 56 -1
16 26 1
16 29 1
16 33 -1
16 34 1
16 43 -1
16 45 -1
16 57 -1
17 23 -1
17 25 -1
17 31 1
17 32 -1
17 34 -1
17 35 -1
17 36 1
17 55 -1
17 57 -1
17 58 -1
17 59 -1
18 23 1
18 30 -1
18 46 -1
19 21 -1
19 22 -1
19 28 -1
19 46 -1
19 52 1
20 21 1
20 42 -1
20 43 -1
20 46 -1
20 47 1
20 48 -1
20 50 -1
20 54 -1
21 38 -1
21 46 -1
21 47 -1
21 48 -1
21 50 -1
21 54 -1
22 46 -1
22 48 -1
23 24 1
23 25 1
23 31 -1
23 32 -1
23 35 -1
23 36 -1
23 55 1
23 57 1
23 58 1
25 31 -1
25 32 -1
25 35 1
25 36 -1
25 43 -1
25 55 1
25 57 -1
25 58 -1
26 29 -1
26 34 1
26 43 1
26 45 -1
26 57 1
27 31 1
27 46 -1
27 48 1
27 52 -1
27 59 1
28 29 -1
28 34 -1
28 38 -1
28 43 -1
28 45 -1
28 57 1
28 58 1
29 33 1
29 39 -1
29 46 1
29 55 -1
29 58 1
29 59 -1
30 47 -1
30 49 -1
30 50 1
31 32 -1
31 35 -1
31 36 -1
31 51 1
31 55 -1
31 57 -1
31 58 -1
32 38 -1
32 40 1
32 55 -1
32 58 -1
33 34 -1
33 39 1
33 43 -1
33 45 -1
33 57 1
34 39 -1
34 46 -1
34 55 -1
34 59 -1
35 55 1
35 57 -1
35 58 1
36 41 1
36 42 -1
36 55 1
36 58 -1
37 42 1
37 46 1
37 52 -1
37 55 -1
38 52 -1
38 56 -1
38 59 -1
39 43 -1
39 45 1
39 57 -1
40 44 1
41 45 1
41 46 1
41 52 -1
42 45 -1
42 46 -1
42 47 -1
42 50 -1
42 54 -1
43 46 -1
43 55 -1
43 59 -1
45 55 1
45 59 1
46 48 -1
46 54 -1
46 56 -1
47 48 -1
47 50 -1
47 53 -1
47 54 1
48 50 1
50 54 1
51 53 -1
52 56 -1
54 56 -1
55 57 -1
55 58 -1
57 58 -1
57 59 1
