vertices: 130 edges: 1727
1 2 -1
1 11 -1
1 14 1
1 18 -1
1 20 -1
1 26 -1
1 37 -1
1 39 -1
1 43 -1
1 45 -1
1 46 -1
1 49 1
1 53 -1
1 55 -1
1 56 -1
1 60 1
1 68 -1
1 71 -1
1 74 -1
1 78 -1
1 81 -1
1 82 -1
1 85 1
1 91 -1
1 99 -1
1 100 -1
1 105 -1
1 116 -1
1 124 -1
2 7 -1
2 9 -1
2 13 -1
2 20 -1
2 28 -1
2 31 -1
2 34 1
2 38 1
2 40 1
2 45 1
2 54 -1
2 55 1
2 57 1
2 63 -1
2 66 -1
2 70 -1
2 71 -1
2 74 1
2 78 1
2 83 1
2 86 1
2 87 -1
2 95 -1
2 97 -1
2 101 -1
2 103 -1
2 108 -1
2 109 -1
2 113 -1
2 114 -1
2 115 1
2 129 -1
3 9 -1
3 16 -1
3 26 -1
3 30 1
3 34 -1
3 44 1
3 52 -1
3 59 -1
3 60 -1
3 61 1
3 64 -1
3 69 -1
3 73 1
3 78 -1
3 79 1
3 80 -1
3 86 -1
3 90 -1
3 93 1
3 95 1
3 111 -1
3 118 -1
3 121 -1
3 125 -1
4 17 -1
4 18 -1
4 19 1
4 20 -1
4 21 -1
4 25 -1
4 29 -1
4 30 -1
4 31 -1
4 33 -1
4 34 -1
4 41 1
4 46 -1
4 47 -1
4 50 -1
4 53 1
4 56 1
4 57 -1
4 58 -1
4 62 1
4 66 -1
4 69 -1
4 70 1
4 71 -1
4 87 -1
4 89 -1
4 96 -1
4 98 1
4 112 -1
4 114 1
4 117 1
4 122 1
4 129 1
5 8 -1
5 13 -1
5 14 -1
5 34 -1
5 38 -1
5 40 -1
5 48 1
5 54 -1
5 55 -1
5 58 -1
5 60 -1
5 65 1
5 68 -1
5 70 -1
5 86 -1
5 88 -1
5 89 -1
5 91 -1
5 94 1
5 104 -1
5 113 -1
5 125 -1
6 18 1
6 20 1
6 25 1
6 34 -1
6 38 -1
6 43 1
6 45 -1
6 46 -1
6 51 -1
6 54 -1
6 63 -1
6 70 -1
6 72 -1
6 77 -1
6 85 -1
6 89 -1
6 93 -1
6 101 -1
6 106 -1
6 107 -1
6 111 -1
6 118 -1
6 120 -1
6 121 -1
6 126 1
7 18 -1
7 22 1
7 24 -1
7 25 -1
7 32 -1
7 36 1
7 50 -1
7 51 -1
7 59 -1
7 67 -1
7 71 -1
7 77 1
7 81 -1
7 87 -1
7 88 1
7 90 -1
7 92 1
7 98 -1
7 99 -1
7 100 -1
7 101 -1
7 105 -1
7 107 -1
7 109 1
7 112 1
7 114 -1
7 118 -1
7 122 -1
7 123 -1
7 130 -1
8 17 1
8 20 -1
8 21 -1
8 24 -1
8 32 -1
8 46 1
8 52 -1
8 54 1
8 61 -1
8 70 -1
8 72 1
8 77 -1
8 78 -1
8 83 -1
8 88 -1
8 90 -1
8 91 1
8 94 -1
8 103 -1
8 108 -1
8 114 -1
8 115 -1
8 129 -1
9 23 -1
9 26 -1
9 28 -1
9 39 1
9 41 -1
9 42 -1
9 50 1
9 52 1
9 58 -1
9 61 -1
9 72 -1
9 81 -1
9 82 1
9 85 -1
9 89 -1
9 91 -1
9 94 -1
9 97 1
9 100 -1
9 106 -1
9 117 -1
9 119 1
9 126 -1
9 128 -1
10 36 -1
10 42 -1
10 58 -1
10 61 -1
10 64 1
10 68 -1
10 70 -1
10 76 1
10 79 -1
10 81 -1
10 88 1
10 99 -1
10 102 -1
10 118 -1
10 120 -1
11 12 -1
11 15 -1
11 17 -1
11 18 1
11 20 -1
11 25 1
11 27 -1
11 32 1
11 42 1
11 59 1
11 65 -1
11 66 -1
11 67 -1
11 69 -1
11 77 -1
11 78 -1
11 87 -1
11 89 -1
11 93 -1
11 107 -1
11 115 -1
11 118 -1
11 120 -1
11 121 -1
11 123 -1
11 124 -1
11 127 1
12 13 -1
12 24 -1
12 28 -1
12 30 1
12 44 -1
12 46 -1
12 62 -1
12 72 -1
12 79 1
12 81 -1
12 98 -1
12 99 -1
12 103 -1
12 105 -1
12 106 -1
13 17 -1
13 21 -1
13 30 -1
13 41 -1
13 66 1
13 70 -1
13 71 -1
13 72 -1
13 74 -1
13 78 -1
13 80 -1
13 90 1
13 98 -1
13 99 1
13 102 -1
13 107 -1
13 110 -1
13 125 -1
13 129 -1
14 17 -1
14 20 -1
14 33 -1
14 35 -1
14 36 -1
14 46 -1
14 47 -1
14 49 1
14 54 -1
14 60 1
14 62 -1
14 66 -1
14 76 -1
14 85 1
14 91 -1
14 94 -1
14 95 -1
14 101 -1
14 104 -1
14 106 -1
14 107 -1
14 113 -1
14 129 -1
15 24 -1
15 37 -1
15 44 -1
15 57 -1
15 58 -1
15 64 -1
15 69 -1
15 73 -1
15 74 -1
15 75 -1
15 77 -1
15 78 -1
15 81 -1
15 105 -1
15 106 -1
15 115 -1
15 117 -1
15 118 -1
15 123 -1
15 128 1
15 130 -1
16 19 -1
16 21 -1
16 24 -1
16 26 -1
16 32 -1
16 37 1
16 40 -1
16 45 -1
16 53 -1
16 58 1
16 78 -1
16 80 -1
16 83 -1
16 84 1
16 89 1
16 90 -1
16 102 -1
16 105 -1
16 108 1
16 118 1
17 20 -1
17 30 -1
17 39 -1
17 46 1
17 54 1
17 72 1
17 80 -1
17 84 -1
17 91 1
17 97 -1
17 104 -1
17 113 -1
17 114 -1
17 117 -1
17 120 -1
18 20 1
18 25 1
18 29 -1
18 31 -1
18 32 1
18 39 -1
18 42 1
18 43 1
18 48 -1
18 49 -1
18 58 -1
18 59 1
18 63 -1
18 64 -1
18 66 -1
18 75 -1
18 76 -1
18 79 -1
18 88 -1
18 97 -1
18 113 -1
18 124 -1
18 125 -1
18 126 1
18 127 1
18 130 -1
19 28 -1
19 30 -1
19 35 -1
19 41 1
19 43 -1
19 50 -1
19 53 1
19 54 -1
19 56 1
19 62 1
19 77 -1
19 98 -1
19 100 -1
19 117 1
19 121 -1
19 129 1
20 25 1
20 34 -1
20 39 -1
20 43 1
20 44 -1
20 46 -1
20 58 -1
20 60 -1
20 62 -1
20 65 -1
20 72 -1
20 76 -1
20 77 -1
20 85 -1
20 86 -1
20 106 -1
20 114 -1
20 125 -1
20 126 1
21 22 -1
21 24 -1
21 28 -1
21 36 -1
21 38 1
21 40 1
21 50 -1
21 51 -1
21 57 1
21 59 -1
21 63 -1
21 67 1
21 68 -1
21 71 1
21 83 -1
21 89 -1
21 93 -1
21 96 -1
21 108 -1
21 112 -1
21 117 -1
21 121 1
21 123 -1
22 24 -1
22 26 -1
22 27 -1
22 29 -1
22 36 1
22 37 -1
22 66 -1
22 75 -1
22 77 -1
22 78 -1
22 85 -1
22 92 1
22 97 -1
22 100 -1
22 102 -1
22 104 -1
22 109 1
22 112 1
22 116 1
22 122 -1
23 24 1
23 27 1
23 28 1
23 31 1
23 33 -1
23 54 -1
23 56 -1
23 58 -1
23 65 -1
23 70 -1
23 80 1
23 84 -1
23 86 -1
23 93 -1
23 97 -1
23 101 1
23 106 1
23 110 1
23 114 -1
23 115 -1
23 119 -1
23 122 -1
23 123 -1
24 27 1
24 28 1
24 29 -1
24 35 -1
24 39 -1
24 50 -1
24 59 -1
24 61 -1
24 69 1
24 72 -1
24 75 1
24 79 -1
24 80 1
24 83 -1
24 95 -1
24 100 -1
24 101 -1
24 102 -1
24 103 -1
24 104 -1
24 105 -1
24 106 1
24 107 -1
24 112 -1
24 113 -1
24 123 -1
24 128 -1
24 129 -1
24 130 1
25 32 1
25 36 -1
25 42 1
25 43 1
25 54 -1
25 57 -1
25 59 1
25 77 -1
25 80 -1
25 83 -1
25 88 -1
25 89 -1
25 103 -1
25 107 -1
25 111 -1
25 112 -1
25 113 -1
25 117 -1
25 123 -1
25 126 1
25 127 1
26 32 -1
26 43 -1
26 44 -1
26 52 -1
26 55 -1
26 58 -1
26 62 -1
26 64 -1
26 67 -1
26 70 1
26 74 -1
26 75 -1
26 77 -1
26 80 -1
26 83 -1
26 84 -1
26 87 -1
26 88 -1
26 89 -1
26 91 -1
26 95 -1
26 97 -1
26 98 1
26 108 -1
26 112 -1
26 113 1
26 114 1
26 121 -1
26 122 1
26 126 -1
26 129 1
27 28 1
27 35 -1
27 36 -1
27 38 -1
27 43 -1
27 48 -1
27 65 -1
27 69 1
27 73 -1
27 75 1
27 80 1
27 82 -1
27 91 -1
27 106 1
27 112 -1
27 130 1
28 33 -1
28 46 -1
28 53 -1
28 56 -1
28 57 -1
28 61 -1
28 66 -1
28 68 -1
28 69 1
28 72 -1
28 73 -1
28 75 1
28 80 1
28 100 -1
28 101 -1
28 103 -1
28 104 -1
28 106 1
28 107 -1
28 116 -1
28 117 -1
28 121 -1
28 122 -1
28 127 -1
28 130 1
29 32 -1
29 43 -1
29 45 -1
29 47 1
29 52 -1
29 53 -1
29 56 -1
29 57 -1
29 63 -1
29 69 -1
29 70 -1
29 77 -1
29 85 -1
29 91 -1
29 102 -1
29 103 -1
29 110 -1
29 118 -1
29 120 1
29 122 -1
29 127 -1
30 37 -1
30 44 1
30 48 -1
30 51 -1
30 54 -1
30 55 -1
30 60 -1
30 61 -1
30 65 -1
30 66 -1
30 68 -1
30 73 1
30 74 -1
30 78 -1
30 79 1
30 87 -1
30 91 -1
30 93 1
30 113 -1
30 121 -1
30 130 -1
31 40 -1
31 44 -1
31 58 -1
31 61 -1
31 63 -1
31 68 -1
31 69 -1
31 70 -1
31 72 -1
31 75 -1
31 79 -1
31 81 1
31 90 -1
31 101 1
31 103 -1
31 105 -1
31 106 1
31 109 -1
31 110 1
31 113 -1
31 116 -1
31 125 -1
32 42 1
32 44 -1
32 48 -1
32 52 -1
32 59 1
32 62 -1
32 64 -1
32 65 -1
32 66 -1
32 79 -1
32 100 -1
32 103 1
32 106 -1
32 112 -1
32 113 -1
32 125 -1
32 127 1
32 128 -1
33 35 1
33 36 -1
33 47 -1
33 48 -1
33 51 1
33 57 -1
33 59 -1
33 67 -1
33 68 -1
33 78 -1
33 89 -1
33 90 -1
33 96 -1
33 100 -1
33 104 1
33 108 -1
33 109 -1
33 119 -1
33 125 1
33 127 -1
33 128 -1
34 41 -1
34 42 -1
34 45 1
34 47 -1
34 50 -1
34 55 1
34 57 -1
34 62 -1
34 63 -1
34 74 1
34 78 1
34 80 -1
34 83 1
34 84 -1
34 86 1
34 96 -1
34 98 -1
34 100 -1
34 101 -1
34 105 1
34 108 -1
34 110 -1
34 113 -1
34 115 1
34 118 -1
34 120 -1
34 130 -1
35 46 -1
35 51 1
35 70 -1
35 85 -1
35 86 -1
35 92 -1
35 93 -1
35 99 -1
35 104 1
35 107 1
35 120 -1
35 123 -1
35 129 -1
35 130 -1
36 40 -1
36 42 -1
36 44 -1
36 45 -1
36 50 -1
36 54 -1
36 56 -1
36 58 -1
36 62 -1
36 65 -1
36 66 -1
36 67 -1
36 68 -1
36 69 -1
36 72 -1
36 73 -1
36 74 -1
36 76 -1
36 80 -1
36 83 -1
36 91 -1
36 92 1
36 93 -1
36 95 -1
36 96 1
36 109 1
36 113 -1
36 116 1
36 122 -1
36 128 -1
37 42 -1
37 58 1
37 63 -1
37 70 -1
37 76 -1
37 80 -1
37 83 -1
37 84 1
37 85 -1
37 88 -1
37 89 1
37 90 -1
37 99 1
37 100 -1
37 108 1
37 111 1
37 116 -1
37 118 1
37 119 -1
37 120 -1
37 121 -1
37 128 -1
38 40 1
38 54 -1
38 56 -1
38 57 1
38 67 1
38 71 1
38 74 1
38 83 1
38 86 -1
38 88 -1
38 97 -1
38 101 -1
38 109 -1
38 112 -1
38 116 -1
38 121 1
38 124 -1
38 128 -1
39 42 -1
39 50 1
39 52 1
39 61 -1
39 64 -1
39 65 -1
39 66 -1
39 68 -1
39 73 -1
39 78 -1
39 82 1
39 85 -1
39 87 -1
39 91 -1
39 93 -1
39 97 1
39 99 -1
39 100 1
39 101 -1
39 114 -1
39 115 -1
39 116 -1
39 119 1
40 45 -1
40 54 -1
40 57 1
40 58 -1
40 59 -1
40 60 -1
40 64 -1
40 67 1
40 71 1
40 74 1
40 77 -1
40 83 1
40 84 -1
40 90 -1
40 104 -1
40 105 -1
40 107 -1
40 111 -1
40 113 -1
40 115 -1
40 119 -1
40 121 1
41 46 -1
41 50 -1
41 53 1
41 56 1
41 57 -1
41 59 -1
41 62 1
41 63 -1
41 64 -1
41 65 -1
41 70 1
41 71 -1
41 72 -1
41 73 -1
41 77 -1
41 79 -1
41 80 -1
41 83 -1
41 84 -1
41 93 -1
41 98 1
41 102 -1
41 110 -1
41 113 -1
41 114 1
41 117 1
41 122 1
41 129 1
42 45 -1
42 51 -1
42 56 -1
42 59 1
42 71 -1
42 74 -1
42 78 -1
42 88 -1
42 100 -1
42 126 -1
42 127 1
42 129 -1
43 49 -1
43 51 -1
43 60 -1
43 62 -1
43 70 -1
43 87 -1
43 93 -1
43 94 -1
43 107 -1
43 114 -1
43 119 -1
43 126 1
44 55 -1
44 58 -1
44 60 -1
44 61 1
44 64 -1
44 73 1
44 76 -1
44 79 1
44 80 -1
44 90 -1
44 93 1
44 94 1
44 95 1
44 99 -1
44 107 -1
44 108 -1
44 117 -1
44 125 -1
44 127 -1
45 46 -1
45 52 -1
45 55 1
45 60 -1
45 66 -1
45 68 -1
45 70 -1
45 75 -1
45 78 1
45 83 -1
45 86 1
45 87 -1
45 91 -1
45 94 -1
45 105 1
45 107 -1
45 110 -1
45 112 -1
45 115 1
45 119 -1
46 54 1
46 61 -1
46 68 -1
46 71 -1
46 72 1
46 83 -1
46 88 -1
46 91 1
46 96 -1
46 107 -1
46 110 -1
46 119 -1
47 50 -1
47 54 -1
47 61 -1
47 86 -1
47 99 -1
47 101 -1
47 112 -1
47 120 1
47 121 -1
47 123 -1
47 124 -1
47 127 -1
48 49 -1
48 54 -1
48 55 -1
48 65 1
48 74 -1
48 80 -1
48 82 -1
48 87 -1
48 88 -1
48 94 1
48 102 -1
48 103 -1
48 104 -1
48 111 -1
48 117 -1
48 126 -1
48 127 -1
49 59 -1
49 60 1
49 63 -1
49 76 -1
49 79 -1
49 82 -1
49 84 -1
49 85 1
49 97 -1
49 101 -1
49 104 -1
49 108 -1
49 110 -1
49 112 -1
49 113 -1
50 51 -1
50 52 1
50 56 -1
50 58 -1
50 71 -1
50 80 -1
50 82 1
50 87 1
50 91 -1
50 93 -1
50 97 1
50 99 -1
50 101 -1
50 105 -1
50 106 -1
50 107 -1
50 111 -1
51 56 -1
51 60 -1
51 61 -1
51 63 -1
51 72 -1
51 86 -1
51 89 -1
51 94 -1
51 104 1
51 107 1
51 108 -1
51 109 -1
51 113 -1
51 117 -1
51 125 1
51 127 -1
52 54 -1
52 59 -1
52 60 -1
52 64 -1
52 76 -1
52 79 -1
52 82 1
52 97 1
52 99 -1
52 100 1
52 104 -1
52 113 -1
52 114 -1
52 119 1
53 56 1
53 62 1
53 77 -1
53 84 -1
53 96 -1
53 104 -1
53 111 -1
53 117 1
53 120 -1
53 121 -1
53 124 -1
53 129 1
54 59 -1
54 60 -1
54 67 -1
54 72 1
54 74 -1
54 77 -1
54 78 -1
54 87 -1
54 100 -1
54 106 -1
54 108 -1
54 109 -1
54 115 -1
54 128 1
55 60 -1
55 69 -1
55 70 -1
55 71 -1
55 72 -1
55 76 -1
55 78 1
55 86 1
55 87 -1
55 92 -1
55 94 -1
55 105 1
55 110 -1
55 113 -1
55 115 1
55 117 -1
55 118 -1
56 58 -1
56 62 1
56 68 -1
56 70 -1
56 72 -1
56 79 -1
56 82 -1
56 87 -1
56 93 -1
56 101 -1
56 106 -1
56 110 -1
56 117 1
56 118 -1
56 120 -1
56 123 -1
56 129 1
57 65 -1
57 67 1
57 71 1
57 74 1
57 75 -1
57 81 -1
57 83 1
57 103 -1
57 104 -1
57 108 -1
57 118 -1
57 119 -1
57 121 1
57 123 -1
58 73 -1
58 84 1
58 89 1
58 96 -1
58 97 -1
58 102 -1
58 103 -1
58 105 -1
58 107 -1
58 108 1
58 111 1
58 112 -1
58 118 1
58 121 -1
58 127 -1
58 128 -1
59 64 -1
59 66 -1
59 69 -1
59 76 -1
59 78 -1
59 87 -1
59 103 1
59 106 -1
59 109 -1
59 113 -1
59 115 -1
59 122 -1
59 126 -1
59 127 1
59 129 -1
59 130 -1
60 61 -1
60 63 1
60 66 -1
60 72 -1
60 81 -1
60 84 -1
60 85 1
60 90 -1
60 100 -1
60 103 -1
60 106 -1
60 111 -1
60 115 -1
60 121 -1
60 122 -1
60 127 -1
60 129 -1
61 65 1
61 73 1
61 82 -1
61 86 -1
61 91 -1
61 93 1
61 94 1
61 95 1
61 106 -1
61 115 -1
61 116 -1
61 118 -1
61 123 -1
61 128 -1
62 63 -1
62 103 -1
62 106 -1
62 117 1
62 126 -1
62 127 -1
62 129 1
63 81 -1
63 85 1
63 89 -1
63 93 -1
63 108 -1
63 110 -1
63 116 -1
63 119 -1
63 130 -1
64 66 -1
64 67 -1
64 69 -1
64 72 -1
64 76 1
64 80 -1
64 88 1
64 95 -1
64 99 -1
64 101 -1
64 105 -1
64 111 -1
64 112 -1
64 118 -1
64 129 -1
65 66 -1
65 67 -1
65 84 -1
65 88 -1
65 93 -1
65 94 1
65 95 1
65 99 -1
65 102 -1
65 110 -1
65 113 -1
65 121 -1
65 124 -1
66 67 -1
66 73 -1
66 83 -1
66 85 -1
66 86 -1
66 87 -1
66 89 -1
66 90 1
66 100 -1
66 102 -1
66 103 -1
66 105 -1
66 106 -1
66 107 -1
66 108 -1
66 120 -1
66 121 -1
66 122 -1
66 125 -1
66 128 -1
67 69 -1
67 71 1
67 72 -1
67 74 1
67 81 -1
67 83 1
67 84 -1
67 89 -1
67 94 -1
67 95 -1
67 105 -1
67 115 -1
67 116 -1
67 121 1
67 125 -1
68 71 -1
68 74 -1
68 78 -1
68 91 -1
68 96 1
68 103 -1
68 107 -1
68 108 -1
68 116 1
68 118 -1
68 122 -1
68 128 -1
69 75 1
69 80 1
69 81 -1
69 87 -1
69 89 -1
69 90 -1
69 95 -1
69 105 -1
69 108 -1
69 122 -1
69 127 -1
69 128 -1
69 130 1
70 79 -1
70 82 -1
70 83 -1
70 96 -1
70 98 1
70 100 -1
70 114 1
70 117 1
70 121 -1
70 122 1
70 123 -1
70 127 -1
70 128 -1
70 129 1
71 72 -1
71 74 1
71 80 -1
71 83 1
71 84 -1
71 95 -1
71 99 -1
71 106 -1
71 116 -1
71 121 1
71 127 -1
72 73 -1
72 79 -1
72 91 1
72 92 -1
72 102 -1
72 103 -1
72 104 -1
72 108 -1
72 120 -1
72 121 -1
72 128 -1
73 74 -1
73 77 -1
73 79 1
73 80 -1
73 81 -1
73 85 -1
73 87 -1
73 93 1
73 94 1
73 95 1
73 107 -1
73 108 -1
73 110 -1
73 111 -1
73 114 -1
74 75 -1
74 78 -1
74 83 1
74 85 -1
74 86 1
74 88 -1
74 96 -1
74 98 -1
74 105 -1
74 111 -1
74 115 1
74 118 -1
74 123 -1
75 79 -1
75 80 1
75 85 -1
75 88 -1
75 89 -1
75 91 -1
75 94 -1
75 96 -1
75 98 -1
75 103 -1
75 114 -1
75 115 -1
75 116 -1
75 124 -1
75 130 1
76 87 -1
76 92 -1
76 96 -1
76 99 -1
76 104 -1
76 106 -1
76 112 -1
76 113 -1
76 116 -1
76 121 -1
76 128 -1
77 78 -1
77 80 -1
77 83 -1
77 88 1
77 89 -1
77 92 1
77 98 -1
77 102 -1
77 109 1
77 112 1
77 114 -1
77 119 -1
77 125 -1
78 79 -1
78 86 1
78 105 1
78 115 1
78 119 -1
78 120 -1
78 121 -1
78 128 -1
78 129 -1
79 82 -1
79 85 -1
79 89 -1
79 91 -1
79 93 1
79 94 -1
79 109 -1
79 111 -1
79 115 -1
79 118 -1
79 119 -1
79 126 -1
79 128 -1
80 88 -1
80 89 -1
80 97 -1
80 106 1
80 107 -1
80 109 -1
80 117 -1
80 119 -1
80 121 -1
80 124 -1
80 125 -1
80 127 -1
80 130 1
81 89 -1
81 94 -1
81 99 -1
81 101 1
81 105 -1
81 110 1
81 115 -1
81 119 -1
81 122 -1
81 124 -1
82 86 -1
82 88 -1
82 90 -1
82 97 1
82 100 1
82 112 -1
82 115 -1
82 119 1
82 122 -1
82 123 -1
82 129 -1
83 85 -1
83 86 1
83 88 -1
83 94 -1
83 96 -1
83 104 -1
83 106 -1
83 107 -1
83 110 -1
83 111 -1
83 112 -1
83 115 1
83 124 -1
84 85 -1
84 86 -1
84 87 -1
84 89 1
84 90 -1
84 95 -1
84 100 -1
84 108 1
84 109 -1
84 118 1
85 89 -1
85 91 -1
85 92 -1
85 93 -1
85 101 -1
85 108 -1
85 109 -1
85 125 -1
85 127 -1
86 90 -1
86 95 -1
86 101 -1
86 105 1
86 107 -1
86 109 -1
86 115 1
86 129 -1
87 90 -1
87 101 -1
87 122 -1
87 127 -1
88 93 -1
88 95 -1
88 96 -1
88 107 -1
88 109 1
88 112 1
88 113 -1
88 116 -1
88 118 -1
88 125 -1
88 126 -1
88 128 -1
89 92 -1
89 96 -1
89 99 1
89 101 -1
89 108 1
89 110 -1
89 111 1
89 118 1
89 122 -1
89 125 -1
89 126 -1
89 130 -1
90 92 -1
90 94 -1
90 99 1
90 109 -1
90 111 1
90 117 -1
90 122 -1
90 127 -1
91 96 -1
91 98 -1
91 107 -1
91 110 -1
91 113 -1
91 120 -1
91 121 -1
91 122 -1
91 127 -1
91 128 -1
92 102 -1
92 103 -1
92 109 1
92 110 -1
92 112 1
92 116 1
92 125 -1
92 130 -1
93 95 1
93 109 -1
94 95 1
94 102 -1
94 111 -1
95 96 -1
95 113 -1
95 121 -1
95 125 -1
96 102 -1
96 103 -1
96 104 -1
96 105 -1
96 116 1
96 122 -1
97 114 -1
97 119 1
97 121 -1
98 99 -1
98 108 -1
98 114 1
98 117 1
98 118 -1
98 121 -1
98 122 1
98 123 -1
98 124 -1
98 125 -1
98 128 -1
98 129 1
99 104 -1
99 105 -1
99 108 1
99 111 1
99 123 -1
99 128 -1
99 130 -1
100 103 -1
100 105 -1
100 106 -1
100 112 -1
100 119 1
101 106 1
101 110 1
102 104 -1
102 109 -1
102 110 -1
102 111 -1
102 112 -1
102 113 1
102 115 -1
102 124 1
103 111 -1
103 112 -1
103 113 -1
103 114 -1
103 127 1
104 105 -1
104 106 -1
104 107 1
104 111 -1
104 114 -1
104 116 -1
104 120 -1
104 125 1
104 127 -1
104 129 -1
105 106 -1
105 111 -1
105 114 -1
105 115 -1
105 116 -1
105 117 -1
105 129 -1
106 111 -1
106 119 -1
106 120 -1
106 129 -1
106 130 1
107 109 -1
107 111 -1
107 116 -1
107 121 1
107 126 -1
108 111 1
108 115 -1
108 118 1
108 119 -1
108 124 -1
109 112 1
109 115 -1
109 116 -1
110 112 -1
110 119 -1
110 120 -1
110 126 -1
110 129 -1
111 112 -1
111 118 1
111 128 -1
111 129 -1
112 122 -1
112 129 -1
113 114 -1
113 115 -1
113 116 -1
113 117 -1
113 121 -1
113 122 1
114 116 -1
114 117 1
114 119 -1
114 122 1
114 129 1
115 130 -1
116 119 -1
116 121 -1
116 123 -1
117 119 -1
117 122 1
117 129 1
119 120 -1
119 128 -1
119 130 -1
120 123 1
120 126 -1
121 130 -1
122 129 1
122 130 -1
123 130 -1
124 128 -1
125 128 -1
125 130 -1
126 130 -1
