vertices: 70 edges: 472
1 5 -1
1 8 1
1 13 1
1 15 -1
1 21 1
1 26 1
1 33 -1
1 38 1
2 4 -1
2 10 1
2 12 1
2 16 1
2 22 -1
2 24 -1
2 25 -1
2 30 1
2 33 1
2 39 1
2 42 1
2 43 1
2 44 -1
2 46 -1
2 48 1
2 52 1
2 59 -1
2 64 -1
2 67 -1
3 31 1
3 36 -1
3 37 1
3 46 -1
3 49 1
3 57 -1
3 61 -1
3 66 1
3 70 -1
4 6 1
4 23 1
4 25 1
4 28 -1
4 33 -1
4 40 -1
4 44 -1
4 48 -1
4 50 -1
4 51 -1
4 57 -1
4 59 1
4 70 1
5 13 1
5 15 -1
5 28 -1
5 35 -1
5 37 -1
5 39 -1
5 40 -1
5 45 -1
5 46 -1
5 51 -1
5 56 1
5 60 1
5 61 -1
5 62 -1
5 65 1
5 67 -1
5 69 1
6 11 -1
6 23 1
6 25 1
6 44 1
6 51 -1
6 59 1
6 65 -1
6 69 -1
6 70 1
7 13 -1
7 20 -1
7 24 1
7 30 -1
7 34 1
7 35 1
7 51 -1
7 53 1
7 56 1
7 59 -1
7 60 1
7 61 -1
7 63 -1
7 65 1
8 13 -1
8 20 -1
8 21 1
8 25 -1
8 26 1
8 38 1
8 40 -1
8 41 -1
8 42 -1
8 46 -1
8 51 -1
8 52 -1
8 56 -1
8 57 -1
8 62 -1
9 12 -1
9 20 -1
9 25 1
9 27 -1
9 41 -1
9 45 1
9 46 -1
9 59 1
9 64 1
9 67 -1
10 12 1
10 16 1
10 22 -1
10 25 -1
10 30 1
10 33 1
10 42 1
10 43 1
10 44 -1
10 48 1
10 52 1
10 53 -1
10 54 -1
10 57 -1
10 62 -1
11 16 -1
11 19 -1
11 24 -1
11 29 1
11 32 1
11 39 1
11 43 -1
11 47 1
11 49 -1
11 50 1
11 51 1
11 53 1
11 62 -1
11 68 1
12 16 1
12 30 1
12 33 1
12 38 -1
12 39 1
12 43 1
12 49 -1
12 52 1
12 68 -1
13 18 -1
13 29 -1
13 31 -1
13 38 1
13 47 -1
13 52 -1
13 62 -1
13 69 1
14 15 1
14 28 1
14 29 -1
14 42 1
14 48 1
14 58 1
14 67 1
14 69 -1
15 24 -1
15 28 1
15 36 -1
15 42 -1
15 44 -1
15 47 -1
15 58 1
16 38 -1
16 39 -1
16 40 -1
16 42 1
16 43 1
16 48 1
16 52 1
16 53 -1
16 55 -1
16 57 -1
16 60 -1
16 67 1
17 20 1
17 27 1
17 36 1
17 40 -1
17 42 -1
17 44 1
17 54 1
17 61 1
17 63 1
17 70 1
18 19 1
18 22 1
18 31 -1
18 34 -1
18 41 1
18 45 1
18 46 1
18 55 1
18 60 -1
18 64 1
18 65 -1
19 22 1
19 25 -1
19 28 -1
19 41 1
19 45 1
19 46 1
19 47 -1
19 55 1
19 62 -1
19 64 1
20 21 1
20 25 -1
20 26 1
20 27 1
20 33 -1
20 36 1
20 40 -1
20 41 -1
20 44 1
20 54 1
20 59 -1
20 60 -1
20 61 1
20 63 1
20 68 -1
20 69 -1
21 26 1
21 36 -1
21 38 1
21 53 -1
21 61 1
22 32 -1
22 33 -1
22 34 -1
22 36 -1
22 41 1
22 45 1
22 46 1
22 49 1
22 55 1
22 70 -1
23 25 1
23 28 -1
23 55 -1
23 56 -1
23 58 -1
23 59 1
23 70 1
24 28 -1
24 32 -1
24 34 1
24 35 1
24 45 -1
24 51 -1
24 53 1
24 56 1
24 60 1
24 65 1
24 66 -1
24 70 -1
25 29 -1
25 33 -1
25 38 -1
25 59 1
26 27 -1
26 28 -1
26 40 -1
26 48 -1
26 49 -1
26 51 -1
26 59 -1
26 61 1
27 36 1
27 44 1
27 45 -1
27 52 -1
27 54 1
27 63 1
27 70 1
28 33 -1
28 36 -1
28 44 -1
28 54 -1
28 58 1
28 70 -1
29 30 1
29 32 1
29 33 1
29 36 -1
29 37 -1
29 39 1
29 48 -1
29 51 1
29 55 -1
29 57 -1
29 59 -1
29 68 1
30 33 1
30 37 -1
30 39 1
30 43 1
30 49 -1
30 51 1
30 52 1
30 66 -1
30 67 -1
30 68 1
31 35 -1
31 41 1
31 49 1
31 55 1
31 58 -1
31 61 -1
31 63 -1
31 64 -1
31 66 1
32 35 -1
32 39 -1
32 45 -1
32 46 -1
32 47 1
32 50 1
32 51 1
32 53 1
32 59 -1
32 68 1
33 39 1
33 43 1
33 51 1
33 52 1
33 68 1
34 35 1
34 40 -1
34 41 -1
34 42 -1
34 51 -1
34 53 1
34 56 1
34 60 1
34 65 1
34 68 -1
35 36 -1
35 47 -1
35 53 1
35 55 -1
35 56 1
35 58 -1
35 60 1
35 65 1
36 44 1
36 54 1
36 61 1
36 63 1
37 40 1
37 52 -1
37 57 1
37 59 -1
37 62 1
37 66 1
37 67 -1
38 43 -1
38 48 -1
38 61 -1
39 43 1
39 45 -1
39 51 1
39 57 -1
39 59 -1
39 64 -1
39 68 1
40 53 -1
40 57 1
40 61 -1
40 62 1
40 66 1
41 46 1
41 49 1
41 55 1
42 43 1
42 48 1
42 52 1
42 67 1
43 48 1
43 52 1
43 58 -1
43 60 -1
43 65 -1
43 66 -1
44 48 -1
44 54 1
44 59 -1
44 63 1
44 70 1
45 46 1
45 48 -1
45 64 1
45 66 -1
46 52 -1
46 55 1
46 58 -1
46 59 -1
46 64 1
46 65 -1
47 50 1
47 53 1
47 55 -1
47 66 -1
47 68 1
47 69 -1
47 70 -1
48 52 1
48 55 -1
48 62 -1
48 67 1
49 55 1
49 56 -1
49 58 -1
49 66 1
50 53 1
50 63 -1
50 67 -1
50 68 1
51 62 -1
51 65 -1
51 68 1
51 70 -1
52 60 -1
52 64 -1
52 67 1
53 58 -1
53 65 1
53 68 -1
53 69 -1
54 61 1
54 63 1
54 70 1
55 60 -1
55 61 -1
55 63 -1
55 64 -1
55 69 -1
56 60 1
56 65 1
56 69 1
57 58 -1
57 62 1
57 65 -1
57 66 1
58 61 -1
58 67 1
59 60 -1
59 64 1
60 62 -1
60 65 1
60 66 -1
60 69 1
61 62 -1
61 63 1
62 66 1
62 68 -1
63 65 -1
63 70 1
64 66 -1
66 68 -1
