vertices: 190 edges: 9112
1 2 -1
1 4 -1
1 6 1
1 7 -1
1 9 1
1 10 -1
1 11 -1
1 19 -1
1 22 -1
1 24 -1
1 25 -1
1 31 1
1 36 -1
1 37 1
1 39 1
1 41 -1
1 42 -1
1 43 -1
1 44 -1
1 46 -1
1 47 -1
1 48 -1
1 49 -1
1 50 -1
1 54 -1
1 56 -1
1 57 -1
1 60 -1
1 61 -1
1 63 1
1 64 -1
1 65 -1
1 66 1
1 67 1
1 68 1
1 71 -1
1 74 -1
1 75 -1
1 77 1
1 78 -1
1 79 -1
1 80 -1
1 82 -1
1 83 -1
1 85 -1
1 86 1
1 88 -1
1 94 -1
1 97 -1
1 98 1
1 99 -1
1 100 1
1 105 1
1 106 -1
1 107 -1
1 111 -1
1 112 -1
1 113 1
1 116 -1
1 117 -1
1 118 -1
1 119 -1
1 120 -1
1 121 -1
1 126 -1
1 128 -1
1 129 1
1 130 -1
1 131 -1
1 132 1
1 133 -1
1 135 -1
1 136 -1
1 139 -1
1 140 -1
1 141 -1
1 142 -1
1 143 -1
1 145 -1
1 146 -1
1 147 -1
1 148 -1
1 149 1
1 152 -1
1 154 -1
1 160 -1
1 163 -1
1 168 -1
1 170 -1
1 172 -1
1 174 1
1 176 1
1 177 -1
1 178 -1
1 179 1
1 182 -1
1 183 -1
1 186 -1
1 187 -1
1 190 -1
2 3 -1
2 5 -1
2 7 1
2 10 1
2 11 1
2 12 -1
2 13 1
2 14 -1
2 15 -1
2 16 -1
2 19 -1
2 20 1
2 21 -1
2 23 -1
2 28 -1
2 31 -1
2 32 -1
2 33 -1
2 34 -1
2 35 -1
2 36 -1
2 39 -1
2 43 -1
2 44 -1
2 46 1
2 48 -1
2 50 -1
2 51 -1
2 53 -1
2 54 -1
2 56 -1
2 59 -1
2 64 -1
2 67 -1
2 71 -1
2 72 -1
2 74 -1
2 75 -1
2 76 -1
2 79 1
2 80 1
2 81 -1
2 82 -1
2 83 1
2 84 1
2 85 -1
2 86 -1
2 89 1
2 92 -1
2 94 1
2 95 -1
2 98 -1
2 101 1
2 104 -1
2 106 -1
2 108 -1
2 110 -1
2 111 -1
2 114 1
2 117 1
2 118 -1
2 120 -1
2 122 -1
2 127 1
2 128 -1
2 129 -1
2 130 -1
2 131 -1
2 132 -1
2 135 -1
2 136 -1
2 137 -1
2 140 -1
2 141 -1
2 142 1
2 143 -1
2 146 -1
2 150 1
2 151 1
2 154 -1
2 155 -1
2 158 1
2 162 -1
2 166 1
2 168 -1
2 170 -1
2 172 -1
2 176 -1
2 177 -1
2 178 -1
2 180 -1
2 181 1
2 182 1
2 183 -1
2 184 -1
2 188 -1
3 4 -1
3 5 1
3 6 -1
3 8 -1
3 11 -1
3 12 -1
3 15 -1
3 17 -1
3 22 -1
3 25 -1
3 26 1
3 28 -1
3 29 1
3 33 -1
3 35 -1
3 39 -1
3 40 -1
3 42 -1
3 44 1
3 45 1
3 46 -1
3 48 1
3 50 -1
3 52 -1
3 54 1
3 55 -1
3 58 -1
3 59 1
3 61 -1
3 63 -1
3 64 1
3 65 1
3 68 -1
3 69 1
3 70 -1
3 71 -1
3 72 -1
3 73 -1
3 75 -1
3 76 -1
3 77 -1
3 81 -1
3 83 -1
3 85 -1
3 92 -1
3 95 -1
3 97 -1
3 101 -1
3 106 -1
3 107 -1
3 110 -1
3 112 1
3 114 -1
3 115 -1
3 122 -1
3 127 -1
3 131 -1
3 132 -1
3 133 -1
3 134 -1
3 135 -1
3 136 1
3 137 -1
3 140 -1
3 141 -1
3 142 -1
3 145 -1
3 146 -1
3 148 1
3 151 -1
3 152 -1
3 153 -1
3 154 -1
3 156 -1
3 157 -1
3 160 -1
3 161 -1
3 162 -1
3 165 -1
3 166 -1
3 167 -1
3 168 -1
3 169 -1
3 171 -1
3 172 -1
3 174 -1
3 175 1
3 176 -1
3 178 1
3 182 -1
3 184 -1
3 186 1
3 188 1
3 189 -1
4 5 -1
4 9 -1
4 10 -1
4 11 -1
4 15 1
4 20 -1
4 21 -1
4 24 1
4 25 -1
4 26 -1
4 28 -1
4 30 -1
4 31 -1
4 33 -1
4 34 1
4 36 1
4 38 1
4 39 -1
4 40 -1
4 42 -1
4 43 1
4 44 -1
4 45 -1
4 48 -1
4 49 1
4 52 1
4 56 -1
4 57 -1
4 58 -1
4 60 -1
4 61 -1
4 62 -1
4 64 -1
4 65 -1
4 66 -1
4 68 -1
4 70 -1
4 72 1
4 74 1
4 75 -1
4 78 -1
4 79 -1
4 81 -1
4 82 -1
4 84 -1
4 85 -1
4 87 -1
4 89 -1
4 90 -1
4 91 1
4 93 -1
4 96 1
4 99 1
4 101 -1
4 102 -1
4 106 -1
4 107 1
4 109 -1
4 111 -1
4 112 -1
4 113 -1
4 114 -1
4 116 1
4 117 -1
4 119 -1
4 120 -1
4 121 1
4 122 -1
4 128 1
4 129 -1
4 130 1
4 131 1
4 132 -1
4 135 -1
4 136 -1
4 137 -1
4 138 -1
4 139 -1
4 141 -1
4 142 -1
4 146 -1
4 147 -1
4 148 -1
4 151 -1
4 152 -1
4 153 -1
4 154 -1
4 155 1
4 156 -1
4 159 -1
4 160 -1
4 164 1
4 165 -1
4 167 1
4 168 1
4 169 -1
4 171 1
4 176 -1
4 177 -1
4 178 -1
4 179 -1
4 184 -1
4 185 -1
4 186 -1
4 189 -1
4 190 1
5 7 -1
5 9 -1
5 13 -1
5 16 -1
5 20 -1
5 25 -1
5 26 -1
5 27 -1
5 29 -1
5 31 -1
5 34 -1
5 37 -1
5 38 -1
5 39 -1
5 40 -1
5 42 -1
5 45 1
5 48 1
5 49 -1
5 51 -1
5 52 -1
5 53 -1
5 54 1
5 56 -1
5 59 1
5 60 -1
5 61 -1
5 62 1
5 63 -1
5 64 1
5 65 1
5 67 -1
5 68 -1
5 69 1
5 70 -1
5 72 -1
5 74 -1
5 76 -1
5 77 -1
5 78 1
5 79 -1
5 81 -1
5 85 1
5 87 -1
5 92 -1
5 95 -1
5 99 -1
5 100 -1
5 101 -1
5 102 -1
5 104 1
5 108 -1
5 109 -1
5 110 -1
5 114 -1
5 119 -1
5 121 -1
5 122 -1
5 123 -1
5 124 -1
5 125 -1
5 126 -1
5 127 -1
5 128 -1
5 129 -1
5 130 -1
5 131 -1
5 133 -1
5 134 -1
5 135 -1
5 136 -1
5 138 -1
5 146 -1
5 148 1
5 150 -1
5 152 -1
5 153 -1
5 155 -1
5 158 -1
5 159 -1
5 162 -1
5 163 -1
5 166 -1
5 170 -1
5 171 -1
5 173 -1
5 174 -1
5 177 -1
5 178 1
5 179 -1
5 182 -1
5 183 -1
5 184 -1
5 186 1
5 190 -1
6 7 -1
6 9 1
6 11 -1
6 13 -1
6 16 -1
6 17 -1
6 18 -1
6 19 -1
6 22 -1
6 24 -1
6 25 -1
6 28 -1
6 30 -1
6 31 1
6 32 -1
6 34 -1
6 36 -1
6 39 1
6 40 -1
6 41 -1
6 44 -1
6 45 -1
6 48 -1
6 51 -1
6 52 -1
6 54 -1
6 55 -1
6 56 -1
6 58 -1
6 59 -1
6 61 -1
6 66 -1
6 67 -1
6 73 -1
6 74 -1
6 75 -1
6 76 -1
6 77 1
6 80 -1
6 81 1
6 82 -1
6 83 -1
6 84 -1
6 85 -1
6 86 -1
6 88 -1
6 89 -1
6 90 1
6 91 -1
6 92 -1
6 94 -1
6 97 -1
6 98 1
6 99 -1
6 102 -1
6 103 -1
6 104 -1
6 105 -1
6 106 -1
6 109 -1
6 111 1
6 112 -1
6 114 -1
6 115 1
6 116 -1
6 119 -1
6 121 -1
6 123 -1
6 124 -1
6 126 -1
6 127 -1
6 128 -1
6 130 -1
6 132 1
6 136 -1
6 137 -1
6 138 1
6 140 -1
6 141 -1
6 142 -1
6 143 -1
6 144 -1
6 145 1
6 146 -1
6 147 1
6 149 1
6 153 -1
6 155 -1
6 156 -1
6 161 -1
6 164 -1
6 169 -1
6 170 -1
6 173 -1
6 176 1
6 177 -1
6 179 1
6 180 -1
6 184 1
6 187 -1
6 190 -1
7 9 -1
7 10 1
7 11 1
7 13 1
7 15 -1
7 18 -1
7 20 1
7 21 -1
7 24 -1
7 27 -1
7 30 -1
7 31 -1
7 34 -1
7 36 -1
7 43 -1
7 44 -1
7 45 -1
7 46 1
7 47 -1
7 48 -1
7 49 -1
7 58 -1
7 62 1
7 63 -1
7 64 -1
7 65 -1
7 66 -1
7 67 -1
7 71 -1
7 75 -1
7 76 -1
7 77 -1
7 79 1
7 80 1
7 81 -1
7 82 -1
7 83 1
7 84 1
7 85 -1
7 87 -1
7 89 1
7 90 -1
7 92 -1
7 93 -1
7 94 1
7 99 -1
7 103 -1
7 105 -1
7 109 -1
7 110 -1
7 111 -1
7 112 -1
7 114 1
7 115 -1
7 117 -1
7 118 -1
7 122 -1
7 124 -1
7 126 -1
7 127 1
7 128 -1
7 129 -1
7 135 -1
7 136 -1
7 138 -1
7 139 -1
7 140 -1
7 142 1
7 143 -1
7 145 -1
7 148 -1
7 149 -1
7 150 1
7 151 1
7 152 -1
7 153 -1
7 154 -1
7 157 -1
7 158 1
7 161 -1
7 163 -1
7 165 -1
7 166 1
7 170 -1
7 171 -1
7 172 -1
7 173 -1
7 175 -1
7 177 -1
7 180 -1
7 181 1
7 182 1
7 183 -1
7 184 -1
7 185 -1
7 188 -1
7 189 -1
8 10 -1
8 11 -1
8 13 -1
8 14 1
8 15 -1
8 16 1
8 20 -1
8 21 1
8 22 1
8 25 -1
8 26 -1
8 27 1
8 28 1
8 32 1
8 34 1
8 35 -1
8 37 -1
8 38 -1
8 41 1
8 43 1
8 52 1
8 56 1
8 57 -1
8 58 -1
8 60 -1
8 61 -1
8 62 -1
8 63 -1
8 65 -1
8 66 -1
8 70 1
8 71 -1
8 72 1
8 74 -1
8 75 -1
8 76 -1
8 77 -1
8 78 -1
8 81 -1
8 82 1
8 83 -1
8 89 -1
8 90 -1
8 91 -1
8 93 1
8 95 -1
8 97 1
8 98 -1
8 99 -1
8 101 -1
8 104 -1
8 105 -1
8 106 -1
8 113 -1
8 114 -1
8 115 -1
8 116 -1
8 117 -1
8 118 1
8 119 -1
8 121 -1
8 122 -1
8 123 -1
8 124 -1
8 126 -1
8 127 -1
8 128 1
8 129 -1
8 130 -1
8 131 1
8 132 -1
8 133 -1
8 136 -1
8 137 1
8 138 -1
8 139 1
8 140 -1
8 141 1
8 144 -1
8 146 1
8 149 -1
8 151 -1
8 152 -1
8 154 -1
8 155 1
8 156 -1
8 157 -1
8 159 -1
8 162 -1
8 163 1
8 167 -1
8 168 -1
8 169 -1
8 172 -1
8 177 -1
8 178 -1
8 179 -1
8 181 -1
8 182 -1
8 183 -1
8 184 -1
8 186 -1
9 10 -1
9 11 -1
9 12 -1
9 14 -1
9 15 -1
9 24 -1
9 25 -1
9 28 -1
9 30 -1
9 31 1
9 32 -1
9 33 -1
9 34 -1
9 36 -1
9 38 -1
9 39 1
9 47 -1
9 48 -1
9 50 -1
9 53 -1
9 62 -1
9 64 -1
9 65 -1
9 66 1
9 67 -1
9 69 -1
9 70 -1
9 72 -1
9 75 -1
9 76 -1
9 77 1
9 80 -1
9 81 1
9 83 -1
9 85 -1
9 86 -1
9 88 -1
9 89 -1
9 90 -1
9 92 -1
9 98 1
9 99 -1
9 101 -1
9 102 -1
9 103 -1
9 105 1
9 108 -1
9 110 -1
9 111 1
9 112 -1
9 113 -1
9 114 -1
9 115 1
9 126 -1
9 127 -1
9 128 -1
9 129 1
9 130 -1
9 131 -1
9 132 1
9 137 -1
9 140 -1
9 143 -1
9 145 1
9 149 1
9 150 -1
9 154 -1
9 155 -1
9 157 -1
9 163 -1
9 165 -1
9 167 -1
9 169 -1
9 171 -1
9 172 -1
9 176 1
9 179 1
9 180 -1
9 181 -1
9 183 -1
9 184 1
9 185 -1
9 189 -1
10 11 1
10 13 1
10 15 -1
10 17 -1
10 20 1
10 26 -1
10 27 -1
10 28 -1
10 35 -1
10 38 -1
10 39 -1
10 40 -1
10 41 -1
10 43 -1
10 46 1
10 49 -1
10 51 -1
10 52 -1
10 53 -1
10 54 -1
10 55 -1
10 56 -1
10 58 -1
10 60 -1
10 61 -1
10 62 -1
10 63 -1
10 65 -1
10 71 -1
10 73 -1
10 75 -1
10 79 1
10 80 1
10 81 -1
10 82 -1
10 83 1
10 84 1
10 86 -1
10 89 1
10 90 -1
10 92 -1
10 94 1
10 97 -1
10 98 -1
10 99 -1
10 101 1
10 102 -1
10 106 -1
10 107 -1
10 108 -1
10 109 -1
10 110 -1
10 114 1
10 115 -1
10 117 1
10 119 -1
10 120 -1
10 121 -1
10 126 -1
10 127 1
10 130 -1
10 131 -1
10 132 -1
10 133 -1
10 135 -1
10 138 -1
10 141 -1
10 142 1
10 145 -1
10 148 -1
10 149 -1
10 150 1
10 151 1
10 152 -1
10 153 -1
10 158 1
10 159 -1
10 163 -1
10 164 -1
10 165 -1
10 166 1
10 167 -1
10 169 -1
10 170 -1
10 172 -1
10 178 -1
10 181 1
10 182 1
10 190 -1
11 12 -1
11 13 1
11 14 -1
11 17 -1
11 19 -1
11 20 -1
11 21 -1
11 22 -1
11 23 -1
11 24 -1
11 25 -1
11 26 -1
11 27 -1
11 32 -1
11 33 -1
11 35 -1
11 38 -1
11 39 -1
11 45 -1
11 46 -1
11 48 1
11 49 -1
11 50 -1
11 51 -1
11 52 -1
11 54 -1
11 55 -1
11 58 -1
11 61 -1
11 62 1
11 64 -1
11 65 1
11 66 -1
11 68 -1
11 70 -1
11 72 -1
11 73 -1
11 75 -1
11 77 -1
11 78 1
11 79 -1
11 80 1
11 81 -1
11 83 1
11 84 1
11 85 1
11 86 -1
11 87 -1
11 89 1
11 91 -1
11 92 -1
11 95 -1
11 97 -1
11 100 -1
11 101 -1
11 102 -1
11 103 -1
11 104 1
11 106 -1
11 108 -1
11 114 1
11 115 -1
11 117 -1
11 122 -1
11 124 -1
11 125 -1
11 126 -1
11 128 -1
11 129 -1
11 131 -1
11 133 -1
11 136 -1
11 139 -1
11 142 1
11 145 -1
11 146 -1
11 147 -1
11 148 1
11 150 1
11 151 1
11 152 -1
11 154 -1
11 156 -1
11 157 -1
11 158 1
11 161 -1
11 162 -1
11 166 1
11 167 -1
11 169 -1
11 172 -1
11 175 -1
11 176 -1
11 177 -1
11 181 1
11 182 1
11 183 -1
11 189 -1
11 190 -1
12 14 -1
12 17 -1
12 18 -1
12 19 -1
12 22 -1
12 24 -1
12 25 1
12 28 -1
12 31 -1
12 33 -1
12 38 -1
12 44 -1
12 46 -1
12 49 -1
12 50 1
12 52 -1
12 53 -1
12 54 -1
12 58 -1
12 60 1
12 61 -1
12 65 -1
12 66 -1
12 67 -1
12 68 -1
12 69 -1
12 71 1
12 72 -1
12 73 -1
12 80 -1
12 82 -1
12 87 -1
12 90 -1
12 91 -1
12 92 -1
12 95 1
12 98 -1
12 100 -1
12 104 -1
12 106 -1
12 107 -1
12 108 -1
12 109 1
12 112 -1
12 113 -1
12 114 -1
12 115 -1
12 116 -1
12 117 -1
12 119 -1
12 120 1
12 121 -1
12 123 1
12 124 -1
12 126 -1
12 128 -1
12 129 -1
12 131 -1
12 132 -1
12 136 -1
12 139 -1
12 140 1
12 141 -1
12 143 -1
12 145 -1
12 149 -1
12 155 -1
12 156 -1
12 157 -1
12 159 -1
12 160 -1
12 163 -1
12 164 -1
12 165 -1
12 168 -1
12 170 -1
12 172 1
12 174 -1
12 178 -1
12 180 -1
12 183 -1
12 187 1
12 189 -1
13 21 -1
13 22 -1
13 23 -1
13 29 -1
13 31 -1
13 33 -1
13 34 -1
13 39 -1
13 41 -1
13 42 -1
13 43 -1
13 44 -1
13 45 -1
13 46 1
13 47 -1
13 48 -1
13 49 -1
13 52 -1
13 60 -1
13 62 1
13 63 -1
13 65 1
13 66 -1
13 72 -1
13 73 -1
13 76 -1
13 78 1
13 80 1
13 82 -1
13 83 1
13 84 1
13 85 1
13 88 -1
13 89 1
13 90 -1
13 92 -1
13 93 -1
13 96 -1
13 100 -1
13 101 -1
13 103 -1
13 104 1
13 108 -1
13 110 -1
13 111 -1
13 114 1
13 116 -1
13 117 -1
13 118 -1
13 122 -1
13 123 -1
13 126 -1
13 127 1
13 131 -1
13 137 -1
13 140 -1
13 142 1
13 145 -1
13 146 -1
13 149 -1
13 150 1
13 151 1
13 152 -1
13 158 1
13 160 -1
13 161 -1
13 163 -1
13 164 -1
13 165 -1
13 166 1
13 167 -1
13 168 -1
13 169 -1
13 170 -1
13 174 -1
13 178 -1
13 181 1
13 182 1
13 183 -1
13 184 -1
13 186 -1
13 187 -1
13 189 -1
14 15 -1
14 16 1
14 18 -1
14 19 -1
14 21 1
14 22 1
14 23 -1
14 25 -1
14 26 -1
14 27 1
14 28 1
14 32 1
14 34 1
14 35 -1
14 36 -1
14 41 1
14 43 1
14 45 -1
14 48 -1
14 50 -1
14 52 1
14 56 1
14 58 -1
14 60 -1
14 62 -1
14 64 -1
14 65 -1
14 66 -1
14 68 -1
14 69 -1
14 70 1
14 72 1
14 73 -1
14 74 -1
14 75 -1
14 76 -1
14 79 -1
14 80 -1
14 81 -1
14 82 1
14 83 -1
14 85 -1
14 88 -1
14 91 -1
14 93 1
14 94 -1
14 95 -1
14 97 1
14 102 -1
14 103 -1
14 105 -1
14 107 -1
14 108 -1
14 109 -1
14 110 -1
14 111 -1
14 113 -1
14 115 -1
14 118 1
14 120 -1
14 121 -1
14 122 1
14 123 -1
14 125 -1
14 128 1
14 129 -1
14 130 -1
14 131 1
14 133 -1
14 134 -1
14 137 1
14 139 1
14 140 -1
14 141 1
14 143 -1
14 144 -1
14 146 1
14 149 -1
14 153 -1
14 155 1
14 156 -1
14 161 -1
14 162 -1
14 163 1
14 167 -1
14 169 -1
14 171 -1
14 172 -1
14 173 -1
14 175 -1
14 176 -1
14 177 -1
14 178 -1
14 183 -1
14 186 -1
14 190 -1
15 16 -1
15 18 -1
15 19 -1
15 20 -1
15 22 -1
15 23 -1
15 24 1
15 25 -1
15 26 -1
15 27 -1
15 28 -1
15 30 -1
15 31 -1
15 32 -1
15 33 -1
15 34 1
15 35 -1
15 36 1
15 37 -1
15 38 1
15 39 -1
15 41 -1
15 42 -1
15 43 1
15 44 -1
15 45 -1
15 48 -1
15 49 1
15 50 -1
15 52 1
15 54 -1
15 55 -1
15 56 -1
15 57 -1
15 59 -1
15 60 -1
15 61 -1
15 64 -1
15 65 -1
15 72 1
15 74 1
15 75 -1
15 76 -1
15 77 -1
15 78 -1
15 81 -1
15 83 -1
15 84 -1
15 85 -1
15 86 -1
15 90 -1
15 91 1
15 93 -1
15 95 -1
15 96 1
15 98 -1
15 99 1
15 101 -1
15 103 -1
15 105 -1
15 106 -1
15 107 1
15 108 -1
15 109 -1
15 115 -1
15 116 1
15 118 -1
15 119 -1
15 121 1
15 124 -1
15 126 -1
15 128 1
15 130 1
15 131 1
15 133 -1
15 136 -1
15 137 -1
15 141 -1
15 143 -1
15 144 -1
15 146 -1
15 148 -1
15 155 1
15 156 -1
15 157 -1
15 158 -1
15 160 -1
15 163 -1
15 164 1
15 165 -1
15 167 1
15 168 1
15 170 -1
15 171 1
15 173 -1
15 174 -1
15 175 -1
15 178 -1
15 180 -1
15 182 -1
15 184 -1
15 185 -1
15 189 -1
15 190 1
16 17 -1
16 19 -1
16 20 -1
16 21 1
16 22 1
16 27 1
16 28 1
16 29 -1
16 30 1
16 32 1
16 33 -1
16 34 -1
16 36 -1
16 37 -1
16 39 -1
16 41 1
16 43 -1
16 44 -1
16 45 -1
16 46 -1
16 47 -1
16 48 -1
16 49 -1
16 53 1
16 56 1
16 57 1
16 59 -1
16 62 -1
16 63 -1
16 64 -1
16 66 -1
16 67 -1
16 69 -1
16 70 -1
16 72 -1
16 73 -1
16 74 -1
16 75 -1
16 76 -1
16 77 -1
16 79 -1
16 80 -1
16 81 -1
16 82 1
16 83 -1
16 84 -1
16 85 -1
16 88 -1
16 89 -1
16 90 -1
16 92 -1
16 94 -1
16 95 -1
16 96 -1
16 97 -1
16 98 -1
16 101 -1
16 104 -1
16 105 -1
16 106 -1
16 107 -1
16 110 1
16 111 -1
16 115 -1
16 116 -1
16 118 1
16 119 -1
16 121 -1
16 122 1
16 124 -1
16 125 1
16 127 -1
16 132 -1
16 133 1
16 136 -1
16 139 1
16 140 -1
16 141 1
16 142 -1
16 143 -1
16 145 -1
16 146 1
16 149 -1
16 150 -1
16 151 -1
16 152 -1
16 153 -1
16 156 -1
16 158 -1
16 159 1
16 160 1
16 161 1
16 162 -1
16 163 1
16 173 -1
16 175 -1
16 180 -1
16 182 -1
16 183 -1
16 189 1
17 19 1
17 20 -1
17 21 -1
17 22 -1
17 23 -1
17 24 -1
17 28 -1
17 30 -1
17 34 -1
17 37 -1
17 38 -1
17 39 -1
17 40 -1
17 42 -1
17 44 -1
17 45 -1
17 46 -1
17 47 1
17 50 -1
17 51 1
17 52 -1
17 54 -1
17 55 1
17 57 -1
17 61 1
17 63 -1
17 66 -1
17 71 -1
17 72 -1
17 74 -1
17 75 -1
17 76 -1
17 79 -1
17 83 -1
17 86 -1
17 88 1
17 89 -1
17 91 -1
17 93 -1
17 95 -1
17 97 -1
17 101 -1
17 102 1
17 104 -1
17 106 -1
17 107 -1
17 108 1
17 110 -1
17 113 -1
17 115 -1
17 116 -1
17 122 -1
17 123 -1
17 124 -1
17 126 1
17 127 -1
17 128 -1
17 130 -1
17 131 -1
17 133 -1
17 134 1
17 139 -1
17 140 -1
17 142 -1
17 143 -1
17 144 1
17 145 -1
17 148 -1
17 150 -1
17 153 1
17 154 -1
17 157 1
17 158 -1
17 161 -1
17 162 1
17 166 -1
17 168 -1
17 169 1
17 170 1
17 178 -1
17 181 -1
17 183 -1
17 184 -1
17 186 -1
17 188 -1
17 190 -1
18 19 -1
18 24 -1
18 25 -1
18 26 -1
18 27 -1
18 28 -1
18 29 -1
18 30 -1
18 32 -1
18 33 1
18 35 1
18 37 1
18 38 -1
18 40 -1
18 41 -1
18 42 1
18 44 -1
18 46 -1
18 49 -1
18 53 -1
18 54 -1
18 56 -1
18 60 -1
18 62 -1
18 63 1
18 64 -1
18 66 1
18 67 1
18 68 1
18 70 -1
18 72 -1
18 73 -1
18 74 -1
18 75 1
18 79 -1
18 80 -1
18 81 -1
18 82 -1
18 83 -1
18 84 -1
18 85 -1
18 86 1
18 87 -1
18 88 -1
18 89 -1
18 90 -1
18 91 -1
18 92 -1
18 93 -1
18 98 -1
18 100 1
18 103 1
18 105 1
18 106 1
18 107 -1
18 111 -1
18 113 1
18 114 -1
18 118 -1
18 122 -1
18 123 -1
18 124 1
18 127 -1
18 129 1
18 132 -1
18 133 -1
18 134 -1
18 135 -1
18 136 -1
18 138 -1
18 139 -1
18 140 -1
18 141 -1
18 147 -1
18 148 -1
18 149 -1
18 150 -1
18 152 -1
18 153 -1
18 154 -1
18 156 1
18 157 -1
18 158 -1
18 159 -1
18 161 -1
18 163 -1
18 174 1
18 176 -1
18 177 -1
18 179 -1
18 181 -1
18 183 -1
18 186 -1
18 187 -1
18 190 -1
19 22 -1
19 26 -1
19 29 -1
19 31 -1
19 32 -1
19 38 -1
19 40 -1
19 42 -1
19 43 -1
19 47 1
19 51 1
19 55 1
19 56 -1
19 57 -1
19 58 1
19 59 -1
19 60 -1
19 61 1
19 63 -1
19 64 -1
19 65 -1
19 68 -1
19 75 -1
19 76 -1
19 78 -1
19 79 -1
19 80 -1
19 81 -1
19 85 -1
19 86 -1
19 87 1
19 88 1
19 90 -1
19 95 -1
19 96 -1
19 97 -1
19 99 -1
19 102 1
19 104 -1
19 105 -1
19 106 -1
19 108 1
19 110 -1
19 115 -1
19 117 -1
19 119 -1
19 122 -1
19 124 -1
19 125 -1
19 126 1
19 131 -1
19 133 -1
19 134 1
19 138 -1
19 139 -1
19 142 -1
19 143 1
19 145 -1
19 146 -1
19 152 1
19 153 1
19 154 -1
19 155 -1
19 157 1
19 159 -1
19 160 -1
19 161 -1
19 162 1
19 163 -1
19 164 -1
19 167 -1
19 169 1
19 170 1
19 171 -1
19 173 1
19 176 -1
19 178 -1
19 180 1
19 181 -1
19 183 -1
19 184 -1
19 185 1
19 186 -1
19 187 -1
19 188 -1
19 190 -1
20 24 -1
20 28 -1
20 29 -1
20 31 -1
20 33 -1
20 38 -1
20 42 -1
20 45 -1
20 46 1
20 47 -1
20 48 -1
20 50 -1
20 54 -1
20 55 -1
20 57 -1
20 60 -1
20 61 -1
20 63 -1
20 68 -1
20 72 -1
20 75 -1
20 77 -1
20 79 1
20 80 1
20 83 1
20 84 1
20 86 -1
20 87 -1
20 88 -1
20 89 1
20 91 -1
20 93 -1
20 94 1
20 95 -1
20 96 -1
20 98 -1
20 100 -1
20 101 1
20 102 -1
20 103 -1
20 104 -1
20 108 -1
20 115 -1
20 117 1
20 119 -1
20 120 -1
20 121 -1
20 123 -1
20 124 1
20 125 -1
20 126 -1
20 127 1
20 130 -1
20 131 -1
20 137 -1
20 142 -1
20 143 -1
20 148 -1
20 149 -1
20 151 1
20 152 -1
20 153 -1
20 154 1
20 155 -1
20 158 1
20 159 -1
20 160 -1
20 161 -1
20 164 -1
20 166 1
20 169 -1
20 170 -1
20 174 -1
20 176 -1
20 177 -1
20 178 -1
20 179 -1
20 180 -1
20 181 1
20 182 1
20 184 -1
20 187 -1
20 189 -1
20 190 -1
21 22 1
21 24 -1
21 26 -1
21 27 1
21 28 1
21 29 -1
21 30 -1
21 32 1
21 34 1
21 39 -1
21 40 -1
21 41 1
21 42 -1
21 43 1
21 50 -1
21 52 1
21 54 -1
21 56 1
21 57 -1
21 59 -1
21 60 -1
21 61 -1
21 62 -1
21 64 -1
21 65 -1
21 69 -1
21 70 1
21 72 1
21 73 -1
21 75 -1
21 78 -1
21 79 -1
21 81 -1
21 82 1
21 84 -1
21 87 -1
21 91 -1
21 92 -1
21 93 1
21 95 -1
21 97 1
21 98 -1
21 99 -1
21 108 -1
21 109 -1
21 111 -1
21 114 -1
21 115 -1
21 116 -1
21 118 1
21 120 -1
21 121 -1
21 123 -1
21 124 -1
21 128 1
21 131 1
21 135 -1
21 136 -1
21 137 1
21 138 -1
21 139 1
21 141 1
21 142 -1
21 146 1
21 150 -1
21 154 -1
21 155 1
21 156 -1
21 157 -1
21 163 1
21 170 -1
21 171 -1
21 175 -1
21 176 -1
21 178 -1
21 179 -1
21 180 -1
21 181 -1
21 182 -1
21 185 -1
21 186 -1
21 187 -1
22 23 -1
22 24 -1
22 25 -1
22 26 -1
22 27 1
22 28 1
22 30 -1
22 32 1
22 33 -1
22 34 1
22 35 -1
22 38 -1
22 39 -1
22 40 -1
22 41 1
22 42 -1
22 43 1
22 51 -1
22 52 1
22 54 -1
22 56 1
22 57 -1
22 58 -1
22 61 -1
22 63 -1
22 67 -1
22 68 -1
22 70 1
22 72 1
22 77 -1
22 81 -1
22 82 1
22 83 -1
22 85 -1
22 88 -1
22 89 -1
22 93 1
22 97 1
22 101 -1
22 102 -1
22 104 -1
22 107 -1
22 108 -1
22 109 -1
22 111 -1
22 113 -1
22 114 -1
22 117 -1
22 118 1
22 119 -1
22 120 -1
22 122 1
22 123 -1
22 124 -1
22 126 -1
22 127 -1
22 128 1
22 130 -1
22 131 1
22 134 -1
22 136 -1
22 137 1
22 138 -1
22 139 1
22 141 1
22 143 -1
22 146 1
22 148 -1
22 155 1
22 156 -1
22 157 -1
22 162 -1
22 163 1
22 164 -1
22 167 -1
22 168 -1
22 169 -1
22 170 -1
22 171 -1
22 172 -1
22 173 -1
22 174 -1
22 175 -1
22 177 -1
22 179 -1
22 182 -1
22 184 -1
22 185 -1
22 187 -1
22 188 -1
22 189 -1
22 190 -1
23 24 -1
23 25 -1
23 27 -1
23 28 -1
23 30 -1
23 32 -1
23 33 -1
23 36 1
23 37 -1
23 38 -1
23 40 1
23 41 -1
23 44 -1
23 48 -1
23 49 1
23 51 -1
23 53 -1
23 54 -1
23 56 -1
23 62 -1
23 64 -1
23 65 -1
23 70 -1
23 73 1
23 74 1
23 76 1
23 78 -1
23 79 -1
23 80 -1
23 81 -1
23 84 -1
23 85 -1
23 86 -1
23 87 -1
23 90 -1
23 93 -1
23 95 -1
23 98 -1
23 99 -1
23 100 -1
23 102 -1
23 104 -1
23 105 -1
23 107 -1
23 108 -1
23 109 -1
23 113 -1
23 115 -1
23 116 1
23 117 -1
23 119 1
23 121 1
23 123 -1
23 126 -1
23 130 1
23 131 -1
23 132 -1
23 135 1
23 136 -1
23 137 -1
23 140 -1
23 143 -1
23 149 -1
23 152 -1
23 156 -1
23 157 -1
23 160 -1
23 161 -1
23 162 -1
23 165 1
23 167 1
23 171 1
23 172 -1
23 177 -1
23 178 -1
23 183 1
23 184 -1
23 186 -1
23 187 -1
23 188 -1
23 190 1
24 28 -1
24 30 -1
24 31 -1
24 32 -1
24 33 -1
24 34 1
24 36 1
24 38 1
24 39 -1
24 42 -1
24 43 1
24 47 -1
24 49 1
24 52 1
24 53 -1
24 55 -1
24 56 -1
24 60 -1
24 63 -1
24 64 -1
24 65 -1
24 68 -1
24 69 -1
24 70 1
24 72 1
24 73 -1
24 75 -1
24 76 -1
24 77 -1
24 78 -1
24 81 -1
24 83 -1
24 84 -1
24 87 -1
24 91 1
24 93 1
24 96 1
24 97 1
24 98 -1
24 99 1
24 101 -1
24 105 -1
24 106 -1
24 107 1
24 114 -1
24 115 -1
24 116 1
24 117 -1
24 120 -1
24 126 -1
24 128 1
24 130 1
24 131 1
24 132 -1
24 133 -1
24 136 -1
24 137 1
24 139 -1
24 142 -1
24 145 -1
24 146 -1
24 150 -1
24 152 -1
24 153 -1
24 154 -1
24 155 1
24 158 -1
24 160 -1
24 161 -1
24 164 1
24 167 1
24 168 1
24 169 -1
24 170 -1
24 173 -1
24 174 -1
24 175 -1
24 177 -1
24 178 -1
24 180 -1
24 183 -1
24 185 -1
24 190 1
25 26 -1
25 28 -1
25 30 -1
25 33 -1
25 36 -1
25 39 -1
25 41 -1
25 44 -1
25 46 -1
25 48 -1
25 50 1
25 51 -1
25 52 -1
25 54 -1
25 56 -1
25 58 -1
25 60 1
25 67 -1
25 68 -1
25 69 -1
25 71 1
25 72 -1
25 77 -1
25 80 -1
25 81 -1
25 83 -1
25 85 -1
25 88 -1
25 89 -1
25 90 -1
25 91 -1
25 92 1
25 94 -1
25 95 1
25 97 -1
25 98 -1
25 99 -1
25 101 -1
25 103 -1
25 104 -1
25 105 -1
25 106 -1
25 107 -1
25 109 1
25 112 -1
25 113 -1
25 114 -1
25 118 -1
25 119 -1
25 120 1
25 122 -1
25 123 1
25 124 -1
25 131 -1
25 134 -1
25 136 -1
25 137 -1
25 139 -1
25 140 1
25 141 -1
25 142 -1
25 143 -1
25 145 -1
25 147 -1
25 148 -1
25 149 -1
25 154 -1
25 159 -1
25 162 -1
25 165 -1
25 166 -1
25 168 -1
25 169 -1
25 170 -1
25 171 -1
25 172 1
25 176 -1
25 177 1
25 178 -1
25 181 -1
25 182 -1
25 185 -1
25 187 1
25 189 -1
26 28 -1
26 29 1
26 30 1
26 32 -1
26 36 -1
26 37 -1
26 38 -1
26 40 -1
26 41 -1
26 43 -1
26 44 1
26 48 -1
26 49 -1
26 53 1
26 54 1
26 57 1
26 58 -1
26 59 -1
26 60 -1
26 62 -1
26 64 1
26 66 -1
26 67 -1
26 68 -1
26 70 -1
26 72 -1
26 73 -1
26 76 -1
26 77 -1
26 78 -1
26 82 -1
26 83 -1
26 87 -1
26 88 -1
26 91 -1
26 93 -1
26 94 -1
26 95 -1
26 96 -1
26 97 -1
26 99 -1
26 104 -1
26 108 -1
26 110 1
26 111 -1
26 112 1
26 113 -1
26 114 -1
26 116 -1
26 119 -1
26 122 -1
26 124 -1
26 125 1
26 126 -1
26 128 -1
26 129 -1
26 132 -1
26 136 1
26 139 -1
26 143 -1
26 145 -1
26 146 -1
26 150 -1
26 152 -1
26 159 1
26 160 1
26 161 1
26 162 -1
26 163 -1
26 164 -1
26 167 -1
26 168 -1
26 169 -1
26 174 -1
26 175 1
26 178 -1
26 179 -1
26 180 -1
26 182 -1
26 183 -1
26 184 -1
26 186 -1
26 188 1
26 189 1
27 28 1
27 31 -1
27 32 1
27 33 -1
27 34 1
27 35 -1
27 36 -1
27 37 -1
27 38 -1
27 40 -1
27 41 1
27 42 -1
27 43 1
27 48 -1
27 54 -1
27 55 -1
27 56 1
27 57 -1
27 58 -1
27 59 -1
27 60 -1
27 61 -1
27 66 -1
27 70 1
27 71 -1
27 73 -1
27 75 -1
27 76 -1
27 78 -1
27 81 -1
27 82 1
27 86 -1
27 89 -1
27 91 -1
27 93 1
27 94 -1
27 95 -1
27 97 1
27 99 -1
27 101 -1
27 102 -1
27 104 -1
27 105 -1
27 106 -1
27 107 -1
27 112 -1
27 115 -1
27 118 1
27 120 -1
27 121 -1
27 122 1
27 124 -1
27 125 -1
27 126 -1
27 128 -1
27 130 -1
27 131 1
27 133 1
27 134 -1
27 137 1
27 138 -1
27 139 1
27 140 -1
27 141 1
27 145 -1
27 146 1
27 147 -1
27 148 -1
27 150 -1
27 151 -1
27 153 -1
27 155 1
27 157 -1
27 158 -1
27 159 -1
27 162 -1
27 163 1
27 164 -1
27 168 -1
27 170 -1
27 172 -1
27 174 -1
27 175 -1
27 176 -1
27 177 -1
27 178 -1
27 180 -1
27 182 -1
27 183 -1
27 185 -1
27 188 -1
28 32 1
28 34 1
28 35 -1
28 38 -1
28 41 1
28 42 -1
28 43 1
28 44 -1
28 52 -1
28 53 -1
28 56 1
28 62 -1
28 63 -1
28 64 -1
28 65 -1
28 69 -1
28 70 1
28 72 1
28 73 -1
28 74 -1
28 76 -1
28 77 -1
28 78 -1
28 80 -1
28 82 1
28 83 -1
28 84 -1
28 90 -1
28 93 1
28 94 -1
28 97 1
28 98 -1
28 100 -1
28 101 -1
28 105 -1
28 108 -1
28 109 -1
28 115 -1
28 116 -1
28 118 1
28 121 -1
28 122 1
28 125 -1
28 126 -1
28 127 -1
28 129 -1
28 131 1
28 132 -1
28 133 1
28 137 1
28 138 -1
28 139 1
28 141 1
28 143 -1
28 144 -1
28 146 1
28 148 -1
28 153 -1
28 155 1
28 158 -1
28 159 -1
28 162 -1
28 163 1
28 164 -1
28 167 -1
28 171 -1
28 172 -1
28 177 -1
28 181 -1
28 183 -1
28 184 -1
28 186 -1
28 189 -1
29 30 1
29 31 -1
29 32 -1
29 33 -1
29 34 -1
29 36 -1
29 44 1
29 45 1
29 46 -1
29 47 -1
29 51 -1
29 53 1
29 54 1
29 56 -1
29 57 1
29 58 -1
29 59 1
29 61 -1
29 64 1
29 69 1
29 70 -1
29 71 -1
29 74 -1
29 78 -1
29 79 -1
29 80 -1
29 81 -1
29 83 -1
29 84 -1
29 86 -1
29 87 -1
29 91 -1
29 93 -1
29 95 -1
29 99 -1
29 101 -1
29 102 -1
29 105 -1
29 106 -1
29 110 1
29 111 -1
29 112 1
29 113 -1
29 114 -1
29 116 -1
29 118 -1
29 119 -1
29 121 -1
29 123 -1
29 125 1
29 128 -1
29 132 -1
29 134 -1
29 135 -1
29 136 1
29 137 -1
29 138 -1
29 140 -1
29 142 -1
29 144 -1
29 145 -1
29 147 -1
29 157 -1
29 159 1
29 160 1
29 161 1
29 162 -1
29 169 -1
29 172 -1
29 174 -1
29 175 1
29 178 -1
29 179 -1
29 180 -1
29 186 1
29 187 -1
29 188 1
29 189 1
29 190 -1
30 32 1
30 33 -1
30 34 -1
30 35 -1
30 36 -1
30 38 -1
30 39 -1
30 41 -1
30 42 -1
30 44 1
30 46 -1
30 48 -1
30 53 1
30 54 1
30 55 -1
30 56 -1
30 57 1
30 58 -1
30 60 -1
30 61 -1
30 64 1
30 65 -1
30 67 -1
30 69 -1
30 70 -1
30 71 -1
30 73 -1
30 74 -1
30 76 -1
30 81 -1
30 82 1
30 84 -1
30 86 -1
30 87 -1
30 90 -1
30 94 -1
30 95 -1
30 97 -1
30 104 -1
30 105 -1
30 107 -1
30 109 -1
30 110 1
30 112 1
30 114 -1
30 120 -1
30 122 1
30 123 -1
30 124 -1
30 125 1
30 131 -1
30 132 -1
30 133 1
30 136 1
30 137 -1
30 138 -1
30 139 -1
30 144 -1
30 149 -1
30 150 -1
30 159 1
30 160 1
30 161 1
30 163 1
30 164 -1
30 165 -1
30 166 -1
30 168 -1
30 170 -1
30 172 -1
30 173 -1
30 175 1
30 179 -1
30 181 -1
30 183 -1
30 184 -1
30 188 1
30 189 1
31 33 -1
31 35 -1
31 36 -1
31 38 -1
31 39 1
31 41 -1
31 42 -1
31 45 -1
31 46 -1
31 48 -1
31 49 -1
31 50 -1
31 53 -1
31 56 -1
31 58 -1
31 62 -1
31 65 -1
31 68 -1
31 69 -1
31 70 -1
31 72 -1
31 77 1
31 79 -1
31 80 -1
31 81 1
31 82 -1
31 83 -1
31 84 -1
31 86 -1
31 89 -1
31 90 1
31 91 -1
31 92 -1
31 93 -1
31 95 -1
31 98 1
31 99 -1
31 106 -1
31 107 -1
31 108 -1
31 110 -1
31 111 1
31 114 -1
31 115 1
31 116 -1
31 119 -1
31 121 -1
31 126 -1
31 127 -1
31 130 -1
31 132 1
31 134 -1
31 135 -1
31 138 1
31 140 -1
31 143 -1
31 144 -1
31 145 1
31 147 1
31 148 -1
31 149 1
31 150 -1
31 152 -1
31 154 -1
31 155 -1
31 156 -1
31 160 -1
31 166 -1
31 167 -1
31 168 -1
31 176 1
31 178 -1
31 179 -1
31 181 -1
31 184 1
31 188 -1
31 189 -1
31 190 -1
32 35 -1
32 39 -1
32 41 1
32 43 -1
32 45 -1
32 46 -1
32 50 -1
32 51 -1
32 53 1
32 54 -1
32 55 -1
32 56 1
32 57 1
32 61 -1
32 71 -1
32 72 -1
32 73 -1
32 77 -1
32 78 -1
32 82 1
32 83 -1
32 85 -1
32 87 -1
32 88 -1
32 90 -1
32 91 -1
32 92 -1
32 95 -1
32 96 -1
32 97 1
32 102 -1
32 105 -1
32 106 -1
32 107 -1
32 108 -1
32 109 -1
32 110 1
32 111 -1
32 112 -1
32 113 -1
32 114 -1
32 117 -1
32 118 1
32 120 -1
32 122 1
32 125 1
32 127 -1
32 128 -1
32 129 -1
32 130 -1
32 131 -1
32 132 -1
32 133 1
32 134 -1
32 135 -1
32 137 -1
32 138 -1
32 139 1
32 141 1
32 143 -1
32 144 -1
32 145 -1
32 146 1
32 147 -1
32 149 -1
32 151 -1
32 152 -1
32 154 -1
32 155 -1
32 158 -1
32 159 1
32 160 1
32 161 -1
32 162 -1
32 163 1
32 164 -1
32 166 -1
32 167 -1
32 170 -1
32 176 -1
32 178 -1
32 179 -1
32 181 -1
32 182 -1
32 183 -1
32 184 -1
32 185 -1
32 186 -1
32 189 1
32 190 -1
33 34 -1
33 35 1
33 37 1
33 38 -1
33 42 1
33 43 -1
33 44 -1
33 48 -1
33 49 -1
33 51 -1
33 54 -1
33 55 -1
33 58 -1
33 60 -1
33 62 -1
33 64 -1
33 66 -1
33 70 -1
33 72 -1
33 73 -1
33 74 -1
33 75 1
33 78 -1
33 85 -1
33 88 -1
33 89 -1
33 91 -1
33 92 -1
33 93 -1
33 98 -1
33 99 -1
33 100 1
33 101 1
33 103 1
33 105 -1
33 106 1
33 107 -1
33 109 -1
33 112 -1
33 113 1
33 114 -1
33 120 -1
33 122 -1
33 123 -1
33 124 1
33 125 -1
33 126 -1
33 127 -1
33 131 -1
33 132 -1
33 133 -1
33 134 -1
33 136 -1
33 140 -1
33 141 -1
33 143 -1
33 148 -1
33 153 -1
33 154 1
33 155 -1
33 156 1
33 160 -1
33 163 -1
33 167 -1
33 171 -1
33 172 -1
33 174 1
33 176 -1
33 179 -1
33 180 -1
33 181 -1
33 185 -1
34 37 -1
34 38 1
34 39 -1
34 40 -1
34 43 1
34 45 -1
34 48 -1
34 50 -1
34 52 1
34 54 -1
34 55 -1
34 59 -1
34 60 -1
34 64 -1
34 65 -1
34 68 -1
34 69 -1
34 70 1
34 72 1
34 75 -1
34 76 -1
34 77 -1
34 80 -1
34 81 -1
34 82 -1
34 87 -1
34 91 1
34 93 1
34 94 -1
34 95 -1
34 96 1
34 97 1
34 98 -1
34 99 1
34 100 -1
34 103 -1
34 104 -1
34 107 1
34 112 -1
34 113 -1
34 114 -1
34 115 -1
34 116 -1
34 117 -1
34 118 -1
34 120 -1
34 121 -1
34 122 -1
34 125 -1
34 128 1
34 130 1
34 131 1
34 132 -1
34 134 -1
34 136 -1
34 137 1
34 138 -1
34 141 1
34 142 -1
34 144 -1
34 145 -1
34 146 -1
34 147 -1
34 148 -1
34 149 -1
34 154 -1
34 155 1
34 157 -1
34 160 -1
34 164 1
34 165 -1
34 168 1
34 169 -1
34 170 -1
34 174 -1
34 175 -1
34 176 -1
34 178 -1
34 182 -1
34 185 -1
34 187 -1
34 190 1
35 36 -1
35 37 1
35 39 -1
35 40 -1
35 41 -1
35 42 1
35 45 -1
35 46 -1
35 51 -1
35 55 -1
35 57 -1
35 58 -1
35 63 1
35 65 -1
35 66 1
35 67 1
35 68 1
35 69 -1
35 71 -1
35 72 -1
35 73 -1
35 74 -1
35 75 1
35 76 -1
35 79 -1
35 83 -1
35 86 1
35 88 -1
35 89 -1
35 90 -1
35 96 -1
35 98 -1
35 100 1
35 101 -1
35 103 1
35 105 1
35 106 1
35 107 -1
35 108 -1
35 109 -1
35 110 -1
35 111 -1
35 112 -1
35 113 1
35 115 -1
35 117 -1
35 123 -1
35 124 1
35 125 -1
35 127 -1
35 129 1
35 130 -1
35 132 -1
35 133 -1
35 134 -1
35 135 -1
35 138 -1
35 142 -1
35 144 -1
35 147 -1
35 148 -1
35 149 -1
35 153 -1
35 155 -1
35 156 1
35 161 -1
35 163 -1
35 165 -1
35 168 -1
35 169 -1
35 173 -1
35 174 1
35 175 -1
35 178 -1
35 179 -1
35 181 -1
35 182 -1
35 183 -1
35 185 -1
35 186 -1
35 187 -1
35 189 -1
36 38 1
36 41 -1
36 42 -1
36 44 -1
36 47 -1
36 48 -1
36 49 1
36 51 -1
36 52 1
36 53 -1
36 54 -1
36 62 -1
36 63 -1
36 65 -1
36 66 -1
36 67 -1
36 69 -1
36 71 -1
36 72 -1
36 74 1
36 75 -1
36 76 -1
36 83 -1
36 84 -1
36 89 -1
36 90 -1
36 91 1
36 92 -1
36 94 -1
36 96 1
36 98 -1
36 99 1
36 105 -1
36 107 1
36 108 -1
36 111 -1
36 112 -1
36 113 -1
36 116 1
36 119 1
36 120 -1
36 121 1
36 122 -1
36 123 -1
36 124 -1
36 127 -1
36 128 1
36 129 -1
36 130 1
36 132 -1
36 133 -1
36 134 -1
36 136 -1
36 137 -1
36 140 -1
36 145 -1
36 146 -1
36 147 -1
36 151 -1
36 152 -1
36 155 -1
36 157 -1
36 158 -1
36 159 -1
36 160 -1
36 161 -1
36 162 -1
36 163 -1
36 164 1
36 165 1
36 167 1
36 168 1
36 169 -1
36 171 1
36 173 -1
36 178 -1
36 179 -1
36 190 1
37 38 -1
37 39 1
37 40 -1
37 41 -1
37 42 1
37 46 -1
37 47 -1
37 49 -1
37 50 -1
37 51 -1
37 59 -1
37 60 -1
37 62 -1
37 63 1
37 65 -1
37 66 1
37 67 1
37 68 1
37 70 -1
37 71 -1
37 72 -1
37 75 -1
37 77 1
37 78 -1
37 81 -1
37 86 1
37 88 -1
37 92 -1
37 93 -1
37 96 -1
37 99 -1
37 100 1
37 101 -1
37 102 -1
37 103 1
37 104 -1
37 105 1
37 106 1
37 107 -1
37 109 -1
37 111 -1
37 112 -1
37 113 1
37 114 -1
37 119 -1
37 120 -1
37 121 -1
37 122 -1
37 123 -1
37 125 -1
37 129 1
37 130 -1
37 131 -1
37 136 -1
37 137 -1
37 138 -1
37 141 -1
37 144 -1
37 145 -1
37 146 -1
37 149 1
37 153 -1
37 154 -1
37 155 -1
37 156 1
37 159 -1
37 161 -1
37 163 -1
37 170 -1
37 172 -1
37 174 1
37 177 -1
37 179 1
37 181 -1
37 183 -1
37 187 -1
37 189 -1
38 43 1
38 46 -1
38 49 1
38 52 1
38 53 -1
38 54 -1
38 57 -1
38 59 -1
38 61 -1
38 62 -1
38 66 -1
38 69 -1
38 70 1
38 71 -1
38 72 1
38 74 1
38 77 -1
38 79 -1
38 80 -1
38 81 -1
38 91 1
38 92 -1
38 93 -1
38 95 -1
38 96 1
38 98 -1
38 99 1
38 100 -1
38 103 -1
38 104 -1
38 106 -1
38 107 1
38 108 -1
38 110 -1
38 111 -1
38 112 -1
38 113 -1
38 114 -1
38 115 -1
38 116 1
38 117 -1
38 120 -1
38 121 1
38 123 -1
38 127 -1
38 128 1
38 130 1
38 131 1
38 134 -1
38 135 -1
38 137 1
38 139 -1
38 141 -1
38 144 -1
38 151 -1
38 152 -1
38 153 -1
38 155 1
38 156 -1
38 163 -1
38 164 1
38 166 -1
38 167 1
38 168 1
38 171 1
38 172 -1
38 175 -1
38 176 -1
38 178 -1
38 179 -1
38 181 -1
38 184 -1
38 185 -1
38 190 1
39 40 -1
39 41 -1
39 50 -1
39 53 -1
39 55 -1
39 56 -1
39 58 -1
39 59 -1
39 60 -1
39 61 -1
39 62 -1
39 63 1
39 64 -1
39 66 1
39 67 1
39 68 1
39 69 -1
39 70 -1
39 71 -1
39 73 -1
39 77 1
39 79 -1
39 81 -1
39 83 -1
39 86 1
39 89 -1
39 90 -1
39 91 -1
39 92 -1
39 94 -1
39 96 -1
39 98 1
39 99 -1
39 100 1
39 101 -1
39 102 -1
39 103 -1
39 105 1
39 106 -1
39 107 -1
39 108 -1
39 109 -1
39 110 -1
39 111 -1
39 112 -1
39 113 1
39 115 -1
39 116 -1
39 117 -1
39 120 -1
39 122 -1
39 123 -1
39 127 -1
39 128 -1
39 129 1
39 131 -1
39 132 1
39 133 -1
39 135 -1
39 137 -1
39 140 -1
39 141 -1
39 148 -1
39 149 1
39 151 -1
39 153 -1
39 154 -1
39 156 1
39 162 -1
39 163 -1
39 171 -1
39 172 -1
39 173 -1
39 174 1
39 176 1
39 179 1
39 180 -1
39 182 -1
39 184 -1
39 188 -1
39 190 -1
40 44 -1
40 46 -1
40 47 -1
40 50 -1
40 51 -1
40 52 -1
40 56 -1
40 60 -1
40 63 -1
40 66 -1
40 67 -1
40 69 -1
40 71 -1
40 73 1
40 75 -1
40 76 1
40 77 -1
40 82 -1
40 84 -1
40 86 -1
40 88 -1
40 89 -1
40 90 -1
40 91 -1
40 97 -1
40 98 -1
40 99 -1
40 100 -1
40 110 -1
40 112 -1
40 113 -1
40 114 -1
40 116 -1
40 117 -1
40 118 -1
40 119 1
40 123 -1
40 124 -1
40 125 -1
40 127 -1
40 128 -1
40 133 -1
40 134 -1
40 135 1
40 136 -1
40 137 -1
40 139 -1
40 142 -1
40 143 -1
40 153 -1
40 154 -1
40 155 -1
40 156 -1
40 158 -1
40 159 -1
40 161 -1
40 162 -1
40 163 -1
40 164 -1
40 165 1
40 167 -1
40 169 -1
40 170 -1
40 171 1
40 172 -1
40 173 -1
40 175 -1
40 177 -1
40 182 -1
40 183 1
40 184 -1
40 185 -1
40 186 -1
40 187 -1
40 190 -1
41 43 -1
41 44 -1
41 45 -1
41 46 -1
41 47 -1
41 49 -1
41 50 -1
41 55 -1
41 56 1
41 58 -1
41 62 -1
41 63 -1
41 66 -1
41 67 -1
41 70 1
41 73 -1
41 75 -1
41 79 -1
41 82 1
41 83 -1
41 84 -1
41 85 -1
41 86 -1
41 88 -1
41 89 -1
41 93 1
41 97 1
41 98 -1
41 99 -1
41 100 -1
41 103 -1
41 108 -1
41 112 -1
41 115 -1
41 116 -1
41 117 -1
41 118 1
41 122 1
41 123 -1
41 124 -1
41 125 -1
41 126 -1
41 128 -1
41 129 -1
41 133 1
41 136 -1
41 137 1
41 138 -1
41 139 1
41 141 1
41 144 -1
41 145 -1
41 146 1
41 148 -1
41 149 -1
41 150 -1
41 151 -1
41 152 -1
41 153 -1
41 155 -1
41 156 -1
41 157 -1
41 158 -1
41 160 -1
41 161 -1
41 162 -1
41 163 1
41 164 -1
41 167 -1
41 168 -1
41 169 -1
41 170 -1
41 171 -1
41 173 -1
41 175 -1
41 178 -1
41 180 -1
41 182 -1
41 185 -1
41 186 -1
41 190 -1
42 45 -1
42 46 -1
42 52 -1
42 56 -1
42 58 -1
42 59 -1
42 60 -1
42 65 -1
42 67 -1
42 69 -1
42 72 -1
42 75 1
42 76 -1
42 77 -1
42 81 -1
42 84 -1
42 86 1
42 87 -1
42 88 -1
42 89 -1
42 91 -1
42 92 -1
42 94 -1
42 96 -1
42 99 -1
42 100 1
42 101 -1
42 102 -1
42 103 1
42 104 -1
42 106 1
42 107 -1
42 108 -1
42 110 -1
42 111 -1
42 113 1
42 114 -1
42 115 -1
42 119 -1
42 120 -1
42 122 -1
42 123 -1
42 124 1
42 127 -1
42 128 -1
42 136 -1
42 138 -1
42 140 -1
42 143 -1
42 144 -1
42 148 -1
42 151 -1
42 153 -1
42 154 1
42 155 -1
42 156 1
42 157 -1
42 158 -1
42 159 -1
42 163 -1
42 164 -1
42 165 -1
42 167 -1
42 168 -1
42 170 -1
42 174 1
42 178 -1
42 182 -1
42 183 -1
42 184 -1
42 185 -1
42 188 -1
43 45 -1
43 46 -1
43 50 -1
43 52 1
43 58 -1
43 60 -1
43 65 -1
43 66 -1
43 67 -1
43 68 -1
43 69 -1
43 70 1
43 71 -1
43 72 1
43 74 -1
43 77 -1
43 79 -1
43 80 -1
43 87 -1
43 88 -1
43 91 1
43 92 -1
43 93 1
43 96 1
43 97 1
43 99 1
43 101 -1
43 103 -1
43 105 -1
43 106 -1
43 107 1
43 112 -1
43 114 -1
43 117 -1
43 118 -1
43 119 -1
43 122 -1
43 124 -1
43 125 -1
43 126 -1
43 128 1
43 130 1
43 131 1
43 137 1
43 140 -1
43 143 -1
43 144 -1
43 148 -1
43 151 -1
43 155 1
43 159 -1
43 164 1
43 166 -1
43 167 -1
43 168 1
43 171 -1
43 174 -1
43 180 -1
43 186 -1
43 187 -1
43 188 -1
43 190 1
44 45 -1
44 46 -1
44 50 -1
44 53 1
44 54 1
44 56 -1
44 57 1
44 59 1
44 62 -1
44 63 -1
44 64 1
44 67 -1
44 69 1
44 70 -1
44 72 -1
44 79 -1
44 80 -1
44 81 -1
44 82 -1
44 83 -1
44 85 -1
44 86 -1
44 87 -1
44 88 -1
44 89 -1
44 95 -1
44 99 -1
44 101 -1
44 102 -1
44 103 -1
44 104 -1
44 107 -1
44 110 1
44 111 -1
44 112 1
44 113 -1
44 116 -1
44 117 -1
44 120 -1
44 121 -1
44 122 -1
44 125 1
44 126 -1
44 127 -1
44 134 -1
44 136 1
44 137 -1
44 139 -1
44 143 -1
44 146 -1
44 147 -1
44 153 -1
44 154 -1
44 155 -1
44 159 1
44 160 1
44 161 1
44 162 -1
44 165 -1
44 171 -1
44 174 -1
44 175 1
44 178 -1
44 181 -1
44 183 -1
44 184 -1
44 187 -1
44 188 1
44 189 1
45 48 1
45 51 -1
45 53 -1
45 54 1
45 56 -1
45 59 1
45 61 -1
45 62 1
45 63 -1
45 64 1
45 65 1
45 67 -1
45 68 -1
45 69 1
45 74 -1
45 76 -1
45 78 1
45 80 -1
45 83 -1
45 85 1
45 91 -1
45 92 -1
45 95 -1
45 97 -1
45 99 -1
45 101 -1
45 103 -1
45 104 1
45 105 -1
45 107 -1
45 109 -1
45 110 -1
45 112 -1
45 116 -1
45 118 -1
45 119 -1
45 120 -1
45 121 -1
45 124 -1
45 126 -1
45 128 -1
45 130 -1
45 132 -1
45 139 -1
45 141 -1
45 142 -1
45 144 -1
45 146 -1
45 147 -1
45 148 1
45 149 -1
45 150 -1
45 158 -1
45 160 -1
45 162 -1
45 167 -1
45 169 -1
45 170 -1
45 173 -1
45 175 -1
45 176 -1
45 178 1
45 179 -1
45 184 -1
45 186 1
45 190 -1
46 47 -1
46 56 -1
46 58 -1
46 59 -1
46 60 -1
46 61 -1
46 63 -1
46 64 -1
46 65 -1
46 68 -1
46 73 -1
46 74 -1
46 76 -1
46 79 1
46 80 1
46 83 1
46 84 1
46 86 -1
46 87 -1
46 89 1
46 90 -1
46 92 -1
46 94 1
46 97 -1
46 99 -1
46 101 1
46 106 -1
46 107 -1
46 109 -1
46 110 -1
46 111 -1
46 113 -1
46 114 1
46 117 1
46 118 -1
46 119 -1
46 120 -1
46 123 -1
46 124 -1
46 126 -1
46 127 1
46 128 -1
46 130 -1
46 133 -1
46 134 -1
46 135 -1
46 137 -1
46 141 -1
46 142 1
46 150 1
46 151 1
46 154 1
46 155 -1
46 157 -1
46 158 1
46 159 -1
46 160 -1
46 165 -1
46 166 1
46 167 -1
46 168 -1
46 174 -1
46 175 -1
46 180 -1
46 181 1
46 182 1
46 183 -1
46 184 -1
46 185 -1
46 190 -1
47 48 -1
47 50 -1
47 51 1
47 52 -1
47 53 -1
47 54 -1
47 55 -1
47 56 -1
47 57 -1
47 62 -1
47 63 -1
47 66 -1
47 67 -1
47 69 -1
47 71 -1
47 72 -1
47 74 -1
47 75 -1
47 76 -1
47 78 -1
47 86 -1
47 88 1
47 89 -1
47 92 1
47 93 -1
47 94 -1
47 96 -1
47 100 -1
47 101 -1
47 102 -1
47 103 -1
47 104 -1
47 109 -1
47 112 -1
47 113 -1
47 119 -1
47 120 -1
47 126 1
47 127 -1
47 128 -1
47 130 -1
47 131 -1
47 134 1
47 136 -1
47 139 -1
47 140 -1
47 141 -1
47 142 -1
47 144 1
47 148 -1
47 150 -1
47 152 -1
47 154 -1
47 155 -1
47 157 1
47 158 -1
47 159 -1
47 160 -1
47 162 -1
47 169 1
47 170 1
47 173 -1
47 175 -1
47 177 1
47 179 -1
47 181 -1
47 185 -1
47 187 -1
47 189 -1
47 190 -1
48 49 -1
48 55 -1
48 56 -1
48 58 -1
48 59 1
48 60 -1
48 62 1
48 63 -1
48 64 -1
48 65 1
48 66 -1
48 69 1
48 70 -1
48 71 -1
48 74 -1
48 76 -1
48 78 1
48 82 -1
48 85 1
48 87 -1
48 88 -1
48 89 -1
48 94 -1
48 95 -1
48 96 -1
48 97 -1
48 98 -1
48 104 1
48 105 -1
48 106 -1
48 108 -1
48 112 -1
48 117 -1
48 118 -1
48 120 -1
48 121 -1
48 123 -1
48 126 -1
48 127 -1
48 128 -1
48 129 -1
48 136 -1
48 137 -1
48 141 -1
48 142 -1
48 143 -1
48 144 -1
48 145 -1
48 146 -1
48 148 1
48 150 -1
48 153 -1
48 154 -1
48 155 -1
48 157 -1
48 158 -1
48 161 -1
48 162 -1
48 164 -1
48 166 -1
48 167 -1
48 168 -1
48 169 -1
48 170 -1
48 173 -1
48 177 -1
48 178 1
48 182 -1
48 183 -1
48 184 -1
48 186 1
48 187 -1
48 189 -1
49 51 -1
49 52 1
49 53 -1
49 56 -1
49 58 -1
49 65 -1
49 67 -1
49 68 -1
49 71 -1
49 72 1
49 73 -1
49 74 1
49 75 -1
49 76 -1
49 79 -1
49 80 -1
49 81 -1
49 82 -1
49 85 -1
49 86 -1
49 88 -1
49 89 -1
49 91 1
49 93 -1
49 94 -1
49 95 -1
49 96 1
49 97 -1
49 99 1
49 102 -1
49 104 -1
49 106 -1
49 107 1
49 109 -1
49 113 -1
49 114 -1
49 116 1
49 118 -1
49 119 1
49 121 1
49 123 -1
49 125 -1
49 128 1
49 129 -1
49 130 1
49 132 -1
49 136 -1
49 139 -1
49 140 -1
49 142 -1
49 143 -1
49 144 -1
49 146 -1
49 148 -1
49 149 -1
49 151 -1
49 154 -1
49 157 -1
49 159 -1
49 160 -1
49 164 1
49 165 1
49 167 1
49 168 1
49 170 -1
49 171 1
49 172 -1
49 174 -1
49 175 -1
49 176 -1
49 177 -1
49 178 -1
49 181 -1
49 190 1
50 56 -1
50 58 -1
50 60 1
50 62 -1
50 63 -1
50 64 -1
50 65 -1
50 66 -1
50 67 -1
50 68 -1
50 71 1
50 72 -1
50 73 -1
50 76 -1
50 80 -1
50 82 -1
50 83 -1
50 84 -1
50 86 -1
50 88 -1
50 90 -1
50 92 1
50 94 -1
50 95 1
50 99 -1
50 100 -1
50 102 -1
50 103 -1
50 106 -1
50 107 -1
50 109 1
50 110 -1
50 111 -1
50 112 -1
50 113 -1
50 115 -1
50 117 -1
50 120 1
50 121 -1
50 123 1
50 129 -1
50 130 -1
50 132 -1
50 133 -1
50 134 -1
50 136 -1
50 137 -1
50 138 -1
50 139 -1
50 140 1
50 141 -1
50 143 -1
50 144 1
50 145 -1
50 147 -1
50 148 -1
50 149 -1
50 150 -1
50 152 -1
50 153 -1
50 154 -1
50 158 -1
50 159 -1
50 161 -1
50 165 -1
50 167 -1
50 168 -1
50 170 -1
50 171 -1
50 172 1
50 173 -1
50 175 -1
50 176 -1
50 177 1
50 181 -1
50 187 1
50 188 -1
51 52 -1
51 53 -1
51 55 1
51 58 1
51 60 -1
51 61 1
51 63 -1
51 64 -1
51 65 -1
51 67 -1
51 69 -1
51 70 -1
51 71 -1
51 72 -1
51 73 -1
51 76 -1
51 78 -1
51 81 -1
51 82 -1
51 83 -1
51 84 -1
51 85 -1
51 88 1
51 90 -1
51 91 -1
51 92 -1
51 93 -1
51 96 -1
51 98 -1
51 99 -1
51 101 -1
51 102 1
51 103 -1
51 104 -1
51 105 -1
51 106 -1
51 107 -1
51 108 1
51 109 -1
51 110 -1
51 111 -1
51 112 -1
51 115 -1
51 117 -1
51 118 -1
51 122 -1
51 126 1
51 128 -1
51 134 1
51 138 -1
51 139 -1
51 142 -1
51 144 1
51 147 -1
51 148 -1
51 149 -1
51 150 -1
51 152 1
51 153 1
51 154 -1
51 157 1
51 159 -1
51 160 -1
51 162 1
51 163 -1
51 164 -1
51 166 -1
51 167 -1
51 169 1
51 170 1
51 171 -1
51 173 1
51 174 -1
51 176 -1
51 180 1
51 181 -1
51 182 -1
51 186 -1
51 187 -1
51 189 -1
52 53 -1
52 55 -1
52 56 -1
52 58 -1
52 60 -1
52 64 -1
52 67 -1
52 70 1
52 71 -1
52 72 1
52 74 -1
52 76 -1
52 77 -1
52 80 -1
52 82 -1
52 83 -1
52 86 -1
52 88 -1
52 89 -1
52 91 1
52 93 1
52 94 -1
52 96 1
52 97 1
52 98 -1
52 99 1
52 100 -1
52 101 -1
52 102 -1
52 104 -1
52 106 -1
52 107 1
52 108 -1
52 109 -1
52 113 -1
52 116 -1
52 117 -1
52 119 -1
52 122 -1
52 124 -1
52 127 -1
52 128 1
52 130 1
52 131 1
52 132 -1
52 133 -1
52 136 -1
52 137 1
52 138 -1
52 139 -1
52 140 -1
52 142 -1
52 143 -1
52 144 -1
52 146 -1
52 151 -1
52 152 -1
52 153 -1
52 154 -1
52 155 1
52 156 -1
52 157 -1
52 161 -1
52 164 1
52 166 -1
52 167 -1
52 168 1
52 172 -1
52 176 -1
52 179 -1
52 181 -1
52 182 -1
52 183 -1
52 184 -1
52 188 -1
52 189 -1
52 190 1
53 54 -1
53 56 1
53 57 1
53 59 -1
53 61 -1
53 64 -1
53 70 -1
53 72 -1
53 73 -1
53 75 -1
53 81 -1
53 82 1
53 83 -1
53 84 -1
53 86 -1
53 87 -1
53 88 -1
53 89 -1
53 90 -1
53 95 -1
53 99 -1
53 101 -1
53 103 -1
53 105 -1
53 107 -1
53 110 1
53 111 -1
53 112 1
53 115 -1
53 117 -1
53 120 -1
53 122 1
53 123 -1
53 125 1
53 126 -1
53 127 -1
53 128 -1
53 130 -1
53 132 -1
53 133 1
53 134 -1
53 136 1
53 137 -1
53 140 -1
53 142 -1
53 144 -1
53 146 -1
53 150 -1
53 151 -1
53 154 -1
53 155 -1
53 159 1
53 160 1
53 161 1
53 162 -1
53 163 1
53 165 -1
53 167 -1
53 170 -1
53 171 -1
53 175 1
53 177 -1
53 182 -1
53 183 -1
53 184 -1
53 185 -1
53 186 -1
53 187 -1
53 188 1
53 189 1
54 55 -1
54 56 -1
54 58 -1
54 59 1
54 61 -1
54 62 -1
54 64 1
54 67 -1
54 69 1
54 70 -1
54 72 -1
54 73 -1
54 74 -1
54 76 -1
54 77 -1
54 78 -1
54 79 -1
54 80 -1
54 84 -1
54 85 -1
54 89 -1
54 94 -1
54 95 -1
54 96 -1
54 98 -1
54 99 -1
54 100 -1
54 103 -1
54 104 -1
54 106 -1
54 107 -1
54 108 -1
54 109 -1
54 110 1
54 111 -1
54 112 1
54 115 -1
54 117 -1
54 121 -1
54 124 -1
54 130 -1
54 132 -1
54 134 -1
54 136 1
54 137 -1
54 139 -1
54 142 -1
54 143 -1
54 144 -1
54 145 -1
54 146 -1
54 148 -1
54 149 -1
54 150 -1
54 152 -1
54 154 -1
54 155 -1
54 156 -1
54 158 -1
54 159 1
54 161 1
54 168 -1
54 169 -1
54 170 -1
54 171 -1
54 172 -1
54 174 -1
54 175 1
54 176 -1
54 178 1
54 179 -1
54 180 -1
54 181 -1
54 184 -1
54 185 -1
54 186 1
54 188 1
54 190 -1
55 58 1
55 59 -1
55 60 -1
55 61 1
55 66 -1
55 67 -1
55 68 -1
55 69 -1
55 72 -1
55 74 -1
55 81 -1
55 83 -1
55 85 -1
55 87 1
55 88 1
55 95 -1
55 96 -1
55 97 -1
55 99 -1
55 100 -1
55 101 -1
55 102 1
55 106 -1
55 108 1
55 109 -1
55 111 -1
55 113 -1
55 116 -1
55 118 -1
55 119 -1
55 120 -1
55 121 -1
55 127 -1
55 128 -1
55 129 -1
55 131 -1
55 133 -1
55 134 1
55 136 -1
55 138 1
55 140 -1
55 143 1
55 145 -1
55 146 -1
55 147 1
55 149 -1
55 151 -1
55 152 1
55 153 1
55 154 -1
55 155 -1
55 157 1
55 159 -1
55 161 -1
55 162 1
55 163 -1
55 165 -1
55 167 -1
55 168 -1
55 170 1
55 172 -1
55 173 1
55 175 -1
55 180 1
55 185 1
55 186 -1
55 187 -1
55 189 -1
56 57 1
56 60 -1
56 63 -1
56 64 -1
56 66 -1
56 67 -1
56 70 -1
56 73 -1
56 74 -1
56 75 -1
56 77 -1
56 78 -1
56 80 -1
56 82 1
56 83 -1
56 86 -1
56 87 -1
56 89 -1
56 90 -1
56 91 -1
56 93 1
56 94 -1
56 95 -1
56 97 1
56 98 -1
56 100 -1
56 101 -1
56 102 -1
56 104 -1
56 105 -1
56 106 -1
56 109 -1
56 113 -1
56 114 -1
56 115 -1
56 116 -1
56 118 1
56 119 -1
56 121 -1
56 122 1
56 125 1
56 126 -1
56 129 -1
56 130 -1
56 132 -1
56 133 1
56 136 -1
56 138 -1
56 139 1
56 140 -1
56 141 1
56 142 -1
56 144 -1
56 146 1
56 147 -1
56 149 -1
56 150 -1
56 156 -1
56 157 -1
56 160 1
56 163 1
56 165 -1
56 166 -1
56 168 -1
56 170 -1
56 172 -1
56 173 -1
56 176 -1
56 177 -1
56 178 -1
56 181 -1
56 187 -1
56 188 -1
56 189 1
57 60 -1
57 63 -1
57 67 -1
57 68 -1
57 74 -1
57 78 -1
57 80 -1
57 82 1
57 85 -1
57 87 -1
57 89 -1
57 90 -1
57 91 -1
57 92 -1
57 94 -1
57 98 -1
57 99 -1
57 100 -1
57 104 -1
57 106 -1
57 108 -1
57 109 -1
57 110 1
57 112 1
57 114 -1
57 118 -1
57 120 -1
57 121 -1
57 122 1
57 123 -1
57 125 1
57 126 -1
57 127 -1
57 129 -1
57 133 1
57 134 -1
57 136 1
57 137 -1
57 140 -1
57 141 -1
57 142 -1
57 146 -1
57 150 -1
57 152 -1
57 158 -1
57 159 1
57 160 1
57 161 1
57 163 1
57 165 -1
57 168 -1
57 171 -1
57 172 -1
57 175 1
57 177 -1
57 180 -1
57 181 -1
57 182 -1
57 184 -1
57 188 1
57 189 1
57 190 -1
58 59 -1
58 60 -1
58 61 1
58 62 -1
58 64 -1
58 66 -1
58 71 -1
58 72 -1
58 74 -1
58 78 -1
58 79 -1
58 81 1
58 82 -1
58 83 -1
58 84 -1
58 86 -1
58 87 1
58 89 -1
58 90 1
58 94 -1
58 98 -1
58 99 -1
58 100 -1
58 101 -1
58 102 1
58 103 -1
58 104 -1
58 106 -1
58 108 1
58 109 -1
58 111 1
58 115 1
58 116 -1
58 117 -1
58 118 -1
58 119 -1
58 121 -1
58 124 -1
58 125 -1
58 126 -1
58 129 -1
58 138 1
58 140 -1
58 141 -1
58 142 -1
58 143 1
58 145 1
58 147 1
58 148 -1
58 150 -1
58 152 1
58 153 1
58 154 -1
58 157 -1
58 158 -1
58 159 -1
58 160 -1
58 161 -1
58 162 1
58 163 -1
58 164 -1
58 165 -1
58 166 -1
58 169 -1
58 170 1
58 172 -1
58 173 1
58 174 -1
58 175 -1
58 176 -1
58 177 -1
58 180 1
58 181 -1
58 182 -1
58 184 1
58 185 1
58 188 -1
59 60 -1
59 61 -1
59 62 1
59 63 -1
59 64 1
59 65 1
59 69 1
59 71 -1
59 73 -1
59 74 -1
59 75 -1
59 78 1
59 79 -1
59 84 -1
59 85 1
59 86 -1
59 88 -1
59 89 -1
59 93 -1
59 97 -1
59 100 -1
59 101 -1
59 103 -1
59 104 1
59 108 -1
59 110 -1
59 112 1
59 113 -1
59 115 -1
59 121 -1
59 125 -1
59 126 -1
59 128 -1
59 129 -1
59 136 -1
59 137 -1
59 139 -1
59 140 -1
59 141 -1
59 144 -1
59 148 1
59 150 -1
59 153 -1
59 154 -1
59 161 -1
59 164 -1
59 165 -1
59 166 -1
59 167 -1
59 170 -1
59 171 -1
59 172 -1
59 173 -1
59 174 -1
59 175 1
59 176 -1
59 177 -1
59 178 1
59 186 1
59 188 -1
59 189 -1
59 190 -1
60 64 -1
60 66 -1
60 67 -1
60 71 1
60 72 -1
60 75 -1
60 77 -1
60 86 -1
60 87 -1
60 92 1
60 93 -1
60 95 1
60 98 -1
60 99 -1
60 102 -1
60 104 -1
60 106 -1
60 107 -1
60 108 -1
60 109 1
60 112 -1
60 114 -1
60 116 -1
60 117 -1
60 118 -1
60 120 1
60 121 -1
60 123 1
60 124 -1
60 125 -1
60 126 -1
60 129 -1
60 134 -1
60 138 -1
60 139 -1
60 140 1
60 141 -1
60 142 -1
60 143 -1
60 144 1
60 145 -1
60 147 -1
60 148 -1
60 151 -1
60 153 -1
60 160 -1
60 161 -1
60 166 -1
60 167 -1
60 168 -1
60 169 -1
60 171 -1
60 172 1
60 173 -1
60 175 -1
60 177 1
60 178 -1
60 186 -1
60 187 1
60 188 -1
60 189 -1
60 190 -1
61 63 -1
61 68 -1
61 69 -1
61 70 -1
61 71 -1
61 72 -1
61 73 -1
61 74 -1
61 75 -1
61 76 -1
61 77 -1
61 78 -1
61 80 -1
61 82 -1
61 86 -1
61 87 1
61 88 1
61 90 -1
61 91 -1
61 92 -1
61 96 -1
61 97 -1
61 100 -1
61 101 -1
61 102 1
61 104 -1
61 108 1
61 111 -1
61 118 -1
61 121 -1
61 125 -1
61 127 -1
61 129 -1
61 130 -1
61 131 -1
61 132 -1
61 134 1
61 135 -1
61 136 -1
61 138 1
61 139 -1
61 142 -1
61 143 1
61 145 -1
61 146 -1
61 147 1
61 148 -1
61 150 -1
61 152 1
61 153 1
61 154 -1
61 157 1
61 161 -1
61 162 1
61 164 -1
61 165 -1
61 169 1
61 170 1
61 171 -1
61 172 -1
61 173 1
61 174 -1
61 175 -1
61 176 -1
61 177 -1
61 178 -1
61 180 1
61 181 -1
61 183 -1
61 184 -1
61 185 1
61 189 -1
62 65 1
62 68 -1
62 69 1
62 71 -1
62 72 -1
62 75 -1
62 78 1
62 82 -1
62 84 -1
62 85 1
62 91 -1
62 97 -1
62 98 -1
62 100 -1
62 103 -1
62 104 1
62 105 -1
62 106 -1
62 109 -1
62 110 -1
62 114 1
62 115 -1
62 119 -1
62 121 -1
62 122 -1
62 128 -1
62 130 -1
62 132 -1
62 135 -1
62 136 -1
62 139 -1
62 142 1
62 143 -1
62 144 -1
62 146 -1
62 147 -1
62 148 1
62 150 1
62 154 -1
62 157 -1
62 161 -1
62 163 -1
62 165 -1
62 167 -1
62 168 -1
62 169 -1
62 170 -1
62 174 -1
62 176 -1
62 177 -1
62 178 1
62 181 1
62 186 1
62 188 -1
63 65 -1
63 66 1
63 67 1
63 68 1
63 69 -1
63 72 -1
63 75 -1
63 76 -1
63 77 1
63 80 -1
63 81 -1
63 85 -1
63 86 1
63 87 -1
63 89 -1
63 90 -1
63 91 -1
63 95 -1
63 96 -1
63 98 1
63 100 1
63 102 -1
63 103 1
63 105 1
63 106 -1
63 107 -1
63 111 -1
63 113 1
63 115 -1
63 117 -1
63 120 -1
63 122 -1
63 125 -1
63 126 -1
63 129 1
63 132 1
63 133 -1
63 138 -1
63 145 -1
63 146 -1
63 148 -1
63 149 1
63 150 -1
63 152 -1
63 153 -1
63 154 -1
63 156 1
63 157 -1
63 158 -1
63 159 -1
63 160 -1
63 161 -1
63 164 -1
63 166 -1
63 170 -1
63 171 -1
63 174 1
63 175 -1
63 176 1
63 179 1
63 180 -1
63 185 -1
63 190 -1
64 69 1
64 71 -1
64 72 -1
64 73 -1
64 74 -1
64 75 -1
64 77 -1
64 79 -1
64 81 -1
64 82 -1
64 84 -1
64 85 -1
64 86 -1
64 87 -1
64 88 -1
64 89 -1
64 90 -1
64 91 -1
64 95 -1
64 96 -1
64 97 -1
64 98 -1
64 100 -1
64 101 -1
64 102 -1
64 105 -1
64 107 -1
64 110 1
64 112 1
64 114 -1
64 116 -1
64 118 -1
64 121 -1
64 122 -1
64 126 -1
64 127 -1
64 129 -1
64 130 -1
64 132 -1
64 135 -1
64 136 1
64 140 -1
64 143 -1
64 145 -1
64 146 -1
64 148 -1
64 149 -1
64 152 -1
64 154 -1
64 155 -1
64 156 -1
64 157 -1
64 159 1
64 161 1
64 163 -1
64 168 -1
64 170 -1
64 171 -1
64 174 -1
64 175 1
64 176 -1
64 178 1
64 179 -1
64 180 -1
64 181 -1
64 186 1
64 188 1
64 189 1
64 190 -1
65 69 1
65 70 -1
65 71 -1
65 72 -1
65 74 -1
65 76 -1
65 78 1
65 79 -1
65 82 -1
65 84 -1
65 85 1
65 88 -1
65 89 -1
65 92 -1
65 95 -1
65 97 -1
65 98 -1
65 100 -1
65 103 -1
65 104 1
65 107 -1
65 109 -1
65 110 -1
65 115 -1
65 122 -1
65 124 -1
65 132 -1
65 133 -1
65 135 -1
65 138 -1
65 139 -1
65 140 -1
65 141 -1
65 142 1
65 146 -1
65 147 -1
65 148 1
65 149 -1
65 150 1
65 159 -1
65 161 -1
65 162 -1
65 163 -1
65 165 -1
65 167 -1
65 168 -1
65 171 -1
65 172 -1
65 173 -1
65 175 -1
65 178 1
65 180 -1
65 182 -1
65 185 -1
65 186 1
65 187 -1
65 188 -1
66 67 1
66 68 1
66 70 -1
66 72 -1
66 73 -1
66 74 -1
66 75 -1
66 76 -1
66 77 1
66 80 -1
66 86 1
66 90 -1
66 94 -1
66 96 -1
66 97 -1
66 98 1
66 100 1
66 102 -1
66 103 1
66 105 1
66 108 -1
66 113 1
66 115 -1
66 116 -1
66 117 -1
66 120 -1
66 122 -1
66 129 1
66 132 1
66 134 -1
66 136 -1
66 137 -1
66 140 -1
66 142 -1
66 144 -1
66 147 -1
66 149 1
66 150 -1
66 151 -1
66 152 -1
66 156 1
66 157 -1
66 162 -1
66 164 -1
66 165 -1
66 169 -1
66 171 -1
66 174 1
66 175 -1
66 176 1
66 177 -1
66 178 -1
66 179 1
66 181 -1
66 182 -1
66 185 -1
66 186 -1
66 187 -1
66 190 -1
67 68 1
67 69 -1
67 70 -1
67 73 -1
67 77 1
67 78 -1
67 80 -1
67 82 -1
67 84 -1
67 86 1
67 87 -1
67 88 -1
67 89 -1
67 90 -1
67 94 -1
67 95 -1
67 97 -1
67 98 1
67 100 1
67 103 1
67 105 1
67 106 -1
67 107 -1
67 108 -1
67 109 -1
67 110 -1
67 112 -1
67 113 1
67 114 -1
67 118 -1
67 119 -1
67 122 -1
67 123 -1
67 124 -1
67 129 1
67 131 -1
67 132 1
67 133 -1
67 135 -1
67 145 -1
67 149 1
67 150 -1
67 151 -1
67 153 -1
67 155 -1
67 156 1
67 159 -1
67 160 -1
67 161 -1
67 162 -1
67 163 -1
67 169 -1
67 170 -1
67 172 -1
67 173 -1
67 174 1
67 176 1
67 178 -1
67 179 1
67 181 -1
67 182 -1
67 183 -1
67 186 -1
67 189 -1
68 70 -1
68 71 -1
68 73 -1
68 74 -1
68 75 -1
68 77 1
68 78 -1
68 84 -1
68 86 1
68 89 -1
68 90 -1
68 91 -1
68 92 -1
68 93 -1
68 94 -1
68 96 -1
68 98 1
68 99 -1
68 100 1
68 101 -1
68 102 -1
68 103 1
68 104 -1
68 105 1
68 108 -1
68 110 -1
68 113 1
68 120 -1
68 123 -1
68 124 -1
68 125 -1
68 127 -1
68 128 -1
68 129 1
68 130 -1
68 131 -1
68 132 1
68 133 -1
68 134 -1
68 138 -1
68 141 -1
68 143 -1
68 145 -1
68 146 -1
68 147 -1
68 148 -1
68 149 1
68 150 -1
68 151 -1
68 152 -1
68 153 -1
68 155 -1
68 156 1
68 157 -1
68 159 -1
68 160 -1
68 169 -1
68 173 -1
68 174 1
68 176 1
68 177 -1
68 179 1
68 182 -1
68 184 -1
68 187 -1
69 70 -1
69 77 -1
69 78 1
69 81 -1
69 82 -1
69 85 1
69 87 -1
69 89 -1
69 90 -1
69 97 -1
69 98 -1
69 99 -1
69 100 -1
69 103 -1
69 104 1
69 110 -1
69 111 -1
69 112 -1
69 115 -1
69 117 -1
69 119 -1
69 120 -1
69 121 -1
69 123 -1
69 128 -1
69 129 -1
69 133 -1
69 135 -1
69 138 -1
69 144 -1
69 145 -1
69 148 1
69 149 -1
69 151 -1
69 153 -1
69 154 -1
69 155 -1
69 158 -1
69 169 -1
69 170 -1
69 172 -1
69 174 -1
69 177 -1
69 178 1
69 179 -1
69 181 -1
69 183 -1
69 184 -1
69 185 -1
69 186 1
69 187 -1
69 188 -1
69 189 -1
70 71 -1
70 72 1
70 77 -1
70 78 -1
70 79 -1
70 83 -1
70 84 -1
70 85 -1
70 91 -1
70 92 -1
70 93 1
70 95 -1
70 96 1
70 97 1
70 98 -1
70 103 -1
70 104 -1
70 105 -1
70 107 -1
70 109 -1
70 110 -1
70 113 -1
70 114 -1
70 115 -1
70 116 -1
70 117 -1
70 118 1
70 119 -1
70 121 -1
70 124 -1
70 127 -1
70 128 1
70 130 -1
70 131 1
70 135 -1
70 137 1
70 138 -1
70 139 1
70 141 1
70 142 -1
70 144 -1
70 146 1
70 147 -1
70 150 -1
70 151 -1
70 155 1
70 156 -1
70 157 -1
70 158 -1
70 159 -1
70 160 -1
70 161 -1
70 164 1
70 168 1
70 171 -1
70 172 -1
70 174 -1
70 179 -1
70 181 -1
70 182 -1
70 185 -1
70 188 -1
70 189 -1
71 74 -1
71 76 -1
71 78 -1
71 91 -1
71 94 -1
71 95 1
71 100 -1
71 101 -1
71 103 -1
71 106 -1
71 107 -1
71 108 -1
71 109 1
71 110 -1
71 114 -1
71 117 -1
71 118 -1
71 119 -1
71 120 1
71 121 -1
71 122 -1
71 123 1
71 124 -1
71 125 -1
71 127 -1
71 128 -1
71 134 -1
71 135 -1
71 139 -1
71 140 1
71 142 -1
71 143 -1
71 144 -1
71 148 -1
71 150 -1
71 152 -1
71 153 -1
71 158 -1
71 159 -1
71 160 -1
71 161 -1
71 163 -1
71 164 -1
71 167 -1
71 170 -1
71 172 1
71 174 -1
71 177 -1
71 178 -1
71 179 -1
71 183 -1
71 185 -1
71 186 -1
71 187 1
71 189 -1
72 73 -1
72 75 -1
72 76 -1
72 78 -1
72 82 -1
72 83 -1
72 87 -1
72 88 -1
72 89 -1
72 91 1
72 92 -1
72 93 1
72 95 -1
72 96 1
72 97 1
72 99 1
72 100 -1
72 101 -1
72 102 -1
72 104 -1
72 105 -1
72 107 1
72 109 -1
72 110 -1
72 112 -1
72 114 -1
72 118 -1
72 119 -1
72 123 -1
72 127 -1
72 128 1
72 129 -1
72 130 1
72 131 1
72 132 -1
72 135 -1
72 137 1
72 139 -1
72 141 -1
72 146 -1
72 147 -1
72 149 -1
72 151 -1
72 155 1
72 156 -1
72 157 -1
72 164 1
72 168 1
72 169 -1
72 170 -1
72 175 -1
72 182 -1
72 184 -1
72 187 -1
72 190 1
73 75 -1
73 76 1
73 77 -1
73 79 -1
73 81 -1
73 82 -1
73 83 -1
73 84 -1
73 85 -1
73 86 -1
73 87 -1
73 88 -1
73 91 -1
73 92 -1
73 98 -1
73 103 -1
73 104 -1
73 105 -1
73 106 -1
73 109 -1
73 111 -1
73 114 -1
73 116 -1
73 117 -1
73 119 1
73 122 -1
73 124 -1
73 127 -1
73 128 -1
73 129 -1
73 130 -1
73 132 -1
73 135 1
73 136 -1
73 137 -1
73 140 -1
73 141 -1
73 144 -1
73 145 -1
73 146 -1
73 147 -1
73 148 -1
73 154 -1
73 159 -1
73 160 -1
73 162 -1
73 164 -1
73 165 1
73 166 -1
73 168 -1
73 169 -1
73 171 -1
73 174 -1
73 179 -1
73 180 -1
73 181 -1
73 183 1
73 184 -1
73 189 -1
74 76 1
74 79 -1
74 80 -1
74 81 -1
74 83 -1
74 85 -1
74 86 -1
74 89 -1
74 90 -1
74 91 1
74 92 -1
74 94 -1
74 96 1
74 98 -1
74 99 1
74 100 -1
74 101 -1
74 102 -1
74 103 -1
74 106 -1
74 107 1
74 108 -1
74 111 -1
74 112 -1
74 115 -1
74 116 1
74 117 -1
74 119 1
74 121 1
74 123 -1
74 124 -1
74 126 -1
74 127 -1
74 128 -1
74 130 1
74 131 -1
74 133 -1
74 135 1
74 136 -1
74 141 -1
74 144 -1
74 148 -1
74 149 -1
74 150 -1
74 151 -1
74 157 -1
74 164 1
74 165 1
74 166 -1
74 167 1
74 168 1
74 171 1
74 176 -1
74 179 -1
74 180 -1
74 184 -1
74 185 -1
74 186 -1
74 188 -1
74 189 -1
74 190 1
75 78 -1
75 81 -1
75 83 -1
75 85 -1
75 90 -1
75 95 -1
75 96 -1
75 97 -1
75 98 -1
75 99 -1
75 101 1
75 102 -1
75 103 1
75 105 -1
75 106 1
75 109 -1
75 110 -1
75 114 -1
75 116 -1
75 118 -1
75 119 -1
75 121 -1
75 124 1
75 126 -1
75 128 -1
75 131 -1
75 133 -1
75 135 -1
75 136 -1
75 137 -1
75 143 -1
75 146 -1
75 148 -1
75 149 -1
75 152 -1
75 154 1
75 156 1
75 158 -1
75 161 -1
75 164 -1
75 169 -1
75 172 -1
75 176 -1
75 178 -1
75 179 -1
75 181 -1
75 182 -1
75 183 -1
75 184 -1
75 185 -1
75 187 -1
75 189 -1
76 79 -1
76 80 -1
76 82 -1
76 84 -1
76 86 -1
76 90 -1
76 91 -1
76 97 -1
76 100 -1
76 101 -1
76 105 -1
76 107 -1
76 109 -1
76 112 -1
76 113 -1
76 116 1
76 119 1
76 121 1
76 126 -1
76 131 -1
76 132 -1
76 135 1
76 139 -1
76 140 -1
76 141 -1
76 142 -1
76 146 -1
76 148 -1
76 151 -1
76 154 -1
76 156 -1
76 160 -1
76 161 -1
76 162 -1
76 164 -1
76 165 1
76 167 -1
76 168 -1
76 171 1
76 172 -1
76 174 -1
76 176 -1
76 177 -1
76 178 -1
76 183 1
76 185 -1
76 186 -1
77 78 -1
77 80 -1
77 82 -1
77 84 -1
77 85 -1
77 86 1
77 92 -1
77 95 -1
77 97 -1
77 98 1
77 100 1
77 102 -1
77 104 -1
77 105 1
77 106 -1
77 107 -1
77 108 -1
77 110 -1
77 111 -1
77 112 -1
77 113 1
77 114 -1
77 115 -1
77 118 -1
77 119 -1
77 122 -1
77 129 1
77 132 1
77 134 -1
77 138 -1
77 139 -1
77 141 -1
77 142 -1
77 143 -1
77 148 -1
77 149 1
77 151 -1
77 152 -1
77 153 -1
77 155 -1
77 156 1
77 158 -1
77 160 -1
77 162 -1
77 163 -1
77 165 -1
77 168 -1
77 171 -1
77 172 -1
77 174 1
77 176 1
77 177 -1
77 179 1
77 180 -1
77 181 -1
77 182 -1
77 183 -1
77 184 -1
77 189 -1
78 80 -1
78 81 -1
78 82 -1
78 83 -1
78 85 1
78 86 -1
78 88 -1
78 91 -1
78 92 -1
78 93 -1
78 97 -1
78 103 -1
78 104 1
78 108 -1
78 112 -1
78 114 1
78 115 -1
78 116 -1
78 117 -1
78 121 -1
78 125 -1
78 126 -1
78 127 -1
78 128 -1
78 132 -1
78 135 -1
78 140 -1
78 141 -1
78 142 1
78 143 -1
78 144 -1
78 147 -1
78 148 1
78 149 -1
78 150 1
78 152 -1
78 155 -1
78 156 -1
78 159 -1
78 161 -1
78 162 -1
78 164 -1
78 167 -1
78 169 -1
78 171 -1
78 173 -1
78 174 -1
78 175 -1
78 177 -1
78 178 1
78 182 -1
78 186 1
78 187 -1
78 188 -1
78 189 -1
79 80 1
79 81 -1
79 83 1
79 84 1
79 88 -1
79 89 1
79 91 -1
79 94 1
79 97 -1
79 98 -1
79 99 -1
79 101 1
79 104 -1
79 108 -1
79 109 -1
79 113 -1
79 114 -1
79 117 1
79 122 -1
79 123 -1
79 124 1
79 125 -1
79 126 -1
79 127 1
79 128 -1
79 130 -1
79 131 -1
79 135 -1
79 137 -1
79 139 -1
79 142 -1
79 146 -1
79 147 -1
79 148 -1
79 149 -1
79 150 -1
79 151 1
79 152 -1
79 153 -1
79 154 1
79 156 -1
79 158 1
79 159 -1
79 160 -1
79 164 -1
79 165 -1
79 166 1
79 175 -1
79 177 -1
79 178 -1
79 179 -1
79 181 1
79 182 1
79 183 -1
79 187 -1
79 189 -1
80 83 1
80 84 1
80 88 -1
80 89 1
80 90 -1
80 91 -1
80 92 -1
80 94 1
80 96 -1
80 97 -1
80 98 -1
80 99 -1
80 101 1
80 105 -1
80 114 1
80 117 1
80 118 -1
80 119 -1
80 120 -1
80 121 -1
80 123 -1
80 127 1
80 131 -1
80 135 -1
80 137 -1
80 142 1
80 148 -1
80 149 -1
80 150 1
80 151 1
80 154 -1
80 155 -1
80 156 -1
80 158 1
80 159 -1
80 161 -1
80 163 -1
80 166 1
80 168 -1
80 169 -1
80 170 -1
80 171 -1
80 173 -1
80 175 -1
80 177 -1
80 178 -1
80 181 1
80 182 1
80 184 -1
80 185 -1
80 190 -1
81 83 -1
81 86 -1
81 87 1
81 89 -1
81 90 1
81 95 -1
81 98 1
81 100 -1
81 101 -1
81 104 -1
81 107 -1
81 108 -1
81 111 1
81 112 -1
81 113 -1
81 114 -1
81 115 1
81 116 -1
81 119 -1
81 121 -1
81 122 -1
81 123 -1
81 124 -1
81 125 -1
81 127 -1
81 131 -1
81 132 1
81 134 -1
81 135 -1
81 136 -1
81 138 1
81 141 -1
81 143 1
81 144 -1
81 145 1
81 147 1
81 152 -1
81 156 -1
81 157 -1
81 158 -1
81 160 -1
81 163 -1
81 164 -1
81 166 -1
81 167 -1
81 168 -1
81 169 -1
81 170 -1
81 172 -1
81 173 -1
81 174 -1
81 176 1
81 179 -1
81 180 1
81 184 1
81 185 1
81 187 -1
82 85 -1
82 88 -1
82 89 -1
82 90 -1
82 91 -1
82 93 -1
82 94 -1
82 95 -1
82 97 1
82 98 -1
82 99 -1
82 100 -1
82 101 -1
82 102 -1
82 103 -1
82 104 -1
82 106 -1
82 108 -1
82 110 1
82 111 -1
82 112 -1
82 113 -1
82 115 -1
82 117 -1
82 118 1
82 121 -1
82 122 1
82 124 -1
82 125 1
82 126 -1
82 129 -1
82 132 -1
82 133 1
82 136 -1
82 139 1
82 141 1
82 142 -1
82 144 -1
82 146 1
82 149 -1
82 151 -1
82 154 -1
82 155 -1
82 156 -1
82 158 -1
82 159 1
82 160 1
82 163 1
82 168 -1
82 169 -1
82 171 -1
82 172 -1
82 174 -1
82 176 -1
82 178 -1
82 184 -1
82 187 -1
82 188 -1
82 189 1
83 84 1
83 86 -1
83 87 -1
83 89 1
83 93 -1
83 94 1
83 96 -1
83 98 -1
83 99 -1
83 100 -1
83 101 1
83 102 -1
83 103 -1
83 104 -1
83 107 -1
83 109 -1
83 111 -1
83 112 -1
83 114 1
83 117 1
83 120 -1
83 121 -1
83 123 -1
83 127 1
83 130 -1
83 131 -1
83 132 -1
83 134 -1
83 138 -1
83 139 -1
83 141 -1
83 142 1
83 143 -1
83 145 -1
83 146 -1
83 150 1
83 151 1
83 152 -1
83 155 -1
83 156 -1
83 158 1
83 166 1
83 171 -1
83 173 -1
83 176 -1
83 177 -1
83 179 -1
83 181 1
83 182 1
83 184 -1
83 186 -1
83 189 -1
84 86 -1
84 87 -1
84 88 -1
84 89 1
84 90 -1
84 91 -1
84 94 1
84 95 -1
84 97 -1
84 99 -1
84 100 -1
84 101 1
84 103 -1
84 104 -1
84 110 -1
84 113 -1
84 114 1
84 115 -1
84 116 -1
84 117 1
84 119 -1
84 120 -1
84 122 -1
84 123 -1
84 127 1
84 133 -1
84 135 -1
84 136 -1
84 140 -1
84 142 1
84 143 -1
84 145 -1
84 146 -1
84 149 -1
84 150 1
84 151 1
84 156 -1
84 158 1
84 159 -1
84 163 -1
84 166 1
84 171 -1
84 172 -1
84 174 -1
84 177 -1
84 178 -1
84 179 -1
84 180 -1
84 181 1
84 182 1
84 185 -1
84 189 -1
84 190 -1
85 86 -1
85 88 -1
85 89 -1
85 94 -1
85 97 -1
85 100 -1
85 101 -1
85 102 -1
85 104 1
85 109 -1
85 110 -1
85 114 1
85 116 -1
85 118 -1
85 121 -1
85 124 -1
85 126 -1
85 127 -1
85 129 -1
85 132 -1
85 135 -1
85 136 -1
85 139 -1
85 140 -1
85 141 -1
85 142 1
85 144 -1
85 145 -1
85 147 -1
85 148 1
85 150 1
85 151 -1
85 152 -1
85 154 -1
85 156 -1
85 157 -1
85 158 -1
85 161 -1
85 162 -1
85 164 -1
85 165 -1
85 171 -1
85 172 -1
85 178 1
85 180 -1
85 182 -1
85 184 -1
85 186 1
86 90 -1
86 91 -1
86 94 -1
86 96 -1
86 98 1
86 99 -1
86 100 1
86 101 -1
86 103 1
86 105 1
86 108 -1
86 109 -1
86 112 -1
86 113 1
86 114 -1
86 117 -1
86 118 -1
86 120 -1
86 121 -1
86 122 -1
86 123 -1
86 124 -1
86 125 -1
86 126 -1
86 129 1
86 131 -1
86 133 -1
86 134 -1
86 135 -1
86 136 -1
86 137 -1
86 141 -1
86 142 -1
86 143 -1
86 144 -1
86 145 -1
86 149 1
86 150 -1
86 155 -1
86 156 1
86 161 -1
86 162 -1
86 163 -1
86 165 -1
86 167 -1
86 168 -1
86 171 -1
86 172 -1
86 174 1
86 175 -1
86 176 1
86 177 -1
86 179 1
86 182 -1
86 184 -1
86 186 -1
86 187 -1
86 188 -1
86 189 -1
87 89 -1
87 90 1
87 92 -1
87 93 -1
87 101 -1
87 102 1
87 104 -1
87 106 -1
87 107 -1
87 108 1
87 111 1
87 112 -1
87 115 1
87 116 -1
87 119 -1
87 124 -1
87 127 -1
87 128 -1
87 130 -1
87 131 -1
87 138 1
87 143 1
87 145 1
87 147 1
87 150 -1
87 152 1
87 153 1
87 154 -1
87 155 -1
87 156 -1
87 162 1
87 163 -1
87 164 -1
87 165 -1
87 168 -1
87 169 -1
87 171 -1
87 173 1
87 174 -1
87 175 -1
87 177 -1
87 180 1
87 182 -1
87 183 -1
87 184 1
87 185 1
87 186 -1
87 189 -1
88 89 -1
88 92 -1
88 93 -1
88 96 -1
88 97 -1
88 98 -1
88 101 -1
88 102 -1
88 103 -1
88 104 -1
88 105 -1
88 107 -1
88 109 -1
88 111 -1
88 117 -1
88 118 -1
88 120 -1
88 122 -1
88 125 -1
88 126 1
88 128 -1
88 129 -1
88 134 1
88 136 -1
88 137 -1
88 138 -1
88 142 -1
88 144 1
88 145 -1
88 148 -1
88 150 -1
88 151 -1
88 152 -1
88 155 -1
88 156 -1
88 157 1
88 159 -1
88 160 -1
88 162 -1
88 167 -1
88 169 1
88 170 1
88 171 -1
88 172 -1
88 174 -1
88 175 -1
88 176 -1
88 178 -1
88 181 -1
88 184 -1
88 186 -1
89 90 -1
89 91 -1
89 93 -1
89 94 1
89 95 -1
89 96 -1
89 102 -1
89 104 -1
89 106 -1
89 112 -1
89 114 1
89 115 -1
89 117 1
89 120 -1
89 122 -1
89 123 -1
89 124 -1
89 127 1
89 130 -1
89 131 -1
89 134 -1
89 136 -1
89 137 -1
89 138 -1
89 139 -1
89 141 -1
89 142 1
89 145 -1
89 147 -1
89 148 -1
89 149 -1
89 150 1
89 151 1
89 158 1
89 159 -1
89 162 -1
89 163 -1
89 164 -1
89 166 1
89 168 -1
89 172 -1
89 174 -1
89 177 -1
89 178 -1
89 180 -1
89 181 1
89 182 1
89 185 -1
89 186 -1
89 187 -1
89 189 -1
89 190 -1
90 92 -1
90 94 -1
90 95 -1
90 96 -1
90 97 -1
90 101 -1
90 102 1
90 108 1
90 111 1
90 114 -1
90 115 1
90 117 -1
90 118 -1
90 124 -1
90 126 -1
90 127 -1
90 128 -1
90 133 -1
90 134 -1
90 136 -1
90 138 1
90 140 -1
90 143 1
90 145 1
90 146 -1
90 147 1
90 148 -1
90 152 1
90 153 1
90 155 -1
90 156 -1
90 159 -1
90 162 1
90 164 -1
90 166 -1
90 171 -1
90 173 1
90 174 -1
90 175 -1
90 176 -1
90 177 -1
90 180 1
90 182 -1
90 184 1
90 185 1
90 189 -1
91 93 -1
91 96 1
91 97 -1
91 99 1
91 101 -1
91 103 -1
91 105 -1
91 106 -1
91 107 1
91 110 -1
91 112 -1
91 114 -1
91 115 -1
91 116 1
91 121 1
91 122 -1
91 123 -1
91 127 -1
91 128 1
91 129 -1
91 130 1
91 131 1
91 135 -1
91 137 1
91 138 -1
91 140 -1
91 141 -1
91 142 -1
91 143 -1
91 144 -1
91 145 -1
91 146 -1
91 147 -1
91 148 -1
91 149 -1
91 155 1
91 160 -1
91 162 -1
91 164 1
91 167 1
91 168 1
91 171 1
91 173 -1
91 174 -1
91 175 -1
91 179 -1
91 180 -1
91 181 -1
91 184 -1
91 185 -1
91 189 -1
91 190 1
92 94 -1
92 95 1
92 99 -1
92 101 -1
92 102 -1
92 106 -1
92 107 -1
92 109 1
92 110 -1
92 112 -1
92 113 -1
92 114 -1
92 115 -1
92 116 -1
92 117 -1
92 118 -1
92 119 -1
92 122 -1
92 123 1
92 126 1
92 132 -1
92 136 -1
92 140 1
92 143 -1
92 144 1
92 145 -1
92 146 -1
92 156 -1
92 160 -1
92 161 -1
92 163 -1
92 166 -1
92 167 -1
92 168 -1
92 169 1
92 171 -1
92 172 -1
92 175 -1
92 176 -1
92 177 1
92 179 -1
92 180 -1
92 182 -1
92 184 -1
92 185 -1
92 186 -1
92 187 1
93 96 -1
93 97 1
93 99 -1
93 101 -1
93 112 -1
93 116 -1
93 118 1
93 121 -1
93 125 -1
93 126 -1
93 127 -1
93 128 1
93 131 1
93 134 -1
93 135 -1
93 137 1
93 138 -1
93 139 1
93 141 1
93 145 -1
93 146 1
93 147 -1
93 149 -1
93 151 -1
93 155 1
93 159 -1
93 160 -1
93 166 -1
93 167 -1
93 169 -1
93 171 -1
93 174 -1
93 176 -1
93 178 -1
93 181 -1
93 184 -1
93 185 -1
93 186 -1
93 188 -1
94 95 -1
94 96 -1
94 97 -1
94 99 -1
94 101 1
94 104 -1
94 106 -1
94 108 -1
94 112 -1
94 113 -1
94 117 1
94 119 -1
94 120 -1
94 121 -1
94 123 -1
94 124 1
94 125 -1
94 127 1
94 129 -1
94 134 -1
94 135 -1
94 138 -1
94 139 -1
94 140 -1
94 141 -1
94 143 -1
94 149 -1
94 150 -1
94 151 1
94 154 1
94 157 -1
94 158 1
94 159 -1
94 162 -1
94 166 1
94 167 -1
94 170 -1
94 171 -1
94 172 -1
94 173 -1
94 174 -1
94 177 -1
94 180 -1
94 181 1
94 182 1
94 183 -1
94 186 -1
94 187 -1
94 190 -1
95 96 -1
95 99 -1
95 102 -1
95 103 -1
95 105 -1
95 106 -1
95 108 -1
95 109 1
95 114 -1
95 116 -1
95 119 -1
95 120 1
95 121 -1
95 123 1
95 125 -1
95 126 -1
95 134 -1
95 135 -1
95 137 -1
95 139 -1
95 140 1
95 143 -1
95 144 -1
95 146 -1
95 147 -1
95 148 -1
95 149 -1
95 152 -1
95 154 -1
95 157 -1
95 158 -1
95 159 -1
95 162 -1
95 164 -1
95 168 -1
95 169 -1
95 170 -1
95 171 -1
95 172 1
95 174 -1
95 175 -1
95 177 1
95 178 -1
95 182 -1
95 183 -1
95 184 -1
95 186 -1
95 187 1
95 188 -1
95 189 -1
96 97 -1
96 99 1
96 101 -1
96 105 -1
96 106 -1
96 107 1
96 109 -1
96 115 -1
96 116 1
96 117 -1
96 119 -1
96 120 -1
96 121 1
96 122 -1
96 123 -1
96 124 -1
96 128 1
96 130 1
96 131 1
96 133 -1
96 137 1
96 138 -1
96 143 -1
96 146 -1
96 147 -1
96 149 -1
96 150 -1
96 151 -1
96 152 -1
96 154 -1
96 155 1
96 156 -1
96 157 -1
96 159 -1
96 160 -1
96 163 -1
96 164 1
96 167 1
96 168 1
96 169 -1
96 171 1
96 172 -1
96 173 -1
96 175 -1
96 181 -1
96 182 -1
96 183 -1
96 185 -1
96 187 -1
96 189 -1
96 190 1
97 98 -1
97 101 -1
97 105 -1
97 107 -1
97 108 -1
97 112 -1
97 116 -1
97 117 -1
97 118 1
97 122 -1
97 123 -1
97 128 1
97 130 -1
97 131 1
97 132 -1
97 134 -1
97 135 -1
97 137 1
97 138 -1
97 139 1
97 141 1
97 142 -1
97 145 -1
97 146 1
97 147 -1
97 149 -1
97 151 -1
97 152 -1
97 153 -1
97 154 -1
97 155 1
97 156 -1
97 157 -1
97 159 -1
97 163 1
97 165 -1
97 166 -1
97 174 -1
97 176 -1
97 178 -1
97 179 -1
97 183 -1
97 186 -1
98 101 -1
98 102 -1
98 103 -1
98 105 1
98 106 -1
98 107 -1
98 111 -1
98 112 -1
98 113 -1
98 115 1
98 117 -1
98 118 -1
98 121 -1
98 122 -1
98 123 -1
98 129 1
98 130 -1
98 132 1
98 134 -1
98 135 -1
98 137 -1
98 138 -1
98 139 -1
98 140 -1
98 142 -1
98 143 -1
98 144 -1
98 149 1
98 153 -1
98 156 -1
98 157 -1
98 158 -1
98 161 -1
98 162 -1
98 165 -1
98 168 -1
98 170 -1
98 172 -1
98 176 1
98 179 1
98 180 -1
98 182 -1
98 183 -1
98 184 -1
98 185 -1
98 188 -1
98 190 -1
99 100 -1
99 101 -1
99 103 -1
99 107 1
99 110 -1
99 112 -1
99 116 1
99 117 -1
99 118 -1
99 119 -1
99 121 1
99 123 -1
99 124 -1
99 125 -1
99 126 -1
99 128 1
99 130 1
99 131 1
99 136 -1
99 137 1
99 143 -1
99 144 -1
99 147 -1
99 151 -1
99 152 -1
99 154 -1
99 155 1
99 156 -1
99 162 -1
99 164 1
99 165 -1
99 167 1
99 168 1
99 171 1
99 175 -1
99 176 -1
99 180 -1
99 181 -1
99 185 -1
99 186 -1
99 188 -1
99 190 1
100 101 -1
100 102 -1
100 103 1
100 104 -1
100 105 1
100 106 1
100 109 -1
100 111 -1
100 113 1
100 114 -1
100 116 -1
100 117 -1
100 119 -1
100 120 -1
100 123 -1
100 125 -1
100 127 -1
100 129 1
100 132 -1
100 133 -1
100 134 -1
100 135 -1
100 136 -1
100 137 -1
100 138 -1
100 139 -1
100 142 -1
100 144 -1
100 145 -1
100 149 1
100 152 -1
100 153 -1
100 154 -1
100 156 1
100 158 -1
100 161 -1
100 165 -1
100 168 -1
100 172 -1
100 173 -1
100 174 1
100 176 -1
100 179 1
100 182 -1
100 185 -1
100 186 -1
100 187 -1
100 189 -1
100 190 -1
101 102 -1
101 104 -1
101 106 1
101 108 -1
101 112 -1
101 114 -1
101 115 -1
101 117 1
101 118 -1
101 119 -1
101 121 -1
101 124 1
101 126 -1
101 127 1
101 130 -1
101 135 -1
101 138 -1
101 142 -1
101 145 -1
101 146 -1
101 151 1
101 154 1
101 155 -1
101 157 -1
101 158 1
101 162 -1
101 163 -1
101 165 -1
101 166 1
101 168 -1
101 169 -1
101 173 -1
101 176 -1
101 179 -1
101 180 -1
101 181 -1
101 182 1
101 183 -1
101 190 -1
102 103 -1
102 105 -1
102 106 -1
102 107 -1
102 108 1
102 109 -1
102 112 -1
102 113 -1
102 114 -1
102 117 -1
102 120 -1
102 124 -1
102 126 -1
102 129 -1
102 130 -1
102 131 -1
102 133 -1
102 134 1
102 138 1
102 140 -1
102 143 1
102 144 -1
102 145 1
102 147 1
102 148 -1
102 149 -1
102 152 1
102 153 1
102 157 1
102 162 1
102 163 -1
102 164 -1
102 166 -1
102 170 1
102 171 -1
102 172 -1
102 173 1
102 174 -1
102 178 -1
102 180 1
102 181 -1
102 182 -1
102 183 -1
102 185 1
102 186 -1
102 188 -1
102 190 -1
103 105 -1
103 106 1
103 107 -1
103 109 -1
103 110 -1
103 111 -1
103 113 1
103 114 -1
103 124 1
103 126 -1
103 130 -1
103 133 -1
103 136 -1
103 137 -1
103 138 -1
103 140 -1
103 142 -1
103 145 -1
103 148 -1
103 149 -1
103 154 -1
103 156 1
103 159 -1
103 162 -1
103 166 -1
103 168 -1
103 172 -1
103 173 -1
103 174 1
103 176 -1
103 177 -1
103 178 -1
103 180 -1
103 184 -1
103 185 -1
103 187 -1
103 190 -1
104 106 -1
104 108 -1
104 109 -1
104 110 -1
104 111 -1
104 112 -1
104 114 1
104 116 -1
104 117 -1
104 120 -1
104 121 -1
104 122 -1
104 123 -1
104 125 -1
104 130 -1
104 133 -1
104 134 -1
104 137 -1
104 141 -1
104 142 1
104 143 -1
104 146 -1
104 147 -1
104 148 1
104 149 -1
104 150 1
104 151 -1
104 152 -1
104 154 -1
104 155 -1
104 156 -1
104 158 -1
104 159 -1
104 160 -1
104 162 -1
104 167 -1
104 168 -1
104 170 -1
104 173 -1
104 174 -1
104 177 -1
104 178 1
104 179 -1
104 180 -1
104 181 -1
104 183 -1
104 186 1
104 188 -1
105 110 -1
105 111 -1
105 112 -1
105 113 1
105 116 -1
105 118 -1
105 119 -1
105 121 -1
105 126 -1
105 127 -1
105 129 1
105 130 -1
105 132 1
105 133 -1
105 136 -1
105 137 -1
105 138 -1
105 143 -1
105 145 -1
105 146 -1
105 149 1
105 153 -1
105 154 -1
105 155 -1
105 156 1
105 158 -1
105 160 -1
105 161 -1
105 162 -1
105 165 -1
105 169 -1
105 172 -1
105 174 1
105 176 1
105 178 -1
105 179 1
105 180 -1
105 181 -1
105 185 -1
105 187 -1
106 109 -1
106 110 -1
106 111 -1
106 113 1
106 118 -1
106 121 -1
106 122 -1
106 124 1
106 131 -1
106 132 -1
106 133 -1
106 135 -1
106 136 -1
106 137 -1
106 138 -1
106 139 -1
106 141 -1
106 148 -1
106 149 -1
106 150 -1
106 151 -1
106 154 1
106 155 -1
106 156 1
106 157 -1
106 160 -1
106 161 -1
106 168 -1
106 170 -1
106 173 -1
106 174 1
106 176 -1
106 179 -1
106 180 -1
106 190 -1
107 108 -1
107 109 -1
107 110 -1
107 112 -1
107 113 -1
107 114 -1
107 115 -1
107 116 1
107 118 -1
107 120 -1
107 121 1
107 123 -1
107 125 -1
107 126 -1
107 127 -1
107 128 1
107 130 1
107 131 1
107 132 -1
107 134 -1
107 136 -1
107 137 -1
107 139 -1
107 140 -1
107 141 -1
107 142 -1
107 146 -1
107 147 -1
107 148 -1
107 149 -1
107 150 -1
107 152 -1
107 153 -1
107 154 -1
107 155 1
107 157 -1
107 162 -1
107 164 1
107 166 -1
107 167 1
107 168 1
107 169 -1
107 171 1
107 173 -1
107 175 -1
107 178 -1
107 179 -1
107 180 -1
107 182 -1
107 183 -1
107 185 -1
107 186 -1
107 188 -1
107 190 1
108 111 -1
108 112 -1
108 114 -1
108 115 -1
108 116 -1
108 119 -1
108 121 -1
108 123 -1
108 125 -1
108 127 -1
108 128 -1
108 129 -1
108 130 -1
108 134 1
108 135 -1
108 137 -1
108 138 1
108 142 -1
108 143 1
108 145 1
108 146 -1
108 147 1
108 149 -1
108 151 -1
108 152 1
108 153 1
108 154 -1
108 157 1
108 162 1
108 163 -1
108 164 -1
108 165 -1
108 167 -1
108 168 -1
108 169 -1
108 170 1
108 171 -1
108 173 1
108 174 -1
108 175 -1
108 176 -1
108 177 -1
108 178 -1
108 179 -1
108 180 1
108 181 -1
108 182 -1
108 185 1
108 187 -1
108 188 -1
109 110 -1
109 111 -1
109 112 -1
109 114 -1
109 115 -1
109 116 -1
109 117 -1
109 119 -1
109 120 1
109 122 -1
109 123 1
109 125 -1
109 127 -1
109 130 -1
109 133 -1
109 138 -1
109 139 -1
109 140 1
109 142 -1
109 144 -1
109 149 -1
109 152 -1
109 154 -1
109 155 -1
109 156 -1
109 157 -1
109 159 -1
109 163 -1
109 164 -1
109 165 -1
109 167 -1
109 168 -1
109 170 -1
109 172 1
109 173 -1
109 174 -1
109 175 -1
109 177 1
109 180 -1
109 182 -1
109 184 -1
109 185 -1
109 187 1
109 189 -1
109 190 -1
110 111 -1
110 112 1
110 114 -1
110 115 -1
110 116 -1
110 117 -1
110 118 -1
110 121 -1
110 122 1
110 123 -1
110 125 1
110 126 -1
110 128 -1
110 129 -1
110 132 -1
110 133 1
110 134 -1
110 135 -1
110 136 1
110 137 -1
110 141 -1
110 143 -1
110 145 -1
110 147 -1
110 151 -1
110 154 -1
110 155 -1
110 156 -1
110 158 -1
110 159 1
110 160 1
110 161 1
110 162 -1
110 163 1
110 167 -1
110 169 -1
110 173 -1
110 175 1
110 176 -1
110 179 -1
110 185 -1
110 186 -1
110 188 1
110 189 1
110 190 -1
111 113 -1
111 115 1
111 117 -1
111 118 -1
111 120 -1
111 122 -1
111 123 -1
111 129 -1
111 132 -1
111 133 -1
111 134 -1
111 137 -1
111 138 1
111 139 -1
111 142 -1
111 143 1
111 145 1
111 146 -1
111 147 1
111 148 -1
111 149 -1
111 152 1
111 153 1
111 155 -1
111 159 -1
111 160 -1
111 163 -1
111 164 -1
111 166 -1
111 167 -1
111 169 -1
111 171 -1
111 172 -1
111 173 1
111 179 -1
111 180 1
111 182 -1
111 183 -1
111 184 1
111 185 1
111 186 -1
111 189 -1
111 190 -1
112 116 -1
112 117 -1
112 118 -1
112 119 -1
112 122 -1
112 124 -1
112 125 1
112 128 -1
112 130 -1
112 131 -1
112 133 -1
112 136 1
112 143 -1
112 146 -1
112 148 -1
112 149 -1
112 150 -1
112 151 -1
112 155 -1
112 156 -1
112 159 1
112 160 1
112 161 1
112 162 -1
112 165 -1
112 166 -1
112 167 -1
112 168 -1
112 169 -1
112 170 -1
112 172 -1
112 175 1
112 177 -1
112 179 -1
112 180 -1
112 181 -1
112 184 -1
112 185 -1
112 186 -1
112 188 1
112 189 1
112 190 -1
113 115 -1
113 117 -1
113 119 -1
113 120 -1
113 123 -1
113 124 -1
113 125 -1
113 126 -1
113 127 -1
113 128 -1
113 129 1
113 138 -1
113 144 -1
113 147 -1
113 148 -1
113 149 1
113 150 -1
113 152 -1
113 153 -1
113 154 -1
113 156 1
113 157 -1
113 160 -1
113 163 -1
113 170 -1
113 173 -1
113 174 1
113 175 -1
113 176 -1
113 179 1
113 182 -1
113 183 -1
114 115 -1
114 116 -1
114 117 -1
114 118 -1
114 127 1
114 128 -1
114 129 -1
114 130 -1
114 132 -1
114 133 -1
114 135 -1
114 139 -1
114 140 -1
114 142 1
114 143 -1
114 145 -1
114 147 -1
114 150 1
114 151 1
114 152 -1
114 155 -1
114 157 -1
114 158 1
114 162 -1
114 165 -1
114 166 1
114 167 -1
114 168 -1
114 174 -1
114 176 -1
114 178 -1
114 179 -1
114 181 1
114 182 1
114 184 -1
114 186 -1
114 187 -1
114 188 -1
114 189 -1
114 190 -1
115 116 -1
115 117 -1
115 119 -1
115 120 -1
115 121 -1
115 124 -1
115 126 -1
115 130 -1
115 131 -1
115 132 1
115 133 -1
115 134 -1
115 135 -1
115 138 1
115 140 -1
115 143 1
115 145 1
115 147 1
115 148 -1
115 149 -1
115 151 -1
115 152 1
115 154 -1
115 155 -1
115 156 -1
115 158 -1
115 160 -1
115 161 -1
115 164 -1
115 166 -1
115 167 -1
115 168 -1
115 169 -1
115 170 -1
115 172 -1
115 173 -1
115 174 -1
115 176 1
115 178 -1
115 180 1
115 181 -1
115 184 1
115 185 1
115 187 -1
115 188 -1
116 117 -1
116 118 -1
116 119 1
116 120 -1
116 121 1
116 122 -1
116 124 -1
116 125 -1
116 127 -1
116 130 1
116 134 -1
116 135 1
116 136 -1
116 138 -1
116 140 -1
116 142 -1
116 149 -1
116 150 -1
116 151 -1
116 154 -1
116 155 -1
116 159 -1
116 160 -1
116 164 1
116 165 1
116 167 1
116 168 1
116 171 1
116 175 -1
116 176 -1
116 181 -1
116 185 -1
116 186 -1
116 190 1
117 118 -1
117 120 -1
117 124 1
117 127 1
117 128 -1
117 130 -1
117 134 -1
117 135 -1
117 142 -1
117 144 -1
117 150 -1
117 151 1
117 154 1
117 158 1
117 161 -1
117 162 -1
117 166 1
117 169 -1
117 170 -1
117 172 -1
117 174 -1
117 175 -1
117 176 -1
117 179 -1
117 182 1
117 184 -1
117 190 -1
118 119 -1
118 121 -1
118 122 1
118 126 -1
118 127 -1
118 133 1
118 135 -1
118 136 -1
118 137 1
118 138 -1
118 139 1
118 141 1
118 143 -1
118 144 -1
118 146 1
118 147 -1
118 150 -1
118 151 -1
118 153 -1
118 154 -1
118 156 -1
118 157 -1
118 158 -1
118 160 -1
118 163 1
118 164 -1
118 167 -1
118 174 -1
118 175 -1
118 177 -1
118 179 -1
118 182 -1
118 185 -1
118 186 -1
118 187 -1
118 189 -1
118 190 -1
119 120 -1
119 121 1
119 122 -1
119 123 -1
119 124 -1
119 125 -1
119 126 -1
119 129 -1
119 130 1
119 132 -1
119 135 1
119 137 -1
119 139 -1
119 140 -1
119 144 -1
119 145 -1
119 146 -1
119 147 -1
119 148 -1
119 149 -1
119 150 -1
119 151 -1
119 153 -1
119 156 -1
119 157 -1
119 163 -1
119 165 1
119 166 -1
119 167 1
119 170 -1
119 171 1
119 176 -1
119 180 -1
119 181 -1
119 182 -1
119 183 1
119 184 -1
119 185 -1
119 186 -1
119 187 -1
119 189 -1
119 190 1
120 123 1
120 128 -1
120 130 -1
120 133 -1
120 135 -1
120 136 -1
120 140 1
120 142 -1
120 144 -1
120 145 -1
120 146 -1
120 147 -1
120 148 -1
120 149 -1
120 150 -1
120 152 -1
120 158 -1
120 163 -1
120 165 -1
120 168 -1
120 170 -1
120 172 1
120 175 -1
120 180 -1
120 182 -1
120 185 -1
120 187 1
120 188 -1
121 122 -1
121 123 -1
121 124 -1
121 125 -1
121 130 1
121 131 -1
121 135 1
121 137 -1
121 140 -1
121 144 -1
121 146 -1
121 147 -1
121 150 -1
121 151 -1
121 153 -1
121 154 -1
121 156 -1
121 157 -1
121 158 -1
121 160 -1
121 162 -1
121 164 1
121 165 1
121 166 -1
121 167 1
121 168 1
121 169 -1
121 170 -1
121 171 1
121 180 -1
121 182 -1
121 183 -1
121 187 -1
121 188 -1
121 189 -1
121 190 1
122 125 1
122 129 -1
122 130 -1
122 132 -1
122 133 1
122 134 -1
122 135 -1
122 137 -1
122 138 -1
122 139 1
122 141 1
122 143 -1
122 146 1
122 149 -1
122 150 -1
122 151 -1
122 152 -1
122 153 -1
122 155 -1
122 156 -1
122 157 -1
122 159 1
122 160 1
122 161 1
122 163 1
122 164 -1
122 165 -1
122 166 -1
122 170 -1
122 171 -1
122 172 -1
122 179 -1
122 180 -1
122 181 -1
122 185 -1
122 186 -1
122 187 -1
122 189 1
122 190 -1
123 124 -1
123 127 -1
123 131 -1
123 136 -1
123 140 1
123 144 -1
123 146 -1
123 148 -1
123 150 -1
123 154 -1
123 159 -1
123 160 -1
123 162 -1
123 164 -1
123 167 -1
123 168 -1
123 172 1
123 175 -1
123 177 1
123 178 -1
123 182 -1
123 184 -1
123 186 -1
123 187 1
124 125 -1
124 126 -1
124 127 -1
124 129 -1
124 130 -1
124 131 -1
124 136 -1
124 137 -1
124 140 -1
124 142 -1
124 143 -1
124 145 -1
124 149 -1
124 154 1
124 157 -1
124 158 -1
124 161 -1
124 162 -1
124 163 -1
124 164 -1
124 165 -1
124 166 -1
124 168 -1
124 174 -1
124 177 -1
124 178 -1
124 181 -1
124 184 -1
124 189 -1
124 190 -1
125 126 -1
125 128 -1
125 129 -1
125 130 -1
125 131 -1
125 132 -1
125 133 1
125 136 1
125 137 -1
125 138 -1
125 139 -1
125 140 -1
125 143 -1
125 144 -1
125 145 -1
125 147 -1
125 150 -1
125 154 -1
125 159 1
125 160 1
125 161 1
125 162 -1
125 163 1
125 164 -1
125 165 -1
125 166 -1
125 167 -1
125 168 -1
125 171 -1
125 172 -1
125 173 -1
125 175 1
125 177 -1
125 178 -1
125 182 -1
125 183 -1
125 184 -1
125 185 -1
125 186 -1
125 187 -1
125 188 1
125 189 1
126 127 -1
126 131 -1
126 132 -1
126 133 -1
126 134 1
126 135 -1
126 139 -1
126 143 -1
126 144 1
126 145 -1
126 148 -1
126 149 -1
126 152 -1
126 157 1
126 159 -1
126 163 -1
126 164 -1
126 165 -1
126 166 -1
126 167 -1
126 168 -1
126 169 1
126 170 1
126 173 -1
126 174 -1
126 175 -1
126 176 -1
126 177 1
126 178 -1
126 181 -1
126 183 -1
126 184 -1
126 185 -1
126 186 -1
126 187 -1
126 188 -1
126 189 -1
127 131 -1
127 133 -1
127 134 -1
127 135 -1
127 139 -1
127 140 -1
127 141 -1
127 142 1
127 143 -1
127 144 -1
127 145 -1
127 146 -1
127 147 -1
127 150 1
127 151 1
127 152 -1
127 153 -1
127 154 1
127 155 -1
127 157 -1
127 158 1
127 159 -1
127 161 -1
127 163 -1
127 165 -1
127 166 1
127 167 -1
127 169 -1
127 170 -1
127 171 -1
127 172 -1
127 177 -1
127 181 1
127 182 1
127 187 -1
127 190 -1
128 130 1
128 131 1
128 134 -1
128 137 1
128 138 -1
128 141 -1
128 145 -1
128 151 -1
128 155 1
128 156 -1
128 157 -1
128 159 -1
128 160 -1
128 163 -1
128 164 1
128 165 -1
128 166 -1
128 168 1
128 169 -1
128 172 -1
128 173 -1
128 175 -1
128 176 -1
128 183 -1
128 184 -1
128 186 -1
128 189 -1
128 190 1
129 131 -1
129 132 1
129 133 -1
129 134 -1
129 135 -1
129 136 -1
129 139 -1
129 141 -1
129 142 -1
129 145 -1
129 149 1
129 152 -1
129 153 -1
129 154 -1
129 156 1
129 157 -1
129 158 -1
129 160 -1
129 161 -1
129 163 -1
129 170 -1
129 171 -1
129 173 -1
129 174 1
129 176 1
129 177 -1
129 179 1
129 181 -1
129 182 -1
129 183 -1
129 184 -1
129 189 -1
129 190 -1
130 131 1
130 133 -1
130 134 -1
130 135 -1
130 136 -1
130 143 -1
130 145 -1
130 149 -1
130 152 -1
130 154 -1
130 155 1
130 156 -1
130 157 -1
130 158 -1
130 159 -1
130 161 -1
130 164 1
130 165 1
130 167 1
130 168 1
130 169 -1
130 170 -1
130 171 1
130 179 -1
130 183 -1
130 184 -1
130 187 -1
130 189 -1
130 190 1
131 137 1
131 141 1
131 142 -1
131 144 -1
131 151 -1
131 153 -1
131 154 -1
131 155 1
131 157 -1
131 158 -1
131 160 -1
131 161 -1
131 162 -1
131 163 -1
131 164 1
131 166 -1
131 167 -1
131 168 1
131 169 -1
131 170 -1
131 174 -1
131 175 -1
131 178 -1
131 179 -1
131 181 -1
131 182 -1
131 185 -1
131 190 1
132 134 -1
132 136 -1
132 137 -1
132 138 -1
132 140 -1
132 141 -1
132 143 -1
132 144 -1
132 148 -1
132 149 1
132 150 -1
132 151 -1
132 157 -1
132 158 -1
132 162 -1
132 174 -1
132 176 1
132 179 1
132 180 -1
132 182 -1
132 183 -1
132 184 1
132 187 -1
133 134 -1
133 136 -1
133 137 -1
133 138 -1
133 139 1
133 141 1
133 142 -1
133 144 -1
133 146 1
133 149 -1
133 150 -1
133 151 -1
133 158 -1
133 159 1
133 160 1
133 161 1
133 162 -1
133 163 1
133 164 -1
133 166 -1
133 167 -1
133 169 -1
133 170 -1
133 172 -1
133 179 -1
133 180 -1
133 181 -1
133 183 -1
133 184 -1
133 189 1
133 190 -1
134 136 -1
134 139 -1
134 141 -1
134 142 -1
134 144 1
134 145 -1
134 147 -1
134 148 -1
134 150 -1
134 151 -1
134 153 1
134 155 -1
134 156 -1
134 157 1
134 158 -1
134 159 -1
134 161 -1
134 162 1
134 163 -1
134 169 1
134 170 1
134 173 -1
134 181 -1
134 186 -1
134 188 -1
134 189 -1
134 190 -1
135 136 -1
135 139 -1
135 140 -1
135 142 -1
135 145 -1
135 149 -1
135 150 -1
135 151 -1
135 154 -1
135 157 -1
135 159 -1
135 161 -1
135 162 -1
135 163 -1
135 165 1
135 166 -1
135 167 1
135 171 1
135 175 -1
135 177 -1
135 179 -1
135 181 -1
135 183 1
135 186 -1
135 189 -1
135 190 -1
136 139 -1
136 140 -1
136 142 -1
136 143 -1
136 144 -1
136 148 -1
136 149 -1
136 150 -1
136 152 -1
136 153 -1
136 158 -1
136 159 1
136 160 1
136 161 1
136 163 -1
136 164 -1
136 166 -1
136 167 -1
136 169 -1
136 172 -1
136 175 1
136 179 -1
136 180 -1
136 182 -1
136 183 -1
136 187 -1
136 188 1
136 189 1
136 190 -1
137 138 -1
137 139 1
137 140 -1
137 141 1
137 144 -1
137 146 1
137 151 -1
137 153 -1
137 155 1
137 157 -1
137 158 -1
137 159 -1
137 161 -1
137 162 -1
137 164 1
137 165 -1
137 168 1
137 172 -1
137 175 -1
137 177 -1
137 181 -1
137 183 -1
137 185 -1
137 189 -1
138 142 -1
138 143 1
138 144 -1
138 145 1
138 146 -1
138 147 1
138 148 -1
138 151 -1
138 152 1
138 153 1
138 154 -1
138 157 -1
138 158 -1
138 162 1
138 164 -1
138 165 -1
138 166 -1
138 167 -1
138 168 -1
138 171 -1
138 173 1
138 178 -1
138 180 1
138 184 1
138 185 1
138 187 -1
138 190 -1
139 140 -1
139 141 1
139 144 -1
139 145 -1
139 146 1
139 147 -1
139 148 -1
139 150 -1
139 151 -1
139 154 -1
139 156 -1
139 162 -1
139 163 1
139 166 -1
139 167 -1
139 169 -1
139 170 -1
139 171 -1
139 172 -1
139 174 -1
139 176 -1
139 178 -1
139 179 -1
139 181 -1
139 182 -1
139 183 -1
139 186 -1
139 188 -1
139 189 -1
139 190 -1
140 141 -1
140 146 -1
140 150 -1
140 151 -1
140 152 -1
140 153 -1
140 154 -1
140 158 -1
140 160 -1
140 163 -1
140 164 -1
140 165 -1
140 167 -1
140 168 -1
140 169 -1
140 172 1
140 174 -1
140 176 -1
140 177 1
140 178 -1
140 179 -1
140 182 -1
140 184 -1
140 186 -1
140 187 1
141 143 -1
141 145 -1
141 146 1
141 147 -1
141 150 -1
141 151 -1
141 153 -1
141 154 -1
141 155 1
141 157 -1
141 158 -1
141 159 -1
141 161 -1
141 163 1
141 170 -1
141 171 -1
141 172 -1
141 173 -1
141 178 -1
141 181 -1
141 184 -1
141 185 -1
141 186 -1
141 187 -1
141 189 -1
141 190 -1
142 146 -1
142 147 -1
142 148 -1
142 150 1
142 151 1
142 155 -1
142 156 -1
142 157 -1
142 158 1
142 159 -1
142 160 -1
142 161 -1
142 162 -1
142 164 -1
142 166 1
142 169 -1
142 171 -1
142 174 -1
142 177 -1
142 179 -1
142 181 1
142 182 1
142 184 -1
142 186 -1
142 188 -1
142 189 -1
143 145 1
143 146 -1
143 147 1
143 149 -1
143 152 1
143 153 1
143 155 -1
143 158 -1
143 159 -1
143 161 -1
143 162 1
143 163 -1
143 164 -1
143 165 -1
143 166 -1
143 168 -1
143 169 -1
143 170 1
143 173 1
143 174 -1
143 180 1
143 181 -1
143 184 1
143 185 1
143 186 -1
143 188 -1
143 189 -1
144 147 -1
144 153 -1
144 155 -1
144 156 -1
144 157 1
144 158 -1
144 159 -1
144 161 -1
144 163 -1
144 169 1
144 173 -1
144 174 -1
144 176 -1
144 177 1
144 182 -1
144 183 -1
144 185 -1
144 190 -1
145 147 1
145 151 -1
145 152 1
145 153 1
145 155 -1
145 156 -1
145 157 -1
145 161 -1
145 162 1
145 163 -1
145 164 -1
145 165 -1
145 166 -1
145 167 -1
145 170 -1
145 171 -1
145 172 -1
145 173 1
145 174 -1
145 177 -1
145 179 -1
145 180 1
145 182 -1
145 184 1
145 185 1
145 187 -1
145 189 -1
145 190 -1
146 150 -1
146 154 -1
146 156 -1
146 157 -1
146 158 -1
146 160 -1
146 162 -1
146 163 1
146 167 -1
146 168 -1
146 170 -1
146 171 -1
146 173 -1
146 179 -1
146 188 -1
146 190 -1
147 152 1
147 153 1
147 154 -1
147 155 -1
147 157 -1
147 161 -1
147 162 1
147 164 -1
147 165 -1
147 171 -1
147 172 -1
147 173 1
147 174 -1
147 176 -1
147 177 -1
147 178 -1
147 179 -1
147 180 1
147 181 -1
147 184 1
147 185 1
147 186 -1
148 149 -1
148 154 -1
148 155 -1
148 156 -1
148 157 -1
148 158 -1
148 160 -1
148 161 -1
148 165 -1
148 167 -1
148 173 -1
148 175 -1
148 178 1
148 182 -1
148 183 -1
148 186 1
148 189 -1
149 151 -1
149 152 -1
149 153 -1
149 155 -1
149 156 -1
149 157 -1
149 158 -1
149 159 -1
149 160 -1
149 162 -1
149 168 -1
149 171 -1
149 172 -1
149 174 1
149 176 1
149 178 -1
149 179 1
149 180 -1
149 182 -1
149 183 -1
149 185 -1
149 186 -1
149 190 -1
150 151 1
150 152 -1
150 153 -1
150 154 -1
150 155 -1
150 157 -1
150 158 1
150 161 -1
150 163 -1
150 164 -1
150 166 1
150 172 -1
150 174 -1
150 175 -1
150 177 -1
150 178 -1
150 179 -1
150 180 -1
150 181 1
150 182 1
150 187 -1
150 190 -1
151 152 -1
151 153 -1
151 154 1
151 155 -1
151 158 1
151 159 -1
151 163 -1
151 166 1
151 167 -1
151 168 -1
151 169 -1
151 170 -1
151 171 -1
151 172 -1
151 176 -1
151 180 -1
151 181 1
151 182 1
151 189 -1
151 190 -1
152 153 1
152 155 -1
152 156 -1
152 157 1
152 161 -1
152 162 1
152 163 -1
152 168 -1
152 170 1
152 173 1
152 174 -1
152 178 -1
152 179 -1
152 180 1
152 182 -1
152 184 1
152 185 1
152 189 -1
152 190 -1
153 157 1
153 158 -1
153 159 -1
153 162 1
153 163 -1
153 164 -1
153 167 -1
153 170 1
153 173 1
153 174 -1
153 179 -1
153 180 1
153 182 -1
153 183 -1
153 184 -1
153 185 1
154 157 -1
154 158 1
154 161 -1
154 162 -1
154 166 -1
154 169 -1
154 176 -1
154 177 -1
154 179 -1
154 182 1
154 187 -1
154 188 -1
154 189 -1
154 190 -1
155 156 -1
155 158 -1
155 159 -1
155 160 -1
155 161 -1
155 162 -1
155 163 -1
155 164 1
155 165 -1
155 168 1
155 169 -1
155 170 -1
155 172 -1
155 173 -1
155 174 -1
155 176 -1
155 178 -1
155 184 -1
155 185 -1
155 188 -1
155 189 -1
155 190 1
156 161 -1
156 162 -1
156 164 -1
156 165 -1
156 168 -1
156 172 -1
156 173 -1
156 174 1
156 176 -1
156 177 -1
156 179 1
156 184 -1
156 185 -1
156 189 -1
157 161 -1
157 162 1
157 165 -1
157 168 -1
157 169 1
157 170 1
157 172 -1
157 173 1
157 175 -1
157 178 -1
157 182 -1
157 184 -1
157 185 -1
157 186 -1
157 187 -1
157 188 -1
158 159 -1
158 161 -1
158 162 -1
158 163 -1
158 166 1
158 167 -1
158 168 -1
158 169 -1
158 170 -1
158 174 -1
158 175 -1
158 178 -1
158 179 -1
158 180 -1
158 181 1
158 182 1
158 183 -1
158 184 -1
158 185 -1
158 187 -1
158 188 -1
159 160 1
159 161 1
159 163 1
159 165 -1
159 166 -1
159 167 -1
159 170 -1
159 175 1
159 178 -1
159 179 -1
159 180 -1
159 181 -1
159 183 -1
159 185 -1
159 186 -1
159 188 1
159 189 1
160 161 1
160 163 1
160 166 -1
160 167 -1
160 170 -1
160 171 -1
160 172 -1
160 174 -1
160 175 1
160 177 -1
160 182 -1
160 183 -1
160 184 -1
160 186 -1
160 188 1
160 189 1
161 162 -1
161 168 -1
161 170 -1
161 175 1
161 176 -1
161 177 -1
161 179 -1
161 181 -1
161 182 -1
161 184 -1
161 185 -1
161 186 -1
161 187 -1
161 188 1
161 189 1
161 190 -1
162 163 -1
162 168 -1
162 170 1
162 173 1
162 179 -1
162 180 1
162 181 -1
162 182 -1
162 183 -1
162 185 1
162 186 -1
162 188 -1
162 189 -1
163 165 -1
163 167 -1
163 169 -1
163 172 -1
163 173 -1
163 176 -1
163 177 -1
163 181 -1
163 182 -1
163 183 -1
163 184 -1
163 185 -1
163 188 -1
163 189 1
163 190 -1
164 165 -1
164 166 -1
164 167 1
164 168 1
164 173 -1
164 176 -1
164 179 -1
164 184 -1
164 185 -1
164 187 -1
164 188 -1
164 190 1
165 166 -1
165 167 1
165 171 1
165 172 -1
165 174 -1
165 176 -1
165 178 -1
165 180 -1
165 182 -1
165 183 1
165 184 -1
165 185 -1
165 186 -1
165 187 -1
165 188 -1
165 190 1
166 167 -1
166 169 -1
166 172 -1
166 176 -1
166 178 -1
166 181 1
166 182 1
166 184 -1
166 185 -1
166 190 -1
167 168 1
167 171 1
167 176 -1
167 177 -1
167 180 -1
167 181 -1
167 184 -1
167 185 -1
167 189 -1
167 190 1
168 171 1
168 172 -1
168 173 -1
168 182 -1
168 183 -1
168 184 -1
168 188 -1
168 189 -1
168 190 1
169 170 1
169 172 -1
169 173 -1
169 176 -1
169 177 1
169 181 -1
169 182 -1
169 184 -1
169 186 -1
169 187 -1
170 171 -1
170 173 1
170 176 -1
170 178 -1
170 179 -1
170 180 1
170 181 -1
170 183 -1
170 185 1
170 186 -1
170 187 -1
171 172 -1
171 173 -1
171 175 -1
171 178 -1
171 179 -1
171 180 -1
171 182 -1
171 183 1
171 186 -1
171 189 -1
171 190 1
172 173 -1
172 175 -1
172 176 -1
172 181 -1
172 183 -1
172 185 -1
172 187 1
172 190 -1
173 174 -1
173 175 -1
173 177 -1
173 180 1
173 184 1
173 185 1
173 187 -1
173 189 -1
174 177 -1
174 178 -1
174 179 1
174 180 -1
174 181 -1
174 185 -1
174 186 -1
175 177 -1
175 179 -1
175 183 -1
175 185 -1
175 186 -1
175 187 -1
175 188 1
175 189 1
176 179 1
176 181 -1
176 183 -1
176 186 -1
176 189 -1
176 190 -1
177 178 -1
177 179 -1
177 180 -1
177 183 -1
177 184 -1
177 186 -1
177 187 1
177 189 -1
178 183 -1
178 185 -1
178 186 1
178 188 -1
178 190 -1
179 183 -1
179 184 -1
179 186 -1
180 181 -1
180 182 -1
180 183 -1
180 184 1
180 185 1
181 182 1
181 183 -1
181 185 -1
181 188 -1
181 190 -1
182 183 -1
182 184 -1
182 185 -1
182 186 -1
182 188 -1
183 185 -1
183 187 -1
183 189 -1
183 190 -1
184 185 1
184 186 -1
184 188 -1
184 189 -1
185 186 -1
185 187 -1
186 188 -1
187 189 -1
187 190 -1
188 189 1
188 190 -1
