vertices: 50 edges: 235
1 8 -1
1 19 -1
1 24 1
1 25 -1
1 31 -1
1 37 -1
1 47 1
1 50 -1
2 4 1
2 14 -1
2 17 1
2 20 1
2 22 -1
2 24 -1
2 43 -1
2 44 -1
2 48 -1
2 50 1
3 14 1
3 29 1
3 36 1
3 41 1
3 43 -1
3 44 -1
3 46 1
4 10 -1
4 17 1
4 22 -1
4 26 1
4 30 -1
4 43 1
4 50 1
5 6 1
5 11 1
5 12 -1
5 13 1
5 15 1
5 20 -1
5 24 -1
5 26 -1
5 32 1
5 34 -1
5 39 1
5 41 -1
5 43 -1
5 47 -1
5 48 -1
5 49 1
5 50 -1
6 10 -1
6 11 1
6 16 -1
6 28 1
6 32 1
6 47 -1
6 49 1
7 10 1
7 25 1
7 34 1
7 48 1
8 28 1
8 34 -1
8 35 1
8 37 -1
8 47 1
9 16 1
9 17 1
9 20 1
9 32 -1
9 33 1
9 38 -1
9 40 1
9 42 1
9 49 -1
9 50 -1
10 19 -1
10 23 -1
10 25 1
10 31 1
10 33 -1
10 38 1
10 43 -1
10 48 1
10 50 -1
11 28 1
11 31 -1
11 32 1
11 33 -1
11 39 1
11 44 -1
11 49 1
12 14 -1
12 21 -1
12 22 -1
12 25 1
12 34 1
12 38 -1
12 41 -1
12 44 -1
13 15 1
13 19 1
13 20 -1
13 23 -1
13 32 1
13 37 1
13 39 1
13 40 -1
13 41 -1
14 15 -1
14 16 -1
14 21 1
14 22 1
14 27 1
14 29 1
14 36 1
14 41 1
14 46 -1
15 19 1
15 21 -1
15 24 -1
15 32 1
15 36 -1
15 37 1
15 39 1
15 40 -1
15 44 -1
16 17 1
16 20 1
16 25 -1
16 33 1
16 36 -1
16 40 1
16 42 1
16 44 -1
17 20 1
17 27 -1
17 37 -1
17 40 -1
17 41 -1
17 43 -1
17 49 -1
17 50 1
18 19 -1
18 30 1
18 35 -1
18 40 -1
18 45 1
18 46 -1
19 20 -1
19 23 -1
19 30 -1
19 37 1
19 39 -1
19 46 1
20 30 -1
20 33 1
20 38 -1
20 42 1
20 50 1
21 22 1
21 23 1
21 27 1
21 33 -1
21 38 -1
21 41 1
21 42 -1
21 44 1
22 23 1
22 27 1
22 41 1
22 44 1
22 50 -1
23 24 -1
23 27 1
23 35 -1
23 42 -1
23 44 1
24 26 -1
24 32 -1
24 46 -1
24 48 -1
25 26 -1
25 30 -1
25 34 1
25 47 -1
25 48 1
26 31 -1
26 33 -1
26 43 1
27 29 -1
27 36 1
27 41 1
27 44 1
27 49 -1
28 29 -1
28 32 -1
28 47 -1
28 49 1
29 32 -1
29 36 1
29 39 -1
29 41 1
29 45 -1
29 46 1
30 45 1
31 38 1
31 41 -1
31 47 -1
31 48 1
32 39 1
32 49 1
33 34 -1
33 40 1
33 42 1
34 36 -1
35 39 -1
35 41 -1
35 47 1
35 50 -1
36 41 1
36 47 -1
37 45 -1
37 46 1
38 44 -1
38 48 1
39 45 -1
39 49 1
40 42 1
40 49 -1
41 44 -1
42 44 -1
43 50 1
44 48 -1
44 49 -1
46 50 -1
