vertices: 90 edges: 799
1 8 -1
1 13 1
1 23 1
1 34 1
1 35 -1
1 38 -1
1 42 -1
1 43 -1
1 48 1
1 55 -1
1 76 1
1 82 -1
1 83 -1
2 3 1
2 9 -1
2 12 -1
2 14 1
2 17 1
2 18 -1
2 19 -1
2 20 1
2 28 -1
2 34 -1
2 36 1
2 37 -1
2 43 -1
2 44 1
2 51 1
2 54 1
2 55 1
2 62 1
2 63 -1
2 64 -1
2 75 -1
2 79 -1
2 80 1
3 4 -1
3 14 -1
3 16 -1
3 17 1
3 20 1
3 25 1
3 27 -1
3 32 -1
3 36 1
3 42 1
3 44 1
3 51 1
3 55 1
3 64 -1
3 77 -1
3 80 1
3 86 -1
3 87 -1
4 5 1
4 7 1
4 11 -1
4 15 -1
4 18 -1
4 22 1
4 25 -1
4 27 1
4 37 1
4 40 1
4 59 -1
4 68 -1
4 70 1
4 82 -1
4 83 -1
4 85 1
4 88 -1
4 89 1
5 7 1
5 8 -1
5 11 -1
5 20 -1
5 22 -1
5 25 -1
5 37 1
5 40 1
5 41 -1
5 47 -1
5 70 1
5 72 -1
5 76 -1
5 82 -1
5 84 -1
5 85 1
5 89 1
6 19 1
6 21 -1
6 26 -1
6 32 1
6 37 -1
6 40 -1
6 54 -1
6 58 1
6 63 -1
6 69 -1
6 74 -1
6 77 1
6 83 1
7 9 -1
7 15 -1
7 16 -1
7 17 -1
7 22 1
7 24 -1
7 27 1
7 29 1
7 36 -1
7 37 1
7 40 1
7 60 -1
7 70 1
7 71 -1
7 78 -1
7 83 -1
7 85 1
7 88 1
8 11 -1
8 12 1
8 20 -1
8 23 -1
8 24 1
8 26 1
8 32 -1
8 33 1
8 35 1
8 39 1
8 42 -1
8 43 1
8 45 -1
8 47 -1
8 49 1
8 54 -1
8 62 -1
8 66 -1
8 68 1
8 71 1
8 72 1
8 74 1
8 77 -1
8 84 1
8 87 1
8 88 -1
9 12 -1
9 21 -1
9 33 -1
9 34 -1
9 35 -1
9 41 -1
9 42 -1
9 47 1
9 53 -1
9 61 -1
9 64 1
9 66 1
9 70 1
9 75 -1
9 86 -1
9 89 1
9 90 1
10 15 1
10 18 -1
10 21 -1
10 25 -1
10 26 -1
10 28 1
10 32 1
10 41 1
10 42 1
10 44 -1
10 49 -1
10 53 -1
10 60 1
10 61 1
10 69 -1
10 73 1
10 75 1
10 81 1
10 85 -1
10 87 -1
11 21 -1
11 24 1
11 26 1
11 28 -1
11 31 -1
11 43 1
11 50 1
11 53 -1
11 57 1
11 58 -1
11 68 1
11 71 1
11 74 -1
11 76 -1
11 77 -1
11 78 1
11 82 -1
11 84 -1
11 85 -1
11 89 -1
12 20 -1
12 26 1
12 32 -1
12 33 1
12 35 1
12 39 1
12 43 1
12 49 1
12 57 -1
12 68 1
12 70 -1
12 71 1
12 72 1
12 74 1
12 82 -1
12 83 -1
12 84 1
12 87 1
13 14 -1
13 23 1
13 30 1
13 32 -1
13 33 -1
13 34 1
13 39 -1
13 50 -1
13 56 1
13 65 -1
13 67 -1
13 76 1
13 79 1
13 80 -1
14 17 1
14 20 1
14 21 -1
14 23 -1
14 31 -1
14 36 1
14 44 1
14 46 -1
14 51 1
14 54 1
14 55 1
14 61 -1
14 62 1
14 73 -1
14 80 1
15 26 -1
15 28 1
15 32 1
15 36 -1
15 41 1
15 42 1
15 43 -1
15 53 -1
15 59 -1
15 60 1
15 61 1
15 67 -1
15 73 1
15 75 1
15 80 -1
15 81 1
15 85 -1
16 18 -1
16 21 1
16 30 -1
16 33 -1
16 47 1
16 52 1
16 60 -1
16 61 -1
16 64 1
16 78 -1
16 90 1
17 20 1
17 22 -1
17 23 -1
17 25 1
17 28 -1
17 36 1
17 42 1
17 44 1
17 47 -1
17 51 1
17 52 -1
17 55 1
17 60 -1
17 70 -1
17 78 -1
17 80 1
18 19 -1
18 34 -1
18 35 -1
18 37 -1
18 38 -1
18 45 1
18 50 1
18 52 -1
18 53 -1
18 57 -1
18 59 1
18 63 1
18 67 1
18 78 1
18 82 1
18 83 -1
18 85 -1
18 90 -1
19 32 1
19 43 -1
19 50 -1
19 56 -1
19 58 1
19 60 1
19 61 1
19 66 -1
19 71 -1
19 73 -1
19 77 1
19 81 1
19 83 1
19 89 -1
20 24 -1
20 30 -1
20 32 -1
20 36 1
20 37 -1
20 44 1
20 51 1
20 54 1
20 55 1
20 62 1
20 64 -1
20 75 -1
20 76 -1
20 80 1
20 81 -1
20 86 -1
21 29 -1
21 34 1
21 48 1
21 49 -1
21 52 1
21 53 -1
21 65 -1
21 67 -1
21 79 -1
21 87 -1
21 89 -1
21 90 1
22 27 1
22 29 1
22 32 -1
22 37 1
22 40 1
22 45 1
22 49 -1
22 61 -1
22 69 -1
22 85 1
22 88 1
23 30 1
23 34 1
23 38 1
23 44 -1
23 47 -1
23 48 -1
23 56 1
23 58 -1
23 69 1
23 76 1
23 79 1
24 26 1
24 30 -1
24 33 1
24 39 -1
24 43 1
24 50 1
24 57 1
24 68 1
24 70 -1
24 71 1
24 72 -1
24 78 1
25 28 -1
25 36 1
25 41 1
25 42 1
25 50 -1
25 51 1
25 55 1
25 59 -1
25 66 -1
25 67 -1
25 71 -1
25 73 1
25 83 -1
26 33 1
26 35 1
26 37 -1
26 39 1
26 43 1
26 45 -1
26 53 -1
26 54 -1
26 55 -1
26 57 1
26 68 1
26 71 1
26 73 -1
26 76 -1
26 84 1
27 29 1
27 30 -1
27 32 -1
27 37 1
27 40 1
27 45 1
27 48 -1
27 68 -1
27 78 -1
27 85 1
27 88 1
27 90 -1
28 37 -1
28 41 1
28 42 1
28 60 1
28 61 1
28 66 -1
28 73 1
28 75 1
28 80 -1
28 81 1
28 85 -1
29 34 -1
29 37 1
29 40 1
29 45 1
29 48 -1
29 52 -1
29 73 -1
29 82 1
29 85 1
29 88 1
29 89 -1
30 38 1
30 45 -1
30 46 1
30 53 1
30 54 -1
30 56 1
30 61 -1
30 65 1
30 66 -1
30 69 1
30 78 -1
30 79 1
30 86 1
31 38 1
31 41 -1
31 46 1
31 49 -1
31 53 1
31 54 1
31 64 -1
31 65 1
31 69 1
31 86 1
31 90 -1
32 45 -1
32 54 -1
32 58 1
32 60 1
32 61 1
32 77 1
32 81 1
32 83 1
32 86 -1
32 87 -1
33 35 1
33 39 1
33 43 1
33 47 -1
33 49 1
33 54 -1
33 64 -1
33 68 1
33 71 1
33 72 1
33 74 1
33 83 -1
33 84 1
33 87 1
33 88 -1
34 37 -1
34 43 -1
34 44 -1
34 48 1
34 59 -1
34 72 -1
34 76 1
35 38 -1
35 39 1
35 43 1
35 48 -1
35 49 1
35 68 1
35 69 -1
35 71 1
35 72 1
35 74 1
35 76 -1
35 82 -1
35 84 1
35 87 1
36 40 -1
36 44 1
36 46 -1
36 51 1
36 55 1
36 62 1
36 63 -1
36 75 -1
36 79 -1
36 80 1
36 82 -1
37 40 1
37 44 -1
37 46 -1
37 62 -1
37 70 1
37 75 -1
37 85 1
37 86 -1
37 88 1
37 89 1
38 41 -1
38 42 -1
38 43 -1
38 46 1
38 51 -1
38 53 1
38 56 1
38 65 1
38 69 1
38 79 1
38 86 1
39 43 1
39 49 1
39 68 1
39 71 1
39 72 1
39 74 1
39 77 -1
39 78 -1
39 84 1
39 87 1
39 89 -1
40 46 -1
40 66 -1
40 70 1
40 79 -1
40 80 -1
40 84 -1
40 85 1
40 89 1
40 90 -1
41 42 1
41 51 -1
41 52 -1
41 58 -1
41 60 1
41 61 1
41 66 -1
41 68 -1
41 73 1
41 75 1
41 80 -1
41 81 1
42 50 -1
42 66 -1
42 73 1
42 75 1
42 79 -1
42 87 -1
43 45 -1
43 49 1
43 62 -1
43 68 1
43 70 -1
43 71 1
43 72 1
43 74 -1
43 82 -1
43 84 1
43 87 1
44 51 1
44 54 1
44 55 1
44 62 1
44 65 -1
44 80 1
44 90 -1
45 51 -1
45 53 -1
45 54 -1
45 59 1
45 61 -1
45 63 1
45 67 1
45 77 -1
45 80 -1
45 82 1
45 88 1
46 53 1
46 65 1
46 69 1
46 70 -1
46 84 -1
46 86 1
47 48 -1
47 50 -1
47 53 -1
47 55 -1
47 63 -1
47 64 1
47 66 1
47 83 -1
47 89 1
47 90 1
48 52 1
48 56 -1
48 76 1
48 86 -1
48 87 -1
49 52 -1
49 62 -1
49 65 -1
49 68 1
49 72 1
49 74 1
49 84 1
49 87 1
50 53 -1
50 57 1
50 59 1
50 63 1
50 67 1
50 70 -1
50 77 -1
50 78 1
50 79 -1
50 87 -1
51 55 1
51 61 -1
51 62 1
51 67 -1
51 71 -1
51 80 1
51 81 -1
51 82 -1
51 84 -1
52 57 -1
52 63 -1
52 78 -1
52 84 -1
52 89 -1
52 90 1
53 58 -1
53 61 -1
53 65 1
53 69 1
53 80 -1
53 86 1
53 89 -1
54 62 1
54 69 -1
54 77 -1
54 78 -1
54 80 1
55 62 1
55 67 -1
55 70 -1
55 71 -1
55 80 1
55 82 -1
55 89 -1
56 63 -1
56 69 1
56 79 1
56 80 -1
56 83 -1
56 84 -1
56 86 1
57 65 -1
57 67 1
57 71 1
57 78 1
57 82 -1
58 73 -1
58 75 -1
58 76 -1
58 77 1
58 79 -1
58 83 1
59 63 1
59 67 1
59 68 -1
59 78 1
59 82 1
60 61 1
60 68 -1
60 73 1
60 75 1
60 76 -1
60 81 1
60 89 -1
61 64 -1
61 73 1
61 75 1
61 79 -1
61 81 1
61 84 -1
61 85 -1
61 90 -1
62 68 -1
62 80 1
62 82 -1
63 64 -1
63 66 -1
63 67 1
63 77 -1
63 78 1
63 82 1
63 88 1
64 66 1
64 90 1
65 69 1
65 86 1
66 69 -1
66 82 -1
66 86 -1
66 89 1
66 90 1
67 68 -1
67 71 -1
67 78 1
67 79 -1
67 82 1
68 71 1
68 72 1
68 73 -1
68 84 1
68 87 1
69 74 -1
69 79 1
69 82 -1
69 86 1
70 72 -1
70 73 -1
70 85 1
70 89 1
71 84 1
72 74 1
72 80 -1
72 81 -1
72 84 1
72 85 -1
72 86 -1
72 87 1
73 75 1
73 77 -1
73 81 1
73 84 -1
74 79 -1
74 81 -1
74 84 1
74 87 1
75 80 -1
75 81 1
76 80 -1
77 83 1
77 86 -1
78 82 -1
78 86 -1
79 86 1
79 87 -1
80 90 -1
82 86 -1
82 87 -1
82 88 1
84 85 -1
84 87 1
85 88 1
