vertices: 130 edges: 4261
1 2 1
1 4 -1
1 7 1
1 8 1
1 10 1
1 11 -1
1 12 -1
1 14 -1
1 15 -1
1 19 1
1 21 1
1 30 1
1 33 -1
1 36 1
1 37 1
1 38 1
1 43 -1
1 44 1
1 47 1
1 48 1
1 51 1
1 53 1
1 56 -1
1 60 1
1 61 -1
1 63 -1
1 64 1
1 66 1
1 68 -1
1 69 1
1 72 1
1 73 1
1 78 1
1 80 1
1 84 1
1 87 1
1 89 1
1 91 1
1 93 -1
1 95 1
1 97 -1
1 98 1
1 102 1
1 103 1
1 104 1
1 105 -1
1 107 1
1 109 1
1 110 1
1 112 1
1 113 1
1 115 -1
1 116 1
1 118 1
1 120 1
1 121 1
1 125 1
1 126 1
1 129 1
2 3 1
2 4 -1
2 7 1
2 8 1
2 10 1
2 18 -1
2 19 1
2 21 1
2 22 1
2 26 -1
2 27 1
2 28 -1
2 30 1
2 32 -1
2 33 -1
2 36 1
2 37 1
2 38 1
2 44 1
2 45 -1
2 47 1
2 48 1
2 51 1
2 53 1
2 54 -1
2 60 1
2 64 1
2 66 1
2 67 -1
2 69 1
2 72 1
2 73 1
2 77 1
2 78 1
2 80 1
2 83 -1
2 84 1
2 87 1
2 89 1
2 90 -1
2 91 1
2 95 1
2 96 -1
2 98 1
2 99 1
2 101 1
2 102 1
2 103 1
2 104 1
2 105 -1
2 107 1
2 109 1
2 110 1
2 111 -1
2 112 1
2 113 1
2 116 1
2 118 1
2 120 1
2 121 1
2 123 -1
2 125 1
2 126 1
2 129 1
3 6 -1
3 7 1
3 8 1
3 14 1
3 15 1
3 20 -1
3 21 1
3 22 1
3 24 1
3 25 1
3 26 1
3 27 1
3 29 1
3 30 1
3 31 1
3 36 1
3 38 1
3 39 1
3 42 1
3 45 1
3 52 1
3 54 1
3 55 -1
3 57 -1
3 59 1
3 60 1
3 62 1
3 63 1
3 64 1
3 65 1
3 66 1
3 67 1
3 68 1
3 69 1
3 71 -1
3 72 1
3 73 1
3 74 1
3 75 1
3 76 -1
3 77 1
3 78 1
3 80 1
3 81 1
3 82 1
3 84 1
3 85 1
3 86 -1
3 87 1
3 89 1
3 91 1
3 93 1
3 94 1
3 99 1
3 101 1
3 102 1
3 103 1
3 104 1
3 106 1
3 107 1
3 109 1
3 110 1
3 112 1
3 113 1
3 114 -1
3 117 1
3 119 -1
3 121 1
3 122 1
3 125 1
3 126 1
3 127 1
3 129 1
4 5 1
4 6 1
4 9 1
4 11 1
4 12 1
4 13 1
4 16 1
4 17 1
4 18 1
4 20 1
4 23 1
4 26 1
4 28 1
4 29 1
4 31 1
4 33 1
4 34 1
4 35 1
4 39 1
4 40 1
4 41 1
4 42 -1
4 43 1
4 44 -1
4 45 1
4 46 1
4 49 1
4 50 1
4 52 1
4 54 1
4 57 -1
4 58 1
4 59 1
4 62 1
4 63 1
4 67 1
4 68 1
4 70 1
4 71 1
4 74 1
4 76 1
4 78 -1
4 79 1
4 82 1
4 83 1
4 88 1
4 90 1
4 92 -1
4 93 1
4 96 1
4 97 1
4 100 1
4 105 1
4 108 1
4 111 1
4 115 1
4 119 1
4 121 -1
4 124 1
4 128 1
4 130 1
5 6 1
5 8 -1
5 9 1
5 11 1
5 12 1
5 13 1
5 16 1
5 17 1
5 18 1
5 20 1
5 23 1
5 26 1
5 28 1
5 29 1
5 31 1
5 33 1
5 34 1
5 35 1
5 39 1
5 40 1
5 41 1
5 43 1
5 45 1
5 46 1
5 49 1
5 50 1
5 52 1
5 54 1
5 57 -1
5 58 1
5 60 -1
5 62 1
5 63 1
5 67 1
5 68 1
5 70 1
5 71 1
5 74 1
5 75 -1
5 76 1
5 79 1
5 82 1
5 83 1
5 88 1
5 90 1
5 93 1
5 95 -1
5 96 1
5 97 1
5 98 -1
5 100 1
5 105 1
5 108 1
5 111 1
5 115 1
5 119 1
5 120 -1
5 124 1
5 126 -1
5 128 1
5 130 1
6 8 -1
6 9 1
6 13 -1
6 16 1
6 17 1
6 18 1
6 20 1
6 23 1
6 25 -1
6 28 1
6 32 1
6 33 1
6 34 1
6 35 1
6 36 -1
6 38 -1
6 39 -1
6 41 1
6 43 1
6 45 -1
6 46 1
6 49 1
6 51 -1
6 55 1
6 56 1
6 57 1
6 58 1
6 61 1
6 70 1
6 71 1
6 76 1
6 83 1
6 84 -1
6 86 1
6 89 -1
6 90 1
6 92 1
6 96 1
6 97 1
6 100 -1
6 104 -1
6 105 1
6 107 -1
6 110 -1
6 111 1
6 114 1
6 115 1
6 116 -1
6 118 -1
6 119 1
6 121 -1
6 123 1
6 124 1
6 128 1
6 130 1
7 8 1
7 10 1
7 12 -1
7 14 1
7 19 1
7 21 1
7 22 1
7 25 -1
7 27 1
7 30 1
7 31 -1
7 36 1
7 37 1
7 38 1
7 42 -1
7 44 1
7 47 1
7 48 1
7 51 1
7 53 1
7 57 -1
7 60 1
7 61 -1
7 64 1
7 65 -1
7 66 1
7 69 1
7 72 1
7 73 1
7 77 1
7 78 1
7 80 1
7 81 1
7 84 1
7 85 -1
7 87 1
7 89 1
7 91 1
7 94 1
7 95 1
7 98 1
7 99 1
7 100 -1
7 101 1
7 102 1
7 103 1
7 104 1
7 106 1
7 107 1
7 109 1
7 110 1
7 112 1
7 113 1
7 116 1
7 118 1
7 120 1
7 121 1
7 122 1
7 125 1
7 126 1
7 129 1
8 10 1
8 14 1
8 19 1
8 21 1
8 22 1
8 23 -1
8 27 1
8 30 1
8 31 -1
8 32 -1
8 35 -1
8 36 1
8 37 1
8 38 1
8 44 1
8 47 1
8 48 1
8 51 1
8 53 1
8 60 1
8 64 1
8 66 1
8 69 1
8 71 -1
8 72 1
8 73 1
8 77 1
8 78 1
8 80 1
8 81 1
8 83 -1
8 84 1
8 86 -1
8 87 1
8 88 -1
8 89 1
8 91 1
8 94 1
8 95 1
8 98 1
8 99 1
8 101 1
8 102 1
8 103 1
8 104 1
8 106 1
8 107 1
8 108 -1
8 109 1
8 110 1
8 111 -1
8 112 1
8 113 1
8 116 1
8 118 1
8 120 1
8 121 1
8 122 1
8 125 1
8 126 1
8 127 -1
8 129 1
9 11 1
9 12 1
9 13 1
9 16 1
9 17 1
9 18 1
9 19 -1
9 20 1
9 23 1
9 25 -1
9 28 1
9 29 1
9 32 1
9 33 1
9 34 1
9 35 1
9 37 -1
9 39 -1
9 40 1
9 41 1
9 43 1
9 45 -1
9 46 1
9 48 -1
9 49 1
9 50 1
9 55 1
9 56 1
9 57 1
9 58 1
9 60 -1
9 61 1
9 62 1
9 65 -1
9 68 1
9 70 1
9 71 1
9 76 1
9 78 -1
9 79 1
9 82 -1
9 83 1
9 86 1
9 88 1
9 90 1
9 91 -1
9 92 1
9 96 1
9 97 1
9 100 1
9 105 1
9 107 -1
9 108 1
9 111 1
9 114 1
9 115 1
9 119 1
9 120 -1
9 123 1
9 124 1
9 128 1
9 130 1
10 19 1
10 20 -1
10 21 1
10 33 -1
10 34 -1
10 35 -1
10 36 1
10 37 1
10 38 1
10 39 -1
10 42 -1
10 44 1
10 47 1
10 48 1
10 51 1
10 53 1
10 60 1
10 64 1
10 66 1
10 69 1
10 71 -1
10 72 1
10 73 1
10 78 1
10 80 1
10 84 1
10 87 1
10 88 -1
10 89 1
10 91 1
10 94 -1
10 95 1
10 98 1
10 102 1
10 103 1
10 104 1
10 106 -1
10 107 1
10 109 1
10 110 1
10 112 1
10 113 1
10 114 -1
10 116 1
10 118 1
10 120 1
10 121 1
10 125 1
10 126 1
10 127 -1
10 129 1
11 12 1
11 13 1
11 15 1
11 16 -1
11 24 1
11 25 1
11 26 1
11 27 -1
11 28 1
11 29 1
11 31 1
11 34 1
11 35 1
11 39 1
11 40 1
11 41 1
11 42 1
11 43 1
11 45 1
11 46 1
11 49 1
11 50 1
11 52 1
11 54 1
11 58 1
11 59 1
11 60 -1
11 62 1
11 63 1
11 65 1
11 67 1
11 68 1
11 70 1
11 71 1
11 74 1
11 75 1
11 76 1
11 79 1
11 80 -1
11 81 1
11 82 1
11 83 -1
11 85 1
11 87 -1
11 88 1
11 93 1
11 96 1
11 97 1
11 100 1
11 102 -1
11 105 1
11 106 1
11 108 1
11 111 1
11 113 -1
11 115 1
11 117 1
11 119 1
11 122 1
11 123 -1
11 124 1
11 127 1
11 128 1
11 130 1
12 13 1
12 15 1
12 16 1
12 18 1
12 23 1
12 24 1
12 25 1
12 26 1
12 28 1
12 29 1
12 31 1
12 34 1
12 35 1
12 38 -1
12 39 1
12 40 1
12 41 1
12 42 1
12 43 1
12 44 -1
12 45 1
12 46 1
12 48 -1
12 49 1
12 50 1
12 52 1
12 54 1
12 56 -1
12 58 1
12 59 1
12 62 1
12 63 1
12 65 1
12 67 1
12 68 1
12 70 1
12 71 1
12 72 -1
12 74 1
12 75 1
12 76 1
12 79 1
12 80 -1
12 81 -1
12 82 1
12 83 1
12 84 -1
12 85 1
12 86 -1
12 88 1
12 89 -1
12 93 1
12 95 -1
12 96 1
12 97 1
12 100 1
12 105 1
12 108 1
12 111 1
12 115 1
12 117 1
12 119 1
12 121 -1
12 124 1
12 127 1
12 128 1
12 130 1
13 14 -1
13 15 1
13 16 1
13 18 1
13 22 -1
13 23 1
13 24 1
13 25 1
13 26 1
13 27 -1
13 28 1
13 29 1
13 31 1
13 34 1
13 35 1
13 38 -1
13 39 1
13 40 1
13 41 1
13 42 1
13 43 1
13 45 1
13 46 1
13 49 1
13 50 1
13 52 1
13 54 1
13 58 1
13 59 1
13 62 1
13 63 1
13 65 1
13 67 1
13 68 1
13 70 1
13 71 1
13 74 1
13 75 1
13 76 1
13 79 1
13 81 -1
13 82 1
13 83 1
13 85 1
13 88 1
13 93 1
13 96 1
13 97 1
13 100 1
13 105 1
13 108 1
13 111 1
13 115 1
13 117 1
13 119 1
13 124 1
13 127 1
13 128 1
13 129 -1
13 130 1
14 15 1
14 16 -1
14 21 1
14 22 1
14 24 1
14 25 1
14 26 1
14 27 1
14 29 1
14 30 1
14 31 1
14 36 1
14 38 1
14 39 1
14 40 1
14 41 -1
14 42 1
14 45 1
14 52 1
14 54 1
14 58 -1
14 59 1
14 62 1
14 63 1
14 64 1
14 65 1
14 66 1
14 67 1
14 68 1
14 69 1
14 72 1
14 73 1
14 74 1
14 75 1
14 77 1
14 78 1
14 80 1
14 81 1
14 82 1
14 84 1
14 85 1
14 87 1
14 88 1
14 89 1
14 91 1
14 93 1
14 94 1
14 95 -1
14 99 1
14 100 1
14 101 1
14 102 1
14 103 1
14 104 1
14 106 1
14 107 1
14 108 1
14 110 1
14 112 1
14 113 1
14 117 1
14 121 1
14 122 1
14 125 1
14 126 1
14 127 1
14 129 1
15 18 -1
15 22 1
15 24 1
15 25 1
15 26 1
15 27 1
15 28 -1
15 29 1
15 30 1
15 31 1
15 34 -1
15 39 1
15 40 1
15 42 1
15 45 1
15 46 -1
15 49 1
15 50 1
15 51 -1
15 52 1
15 54 1
15 55 -1
15 59 1
15 62 1
15 63 1
15 64 -1
15 65 1
15 66 1
15 67 1
15 68 1
15 73 1
15 74 1
15 75 1
15 77 1
15 78 1
15 79 1
15 80 1
15 81 1
15 82 1
15 84 1
15 85 1
15 87 1
15 88 1
15 89 1
15 91 1
15 93 1
15 94 1
15 99 1
15 100 1
15 101 1
15 103 1
15 104 1
15 106 1
15 108 1
15 111 1
15 112 1
15 117 1
15 118 -1
15 121 1
15 122 1
15 124 1
15 125 1
15 127 1
15 129 1
16 17 1
16 18 1
16 20 1
16 21 -1
16 23 1
16 28 1
16 32 1
16 33 1
16 34 1
16 35 1
16 37 -1
16 39 -1
16 41 1
16 43 1
16 44 -1
16 46 1
16 48 -1
16 49 1
16 55 1
16 56 1
16 57 1
16 58 1
16 61 1
16 70 1
16 71 1
16 72 -1
16 76 1
16 80 -1
16 82 -1
16 83 1
16 86 1
16 90 1
16 92 1
16 96 1
16 97 1
16 105 1
16 111 1
16 114 1
16 115 1
16 118 -1
16 119 1
16 122 -1
16 123 1
16 124 1
16 128 1
16 130 1
17 18 1
17 20 1
17 23 1
17 28 1
17 32 1
17 33 1
17 34 1
17 35 1
17 36 -1
17 37 -1
17 41 1
17 46 1
17 48 -1
17 49 -1
17 53 -1
17 55 1
17 56 1
17 57 1
17 58 1
17 61 1
17 62 -1
17 70 1
17 71 1
17 72 -1
17 76 1
17 83 1
17 86 1
17 87 -1
17 88 -1
17 90 1
17 92 1
17 94 -1
17 96 1
17 97 1
17 105 1
17 112 -1
17 113 -1
17 114 1
17 115 1
17 119 1
17 123 1
17 124 -1
17 128 1
17 130 1
18 20 1
18 23 1
18 25 -1
18 28 1
18 29 -1
18 32 1
18 33 1
18 34 1
18 35 1
18 38 -1
18 41 1
18 43 1
18 46 1
18 49 1
18 51 -1
18 55 1
18 56 1
18 57 1
18 58 1
18 61 1
18 63 -1
18 64 -1
18 67 -1
18 70 1
18 71 1
18 76 1
18 78 -1
18 79 -1
18 83 1
18 86 1
18 90 1
18 92 1
18 94 -1
18 96 1
18 97 1
18 98 -1
18 103 -1
18 105 1
18 111 1
18 114 1
18 115 1
18 119 1
18 120 -1
18 123 1
18 124 1
18 128 1
18 130 1
19 20 -1
19 21 1
19 22 -1
19 27 1
19 28 -1
19 30 1
19 36 1
19 37 1
19 38 1
19 39 -1
19 42 -1
19 44 1
19 46 -1
19 47 1
19 48 1
19 51 1
19 53 1
19 56 -1
19 60 1
19 61 -1
19 62 -1
19 64 1
19 65 -1
19 66 1
19 68 -1
19 69 1
19 70 -1
19 72 1
19 73 1
19 74 -1
19 78 1
19 79 -1
19 80 1
19 83 -1
19 84 1
19 87 1
19 89 1
19 91 1
19 95 1
19 96 -1
19 98 1
19 101 1
19 102 1
19 103 1
19 104 1
19 106 -1
19 107 1
19 108 -1
19 109 1
19 110 1
19 112 1
19 113 1
19 114 -1
19 116 1
19 118 1
19 120 1
19 121 1
19 124 -1
19 125 1
19 126 1
19 129 1
20 23 1
20 28 1
20 32 1
20 33 1
20 34 1
20 35 1
20 39 -1
20 41 1
20 42 -1
20 44 -1
20 46 1
20 48 -1
20 55 1
20 56 1
20 57 1
20 58 1
20 60 -1
20 61 1
20 69 -1
20 70 1
20 71 1
20 73 -1
20 76 1
20 83 1
20 86 1
20 87 -1
20 89 -1
20 90 1
20 92 1
20 94 -1
20 96 1
20 97 1
20 102 -1
20 104 -1
20 105 1
20 106 -1
20 114 1
20 115 1
20 118 -1
20 119 1
20 123 1
20 128 1
20 129 -1
20 130 1
21 22 1
21 27 1
21 29 -1
21 30 1
21 36 1
21 37 1
21 38 1
21 44 1
21 46 -1
21 47 1
21 48 1
21 49 -1
21 51 1
21 53 1
21 56 -1
21 60 1
21 64 1
21 66 1
21 69 1
21 72 1
21 73 1
21 77 1
21 78 1
21 80 1
21 81 1
21 83 -1
21 84 1
21 87 1
21 89 1
21 91 1
21 94 1
21 95 1
21 96 -1
21 98 1
21 99 1
21 101 1
21 102 1
21 103 1
21 104 1
21 105 -1
21 106 1
21 107 1
21 109 1
21 110 1
21 111 -1
21 112 1
21 113 1
21 114 -1
21 116 1
21 118 1
21 119 -1
21 120 1
21 121 1
21 122 1
21 124 -1
21 125 1
21 126 1
21 129 1
22 24 1
22 25 1
22 26 1
22 27 1
22 29 1
22 30 1
22 31 1
22 33 -1
22 34 -1
22 36 1
22 38 1
22 39 1
22 42 1
22 45 1
22 48 -1
22 51 -1
22 52 1
22 54 1
22 59 1
22 60 1
22 62 1
22 63 1
22 64 1
22 65 1
22 66 1
22 67 1
22 68 1
22 69 1
22 72 1
22 73 1
22 74 1
22 75 1
22 77 1
22 78 1
22 79 -1
22 80 1
22 81 1
22 82 1
22 83 -1
22 84 1
22 85 1
22 87 1
22 89 1
22 90 -1
22 91 1
22 93 1
22 94 1
22 99 1
22 101 1
22 102 1
22 103 1
22 104 1
22 105 -1
22 106 1
22 107 1
22 109 1
22 110 1
22 112 1
22 113 1
22 117 1
22 121 1
22 122 1
22 125 1
22 126 1
22 127 1
22 129 1
23 24 -1
23 26 -1
23 28 1
23 32 1
23 33 1
23 34 1
23 35 1
23 36 -1
23 40 -1
23 41 1
23 43 1
23 46 1
23 49 1
23 55 1
23 56 1
23 57 1
23 58 1
23 60 -1
23 61 1
23 64 -1
23 65 -1
23 67 -1
23 70 1
23 71 1
23 76 1
23 79 -1
23 82 -1
23 83 1
23 86 1
23 90 1
23 92 1
23 93 -1
23 95 -1
23 96 1
23 97 1
23 102 -1
23 105 1
23 110 -1
23 111 1
23 114 1
23 115 1
23 119 1
23 123 1
23 124 1
23 128 1
23 130 1
24 25 1
24 26 1
24 27 1
24 29 1
24 30 1
24 31 1
24 32 -1
24 33 -1
24 39 1
24 40 1
24 42 1
24 45 1
24 46 -1
24 47 -1
24 48 -1
24 49 1
24 50 1
24 51 -1
24 52 1
24 54 1
24 55 -1
24 59 1
24 61 -1
24 62 1
24 63 1
24 64 -1
24 65 1
24 66 1
24 67 1
24 68 1
24 73 1
24 74 1
24 75 1
24 76 -1
24 77 1
24 78 1
24 79 1
24 80 1
24 81 1
24 82 1
24 84 1
24 85 1
24 87 1
24 88 1
24 89 1
24 91 1
24 93 1
24 94 1
24 99 1
24 100 1
24 101 1
24 103 1
24 104 1
24 105 -1
24 106 1
24 108 1
24 109 -1
24 110 -1
24 111 1
24 112 1
24 117 1
24 121 1
24 122 1
24 124 1
24 125 1
24 127 1
24 129 1
25 26 1
25 27 1
25 29 1
25 30 1
25 31 1
25 36 -1
25 38 -1
25 39 1
25 40 1
25 42 1
25 43 1
25 45 1
25 48 -1
25 49 1
25 50 1
25 52 1
25 54 1
25 55 -1
25 59 1
25 62 1
25 63 1
25 65 1
25 66 1
25 67 1
25 68 1
25 69 -1
25 73 1
25 74 1
25 75 1
25 77 1
25 78 1
25 79 1
25 80 1
25 81 1
25 82 1
25 84 1
25 85 1
25 87 1
25 88 1
25 91 1
25 93 1
25 94 1
25 99 1
25 100 1
25 101 1
25 103 1
25 106 1
25 108 1
25 111 1
25 112 1
25 114 -1
25 116 -1
25 117 1
25 122 1
25 123 -1
25 124 1
25 125 1
25 127 1
26 27 1
26 29 1
26 30 1
26 31 1
26 35 1
26 36 -1
26 39 1
26 40 1
26 42 1
26 43 1
26 45 1
26 46 -1
26 49 1
26 50 1
26 52 1
26 54 1
26 56 -1
26 57 -1
26 59 1
26 62 1
26 63 1
26 65 1
26 67 1
26 68 1
26 74 1
26 75 1
26 76 1
26 77 1
26 79 1
26 81 1
26 82 1
26 85 1
26 87 1
26 88 1
26 89 -1
26 93 1
26 94 1
26 95 -1
26 96 1
26 97 1
26 99 1
26 100 1
26 101 1
26 103 -1
26 106 1
26 108 1
26 111 1
26 112 -1
26 114 -1
26 115 1
26 117 1
26 119 1
26 122 1
26 124 1
26 126 -1
26 127 1
26 128 1
26 129 -1
27 30 1
27 31 1
27 36 1
27 37 1
27 38 1
27 39 1
27 42 1
27 44 -1
27 47 1
27 48 1
27 52 1
27 53 1
27 59 1
27 60 1
27 63 1
27 64 1
27 65 1
27 66 1
27 67 -1
27 69 1
27 72 1
27 73 1
27 74 1
27 75 1
27 77 1
27 78 1
27 80 1
27 81 1
27 82 1
27 84 1
27 85 1
27 86 -1
27 87 1
27 89 1
27 91 1
27 93 1
27 94 1
27 95 -1
27 99 1
27 101 1
27 102 1
27 103 1
27 104 1
27 106 1
27 107 1
27 109 1
27 110 1
27 112 1
27 113 1
27 117 1
27 119 -1
27 121 1
27 122 1
27 125 1
27 126 1
27 127 1
27 128 -1
27 129 1
28 32 1
28 33 1
28 34 1
28 35 1
28 40 1
28 41 1
28 43 1
28 44 -1
28 46 1
28 49 1
28 50 1
28 54 -1
28 55 1
28 56 1
28 57 1
28 58 1
28 61 1
28 63 -1
28 69 -1
28 70 1
28 71 1
28 76 1
28 78 -1
28 79 1
28 83 1
28 84 -1
28 86 1
28 88 1
28 90 1
28 92 1
28 93 -1
28 96 1
28 97 1
28 100 1
28 102 -1
28 105 1
28 108 1
28 109 -1
28 111 1
28 112 -1
28 113 -1
28 114 1
28 115 1
28 119 1
28 123 1
28 124 1
28 127 -1
28 128 1
28 130 1
29 31 1
29 35 1
29 39 1
29 40 1
29 41 1
29 42 1
29 43 1
29 45 1
29 46 -1
29 49 1
29 50 1
29 52 1
29 54 1
29 58 1
29 59 1
29 60 -1
29 62 1
29 63 1
29 65 1
29 67 1
29 68 1
29 69 -1
29 74 1
29 75 1
29 76 1
29 79 1
29 80 -1
29 81 1
29 82 1
29 85 1
29 88 1
29 93 1
29 94 1
29 96 1
29 97 1
29 98 -1
29 100 1
29 106 1
29 108 1
29 111 1
29 114 -1
29 115 1
29 117 1
29 119 1
29 122 1
29 124 1
29 127 1
29 128 1
29 129 -1
30 31 1
30 35 -1
30 36 1
30 37 1
30 38 1
30 39 1
30 40 -1
30 42 1
30 47 1
30 48 1
30 52 1
30 53 1
30 59 1
30 60 1
30 63 1
30 64 1
30 65 1
30 66 1
30 68 -1
30 69 1
30 72 1
30 73 1
30 75 1
30 77 1
30 78 1
30 80 1
30 81 1
30 82 1
30 84 1
30 85 1
30 87 1
30 89 1
30 91 1
30 93 1
30 94 1
30 97 -1
30 99 1
30 101 1
30 102 1
30 103 1
30 104 1
30 106 1
30 107 1
30 108 -1
30 109 1
30 110 1
30 112 1
30 113 1
30 117 1
30 120 -1
30 121 1
30 122 1
30 125 1
30 126 1
30 127 1
30 129 1
31 35 1
31 39 1
31 40 1
31 42 1
31 43 1
31 45 1
31 49 1
31 50 1
31 51 -1
31 52 1
31 54 1
31 59 1
31 60 -1
31 61 -1
31 62 1
31 63 1
31 64 -1
31 65 1
31 66 -1
31 67 1
31 68 1
31 71 -1
31 74 1
31 75 1
31 76 1
31 77 1
31 78 -1
31 79 1
31 81 1
31 82 1
31 85 1
31 86 -1
31 87 1
31 88 1
31 89 -1
31 91 -1
31 93 1
31 94 1
31 96 1
31 97 1
31 98 -1
31 99 1
31 100 1
31 101 1
31 106 1
31 107 -1
31 108 1
31 111 1
31 113 -1
31 115 1
31 116 -1
31 117 1
31 118 -1
31 119 1
31 122 1
31 124 1
31 125 -1
31 127 1
31 128 1
31 129 -1
32 33 1
32 34 1
32 35 1
32 41 1
32 46 1
32 50 -1
32 53 -1
32 55 1
32 56 1
32 57 1
32 58 1
32 61 1
32 70 1
32 71 1
32 74 -1
32 76 -1
32 79 -1
32 82 -1
32 83 1
32 85 -1
32 86 1
32 87 -1
32 90 1
32 92 1
32 97 1
32 102 -1
32 105 1
32 110 -1
32 112 -1
32 114 1
32 115 1
32 120 -1
32 123 1
32 130 1
33 34 1
33 35 1
33 38 -1
33 41 1
33 46 1
33 54 -1
33 55 1
33 56 1
33 57 1
33 58 1
33 59 -1
33 61 1
33 65 -1
33 68 -1
33 70 1
33 71 1
33 76 1
33 83 1
33 84 -1
33 86 1
33 90 1
33 92 1
33 96 1
33 97 1
33 102 -1
33 103 -1
33 105 1
33 110 -1
33 114 1
33 115 1
33 119 1
33 123 1
33 130 1
34 35 1
34 41 1
34 43 1
34 46 1
34 49 1
34 52 -1
34 53 -1
34 54 -1
34 55 1
34 56 1
34 57 1
34 58 1
34 61 1
34 66 -1
34 70 1
34 71 1
34 76 1
34 79 1
34 83 1
34 86 1
34 87 -1
34 90 1
34 92 1
34 95 -1
34 96 1
34 97 1
34 105 1
34 108 -1
34 111 1
34 114 1
34 115 1
34 119 1
34 122 -1
34 123 1
34 124 1
34 128 1
34 130 1
35 40 1
35 41 1
35 43 1
35 45 1
35 46 1
35 48 -1
35 49 1
35 50 1
35 52 1
35 54 1
35 57 1
35 58 1
35 60 -1
35 62 1
35 63 -1
35 67 1
35 68 1
35 70 1
35 71 1
35 74 1
35 76 1
35 79 1
35 80 -1
35 81 -1
35 82 1
35 83 1
35 88 1
35 90 1
35 92 1
35 93 1
35 94 -1
35 96 1
35 97 1
35 99 -1
35 100 1
35 105 1
35 108 1
35 111 1
35 114 1
35 115 1
35 116 -1
35 119 1
35 124 1
35 128 1
35 130 1
36 37 1
36 38 1
36 44 1
36 47 1
36 48 1
36 51 1
36 53 1
36 57 -1
36 58 -1
36 60 1
36 63 -1
36 64 1
36 66 1
36 69 1
36 72 1
36 73 1
36 74 -1
36 75 1
36 77 1
36 78 1
36 80 1
36 81 1
36 84 1
36 85 -1
36 87 1
36 88 -1
36 89 1
36 91 1
36 94 1
36 95 1
36 98 1
36 99 1
36 101 1
36 102 1
36 103 1
36 104 1
36 106 1
36 107 1
36 109 1
36 110 1
36 112 1
36 113 1
36 116 1
36 118 1
36 119 -1
36 120 1
36 121 1
36 122 1
36 125 1
36 126 1
36 129 1
37 38 1
37 42 -1
37 44 1
37 47 1
37 48 1
37 51 1
37 53 1
37 60 1
37 64 1
37 66 1
37 68 -1
37 69 1
37 72 1
37 73 1
37 78 1
37 80 1
37 81 -1
37 83 -1
37 84 1
37 87 1
37 89 1
37 91 1
37 95 1
37 97 -1
37 98 1
37 101 1
37 102 1
37 103 1
37 104 1
37 107 1
37 109 1
37 110 1
37 112 1
37 113 1
37 116 1
37 118 1
37 119 -1
37 120 1
37 121 1
37 125 1
37 126 1
37 128 -1
37 129 1
37 130 -1
38 44 1
38 47 1
38 48 1
38 51 1
38 53 1
38 57 -1
38 60 1
38 63 -1
38 64 1
38 66 1
38 68 -1
38 69 1
38 72 1
38 73 1
38 74 -1
38 75 -1
38 77 1
38 78 1
38 80 1
38 84 1
38 85 -1
38 87 1
38 89 1
38 91 1
38 93 -1
38 94 1
38 95 1
38 98 1
38 99 1
38 101 1
38 102 1
38 103 1
38 104 1
38 107 1
38 109 1
38 110 1
38 111 -1
38 112 1
38 113 1
38 116 1
38 117 -1
38 118 1
38 120 1
38 121 1
38 122 -1
38 125 1
38 126 1
38 127 -1
38 128 -1
38 129 1
39 40 1
39 42 1
39 43 1
39 45 1
39 47 -1
39 49 1
39 50 1
39 52 1
39 54 1
39 55 -1
39 57 -1
39 59 1
39 61 -1
39 62 1
39 63 1
39 64 -1
39 65 1
39 67 1
39 68 1
39 70 -1
39 72 -1
39 74 1
39 75 1
39 77 1
39 78 1
39 79 1
39 81 1
39 82 1
39 85 1
39 87 1
39 88 1
39 93 1
39 94 1
39 96 1
39 98 -1
39 99 1
39 100 1
39 101 1
39 106 1
39 108 1
39 111 1
39 117 1
39 119 1
39 120 -1
39 122 1
39 124 1
39 127 1
39 128 1
40 41 1
40 42 1
40 43 1
40 45 1
40 46 1
40 49 1
40 50 1
40 52 1
40 54 1
40 55 -1
40 57 -1
40 58 1
40 59 1
40 62 1
40 63 1
40 65 1
40 67 1
40 68 1
40 71 1
40 74 1
40 75 1
40 76 1
40 79 1
40 81 1
40 82 1
40 84 -1
40 85 1
40 88 1
40 93 1
40 94 1
40 96 1
40 97 1
40 99 -1
40 100 1
40 106 1
40 108 1
40 111 1
40 115 1
40 117 1
40 119 1
40 122 1
40 124 1
40 127 1
40 128 1
41 43 1
41 44 -1
41 45 1
41 46 1
41 49 1
41 50 1
41 52 1
41 54 1
41 56 1
41 57 1
41 58 1
41 59 -1
41 61 1
41 62 1
41 67 1
41 68 1
41 69 -1
41 70 1
41 71 1
41 72 -1
41 74 1
41 75 -1
41 76 1
41 77 -1
41 79 1
41 82 1
41 83 1
41 86 1
41 87 -1
41 88 1
41 90 1
41 92 1
41 93 1
41 95 -1
41 96 1
41 97 1
41 100 1
41 105 1
41 107 -1
41 108 1
41 110 -1
41 111 1
41 114 1
41 115 1
41 119 1
41 120 -1
41 123 1
41 124 1
41 126 -1
41 128 1
41 129 -1
41 130 1
42 43 1
42 45 1
42 49 1
42 50 1
42 52 1
42 54 1
42 59 1
42 60 -1
42 62 1
42 63 1
42 65 1
42 66 1
42 67 1
42 68 1
42 70 -1
42 74 1
42 75 1
42 77 1
42 78 1
42 79 1
42 81 1
42 82 1
42 83 -1
42 84 1
42 85 1
42 87 1
42 88 1
42 91 1
42 93 1
42 94 1
42 96 -1
42 99 1
42 100 1
42 101 1
42 106 1
42 107 -1
42 108 1
42 111 1
42 113 -1
42 114 -1
42 117 1
42 119 -1
42 121 -1
42 122 1
42 124 1
42 127 1
42 128 1
42 129 -1
43 45 1
43 46 1
43 49 1
43 50 1
43 52 1
43 54 1
43 57 -1
43 58 1
43 59 1
43 61 -1
43 62 1
43 63 1
43 65 1
43 67 1
43 68 1
43 70 1
43 71 1
43 74 1
43 76 1
43 78 -1
43 79 1
43 82 1
43 83 1
43 85 1
43 88 1
43 90 1
43 93 1
43 94 -1
43 96 1
43 97 1
43 100 1
43 105 1
43 106 -1
43 108 1
43 111 1
43 115 1
43 116 -1
43 117 1
43 119 1
43 124 1
43 125 -1
43 127 1
43 128 1
43 129 -1
43 130 1
44 45 -1
44 47 1
44 48 1
44 51 1
44 53 1
44 60 1
44 64 1
44 66 1
44 67 -1
44 69 1
44 72 1
44 73 1
44 75 -1
44 78 1
44 80 1
44 83 -1
44 84 1
44 86 -1
44 87 1
44 89 1
44 91 1
44 93 -1
44 95 1
44 98 1
44 102 1
44 103 1
44 104 1
44 105 -1
44 107 1
44 109 1
44 110 1
44 112 1
44 113 1
44 116 1
44 118 1
44 120 1
44 121 1
44 122 -1
44 123 -1
44 125 1
44 126 1
44 129 1
45 49 1
45 50 1
45 51 -1
45 52 1
45 54 1
45 56 -1
45 58 1
45 59 1
45 61 -1
45 62 1
45 63 1
45 65 1
45 67 1
45 68 1
45 71 -1
45 74 1
45 75 1
45 76 1
45 77 1
45 79 1
45 80 -1
45 81 1
45 82 1
45 85 1
45 88 1
45 93 1
45 94 1
45 95 -1
45 96 1
45 97 1
45 99 1
45 100 1
45 101 1
45 104 -1
45 106 1
45 108 1
45 111 1
45 113 -1
45 115 1
45 117 1
45 118 -1
45 119 1
45 122 1
45 124 1
45 127 1
45 128 1
46 49 1
46 50 1
46 55 1
46 56 1
46 57 1
46 58 1
46 60 -1
46 61 1
46 70 1
46 71 1
46 76 1
46 79 1
46 83 1
46 86 1
46 88 1
46 90 1
46 92 1
46 96 1
46 97 1
46 100 1
46 104 -1
46 105 1
46 106 -1
46 107 -1
46 108 1
46 111 1
46 112 -1
46 114 1
46 115 1
46 118 -1
46 119 1
46 122 -1
46 123 1
46 124 1
46 128 1
46 130 1
47 48 1
47 51 1
47 53 1
47 60 1
47 64 1
47 66 1
47 69 1
47 72 1
47 73 1
47 74 -1
47 77 1
47 78 1
47 80 1
47 81 -1
47 82 -1
47 84 1
47 87 1
47 89 1
47 91 1
47 93 -1
47 94 -1
47 95 1
47 98 1
47 99 1
47 101 1
47 102 1
47 103 1
47 104 1
47 107 1
47 109 1
47 110 1
47 111 -1
47 112 1
47 113 1
47 115 -1
47 116 1
47 118 1
47 120 1
47 121 1
47 125 1
47 126 1
47 129 1
48 51 1
48 53 1
48 60 1
48 63 -1
48 64 1
48 66 1
48 68 -1
48 69 1
48 70 -1
48 72 1
48 73 1
48 74 -1
48 76 -1
48 78 1
48 80 1
48 84 1
48 87 1
48 89 1
48 91 1
48 95 1
48 96 -1
48 98 1
48 100 -1
48 101 1
48 102 1
48 103 1
48 104 1
48 107 1
48 109 1
48 110 1
48 112 1
48 113 1
48 116 1
48 118 1
48 120 1
48 121 1
48 125 1
48 126 1
48 129 1
49 50 1
49 52 1
49 54 1
49 58 1
49 59 1
49 61 -1
49 62 1
49 63 1
49 65 1
49 66 -1
49 67 1
49 68 1
49 70 1
49 71 1
49 74 1
49 75 1
49 76 1
49 78 -1
49 79 1
49 82 1
49 83 1
49 84 -1
49 85 1
49 86 -1
49 88 1
49 89 -1
49 90 1
49 93 1
49 96 1
49 97 1
49 100 1
49 105 1
49 108 1
49 111 1
49 112 -1
49 115 1
49 117 1
49 119 1
49 120 -1
49 124 1
49 127 1
49 128 1
49 130 1
50 52 1
50 54 1
50 55 -1
50 58 1
50 59 1
50 62 1
50 63 1
50 65 1
50 67 1
50 68 1
50 70 1
50 71 1
50 74 1
50 75 1
50 76 1
50 79 1
50 81 1
50 82 1
50 84 -1
50 85 1
50 88 1
50 93 1
50 95 -1
50 96 1
50 97 1
50 100 1
50 102 -1
50 103 -1
50 106 1
50 108 1
50 111 1
50 115 1
50 117 1
50 119 1
50 122 1
50 124 1
50 127 1
50 128 1
50 130 1
51 53 1
51 60 1
51 63 -1
51 64 1
51 65 -1
51 66 1
51 69 1
51 72 1
51 73 1
51 77 -1
51 78 1
51 80 1
51 84 1
51 85 -1
51 87 1
51 88 -1
51 89 1
51 91 1
51 92 -1
51 95 1
51 98 1
51 99 -1
51 102 1
51 103 1
51 104 1
51 107 1
51 109 1
51 110 1
51 112 1
51 113 1
51 115 -1
51 116 1
51 118 1
51 120 1
51 121 1
51 124 -1
51 125 1
51 126 1
51 129 1
52 54 1
52 57 -1
52 58 -1
52 59 1
52 62 1
52 63 1
52 65 1
52 67 1
52 68 1
52 70 -1
52 71 -1
52 72 -1
52 74 1
52 75 1
52 76 1
52 77 1
52 78 -1
52 79 1
52 81 1
52 82 1
52 85 1
52 88 1
52 93 1
52 94 1
52 96 1
52 97 1
52 99 1
52 100 1
52 101 1
52 102 -1
52 106 1
52 108 1
52 111 1
52 115 1
52 117 1
52 119 1
52 120 -1
52 122 1
52 123 -1
52 124 1
52 127 1
52 128 1
53 60 1
53 64 1
53 66 1
53 67 -1
53 69 1
53 72 1
53 73 1
53 76 -1
53 78 1
53 80 1
53 84 1
53 86 -1
53 87 1
53 89 1
53 91 1
53 93 -1
53 95 1
53 98 1
53 99 -1
53 101 1
53 102 1
53 103 1
53 104 1
53 107 1
53 109 1
53 110 1
53 112 1
53 113 1
53 116 1
53 118 1
53 119 -1
53 120 1
53 121 1
53 125 1
53 126 1
53 129 1
54 58 1
54 59 1
54 62 1
54 63 1
54 65 1
54 67 1
54 68 1
54 74 1
54 75 1
54 76 1
54 77 1
54 79 1
54 81 1
54 82 1
54 84 -1
54 85 1
54 88 1
54 93 1
54 94 1
54 96 1
54 97 1
54 99 1
54 100 1
54 101 1
54 106 1
54 108 1
54 109 -1
54 110 -1
54 111 1
54 115 1
54 117 1
54 119 1
54 120 -1
54 122 1
54 124 1
54 127 1
54 128 1
55 56 1
55 57 1
55 58 1
55 61 1
55 62 -1
55 67 -1
55 70 1
55 71 1
55 72 -1
55 83 1
55 86 1
55 88 -1
55 90 1
55 92 1
55 94 -1
55 95 -1
55 101 -1
55 103 -1
55 105 1
55 106 -1
55 111 -1
55 113 -1
55 114 1
55 118 -1
55 120 -1
55 122 -1
55 123 1
55 124 -1
55 130 1
56 57 1
56 58 1
56 61 1
56 66 -1
56 70 1
56 71 1
56 76 -1
56 79 -1
56 83 1
56 86 1
56 87 -1
56 90 1
56 91 -1
56 92 1
56 93 -1
56 98 -1
56 100 -1
56 105 1
56 111 -1
56 114 1
56 123 1
56 130 1
57 58 1
57 61 1
57 63 -1
57 67 -1
57 68 -1
57 69 -1
57 70 1
57 71 1
57 76 1
57 78 -1
57 79 -1
57 80 -1
57 83 1
57 84 -1
57 86 1
57 90 1
57 91 -1
57 92 1
57 93 -1
57 97 1
57 98 -1
57 104 -1
57 105 1
57 114 1
57 115 1
57 121 -1
57 123 1
57 125 -1
57 128 -1
57 130 1
58 61 1
58 62 1
58 66 -1
58 67 1
58 68 1
58 70 1
58 71 1
58 74 1
58 75 -1
58 76 1
58 79 1
58 82 1
58 83 1
58 84 -1
58 86 1
58 88 1
58 90 1
58 92 1
58 96 1
58 97 1
58 100 1
58 101 -1
58 103 -1
58 105 1
58 108 1
58 110 -1
58 111 1
58 114 1
58 115 1
58 119 1
58 123 1
58 124 1
58 125 -1
58 126 -1
58 128 1
58 130 1
59 62 1
59 63 1
59 65 1
59 66 -1
59 67 1
59 68 1
59 73 -1
59 74 1
59 75 1
59 76 -1
59 77 1
59 78 1
59 79 1
59 81 1
59 82 1
59 85 1
59 87 1
59 88 1
59 89 -1
59 91 1
59 93 1
59 94 1
59 98 -1
59 99 1
59 100 1
59 101 1
59 106 1
59 108 1
59 111 1
59 112 -1
59 113 -1
59 115 -1
59 117 1
59 118 -1
59 119 1
59 121 -1
59 122 1
59 124 1
59 127 1
59 128 1
59 130 -1
60 64 1
60 66 1
60 69 1
60 72 1
60 73 1
60 77 1
60 78 1
60 80 1
60 84 1
60 87 1
60 89 1
60 91 1
60 95 1
60 98 1
60 99 1
60 100 -1
60 101 1
60 102 1
60 103 1
60 104 1
60 107 1
60 109 1
60 110 1
60 112 1
60 113 1
60 116 1
60 118 1
60 120 1
60 121 1
60 125 1
60 126 1
60 129 1
60 130 -1
61 65 -1
61 68 -1
61 70 1
61 71 1
61 81 -1
61 83 1
61 86 1
61 90 1
61 92 1
61 105 1
61 110 -1
61 114 1
61 117 -1
61 118 -1
61 121 -1
61 122 -1
61 123 1
61 130 1
62 63 1
62 65 1
62 67 1
62 68 1
62 74 1
62 75 1
62 76 1
62 77 1
62 79 1
62 81 1
62 82 1
62 83 -1
62 85 1
62 87 -1
62 88 1
62 93 1
62 94 1
62 95 -1
62 96 1
62 97 1
62 99 1
62 100 1
62 104 -1
62 106 1
62 107 -1
62 108 1
62 111 1
62 115 1
62 117 1
62 119 1
62 121 -1
62 122 1
62 124 1
62 125 -1
62 127 1
62 128 1
63 64 -1
63 65 1
63 67 1
63 68 1
63 71 -1
63 74 1
63 75 1
63 76 1
63 77 1
63 79 1
63 81 1
63 82 1
63 83 -1
63 84 -1
63 85 1
63 87 1
63 88 1
63 90 -1
63 93 1
63 94 1
63 96 1
63 99 1
63 100 1
63 101 1
63 104 -1
63 106 1
63 108 1
63 111 1
63 116 -1
63 117 1
63 119 1
63 122 1
63 124 1
63 127 1
63 128 1
64 66 1
64 67 -1
64 69 1
64 72 1
64 73 1
64 75 1
64 76 -1
64 77 1
64 78 1
64 79 -1
64 80 1
64 81 1
64 84 1
64 87 1
64 88 -1
64 89 1
64 90 -1
64 91 1
64 94 1
64 95 1
64 98 1
64 99 1
64 101 1
64 102 1
64 103 1
64 104 1
64 105 -1
64 106 1
64 107 1
64 109 1
64 110 1
64 112 1
64 113 1
64 116 1
64 118 1
64 120 1
64 121 1
64 122 1
64 125 1
64 126 1
64 129 1
65 66 1
65 67 1
65 68 1
65 72 -1
65 73 -1
65 74 1
65 75 1
65 77 1
65 78 1
65 79 1
65 80 1
65 81 1
65 82 1
65 83 -1
65 84 1
65 85 1
65 87 1
65 88 1
65 91 1
65 93 1
65 94 1
65 99 1
65 100 1
65 101 1
65 102 -1
65 106 1
65 108 1
65 111 1
65 112 1
65 117 1
65 120 -1
65 122 1
65 124 1
65 127 1
66 69 1
66 72 1
66 73 1
66 75 1
66 76 -1
66 77 1
66 78 1
66 80 1
66 81 1
66 82 -1
66 84 1
66 85 1
66 87 1
66 88 -1
66 89 1
66 91 1
66 94 1
66 95 1
66 98 1
66 99 1
66 101 1
66 102 1
66 103 1
66 104 1
66 105 -1
66 106 1
66 107 1
66 109 1
66 110 1
66 112 1
66 113 1
66 116 1
66 117 1
66 118 1
66 119 -1
66 120 1
66 121 1
66 122 1
66 123 -1
66 125 1
66 126 1
66 127 1
66 129 1
67 68 1
67 71 -1
67 74 1
67 75 1
67 76 1
67 77 1
67 79 1
67 81 1
67 82 1
67 85 1
67 87 -1
67 88 1
67 90 -1
67 93 1
67 94 1
67 96 1
67 97 1
67 99 1
67 100 1
67 101 1
67 104 -1
67 105 -1
67 106 1
67 107 -1
67 108 1
67 111 1
67 115 1
67 117 1
67 118 -1
67 119 1
67 122 1
67 124 1
67 127 1
67 128 1
67 129 -1
68 74 1
68 75 1
68 76 1
68 78 -1
68 79 1
68 81 1
68 82 1
68 85 1
68 87 -1
68 88 1
68 91 -1
68 93 1
68 94 1
68 95 -1
68 96 1
68 97 1
68 100 1
68 106 1
68 108 1
68 111 1
68 115 1
68 117 1
68 118 -1
68 119 1
68 122 1
68 123 -1
68 124 1
68 127 1
68 128 1
69 72 1
69 73 1
69 76 -1
69 77 1
69 78 1
69 80 1
69 81 -1
69 83 -1
69 84 1
69 87 1
69 88 -1
69 89 1
69 90 -1
69 91 1
69 94 1
69 95 1
69 98 1
69 99 1
69 101 1
69 102 1
69 103 1
69 104 1
69 107 1
69 109 1
69 110 1
69 112 1
69 113 1
69 116 1
69 117 -1
69 118 1
69 120 1
69 121 1
69 122 -1
69 125 1
69 126 1
69 129 1
70 71 1
70 76 1
70 79 1
70 82 -1
70 83 1
70 86 1
70 90 1
70 92 1
70 93 -1
70 96 1
70 97 1
70 102 -1
70 103 -1
70 105 1
70 106 -1
70 111 1
70 113 -1
70 114 1
70 115 1
70 118 -1
70 119 1
70 121 -1
70 123 1
70 124 1
70 128 1
70 130 1
71 73 -1
71 74 -1
71 76 1
71 79 1
71 80 -1
71 83 1
71 86 1
71 88 1
71 90 1
71 91 -1
71 92 1
71 96 1
71 97 1
71 98 -1
71 100 1
71 104 -1
71 105 1
71 108 1
71 109 -1
71 110 -1
71 111 1
71 114 1
71 115 1
71 118 -1
71 119 1
71 123 1
71 124 1
71 128 1
71 129 -1
71 130 1
72 73 1
72 75 -1
72 77 1
72 78 1
72 80 1
72 81 1
72 84 1
72 87 1
72 89 1
72 91 1
72 92 -1
72 94 1
72 95 1
72 96 -1
72 98 1
72 99 1
72 101 1
72 102 1
72 103 1
72 104 1
72 106 1
72 107 1
72 108 -1
72 109 1
72 110 1
72 112 1
72 113 1
72 114 -1
72 115 -1
72 116 1
72 118 1
72 120 1
72 121 1
72 122 1
72 125 1
72 126 1
72 129 1
73 75 1
73 76 -1
73 77 1
73 78 1
73 79 -1
73 80 1
73 81 1
73 83 -1
73 84 1
73 85 1
73 87 1
73 89 1
73 91 1
73 94 1
73 95 1
73 98 1
73 99 1
73 101 1
73 102 1
73 103 1
73 104 1
73 106 1
73 107 1
73 109 1
73 110 1
73 111 -1
73 112 1
73 113 1
73 116 1
73 117 1
73 118 1
73 120 1
73 121 1
73 122 1
73 124 -1
73 125 1
73 126 1
73 127 1
73 129 1
74 75 1
74 76 1
74 77 1
74 78 -1
74 79 1
74 81 1
74 82 1
74 85 1
74 88 1
74 90 -1
74 93 1
74 94 1
74 95 -1
74 96 1
74 97 1
74 99 1
74 100 1
74 101 1
74 103 -1
74 105 -1
74 106 1
74 108 1
74 111 1
74 112 -1
74 115 1
74 117 1
74 118 -1
74 119 1
74 122 1
74 124 1
74 125 -1
74 127 1
74 128 1
74 130 -1
75 77 1
75 78 1
75 79 1
75 80 1
75 81 1
75 82 1
75 83 -1
75 84 1
75 85 1
75 87 1
75 88 1
75 89 1
75 91 1
75 93 1
75 94 1
75 99 1
75 100 1
75 101 1
75 103 1
75 104 1
75 105 -1
75 106 1
75 108 1
75 111 1
75 112 1
75 117 1
75 118 -1
75 121 1
75 122 1
75 125 1
75 127 1
75 129 1
76 79 1
76 82 1
76 83 1
76 84 -1
76 87 -1
76 88 1
76 89 -1
76 90 1
76 91 -1
76 92 1
76 93 1
76 96 1
76 97 1
76 100 1
76 105 1
76 107 -1
76 108 1
76 110 -1
76 111 1
76 114 1
76 115 1
76 118 -1
76 119 1
76 124 1
76 126 -1
76 128 1
76 130 1
77 78 1
77 80 1
77 81 1
77 82 1
77 84 1
77 85 1
77 86 -1
77 87 1
77 89 1
77 91 1
77 93 1
77 94 1
77 99 1
77 101 1
77 102 1
77 103 1
77 104 1
77 105 -1
77 106 1
77 107 1
77 109 1
77 110 1
77 112 1
77 113 1
77 117 1
77 121 1
77 122 1
77 125 1
77 126 1
77 127 1
77 129 1
77 130 -1
78 80 1
78 81 1
78 84 1
78 85 1
78 87 1
78 89 1
78 91 1
78 94 1
78 95 1
78 98 1
78 99 1
78 101 1
78 102 1
78 103 1
78 104 1
78 106 1
78 107 1
78 109 1
78 110 1
78 112 1
78 113 1
78 116 1
78 117 1
78 118 1
78 120 1
78 121 1
78 122 1
78 125 1
78 126 1
78 127 1
78 129 1
79 81 1
79 82 1
79 85 1
79 88 1
79 89 -1
79 92 -1
79 93 1
79 96 1
79 97 1
79 100 1
79 102 -1
79 106 1
79 107 -1
79 108 1
79 111 1
79 115 1
79 117 1
79 119 1
79 122 1
79 124 1
79 126 -1
79 127 1
79 128 1
79 130 1
80 81 1
80 82 -1
80 83 -1
80 84 1
80 85 1
80 87 1
80 89 1
80 91 1
80 94 1
80 95 1
80 96 -1
80 98 1
80 99 1
80 101 1
80 102 1
80 103 1
80 104 1
80 106 1
80 107 1
80 109 1
80 110 1
80 111 -1
80 112 1
80 113 1
80 116 1
80 117 1
80 118 1
80 120 1
80 121 1
80 122 1
80 125 1
80 126 1
80 127 1
80 128 -1
80 129 1
81 82 1
81 83 -1
81 84 1
81 85 1
81 87 1
81 88 1
81 89 1
81 91 1
81 92 -1
81 93 1
81 94 1
81 95 -1
81 99 1
81 100 1
81 101 1
81 102 -1
81 103 1
81 104 1
81 106 1
81 107 1
81 108 1
81 112 1
81 113 1
81 117 1
81 119 -1
81 121 1
81 122 1
81 125 1
81 126 1
81 127 1
81 129 1
82 85 1
82 88 1
82 93 1
82 94 1
82 96 1
82 97 1
82 98 -1
82 99 1
82 100 1
82 101 1
82 105 -1
82 106 1
82 108 1
82 111 1
82 115 1
82 117 1
82 119 1
82 122 1
82 124 1
82 126 -1
82 127 1
82 128 1
83 86 1
83 90 1
83 92 1
83 96 1
83 97 1
83 105 1
83 111 1
83 114 1
83 115 1
83 119 1
83 122 -1
83 123 1
83 124 1
83 126 -1
83 128 1
83 130 1
84 85 1
84 87 1
84 89 1
84 90 -1
84 91 1
84 94 1
84 95 1
84 98 1
84 99 1
84 101 1
84 102 1
84 103 1
84 104 1
84 106 1
84 107 1
84 109 1
84 110 1
84 112 1
84 113 1
84 114 -1
84 116 1
84 117 1
84 118 1
84 120 1
84 121 1
84 122 1
84 124 -1
84 125 1
84 126 1
84 127 1
84 129 1
85 87 1
85 88 1
85 91 1
85 92 -1
85 93 1
85 94 1
85 96 -1
85 99 1
85 100 1
85 101 1
85 103 1
85 106 1
85 107 -1
85 108 1
85 111 1
85 112 1
85 117 1
85 121 -1
85 122 1
85 124 1
85 125 1
85 127 1
86 88 -1
86 90 1
86 92 1
86 95 -1
86 100 -1
86 102 -1
86 104 -1
86 105 1
86 111 -1
86 114 1
86 119 -1
86 123 1
86 126 -1
86 130 1
87 88 -1
87 89 1
87 91 1
87 94 1
87 95 -1
87 96 -1
87 99 1
87 101 1
87 102 1
87 103 1
87 104 1
87 106 1
87 107 1
87 109 1
87 110 1
87 112 1
87 113 1
87 116 1
87 117 1
87 119 -1
87 121 1
87 122 1
87 125 1
87 126 1
87 127 1
87 129 1
88 91 -1
88 93 1
88 94 1
88 96 1
88 97 1
88 99 -1
88 100 1
88 104 -1
88 106 1
88 108 1
88 111 1
88 115 1
88 117 1
88 119 1
88 122 1
88 123 -1
88 124 1
88 127 1
88 128 1
89 91 1
89 94 1
89 95 1
89 98 1
89 99 1
89 101 1
89 102 1
89 103 1
89 104 1
89 105 -1
89 106 1
89 107 1
89 109 1
89 110 1
89 112 1
89 113 1
89 115 -1
89 116 1
89 118 1
89 119 -1
89 120 1
89 121 1
89 122 1
89 125 1
89 126 1
89 129 1
89 130 -1
90 92 1
90 93 -1
90 95 -1
90 96 1
90 97 1
90 99 -1
90 100 -1
90 105 1
90 109 -1
90 111 1
90 114 1
90 115 1
90 117 -1
90 118 -1
90 119 1
90 123 1
90 124 1
90 128 1
90 130 1
91 94 1
91 95 1
91 96 -1
91 98 1
91 99 1
91 101 1
91 102 1
91 103 1
91 104 1
91 106 1
91 107 1
91 109 1
91 110 1
91 112 1
91 113 1
91 114 -1
91 116 1
91 117 1
91 118 1
91 120 1
91 121 1
91 122 1
91 125 1
91 126 1
91 127 1
91 129 1
91 130 -1
92 93 -1
92 96 -1
92 97 1
92 98 -1
92 99 -1
92 102 -1
92 105 1
92 111 -1
92 112 -1
92 114 1
92 115 1
92 123 1
92 130 1
93 94 1
93 96 1
93 97 1
93 98 -1
93 99 1
93 100 1
93 101 1
93 106 1
93 107 -1
93 108 1
93 111 1
93 115 1
93 116 -1
93 117 1
93 118 -1
93 119 1
93 122 1
93 123 -1
93 124 1
93 127 1
93 128 1
94 95 -1
94 99 1
94 100 1
94 101 1
94 102 1
94 103 1
94 104 1
94 106 1
94 107 1
94 108 1
94 110 1
94 111 -1
94 112 1
94 113 1
94 117 1
94 121 1
94 122 1
94 123 -1
94 125 1
94 126 1
94 127 1
94 129 1
94 130 -1
95 97 -1
95 98 1
95 101 -1
95 102 1
95 103 1
95 104 1
95 105 -1
95 107 1
95 109 1
95 110 1
95 112 1
95 113 1
95 115 -1
95 116 1
95 118 1
95 120 1
95 121 1
95 124 -1
95 125 1
95 126 1
95 127 -1
95 129 1
96 97 1
96 98 -1
96 100 1
96 101 -1
96 102 -1
96 103 -1
96 105 1
96 106 -1
96 108 1
96 109 -1
96 111 1
96 114 1
96 115 1
96 119 1
96 120 -1
96 124 1
96 128 1
96 130 1
97 100 1
97 101 -1
97 105 1
97 108 1
97 109 -1
97 110 -1
97 111 1
97 114 1
97 115 1
97 117 -1
97 119 1
97 121 -1
97 124 1
97 125 -1
97 127 -1
97 128 1
97 129 -1
97 130 1
98 102 1
98 103 1
98 104 1
98 107 1
98 109 1
98 110 1
98 112 1
98 113 1
98 114 -1
98 116 1
98 118 1
98 120 1
98 121 1
98 125 1
98 126 1
98 127 -1
98 129 1
99 101 1
99 102 1
99 103 1
99 104 1
99 106 1
99 107 1
99 108 -1
99 109 1
99 110 1
99 112 1
99 113 1
99 117 1
99 121 1
99 122 1
99 124 -1
99 125 1
99 126 1
99 127 1
99 129 1
100 101 -1
100 102 -1
100 106 1
100 108 1
100 109 -1
100 111 1
100 113 -1
100 115 1
100 117 1
100 119 1
100 122 1
100 124 1
100 127 1
100 128 1
100 129 -1
100 130 -1
101 102 1
101 103 1
101 104 1
101 106 1
101 107 1
101 109 1
101 110 1
101 112 1
101 113 1
101 116 -1
101 117 1
101 121 1
101 122 1
101 125 1
101 126 1
101 127 1
101 128 -1
101 129 1
101 130 -1
102 103 1
102 104 1
102 106 -1
102 107 1
102 109 1
102 110 1
102 112 1
102 113 1
102 116 1
102 118 1
102 120 1
102 121 1
102 125 1
102 126 1
102 129 1
103 104 1
103 106 1
103 107 1
103 109 1
103 110 1
103 112 1
103 113 1
103 114 -1
103 116 1
103 118 1
103 120 1
103 121 1
103 122 1
103 123 -1
103 125 1
103 126 1
103 127 1
103 129 1
104 106 1
104 107 1
104 109 1
104 110 1
104 112 1
104 113 1
104 116 1
104 118 1
104 120 1
104 121 1
104 122 1
104 125 1
104 126 1
104 129 1
104 130 -1
105 111 1
105 114 1
105 115 1
105 119 1
105 121 -1
105 123 1
105 124 1
105 128 1
105 130 1
106 107 1
106 108 1
106 110 1
106 112 1
106 113 1
106 117 1
106 118 -1
106 121 1
106 122 1
106 123 -1
106 125 1
106 126 1
106 127 1
106 129 1
107 109 1
107 110 1
107 112 1
107 113 1
107 116 1
107 118 1
107 120 1
107 121 1
107 122 1
107 124 -1
107 125 1
107 126 1
107 127 -1
107 129 1
108 110 -1
108 111 1
108 115 1
108 117 1
108 118 -1
108 119 1
108 122 1
108 124 1
108 127 1
108 128 1
109 110 1
109 112 1
109 113 1
109 115 -1
109 116 1
109 118 1
109 119 -1
109 120 1
109 121 1
109 125 1
109 126 1
109 129 1
110 112 1
110 113 1
110 116 1
110 118 1
110 120 1
110 121 1
110 125 1
110 126 1
110 129 1
111 114 -1
111 115 1
111 117 1
111 119 1
111 121 -1
111 124 1
111 126 -1
111 127 1
111 128 1
111 130 1
112 113 1
112 116 1
112 117 1
112 118 1
112 119 -1
112 120 1
112 121 1
112 122 1
112 125 1
112 126 1
112 127 1
112 128 -1
112 129 1
113 114 -1
113 116 1
113 117 -1
113 118 1
113 120 1
113 121 1
113 122 1
113 125 1
113 126 1
113 129 1
114 115 1
114 123 1
114 124 -1
114 130 1
115 119 1
115 124 1
115 128 1
115 130 1
116 118 1
116 120 1
116 121 1
116 125 1
116 126 1
116 129 1
117 122 1
117 124 1
117 127 1
118 120 1
118 121 1
118 123 -1
118 125 1
118 126 1
118 129 1
118 130 -1
119 124 1
119 127 -1
119 128 1
119 130 1
120 121 1
120 125 1
120 126 1
120 129 1
121 122 1
121 124 -1
121 125 1
121 126 1
121 128 -1
121 129 1
122 124 -1
122 125 1
122 126 1
122 127 1
122 129 1
123 124 -1
123 126 -1
123 129 -1
123 130 1
124 127 1
124 128 1
124 130 1
125 126 1
125 129 1
126 129 1
126 130 -1
127 129 -1
128 129 -1
128 130 1
