vertices: 170 edges: 2995
1 6 1
1 8 1
1 13 1
1 15 1
1 18 1
1 21 1
1 31 -1
1 32 1
1 34 1
1 37 1
1 42 1
1 47 1
1 49 1
1 50 1
1 51 1
1 53 1
1 55 1
1 59 -1
1 66 -1
1 70 1
1 71 1
1 72 1
1 73 -1
1 75 1
1 76 1
1 77 1
1 78 1
1 83 1
1 90 1
1 95 -1
1 117 1
1 119 1
1 120 1
1 122 1
1 132 1
1 140 1
1 141 1
1 149 1
1 154 -1
1 162 1
1 167 -1
1 169 1
1 170 -1
2 3 1
2 4 -1
2 24 1
2 27 -1
2 29 1
2 31 1
2 33 -1
2 39 1
2 41 1
2 43 1
2 46 1
2 56 1
2 57 1
2 59 1
2 61 1
2 65 1
2 67 -1
2 68 1
2 77 -1
2 80 1
2 81 1
2 89 1
2 94 -1
2 96 1
2 98 1
2 102 1
2 104 -1
2 107 1
2 108 1
2 111 -1
2 113 -1
2 118 1
2 127 1
2 129 1
2 133 -1
2 137 1
2 145 1
2 151 -1
2 152 1
2 166 1
2 167 1
3 7 1
3 20 -1
3 24 1
3 29 1
3 31 1
3 38 -1
3 39 1
3 41 1
3 43 1
3 46 1
3 49 -1
3 50 -1
3 52 1
3 56 1
3 57 1
3 59 1
3 68 1
3 73 1
3 81 1
3 85 1
3 96 1
3 98 1
3 108 1
3 110 1
3 115 1
3 118 1
3 121 1
3 127 -1
3 128 1
3 129 1
3 136 1
3 145 1
3 152 1
3 166 1
3 167 1
4 7 -1
4 14 1
4 33 1
4 37 -1
4 39 -1
4 40 1
4 45 1
4 48 1
4 54 -1
4 63 1
4 66 1
4 69 1
4 74 -1
4 82 -1
4 87 1
4 99 1
4 103 -1
4 114 1
4 116 1
4 123 1
4 124 1
4 130 1
4 133 1
4 134 1
4 138 1
4 143 1
4 150 1
4 151 1
4 158 1
4 159 1
4 164 1
5 10 1
5 19 1
5 20 1
5 21 1
5 28 1
5 32 1
5 35 1
5 36 1
5 38 1
5 42 1
5 47 1
5 50 1
5 55 -1
5 60 1
5 70 -1
5 71 -1
5 72 1
5 76 1
5 77 1
5 78 1
5 82 1
5 86 -1
5 92 1
5 93 1
5 95 1
5 103 -1
5 105 1
5 106 1
5 109 1
5 122 1
5 125 1
5 131 1
5 132 1
5 141 -1
5 142 1
5 148 1
5 149 1
5 153 1
5 157 1
5 161 -1
5 165 1
5 169 1
6 7 -1
6 13 1
6 15 1
6 18 1
6 21 1
6 31 -1
6 32 1
6 34 1
6 35 1
6 42 1
6 47 1
6 49 1
6 50 1
6 51 1
6 53 1
6 55 1
6 70 1
6 72 1
6 75 1
6 76 1
6 77 1
6 78 1
6 82 1
6 83 1
6 90 1
6 106 1
6 117 1
6 119 1
6 120 1
6 122 1
6 132 1
6 140 1
6 149 1
6 156 -1
6 162 1
6 165 -1
6 169 1
7 9 1
7 12 1
7 17 1
7 24 1
7 32 -1
7 41 1
7 48 1
7 52 1
7 56 1
7 58 1
7 59 1
7 68 1
7 69 1
7 73 1
7 76 -1
7 77 -1
7 79 1
7 85 1
7 88 1
7 96 1
7 97 1
7 103 1
7 108 1
7 110 1
7 115 1
7 118 1
7 121 1
7 123 1
7 124 1
7 128 1
7 130 1
7 134 1
7 136 1
7 143 -1
7 152 1
7 155 1
7 156 1
7 163 1
8 13 1
8 15 1
8 16 1
8 18 1
8 22 1
8 23 1
8 27 1
8 30 1
8 34 1
8 37 1
8 49 1
8 51 1
8 52 -1
8 55 1
8 67 1
8 69 -1
8 71 1
8 75 1
8 83 1
8 90 1
8 97 -1
8 105 -1
8 117 1
8 119 1
8 126 -1
8 140 1
8 141 1
8 160 1
8 162 1
8 167 -1
9 12 1
9 17 1
9 24 1
9 33 1
9 34 -1
9 40 1
9 41 1
9 48 1
9 52 1
9 56 1
9 57 -1
9 58 1
9 68 1
9 69 1
9 71 -1
9 73 1
9 77 -1
9 79 1
9 85 1
9 87 1
9 88 1
9 97 1
9 103 1
9 108 -1
9 110 1
9 115 1
9 116 1
9 118 1
9 121 1
9 123 1
9 124 1
9 128 1
9 130 1
9 134 1
9 136 1
9 144 -1
9 150 -1
9 155 1
9 156 1
9 163 1
9 168 -1
10 14 -1
10 19 1
10 20 1
10 28 1
10 35 1
10 36 1
10 38 1
10 60 1
10 61 -1
10 71 -1
10 77 -1
10 82 1
10 86 1
10 92 1
10 93 1
10 94 1
10 95 1
10 100 1
10 105 1
10 106 1
10 109 1
10 113 1
10 125 1
10 131 1
10 138 -1
10 142 1
10 146 1
10 148 1
10 153 1
10 157 1
10 161 1
10 165 1
11 25 1
11 38 1
11 44 1
11 45 -1
11 60 1
11 62 1
11 71 -1
11 74 1
11 86 1
11 92 1
11 94 1
11 95 1
11 100 1
11 101 -1
11 104 1
11 107 -1
11 109 1
11 111 1
11 113 1
11 125 1
11 126 1
11 135 1
11 146 1
11 147 1
11 148 1
11 155 -1
11 159 -1
11 161 1
11 168 1
11 169 -1
12 17 1
12 26 -1
12 33 1
12 40 1
12 48 1
12 49 -1
12 52 1
12 58 1
12 64 -1
12 69 1
12 73 1
12 79 1
12 85 1
12 87 1
12 88 1
12 97 1
12 99 -1
12 103 1
12 110 1
12 111 -1
12 115 1
12 116 1
12 118 1
12 121 1
12 123 1
12 124 1
12 128 1
12 130 1
12 134 1
12 136 1
12 138 1
12 143 1
12 155 1
12 156 1
12 163 1
13 15 1
13 16 1
13 18 1
13 22 -1
13 28 -1
13 34 1
13 37 1
13 47 1
13 49 1
13 50 1
13 51 1
13 53 1
13 55 1
13 67 1
13 70 1
13 71 1
13 75 1
13 76 1
13 77 1
13 83 1
13 90 1
13 105 -1
13 107 -1
13 117 1
13 119 1
13 120 1
13 122 1
13 132 1
13 139 -1
13 140 1
13 141 1
13 162 1
13 169 1
14 20 -1
14 22 1
14 23 1
14 26 1
14 27 1
14 30 1
14 45 1
14 46 -1
14 51 -1
14 53 -1
14 54 1
14 63 1
14 64 1
14 67 1
14 99 1
14 103 -1
14 112 1
14 114 1
14 133 1
14 139 1
14 142 -1
14 145 -1
14 150 1
14 151 1
14 158 1
14 159 1
14 160 1
15 18 1
15 21 1
15 32 1
15 34 1
15 37 1
15 38 -1
15 42 1
15 47 1
15 49 1
15 50 1
15 51 1
15 53 1
15 55 1
15 70 1
15 71 1
15 72 1
15 75 1
15 76 1
15 77 1
15 78 1
15 83 1
15 90 1
15 96 -1
15 99 -1
15 117 1
15 119 1
15 120 1
15 122 1
15 130 -1
15 132 1
15 140 1
15 141 1
15 149 1
15 162 1
15 169 1
16 18 1
16 22 1
16 23 1
16 27 1
16 30 1
16 37 1
16 49 1
16 51 1
16 54 1
16 55 1
16 56 -1
16 64 1
16 67 1
16 71 1
16 72 -1
16 90 1
16 112 1
16 117 1
16 119 1
16 139 1
16 140 1
16 141 1
16 160 1
16 162 1
16 168 -1
17 24 1
17 29 -1
17 33 1
17 37 -1
17 40 1
17 41 1
17 48 1
17 52 1
17 58 1
17 68 1
17 69 1
17 73 1
17 79 1
17 85 1
17 87 1
17 88 1
17 97 1
17 103 1
17 110 1
17 115 1
17 116 1
17 118 1
17 121 1
17 123 1
17 124 1
17 128 1
17 130 1
17 134 1
17 136 1
17 137 -1
17 149 -1
17 155 1
17 156 1
17 161 -1
17 163 1
18 21 -1
18 32 1
18 34 1
18 37 1
18 47 1
18 49 1
18 50 1
18 51 1
18 53 1
18 55 1
18 57 -1
18 60 -1
18 66 -1
18 70 1
18 71 1
18 73 -1
18 75 1
18 76 1
18 77 1
18 83 1
18 90 1
18 93 -1
18 117 1
18 119 1
18 120 1
18 122 1
18 132 1
18 140 1
18 141 1
18 162 1
18 169 1
19 20 1
19 21 1
19 24 -1
19 28 1
19 35 1
19 36 1
19 38 1
19 47 -1
19 60 1
19 72 1
19 82 1
19 86 1
19 89 -1
19 92 1
19 93 1
19 94 1
19 95 1
19 100 1
19 105 1
19 106 1
19 109 1
19 125 1
19 131 1
19 142 1
19 148 1
19 149 1
19 153 1
19 157 1
19 165 1
20 24 -1
20 26 -1
20 28 1
20 35 1
20 36 1
20 38 1
20 40 -1
20 60 1
20 65 -1
20 72 1
20 82 1
20 86 1
20 92 1
20 93 1
20 94 1
20 95 1
20 100 1
20 105 1
20 106 1
20 109 1
20 125 1
20 131 1
20 142 1
20 146 -1
20 148 1
20 149 1
20 153 1
20 157 1
20 160 -1
20 165 1
21 22 -1
21 28 1
21 32 1
21 34 1
21 35 1
21 36 1
21 42 1
21 47 1
21 50 1
21 53 1
21 55 1
21 64 -1
21 70 1
21 72 1
21 75 1
21 76 1
21 77 1
21 78 1
21 82 1
21 83 1
21 84 -1
21 93 1
21 105 1
21 106 1
21 107 -1
21 119 1
21 120 1
21 122 1
21 132 1
21 140 1
21 142 1
21 149 1
21 152 -1
21 153 1
21 165 1
21 169 1
22 23 1
22 25 -1
22 26 1
22 27 1
22 30 1
22 35 -1
22 37 1
22 40 -1
22 52 -1
22 54 1
22 63 1
22 64 1
22 67 1
22 71 1
22 112 1
22 116 -1
22 139 1
22 141 1
22 150 1
22 151 1
22 158 1
22 160 1
22 161 -1
22 166 -1
23 26 1
23 27 1
23 30 1
23 37 1
23 54 1
23 55 -1
23 64 1
23 67 1
23 71 1
23 112 1
23 139 1
23 141 1
23 146 -1
23 150 1
23 153 -1
23 158 1
23 160 1
23 167 -1
24 27 -1
24 28 -1
24 29 1
24 35 -1
24 39 1
24 41 1
24 46 1
24 52 1
24 54 -1
24 56 1
24 57 1
24 59 1
24 68 1
24 73 1
24 79 1
24 85 1
24 88 1
24 96 1
24 97 1
24 98 1
24 108 1
24 110 1
24 115 1
24 118 1
24 121 1
24 128 1
24 129 1
24 136 1
24 152 1
24 163 1
24 167 1
25 38 1
25 39 -1
25 44 1
25 60 1
25 62 1
25 68 -1
25 73 -1
25 74 1
25 83 -1
25 86 1
25 92 1
25 94 1
25 95 1
25 100 1
25 104 1
25 111 1
25 113 1
25 125 1
25 126 1
25 135 1
25 146 1
25 147 1
25 148 1
25 161 1
25 168 1
26 27 1
26 30 1
26 54 1
26 58 -1
26 63 1
26 64 1
26 67 1
26 78 -1
26 99 1
26 112 1
26 114 1
26 133 1
26 134 -1
26 139 1
26 150 1
26 151 1
26 158 1
26 159 1
26 160 1
26 161 -1
26 163 -1
26 170 -1
27 30 1
27 37 1
27 54 1
27 64 1
27 67 1
27 69 -1
27 71 1
27 80 -1
27 103 -1
27 112 1
27 117 -1
27 139 1
27 141 1
27 149 -1
27 150 1
27 158 1
27 160 1
27 162 1
28 32 1
28 35 1
28 36 1
28 38 1
28 41 -1
28 42 1
28 43 -1
28 60 1
28 69 -1
28 72 1
28 77 1
28 78 1
28 82 1
28 86 1
28 92 1
28 93 1
28 95 1
28 100 1
28 105 1
28 106 1
28 109 1
28 110 -1
28 119 -1
28 125 1
28 127 -1
28 131 1
28 142 1
28 144 -1
28 148 1
28 149 1
28 151 -1
28 153 1
28 157 1
28 165 1
29 31 1
29 39 1
29 41 1
29 42 -1
29 43 1
29 46 1
29 51 -1
29 52 1
29 56 1
29 57 1
29 59 1
29 63 -1
29 65 1
29 68 1
29 73 1
29 81 1
29 85 1
29 89 1
29 95 -1
29 96 1
29 98 1
29 108 1
29 110 1
29 118 1
29 121 1
29 129 1
29 130 -1
29 136 1
29 137 1
29 140 -1
29 145 1
29 152 1
29 166 1
29 167 1
30 37 1
30 54 1
30 63 1
30 64 1
30 67 1
30 71 1
30 107 -1
30 112 1
30 114 1
30 137 -1
30 139 1
30 141 1
30 149 -1
30 150 1
30 151 1
30 158 1
30 159 1
30 160 1
31 39 1
31 41 1
31 43 1
31 46 1
31 56 1
31 57 1
31 59 1
31 61 1
31 65 1
31 80 1
31 81 1
31 83 -1
31 84 1
31 89 1
31 91 1
31 96 1
31 98 1
31 101 1
31 102 1
31 107 1
31 108 1
31 114 -1
31 127 1
31 129 1
31 137 1
31 140 -1
31 141 -1
31 142 -1
31 144 1
31 145 1
31 152 1
31 154 1
31 159 -1
31 165 -1
31 166 1
31 167 1
31 169 -1
31 170 1
32 34 1
32 35 1
32 36 1
32 42 1
32 47 1
32 49 1
32 50 1
32 51 1
32 53 1
32 55 1
32 57 -1
32 70 1
32 72 1
32 74 -1
32 75 1
32 76 1
32 77 1
32 78 1
32 80 -1
32 82 1
32 83 1
32 87 -1
32 93 1
32 104 -1
32 106 1
32 109 -1
32 119 1
32 120 1
32 122 1
32 132 1
32 137 -1
32 140 1
32 142 1
32 148 -1
32 149 1
32 153 1
32 165 -1
32 169 1
33 40 1
33 45 1
33 48 1
33 58 1
33 61 -1
33 66 1
33 69 1
33 71 -1
33 79 1
33 87 1
33 88 1
33 97 1
33 98 -1
33 99 1
33 103 1
33 107 -1
33 108 -1
33 114 1
33 116 1
33 121 -1
33 123 1
33 124 1
33 125 -1
33 130 1
33 133 1
33 134 1
33 138 1
33 143 1
33 151 1
33 155 1
33 156 1
33 159 1
33 163 1
33 164 1
33 170 -1
34 36 -1
34 37 1
34 42 1
34 47 1
34 49 1
34 50 1
34 51 1
34 53 1
34 55 1
34 70 1
34 71 1
34 72 1
34 75 1
34 76 1
34 77 1
34 78 1
34 82 -1
34 83 1
34 90 1
34 98 -1
34 101 -1
34 117 1
34 119 1
34 120 1
34 122 1
34 132 1
34 140 1
34 149 1
34 160 -1
34 162 1
34 169 1
35 36 1
35 42 1
35 47 1
35 50 1
35 53 1
35 58 -1
35 60 1
35 69 -1
35 70 1
35 72 1
35 76 1
35 77 1
35 78 1
35 80 -1
35 82 1
35 92 1
35 93 1
35 95 1
35 105 1
35 106 1
35 109 1
35 120 1
35 122 1
35 125 1
35 131 1
35 132 1
35 141 -1
35 142 1
35 147 -1
35 149 1
35 151 -1
35 153 1
35 157 1
35 163 -1
35 165 1
35 169 1
36 38 1
36 42 1
36 47 1
36 50 1
36 53 1
36 60 1
36 70 1
36 72 1
36 76 1
36 77 1
36 78 1
36 81 -1
36 82 1
36 92 1
36 93 1
36 95 1
36 99 -1
36 105 1
36 106 1
36 109 1
36 122 1
36 124 -1
36 125 1
36 131 1
36 132 1
36 142 1
36 148 1
36 149 1
36 153 1
36 157 1
36 165 1
36 169 1
37 49 1
37 51 1
37 55 1
37 67 1
37 68 -1
37 71 1
37 75 1
37 90 1
37 108 -1
37 117 1
37 119 1
37 131 -1
37 137 -1
37 140 1
37 141 1
37 160 1
37 162 1
38 41 -1
38 60 1
38 86 1
38 92 1
38 93 1
38 94 1
38 95 1
38 100 1
38 105 1
38 106 1
38 109 1
38 113 1
38 115 -1
38 125 1
38 126 1
38 131 1
38 142 1
38 146 1
38 147 1
38 148 1
38 153 1
38 157 1
38 161 1
38 165 1
39 41 1
39 43 1
39 46 1
39 52 1
39 53 -1
39 56 1
39 57 1
39 58 -1
39 59 1
39 65 1
39 68 1
39 73 1
39 81 1
39 89 1
39 92 -1
39 94 -1
39 96 1
39 98 1
39 108 1
39 112 -1
39 118 1
39 121 1
39 129 1
39 136 1
39 137 1
39 145 1
39 152 1
39 163 -1
39 166 1
39 167 1
40 45 1
40 48 1
40 58 1
40 66 1
40 69 1
40 79 1
40 87 1
40 88 1
40 97 1
40 99 1
40 103 1
40 114 -1
40 116 1
40 123 1
40 124 1
40 128 1
40 130 1
40 133 1
40 134 1
40 138 1
40 143 1
40 155 1
40 156 1
40 160 -1
40 163 1
40 164 1
41 46 1
41 52 1
41 53 -1
41 56 1
41 57 1
41 59 1
41 68 1
41 73 1
41 78 -1
41 79 1
41 81 1
41 85 1
41 96 1
41 97 1
41 98 1
41 103 -1
41 108 1
41 110 1
41 115 1
41 118 1
41 121 1
41 128 1
41 129 1
41 136 1
41 145 1
41 152 1
41 163 1
41 167 1
41 170 -1
42 47 1
42 49 1
42 50 1
42 51 1
42 53 1
42 55 1
42 70 1
42 72 1
42 75 1
42 76 1
42 77 1
42 78 1
42 82 1
42 83 1
42 84 -1
42 91 -1
42 93 1
42 98 -1
42 103 -1
42 106 1
42 116 -1
42 119 1
42 120 1
42 122 1
42 123 -1
42 132 1
42 139 -1
42 140 1
42 142 1
42 143 -1
42 149 1
42 153 1
42 160 -1
42 161 -1
42 169 1
43 44 -1
43 46 1
43 56 1
43 57 1
43 59 1
43 61 1
43 65 1
43 69 -1
43 80 1
43 81 1
43 82 -1
43 84 1
43 89 1
43 91 1
43 96 1
43 98 1
43 101 1
43 102 1
43 107 1
43 108 1
43 127 1
43 129 1
43 137 1
43 144 1
43 145 1
43 152 1
43 154 1
43 166 1
43 167 1
43 170 1
44 60 -1
44 62 1
44 65 -1
44 74 1
44 86 1
44 88 -1
44 94 1
44 95 -1
44 100 1
44 104 1
44 111 1
44 113 1
44 116 -1
44 126 1
44 135 1
44 146 1
44 147 1
44 148 1
44 161 1
44 168 1
45 63 1
45 66 1
45 69 1
45 78 -1
45 86 -1
45 87 1
45 99 1
45 102 -1
45 114 1
45 116 1
45 123 1
45 124 1
45 130 1
45 133 1
45 134 1
45 138 1
45 141 -1
45 143 1
45 150 1
45 151 1
45 158 1
45 159 1
45 164 1
45 170 -1
46 52 1
46 56 1
46 57 1
46 58 -1
46 59 1
46 65 1
46 68 1
46 73 1
46 81 1
46 89 1
46 96 1
46 98 1
46 108 1
46 118 1
46 121 1
46 126 -1
46 129 1
46 136 1
46 137 1
46 145 1
46 146 -1
46 152 1
46 154 -1
46 161 -1
46 166 1
46 167 1
47 49 1
47 50 1
47 51 1
47 53 1
47 55 1
47 70 1
47 72 1
47 75 1
47 76 1
47 77 1
47 78 1
47 80 -1
47 82 1
47 83 1
47 90 1
47 92 -1
47 100 -1
47 106 1
47 113 -1
47 117 1
47 119 1
47 120 1
47 122 1
47 132 1
47 134 -1
47 140 1
47 149 1
47 162 1
47 169 1
48 52 1
48 58 1
48 66 1
48 69 1
48 79 1
48 85 1
48 87 1
48 88 1
48 97 1
48 103 1
48 110 1
48 113 -1
48 115 1
48 116 1
48 123 1
48 124 1
48 127 -1
48 128 1
48 130 1
48 134 1
48 136 1
48 138 1
48 143 1
48 146 -1
48 155 1
48 156 1
48 160 -1
48 161 -1
48 163 1
48 164 1
49 50 1
49 51 1
49 53 1
49 55 1
49 68 -1
49 70 1
49 71 1
49 75 1
49 76 1
49 77 1
49 78 1
49 83 1
49 90 1
49 99 -1
49 117 1
49 119 1
49 120 1
49 122 1
49 132 1
49 137 -1
49 140 1
49 141 1
49 148 -1
49 162 1
49 169 1
50 51 1
50 53 1
50 55 1
50 70 1
50 72 1
50 75 1
50 76 1
50 77 1
50 78 1
50 82 1
50 83 1
50 84 -1
50 90 1
50 95 -1
50 106 1
50 109 -1
50 117 1
50 119 1
50 120 1
50 122 1
50 128 -1
50 132 1
50 140 1
50 141 -1
50 147 -1
50 149 1
50 153 -1
50 162 1
50 169 1
50 170 -1
51 53 1
51 54 -1
51 55 1
51 63 -1
51 69 -1
51 70 1
51 71 1
51 75 1
51 76 1
51 77 1
51 78 1
51 83 1
51 84 -1
51 90 1
51 91 -1
51 97 -1
51 103 -1
51 117 1
51 119 1
51 120 1
51 122 1
51 132 1
51 140 1
51 141 1
51 156 -1
51 162 1
51 169 1
52 56 1
52 57 1
52 58 1
52 59 1
52 63 -1
52 68 1
52 73 1
52 74 -1
52 79 1
52 85 1
52 88 1
52 96 1
52 97 1
52 98 1
52 103 1
52 108 1
52 110 1
52 115 1
52 116 -1
52 118 1
52 121 1
52 123 1
52 128 1
52 136 1
52 152 1
52 155 1
52 156 1
52 163 1
52 165 -1
53 55 1
53 70 1
53 72 1
53 73 -1
53 75 1
53 76 1
53 77 1
53 78 1
53 82 1
53 83 1
53 90 1
53 91 -1
53 106 1
53 117 1
53 119 1
53 120 1
53 121 -1
53 122 1
53 132 1
53 140 1
53 149 1
53 162 1
53 169 1
54 58 -1
54 63 1
54 64 1
54 67 1
54 81 -1
54 82 -1
54 87 -1
54 99 1
54 112 1
54 114 1
54 118 -1
54 132 -1
54 133 1
54 139 1
54 141 1
54 150 1
54 151 1
54 158 1
54 159 1
54 160 1
55 70 1
55 71 1
55 72 -1
55 75 1
55 76 1
55 77 1
55 78 1
55 83 1
55 90 1
55 117 1
55 119 1
55 120 1
55 122 1
55 127 -1
55 132 1
55 136 -1
55 140 1
55 141 1
55 145 -1
55 149 1
55 162 1
55 165 -1
55 169 1
56 57 1
56 59 1
56 68 1
56 73 1
56 81 1
56 85 1
56 96 1
56 98 1
56 108 1
56 110 1
56 115 1
56 116 -1
56 118 1
56 121 1
56 123 -1
56 128 1
56 129 1
56 136 1
56 145 1
56 147 -1
56 152 1
56 162 -1
56 167 1
57 58 -1
57 59 1
57 61 1
57 65 1
57 68 1
57 73 1
57 80 1
57 81 1
57 89 1
57 91 -1
57 96 1
57 98 1
57 106 -1
57 107 -1
57 108 1
57 111 -1
57 118 1
57 121 1
57 129 1
57 131 -1
57 133 -1
57 136 1
57 137 1
57 145 1
57 152 1
57 166 1
57 167 1
58 66 -1
58 68 1
58 69 1
58 73 1
58 79 1
58 81 -1
58 85 1
58 87 1
58 88 1
58 97 1
58 103 1
58 110 1
58 111 -1
58 115 1
58 116 1
58 118 1
58 121 1
58 123 1
58 124 1
58 128 1
58 130 1
58 132 -1
58 134 1
58 136 1
58 138 1
58 143 1
58 150 -1
58 155 1
58 156 1
58 163 1
59 68 1
59 73 1
59 81 1
59 85 1
59 96 1
59 98 1
59 108 1
59 110 1
59 115 1
59 118 1
59 121 1
59 125 -1
59 128 1
59 129 1
59 136 1
59 144 -1
59 145 1
59 152 1
59 166 1
59 167 1
59 170 -1
60 86 1
60 92 1
60 93 1
60 94 1
60 95 1
60 100 1
60 105 1
60 106 1
60 109 1
60 113 1
60 125 1
60 126 1
60 131 1
60 142 1
60 145 -1
60 146 1
60 147 -1
60 148 1
60 153 1
60 157 1
60 159 -1
60 161 1
60 163 -1
60 165 1
61 65 1
61 80 1
61 81 1
61 83 -1
61 84 1
61 86 -1
61 89 1
61 91 1
61 101 1
61 102 1
61 107 1
61 116 -1
61 117 -1
61 127 1
61 129 1
61 137 1
61 144 1
61 145 1
61 154 1
61 166 1
61 167 1
61 168 -1
61 170 1
62 74 1
62 87 -1
62 104 1
62 105 -1
62 111 1
62 113 1
62 116 -1
62 126 1
62 135 1
62 146 1
62 147 1
62 152 -1
62 161 1
62 168 1
63 64 1
63 66 1
63 69 -1
63 79 -1
63 99 1
63 112 1
63 114 1
63 133 1
63 138 1
63 139 1
63 143 1
63 150 1
63 151 1
63 154 -1
63 158 1
63 159 1
63 160 1
63 164 1
64 67 1
64 99 1
64 112 1
64 113 -1
64 114 1
64 133 1
64 139 1
64 141 1
64 148 -1
64 150 1
64 151 1
64 158 1
64 159 1
64 160 1
65 74 -1
65 79 -1
65 80 1
65 81 1
65 84 1
65 89 1
65 91 1
65 93 -1
65 98 1
65 101 1
65 102 1
65 107 1
65 108 1
65 127 1
65 129 1
65 137 1
65 144 1
65 145 1
65 154 1
65 166 1
65 167 1
65 170 1
66 69 1
66 87 1
66 99 1
66 114 1
66 116 1
66 123 1
66 124 1
66 130 1
66 133 1
66 134 1
66 138 1
66 143 1
66 150 1
66 151 1
66 155 -1
66 158 1
66 159 1
66 161 -1
66 164 1
67 71 1
67 90 1
67 93 -1
67 112 1
67 117 1
67 118 -1
67 139 1
67 141 1
67 144 -1
67 150 1
67 158 1
67 160 1
67 162 1
68 73 1
68 79 1
68 85 1
68 88 1
68 96 1
68 97 1
68 98 1
68 108 1
68 109 -1
68 110 1
68 115 1
68 118 1
68 121 1
68 128 1
68 129 1
68 136 1
68 148 -1
68 152 1
68 156 1
68 163 1
68 167 1
69 79 1
69 87 1
69 88 1
69 97 1
69 99 1
69 103 1
69 107 -1
69 110 1
69 115 1
69 116 1
69 123 1
69 124 1
69 128 1
69 130 1
69 132 -1
69 134 1
69 138 1
69 143 1
69 155 1
69 156 1
69 163 1
69 164 1
70 72 1
70 75 1
70 76 1
70 77 1
70 78 1
70 81 -1
70 82 1
70 83 1
70 90 1
70 93 -1
70 106 1
70 117 1
70 119 1
70 120 1
70 122 1
70 129 -1
70 132 1
70 140 1
70 149 1
70 151 -1
70 162 1
70 169 1
71 75 1
71 78 -1
71 83 1
71 90 1
71 105 -1
71 111 -1
71 117 1
71 119 1
71 120 -1
71 134 -1
71 137 -1
71 140 1
71 141 1
71 150 -1
71 160 1
71 162 1
71 168 -1
72 75 1
72 76 1
72 77 1
72 78 1
72 82 1
72 83 1
72 89 -1
72 93 1
72 105 1
72 106 1
72 111 -1
72 115 -1
72 120 1
72 122 1
72 127 -1
72 131 1
72 132 1
72 142 1
72 149 1
72 153 1
72 165 1
72 169 1
73 79 1
73 85 1
73 87 -1
73 88 1
73 96 1
73 97 1
73 98 1
73 100 -1
73 108 1
73 110 1
73 115 1
73 118 1
73 121 1
73 128 1
73 136 1
73 138 -1
73 152 1
73 155 1
73 156 1
73 163 1
73 166 -1
73 167 1
73 170 -1
74 94 1
74 100 -1
74 104 1
74 111 1
74 113 1
74 122 -1
74 126 1
74 128 -1
74 133 -1
74 135 1
74 146 1
74 147 1
74 161 1
74 168 1
75 76 1
75 77 1
75 78 1
75 83 1
75 90 1
75 111 -1
75 117 1
75 119 1
75 120 1
75 122 1
75 131 -1
75 132 1
75 138 -1
75 140 1
75 141 1
75 149 1
75 162 1
75 169 1
76 77 1
76 78 1
76 82 1
76 83 1
76 90 1
76 92 -1
76 106 1
76 117 1
76 119 1
76 120 1
76 122 1
76 132 1
76 140 1
76 149 1
76 162 1
76 169 1
77 78 1
77 82 1
77 83 1
77 93 1
77 106 1
77 117 1
77 119 1
77 120 1
77 122 1
77 132 1
77 140 1
77 142 1
77 143 -1
77 149 1
77 153 1
77 162 -1
77 169 1
78 82 1
78 83 1
78 93 1
78 106 1
78 115 -1
78 119 1
78 120 1
78 122 1
78 132 1
78 140 1
78 142 1
78 149 1
78 153 1
78 165 -1
78 169 1
78 170 -1
79 85 1
79 87 1
79 88 1
79 97 1
79 103 1
79 107 -1
79 110 1
79 115 1
79 116 1
79 118 1
79 121 1
79 123 1
79 124 1
79 128 1
79 130 1
79 134 1
79 136 1
79 137 -1
79 140 -1
79 145 -1
79 155 1
79 156 1
79 163 1
80 81 1
80 84 1
80 89 1
80 91 1
80 101 1
80 102 1
80 107 1
80 112 -1
80 127 1
80 129 1
80 136 -1
80 137 1
80 144 1
80 145 1
80 149 -1
80 154 1
80 166 1
80 167 1
80 170 1
81 89 1
81 96 1
81 97 -1
81 98 1
81 101 1
81 102 1
81 107 1
81 108 1
81 115 -1
81 123 -1
81 127 1
81 129 1
81 134 -1
81 137 1
81 139 -1
81 144 1
81 145 1
81 151 -1
81 152 1
81 153 -1
81 154 1
81 166 1
81 167 1
81 170 1
82 84 -1
82 93 1
82 105 1
82 106 1
82 109 1
82 120 1
82 122 1
82 125 1
82 131 1
82 132 1
82 142 1
82 149 1
82 153 1
82 156 -1
82 157 1
82 165 1
82 169 1
83 88 -1
83 90 1
83 99 -1
83 117 1
83 119 1
83 120 1
83 122 1
83 132 1
83 140 1
83 146 -1
83 149 1
83 162 1
83 169 1
84 89 1
84 90 -1
84 91 1
84 97 -1
84 99 -1
84 101 1
84 102 1
84 107 1
84 117 -1
84 127 1
84 131 -1
84 137 1
84 144 1
84 145 1
84 147 -1
84 154 1
84 166 1
84 170 1
85 88 1
85 96 1
85 97 1
85 98 1
85 99 -1
85 103 1
85 108 1
85 110 1
85 115 1
85 118 1
85 121 1
85 123 1
85 124 1
85 128 1
85 130 1
85 134 1
85 136 1
85 152 1
85 155 1
85 156 1
85 161 -1
85 163 1
86 92 1
86 94 1
86 95 1
86 100 1
86 105 1
86 109 1
86 112 -1
86 113 1
86 125 1
86 126 1
86 131 1
86 137 -1
86 146 1
86 147 1
86 148 1
86 153 1
86 157 1
86 161 1
86 165 1
87 88 1
87 97 1
87 99 1
87 100 -1
87 103 1
87 108 -1
87 113 -1
87 114 1
87 116 1
87 123 1
87 124 1
87 130 1
87 132 -1
87 133 1
87 134 1
87 138 1
87 143 1
87 155 1
87 156 1
87 163 1
87 164 1
88 97 1
88 102 -1
88 103 1
88 108 -1
88 110 1
88 115 1
88 116 1
88 118 1
88 120 -1
88 121 1
88 123 1
88 124 1
88 128 1
88 130 1
88 134 1
88 136 1
88 155 1
88 156 1
88 163 1
88 169 -1
89 91 1
89 98 1
89 101 1
89 102 1
89 107 1
89 108 1
89 120 -1
89 127 1
89 129 1
89 137 1
89 140 -1
89 144 1
89 145 1
89 154 1
89 166 1
89 167 1
89 170 1
90 92 -1
90 117 1
90 119 1
90 120 1
90 122 1
90 132 1
90 136 -1
90 139 -1
90 140 1
90 141 1
90 150 -1
90 162 1
90 169 1
91 98 -1
91 101 1
91 102 1
91 107 1
91 109 -1
91 127 1
91 130 -1
91 137 1
91 140 -1
91 144 1
91 145 1
91 154 1
91 166 1
91 170 1
92 93 1
92 94 1
92 95 1
92 100 1
92 102 -1
92 105 1
92 106 1
92 109 1
92 113 1
92 125 1
92 126 1
92 127 -1
92 131 1
92 133 -1
92 142 1
92 146 1
92 148 1
92 153 1
92 157 1
92 160 -1
92 161 1
92 165 1
92 170 -1
93 95 1
93 99 -1
93 100 1
93 104 -1
93 105 1
93 106 1
93 109 1
93 122 1
93 125 1
93 129 -1
93 131 1
93 132 1
93 137 -1
93 142 1
93 148 1
93 149 1
93 153 1
93 157 1
93 165 1
93 169 1
94 95 1
94 97 -1
94 100 1
94 109 1
94 111 1
94 113 1
94 125 1
94 126 1
94 131 1
94 136 -1
94 137 -1
94 146 1
94 147 1
94 148 1
94 157 1
94 161 1
94 165 1
95 100 1
95 103 -1
95 105 1
95 106 1
95 109 1
95 113 1
95 125 1
95 126 1
95 131 1
95 140 -1
95 142 1
95 146 1
95 147 1
95 148 1
95 153 1
95 157 1
95 159 -1
95 160 -1
95 161 1
95 165 1
96 97 -1
96 98 1
96 108 1
96 110 1
96 115 1
96 117 -1
96 118 1
96 120 -1
96 121 1
96 122 -1
96 128 1
96 129 1
96 136 1
96 145 1
96 148 -1
96 152 1
96 166 1
96 167 1
97 103 1
97 110 1
97 113 -1
97 115 1
97 116 1
97 118 1
97 121 1
97 123 1
97 124 1
97 128 1
97 130 1
97 134 1
97 136 1
97 143 -1
97 155 1
97 156 1
97 163 1
97 164 -1
98 101 -1
98 108 1
98 110 1
98 118 1
98 121 1
98 129 1
98 132 -1
98 136 1
98 143 -1
98 145 1
98 147 -1
98 152 1
98 163 -1
98 166 1
98 167 1
98 168 -1
99 112 1
99 114 1
99 116 1
99 122 -1
99 133 1
99 138 1
99 139 1
99 141 -1
99 143 1
99 150 1
99 151 1
99 158 1
99 159 1
99 164 1
100 103 -1
100 105 1
100 109 1
100 113 1
100 125 1
100 126 1
100 131 1
100 138 -1
100 142 1
100 146 1
100 147 1
100 148 1
100 150 -1
100 153 1
100 157 1
100 161 1
100 163 -1
100 165 1
101 102 1
101 104 -1
101 107 1
101 125 -1
101 127 1
101 137 1
101 144 1
101 145 1
101 151 -1
101 154 1
101 166 1
101 167 -1
101 170 1
102 107 1
102 111 -1
102 123 -1
102 127 1
102 129 1
102 137 1
102 144 1
102 145 1
102 148 -1
102 152 -1
102 154 1
102 166 1
102 167 1
102 170 1
103 104 -1
103 108 -1
103 110 1
103 112 -1
103 113 -1
103 115 1
103 116 1
103 121 1
103 123 1
103 124 1
103 128 1
103 130 1
103 134 1
103 136 1
103 138 1
103 141 -1
103 143 1
103 155 1
103 156 1
103 163 1
104 105 -1
104 111 1
104 113 1
104 116 -1
104 126 1
104 135 1
104 146 1
104 147 1
104 161 1
104 163 -1
104 166 -1
104 168 1
105 106 1
105 109 1
105 120 -1
105 125 1
105 129 -1
105 131 1
105 142 1
105 143 -1
105 145 -1
105 148 1
105 149 1
105 153 1
105 154 -1
105 157 1
105 164 -1
105 165 1
106 109 1
106 110 -1
106 116 -1
106 122 1
106 123 -1
106 125 1
106 126 -1
106 131 1
106 132 1
106 142 1
106 144 -1
106 149 1
106 153 1
106 157 1
106 165 1
106 169 1
107 127 1
107 129 1
107 137 1
107 144 1
107 145 1
107 154 1
107 165 -1
107 166 1
107 170 1
108 110 1
108 118 1
108 121 1
108 129 1
108 133 -1
108 136 1
108 145 1
108 149 -1
108 152 1
108 166 1
108 167 1
109 113 1
109 117 -1
109 125 1
109 131 1
109 142 1
109 146 1
109 148 1
109 153 1
109 157 1
109 161 1
109 165 1
110 115 1
110 118 1
110 121 1
110 123 1
110 124 1
110 128 1
110 130 1
110 134 1
110 136 1
110 148 -1
110 152 1
110 155 1
110 156 1
110 163 1
111 113 1
111 126 1
111 135 1
111 146 1
111 147 1
111 161 1
111 168 1
112 114 1
112 133 1
112 139 1
112 141 1
112 143 -1
112 150 1
112 151 1
112 158 1
112 159 1
112 160 1
112 161 -1
113 125 1
113 126 1
113 135 1
113 146 1
113 147 1
113 148 1
113 161 1
113 167 -1
113 168 1
114 116 1
114 121 -1
114 133 1
114 138 1
114 139 1
114 143 1
114 150 1
114 151 1
114 155 -1
114 158 1
114 159 1
114 160 1
114 164 1
114 165 -1
114 169 -1
115 116 -1
115 118 1
115 121 1
115 123 1
115 124 1
115 128 1
115 130 1
115 134 1
115 136 1
115 150 -1
115 151 -1
115 152 1
115 155 1
115 156 1
115 163 1
116 123 1
116 124 1
116 128 -1
116 130 1
116 133 1
116 134 1
116 138 1
116 143 1
116 151 -1
116 155 1
116 156 1
116 163 1
116 164 1
117 119 1
117 120 1
117 122 1
117 132 1
117 133 -1
117 140 1
117 141 1
117 151 -1
117 162 1
117 169 1
118 121 1
118 128 1
118 129 1
118 136 1
118 152 1
118 155 1
118 156 1
118 163 1
118 166 -1
118 167 1
119 120 1
119 122 1
119 123 -1
119 126 -1
119 132 1
119 140 1
119 141 1
119 149 1
119 152 -1
119 162 1
119 168 -1
119 169 1
120 122 1
120 132 1
120 136 -1
120 140 1
120 149 1
120 162 1
120 169 1
121 128 1
121 136 1
121 139 -1
121 152 1
121 155 1
121 156 1
121 163 1
121 167 1
122 132 1
122 135 -1
122 140 1
122 149 1
122 165 -1
122 169 1
123 124 1
123 126 -1
123 128 1
123 130 1
123 134 1
123 136 1
123 138 1
123 143 1
123 155 1
123 156 1
123 160 -1
123 163 1
123 164 1
124 128 1
124 130 1
124 132 -1
124 134 1
124 138 1
124 143 1
124 155 1
124 156 1
124 157 -1
124 163 1
124 164 1
125 126 1
125 131 1
125 142 1
125 145 -1
125 146 1
125 148 1
125 153 1
125 154 -1
125 157 1
125 161 1
125 165 1
126 135 1
126 146 1
126 147 1
126 148 1
126 161 1
126 168 1
127 128 -1
127 129 1
127 131 -1
127 137 1
127 138 -1
127 144 1
127 145 1
127 154 1
127 164 -1
127 165 -1
127 166 1
127 167 1
127 170 1
128 130 1
128 131 -1
128 134 1
128 136 1
128 147 -1
128 152 1
128 153 -1
128 155 1
128 156 1
128 162 -1
128 163 1
129 137 1
129 145 1
129 152 1
129 166 1
129 167 1
130 134 1
130 138 1
130 141 -1
130 143 1
130 148 -1
130 150 -1
130 155 1
130 156 1
130 163 1
130 164 1
130 170 -1
131 142 1
131 148 1
131 149 1
131 153 1
131 157 1
131 165 1
131 170 -1
132 140 1
132 149 1
132 169 1
133 138 1
133 139 1
133 140 -1
133 143 1
133 150 1
133 151 1
133 158 1
133 159 1
133 164 1
134 138 1
134 140 -1
134 143 1
134 153 -1
134 155 1
134 156 1
134 163 1
134 164 1
135 146 1
135 147 1
135 161 1
135 168 1
135 169 -1
136 152 1
136 155 1
136 156 1
136 157 -1
136 163 1
137 138 -1
137 139 -1
137 141 -1
137 144 1
137 145 1
137 154 1
137 166 1
137 167 1
137 170 1
138 143 1
138 150 1
138 151 1
138 155 1
138 156 1
138 159 1
138 164 1
139 141 1
139 150 1
139 151 1
139 158 1
139 159 1
139 160 1
139 161 -1
140 141 1
140 149 1
140 159 -1
140 162 1
140 169 1
141 147 -1
141 152 -1
141 157 -1
141 160 1
141 162 1
142 143 -1
142 148 1
142 149 1
142 153 1
142 156 -1
142 157 1
142 165 1
142 167 -1
143 151 1
143 155 1
143 156 1
143 159 1
143 164 1
144 145 1
144 153 -1
144 154 1
144 166 1
144 170 1
145 152 1
145 154 1
145 166 1
145 167 1
145 170 1
146 147 1
146 148 1
146 157 1
146 159 -1
146 161 1
147 148 1
147 154 -1
147 161 1
147 168 1
148 153 1
148 157 1
148 161 1
148 165 1
149 153 1
149 164 -1
149 165 1
149 169 1
150 151 1
150 158 1
150 159 1
150 160 1
150 164 1
150 166 -1
151 158 1
151 159 1
151 160 1
151 164 1
151 168 -1
152 165 -1
152 166 1
152 167 1
153 157 1
153 159 -1
153 165 1
154 166 1
154 170 1
155 156 1
155 161 -1
155 163 1
156 162 -1
156 163 1
156 168 -1
157 161 1
157 165 1
158 159 1
158 160 1
158 164 1
159 160 1
159 162 -1
159 163 -1
159 164 1
161 168 1
164 165 -1
166 167 1
166 170 1
