vertices: 130 edges: 1731
1 6 -1
1 7 -1
1 9 -1
1 11 -1
1 12 1
1 25 1
1 26 -1
1 27 -1
1 28 1
1 31 -1
1 34 -1
1 35 -1
1 38 -1
1 39 1
1 45 1
1 49 1
1 50 -1
1 51 1
1 52 1
1 58 -1
1 59 1
1 67 1
1 71 -1
1 80 -1
1 85 -1
1 92 -1
1 108 1
1 112 1
1 119 -1
1 123 -1
2 9 -1
2 14 -1
2 17 1
2 18 -1
2 30 1
2 35 1
2 42 1
2 44 1
2 48 1
2 52 -1
2 60 1
2 68 -1
2 75 -1
2 76 -1
2 88 1
2 91 -1
2 93 -1
2 94 1
2 101 1
2 109 1
2 127 -1
2 130 1
3 8 -1
3 15 -1
3 26 1
3 37 -1
3 43 -1
3 45 -1
3 47 -1
3 49 -1
3 64 -1
3 69 1
3 71 -1
3 77 -1
3 81 1
3 92 -1
3 96 1
3 102 -1
3 114 -1
3 115 1
3 119 1
3 120 1
3 124 -1
3 126 -1
4 16 -1
4 21 -1
4 23 1
4 25 -1
4 27 1
4 31 -1
4 60 -1
4 69 1
4 71 1
4 75 -1
4 81 -1
4 84 1
4 87 -1
4 91 1
4 92 -1
4 96 1
4 98 -1
4 105 1
4 120 1
4 122 -1
5 6 1
5 8 1
5 18 1
5 19 1
5 20 1
5 24 1
5 33 -1
5 37 -1
5 38 1
5 39 -1
5 46 -1
5 56 1
5 65 1
5 79 1
5 80 1
5 95 1
5 96 -1
5 103 -1
5 109 -1
5 110 -1
5 113 -1
5 117 -1
5 118 1
5 121 1
6 7 -1
6 8 1
6 11 -1
6 14 1
6 18 1
6 19 1
6 20 1
6 26 -1
6 38 1
6 46 1
6 47 1
6 54 -1
6 56 1
6 62 -1
6 64 -1
6 65 1
6 72 -1
6 76 1
6 77 -1
6 78 -1
6 79 1
6 80 1
6 83 -1
6 87 -1
6 90 -1
6 95 1
6 99 -1
6 109 -1
6 118 1
6 121 1
7 9 -1
7 18 -1
7 20 -1
7 26 1
7 38 -1
7 42 -1
7 43 -1
7 45 -1
7 48 -1
7 51 -1
7 61 1
7 63 1
7 65 -1
7 78 -1
7 81 -1
7 87 1
7 100 1
7 102 -1
7 103 -1
7 108 -1
7 127 -1
7 128 -1
7 129 -1
7 130 1
8 15 -1
8 16 1
8 18 1
8 22 1
8 24 1
8 27 -1
8 29 1
8 31 -1
8 32 1
8 38 1
8 50 -1
8 56 1
8 59 -1
8 62 -1
8 64 1
8 65 1
8 68 -1
8 72 1
8 75 1
8 80 1
8 87 -1
8 110 -1
8 117 -1
8 118 1
8 121 1
8 122 -1
8 129 -1
9 14 -1
9 15 -1
9 20 -1
9 21 1
9 36 1
9 40 1
9 41 1
9 50 1
9 56 -1
9 57 1
9 70 -1
9 78 1
9 90 1
9 102 1
9 109 -1
10 13 1
10 16 1
10 18 -1
10 29 -1
10 43 -1
10 55 1
10 58 1
10 61 -1
10 63 -1
10 68 -1
10 73 1
10 74 1
10 85 1
10 103 -1
10 113 -1
10 121 -1
10 123 -1
10 125 1
10 127 1
10 129 1
11 13 1
11 17 1
11 27 -1
11 28 -1
11 30 -1
11 41 -1
11 42 1
11 45 -1
11 48 1
11 50 -1
11 51 -1
11 55 -1
11 60 1
11 63 -1
11 68 -1
11 73 -1
11 76 -1
11 80 -1
11 85 1
11 88 1
11 92 1
11 99 -1
11 111 1
11 115 -1
11 125 1
11 127 1
12 13 -1
12 21 -1
12 25 1
12 27 1
12 28 1
12 32 -1
12 38 -1
12 46 -1
12 49 1
12 51 1
12 52 1
12 54 1
12 59 1
12 61 -1
12 67 1
12 71 1
12 80 -1
12 85 -1
12 97 -1
12 108 1
12 112 1
13 17 1
13 20 -1
13 25 -1
13 33 -1
13 41 -1
13 50 -1
13 51 -1
13 54 -1
13 55 1
13 58 1
13 73 1
13 74 1
13 80 -1
13 85 1
13 88 -1
13 91 -1
13 92 1
13 94 -1
13 95 -1
13 111 1
13 125 1
13 127 1
13 129 1
14 15 -1
14 17 -1
14 18 -1
14 19 1
14 20 1
14 34 1
14 37 1
14 41 -1
14 46 1
14 47 1
14 51 -1
14 53 1
14 54 -1
14 67 -1
14 68 1
14 70 1
14 76 1
14 77 1
14 79 1
14 81 -1
14 86 -1
14 93 -1
14 95 1
14 97 -1
14 103 -1
14 104 -1
14 114 1
14 115 -1
14 116 1
14 117 1
14 129 -1
15 18 -1
15 22 -1
15 31 1
15 32 -1
15 33 1
15 34 -1
15 36 1
15 40 1
15 41 1
15 49 -1
15 57 1
15 60 -1
15 62 1
15 64 -1
15 66 1
15 69 -1
15 70 -1
15 72 -1
15 78 1
15 82 1
15 86 1
15 89 1
15 90 1
15 91 -1
15 98 1
15 106 1
15 110 1
15 113 1
15 115 -1
16 18 1
16 22 1
16 24 1
16 26 -1
16 28 -1
16 29 1
16 32 1
16 35 -1
16 45 -1
16 55 1
16 58 1
16 64 1
16 65 -1
16 71 -1
16 72 1
16 73 1
16 74 1
16 75 1
16 76 -1
16 80 1
16 83 -1
16 95 -1
16 100 -1
16 125 -1
16 129 1
17 20 -1
17 22 -1
17 25 -1
17 32 -1
17 33 -1
17 42 1
17 44 1
17 48 1
17 49 -1
17 50 -1
17 53 -1
17 54 -1
17 60 1
17 71 -1
17 83 -1
17 84 -1
17 85 1
17 88 1
17 92 1
17 96 -1
17 99 -1
17 101 1
17 111 1
17 117 -1
17 125 1
17 127 1
18 20 1
18 22 1
18 24 1
18 25 -1
18 29 1
18 31 -1
18 32 1
18 37 -1
18 38 1
18 43 -1
18 46 -1
18 53 -1
18 56 1
18 58 -1
18 64 1
18 65 1
18 71 -1
18 72 1
18 75 1
18 80 1
18 84 -1
18 86 -1
18 89 -1
18 90 -1
18 98 -1
18 118 1
18 121 1
18 123 -1
18 125 -1
18 129 -1
19 20 1
19 31 -1
19 37 1
19 38 1
19 44 -1
19 46 1
19 47 1
19 48 -1
19 51 -1
19 53 1
19 66 -1
19 70 1
19 72 -1
19 76 1
19 79 1
19 84 -1
19 91 -1
19 95 1
19 114 1
19 117 1
19 120 -1
19 121 -1
19 127 -1
20 21 -1
20 27 -1
20 33 -1
20 38 1
20 46 1
20 47 1
20 56 1
20 59 -1
20 61 -1
20 62 -1
20 65 1
20 67 -1
20 70 1
20 74 -1
20 76 1
20 79 1
20 80 1
20 82 -1
20 95 1
20 97 -1
20 101 -1
20 111 -1
20 113 -1
20 116 -1
20 118 1
20 121 1
21 36 1
21 39 -1
21 40 1
21 41 1
21 42 -1
21 50 1
21 52 -1
21 57 1
21 61 -1
21 72 -1
21 73 -1
21 78 1
21 82 -1
21 84 -1
21 90 1
21 94 -1
21 97 -1
21 102 1
21 113 -1
21 116 -1
21 120 -1
21 130 -1
22 24 1
22 29 1
22 32 1
22 33 -1
22 56 1
22 58 -1
22 64 1
22 65 1
22 67 -1
22 72 1
22 73 1
22 74 1
22 75 1
22 76 -1
22 80 1
22 93 -1
22 106 -1
22 118 1
22 120 -1
22 121 1
23 25 1
23 26 -1
23 27 1
23 43 -1
23 46 -1
23 54 1
23 55 -1
23 66 -1
23 71 1
23 73 -1
23 84 1
23 88 -1
23 91 1
23 96 1
23 98 -1
23 105 1
23 120 1
24 28 -1
24 29 1
24 32 1
24 35 -1
24 38 -1
24 40 -1
24 41 -1
24 50 -1
24 55 -1
24 56 1
24 61 -1
24 64 1
24 65 1
24 68 -1
24 72 1
24 73 1
24 75 1
24 80 1
24 87 -1
24 93 -1
24 110 -1
24 116 -1
24 118 1
24 121 1
24 122 -1
24 130 -1
25 27 1
25 28 1
25 35 -1
25 37 -1
25 39 -1
25 45 -1
25 46 -1
25 50 -1
25 51 1
25 52 1
25 54 1
25 56 -1
25 60 -1
25 67 1
25 69 -1
25 71 1
25 75 -1
25 84 1
25 90 -1
25 91 1
25 93 -1
25 109 -1
25 112 1
25 119 -1
25 124 -1
25 125 -1
25 127 -1
26 28 -1
26 40 -1
26 53 -1
26 61 1
26 73 -1
26 74 -1
26 81 1
26 92 -1
26 100 1
26 110 -1
26 112 -1
26 115 1
26 119 1
26 120 -1
26 125 -1
26 126 -1
26 129 -1
27 28 1
27 30 -1
27 45 -1
27 51 1
27 52 1
27 54 1
27 58 -1
27 66 -1
27 67 1
27 71 1
27 84 1
27 91 1
27 94 -1
27 97 -1
27 99 -1
27 110 -1
27 112 1
27 119 -1
27 124 -1
28 32 -1
28 37 -1
28 49 1
28 50 -1
28 51 1
28 52 1
28 53 -1
28 54 1
28 59 1
28 60 -1
28 66 -1
28 67 1
28 70 -1
28 71 1
28 84 1
28 87 -1
28 95 -1
28 103 -1
28 108 1
28 112 1
29 32 1
29 33 -1
29 34 -1
29 41 -1
29 48 -1
29 55 -1
29 56 1
29 58 1
29 64 1
29 72 1
29 73 1
29 74 1
29 75 1
29 77 -1
29 78 -1
29 79 -1
29 80 1
29 99 -1
29 108 -1
29 112 -1
29 118 1
29 124 -1
29 129 1
30 33 -1
30 35 1
30 37 -1
30 42 1
30 44 1
30 48 1
30 59 -1
30 63 1
30 79 -1
30 87 1
30 88 -1
30 94 1
30 101 1
30 105 -1
30 109 1
30 111 -1
30 116 -1
30 121 -1
30 130 1
31 33 1
31 36 1
31 39 -1
31 41 1
31 43 1
31 61 -1
31 62 1
31 66 1
31 78 1
31 82 1
31 85 -1
31 86 1
31 89 1
31 90 1
31 93 1
31 97 1
31 98 1
31 103 1
31 106 1
31 107 1
31 110 1
31 113 1
31 122 1
31 123 1
31 125 -1
32 34 -1
32 48 -1
32 56 1
32 58 1
32 59 -1
32 64 1
32 65 1
32 72 1
32 73 1
32 74 1
32 75 1
32 77 -1
32 80 1
32 83 -1
32 84 -1
32 92 -1
32 97 -1
32 109 -1
32 118 1
32 121 1
32 128 -1
32 130 -1
33 36 1
33 41 1
33 43 1
33 49 -1
33 62 1
33 66 1
33 70 -1
33 77 -1
33 78 1
33 82 1
33 85 -1
33 86 1
33 88 -1
33 89 1
33 90 1
33 93 1
33 97 1
33 98 1
33 101 -1
33 103 1
33 104 -1
33 106 1
33 107 1
33 110 1
33 112 -1
33 113 1
33 114 -1
33 122 1
33 123 1
34 37 1
34 46 1
34 47 -1
34 51 -1
34 53 1
34 57 -1
34 61 -1
34 62 -1
34 68 1
34 70 1
34 77 1
34 83 1
34 86 -1
34 88 -1
34 89 -1
34 94 -1
34 99 1
34 101 -1
34 104 1
34 114 1
34 116 1
34 117 1
34 124 1
34 126 1
34 128 1
34 129 -1
35 37 -1
35 39 -1
35 44 1
35 48 1
35 52 -1
35 53 -1
35 54 -1
35 59 -1
35 62 -1
35 63 1
35 64 -1
35 86 -1
35 87 1
35 91 -1
35 94 1
35 97 -1
35 101 1
35 109 1
35 113 -1
35 117 -1
35 123 -1
35 130 1
36 37 -1
36 40 1
36 41 1
36 50 1
36 57 1
36 62 -1
36 64 -1
36 65 -1
36 66 1
36 70 -1
36 78 1
36 86 1
36 89 1
36 90 1
36 94 -1
36 102 1
36 104 -1
36 106 1
36 110 1
36 113 1
36 116 -1
36 119 -1
36 129 -1
37 46 1
37 47 1
37 48 -1
37 53 1
37 54 -1
37 68 1
37 70 1
37 74 -1
37 76 1
37 77 1
37 78 -1
37 82 -1
37 83 1
37 85 -1
37 88 -1
37 102 -1
37 104 1
37 114 1
37 116 1
37 117 1
37 118 -1
37 124 1
37 126 1
37 128 1
38 39 -1
38 45 -1
38 47 1
38 56 1
38 62 -1
38 65 1
38 67 -1
38 74 -1
38 76 1
38 79 1
38 80 1
38 91 -1
38 93 -1
38 95 1
38 101 -1
38 107 -1
38 109 -1
38 111 -1
38 118 1
38 121 1
38 128 -1
39 43 1
39 45 1
39 49 1
39 59 1
39 60 -1
39 62 1
39 68 -1
39 82 1
39 83 -1
39 89 -1
39 93 1
39 97 1
39 98 1
39 100 -1
39 103 1
39 107 1
39 108 1
39 120 -1
39 122 1
39 123 1
40 41 1
40 43 -1
40 49 -1
40 50 1
40 57 1
40 59 -1
40 64 -1
40 66 1
40 75 -1
40 78 1
40 82 -1
40 86 1
40 89 1
40 90 1
40 102 1
40 103 -1
40 106 1
40 107 -1
40 110 -1
40 113 1
41 49 -1
41 50 1
41 57 1
41 61 -1
41 66 1
41 78 1
41 81 -1
41 86 1
41 89 1
41 90 1
41 95 -1
41 102 1
41 106 1
41 110 1
41 113 1
41 129 -1
42 44 1
42 48 1
42 60 1
42 76 -1
42 77 -1
42 81 -1
42 88 1
42 92 1
42 94 1
42 95 -1
42 101 1
42 104 -1
42 108 -1
42 109 1
42 111 1
42 125 1
43 45 1
43 47 -1
43 49 -1
43 52 -1
43 56 -1
43 62 1
43 66 -1
43 68 -1
43 82 1
43 86 -1
43 88 -1
43 93 1
43 97 1
43 98 1
43 103 1
43 104 -1
43 107 1
43 108 1
43 122 1
43 123 1
43 125 -1
43 126 -1
44 48 1
44 60 1
44 62 -1
44 74 -1
44 83 -1
44 88 1
44 94 1
44 101 1
44 105 -1
44 109 1
44 111 -1
44 120 -1
44 128 -1
44 130 1
45 48 -1
45 49 1
45 54 -1
45 56 -1
45 57 -1
45 59 1
45 60 -1
45 62 1
45 66 -1
45 68 -1
45 69 -1
45 72 -1
45 82 1
45 89 -1
45 93 1
45 97 1
45 98 1
45 103 1
45 107 1
45 108 1
45 114 -1
45 122 1
45 123 1
46 47 1
46 53 1
46 55 -1
46 56 -1
46 57 -1
46 58 -1
46 68 1
46 70 1
46 76 1
46 77 1
46 78 -1
46 79 1
46 83 -1
46 87 -1
46 88 -1
46 90 -1
46 95 1
46 109 -1
46 114 1
46 116 1
46 117 1
46 121 -1
47 48 -1
47 53 1
47 70 1
47 73 -1
47 76 1
47 79 1
47 87 -1
47 88 -1
47 89 -1
47 95 1
47 99 -1
47 102 -1
47 106 -1
47 114 1
47 117 1
48 60 1
48 66 -1
48 69 -1
48 71 -1
48 76 -1
48 80 -1
48 88 1
48 92 1
48 94 1
48 101 1
48 103 -1
48 105 -1
48 109 1
48 111 1
48 114 -1
48 121 -1
48 127 -1
49 51 1
49 55 -1
49 59 1
49 67 1
49 69 -1
49 98 -1
49 104 -1
49 105 -1
49 106 -1
49 107 -1
49 108 1
49 120 -1
49 122 -1
49 123 1
50 55 -1
50 57 1
50 66 -1
50 73 -1
50 78 1
50 82 -1
50 86 -1
50 90 1
50 102 1
50 114 -1
50 119 -1
50 121 -1
50 129 -1
51 52 1
51 54 1
51 59 1
51 63 -1
51 65 -1
51 67 1
51 71 1
51 84 1
51 91 1
51 108 -1
51 109 -1
51 112 1
51 115 -1
51 116 -1
51 119 -1
51 128 -1
52 54 1
52 61 -1
52 67 1
52 71 1
52 74 -1
52 84 1
52 91 1
52 112 1
52 126 -1
53 68 1
53 70 1
53 76 1
53 77 1
53 83 1
53 92 -1
53 94 -1
53 104 1
53 105 -1
53 106 -1
53 108 -1
53 112 -1
53 114 1
53 116 1
53 117 1
53 122 -1
53 123 -1
53 124 1
53 126 1
53 128 1
53 129 -1
54 63 -1
54 67 1
54 71 1
54 84 1
54 91 1
54 101 -1
54 112 1
54 120 -1
54 121 -1
55 58 1
55 63 -1
55 67 -1
55 73 1
55 74 1
55 79 -1
55 85 1
55 86 -1
55 125 1
55 127 1
55 129 1
56 64 1
56 65 1
56 72 1
56 75 1
56 80 1
56 117 -1
56 118 1
56 121 1
56 122 -1
57 59 -1
57 78 1
57 90 1
57 92 -1
57 101 -1
57 102 1
57 108 -1
57 111 -1
57 113 1
57 130 -1
58 64 1
58 70 -1
58 73 1
58 74 1
58 85 1
58 95 -1
58 97 -1
58 127 1
58 129 1
59 63 -1
59 64 -1
59 67 1
59 72 -1
59 77 -1
59 88 -1
59 89 -1
59 93 -1
59 102 -1
59 108 1
59 123 1
60 68 -1
60 75 -1
60 76 -1
60 77 -1
60 88 1
60 92 1
60 94 1
60 100 -1
60 101 1
60 103 -1
60 109 1
60 111 1
60 119 -1
60 125 1
61 63 1
61 87 1
61 92 -1
61 100 1
61 115 1
61 121 -1
61 128 -1
61 130 1
62 64 -1
62 66 1
62 75 -1
62 82 1
62 85 -1
62 86 1
62 89 1
62 93 1
62 95 -1
62 97 1
62 98 1
62 103 1
62 105 -1
62 106 1
62 107 1
62 110 1
62 122 1
62 123 1
63 69 -1
63 71 -1
63 74 -1
63 77 -1
63 87 1
63 93 -1
63 100 1
63 102 -1
63 109 -1
63 130 1
64 65 1
64 72 1
64 73 1
64 74 1
64 75 1
64 80 1
64 83 -1
64 85 -1
64 97 -1
64 98 -1
64 101 -1
64 109 -1
64 118 1
64 126 -1
65 71 -1
65 72 1
65 75 1
65 80 1
65 82 -1
65 85 -1
65 95 1
65 118 1
65 121 1
65 123 -1
66 70 -1
66 78 1
66 82 1
66 85 -1
66 86 1
66 89 1
66 90 1
66 91 -1
66 92 -1
66 93 1
66 97 1
66 98 1
66 106 1
66 110 1
66 113 1
66 120 -1
66 122 1
66 130 -1
67 71 1
67 75 -1
67 79 -1
67 81 -1
67 82 -1
67 84 1
67 87 -1
67 91 1
67 98 -1
67 108 1
67 111 -1
67 112 1
67 118 -1
67 126 -1
68 69 -1
68 70 1
68 77 1
68 83 1
68 85 -1
68 88 -1
68 99 1
68 104 1
68 114 1
68 115 -1
68 116 1
68 117 1
68 124 1
68 126 1
68 128 1
69 81 1
69 86 -1
69 87 -1
69 96 1
69 102 -1
69 103 -1
69 105 1
69 106 -1
69 115 1
69 118 -1
69 119 1
69 120 1
69 122 -1
69 123 -1
69 130 -1
70 74 -1
70 76 1
70 77 1
70 79 1
70 91 -1
70 95 1
70 97 -1
70 111 -1
70 114 1
70 116 1
70 117 1
70 123 -1
70 126 1
71 76 -1
71 84 1
71 86 -1
71 91 1
71 98 -1
71 103 -1
71 107 -1
71 112 1
71 124 -1
72 73 1
72 74 1
72 75 1
72 80 1
72 105 -1
72 112 -1
72 118 1
72 121 1
72 123 -1
72 124 -1
73 74 1
73 75 1
73 78 -1
73 87 -1
73 96 -1
73 99 -1
73 103 -1
73 115 -1
73 119 -1
73 129 1
74 75 1
74 80 -1
74 85 -1
74 89 -1
74 100 -1
74 101 -1
74 110 -1
74 118 -1
74 120 -1
74 129 1
75 80 1
75 81 -1
75 84 -1
75 87 -1
75 99 -1
75 100 -1
75 118 1
75 121 1
76 79 1
76 86 -1
76 89 -1
76 95 1
76 106 -1
76 114 1
76 117 1
77 78 -1
77 81 -1
77 83 1
77 91 -1
77 94 -1
77 96 -1
77 99 1
77 104 1
77 111 -1
77 114 1
77 116 1
77 117 1
77 119 -1
77 124 1
77 126 1
77 128 1
78 79 -1
78 81 -1
78 86 1
78 89 1
78 90 1
78 92 -1
78 97 -1
78 102 1
78 106 1
78 110 1
78 113 1
78 115 -1
78 124 -1
78 129 -1
79 90 -1
79 95 1
79 97 -1
79 121 1
80 103 -1
80 104 -1
80 115 -1
80 118 1
80 121 1
80 124 -1
80 125 -1
80 126 -1
81 96 1
81 102 -1
81 105 1
81 110 -1
81 115 1
81 119 1
81 120 1
81 123 -1
82 86 1
82 88 -1
82 89 1
82 93 1
82 97 1
82 98 1
82 100 -1
82 103 1
82 106 1
82 107 1
82 110 1
82 111 -1
82 122 1
82 123 1
83 89 -1
83 93 -1
83 98 -1
83 99 1
83 104 1
83 114 1
83 116 1
83 117 1
83 124 1
83 126 1
83 127 -1
83 128 1
84 86 -1
84 91 1
84 94 -1
84 112 1
84 116 -1
84 118 -1
84 127 -1
84 128 -1
85 87 -1
85 88 1
85 92 1
85 97 -1
85 107 -1
85 111 1
85 125 1
85 126 -1
85 127 1
85 129 1
86 89 1
86 90 1
86 92 -1
86 97 1
86 98 1
86 105 -1
86 106 1
86 110 1
86 113 1
86 122 1
86 123 -1
86 126 -1
86 127 -1
86 128 -1
87 92 -1
87 94 1
87 100 1
87 109 1
87 110 -1
87 117 -1
87 130 1
88 92 1
88 94 1
88 99 -1
88 101 1
88 109 1
88 111 1
88 114 -1
88 116 -1
88 125 1
88 127 1
89 90 1
89 93 -1
89 97 1
89 98 1
89 100 -1
89 106 1
89 108 -1
89 110 1
89 113 1
90 93 -1
90 94 -1
90 98 -1
90 99 -1
90 102 1
90 106 1
90 108 -1
90 110 1
90 113 1
90 114 -1
91 97 -1
91 103 -1
91 105 1
91 112 1
91 113 -1
92 103 -1
92 111 1
92 123 -1
92 125 1
92 127 1
93 94 -1
93 97 1
93 98 1
93 103 1
93 105 -1
93 106 1
93 107 1
93 108 1
93 109 -1
93 110 1
93 120 -1
93 122 1
93 123 1
93 126 -1
94 101 1
94 104 -1
94 106 -1
94 109 1
94 112 -1
94 118 -1
94 121 -1
94 130 1
95 116 -1
95 119 -1
95 121 1
95 122 -1
95 125 -1
96 102 -1
96 105 1
96 106 -1
96 116 -1
96 118 -1
96 119 1
96 120 1
96 121 -1
97 98 1
97 103 1
97 106 1
97 107 1
97 110 1
97 122 1
97 123 1
98 103 1
98 105 -1
98 106 1
98 107 1
98 110 1
98 111 -1
98 112 -1
98 113 1
98 115 -1
98 122 1
98 123 1
98 124 -1
99 104 1
99 109 -1
99 114 -1
99 116 1
99 124 1
99 126 1
99 128 1
100 115 1
100 119 -1
100 121 -1
100 128 -1
101 104 -1
101 109 1
101 112 -1
101 116 -1
101 123 -1
101 124 -1
101 130 1
103 107 1
103 108 1
103 110 1
103 121 -1
103 122 1
103 123 1
103 124 -1
103 125 -1
103 126 -1
104 108 -1
104 110 -1
104 113 -1
104 114 1
104 116 1
104 117 1
104 120 -1
104 123 -1
104 124 1
104 126 1
104 128 1
105 114 -1
105 120 1
105 128 -1
106 107 1
106 110 1
106 113 1
106 119 -1
106 120 -1
106 122 1
107 108 1
107 110 1
107 115 -1
107 118 -1
107 122 1
107 123 1
107 126 -1
108 110 -1
108 113 -1
108 122 1
108 123 1
108 127 -1
109 116 -1
109 119 -1
109 130 1
110 113 1
110 117 -1
110 122 1
111 114 -1
111 120 -1
111 125 1
111 127 1
112 115 -1
113 116 -1
113 117 -1
113 122 -1
113 124 -1
114 116 1
114 117 1
114 124 1
114 126 1
114 128 1
115 117 -1
115 119 1
116 117 1
116 124 1
116 126 1
116 128 1
117 124 1
117 126 1
117 128 1
118 119 -1
118 121 1
118 123 -1
118 125 -1
119 120 1
119 125 -1
119 126 -1
119 127 -1
120 126 -1
121 130 -1
122 123 1
122 126 -1
123 130 -1
124 126 1
124 128 1
125 127 1
125 129 1
126 128 1
127 129 1
