vertices: 170 edges: 7182
1 2 1
1 3 1
1 16 1
1 23 1
1 27 1
1 33 1
1 37 -1
1 39 1
1 46 -1
1 47 1
1 51 1
1 54 1
1 58 1
1 60 1
1 62 1
1 75 1
1 81 1
1 83 1
1 87 1
1 88 -1
1 89 1
1 91 1
1 109 1
1 113 1
1 116 -1
1 118 1
1 119 1
1 130 1
1 135 -1
1 140 1
1 143 1
1 151 1
1 153 1
1 160 1
1 165 1
1 168 1
2 4 1
2 6 1
2 8 1
2 10 1
2 14 1
2 17 1
2 18 1
2 22 -1
2 26 1
2 28 1
2 44 1
2 45 -1
2 48 1
2 49 1
2 51 1
2 53 1
2 55 -1
2 57 1
2 58 1
2 60 1
2 63 1
2 65 -1
2 67 1
2 70 -1
2 71 1
2 73 1
2 79 1
2 82 1
2 84 1
2 85 1
2 92 1
2 93 -1
2 100 1
2 101 1
2 102 1
2 103 -1
2 104 1
2 105 1
2 107 1
2 113 1
2 115 1
2 116 1
2 122 1
2 124 -1
2 127 1
2 128 -1
2 130 -1
2 136 1
2 137 1
2 147 -1
2 153 -1
2 157 1
2 158 -1
2 159 1
2 161 1
2 162 1
2 169 1
3 8 1
3 12 -1
3 14 1
3 18 1
3 20 -1
3 22 1
3 24 -1
3 27 1
3 28 1
3 29 1
3 33 1
3 35 -1
3 36 1
3 38 1
3 39 1
3 41 1
3 43 -1
3 49 -1
3 50 1
3 56 1
3 57 -1
3 58 1
3 60 1
3 65 1
3 68 1
3 73 1
3 76 1
3 78 1
3 81 1
3 90 1
3 93 1
3 94 -1
3 97 1
3 108 1
3 111 1
3 113 1
3 116 1
3 117 1
3 119 1
3 125 1
3 126 1
3 129 1
3 130 1
3 131 1
3 146 1
3 147 1
3 150 1
3 153 1
3 155 1
3 157 1
3 158 1
3 162 1
3 168 -1
3 170 1
4 3 -1
4 12 1
4 15 1
4 16 1
4 21 1
4 35 -1
4 36 1
4 47 1
4 52 1
4 56 -1
4 66 -1
4 71 1
4 74 1
4 78 1
4 82 -1
4 86 -1
4 87 1
4 89 -1
4 108 1
4 111 -1
4 123 1
4 126 1
4 129 -1
4 132 -1
4 138 1
4 141 1
4 149 -1
4 150 1
4 151 -1
4 153 1
4 156 1
4 158 1
4 163 -1
4 164 1
4 167 -1
5 11 1
5 12 -1
5 13 1
5 15 -1
5 19 1
5 24 1
5 29 -1
5 37 1
5 38 1
5 39 1
5 40 1
5 42 1
5 43 -1
5 44 1
5 49 1
5 50 -1
5 57 1
5 61 1
5 67 1
5 69 1
5 78 -1
5 85 1
5 88 1
5 94 1
5 106 -1
5 107 1
5 111 -1
5 113 1
5 120 1
5 121 1
5 125 -1
5 127 1
5 129 1
5 131 1
5 133 1
5 140 1
5 141 1
5 144 -1
5 146 -1
5 149 1
5 151 1
5 155 1
5 157 1
5 160 1
5 161 1
5 163 1
5 167 1
6 5 1
6 8 1
6 9 1
6 10 -1
6 11 1
6 14 1
6 16 -1
6 19 -1
6 21 1
6 22 1
6 29 -1
6 30 1
6 33 1
6 37 1
6 52 1
6 54 1
6 62 1
6 65 1
6 68 1
6 72 1
6 76 -1
6 77 1
6 78 1
6 81 1
6 82 1
6 87 -1
6 91 1
6 104 1
6 105 1
6 110 1
6 113 1
6 114 1
6 123 1
6 127 1
6 129 1
6 131 -1
6 135 -1
6 136 1
6 140 1
6 145 1
6 150 1
6 151 1
6 152 1
6 154 -1
6 156 1
6 160 -1
6 164 1
6 169 1
7 2 1
7 6 1
7 12 1
7 13 1
7 23 1
7 25 1
7 28 1
7 50 1
7 60 -1
7 66 -1
7 76 1
7 78 1
7 82 1
7 83 -1
7 84 1
7 87 1
7 89 1
7 91 1
7 103 1
7 110 1
7 117 1
7 122 -1
7 129 1
7 130 1
7 135 1
7 148 1
7 150 1
7 155 1
7 158 1
7 159 1
7 162 1
7 167 -1
7 168 1
8 5 1
8 13 1
8 21 1
8 23 1
8 27 1
8 32 -1
8 36 -1
8 42 1
8 43 -1
8 44 1
8 47 1
8 52 1
8 53 1
8 60 1
8 62 1
8 64 1
8 65 1
8 75 1
8 78 1
8 88 -1
8 89 1
8 95 -1
8 97 1
8 98 -1
8 102 1
8 103 -1
8 106 -1
8 110 1
8 111 1
8 119 1
8 125 1
8 127 1
8 132 1
8 135 1
8 152 -1
8 153 1
8 155 1
8 156 -1
8 160 -1
8 164 1
9 5 -1
9 11 1
9 14 -1
9 15 1
9 16 1
9 18 1
9 21 1
9 23 -1
9 26 -1
9 32 1
9 37 1
9 41 1
9 42 1
9 45 -1
9 47 -1
9 50 1
9 52 1
9 53 -1
9 54 1
9 64 1
9 72 -1
9 78 1
9 81 -1
9 86 1
9 93 1
9 97 1
9 107 1
9 116 -1
9 117 1
9 122 1
9 127 1
9 134 1
9 136 1
9 139 1
9 141 1
9 146 1
9 157 1
9 167 1
10 1 1
10 5 -1
10 9 1
10 15 1
10 19 -1
10 26 1
10 27 1
10 30 1
10 31 1
10 34 1
10 36 -1
10 38 1
10 41 1
10 44 1
10 50 1
10 52 1
10 55 1
10 56 1
10 63 1
10 66 1
10 70 1
10 72 1
10 77 1
10 79 1
10 85 1
10 93 -1
10 97 1
10 98 -1
10 100 1
10 108 1
10 109 1
10 110 1
10 113 1
10 116 -1
10 117 1
10 119 1
10 121 1
10 122 1
10 124 1
10 125 1
10 126 1
10 134 1
10 140 1
10 155 1
10 156 1
10 167 1
11 1 1
11 2 -1
11 4 1
11 12 1
11 13 1
11 17 1
11 18 -1
11 20 1
11 25 -1
11 26 1
11 28 1
11 29 -1
11 30 1
11 34 1
11 35 1
11 38 1
11 39 1
11 40 1
11 43 1
11 50 1
11 51 1
11 54 1
11 59 1
11 62 -1
11 68 1
11 69 1
11 73 1
11 74 1
11 77 1
11 81 1
11 84 -1
11 86 1
11 92 1
11 94 1
11 115 1
11 117 1
11 120 1
11 122 1
11 134 1
11 135 1
11 136 -1
11 137 1
11 138 1
11 141 1
11 142 1
11 145 1
11 146 1
11 147 1
11 149 1
11 154 1
11 156 1
11 158 1
11 166 1
11 169 1
11 170 1
12 6 1
12 8 1
12 9 1
12 15 1
12 21 1
12 26 1
12 27 1
12 29 1
12 36 1
12 37 1
12 38 1
12 39 1
12 40 1
12 41 1
12 44 1
12 45 1
12 46 1
12 52 1
12 56 1
12 59 1
12 63 1
12 67 1
12 72 1
12 73 -1
12 75 1
12 80 1
12 86 1
12 88 1
12 90 1
12 91 1
12 97 1
12 101 -1
12 102 -1
12 103 1
12 105 1
12 106 1
12 114 1
12 122 1
12 123 1
12 127 1
12 130 1
12 132 1
12 139 1
12 142 1
12 143 1
12 149 1
12 153 1
12 154 1
12 158 1
12 160 -1
12 161 -1
13 2 1
13 3 -1
13 9 1
13 12 1
13 14 1
13 16 1
13 23 -1
13 27 1
13 30 1
13 40 1
13 41 -1
13 50 1
13 52 1
13 59 1
13 61 1
13 62 1
13 64 -1
13 68 1
13 69 1
13 74 1
13 77 1
13 78 1
13 80 1
13 82 1
13 83 1
13 92 1
13 106 1
13 107 -1
13 111 1
13 114 1
13 121 1
13 122 1
13 124 1
13 127 -1
13 129 1
13 130 -1
13 148 -1
13 149 1
13 150 -1
13 155 1
13 163 1
13 164 -1
13 167 -1
13 170 1
14 1 -1
14 4 1
14 8 1
14 11 1
14 19 1
14 23 1
14 24 1
14 25 -1
14 33 -1
14 36 1
14 42 1
14 44 -1
14 50 1
14 53 1
14 55 1
14 70 1
14 72 1
14 75 1
14 77 1
14 78 -1
14 81 -1
14 82 1
14 84 1
14 87 -1
14 91 1
14 95 1
14 103 -1
14 118 1
14 119 1
14 120 1
14 123 1
14 126 1
14 127 -1
14 128 1
14 131 1
14 135 -1
14 140 1
14 146 1
14 151 1
14 153 1
14 154 1
14 164 1
14 166 1
15 7 1
15 13 1
15 17 1
15 18 -1
15 23 1
15 25 1
15 27 1
15 28 -1
15 29 1
15 33 1
15 34 1
15 39 -1
15 44 1
15 53 1
15 56 1
15 58 1
15 62 1
15 64 1
15 65 1
15 74 -1
15 76 1
15 77 1
15 80 1
15 84 1
15 85 1
15 103 1
15 107 1
15 123 -1
15 125 1
15 133 -1
15 140 1
15 147 1
15 149 1
15 152 1
15 153 1
15 157 1
15 164 1
15 165 1
16 5 1
16 7 1
16 11 1
16 24 1
16 26 1
16 27 1
16 30 -1
16 33 -1
16 38 1
16 40 1
16 42 1
16 46 1
16 47 1
16 48 1
16 49 1
16 54 1
16 56 1
16 59 -1
16 68 1
16 70 1
16 74 1
16 77 1
16 78 1
16 79 1
16 84 1
16 86 1
16 91 -1
16 95 1
16 101 1
16 104 -1
16 113 1
16 115 1
16 120 -1
16 132 1
16 135 1
16 140 1
16 141 1
16 142 1
16 143 1
16 152 1
16 158 -1
16 161 1
16 168 1
16 169 1
17 3 1
17 6 1
17 8 1
17 12 -1
17 13 1
17 16 1
17 27 1
17 31 1
17 34 1
17 41 -1
17 44 1
17 46 -1
17 51 1
17 56 1
17 65 1
17 69 -1
17 71 1
17 72 1
17 75 1
17 80 1
17 85 1
17 86 1
17 88 1
17 95 1
17 103 -1
17 110 1
17 113 1
17 120 1
17 128 -1
17 129 1
17 139 1
17 153 1
17 159 1
17 165 1
18 6 1
18 7 1
18 12 1
18 16 1
18 21 1
18 23 -1
18 24 1
18 26 1
18 30 1
18 33 1
18 35 1
18 40 1
18 41 1
18 42 1
18 47 1
18 52 1
18 53 1
18 56 1
18 63 1
18 64 1
18 67 -1
18 75 1
18 81 1
18 86 1
18 93 1
18 100 1
18 101 1
18 104 1
18 110 1
18 114 1
18 121 -1
18 122 1
18 124 1
18 129 1
18 136 1
18 140 1
18 153 1
18 154 1
18 155 1
18 158 1
19 2 1
19 7 1
19 8 1
19 9 1
19 16 1
19 20 -1
19 22 1
19 24 1
19 25 1
19 36 1
19 41 1
19 42 1
19 47 1
19 48 1
19 50 -1
19 52 1
19 53 1
19 56 -1
19 57 -1
19 60 -1
19 61 1
19 65 1
19 66 1
19 67 1
19 68 1
19 69 1
19 75 1
19 78 1
19 89 1
19 90 1
19 94 1
19 96 1
19 100 1
19 103 1
19 104 1
19 106 1
19 111 -1
19 128 1
19 129 1
19 137 1
19 141 1
19 144 1
19 151 1
19 152 1
19 156 1
19 157 1
19 159 1
19 161 1
19 164 1
19 165 1
19 170 1
20 1 -1
20 7 -1
20 8 1
20 14 1
20 16 1
20 17 1
20 26 1
20 30 1
20 34 1
20 35 1
20 40 -1
20 56 1
20 65 1
20 70 1
20 73 1
20 74 1
20 76 1
20 78 -1
20 80 1
20 83 1
20 84 1
20 88 1
20 89 -1
20 97 1
20 98 -1
20 99 1
20 100 1
20 101 1
20 103 1
20 104 -1
20 112 1
20 113 -1
20 120 -1
20 123 1
20 126 1
20 128 1
20 130 1
20 133 1
20 135 1
20 145 -1
20 147 1
20 150 1
20 157 1
20 160 1
20 164 1
20 170 1
21 2 1
21 10 1
21 11 -1
21 14 1
21 15 1
21 19 1
21 24 1
21 32 -1
21 38 1
21 41 1
21 46 1
21 48 1
21 50 1
21 55 -1
21 61 1
21 65 -1
21 69 1
21 78 1
21 82 1
21 85 1
21 86 1
21 87 1
21 88 1
21 91 1
21 92 -1
21 94 1
21 100 1
21 102 1
21 103 -1
21 108 1
21 115 -1
21 118 1
21 121 1
21 124 1
21 132 1
21 133 1
21 135 -1
21 136 1
21 140 1
21 143 1
21 145 1
21 148 1
21 152 -1
21 156 1
21 161 1
21 162 -1
21 166 1
21 169 1
22 4 1
22 9 1
22 11 1
22 13 1
22 21 1
22 26 1
22 33 1
22 37 1
22 38 1
22 46 1
22 47 1
22 50 -1
22 51 1
22 52 1
22 54 1
22 56 -1
22 57 1
22 59 -1
22 63 1
22 65 1
22 67 1
22 69 1
22 80 1
22 83 1
22 90 1
22 96 1
22 98 1
22 100 1
22 104 1
22 115 1
22 120 1
22 126 1
22 131 1
22 144 1
22 146 1
22 149 1
22 157 1
22 158 1
22 159 1
22 164 -1
22 166 1
22 169 1
23 2 1
23 11 1
23 25 1
23 28 1
23 29 1
23 32 1
23 48 1
23 50 -1
23 54 1
23 56 1
23 61 1
23 63 1
23 69 1
23 82 -1
23 88 -1
23 90 1
23 95 1
23 99 1
23 103 -1
23 112 1
23 114 1
23 116 1
23 123 1
23 125 1
23 126 1
23 130 1
23 135 1
23 136 1
23 138 1
23 143 1
23 144 1
23 154 1
23 156 1
23 165 1
23 167 1
24 1 -1
24 6 1
24 7 1
24 8 1
24 23 1
24 27 1
24 34 1
24 38 1
24 39 -1
24 49 1
24 57 1
24 68 1
24 69 1
24 71 1
24 73 -1
24 86 1
24 91 1
24 93 1
24 94 1
24 97 1
24 103 1
24 105 1
24 106 1
24 108 1
24 109 1
24 111 1
24 112 -1
24 115 -1
24 116 1
24 119 -1
24 121 1
24 126 1
24 131 1
24 137 1
24 138 1
24 141 1
24 146 -1
24 149 1
24 150 -1
24 152 1
24 153 1
24 156 1
24 163 1
24 164 1
24 165 -1
25 3 -1
25 6 1
25 13 -1
25 22 1
25 34 -1
25 45 1
25 47 1
25 54 1
25 57 1
25 76 1
25 83 1
25 84 -1
25 93 1
25 95 1
25 100 -1
25 102 1
25 110 1
25 116 1
25 126 1
25 130 1
25 131 1
25 134 1
25 137 1
25 139 -1
25 141 1
25 143 1
25 147 -1
25 151 1
25 155 1
25 157 -1
25 158 1
25 164 1
26 21 -1
26 27 1
26 29 1
26 34 1
26 37 1
26 38 1
26 44 1
26 46 1
26 48 1
26 49 1
26 52 -1
26 54 1
26 67 1
26 70 -1
26 74 1
26 75 1
26 83 1
26 92 1
26 94 1
26 100 1
26 102 1
26 112 1
26 119 -1
26 120 1
26 121 1
26 141 1
26 151 1
26 153 -1
26 155 1
26 157 1
26 165 1
26 168 1
26 169 1
26 170 1
27 18 1
27 21 1
27 29 1
27 30 1
27 39 1
27 42 1
27 50 1
27 57 1
27 58 1
27 78 1
27 81 -1
27 83 1
27 86 1
27 92 1
27 95 -1
27 100 1
27 101 1
27 102 -1
27 103 1
27 104 1
27 105 1
27 117 1
27 120 -1
27 129 -1
27 132 -1
27 136 1
27 146 -1
27 148 -1
27 157 -1
27 160 1
28 1 1
28 5 -1
28 9 -1
28 10 -1
28 13 1
28 18 1
28 19 -1
28 24 1
28 30 -1
28 33 1
28 35 1
28 38 -1
28 40 1
28 42 1
28 47 -1
28 53 1
28 55 -1
28 58 1
28 59 1
28 61 -1
28 62 1
28 63 -1
28 64 1
28 78 1
28 86 1
28 92 1
28 93 1
28 99 -1
28 115 -1
28 117 1
28 119 1
28 129 1
28 130 1
28 134 1
28 151 1
28 160 1
28 162 1
28 163 1
28 167 -1
28 168 -1
28 169 -1
29 4 1
29 14 1
29 16 -1
29 19 1
29 31 1
29 36 -1
29 42 1
29 43 1
29 53 1
29 55 1
29 57 1
29 64 -1
29 65 -1
29 69 -1
29 72 -1
29 76 -1
29 77 1
29 78 1
29 79 -1
29 80 1
29 100 1
29 103 1
29 105 1
29 106 1
29 107 -1
29 110 1
29 118 1
29 123 1
29 126 1
29 134 1
29 136 1
29 139 -1
29 141 1
29 151 1
29 155 1
29 161 1
29 162 1
29 163 -1
29 170 1
30 1 -1
30 7 1
30 9 1
30 19 1
30 22 1
30 24 -1
30 25 -1
30 26 1
30 29 1
30 32 1
30 36 1
30 38 1
30 41 1
30 45 1
30 49 1
30 51 1
30 56 1
30 58 1
30 63 1
30 65 1
30 67 1
30 68 1
30 71 1
30 74 1
30 78 1
30 79 1
30 81 1
30 84 1
30 91 1
30 96 1
30 100 1
30 102 1
30 104 -1
30 105 -1
30 107 1
30 116 -1
30 118 1
30 120 1
30 123 1
30 134 1
30 142 1
30 144 1
30 145 1
30 149 1
30 150 1
30 152 1
30 153 1
30 156 1
30 160 1
30 164 1
30 165 1
30 169 1
31 2 1
31 5 1
31 6 1
31 7 -1
31 12 1
31 13 1
31 14 1
31 15 1
31 18 -1
31 22 1
31 26 1
31 28 1
31 38 1
31 47 1
31 48 1
31 53 -1
31 58 1
31 59 1
31 64 1
31 67 1
31 68 -1
31 76 1
31 77 1
31 80 1
31 96 1
31 98 -1
31 100 1
31 106 -1
31 107 1
31 109 1
31 110 -1
31 112 1
31 113 -1
31 116 1
31 121 1
31 122 1
31 124 -1
31 125 -1
31 126 1
31 128 1
31 143 1
31 147 1
31 149 1
31 150 1
31 153 1
31 156 1
31 160 -1
31 162 1
31 169 1
32 1 1
32 3 1
32 6 1
32 10 1
32 13 1
32 14 -1
32 17 1
32 28 1
32 31 1
32 33 -1
32 34 1
32 35 1
32 39 1
32 44 1
32 45 1
32 52 1
32 74 1
32 80 -1
32 85 -1
32 87 1
32 89 1
32 93 1
32 94 1
32 96 1
32 112 1
32 118 1
32 120 1
32 122 1
32 123 1
32 124 1
32 130 1
32 136 1
32 139 1
32 140 1
32 141 1
32 143 1
32 144 -1
32 148 -1
32 155 1
32 158 1
32 163 1
33 8 1
33 11 1
33 13 -1
33 24 1
33 26 1
33 27 1
33 29 1
33 31 1
33 35 1
33 37 1
33 40 1
33 41 1
33 43 1
33 48 -1
33 50 1
33 51 1
33 53 1
33 56 1
33 57 1
33 63 1
33 64 1
33 67 1
33 73 1
33 74 1
33 75 1
33 77 1
33 79 1
33 81 -1
33 82 -1
33 83 1
33 84 1
33 85 1
33 88 -1
33 90 1
33 91 1
33 93 -1
33 96 1
33 99 -1
33 107 1
33 110 1
33 112 1
33 114 1
33 115 1
33 116 1
33 117 1
33 123 1
33 124 1
33 125 -1
33 138 1
33 142 1
33 146 -1
33 147 1
33 148 1
33 153 1
33 154 1
33 162 1
33 166 -1
33 167 1
33 170 1
34 3 1
34 13 1
34 19 -1
34 21 1
34 30 1
34 45 -1
34 49 1
34 55 1
34 60 1
34 62 1
34 63 1
34 66 1
34 70 1
34 81 -1
34 82 1
34 83 1
34 85 -1
34 87 1
34 97 -1
34 100 1
34 101 1
34 102 1
34 103 1
34 110 1
34 112 1
34 116 1
34 124 1
34 128 1
34 132 1
34 136 1
34 141 1
34 145 1
34 147 1
34 158 1
34 167 1
35 1 1
35 5 -1
35 6 1
35 8 1
35 12 1
35 21 1
35 22 1
35 39 1
35 40 -1
35 42 -1
35 50 -1
35 52 1
35 53 1
35 54 1
35 55 -1
35 61 -1
35 74 1
35 77 -1
35 82 1
35 84 1
35 85 -1
35 88 -1
35 93 1
35 94 -1
35 98 -1
35 110 1
35 120 1
35 123 1
35 130 1
35 133 -1
35 139 1
35 141 1
35 150 1
35 155 -1
35 163 1
35 166 1
36 1 1
36 2 -1
36 7 -1
36 13 1
36 16 1
36 23 1
36 24 1
36 26 1
36 31 1
36 32 1
36 33 1
36 34 -1
36 56 1
36 58 -1
36 70 1
36 77 1
36 78 1
36 92 1
36 94 1
36 95 1
36 98 1
36 111 1
36 114 1
36 115 -1
36 117 1
36 120 1
36 121 1
36 133 1
36 136 1
36 143 1
36 149 1
36 150 1
36 153 1
36 154 -1
36 157 1
36 162 1
36 163 1
36 169 1
37 4 1
37 17 1
37 23 1
37 24 1
37 28 1
37 29 1
37 39 -1
37 40 1
37 41 1
37 42 1
37 45 1
37 55 1
37 57 1
37 68 1
37 71 1
37 72 1
37 75 1
37 89 1
37 96 1
37 105 1
37 110 1
37 112 -1
37 113 1
37 117 1
37 127 1
37 131 1
37 132 1
37 134 1
37 138 1
37 140 1
37 145 1
37 148 1
37 149 1
37 150 1
37 164 1
37 167 1
38 2 1
38 7 -1
38 8 1
38 13 1
38 19 1
38 25 1
38 27 1
38 43 -1
38 46 -1
38 47 1
38 58 1
38 63 1
38 64 1
38 65 1
38 66 1
38 69 -1
38 72 1
38 74 1
38 75 1
38 76 1
38 77 1
38 80 -1
38 84 1
38 86 1
38 96 1
38 106 1
38 111 1
38 121 -1
38 129 1
38 132 1
38 136 1
38 148 -1
38 152 1
38 153 1
38 158 1
38 161 -1
38 163 -1
39 9 1
39 17 1
39 18 1
39 22 -1
39 30 1
39 34 1
39 36 -1
39 41 1
39 42 1
39 43 -1
39 44 1
39 45 1
39 51 1
39 54 1
39 58 1
39 61 1
39 67 -1
39 68 1
39 69 1
39 78 1
39 84 -1
39 87 1
39 89 1
39 92 -1
39 94 1
39 95 1
39 96 1
39 97 1
39 99 1
39 100 1
39 107 -1
39 115 1
39 120 1
39 123 1
39 125 1
39 132 1
39 137 1
39 142 1
39 146 -1
39 148 1
39 151 1
39 154 -1
39 155 -1
39 156 -1
39 157 -1
39 159 -1
39 164 1
39 166 1
40 2 1
40 3 1
40 9 1
40 21 1
40 23 1
40 26 1
40 27 1
40 30 -1
40 42 1
40 48 1
40 54 -1
40 59 1
40 61 1
40 65 1
40 66 -1
40 70 1
40 75 1
40 78 1
40 82 1
40 87 1
40 89 1
40 95 1
40 97 1
40 98 1
40 103 1
40 104 1
40 110 1
40 123 1
40 127 -1
40 130 1
40 131 1
40 132 1
40 133 -1
40 141 1
40 142 1
40 144 1
40 149 1
40 150 1
40 153 1
40 162 1
40 164 1
40 167 1
40 170 -1
41 1 1
41 2 1
41 4 1
41 6 1
41 8 1
41 14 1
41 23 -1
41 24 1
41 26 1
41 28 1
41 35 1
41 38 -1
41 49 1
41 62 1
41 67 1
41 69 -1
41 74 1
41 75 1
41 76 1
41 78 1
41 82 -1
41 89 1
41 98 1
41 99 1
41 101 -1
41 108 -1
41 114 1
41 116 1
41 117 1
41 118 1
41 124 1
41 127 1
41 128 1
41 132 1
41 133 -1
41 137 1
41 141 1
41 143 1
41 146 1
41 150 1
41 151 -1
41 154 -1
41 167 1
42 6 -1
42 7 1
42 11 1
42 12 1
42 17 -1
42 25 1
42 26 1
42 33 1
42 36 -1
42 38 1
42 48 1
42 50 1
42 51 1
42 53 1
42 55 1
42 57 1
42 60 1
42 65 1
42 67 1
42 70 -1
42 71 1
42 72 1
42 75 -1
42 77 -1
42 79 1
42 93 1
42 95 -1
42 97 1
42 101 1
42 103 1
42 105 1
42 107 1
42 109 1
42 111 1
42 115 1
42 117 1
42 118 1
42 121 1
42 123 1
42 124 -1
42 129 1
42 132 1
42 140 1
42 146 1
42 147 1
42 148 1
42 154 1
42 157 1
42 158 1
42 160 -1
42 169 1
43 1 1
43 4 1
43 6 -1
43 10 -1
43 12 1
43 13 1
43 16 -1
43 20 1
43 25 1
43 26 1
43 30 1
43 32 -1
43 40 -1
43 52 -1
43 56 1
43 65 1
43 69 -1
43 74 1
43 76 1
43 77 1
43 79 -1
43 83 1
43 87 1
43 94 1
43 105 1
43 121 1
43 122 1
43 124 1
43 130 1
43 136 1
43 137 -1
43 140 1
43 141 1
43 142 1
43 143 1
43 144 -1
43 146 1
43 157 1
43 158 1
43 159 1
43 167 1
44 3 1
44 7 1
44 11 1
44 13 1
44 16 1
44 19 1
44 37 1
44 40 1
44 45 1
44 50 1
44 51 1
44 64 1
44 67 1
44 71 1
44 74 1
44 77 1
44 78 -1
44 79 1
44 83 1
44 85 1
44 92 1
44 95 1
44 97 1
44 100 1
44 102 1
44 104 1
44 106 1
44 112 1
44 114 1
44 121 1
44 122 1
44 123 1
44 128 -1
44 131 1
44 142 1
44 144 1
44 148 1
44 149 1
44 162 1
44 165 1
44 168 1
45 1 -1
45 7 -1
45 8 -1
45 10 1
45 11 -1
45 14 -1
45 15 1
45 16 1
45 17 1
45 18 1
45 21 1
45 26 1
45 27 1
45 31 1
45 36 1
45 40 1
45 43 1
45 49 1
45 51 1
45 54 1
45 70 1
45 72 1
45 75 1
45 77 1
45 83 1
45 88 1
45 91 1
45 92 1
45 109 -1
45 110 -1
45 112 1
45 113 1
45 117 1
45 121 -1
45 124 1
45 127 1
45 134 1
45 137 1
45 148 1
45 149 1
45 151 1
45 154 1
45 158 1
45 162 1
45 167 1
45 169 1
46 3 1
46 5 1
46 7 1
46 15 1
46 19 -1
46 23 1
46 24 -1
46 29 1
46 31 1
46 32 -1
46 36 1
46 37 1
46 39 1
46 40 1
46 41 1
46 45 1
46 47 1
46 48 -1
46 50 1
46 51 1
46 58 1
46 59 1
46 62 1
46 66 1
46 69 1
46 72 1
46 74 1
46 81 1
46 86 1
46 89 1
46 90 -1
46 94 1
46 107 1
46 110 -1
46 115 -1
46 118 1
46 120 1
46 122 1
46 127 -1
46 129 1
46 130 1
46 132 1
46 133 1
46 134 1
46 136 1
46 138 -1
46 150 1
46 153 1
46 154 -1
46 156 1
46 161 -1
46 162 1
46 163 1
46 164 1
46 167 1
47 2 1
47 3 1
47 6 1
47 11 1
47 12 -1
47 23 1
47 24 -1
47 26 1
47 29 1
47 33 1
47 37 1
47 39 1
47 40 -1
47 49 1
47 52 1
47 56 1
47 57 1
47 60 -1
47 61 1
47 66 1
47 72 1
47 73 1
47 74 -1
47 75 1
47 78 1
47 80 1
47 83 -1
47 88 1
47 89 1
47 94 1
47 96 1
47 103 1
47 107 1
47 115 1
47 116 1
47 120 1
47 122 1
47 123 1
47 135 1
47 136 1
47 140 1
47 144 1
47 151 -1
47 153 1
47 154 1
47 156 1
47 159 -1
48 6 1
48 13 1
48 14 1
48 20 -1
48 24 -1
48 27 -1
48 34 1
48 35 -1
48 45 1
48 47 1
48 49 1
48 52 1
48 57 1
48 66 1
48 70 1
48 72 -1
48 75 1
48 79 -1
48 88 1
48 94 1
48 95 1
48 97 1
48 99 1
48 100 1
48 101 -1
48 102 1
48 105 1
48 113 1
48 118 1
48 123 1
48 124 1
48 125 1
48 127 -1
48 131 1
48 136 1
48 139 -1
48 141 -1
48 144 1
48 148 -1
48 150 -1
48 155 1
48 158 -1
48 160 1
48 161 1
48 167 1
49 10 1
49 11 1
49 19 1
49 23 1
49 25 1
49 29 1
49 33 -1
49 37 -1
49 38 1
49 42 1
49 43 1
49 53 1
49 56 1
49 64 1
49 65 1
49 69 1
49 75 1
49 76 1
49 78 1
49 80 1
49 87 1
49 104 1
49 109 1
49 115 1
49 116 1
49 121 1
49 125 1
49 127 1
49 129 1
49 142 1
49 146 1
49 149 1
49 152 1
49 160 1
49 162 1
49 167 1
50 1 1
50 2 1
50 6 -1
50 8 1
50 12 1
50 15 1
50 16 -1
50 17 1
50 18 1
50 20 -1
50 25 1
50 30 1
50 32 1
50 37 1
50 38 1
50 39 1
50 47 1
50 48 -1
50 51 -1
50 52 -1
50 53 1
50 58 1
50 63 1
50 64 1
50 72 1
50 76 1
50 89 -1
50 93 1
50 104 1
50 116 1
50 117 1
50 119 1
50 120 1
50 121 1
50 126 1
50 128 1
50 129 -1
50 131 1
50 133 1
50 138 1
50 139 1
50 148 -1
50 149 1
50 150 -1
50 155 1
50 159 1
50 164 1
50 169 1
51 3 -1
51 6 1
51 7 1
51 8 1
51 10 1
51 12 1
51 16 1
51 19 1
51 20 1
51 23 -1
51 27 1
51 43 1
51 49 1
51 52 1
51 53 1
51 63 1
51 65 1
51 70 1
51 72 -1
51 76 1
51 77 1
51 79 1
51 84 -1
51 86 1
51 88 1
51 96 1
51 97 1
51 100 1
51 104 -1
51 107 1
51 109 -1
51 113 1
51 114 1
51 117 -1
51 120 1
51 126 1
51 134 1
51 139 -1
51 140 1
51 144 1
51 148 1
51 153 1
51 154 1
51 155 1
51 156 1
51 158 1
51 162 1
51 164 1
51 168 1
52 7 1
52 15 1
52 17 1
52 31 1
52 40 -1
52 46 1
52 56 1
52 62 1
52 64 1
52 69 1
52 73 -1
52 77 -1
52 86 1
52 94 1
52 102 1
52 105 1
52 109 1
52 110 -1
52 111 -1
52 118 1
52 122 1
52 125 -1
52 127 -1
52 130 1
52 134 1
52 139 -1
52 141 -1
52 142 -1
52 148 -1
52 149 1
52 151 1
52 153 1
52 157 1
52 168 1
53 3 1
53 4 1
53 7 1
53 10 -1
53 12 -1
53 25 1
53 27 1
53 44 -1
53 52 1
53 56 -1
53 62 -1
53 67 1
53 68 1
53 69 1
53 71 1
53 75 1
53 81 1
53 88 1
53 89 1
53 93 1
53 95 1
53 108 -1
53 110 1
53 111 1
53 117 -1
53 119 1
53 141 -1
53 144 1
53 145 1
53 148 1
53 151 1
53 157 1
53 162 1
53 165 -1
53 168 1
54 4 1
54 8 1
54 14 1
54 15 1
54 17 1
54 18 1
54 21 1
54 27 1
54 28 1
54 32 -1
54 44 -1
54 46 -1
54 47 1
54 50 -1
54 52 1
54 55 1
54 58 1
54 64 1
54 71 1
54 79 1
54 90 1
54 106 1
54 116 1
54 119 1
54 120 1
54 122 1
54 125 1
54 127 1
54 136 1
54 144 1
54 150 1
54 160 1
54 166 -1
55 3 1
55 6 1
55 8 1
55 9 1
55 11 1
55 12 1
55 15 1
55 16 1
55 20 -1
55 31 1
55 48 1
55 53 1
55 57 1
55 61 1
55 62 -1
55 64 -1
55 65 1
55 70 -1
55 81 1
55 84 -1
55 86 1
55 93 1
55 94 -1
55 96 1
55 109 1
55 115 1
55 117 -1
55 126 1
55 136 -1
55 138 -1
55 140 1
55 142 1
55 143 1
55 145 -1
55 154 1
55 159 1
55 160 -1
55 161 -1
55 163 1
55 167 1
56 1 1
56 7 -1
56 9 1
56 13 1
56 21 1
56 25 1
56 29 1
56 31 1
56 32 -1
56 35 1
56 37 1
56 39 1
56 42 1
56 46 -1
56 51 1
56 54 1
56 55 1
56 62 1
56 64 1
56 69 1
56 70 1
56 71 1
56 73 1
56 77 1
56 82 -1
56 92 1
56 97 -1
56 98 -1
56 100 1
56 102 1
56 109 1
56 123 1
56 126 -1
56 128 1
56 129 1
56 133 1
56 134 1
56 136 1
56 137 -1
56 139 1
56 148 -1
56 152 1
56 160 1
56 162 -1
56 163 -1
56 165 1
57 7 -1
57 8 -1
57 9 1
57 13 1
57 30 1
57 36 1
57 38 1
57 40 -1
57 44 1
57 49 1
57 51 1
57 54 1
57 59 1
57 68 1
57 69 -1
57 72 1
57 73 1
57 79 1
57 88 1
57 96 1
57 104 -1
57 106 -1
57 109 1
57 111 -1
57 113 -1
57 116 1
57 117 -1
57 118 1
57 119 1
57 122 1
57 123 1
57 125 1
57 126 1
57 128 1
57 129 -1
57 135 1
57 138 1
57 144 1
57 150 1
57 152 1
57 158 1
57 162 1
58 4 1
58 5 -1
58 8 1
58 10 1
58 13 1
58 16 1
58 19 1
58 24 1
58 33 1
58 34 1
58 35 1
58 40 1
58 42 1
58 43 1
58 45 -1
58 48 1
58 49 1
58 55 1
58 56 1
58 57 1
58 69 1
58 72 1
58 77 1
58 80 -1
58 81 -1
58 82 1
58 92 1
58 94 1
58 96 1
58 104 1
58 105 1
58 106 -1
58 109 1
58 115 1
58 117 1
58 118 1
58 123 1
58 131 1
58 132 1
58 136 1
58 138 1
58 140 1
58 144 1
58 149 -1
58 152 1
58 154 1
58 160 1
58 168 1
58 169 1
59 1 1
59 4 1
59 6 1
59 7 1
59 10 1
59 20 1
59 24 1
59 27 1
59 29 1
59 30 1
59 35 1
59 36 1
59 38 1
59 42 1
59 44 -1
59 45 1
59 47 1
59 49 1
59 50 1
59 58 1
59 61 1
59 62 1
59 65 1
59 67 -1
59 73 1
59 74 1
59 75 1
59 77 1
59 79 1
59 81 1
59 85 1
59 91 1
59 97 -1
59 101 -1
59 102 -1
59 105 1
59 112 1
59 113 1
59 114 -1
59 115 1
59 118 -1
59 120 1
59 124 1
59 125 1
59 132 1
59 148 1
59 150 1
59 152 1
59 159 1
59 167 1
59 170 1
60 5 -1
60 12 1
60 13 1
60 20 1
60 28 -1
60 29 -1
60 33 1
60 37 1
60 41 1
60 43 1
60 44 1
60 45 1
60 49 1
60 50 1
60 54 1
60 57 1
60 58 1
60 69 -1
60 75 1
60 83 1
60 111 -1
60 118 -1
60 125 1
60 127 1
60 138 -1
60 141 1
60 142 1
60 143 -1
60 161 -1
60 162 -1
60 163 1
60 166 1
60 169 1
61 1 1
61 7 1
61 8 1
61 9 1
61 12 -1
61 14 1
61 15 1
61 17 -1
61 27 1
61 33 -1
61 37 1
61 41 1
61 42 1
61 51 1
61 53 -1
61 56 1
61 57 1
61 60 1
61 64 1
61 69 1
61 72 -1
61 74 1
61 80 1
61 97 1
61 98 1
61 103 1
61 115 1
61 116 -1
61 121 1
61 123 1
61 124 -1
61 131 1
61 132 1
61 136 1
61 140 1
61 143 -1
61 146 1
61 149 1
61 154 1
61 156 1
62 2 1
62 7 -1
62 9 1
62 10 1
62 18 1
62 19 1
62 25 -1
62 27 1
62 29 1
62 30 1
62 38 -1
62 43 1
62 44 -1
62 45 1
62 50 -1
62 51 1
62 61 1
62 66 1
62 70 -1
62 74 1
62 76 1
62 77 1
62 78 1
62 80 1
62 82 -1
62 84 1
62 85 1
62 87 1
62 89 1
62 92 1
62 93 1
62 94 1
62 96 1
62 98 1
62 104 1
62 114 1
62 118 1
62 120 1
62 122 1
62 129 1
62 132 1
62 135 1
62 137 1
62 138 1
62 141 1
62 143 1
62 144 1
62 149 1
62 162 -1
62 167 1
62 168 -1
62 169 1
63 8 1
63 9 1
63 11 1
63 16 -1
63 20 1
63 25 -1
63 32 -1
63 37 1
63 40 1
63 42 -1
63 47 1
63 55 1
63 56 -1
63 58 1
63 60 1
63 62 1
63 68 1
63 70 -1
63 76 1
63 82 -1
63 83 1
63 89 1
63 91 1
63 96 1
63 97 1
63 110 1
63 119 1
63 121 1
63 130 1
63 134 1
63 137 1
63 140 -1
63 141 -1
63 146 1
63 148 1
63 149 -1
63 151 1
63 154 1
64 2 1
64 5 1
64 6 1
64 10 1
64 12 -1
64 17 1
64 24 1
64 26 1
64 30 1
64 32 1
64 36 1
64 39 1
64 45 1
64 53 -1
64 57 1
64 59 1
64 60 1
64 65 -1
64 69 1
64 71 1
64 73 1
64 76 1
64 77 1
64 78 1
64 83 1
64 89 1
64 94 1
64 97 1
64 102 1
64 114 1
64 116 1
64 117 1
64 118 -1
64 119 1
64 120 1
64 123 1
64 125 1
64 126 1
64 131 1
64 132 1
64 137 1
64 146 1
64 148 1
64 149 -1
64 150 1
64 155 1
64 157 1
64 160 -1
65 1 1
65 5 1
65 12 1
65 16 -1
65 18 -1
65 24 1
65 28 -1
65 31 1
65 35 1
65 37 1
65 39 1
65 46 1
65 47 1
65 48 1
65 52 1
65 53 1
65 58 1
65 66 1
65 78 1
65 81 1
65 83 1
65 87 1
65 88 -1
65 90 -1
65 98 1
65 100 1
65 102 1
65 106 -1
65 108 1
65 114 -1
65 119 1
65 129 -1
65 133 1
65 137 1
65 138 1
65 140 1
65 142 -1
65 144 1
65 146 1
65 147 -1
65 150 1
65 152 1
65 160 1
65 161 1
65 164 -1
66 2 1
66 3 1
66 8 -1
66 9 -1
66 11 1
66 14 -1
66 16 1
66 18 1
66 22 1
66 23 -1
66 26 1
66 33 1
66 35 1
66 39 1
66 42 1
66 44 -1
66 52 1
66 57 1
66 60 1
66 61 1
66 64 1
66 69 1
66 71 1
66 73 1
66 75 1
66 86 1
66 94 -1
66 97 1
66 103 -1
66 104 1
66 105 1
66 108 1
66 116 1
66 120 1
66 122 -1
66 124 1
66 135 1
66 138 1
66 142 1
66 155 -1
66 156 1
66 170 1
67 1 -1
67 3 1
67 4 1
67 8 1
67 20 1
67 21 -1
67 23 1
67 28 1
67 34 -1
67 43 1
67 46 1
67 48 1
67 50 1
67 51 -1
67 54 1
67 57 1
67 63 1
67 64 1
67 65 1
67 66 1
67 68 1
67 77 1
67 79 1
67 83 1
67 86 -1
67 87 1
67 89 1
67 90 -1
67 91 1
67 94 1
67 96 -1
67 103 1
67 105 1
67 113 1
67 116 -1
67 121 1
67 122 1
67 128 1
67 131 1
67 134 1
67 136 -1
67 137 1
67 138 1
67 142 1
67 143 1
67 145 1
67 148 1
67 149 1
67 150 1
67 152 1
67 154 1
67 155 -1
67 156 1
67 162 1
67 163 1
67 164 1
67 165 -1
67 167 -1
67 168 1
68 1 1
68 5 1
68 8 1
68 15 1
68 35 1
68 38 1
68 42 1
68 43 1
68 44 1
68 50 1
68 52 1
68 54 1
68 64 1
68 73 1
68 79 1
68 83 1
68 85 1
68 87 1
68 89 1
68 90 1
68 93 1
68 100 -1
68 101 1
68 103 1
68 106 1
68 114 1
68 115 1
68 116 1
68 124 1
68 127 1
68 128 1
68 133 1
68 138 -1
68 141 1
68 143 1
68 144 -1
68 151 -1
68 152 1
68 155 1
68 157 1
69 1 1
69 6 1
69 7 1
69 8 -1
69 9 1
69 12 -1
69 15 1
69 16 1
69 18 1
69 20 1
69 25 1
69 26 1
69 27 1
69 32 1
69 35 -1
69 47 1
69 48 1
69 62 1
69 71 1
69 72 -1
69 76 1
69 82 1
69 83 1
69 86 1
69 88 1
69 92 1
69 104 1
69 117 -1
69 118 1
69 136 1
69 141 -1
69 143 1
69 145 1
69 150 1
69 154 1
69 157 -1
69 160 1
69 162 1
69 163 1
69 166 1
69 167 1
69 168 1
70 4 1
70 5 1
70 8 -1
70 9 1
70 11 1
70 13 1
70 21 -1
70 22 -1
70 23 -1
70 27 1
70 29 1
70 31 -1
70 33 1
70 35 1
70 39 -1
70 41 1
70 47 1
70 50 1
70 53 1
70 57 1
70 58 -1
70 59 1
70 60 1
70 65 1
70 71 -1
70 73 1
70 79 1
70 80 1
70 81 1
70 84 1
70 89 1
70 92 1
70 93 1
70 100 1
70 102 1
70 104 1
70 106 -1
70 109 -1
70 114 1
70 117 1
70 118 1
70 125 1
70 129 1
70 135 1
70 137 1
70 138 -1
70 146 1
70 149 -1
70 150 1
70 154 -1
70 156 -1
70 159 1
70 166 -1
70 167 1
71 3 1
71 5 1
71 12 1
71 13 1
71 14 1
71 15 1
71 16 1
71 18 1
71 20 1
71 23 1
71 25 1
71 26 1
71 27 1
71 32 -1
71 36 1
71 43 -1
71 45 1
71 49 1
71 51 1
71 58 1
71 65 1
71 80 1
71 81 -1
71 83 1
71 91 -1
71 93 -1
71 98 1
71 117 1
71 119 1
71 120 1
71 121 1
71 123 -1
71 126 1
71 127 1
71 130 -1
71 131 1
71 133 1
71 138 1
71 139 1
71 140 1
71 155 1
71 156 1
71 157 1
71 162 1
71 164 1
71 167 1
71 169 1
72 3 1
72 8 1
72 16 1
72 23 1
72 28 -1
72 30 1
72 34 -1
72 36 -1
72 44 1
72 71 1
72 73 1
72 75 -1
72 78 1
72 88 1
72 97 1
72 99 1
72 101 1
72 103 1
72 108 -1
72 113 1
72 122 1
72 123 1
72 124 1
72 127 1
72 132 1
72 135 1
72 144 1
72 161 1
73 6 1
73 7 1
73 8 1
73 9 1
73 17 1
73 22 -1
73 27 1
73 28 1
73 29 1
73 31 -1
73 34 1
73 36 1
73 38 1
73 40 1
73 42 1
73 46 1
73 50 -1
73 53 1
73 60 1
73 74 1
73 75 -1
73 76 1
73 77 1
73 80 1
73 81 1
73 83 -1
73 85 1
73 90 1
73 98 1
73 99 1
73 108 1
73 119 1
73 120 -1
73 122 1
73 129 -1
73 134 -1
73 137 1
73 138 1
73 139 1
73 140 1
73 144 -1
73 153 1
73 165 1
73 166 1
73 167 1
73 169 1
73 170 1
74 10 1
74 12 1
74 14 1
74 18 1
74 19 1
74 21 -1
74 23 1
74 25 1
74 27 1
74 40 1
74 42 1
74 45 1
74 52 1
74 54 1
74 57 1
74 60 1
74 67 1
74 68 1
74 69 1
74 77 1
74 79 -1
74 84 1
74 85 1
74 101 1
74 107 -1
74 116 -1
74 121 1
74 128 1
74 131 1
74 134 -1
74 138 -1
74 144 1
74 149 1
74 159 1
74 160 -1
74 164 1
74 166 1
74 168 1
75 4 -1
75 16 -1
75 21 1
75 23 1
75 31 1
75 36 1
75 46 -1
75 51 1
75 52 1
75 56 1
75 57 1
75 61 1
75 67 1
75 70 -1
75 71 1
75 74 1
75 78 1
75 79 1
75 85 1
75 86 -1
75 100 1
75 104 1
75 118 1
75 122 1
75 124 1
75 127 1
75 129 1
75 132 1
75 133 1
75 135 1
75 138 1
75 140 1
75 141 1
75 143 1
75 148 1
75 152 -1
75 155 1
76 1 1
76 9 1
76 10 1
76 13 -1
76 16 1
76 18 -1
76 22 1
76 23 1
76 27 1
76 28 1
76 39 -1
76 40 1
76 46 1
76 47 1
76 57 1
76 61 1
76 65 1
76 68 1
76 71 1
76 74 1
76 75 1
76 79 1
76 86 1
76 90 -1
76 91 1
76 102 1
76 112 -1
76 113 1
76 120 1
76 121 -1
76 126 -1
76 128 1
76 130 1
76 132 1
76 143 1
76 149 -1
76 150 1
76 152 1
76 158 -1
76 160 1
76 164 1
76 169 1
77 7 -1
77 12 1
77 20 1
77 32 -1
77 34 1
77 48 1
77 53 1
77 55 1
77 63 1
77 72 1
77 75 -1
77 87 1
77 91 1
77 94 1
77 96 1
77 112 -1
77 116 1
77 118 1
77 122 1
77 127 -1
77 132 -1
77 134 -1
77 140 -1
77 143 1
77 149 1
77 151 1
77 154 -1
77 165 -1
78 1 1
78 2 1
78 15 -1
78 26 1
78 33 1
78 34 -1
78 37 1
78 50 1
78 51 1
78 56 1
78 58 1
78 63 1
78 66 1
78 68 1
78 70 -1
78 71 1
78 80 1
78 82 1
78 86 1
78 92 1
78 103 1
78 109 1
78 115 1
78 119 -1
78 127 1
78 128 1
78 136 1
78 138 1
78 140 -1
78 147 1
78 160 -1
78 163 -1
78 164 1
79 1 -1
79 11 1
79 12 1
79 14 1
79 15 -1
79 19 1
79 28 -1
79 35 1
79 37 -1
79 45 1
79 53 1
79 56 -1
79 58 -1
79 61 1
79 62 -1
79 71 1
79 78 -1
79 81 1
79 83 1
79 85 -1
79 87 -1
79 90 -1
79 95 1
79 97 1
79 101 1
79 106 -1
79 107 1
79 108 1
79 109 1
79 110 1
79 114 1
79 122 1
79 124 1
79 125 1
79 126 1
79 140 1
79 143 1
79 144 -1
79 146 1
79 149 -1
79 151 -1
79 156 1
79 162 1
79 163 1
79 168 1
80 9 1
80 14 -1
80 18 1
80 19 -1
80 28 1
80 30 1
80 33 1
80 37 1
80 43 1
80 48 1
80 54 1
80 59 1
80 60 1
80 63 1
80 74 -1
80 77 1
80 83 1
80 85 1
80 87 1
80 88 1
80 89 1
80 90 1
80 94 1
80 95 -1
80 108 -1
80 115 1
80 116 -1
80 130 -1
80 132 1
80 136 1
80 138 1
80 144 1
80 145 -1
80 151 1
80 153 1
80 155 1
80 159 1
80 165 1
80 167 1
81 2 1
81 5 1
81 7 1
81 8 -1
81 13 -1
81 15 1
81 26 1
81 28 1
81 36 -1
81 42 1
81 43 -1
81 44 1
81 47 -1
81 57 1
81 62 1
81 80 1
81 88 1
81 92 1
81 101 1
81 102 1
81 103 1
81 106 -1
81 117 1
81 119 1
81 121 1
81 122 1
81 123 1
81 127 1
81 128 1
81 130 1
81 131 1
81 134 1
81 139 1
81 142 1
81 145 1
81 149 1
81 151 1
81 160 -1
82 3 1
82 19 1
82 20 1
82 22 1
82 26 1
82 28 1
82 32 1
82 36 1
82 37 1
82 42 1
82 46 1
82 54 1
82 55 1
82 59 1
82 60 1
82 61 -1
82 64 1
82 65 1
82 66 1
82 73 1
82 74 1
82 77 1
82 81 1
82 83 1
82 88 1
82 90 1
82 91 1
82 102 -1
82 103 1
82 104 1
82 112 1
82 118 1
82 124 1
82 125 -1
82 129 1
82 137 1
82 139 1
82 146 1
82 147 1
82 148 -1
82 155 1
82 156 -1
82 160 1
82 166 1
82 169 1
82 170 -1
83 5 -1
83 8 1
83 9 1
83 10 1
83 16 -1
83 21 1
83 28 1
83 37 1
83 39 1
83 51 1
83 59 1
83 61 1
83 62 1
83 77 1
83 92 1
83 96 1
83 100 1
83 102 1
83 103 1
83 107 1
83 109 1
83 111 1
83 116 1
83 120 -1
83 132 1
83 141 1
83 144 1
83 148 1
83 156 1
83 160 1
83 166 1
84 3 1
84 5 1
84 19 1
84 24 1
84 26 -1
84 27 -1
84 28 1
84 32 1
84 40 1
84 41 1
84 48 1
84 49 1
84 53 1
84 57 1
84 63 -1
84 69 1
84 73 1
84 76 1
84 77 -1
84 78 1
84 80 1
84 83 -1
84 85 1
84 98 1
84 102 1
84 104 1
84 106 1
84 108 1
84 112 1
84 113 1
84 120 -1
84 121 1
84 122 1
84 123 1
84 128 1
84 130 1
84 132 1
84 133 -1
84 138 1
84 140 1
84 141 1
84 142 1
84 145 1
84 150 1
84 152 -1
84 156 1
84 158 1
84 167 1
84 168 -1
85 1 1
85 4 1
85 6 1
85 16 1
85 18 1
85 23 1
85 25 1
85 27 1
85 36 1
85 40 1
85 46 1
85 48 -1
85 52 1
85 54 1
85 66 1
85 69 1
85 70 1
85 71 1
85 76 1
85 77 1
85 81 1
85 87 1
85 93 1
85 96 1
85 97 1
85 101 1
85 110 1
85 113 -1
85 118 1
85 120 -1
85 121 1
85 125 1
85 129 1
85 132 1
85 140 1
85 142 1
85 148 1
85 156 1
85 162 1
85 165 1
86 2 1
86 10 1
86 14 1
86 15 1
86 19 1
86 20 1
86 22 1
86 29 1
86 30 1
86 31 1
86 32 1
86 33 1
86 44 1
86 45 1
86 54 1
86 57 1
86 59 1
86 60 1
86 64 1
86 71 1
86 77 1
86 80 1
86 82 1
86 83 1
86 97 1
86 104 1
86 107 1
86 111 1
86 114 1
86 115 -1
86 117 1
86 119 1
86 120 1
86 124 1
86 128 1
86 132 1
86 150 -1
86 154 -1
86 156 1
86 158 1
86 159 -1
86 164 1
87 8 1
87 10 -1
87 11 1
87 15 1
87 16 -1
87 19 1
87 23 1
87 24 1
87 25 1
87 28 1
87 29 1
87 31 -1
87 36 1
87 37 1
87 41 1
87 44 1
87 47 1
87 53 1
87 54 1
87 59 1
87 60 -1
87 61 1
87 64 1
87 72 1
87 73 1
87 75 1
87 86 1
87 88 1
87 89 1
87 96 -1
87 97 1
87 102 1
87 104 1
87 107 1
87 110 1
87 114 1
87 117 1
87 119 1
87 124 -1
87 125 1
87 127 1
87 128 1
87 142 1
87 144 1
87 149 1
87 153 1
87 159 1
87 160 1
88 3 1
88 6 -1
88 10 -1
88 13 1
88 15 1
88 18 1
88 29 1
88 31 1
88 34 1
88 39 1
88 44 1
88 46 -1
88 50 1
88 52 1
88 56 1
88 59 1
88 64 1
88 68 1
88 73 1
88 74 -1
88 77 1
88 84 1
88 90 1
88 92 1
88 94 1
88 100 1
88 102 1
88 106 1
88 107 1
88 108 1
88 109 1
88 120 1
88 125 1
88 140 1
88 144 -1
88 151 1
88 161 1
88 163 1
88 168 1
89 13 -1
89 18 1
89 22 -1
89 24 1
89 26 1
89 28 1
89 33 1
89 34 -1
89 38 1
89 44 1
89 48 1
89 49 1
89 51 -1
89 52 1
89 54 1
89 55 1
89 56 -1
89 59 -1
89 61 1
89 81 -1
89 82 1
89 84 1
89 85 1
89 86 1
89 94 1
89 96 1
89 97 1
89 108 1
89 112 1
89 127 1
89 129 1
89 130 1
89 136 1
89 141 1
89 146 1
89 151 1
89 153 -1
89 162 -1
89 167 1
89 169 1
90 5 1
90 7 1
90 8 1
90 11 1
90 13 1
90 16 1
90 20 1
90 25 1
90 26 1
90 27 1
90 38 -1
90 39 -1
90 40 1
90 41 1
90 42 1
90 55 1
90 59 1
90 60 1
90 62 1
90 66 1
90 78 1
90 86 1
90 89 -1
90 102 1
90 109 1
90 114 -1
90 116 1
90 117 1
90 121 1
90 122 1
90 123 1
90 126 1
90 127 1
90 131 1
90 132 1
90 138 1
90 140 1
90 144 1
90 153 1
90 157 -1
90 162 1
90 166 1
90 167 1
90 168 1
90 170 -1
91 4 1
91 9 -1
91 17 1
91 32 1
91 36 1
91 37 1
91 39 1
91 41 -1
91 46 1
91 53 1
91 58 -1
91 60 1
91 72 1
91 78 1
91 79 1
91 80 1
91 86 1
91 87 1
91 88 1
91 90 1
91 102 1
91 105 1
91 113 1
91 115 1
91 117 1
91 119 1
91 120 -1
91 133 1
91 136 -1
91 151 1
91 153 1
91 167 1
92 7 1
92 10 1
92 17 1
92 18 1
92 20 -1
92 22 1
92 24 1
92 29 1
92 34 1
92 35 1
92 37 1
92 40 1
92 41 1
92 50 1
92 52 -1
92 54 1
92 63 1
92 68 1
92 72 1
92 74 1
92 79 1
92 82 1
92 85 1
92 86 1
92 89 1
92 90 1
92 95 1
92 109 1
92 111 1
92 112 1
92 113 1
92 117 1
92 120 1
92 123 -1
92 131 1
92 132 -1
92 133 1
92 138 -1
92 141 1
92 145 1
92 148 1
92 150 1
92 165 1
92 169 1
92 170 -1
93 5 1
93 7 1
93 14 1
93 16 1
93 21 1
93 30 1
93 31 1
93 34 1
93 37 1
93 45 1
93 49 1
93 54 1
93 56 1
93 61 1
93 65 1
93 66 1
93 74 1
93 75 1
93 79 -1
93 82 1
93 83 1
93 84 1
93 87 1
93 89 1
93 95 1
93 100 1
93 121 1
93 123 1
93 126 1
93 130 1
93 133 1
93 147 1
93 151 1
93 152 1
93 154 1
93 155 1
93 158 -1
93 159 1
93 163 1
93 165 1
93 170 1
94 7 1
94 10 1
94 14 1
94 16 1
94 17 -1
94 22 1
94 29 1
94 30 1
94 38 1
94 41 -1
94 42 1
94 44 -1
94 51 1
94 57 -1
94 70 1
94 74 1
94 75 1
94 78 1
94 99 1
94 100 1
94 106 1
94 111 1
94 112 1
94 114 1
94 115 1
94 116 -1
94 123 1
94 131 1
94 133 1
94 151 1
94 153 -1
94 155 1
94 159 1
94 162 -1
94 165 -1
94 166 1
94 170 1
95 11 -1
95 20 1
95 21 1
95 24 1
95 26 1
95 29 1
95 31 1
95 32 1
95 38 1
95 41 1
95 46 1
95 49 -1
95 52 1
95 56 1
95 70 -1
95 71 -1
95 73 1
95 77 1
95 84 1
95 86 1
95 87 1
95 88 1
95 97 1
95 98 1
95 109 1
95 115 1
95 117 1
95 119 1
95 120 1
95 125 1
95 126 -1
95 128 1
95 129 1
95 131 1
95 135 1
95 147 1
95 150 1
95 151 1
95 154 1
95 156 1
95 160 1
95 167 1
96 3 1
96 4 1
96 7 1
96 14 1
96 16 -1
96 17 1
96 18 1
96 21 1
96 26 1
96 27 1
96 35 -1
96 45 1
96 50 -1
96 53 -1
96 68 1
96 69 1
96 74 1
96 76 1
96 90 -1
96 91 -1
96 98 1
96 99 1
96 102 1
96 103 1
96 109 1
96 113 1
96 114 1
96 116 1
96 119 1
96 121 -1
96 127 1
96 129 -1
96 130 1
96 138 1
96 139 1
96 144 1
96 151 1
96 154 -1
96 155 1
96 156 1
96 157 1
97 6 1
97 7 1
97 17 1
97 21 1
97 22 1
97 26 1
97 27 1
97 33 1
97 35 1
97 38 -1
97 43 1
97 55 1
97 75 -1
97 81 1
97 83 1
97 88 1
97 93 -1
97 100 1
97 104 1
97 106 1
97 110 1
97 113 1
97 126 1
97 132 1
97 135 1
97 139 1
97 142 1
97 146 1
97 158 -1
97 167 1
97 168 1
98 2 1
98 5 1
98 7 -1
98 13 1
98 18 1
98 21 1
98 29 -1
98 32 1
98 38 1
98 43 1
98 50 -1
98 63 1
98 66 1
98 67 -1
98 69 -1
98 72 1
98 75 1
98 79 -1
98 80 -1
98 81 1
98 87 1
98 97 1
98 100 1
98 107 1
98 112 1
98 115 1
98 118 1
98 120 1
98 131 -1
98 135 1
98 137 1
98 147 1
98 149 -1
98 150 1
98 152 1
98 157 1
98 158 -1
99 4 1
99 10 1
99 12 -1
99 34 1
99 35 1
99 40 1
99 44 1
99 45 1
99 47 -1
99 51 1
99 54 1
99 56 -1
99 57 -1
99 59 -1
99 66 1
99 68 1
99 69 1
99 78 1
99 83 1
99 85 1
99 101 1
99 111 1
99 118 1
99 121 1
99 122 1
99 126 -1
99 127 1
99 131 1
99 138 1
99 139 1
99 142 1
99 144 1
99 145 -1
99 148 1
99 150 1
99 151 1
99 157 1
99 159 -1
99 163 -1
99 166 1
99 168 1
100 11 1
100 15 -1
100 17 1
100 32 1
100 35 1
100 36 1
100 37 1
100 40 1
100 42 1
100 43 1
100 46 -1
100 59 1
100 66 1
100 74 1
100 76 1
100 77 -1
100 80 1
100 85 1
100 89 -1
100 95 -1
100 106 -1
100 115 -1
100 120 1
100 123 -1
100 129 1
100 137 1
100 139 1
100 141 1
100 144 -1
100 146 1
100 148 1
100 152 1
100 153 1
100 155 1
101 5 1
101 7 1
101 8 1
101 9 -1
101 10 -1
101 14 1
101 17 1
101 22 1
101 28 1
101 31 1
101 32 1
101 38 1
101 43 1
101 45 1
101 50 1
101 52 1
101 55 -1
101 56 1
101 57 1
101 69 1
101 75 1
101 78 -1
101 80 1
101 84 1
101 88 -1
101 94 1
101 96 1
101 100 1
101 113 1
101 114 1
101 118 1
101 120 1
101 121 1
101 125 1
101 127 1
101 128 -1
101 131 1
101 135 1
101 139 1
101 148 1
101 149 -1
101 153 1
101 154 1
101 155 1
101 156 1
101 161 1
101 162 1
101 163 -1
101 164 -1
102 4 1
102 6 1
102 9 1
102 10 -1
102 11 1
102 15 1
102 16 -1
102 18 1
102 22 1
102 23 1
102 24 1
102 35 1
102 37 -1
102 40 1
102 45 1
102 46 1
102 47 1
102 53 1
102 55 1
102 66 1
102 67 -1
102 69 1
102 72 1
102 78 1
102 94 -1
102 97 1
102 101 1
102 104 1
102 106 -1
102 110 1
102 122 1
102 123 1
102 131 1
102 132 1
102 137 1
102 143 1
102 148 1
102 156 1
102 160 1
102 161 1
102 163 1
102 166 -1
102 170 1
103 6 1
103 9 1
103 10 -1
103 16 -1
103 22 1
103 30 1
103 43 1
103 44 1
103 45 1
103 46 1
103 48 1
103 52 1
103 53 1
103 55 1
103 56 1
103 60 1
103 64 1
103 65 -1
103 69 1
103 74 1
103 84 1
103 89 1
103 90 1
103 92 1
103 93 1
103 95 1
103 97 1
103 98 -1
103 99 1
103 109 -1
103 120 1
103 121 1
103 124 1
103 127 1
103 132 -1
103 135 1
103 141 1
103 143 1
103 149 1
103 153 1
103 154 1
103 159 1
103 166 1
104 1 1
104 3 -1
104 8 1
104 11 1
104 13 1
104 14 1
104 28 1
104 31 1
104 32 1
104 33 1
104 48 -1
104 52 1
104 56 1
104 60 1
104 63 1
104 64 1
104 65 1
104 67 1
104 72 1
104 74 1
104 77 1
104 80 1
104 85 1
104 88 1
104 94 -1
104 96 1
104 100 1
104 101 1
104 106 1
104 109 -1
104 115 1
104 116 1
104 118 -1
104 120 1
104 125 1
104 126 1
104 128 -1
104 133 1
104 137 1
104 138 1
104 147 1
104 150 1
104 160 1
104 163 -1
104 170 1
105 3 1
105 8 1
105 11 1
105 15 1
105 16 -1
105 19 1
105 23 1
105 25 -1
105 28 1
105 39 1
105 40 1
105 41 1
105 45 1
105 49 1
105 50 1
105 51 1
105 60 1
105 69 -1
105 71 1
105 79 1
105 82 1
105 96 1
105 102 1
105 103 -1
105 104 -1
105 108 1
105 109 1
105 112 1
105 118 -1
105 123 1
105 125 1
105 129 1
105 132 -1
105 134 -1
105 135 1
105 142 -1
105 145 1
105 146 -1
105 148 1
105 152 1
105 154 -1
105 155 1
105 157 1
105 158 1
105 164 1
105 165 1
105 167 1
105 168 -1
106 6 -1
106 7 1
106 9 1
106 14 -1
106 15 -1
106 16 1
106 20 1
106 25 1
106 26 1
106 27 1
106 30 1
106 32 -1
106 35 1
106 40 1
106 46 1
106 47 1
106 50 1
106 51 1
106 55 1
106 56 1
106 62 1
106 66 1
106 73 1
106 75 1
106 76 1
106 77 1
106 78 -1
106 80 1
106 83 1
106 89 1
106 91 1
106 95 1
106 96 1
106 99 1
106 103 1
106 109 1
106 110 -1
106 111 1
106 114 -1
106 115 1
106 116 1
106 125 1
106 127 1
106 130 1
106 133 1
106 143 1
106 145 1
106 146 -1
106 151 -1
106 154 1
106 158 1
106 159 1
106 162 1
106 164 1
106 165 1
106 166 -1
106 170 1
107 1 1
107 7 1
107 16 1
107 18 1
107 19 -1
107 27 1
107 32 1
107 38 1
107 48 1
107 49 1
107 50 1
107 56 1
107 57 -1
107 59 1
107 64 1
107 68 1
107 70 1
107 73 1
107 75 -1
107 80 -1
107 85 1
107 90 1
107 91 1
107 95 1
107 99 1
107 100 1
107 102 1
107 106 1
107 109 1
107 111 1
107 113 1
107 116 1
107 117 -1
107 118 -1
107 121 1
107 130 1
107 131 1
107 145 1
107 151 1
107 154 1
107 157 1
107 158 1
107 160 1
107 163 1
107 164 -1
107 166 1
108 7 1
108 17 1
108 18 1
108 19 1
108 20 1
108 22 1
108 23 1
108 25 1
108 28 1
108 29 -1
108 34 1
108 35 1
108 36 -1
108 37 1
108 40 1
108 44 1
108 46 1
108 48 1
108 55 -1
108 59 -1
108 60 1
108 61 1
108 62 1
108 63 1
108 69 1
108 74 1
108 77 1
108 81 1
108 90 1
108 100 1
108 106 1
108 112 1
108 113 1
108 114 -1
108 120 1
108 124 1
108 126 1
108 129 -1
108 132 1
108 134 1
108 136 1
108 138 -1
108 141 1
108 153 1
108 159 -1
108 164 1
108 165 1
108 166 1
109 2 1
109 3 1
109 6 1
109 11 1
109 12 1
109 13 -1
109 17 1
109 19 1
109 25 1
109 26 1
109 27 1
109 30 1
109 33 1
109 34 -1
109 35 1
109 38 1
109 41 1
109 43 1
109 48 1
109 53 -1
109 59 1
109 64 1
109 67 1
109 72 1
109 77 -1
109 81 1
109 85 -1
109 86 1
109 87 -1
109 91 -1
109 93 1
109 94 1
109 97 -1
109 99 -1
109 118 1
109 124 1
109 128 1
109 131 -1
109 133 1
109 139 1
109 141 1
109 146 1
109 147 1
109 152 1
110 1 1
110 3 1
110 13 1
110 14 1
110 16 1
110 26 1
110 32 1
110 42 1
110 43 1
110 44 -1
110 57 1
110 58 1
110 61 -1
110 64 1
110 65 1
110 66 -1
110 69 1
110 70 1
110 72 1
110 74 1
110 76 1
110 78 1
110 80 1
110 81 1
110 83 1
110 84 1
110 92 -1
110 95 1
110 96 1
110 108 1
110 109 1
110 115 1
110 116 1
110 117 1
110 123 -1
110 124 1
110 129 1
110 132 -1
110 145 1
110 146 -1
110 148 1
110 154 -1
110 157 1
110 162 1
110 166 1
110 169 1
111 10 -1
111 11 1
111 14 1
111 20 1
111 22 -1
111 25 1
111 31 1
111 34 1
111 39 1
111 40 1
111 41 -1
111 43 1
111 47 1
111 48 1
111 51 1
111 54 1
111 55 1
111 65 1
111 70 1
111 72 1
111 79 1
111 81 1
111 84 1
111 91 1
111 95 1
111 96 1
111 100 1
111 101 1
111 113 -1
111 114 1
111 120 1
111 121 1
111 122 1
111 127 1
111 132 1
111 133 1
111 135 1
111 136 1
111 140 1
111 144 1
111 146 1
111 147 1
111 152 -1
111 155 1
111 161 -1
111 163 1
111 165 1
111 166 1
111 168 1
112 2 1
112 5 1
112 9 1
112 14 1
112 15 1
112 16 1
112 25 1
112 27 1
112 28 1
112 29 1
112 30 1
112 39 -1
112 41 1
112 42 1
112 48 1
112 50 1
112 55 -1
112 58 1
112 64 1
112 66 1
112 74 1
112 75 -1
112 81 -1
112 85 1
112 93 1
112 101 1
112 103 1
112 104 1
112 106 1
112 111 1
112 114 1
112 116 1
112 118 1
112 119 1
112 123 1
112 130 1
112 132 -1
112 135 1
112 142 1
112 161 1
112 164 1
112 167 1
112 170 1
113 9 1
113 12 1
113 15 -1
113 19 1
113 21 1
113 23 1
113 24 -1
113 27 1
113 39 -1
113 40 1
113 41 1
113 44 -1
113 46 -1
113 49 -1
113 53 -1
113 54 1
113 58 1
113 61 1
113 63 1
113 69 1
113 71 -1
113 79 1
113 86 1
113 87 1
113 99 1
113 100 -1
113 102 -1
113 104 1
113 105 1
113 110 1
113 112 -1
113 115 -1
113 117 1
113 118 1
113 123 1
113 124 1
113 125 -1
113 141 1
113 148 -1
113 150 1
113 153 -1
113 157 1
113 159 1
113 162 1
113 167 -1
113 169 1
113 170 1
114 1 -1
114 5 1
114 7 -1
114 9 1
114 15 1
114 17 1
114 22 1
114 24 1
114 27 1
114 30 1
114 32 -1
114 38 -1
114 39 1
114 61 1
114 73 1
114 76 1
114 78 -1
114 91 1
114 93 -1
114 98 1
114 109 -1
114 110 -1
114 118 1
114 119 1
114 124 1
114 128 1
114 130 1
114 135 1
114 136 -1
114 137 1
114 139 1
114 140 1
114 144 1
114 149 1
114 157 -1
114 158 1
114 160 1
114 163 -1
114 168 1
115 1 1
115 3 -1
115 7 1
115 9 1
115 13 1
115 17 1
115 30 1
115 31 1
115 35 -1
115 53 1
115 54 1
115 62 1
115 64 1
115 65 1
115 66 1
115 71 1
115 77 1
115 82 1
115 84 1
115 88 1
115 96 1
115 103 1
115 109 1
115 114 1
115 118 1
115 123 -1
115 124 1
115 126 1
115 127 1
115 129 1
115 135 1
115 138 1
115 141 1
115 142 -1
115 143 1
115 149 1
115 150 1
115 154 1
115 155 1
115 157 -1
115 159 1
115 166 1
116 4 1
116 5 1
116 7 1
116 8 1
116 11 1
116 13 1
116 16 -1
116 17 -1
116 21 1
116 29 1
116 32 -1
116 36 1
116 37 1
116 43 1
116 45 -1
116 46 1
116 58 1
116 62 1
116 65 1
116 70 1
116 71 1
116 82 1
116 88 -1
116 91 1
116 93 1
116 95 1
116 97 1
116 101 1
116 109 1
116 113 1
116 120 -1
116 121 1
116 123 1
116 137 1
116 140 1
116 142 1
116 164 1
117 6 1
117 12 1
117 13 -1
117 15 1
117 16 -1
117 19 1
117 23 1
117 26 1
117 30 1
117 32 1
117 35 1
117 39 1
117 40 1
117 43 1
117 46 1
117 59 -1
117 60 1
117 61 -1
117 65 1
117 66 1
117 67 -1
117 72 1
117 73 -1
117 78 1
117 82 1
117 84 1
117 93 1
117 101 -1
117 102 1
117 112 1
117 115 1
117 123 1
117 125 -1
117 131 -1
117 136 1
117 140 1
117 142 -1
117 149 1
117 156 -1
117 160 1
118 2 1
118 3 1
118 4 1
118 6 1
118 7 1
118 9 -1
118 12 1
118 18 1
118 19 1
118 20 1
118 25 1
118 27 1
118 35 1
118 38 -1
118 39 -1
118 54 1
118 86 1
118 87 1
118 92 1
118 97 1
118 103 1
118 108 -1
118 116 -1
118 119 1
118 128 1
118 160 1
118 162 1
118 163 1
118 167 1
119 6 1
119 18 1
119 19 1
119 20 1
119 21 1
119 22 1
119 31 1
119 40 1
119 42 1
119 46 1
119 47 1
119 52 1
119 55 1
119 56 1
119 59 1
119 60 1
119 61 1
119 70 1
119 72 1
119 82 1
119 97 1
119 102 1
119 103 1
119 107 1
119 109 1
119 110 1
119 117 1
119 127 1
119 134 1
119 137 1
119 138 1
119 147 1
119 150 1
119 152 1
119 154 1
119 156 1
119 158 -1
119 161 -1
119 163 1
119 167 1
119 169 1
119 170 -1
120 2 -1
120 6 1
120 7 -1
120 9 1
120 10 -1
120 15 -1
120 23 -1
120 28 -1
120 31 1
120 33 1
120 34 1
120 44 1
120 45 1
120 56 1
120 60 1
120 69 -1
120 75 1
120 77 1
120 78 1
120 81 1
120 82 1
120 87 -1
120 90 1
120 93 1
120 97 -1
120 99 1
120 106 1
120 113 1
120 114 1
120 117 1
120 118 1
120 131 1
120 132 -1
120 135 1
120 138 1
120 141 1
120 142 1
120 144 1
120 153 1
120 155 1
120 157 1
120 161 -1
120 166 1
121 4 -1
121 7 1
121 17 -1
121 19 1
121 20 1
121 29 1
121 37 1
121 39 1
121 40 -1
121 46 1
121 48 1
121 52 1
121 58 1
121 66 1
121 78 1
121 83 -1
121 86 1
121 88 1
121 91 1
121 94 1
121 104 1
121 105 1
121 110 1
121 112 -1
121 114 1
121 124 1
121 126 1
121 127 1
121 132 1
121 135 -1
121 136 1
121 137 1
121 139 1
121 142 1
121 147 1
121 153 1
121 155 1
121 156 1
121 158 1
121 160 1
121 165 1
121 166 -1
121 169 1
122 14 1
122 28 1
122 35 -1
122 36 -1
122 38 1
122 39 -1
122 48 1
122 58 -1
122 64 -1
122 65 1
122 68 1
122 74 -1
122 82 1
122 86 -1
122 87 1
122 88 1
122 89 1
122 91 1
122 92 1
122 93 1
122 94 1
122 106 1
122 114 -1
122 118 -1
122 120 1
122 121 1
122 124 -1
122 127 1
122 128 1
122 131 1
122 134 1
122 143 1
122 146 1
122 148 1
122 151 1
122 152 -1
122 154 1
122 155 -1
122 157 1
122 158 1
122 162 1
123 7 1
123 8 1
123 10 1
123 13 -1
123 16 -1
123 25 -1
123 27 1
123 38 1
123 43 1
123 46 1
123 49 1
123 50 1
123 54 -1
123 55 1
123 63 1
123 66 1
123 68 1
123 69 1
123 75 1
123 76 -1
123 77 1
123 78 -1
123 82 -1
123 85 1
123 88 1
123 106 -1
123 111 1
123 122 1
123 125 1
123 128 -1
123 129 1
123 131 1
123 137 1
123 138 1
123 140 1
123 148 1
123 170 1
124 1 1
124 3 1
124 5 1
124 8 1
124 15 1
124 16 1
124 20 1
124 22 1
124 23 1
124 35 1
124 36 1
124 37 -1
124 44 1
124 49 -1
124 53 1
124 57 1
124 58 1
124 65 1
124 73 1
124 74 1
124 81 1
124 84 1
124 85 1
124 89 1
124 96 1
124 98 1
124 104 1
124 106 1
124 111 1
124 112 -1
124 116 1
124 117 1
124 120 1
124 123 1
124 128 -1
124 131 1
124 132 -1
124 133 1
124 137 1
124 140 -1
124 142 1
124 143 -1
124 148 1
124 156 1
124 157 1
124 160 1
124 166 1
124 168 1
125 2 -1
125 26 1
125 30 1
125 32 1
125 35 -1
125 36 1
125 55 1
125 62 1
125 65 1
125 67 -1
125 68 1
125 69 1
125 71 1
125 74 1
125 77 1
125 83 -1
125 89 1
125 93 1
125 94 -1
125 98 1
125 111 1
125 115 -1
125 119 1
125 121 1
125 127 1
125 136 1
125 138 1
125 145 1
125 146 1
125 149 1
125 160 1
125 161 1
125 163 -1
126 6 1
126 7 -1
126 11 1
126 13 1
126 16 1
126 17 1
126 18 1
126 35 1
126 37 1
126 40 1
126 41 1
126 42 1
126 45 -1
126 46 -1
126 47 1
126 49 1
126 52 1
126 54 -1
126 62 1
126 66 1
126 72 -1
126 75 1
126 78 1
126 81 1
126 85 -1
126 86 -1
126 91 1
126 92 1
126 101 1
126 103 1
126 106 1
126 111 1
126 112 -1
126 116 -1
126 120 1
126 122 1
126 124 -1
126 127 1
126 129 1
126 132 1
126 133 1
126 135 1
126 137 1
126 141 1
126 157 -1
126 160 -1
126 163 1
126 167 1
126 169 1
127 1 1
127 3 1
127 4 -1
127 23 -1
127 30 1
127 36 1
127 39 1
127 43 1
127 44 1
127 53 1
127 55 1
127 56 1
127 57 1
127 58 1
127 59 1
127 61 1
127 62 1
127 64 1
127 67 -1
127 69 1
127 73 -1
127 74 1
127 76 -1
127 84 -1
127 88 1
127 92 -1
127 109 1
127 113 -1
127 138 1
127 139 1
127 141 1
127 144 1
127 145 1
127 161 -1
128 4 1
128 11 1
128 23 1
128 24 1
128 25 1
128 26 1
128 27 1
128 28 1
128 29 1
128 35 1
128 36 1
128 39 1
128 52 1
128 54 1
128 59 1
128 61 1
128 63 1
128 65 1
128 75 1
128 80 1
128 88 -1
128 93 -1
128 103 1
128 108 1
128 112 1
128 115 1
128 116 1
128 126 1
128 129 1
128 134 -1
128 140 -1
128 143 1
128 146 1
128 147 -1
128 156 1
128 157 -1
128 159 1
128 168 1
129 8 1
129 9 -1
129 11 1
129 14 1
129 23 -1
129 29 1
129 31 -1
129 32 -1
129 34 -1
129 41 1
129 51 1
129 54 1
129 58 1
129 63 1
129 64 1
129 68 1
129 69 1
129 72 1
129 74 1
129 77 1
129 79 -1
129 81 -1
129 84 1
129 86 1
129 98 1
129 101 1
129 121 1
129 133 1
129 139 1
129 141 1
129 147 1
129 151 1
129 158 1
129 161 1
129 162 -1
129 164 -1
129 166 1
129 170 1
130 5 1
130 6 1
130 9 1
130 11 -1
130 19 1
130 21 1
130 22 -1
130 26 1
130 39 -1
130 44 1
130 47 1
130 48 1
130 51 1
130 54 -1
130 61 1
130 66 1
130 69 -1
130 74 1
130 77 1
130 83 1
130 87 1
130 94 1
130 97 -1
130 98 1
130 100 1
130 102 1
130 103 1
130 109 1
130 111 1
130 113 1
130 115 1
130 116 1
130 119 1
130 120 -1
130 122 1
130 123 1
130 127 1
130 136 -1
130 143 1
130 148 1
130 154 1
130 159 1
130 161 1
131 1 1
131 7 1
131 23 1
131 29 1
131 30 1
131 33 1
131 36 1
131 38 1
131 41 1
131 46 1
131 49 1
131 55 1
131 56 1
131 57 1
131 65 1
131 72 1
131 73 1
131 79 1
131 82 -1
131 84 1
131 85 1
131 87 1
131 89 1
131 91 1
131 96 1
131 100 1
131 103 -1
131 112 1
131 113 1
131 115 1
131 121 1
131 125 1
131 129 1
131 132 1
131 134 1
131 142 -1
131 143 1
131 146 1
131 151 1
131 152 -1
131 162 1
131 164 -1
131 167 1
132 9 1
132 10 1
132 11 1
132 13 1
132 14 1
132 18 1
132 19 1
132 20 1
132 23 1
132 24 1
132 32 1
132 52 1
132 56 1
132 57 1
132 65 -1
132 67 1
132 73 1
132 87 1
132 91 1
132 98 -1
132 109 1
132 113 1
132 117 1
132 118 1
132 128 1
132 135 -1
132 142 1
132 145 1
132 148 1
132 151 1
132 152 1
132 165 1
132 166 -1
132 170 1
133 1 1
133 6 1
133 11 1
133 12 1
133 13 1
133 16 1
133 17 1
133 18 1
133 22 -1
133 23 -1
133 25 -1
133 31 1
133 33 1
133 39 -1
133 43 -1
133 51 1
133 58 1
133 62 1
133 66 1
133 69 1
133 70 1
133 73 -1
133 74 1
133 81 1
133 86 1
133 90 1
133 97 -1
133 99 1
133 103 1
133 105 1
133 107 1
133 108 1
133 113 1
133 120 1
133 125 1
133 127 1
133 131 1
133 132 1
133 139 1
133 146 1
133 147 -1
133 156 -1
133 163 1
134 3 1
134 7 1
134 12 1
134 20 1
134 21 -1
134 32 1
134 41 1
134 47 1
134 49 1
134 50 1
134 57 1
134 62 1
134 65 -1
134 70 -1
134 76 -1
134 83 -1
134 88 1
134 89 -1
134 90 1
134 91 1
134 92 1
134 93 -1
134 94 -1
134 96 1
134 98 1
134 101 -1
134 102 -1
134 107 1
134 109 1
134 113 1
134 115 1
134 117 1
134 120 1
134 127 1
134 146 1
134 155 1
134 161 1
134 164 1
134 169 1
135 2 1
135 4 1
135 5 1
135 9 1
135 12 1
135 13 1
135 17 1
135 19 1
135 22 1
135 26 1
135 27 1
135 30 -1
135 31 -1
135 32 1
135 36 1
135 38 1
135 41 1
135 42 -1
135 43 1
135 50 -1
135 51 1
135 56 1
135 64 1
135 65 1
135 67 1
135 73 1
135 85 1
135 86 -1
135 91 -1
135 93 -1
135 102 1
135 106 1
135 108 1
135 110 1
135 123 1
135 133 1
135 134 1
135 139 1
135 143 1
135 145 1
135 157 1
135 160 1
135 164 1
135 168 1
135 169 1
136 7 1
136 8 1
136 24 1
136 25 1
136 30 1
136 39 1
136 40 -1
136 41 -1
136 50 1
136 59 -1
136 62 1
136 63 1
136 66 1
136 68 1
136 75 1
136 76 1
136 81 1
136 87 -1
136 96 1
136 100 -1
136 102 1
136 105 1
136 106 1
136 107 -1
136 109 1
136 118 -1
136 119 1
136 122 1
136 129 1
136 131 1
136 133 1
136 137 -1
136 140 1
136 141 1
136 143 1
136 147 1
136 149 1
136 151 1
136 156 1
136 161 1
136 164 1
136 170 1
137 4 1
137 10 1
137 12 1
137 16 1
137 18 1
137 20 1
137 26 1
137 47 1
137 55 1
137 58 -1
137 59 1
137 61 1
137 68 1
137 71 1
137 74 1
137 75 1
137 78 1
137 80 1
137 86 1
137 89 -1
137 90 1
137 96 1
137 97 1
137 99 -1
137 111 1
137 117 1
137 122 -1
137 131 -1
137 140 1
137 144 -1
137 145 1
137 156 1
137 158 1
137 161 1
137 165 -1
137 167 1
138 1 1
138 6 1
138 27 1
138 29 1
138 34 1
138 38 1
138 42 1
138 44 -1
138 47 -1
138 52 -1
138 54 1
138 61 1
138 64 1
138 76 1
138 79 1
138 81 1
138 85 1
138 86 -1
138 91 1
138 98 1
138 105 1
138 107 -1
138 111 1
138 117 1
138 121 1
138 132 1
138 140 1
138 145 1
138 148 1
138 157 1
138 161 1
138 162 -1
138 166 1
139 5 -1
139 6 1
139 13 1
139 14 1
139 18 1
139 20 1
139 21 -1
139 22 1
139 23 1
139 28 1
139 30 1
139 38 1
139 39 -1
139 46 1
139 57 1
139 59 1
139 60 1
139 62 1
139 63 1
139 67 1
139 69 -1
139 75 1
139 77 -1
139 83 1
139 87 1
139 90 -1
139 91 1
139 94 1
139 95 -1
139 98 -1
139 106 1
139 117 1
139 122 -1
139 126 1
139 128 1
139 131 1
139 132 1
139 134 1
139 145 1
139 154 1
139 156 1
139 158 1
139 160 1
139 161 -1
139 164 1
139 168 1
140 7 1
140 13 1
140 17 1
140 20 1
140 23 1
140 25 1
140 26 1
140 28 -1
140 29 1
140 31 1
140 34 -1
140 39 1
140 40 1
140 44 1
140 45 1
140 46 1
140 48 1
140 49 1
140 50 1
140 52 1
140 60 1
140 69 1
140 74 1
140 87 1
140 89 1
140 91 1
140 95 1
140 97 1
140 98 1
140 100 1
140 101 1
140 107 1
140 110 1
140 113 1
140 118 1
140 125 1
140 129 1
140 130 1
140 131 1
140 133 1
140 135 1
140 139 1
140 143 1
140 157 1
140 162 1
140 164 1
141 7 1
141 12 1
141 13 1
141 14 1
141 17 1
141 23 1
141 33 1
141 37 1
141 39 -1
141 57 1
141 64 1
141 65 1
141 67 1
141 71 1
141 72 -1
141 74 -1
141 80 1
141 82 1
141 90 1
141 91 1
141 93 1
141 94 1
141 96 1
141 105 1
141 111 1
141 112 1
141 118 1
141 122 1
141 124 1
141 134 -1
141 137 1
141 139 1
141 140 1
141 144 1
141 146 1
141 147 1
141 148 1
141 151 1
141 154 1
141 155 1
141 157 1
141 163 1
141 164 1
141 170 1
142 4 1
142 5 1
142 9 1
142 17 1
142 21 1
142 23 1
142 31 1
142 45 1
142 50 1
142 57 1
142 63 -1
142 64 1
142 73 1
142 76 1
142 77 -1
142 80 1
142 83 -1
142 86 1
142 94 1
142 95 1
142 96 1
142 98 -1
142 100 1
142 103 1
142 114 1
142 118 1
142 123 1
142 125 1
142 126 1
142 128 -1
142 129 1
142 130 1
142 137 1
142 138 1
142 140 -1
142 146 1
142 148 1
142 149 1
142 150 1
142 155 1
142 158 1
142 162 -1
142 168 1
143 3 1
143 5 -1
143 10 1
143 15 1
143 20 1
143 24 1
143 27 -1
143 28 -1
143 29 1
143 35 1
143 38 1
143 39 1
143 44 -1
143 45 1
143 47 1
143 48 1
143 54 1
143 56 1
143 59 1
143 70 1
143 72 -1
143 78 -1
143 80 1
143 81 1
143 85 1
143 88 1
143 89 1
143 92 1
143 96 -1
143 98 1
143 104 1
143 117 -1
143 127 1
143 132 1
143 139 1
143 154 1
143 156 1
143 157 -1
143 159 1
143 164 1
143 167 1
143 170 -1
144 1 1
144 2 1
144 8 1
144 11 1
144 18 1
144 24 1
144 25 1
144 27 1
144 33 1
144 37 1
144 39 1
144 50 1
144 59 1
144 66 1
144 76 1
144 77 1
144 85 1
144 86 1
144 93 1
144 97 1
144 103 1
144 105 1
144 108 1
144 116 1
144 121 1
144 128 1
144 130 -1
144 149 -1
144 150 -1
144 155 1
144 157 1
144 167 1
145 1 1
145 2 1
145 5 1
145 9 -1
145 13 1
145 17 1
145 27 1
145 29 1
145 31 -1
145 36 1
145 38 1
145 39 1
145 43 1
145 46 1
145 48 1
145 49 1
145 51 1
145 52 1
145 59 -1
145 63 1
145 68 1
145 77 1
145 78 1
145 79 1
145 83 1
145 88 -1
145 89 1
145 93 1
145 94 1
145 97 1
145 102 1
145 109 1
145 115 1
145 117 1
145 119 -1
145 120 1
145 122 1
145 124 1
145 128 1
145 133 1
145 134 1
145 140 -1
145 143 1
145 144 1
145 151 1
145 153 1
145 163 1
145 169 1
146 17 -1
146 18 1
146 25 1
146 26 1
146 34 1
146 38 1
146 45 1
146 48 1
146 50 1
146 52 1
146 56 1
146 57 1
146 60 1
146 66 1
146 68 1
146 69 1
146 73 -1
146 75 1
146 76 1
146 78 -1
146 83 1
146 91 1
146 92 -1
146 93 1
146 98 1
146 102 1
146 104 -1
146 108 1
146 112 1
146 113 1
146 114 -1
146 115 1
146 123 1
146 124 -1
146 126 -1
146 139 1
146 143 1
146 149 1
146 151 1
146 153 1
146 157 -1
146 161 1
146 166 1
146 170 1
147 1 -1
147 4 1
147 7 1
147 12 1
147 18 -1
147 22 1
147 26 1
147 28 1
147 36 1
147 38 1
147 39 1
147 40 1
147 46 1
147 48 1
147 49 -1
147 50 1
147 61 1
147 66 1
147 69 1
147 92 1
147 94 1
147 96 1
147 99 1
147 100 -1
147 101 -1
147 110 1
147 113 -1
147 115 1
147 116 1
147 118 1
147 139 1
147 146 1
147 151 1
147 152 1
147 153 1
147 161 1
148 3 1
148 6 1
148 8 1
148 9 1
148 10 -1
148 20 -1
148 23 1
148 24 1
148 30 1
148 34 -1
148 35 1
148 46 1
148 47 -1
148 60 1
148 69 1
148 77 1
148 78 1
148 80 1
148 84 -1
148 87 -1
148 88 -1
148 89 1
148 94 1
148 98 1
148 106 1
148 109 -1
148 117 1
148 119 1
148 121 1
148 129 1
148 133 1
148 136 1
148 137 1
148 139 1
148 143 1
148 145 1
148 146 1
148 157 1
148 165 1
149 2 1
149 3 1
149 7 1
149 32 1
149 33 -1
149 39 1
149 54 1
149 55 -1
149 66 1
149 84 -1
149 85 1
149 86 1
149 94 -1
149 99 1
149 102 1
149 112 1
149 116 1
149 118 -1
149 122 1
149 126 1
149 128 1
149 129 1
149 130 1
149 135 -1
149 140 1
149 143 1
149 156 -1
149 158 1
149 163 1
149 169 1
150 5 -1
150 10 1
150 11 1
150 14 1
150 17 -1
150 18 1
150 22 1
150 25 1
150 28 1
150 33 1
150 34 1
150 39 1
150 43 1
150 51 1
150 66 1
150 79 1
150 90 1
150 91 -1
150 94 1
150 96 1
150 97 1
150 100 1
150 101 1
150 103 1
150 108 1
150 109 1
150 111 -1
150 112 1
150 116 1
150 117 -1
150 120 1
150 126 -1
150 128 -1
150 132 1
150 135 1
150 143 1
150 146 -1
150 151 1
150 155 1
150 169 1
151 3 1
151 7 1
151 10 -1
151 12 1
151 15 1
151 16 1
151 18 -1
151 23 1
151 31 1
151 35 1
151 37 1
151 46 -1
151 49 1
151 56 1
151 59 1
151 62 1
151 65 -1
151 66 1
151 67 1
151 70 1
151 82 1
151 83 1
151 85 1
151 105 1
151 109 1
151 113 1
151 118 1
151 119 1
151 120 -1
151 121 1
151 124 1
151 127 1
151 130 1
151 133 1
151 134 1
151 135 1
151 149 1
151 155 1
152 2 -1
152 3 1
152 9 1
152 10 1
152 11 1
152 12 1
152 13 1
152 14 1
152 18 1
152 27 -1
152 29 1
152 34 -1
152 37 1
152 40 1
152 45 1
152 46 1
152 48 1
152 55 1
152 63 1
152 70 -1
152 74 -1
152 82 1
152 85 1
152 86 1
152 92 1
152 94 1
152 99 1
152 104 1
152 106 -1
152 107 1
152 113 1
152 118 1
152 121 1
152 130 -1
152 133 1
152 136 1
152 141 -1
152 145 1
152 146 1
152 148 1
152 149 1
152 150 -1
152 151 1
152 153 -1
152 155 1
152 162 1
153 6 1
153 16 1
153 19 1
153 20 1
153 21 1
153 23 1
153 29 1
153 32 1
153 34 1
153 37 1
153 39 -1
153 41 1
153 45 1
153 49 -1
153 53 -1
153 55 1
153 56 1
153 59 1
153 60 1
153 61 1
153 66 1
153 69 -1
153 74 1
153 75 1
153 76 1
153 78 -1
153 79 1
153 81 -1
153 82 1
153 84 1
153 88 -1
153 92 1
153 97 1
153 102 1
153 109 1
153 110 -1
153 111 1
153 112 1
153 117 1
153 122 1
153 123 1
153 127 1
153 128 1
153 129 1
153 131 -1
153 134 1
153 135 1
153 138 1
153 149 1
153 151 -1
153 155 1
153 158 1
153 161 1
153 162 1
153 163 1
153 164 1
153 167 1
153 168 1
154 1 1
154 5 1
154 10 1
154 19 1
154 22 -1
154 25 1
154 30 1
154 34 1
154 43 1
154 52 1
154 53 -1
154 54 1
154 57 1
154 59 1
154 60 1
154 66 1
154 68 1
154 71 -1
154 76 1
154 78 -1
154 81 -1
154 84 1
154 85 1
154 89 1
154 90 1
154 91 -1
154 92 1
154 102 1
154 104 1
154 112 1
154 114 -1
154 118 1
154 121 1
154 125 1
154 128 1
154 135 1
154 136 1
154 137 1
154 138 1
154 140 -1
154 142 1
154 145 1
154 146 -1
154 147 1
154 150 1
154 151 1
154 152 1
154 153 1
154 157 1
154 161 -1
155 2 -1
155 6 1
155 9 1
155 17 1
155 28 1
155 30 1
155 33 -1
155 38 1
155 44 -1
155 45 1
155 46 1
155 54 -1
155 57 -1
155 58 1
155 59 1
155 62 1
155 63 1
155 65 1
155 79 1
155 83 1
155 86 1
155 91 1
155 97 1
155 98 1
155 108 -1
155 112 -1
155 116 -1
155 117 1
155 124 1
155 127 1
155 130 1
155 131 1
155 132 1
155 133 -1
155 137 1
155 140 1
155 145 -1
155 147 1
155 148 1
155 149 1
155 157 1
155 158 -1
155 168 1
155 170 1
156 3 -1
156 7 1
156 14 1
156 15 1
156 27 1
156 28 -1
156 32 1
156 34 -1
156 36 1
156 44 1
156 45 1
156 49 1
156 50 1
156 59 1
156 64 1
156 65 1
156 74 1
156 75 1
156 77 -1
156 81 1
156 88 1
156 90 1
156 91 -1
156 93 1
156 100 -1
156 103 1
156 104 1
156 105 1
156 109 1
156 112 1
156 114 1
156 116 1
156 120 1
156 126 1
156 134 1
156 146 1
156 148 1
156 157 1
156 162 1
157 4 1
157 6 1
157 21 -1
157 23 1
157 30 1
157 32 -1
157 34 1
157 38 1
157 40 1
157 44 1
157 48 1
157 55 -1
157 57 -1
157 59 -1
157 63 1
157 65 1
157 67 1
157 73 -1
157 74 -1
157 75 -1
157 77 1
157 78 1
157 80 1
157 81 -1
157 82 -1
157 88 1
157 91 1
157 94 -1
157 95 1
157 101 1
157 104 1
157 109 1
157 121 1
157 129 -1
157 137 1
157 139 1
157 151 1
157 152 1
157 153 1
157 160 -1
157 161 1
157 164 1
157 166 -1
157 167 1
158 8 1
158 13 1
158 20 -1
158 31 -1
158 35 1
158 41 1
158 49 1
158 50 1
158 52 1
158 53 1
158 55 1
158 60 1
158 68 -1
158 69 1
158 70 1
158 71 1
158 79 1
158 81 -1
158 82 -1
158 88 1
158 89 -1
158 91 1
158 92 1
158 95 1
158 96 -1
158 99 1
158 100 1
158 102 -1
158 117 1
158 118 1
158 131 1
158 132 1
158 135 1
158 138 1
158 140 -1
158 146 1
158 156 -1
158 160 1
158 161 1
158 163 1
158 170 1
159 6 -1
159 8 1
159 9 1
159 10 1
159 12 1
159 14 1
159 21 1
159 23 1
159 27 1
159 28 1
159 29 1
159 30 1
159 31 1
159 33 1
159 37 1
159 38 1
159 40 1
159 42 1
159 44 -1
159 46 1
159 51 1
159 52 1
159 57 1
159 58 1
159 63 1
159 66 -1
159 71 1
159 72 1
159 76 1
159 79 1
159 81 -1
159 100 1
159 104 -1
159 107 1
159 110 1
159 112 -1
159 114 -1
159 116 -1
159 121 -1
159 122 -1
159 123 1
159 124 1
159 126 -1
159 137 1
159 140 1
159 142 1
159 149 1
159 151 1
159 154 -1
159 160 1
159 164 1
159 165 1
159 169 1
160 2 1
160 4 1
160 9 1
160 10 -1
160 14 1
160 16 1
160 19 1
160 21 1
160 22 1
160 24 1
160 25 1
160 29 1
160 34 1
160 35 1
160 45 1
160 47 1
160 51 1
160 53 -1
160 57 1
160 66 1
160 68 -1
160 77 1
160 86 1
160 88 -1
160 92 1
160 93 1
160 96 -1
160 103 1
160 111 1
160 113 -1
160 115 1
160 122 1
160 129 1
160 130 1
160 133 1
160 137 1
160 141 1
160 145 1
160 146 1
160 149 1
160 150 -1
160 153 1
160 155 1
161 7 -1
161 9 -1
161 13 1
161 17 1
161 20 1
161 23 1
161 27 1
161 31 1
161 33 1
161 34 1
161 39 1
161 42 1
161 47 -1
161 50 1
161 53 -1
161 68 1
161 69 -1
161 73 1
161 74 1
161 76 1
161 77 1
161 79 1
161 80 1
161 83 1
161 92 1
161 95 1
161 97 1
161 99 1
161 103 1
161 106 1
161 117 1
161 128 -1
161 133 1
161 135 1
161 143 1
161 151 1
161 160 1
161 167 1
161 168 1
161 169 1
162 4 1
162 8 1
162 13 1
162 23 1
162 24 1
162 27 1
162 30 1
162 32 1
162 38 1
162 42 -1
162 54 -1
162 55 1
162 59 1
162 61 1
162 63 1
162 64 1
162 65 1
162 82 1
162 84 1
162 86 1
162 88 1
162 92 -1
162 93 1
162 102 1
162 103 -1
162 108 1
162 111 1
162 114 1
162 115 1
162 124 1
162 127 1
162 128 -1
162 135 1
162 137 1
162 143 1
162 148 -1
162 149 -1
162 150 1
162 160 1
162 165 1
162 169 1
163 1 -1
163 3 1
163 6 -1
163 8 1
163 11 1
163 16 -1
163 22 1
163 31 1
163 33 1
163 37 1
163 39 1
163 40 -1
163 41 1
163 42 1
163 47 1
163 51 -1
163 53 -1
163 54 1
163 63 1
163 64 -1
163 70 1
163 72 1
163 76 1
163 77 1
163 80 1
163 82 1
163 89 1
163 103 1
163 105 1
163 106 1
163 109 1
163 110 1
163 120 1
163 121 1
163 130 1
163 131 1
163 132 1
163 136 -1
163 137 -1
163 140 1
163 147 -1
163 150 -1
163 154 1
163 155 1
163 157 -1
163 160 1
163 161 1
163 165 1
164 1 1
164 3 1
164 9 1
164 12 1
164 17 -1
164 27 1
164 36 1
164 42 1
164 45 1
164 47 1
164 54 1
164 62 1
164 66 1
164 70 1
164 79 1
164 80 1
164 81 -1
164 88 1
164 92 1
164 94 1
164 96 1
164 100 -1
164 102 -1
164 103 1
164 114 1
164 117 1
164 118 -1
164 119 1
164 121 1
164 130 -1
164 138 -1
164 144 1
164 145 1
164 146 1
164 148 1
164 149 1
164 152 1
164 156 -1
164 167 -1
164 169 -1
164 170 1
165 4 -1
165 7 1
165 16 -1
165 20 1
165 22 1
165 25 -1
165 27 1
165 28 -1
165 29 -1
165 34 1
165 41 1
165 45 1
165 47 1
165 48 1
165 52 -1
165 58 1
165 61 1
165 62 1
165 63 -1
165 64 1
165 71 -1
165 75 1
165 76 1
165 79 1
165 97 1
165 98 1
165 102 -1
165 103 1
165 110 1
165 113 1
165 115 -1
165 118 1
165 120 1
165 122 -1
165 124 1
165 125 1
165 126 1
165 140 -1
165 141 1
165 144 -1
165 153 1
165 155 1
165 156 -1
165 160 1
165 167 1
165 168 -1
165 169 1
166 1 1
166 2 1
166 4 1
166 6 1
166 9 1
166 13 1
166 15 -1
166 24 1
166 27 1
166 29 -1
166 31 -1
166 47 1
166 53 1
166 55 1
166 59 1
166 62 1
166 63 -1
166 64 1
166 72 1
166 75 1
166 81 1
166 84 1
166 87 1
166 93 -1
166 97 1
166 105 -1
166 114 1
166 122 1
166 123 1
166 140 1
166 145 1
166 149 1
166 153 1
166 155 1
166 156 1
166 162 -1
166 163 1
166 164 1
167 1 1
167 8 1
167 11 1
167 12 -1
167 21 1
167 25 -1
167 29 1
167 36 1
167 42 1
167 57 1
167 58 -1
167 65 -1
167 72 1
167 74 -1
167 76 1
167 77 1
167 82 -1
167 83 1
167 86 1
167 87 -1
167 92 1
167 93 1
167 94 1
167 96 1
167 101 1
167 103 1
167 108 1
167 124 1
167 128 1
167 134 -1
167 135 1
167 140 -1
167 141 1
167 152 1
167 159 1
167 160 1
167 162 1
167 166 1
168 2 1
168 8 1
168 9 -1
168 11 1
168 17 1
168 21 1
168 24 1
168 27 1
168 32 1
168 33 1
168 35 1
168 36 1
168 37 1
168 47 1
168 55 -1
168 56 -1
168 57 1
168 60 1
168 63 1
168 64 1
168 66 -1
168 71 1
168 72 1
168 73 1
168 78 1
168 92 1
168 93 1
168 95 1
168 100 -1
168 102 -1
168 116 1
168 122 -1
168 123 -1
168 125 1
168 132 1
168 133 1
168 134 -1
168 143 -1
168 146 1
168 147 1
168 151 1
168 154 1
168 157 1
168 159 1
168 160 1
168 162 -1
168 166 1
169 1 1
169 3 1
169 8 -1
169 10 1
169 12 1
169 18 1
169 23 1
169 35 1
169 37 -1
169 41 -1
169 49 1
169 51 1
169 54 1
169 57 1
169 59 1
169 68 1
169 69 1
169 77 1
169 78 -1
169 80 1
169 83 1
169 84 1
169 86 1
169 88 1
169 90 1
169 101 1
169 103 -1
169 107 1
169 109 1
169 111 1
169 115 1
169 116 -1
169 117 1
169 118 1
169 120 1
169 123 1
169 124 1
169 129 -1
169 130 1
169 131 1
169 139 1
169 147 1
169 156 1
169 160 -1
169 163 -1
169 166 1
170 1 1
170 9 1
170 14 1
170 17 1
170 22 1
170 25 1
170 31 1
170 42 1
170 44 1
170 46 1
170 49 1
170 51 1
170 56 1
170 57 1
170 60 1
170 64 1
170 70 1
170 74 -1
170 77 -1
170 78 -1
170 79 1
170 87 1
170 88 1
170 95 1
170 101 1
170 103 1
170 108 1
170 110 1
170 114 1
170 118 -1
170 120 1
170 124 -1
170 134 -1
170 137 1
170 138 1
170 139 1
170 152 1
170 153 1
170 154 1
170 160 1
170 161 -1
170 165 1
170 166 1
