vertices: 110 edges: 1199
1 14 -1
1 19 -1
1 27 -1
1 54 -1
1 58 -1
1 68 1
1 81 -1
1 90 -1
1 103 1
2 3 -1
2 34 -1
2 55 -1
2 58 -1
2 60 -1
2 64 -1
2 72 -1
2 80 -1
2 82 -1
2 85 1
2 101 -1
2 109 -1
3 15 -1
3 21 1
3 43 -1
3 67 -1
3 73 -1
3 81 1
3 87 -1
3 88 -1
3 90 -1
3 97 1
3 103 -1
3 109 1
4 3 1
4 7 -1
4 23 -1
4 36 -1
4 39 -1
4 45 -1
4 47 -1
4 86 1
4 102 -1
4 106 -1
4 108 -1
5 1 1
5 29 -1
5 46 -1
5 62 -1
5 63 -1
5 70 -1
5 88 -1
5 91 -1
5 104 1
6 18 -1
6 22 -1
6 45 -1
6 52 -1
6 58 -1
6 65 -1
6 71 -1
6 72 -1
6 74 -1
6 78 -1
6 87 -1
6 92 1
6 98 -1
7 9 -1
7 17 -1
7 23 -1
7 24 -1
7 27 -1
7 46 1
7 47 -1
7 65 -1
7 84 -1
7 87 -1
7 96 1
7 107 1
8 3 -1
8 5 -1
8 22 -1
8 29 1
8 32 -1
8 33 -1
8 40 1
8 64 -1
8 66 -1
8 73 -1
8 81 -1
8 89 -1
8 91 -1
8 104 -1
8 109 -1
9 13 1
9 43 -1
9 57 -1
9 58 -1
9 80 -1
9 90 -1
10 22 -1
10 25 -1
10 31 1
10 33 1
10 50 -1
10 51 -1
10 62 -1
10 65 -1
10 74 -1
10 87 1
10 89 -1
10 95 -1
10 96 -1
11 6 -1
11 18 -1
11 20 1
11 28 -1
11 53 -1
11 54 -1
11 63 -1
11 86 1
11 87 -1
11 93 1
11 105 -1
12 28 1
12 31 -1
12 48 -1
12 49 -1
12 62 1
12 69 1
12 71 -1
12 76 -1
12 91 -1
12 108 -1
13 2 -1
13 7 -1
13 10 -1
13 11 -1
13 19 1
13 24 -1
13 26 -1
13 33 -1
13 47 -1
13 57 -1
13 60 -1
13 71 -1
13 72 -1
13 79 1
13 91 -1
13 97 -1
13 99 -1
13 108 -1
14 9 -1
14 10 -1
14 27 -1
14 28 -1
14 41 -1
14 46 1
14 50 1
14 52 1
14 78 -1
14 80 -1
14 106 -1
15 28 1
15 35 -1
15 36 -1
15 41 -1
15 42 -1
15 63 -1
15 71 -1
15 84 1
15 85 -1
16 7 -1
16 8 -1
16 9 1
16 12 -1
16 17 -1
16 19 -1
16 20 -1
16 26 -1
16 49 1
16 51 -1
16 52 1
16 56 -1
16 70 -1
16 82 -1
16 92 -1
16 102 1
17 1 1
17 9 -1
17 20 -1
17 31 -1
17 33 1
17 39 1
17 45 -1
17 49 -1
17 71 -1
17 78 -1
17 79 -1
17 86 -1
17 93 -1
17 103 -1
17 106 -1
18 9 -1
18 13 1
18 27 -1
18 29 -1
18 46 1
18 60 -1
18 61 -1
18 62 -1
18 85 -1
18 89 1
19 2 1
19 5 1
19 17 -1
19 20 1
19 29 -1
19 54 -1
19 69 -1
19 71 -1
19 72 -1
19 101 -1
19 106 1
20 42 -1
20 45 -1
20 46 -1
20 49 1
20 50 -1
20 79 -1
20 82 -1
20 109 -1
21 31 -1
21 33 -1
21 48 -1
21 53 -1
21 71 -1
21 72 1
21 73 -1
21 93 -1
21 102 -1
22 20 -1
22 39 -1
22 53 -1
22 69 1
22 80 -1
22 95 -1
22 102 -1
22 106 -1
23 1 -1
23 3 -1
23 10 -1
23 14 -1
23 31 -1
23 34 -1
23 36 -1
23 38 -1
23 41 -1
23 48 -1
23 50 1
23 51 1
23 58 -1
23 81 -1
23 97 -1
23 99 1
23 106 -1
23 110 -1
24 1 -1
24 17 -1
24 33 -1
24 34 -1
24 41 -1
24 42 1
24 52 -1
24 60 -1
24 65 -1
24 75 -1
24 89 -1
25 11 1
25 20 -1
25 22 1
25 30 -1
25 32 -1
25 38 1
25 46 -1
25 47 1
25 49 -1
25 68 -1
25 69 -1
25 99 -1
25 100 -1
25 102 -1
25 110 -1
26 8 -1
26 29 -1
26 59 -1
26 78 -1
26 84 -1
26 88 -1
26 93 -1
26 100 -1
27 16 -1
27 24 1
27 25 -1
27 32 -1
27 54 -1
27 81 -1
28 3 -1
28 9 -1
28 13 -1
28 31 -1
28 41 -1
28 46 -1
28 67 -1
28 70 -1
28 84 -1
28 100 -1
28 105 -1
29 13 1
29 21 -1
29 24 -1
29 93 -1
29 99 1
29 105 -1
30 1 -1
30 8 -1
30 26 -1
30 34 -1
30 49 -1
30 52 1
30 63 -1
30 74 -1
30 85 1
30 86 1
30 93 1
30 105 -1
31 5 -1
31 6 1
31 34 1
31 45 -1
31 54 -1
31 57 -1
31 61 -1
31 65 -1
31 79 1
31 95 -1
31 100 -1
31 109 -1
32 15 -1
32 16 -1
32 28 -1
32 40 1
32 68 -1
32 74 1
32 80 1
32 88 1
32 90 -1
32 96 1
33 3 -1
33 6 -1
33 16 -1
33 31 -1
33 43 -1
33 44 1
33 45 1
33 46 -1
33 47 -1
33 63 -1
33 77 1
33 79 -1
34 8 -1
34 22 1
34 27 -1
34 41 -1
34 67 -1
34 93 -1
34 105 -1
34 106 -1
35 4 -1
35 10 -1
35 13 1
35 14 -1
35 19 1
35 22 -1
35 23 -1
35 37 -1
35 39 -1
35 40 -1
35 66 -1
35 69 1
35 80 1
35 85 -1
35 98 -1
36 13 -1
36 27 -1
36 40 -1
36 60 -1
36 66 1
36 77 -1
36 80 1
36 81 -1
36 87 1
36 95 -1
36 101 -1
37 2 -1
37 6 -1
37 10 -1
37 13 -1
37 17 1
37 40 -1
37 41 -1
37 43 -1
37 50 -1
37 52 -1
37 53 1
37 61 -1
37 68 -1
37 74 -1
37 79 -1
37 80 -1
38 14 -1
38 15 1
38 17 -1
38 22 -1
38 37 -1
38 45 -1
38 72 -1
38 80 -1
38 105 -1
39 7 -1
39 12 -1
39 21 1
39 25 -1
39 32 1
39 42 -1
39 46 -1
39 55 -1
39 57 -1
39 74 1
39 84 -1
39 98 -1
40 7 -1
40 14 -1
40 38 -1
40 39 -1
40 50 -1
40 57 1
40 64 -1
40 79 -1
41 19 -1
41 21 1
41 22 -1
41 25 -1
41 31 -1
41 47 -1
41 54 -1
41 57 -1
41 59 -1
41 103 -1
42 7 1
42 25 1
42 29 1
42 41 -1
42 45 -1
42 57 -1
42 73 -1
42 88 -1
42 100 -1
42 107 -1
43 8 -1
43 12 -1
43 15 -1
43 54 -1
43 59 -1
43 65 -1
43 81 1
44 4 1
44 7 1
44 12 1
44 17 1
44 18 -1
44 23 -1
44 25 -1
44 26 -1
44 34 -1
44 37 -1
44 48 -1
44 59 -1
44 68 -1
44 100 -1
44 109 -1
45 35 -1
45 41 -1
45 66 -1
45 67 1
45 72 -1
45 78 -1
45 100 -1
46 2 -1
46 23 -1
46 45 -1
46 52 -1
46 71 1
46 89 -1
46 90 -1
46 96 -1
46 106 -1
46 109 -1
47 12 -1
47 21 1
47 43 1
47 55 -1
47 58 -1
47 60 1
47 64 -1
47 67 -1
47 74 -1
47 78 -1
47 79 -1
47 99 -1
48 22 -1
48 27 -1
48 58 -1
48 62 -1
48 71 1
48 75 -1
48 87 -1
48 88 -1
48 102 -1
48 105 -1
48 106 -1
49 1 1
49 8 -1
49 21 -1
49 22 -1
49 29 -1
49 56 -1
49 68 -1
49 70 -1
49 72 -1
49 80 -1
49 91 -1
49 100 -1
50 6 -1
50 19 -1
50 28 -1
50 47 -1
50 48 1
50 55 -1
50 75 1
50 91 -1
51 29 -1
51 39 1
51 42 -1
51 53 -1
51 56 -1
51 63 1
51 66 -1
51 76 -1
51 78 -1
51 79 -1
51 91 -1
51 96 1
51 100 -1
52 7 -1
52 9 -1
52 28 -1
52 40 -1
52 50 -1
52 59 -1
52 65 -1
52 74 -1
53 3 -1
53 8 -1
53 10 -1
53 30 -1
53 31 -1
53 68 -1
53 70 -1
53 71 -1
53 96 -1
54 21 -1
54 26 -1
54 29 1
54 34 -1
54 37 -1
54 42 -1
54 49 1
54 51 1
54 52 -1
54 65 1
54 73 -1
54 81 -1
54 92 -1
54 96 -1
54 99 -1
54 104 1
55 4 -1
55 9 -1
55 21 -1
55 28 1
55 34 1
55 63 -1
55 66 -1
55 71 1
55 110 -1
56 6 1
56 18 1
56 38 1
56 40 -1
56 47 -1
56 65 -1
56 78 -1
56 81 -1
56 90 -1
57 6 -1
57 34 -1
57 56 -1
57 78 -1
57 83 -1
57 85 -1
57 92 -1
57 99 -1
57 101 -1
58 16 -1
58 35 -1
58 39 -1
58 42 -1
58 43 -1
58 60 -1
58 61 -1
58 78 -1
58 80 1
58 93 -1
58 94 -1
58 101 -1
59 12 -1
59 14 -1
59 29 1
59 30 1
59 32 1
59 45 -1
59 48 1
59 84 -1
59 87 1
59 88 -1
59 96 -1
59 101 1
59 108 -1
60 8 -1
60 19 1
60 30 1
60 35 -1
60 59 1
60 73 -1
60 82 -1
60 99 -1
60 110 -1
61 1 1
61 16 -1
61 20 -1
61 68 -1
61 80 1
61 85 -1
61 89 -1
61 90 -1
61 97 1
61 106 -1
62 4 -1
62 19 -1
62 38 -1
62 41 -1
62 42 -1
62 57 -1
62 74 -1
62 76 -1
62 86 -1
62 97 -1
62 98 -1
62 105 -1
63 9 -1
63 13 -1
63 17 -1
63 26 -1
63 44 -1
63 59 -1
63 65 -1
63 83 -1
63 96 -1
63 109 -1
64 19 -1
64 39 1
64 55 -1
64 61 -1
64 71 -1
64 78 1
65 4 -1
65 23 -1
65 48 -1
65 55 -1
65 81 -1
65 83 1
65 96 -1
65 102 -1
65 109 -1
66 13 -1
66 22 1
66 25 -1
66 27 -1
66 38 1
66 39 -1
66 46 -1
66 60 -1
66 67 -1
66 75 1
66 79 1
66 82 1
66 92 -1
66 100 -1
66 106 1
66 110 1
67 2 -1
67 8 -1
67 19 1
67 24 -1
67 31 -1
67 32 -1
67 60 -1
67 62 -1
67 64 -1
67 68 1
67 78 -1
67 101 -1
68 7 1
68 8 1
68 15 -1
68 18 -1
68 21 -1
68 22 -1
68 29 -1
68 48 -1
68 58 -1
68 71 -1
68 78 -1
68 91 -1
68 98 -1
68 108 -1
69 1 -1
69 3 -1
69 6 -1
69 8 -1
69 13 1
69 23 -1
69 36 1
69 46 -1
69 57 -1
69 58 -1
69 65 1
69 68 1
69 73 -1
69 94 -1
69 102 -1
70 12 -1
70 32 -1
70 33 -1
70 46 -1
70 83 -1
70 88 -1
70 94 -1
71 11 -1
71 18 1
71 41 -1
71 42 -1
71 65 -1
71 81 -1
71 83 -1
71 106 -1
72 5 1
72 11 1
72 14 -1
72 25 -1
72 50 -1
72 82 -1
72 99 -1
72 100 -1
73 18 -1
73 19 -1
73 28 -1
73 40 -1
73 45 1
73 51 1
73 52 1
73 57 -1
73 67 1
73 78 1
73 79 1
73 92 -1
73 96 -1
73 98 -1
74 27 -1
74 34 -1
74 68 -1
74 71 -1
74 83 -1
74 84 -1
74 90 -1
74 93 -1
74 106 -1
75 18 -1
75 29 -1
75 31 -1
75 62 -1
75 68 -1
75 69 -1
75 71 1
75 74 -1
75 85 1
75 104 -1
76 21 -1
76 30 -1
76 36 -1
76 78 -1
76 98 1
76 106 1
76 107 1
77 1 -1
77 3 -1
77 5 -1
77 8 -1
77 12 1
77 41 -1
77 42 -1
77 44 -1
77 56 -1
77 60 -1
77 61 -1
77 79 1
77 81 1
77 84 -1
77 91 -1
77 102 1
77 107 -1
78 10 -1
78 18 1
78 32 1
78 36 -1
78 40 -1
78 42 1
78 72 -1
78 84 -1
78 87 -1
78 91 1
78 104 -1
79 8 1
79 19 -1
79 55 1
79 56 -1
79 71 -1
79 92 -1
79 93 -1
79 107 -1
80 44 -1
80 53 -1
80 59 -1
80 60 -1
80 69 -1
80 70 -1
80 88 -1
80 91 -1
80 98 -1
80 105 -1
81 2 1
81 13 1
81 22 -1
81 30 -1
81 33 -1
81 38 -1
81 39 -1
81 69 1
81 82 1
81 94 -1
81 99 -1
81 103 -1
81 106 1
82 22 -1
82 37 -1
82 38 1
82 47 -1
82 53 1
82 74 -1
82 79 -1
82 98 -1
82 99 -1
83 11 -1
83 23 -1
83 39 -1
83 45 -1
83 48 -1
83 50 -1
83 103 -1
83 108 -1
84 9 -1
84 17 -1
84 44 -1
84 45 -1
84 51 -1
84 56 1
84 57 -1
84 88 -1
84 89 1
84 95 -1
84 100 -1
84 105 1
85 1 -1
85 7 -1
85 8 -1
85 16 -1
85 20 -1
85 25 -1
85 34 -1
85 36 -1
85 49 -1
85 69 -1
85 86 -1
85 88 -1
85 99 -1
85 100 -1
86 1 -1
86 22 -1
86 54 -1
86 55 -1
86 65 -1
86 88 -1
86 92 1
86 103 1
87 8 -1
87 16 -1
87 65 -1
87 66 -1
87 70 -1
87 85 -1
87 88 1
87 89 -1
87 109 -1
88 15 -1
88 16 -1
88 20 -1
88 24 1
88 30 -1
88 37 -1
88 38 -1
88 44 -1
88 53 -1
88 81 -1
88 94 -1
88 95 -1
88 99 -1
88 105 -1
89 4 -1
89 21 -1
89 25 -1
89 36 -1
89 50 -1
89 58 1
89 66 -1
89 67 -1
89 71 -1
89 78 -1
89 82 -1
89 86 -1
90 12 -1
90 14 -1
90 15 -1
90 19 -1
90 36 -1
90 37 -1
90 53 -1
90 73 -1
90 80 -1
90 83 -1
90 89 -1
90 102 -1
90 109 -1
91 6 -1
91 15 1
91 33 -1
91 40 -1
91 44 1
91 54 -1
91 59 -1
91 62 -1
91 64 -1
91 81 1
91 105 -1
91 109 -1
92 7 1
92 32 -1
92 33 -1
92 38 -1
92 42 -1
92 83 -1
92 85 1
92 98 -1
92 103 -1
92 105 -1
93 9 1
93 33 -1
93 52 -1
93 56 -1
93 73 -1
93 80 -1
93 92 -1
94 6 -1
94 10 1
94 14 1
94 25 1
94 42 -1
94 43 1
94 71 -1
94 78 -1
94 98 1
95 17 1
95 24 -1
95 33 -1
95 40 -1
95 41 1
95 43 1
95 44 -1
95 53 -1
95 54 -1
95 67 -1
95 93 1
95 101 -1
96 9 1
96 18 -1
96 27 -1
96 31 -1
96 33 -1
96 80 1
96 106 -1
97 2 -1
97 4 -1
97 17 1
97 21 -1
97 36 -1
97 52 -1
97 59 -1
97 66 -1
97 73 -1
97 79 -1
97 81 -1
97 95 -1
97 106 -1
98 1 -1
98 12 1
98 15 -1
98 31 -1
98 32 -1
98 43 -1
98 50 -1
98 55 -1
98 60 1
98 79 1
98 83 1
98 86 -1
98 100 1
98 108 -1
98 110 1
99 15 -1
99 20 1
99 35 -1
99 45 -1
99 58 -1
99 63 -1
99 65 -1
99 75 -1
99 76 -1
99 77 -1
99 84 -1
99 106 -1
99 110 -1
100 40 -1
100 57 1
100 63 -1
100 77 -1
100 87 -1
100 88 -1
101 14 -1
101 30 -1
101 34 1
101 35 1
101 37 -1
101 39 -1
101 49 -1
101 72 -1
101 78 -1
101 93 -1
101 96 -1
101 105 -1
102 23 -1
102 26 -1
102 30 -1
102 35 -1
102 45 -1
102 50 -1
102 54 -1
102 57 -1
102 60 -1
102 79 -1
102 91 -1
103 6 -1
103 15 -1
103 50 -1
103 64 -1
103 69 -1
103 71 -1
103 84 1
103 94 -1
103 99 1
103 104 -1
103 108 -1
104 17 1
104 21 -1
104 41 -1
104 47 -1
104 51 -1
104 64 -1
104 77 -1
104 91 -1
105 4 1
105 10 1
105 12 -1
105 44 -1
105 53 1
105 57 1
105 66 -1
105 93 -1
105 96 -1
105 97 1
106 11 -1
106 29 -1
106 73 -1
106 77 -1
106 88 -1
106 104 -1
106 110 1
107 4 -1
107 17 -1
107 20 -1
107 24 -1
107 28 1
107 36 1
107 44 -1
107 46 1
107 63 -1
107 70 -1
107 71 -1
107 87 -1
107 91 1
107 96 1
107 100 -1
107 103 -1
108 6 -1
108 9 -1
108 10 -1
108 30 1
108 35 -1
108 39 -1
108 49 -1
108 54 1
108 56 -1
108 62 -1
108 64 -1
108 70 1
108 79 -1
108 80 -1
108 97 -1
108 100 -1
108 107 -1
109 17 1
109 19 -1
109 26 -1
109 34 -1
109 48 -1
109 60 -1
109 74 -1
109 75 -1
109 79 1
109 93 -1
109 99 1
109 103 -1
109 107 -1
110 9 -1
110 16 1
110 18 -1
110 52 -1
110 94 -1
110 101 -1
110 107 -1
110 108 -1
