vertices: 50 edges: 980
1 2 1
1 3 1
1 10 -1
1 11 1
1 13 -1
1 16 1
1 23 -1
1 26 -1
1 27 -1
1 29 1
1 32 -1
1 34 -1
1 37 -1
1 38 1
1 39 1
1 43 -1
1 44 1
1 48 -1
2 8 1
2 12 1
2 13 1
2 17 1
2 18 -1
2 20 -1
2 22 1
2 23 1
2 28 -1
2 29 -1
2 30 -1
2 31 -1
2 35 -1
2 36 1
2 37 1
2 38 -1
2 41 -1
2 45 1
2 46 -1
3 4 1
3 6 -1
3 8 1
3 12 -1
3 15 -1
3 18 1
3 21 1
3 22 -1
3 27 1
3 32 -1
3 35 -1
3 36 1
3 37 -1
3 38 1
3 40 1
3 43 1
3 45 -1
3 49 1
4 6 -1
4 7 -1
4 8 1
4 12 1
4 14 1
4 16 1
4 17 1
4 18 -1
4 19 -1
4 22 -1
4 24 1
4 28 -1
4 30 1
4 31 1
4 34 1
4 36 -1
4 40 -1
4 41 -1
4 49 -1
5 1 -1
5 2 -1
5 8 1
5 15 -1
5 17 1
5 20 1
5 21 1
5 23 -1
5 24 1
5 25 -1
5 28 -1
5 29 -1
5 34 -1
5 47 -1
5 48 1
5 49 1
6 1 1
6 8 1
6 11 1
6 12 -1
6 14 -1
6 15 -1
6 23 1
6 25 -1
6 28 -1
6 29 -1
6 30 1
6 31 -1
6 41 1
6 45 -1
6 47 1
6 49 -1
7 1 1
7 3 -1
7 5 -1
7 10 -1
7 12 1
7 13 -1
7 16 -1
7 18 1
7 20 1
7 21 1
7 25 1
7 27 -1
7 28 1
7 29 1
7 31 1
7 32 1
7 34 -1
7 35 1
7 36 -1
7 38 1
7 42 1
7 43 1
7 45 1
7 46 1
7 48 1
7 49 -1
8 9 1
8 15 1
8 17 -1
8 18 -1
8 21 -1
8 22 -1
8 23 -1
8 24 1
8 25 1
8 26 1
8 30 1
8 31 1
8 33 1
8 37 1
8 39 1
8 40 -1
8 42 1
8 44 -1
8 45 -1
8 46 -1
8 48 1
8 49 1
9 1 1
9 3 -1
9 4 1
9 5 -1
9 6 1
9 12 -1
9 16 -1
9 17 -1
9 22 1
9 27 -1
9 32 1
9 33 -1
9 35 -1
9 41 -1
9 42 1
9 46 1
10 2 -1
10 3 -1
10 4 1
10 8 -1
10 9 1
10 11 1
10 14 1
10 15 1
10 16 -1
10 18 -1
10 20 -1
10 21 1
10 22 -1
10 24 -1
10 27 1
10 28 1
10 29 1
10 31 1
10 34 -1
10 38 -1
10 40 1
10 44 -1
10 45 -1
10 48 1
11 2 -1
11 3 -1
11 4 1
11 5 -1
11 7 1
11 8 -1
11 9 -1
11 13 1
11 14 -1
11 15 1
11 19 -1
11 20 -1
11 21 1
11 25 -1
11 26 -1
11 32 -1
11 34 -1
11 38 1
11 46 1
11 47 -1
11 48 1
12 5 -1
12 8 1
12 10 -1
12 11 -1
12 13 1
12 14 -1
12 23 -1
12 24 -1
12 26 -1
12 27 -1
12 28 -1
12 29 1
12 32 -1
12 33 1
12 34 -1
12 35 -1
12 38 1
12 40 1
12 41 -1
12 42 1
12 44 1
12 46 -1
12 50 1
13 3 -1
13 4 -1
13 6 1
13 8 1
13 9 -1
13 14 -1
13 18 -1
13 22 1
13 23 -1
13 27 1
13 28 -1
13 30 1
13 36 -1
13 38 1
13 40 -1
13 45 -1
13 47 -1
14 1 1
14 5 -1
14 7 1
14 8 1
14 9 1
14 19 -1
14 20 1
14 21 -1
14 23 1
14 30 -1
14 32 1
14 35 1
14 36 -1
14 39 1
14 44 1
15 1 1
15 2 -1
15 4 1
15 7 1
15 13 1
15 14 -1
15 16 1
15 18 -1
15 21 1
15 23 1
15 24 -1
15 27 1
15 28 -1
15 30 -1
15 37 -1
15 38 1
15 39 -1
15 40 -1
15 41 -1
15 42 1
15 46 -1
16 2 1
16 3 -1
16 5 1
16 6 1
16 14 1
16 19 -1
16 20 -1
16 22 1
16 24 -1
16 25 -1
16 26 1
16 29 1
16 30 -1
16 31 -1
16 32 1
16 35 -1
16 38 -1
16 39 -1
16 40 -1
16 41 1
16 44 1
16 45 -1
17 1 -1
17 3 -1
17 7 -1
17 10 -1
17 12 1
17 13 -1
17 14 1
17 15 1
17 25 1
17 28 -1
17 31 1
17 48 -1
17 49 -1
18 1 1
18 6 1
18 9 1
18 12 1
18 14 1
18 16 -1
18 17 1
18 21 -1
18 23 -1
18 25 -1
18 26 1
18 30 -1
18 31 1
18 32 -1
18 33 -1
18 35 -1
18 38 -1
18 39 1
18 40 1
18 41 -1
18 42 -1
18 45 1
18 48 -1
19 1 1
19 3 1
19 5 -1
19 6 1
19 9 -1
19 12 -1
19 13 -1
19 15 1
19 18 -1
19 20 1
19 21 -1
19 22 -1
19 25 1
19 30 1
19 35 1
19 38 1
19 39 -1
19 43 1
19 44 1
19 46 -1
19 50 -1
20 1 1
20 3 1
20 6 1
20 8 1
20 9 1
20 12 1
20 13 1
20 17 -1
20 21 1
20 25 1
20 28 1
20 33 1
20 34 -1
20 35 -1
20 39 -1
20 40 1
20 44 1
20 47 -1
20 50 -1
21 1 1
21 2 -1
21 4 -1
21 6 1
21 9 -1
21 13 1
21 16 -1
21 22 -1
21 23 -1
21 24 1
21 25 -1
21 26 -1
21 28 1
21 29 -1
21 32 1
21 33 1
21 37 1
21 42 -1
21 45 -1
21 48 -1
22 1 1
22 5 -1
22 7 -1
22 11 -1
22 12 1
22 14 1
22 15 1
22 17 1
22 18 1
22 20 -1
22 23 1
22 24 1
22 25 -1
22 26 -1
22 27 -1
22 32 -1
22 33 1
22 36 -1
22 37 -1
22 39 -1
22 47 1
22 48 -1
22 49 -1
23 4 -1
23 7 1
23 9 1
23 11 -1
23 16 -1
23 19 1
23 20 -1
23 30 1
23 32 -1
23 40 1
23 45 1
23 50 1
24 3 1
24 7 -1
24 13 1
24 14 1
24 17 -1
24 18 -1
24 20 1
24 26 -1
24 28 -1
24 30 1
24 32 -1
24 33 1
24 36 -1
24 37 1
24 39 1
24 43 1
24 47 -1
25 2 1
25 3 1
25 4 -1
25 9 -1
25 10 -1
25 12 -1
25 13 1
25 14 1
25 23 1
25 24 1
25 26 -1
25 28 -1
25 29 1
25 30 1
25 31 1
25 32 1
25 36 1
25 38 1
25 39 -1
25 40 -1
25 41 1
25 42 -1
25 43 1
25 46 -1
25 48 1
26 3 -1
26 4 -1
26 5 1
26 7 1
26 10 -1
26 13 1
26 14 1
26 15 1
26 20 -1
26 23 -1
26 27 1
26 30 -1
26 34 -1
26 36 1
26 45 -1
26 50 1
27 2 -1
27 4 -1
27 5 -1
27 8 1
27 11 1
27 17 -1
27 19 1
27 20 1
27 21 1
27 25 -1
27 29 1
27 30 1
27 35 -1
27 37 1
27 39 1
27 40 1
27 42 1
27 46 1
27 47 -1
27 48 -1
27 50 1
28 1 -1
28 8 -1
28 11 1
28 14 -1
28 16 1
28 18 1
28 19 -1
28 22 -1
28 23 -1
28 26 1
28 27 -1
28 30 -1
28 32 1
28 36 -1
28 39 1
28 42 1
28 46 -1
28 47 1
29 3 1
29 4 -1
29 11 1
29 13 1
29 14 1
29 15 -1
29 19 -1
29 20 1
29 22 -1
29 23 -1
29 26 1
29 28 1
29 34 -1
29 37 -1
29 40 -1
29 45 -1
29 49 1
30 1 -1
30 5 -1
30 7 1
30 9 1
30 11 1
30 20 1
30 22 1
30 29 -1
30 31 1
30 38 -1
30 39 1
30 40 -1
30 41 -1
30 44 -1
30 45 1
30 46 -1
30 48 -1
30 50 -1
31 1 -1
31 9 1
31 11 -1
31 12 -1
31 13 -1
31 14 1
31 20 -1
31 21 -1
31 23 -1
31 24 1
31 26 -1
31 27 1
31 29 -1
31 34 1
31 35 1
31 41 1
31 42 -1
31 43 1
31 44 -1
31 45 1
31 46 1
32 2 1
32 4 1
32 8 1
32 10 -1
32 13 -1
32 15 -1
32 19 -1
32 31 -1
32 33 1
32 34 1
32 36 -1
32 42 1
32 47 -1
32 49 1
33 1 -1
33 2 1
33 4 -1
33 5 -1
33 7 -1
33 11 1
33 13 1
33 15 -1
33 17 1
33 27 1
33 28 -1
33 30 1
33 35 1
33 37 1
33 40 -1
33 47 -1
33 49 1
33 50 -1
34 6 1
34 9 -1
34 16 1
34 19 1
34 21 -1
34 22 -1
34 24 1
34 25 1
34 28 1
34 30 -1
34 33 -1
34 36 -1
34 38 -1
34 40 1
34 43 1
34 45 1
34 46 1
34 48 -1
35 1 -1
35 5 1
35 6 1
35 8 1
35 11 -1
35 13 -1
35 15 -1
35 17 1
35 21 -1
35 22 -1
35 23 1
35 24 -1
35 25 -1
35 26 1
35 28 -1
35 29 -1
35 30 -1
35 32 1
35 34 -1
35 44 1
35 47 1
35 48 1
36 1 1
36 5 1
36 9 -1
36 10 -1
36 15 -1
36 17 1
36 18 -1
36 19 1
36 20 1
36 23 1
36 27 1
36 29 1
36 30 -1
36 37 1
36 47 -1
36 48 1
37 5 -1
37 6 -1
37 7 -1
37 10 1
37 11 -1
37 12 1
37 13 1
37 16 -1
37 18 1
37 19 -1
37 20 1
37 23 -1
37 25 -1
37 26 1
37 28 1
37 31 -1
37 34 1
37 35 -1
37 38 -1
37 39 -1
37 40 1
37 41 -1
37 43 1
37 44 -1
37 45 -1
37 47 1
38 6 1
38 8 -1
38 9 -1
38 17 1
38 20 1
38 21 1
38 24 -1
38 26 -1
38 27 -1
38 28 -1
38 29 1
38 32 1
38 35 1
38 40 -1
38 41 1
38 42 -1
38 43 1
38 47 1
38 48 -1
39 2 -1
39 3 1
39 4 -1
39 5 -1
39 7 -1
39 9 1
39 10 1
39 11 1
39 17 1
39 23 1
39 26 1
39 29 1
39 31 -1
39 32 1
39 33 -1
39 34 1
39 36 -1
39 38 -1
39 41 -1
39 43 1
39 44 1
39 48 -1
39 50 1
40 1 -1
40 2 1
40 5 -1
40 6 1
40 11 1
40 14 -1
40 17 1
40 21 -1
40 24 -1
40 32 1
40 35 -1
40 36 1
40 39 -1
40 41 -1
40 45 -1
40 46 -1
40 49 -1
41 1 -1
41 3 1
41 7 1
41 8 -1
41 10 -1
41 11 1
41 13 1
41 14 -1
41 17 -1
41 19 -1
41 20 -1
41 22 -1
41 24 -1
41 26 1
41 28 1
41 32 -1
41 34 -1
41 36 -1
41 43 1
41 45 1
41 46 1
42 1 -1
42 4 1
42 5 1
42 6 -1
42 10 1
42 11 -1
42 16 1
42 17 -1
42 19 -1
42 20 1
42 23 -1
42 26 1
42 29 -1
42 30 1
42 34 -1
42 35 -1
42 37 1
42 39 -1
42 40 -1
42 46 -1
42 48 1
43 2 1
43 4 1
43 5 1
43 6 -1
43 8 1
43 10 1
43 12 1
43 13 1
43 16 -1
43 17 1
43 18 1
43 20 1
43 21 -1
43 22 1
43 23 -1
43 26 1
43 27 1
43 28 -1
43 30 1
43 32 -1
43 36 1
43 40 -1
43 42 1
43 45 1
43 46 -1
43 47 -1
43 50 -1
44 2 -1
44 3 -1
44 5 -1
44 6 1
44 7 1
44 9 -1
44 11 -1
44 21 -1
44 22 -1
44 23 1
44 24 1
44 27 1
44 28 1
44 29 1
44 34 1
44 38 -1
44 42 -1
44 43 1
44 46 -1
44 48 1
44 49 1
44 50 1
45 5 -1
45 11 1
45 12 -1
45 17 1
45 20 -1
45 25 -1
45 27 -1
45 28 -1
45 32 1
45 33 1
45 35 -1
45 39 1
45 44 -1
45 47 1
45 48 1
46 1 -1
46 3 -1
46 5 -1
46 6 1
46 10 1
46 14 1
46 16 -1
46 21 1
46 22 1
46 23 1
46 24 -1
46 26 -1
46 29 -1
46 32 1
46 35 -1
46 37 1
46 45 -1
46 47 1
46 48 1
46 50 1
47 1 1
47 4 1
47 7 -1
47 8 1
47 10 1
47 14 -1
47 16 -1
47 18 1
47 21 -1
47 23 1
47 25 -1
47 26 -1
47 29 1
47 31 -1
47 34 1
47 40 -1
47 41 -1
47 44 -1
47 50 1
48 2 1
48 4 -1
48 6 -1
48 12 1
48 13 1
48 14 -1
48 15 1
48 16 1
48 19 1
48 20 -1
48 23 -1
48 26 1
48 28 -1
48 31 1
48 32 1
48 33 -1
48 40 1
48 41 1
48 47 -1
49 1 1
49 2 1
49 10 1
49 13 1
49 14 -1
49 16 1
49 18 1
49 19 -1
49 20 1
49 21 1
49 23 -1
49 24 -1
49 26 1
49 27 1
49 28 1
49 30 -1
49 34 -1
49 35 -1
49 36 1
49 37 1
49 39 1
49 41 1
49 42 -1
49 43 1
49 45 -1
50 1 -1
50 2 -1
50 3 1
50 5 1
50 6 1
50 10 1
50 11 1
50 14 -1
50 16 -1
50 18 -1
50 21 -1
50 22 1
50 25 1
50 28 -1
50 34 1
50 36 -1
50 37 -1
50 40 -1
50 42 1
50 48 1
50 49 -1
