vertices: 170 edges: 2873
1 10 -1
1 13 -1
1 18 -1
1 20 -1
1 35 -1
1 39 -1
1 47 -1
1 50 -1
1 65 -1
1 78 -1
1 99 -1
1 101 -1
1 110 -1
1 129 -1
1 131 -1
1 132 -1
1 133 1
1 135 -1
1 149 -1
1 159 -1
1 160 -1
1 164 -1
1 165 1
2 12 -1
2 17 -1
2 20 1
2 27 -1
2 34 -1
2 73 -1
2 84 -1
2 107 -1
2 118 -1
2 135 -1
2 143 1
2 147 -1
2 154 -1
2 165 -1
3 38 -1
3 48 -1
3 49 -1
3 73 1
3 127 -1
3 136 -1
3 149 -1
3 150 -1
4 3 -1
4 14 -1
4 16 -1
4 27 -1
4 29 -1
4 34 -1
4 42 -1
4 63 -1
4 72 -1
4 77 -1
4 80 -1
4 98 -1
4 99 -1
4 102 -1
4 108 1
4 131 -1
4 136 -1
5 1 -1
5 2 1
5 9 -1
5 12 -1
5 23 -1
5 44 -1
5 53 1
5 56 -1
5 57 -1
5 72 -1
5 77 -1
5 95 -1
5 106 -1
5 123 -1
5 126 -1
5 140 1
5 153 -1
6 5 -1
6 7 -1
6 19 -1
6 43 -1
6 44 -1
6 46 -1
6 55 -1
6 58 -1
6 66 -1
6 79 -1
6 81 -1
6 102 -1
6 130 -1
6 134 -1
6 142 -1
6 152 -1
6 158 -1
7 5 -1
7 13 1
7 49 -1
7 50 -1
7 53 -1
7 63 -1
7 77 -1
7 83 -1
7 89 -1
7 90 1
7 94 -1
7 108 -1
7 113 -1
7 122 -1
7 123 -1
7 128 -1
7 137 1
7 152 -1
7 162 -1
7 163 -1
7 164 -1
8 12 -1
8 19 1
8 24 -1
8 36 -1
8 42 -1
8 43 -1
8 52 -1
8 55 -1
8 70 -1
8 89 -1
8 104 -1
8 105 -1
8 139 -1
8 149 -1
8 153 -1
8 156 -1
8 166 1
9 6 -1
9 8 -1
9 14 -1
9 17 -1
9 20 -1
9 29 -1
9 58 -1
9 72 -1
9 81 -1
9 89 -1
9 96 -1
9 104 -1
9 127 -1
9 141 -1
9 161 -1
10 17 -1
10 42 -1
10 47 -1
10 77 -1
10 81 -1
10 102 -1
10 110 -1
10 153 -1
11 36 -1
11 41 -1
11 53 -1
11 71 -1
11 83 -1
11 84 -1
11 85 -1
11 86 -1
11 103 -1
11 104 -1
11 123 -1
11 125 -1
11 138 1
11 146 -1
11 151 -1
11 161 -1
11 166 -1
11 167 -1
12 3 -1
12 6 -1
12 7 -1
12 19 -1
12 22 -1
12 25 -1
12 28 -1
12 40 -1
12 44 -1
12 46 -1
12 58 -1
12 75 -1
12 81 1
12 104 -1
12 106 -1
12 113 -1
12 116 -1
12 128 1
12 129 1
12 132 -1
12 135 -1
12 138 -1
12 140 -1
12 157 -1
13 22 -1
13 27 -1
13 28 1
13 43 1
13 53 -1
13 58 -1
13 67 -1
13 68 -1
13 78 -1
13 96 -1
13 98 -1
13 114 -1
13 118 1
13 122 -1
13 134 -1
13 144 1
13 155 -1
13 157 -1
14 6 -1
14 12 1
14 15 -1
14 25 -1
14 53 -1
14 54 -1
14 55 -1
14 62 -1
14 66 -1
14 67 1
14 73 1
14 80 -1
14 87 -1
14 88 -1
14 95 1
14 97 -1
14 114 -1
14 131 -1
14 143 -1
14 149 -1
14 168 -1
14 169 -1
15 16 -1
15 32 -1
15 40 -1
15 46 -1
15 67 1
15 83 -1
15 101 -1
15 114 -1
15 121 -1
15 137 -1
15 139 -1
15 151 -1
15 161 1
15 165 -1
15 168 -1
16 5 -1
16 8 -1
16 14 -1
16 21 -1
16 24 -1
16 31 -1
16 33 -1
16 49 -1
16 58 -1
16 60 -1
16 67 -1
16 72 -1
16 81 -1
16 91 1
16 93 -1
16 96 1
16 101 -1
16 110 -1
16 114 -1
16 126 -1
16 157 -1
16 159 -1
16 169 -1
17 14 -1
17 25 -1
17 45 -1
17 49 -1
17 56 -1
17 59 1
17 67 1
17 77 1
17 91 1
17 94 -1
17 103 -1
17 109 -1
17 110 -1
17 121 -1
17 126 -1
17 136 1
17 147 -1
17 150 -1
17 161 -1
17 163 -1
18 7 -1
18 10 -1
18 13 -1
18 14 -1
18 17 -1
18 49 -1
18 56 -1
18 62 -1
18 68 -1
18 86 -1
18 91 -1
18 105 -1
18 115 -1
18 121 -1
18 125 -1
18 128 -1
18 134 -1
18 156 1
18 159 -1
18 162 -1
18 170 -1
19 17 -1
19 20 -1
19 25 1
19 49 -1
19 50 1
19 55 -1
19 57 -1
19 85 -1
19 91 -1
19 96 -1
19 116 -1
19 117 1
19 120 -1
19 121 -1
19 138 -1
19 145 -1
19 148 1
19 154 -1
19 168 -1
20 12 -1
20 21 -1
20 23 -1
20 30 -1
20 42 -1
20 61 1
20 68 1
20 89 -1
20 103 1
20 115 -1
20 139 -1
20 142 -1
20 151 -1
20 157 -1
21 10 -1
21 23 -1
21 31 -1
21 46 -1
21 52 1
21 59 -1
21 67 -1
21 72 -1
21 98 1
21 124 -1
21 146 -1
21 161 -1
21 163 -1
21 164 -1
22 2 -1
22 5 -1
22 6 1
22 31 -1
22 42 -1
22 67 1
22 96 -1
22 98 -1
22 104 -1
22 105 -1
22 106 1
22 110 1
22 115 -1
22 118 -1
22 125 -1
22 126 -1
22 127 -1
22 128 -1
22 141 -1
22 142 -1
22 154 -1
22 156 1
23 22 -1
23 24 -1
23 37 -1
23 58 -1
23 80 1
23 102 -1
23 110 -1
23 125 -1
23 135 -1
23 150 -1
23 151 -1
23 166 1
23 169 -1
24 10 -1
24 13 1
24 43 -1
24 44 -1
24 52 -1
24 55 1
24 66 -1
24 69 -1
24 80 -1
24 86 -1
24 103 -1
24 115 -1
24 117 -1
24 123 -1
24 131 -1
24 143 -1
24 151 -1
24 152 -1
24 166 -1
25 4 -1
25 18 -1
25 24 -1
25 39 -1
25 42 -1
25 65 -1
25 76 -1
25 90 -1
25 101 1
25 106 -1
25 111 -1
25 120 -1
25 125 1
25 137 -1
25 144 -1
25 156 -1
26 1 -1
26 7 -1
26 38 -1
26 48 -1
26 49 -1
26 63 -1
26 64 -1
26 69 -1
26 83 1
26 86 -1
26 87 -1
26 94 -1
26 97 1
26 101 -1
26 108 1
26 113 -1
26 114 -1
26 119 -1
26 144 -1
26 169 -1
27 24 -1
27 30 -1
27 49 -1
27 55 -1
27 57 -1
27 76 -1
27 87 -1
27 88 -1
27 107 -1
27 109 1
27 124 -1
27 134 -1
27 139 1
27 150 -1
27 160 -1
28 18 -1
28 20 -1
28 27 -1
28 30 1
28 32 1
28 37 -1
28 57 -1
28 60 -1
28 64 1
28 66 1
28 74 -1
28 100 -1
28 106 1
28 122 1
28 128 -1
29 15 1
29 31 -1
29 41 -1
29 61 -1
29 65 1
29 69 -1
29 73 -1
29 84 -1
29 144 -1
29 159 -1
29 162 -1
29 166 -1
29 168 -1
30 8 -1
30 48 -1
30 50 -1
30 57 -1
30 63 -1
30 66 -1
30 70 -1
30 77 -1
30 78 -1
30 88 -1
30 89 -1
30 90 -1
30 91 -1
30 92 -1
30 93 -1
30 101 -1
30 110 -1
30 113 1
30 130 -1
30 135 1
30 136 -1
30 147 -1
31 2 -1
31 4 -1
31 23 1
31 56 1
31 58 -1
31 82 -1
31 83 1
31 87 -1
31 95 -1
31 96 -1
31 104 -1
31 138 1
31 145 -1
31 162 -1
31 166 -1
31 169 -1
32 2 1
32 12 -1
32 24 1
32 27 -1
32 46 1
32 58 -1
32 68 -1
32 73 1
32 111 -1
32 133 -1
32 135 -1
32 137 -1
32 142 -1
32 146 -1
32 149 -1
32 150 -1
32 151 -1
32 168 -1
33 7 -1
33 57 -1
33 65 -1
33 117 1
33 127 -1
33 147 -1
33 170 -1
34 8 -1
34 16 1
34 21 -1
34 31 -1
34 39 1
34 40 -1
34 52 1
34 54 1
34 64 1
34 82 -1
34 83 -1
34 93 1
34 102 -1
34 112 -1
34 134 1
34 141 -1
34 142 -1
34 156 -1
34 162 1
35 6 1
35 9 -1
35 22 -1
35 53 -1
35 57 -1
35 68 -1
35 69 1
35 71 -1
35 77 -1
35 84 -1
35 89 1
35 95 1
35 96 -1
35 109 -1
35 139 1
35 162 -1
35 166 -1
36 7 -1
36 14 -1
36 18 -1
36 23 -1
36 30 -1
36 34 -1
36 67 -1
36 69 -1
36 89 -1
36 101 -1
36 103 -1
36 111 -1
36 132 -1
36 135 -1
36 168 1
36 170 -1
37 9 -1
37 11 -1
37 32 -1
37 33 -1
37 40 -1
37 45 -1
37 46 -1
37 48 -1
37 60 -1
37 65 -1
37 69 -1
37 70 1
37 79 -1
37 89 1
37 94 -1
37 95 -1
37 101 1
37 114 -1
37 118 -1
37 125 -1
37 133 1
37 136 -1
37 147 -1
38 2 -1
38 7 -1
38 8 1
38 12 -1
38 15 -1
38 16 -1
38 28 -1
38 37 1
38 40 1
38 49 -1
38 63 1
38 73 -1
38 88 -1
38 91 -1
38 107 -1
38 116 1
38 118 -1
38 120 -1
38 144 -1
38 147 -1
38 164 -1
39 9 -1
39 12 1
39 22 -1
39 36 -1
39 41 -1
39 43 -1
39 50 -1
39 51 -1
39 64 -1
39 69 -1
39 78 -1
39 79 -1
39 85 -1
39 92 -1
39 101 -1
39 103 1
39 134 -1
39 138 1
39 144 -1
39 146 -1
39 159 1
39 164 -1
40 52 -1
40 54 -1
40 63 -1
40 77 1
40 95 -1
40 101 1
40 149 -1
40 165 1
40 169 -1
41 13 -1
41 17 1
41 19 -1
41 43 -1
41 58 -1
41 65 -1
41 69 -1
41 79 -1
41 111 -1
41 141 1
41 144 -1
41 153 -1
42 16 -1
42 24 -1
42 27 1
42 43 -1
42 50 -1
42 53 -1
42 60 -1
42 75 1
42 76 -1
42 95 -1
42 102 -1
42 109 -1
42 111 1
42 124 -1
42 136 -1
42 139 -1
42 143 -1
42 149 -1
42 162 1
43 22 -1
43 29 -1
43 51 -1
43 92 -1
43 104 -1
43 136 1
43 140 1
43 143 -1
43 146 -1
43 157 -1
43 169 1
44 10 -1
44 14 -1
44 19 -1
44 31 -1
44 52 -1
44 69 -1
44 90 -1
44 107 -1
44 114 -1
44 117 -1
44 126 -1
44 135 -1
44 139 1
44 141 -1
44 148 -1
44 159 -1
45 5 -1
45 15 -1
45 24 -1
45 25 -1
45 29 1
45 43 1
45 69 -1
45 70 -1
45 71 -1
45 74 -1
45 97 -1
45 100 -1
45 109 1
45 113 1
45 114 -1
45 121 -1
45 125 -1
45 127 -1
45 131 1
45 137 -1
46 1 1
46 11 -1
46 14 -1
46 18 -1
46 50 -1
46 115 -1
46 123 -1
46 124 -1
46 128 -1
46 133 1
46 134 -1
46 148 -1
46 154 -1
47 4 -1
47 7 -1
47 13 -1
47 18 -1
47 32 -1
47 35 -1
47 42 -1
47 46 -1
47 57 -1
47 64 1
47 75 -1
47 91 1
47 107 -1
47 117 -1
47 120 -1
47 145 -1
47 150 -1
47 159 1
48 1 -1
48 14 -1
48 20 1
48 21 -1
48 22 -1
48 35 -1
48 50 -1
48 94 -1
48 96 -1
48 110 -1
48 149 -1
48 153 -1
48 161 -1
48 167 -1
49 23 -1
49 41 1
49 65 -1
49 69 -1
49 81 -1
49 89 -1
49 90 1
49 91 -1
49 105 1
49 110 -1
49 131 -1
49 141 -1
49 147 -1
50 23 -1
50 25 -1
50 70 -1
50 75 -1
50 77 -1
50 103 -1
50 120 -1
50 126 -1
50 130 -1
50 135 -1
50 140 1
50 156 -1
50 162 -1
51 13 -1
51 14 -1
51 20 -1
51 31 1
51 38 -1
51 47 -1
51 56 -1
51 72 -1
51 75 -1
51 76 -1
51 85 -1
51 87 -1
51 91 -1
51 96 -1
51 109 -1
51 117 1
51 120 -1
51 122 -1
51 124 -1
51 143 -1
51 145 -1
51 153 -1
52 15 1
52 41 -1
52 64 1
52 94 -1
52 126 -1
52 137 -1
53 17 -1
53 18 -1
53 57 -1
53 68 -1
53 69 -1
53 82 -1
53 86 -1
53 112 -1
53 121 -1
53 149 -1
53 153 -1
53 156 -1
54 17 -1
54 18 -1
54 20 -1
54 29 -1
54 32 -1
54 37 -1
54 63 -1
54 65 1
54 70 -1
54 73 -1
54 87 -1
54 101 -1
54 117 1
54 130 1
54 149 -1
54 155 -1
55 9 -1
55 10 -1
55 12 -1
55 18 -1
55 28 -1
55 44 -1
55 51 -1
55 57 -1
55 59 1
55 60 -1
55 70 -1
55 72 -1
55 73 -1
55 89 -1
55 92 1
55 96 -1
55 114 -1
55 120 -1
55 124 -1
55 129 -1
55 130 -1
55 131 -1
55 154 -1
55 155 -1
56 2 -1
56 12 -1
56 15 -1
56 23 -1
56 28 1
56 34 -1
56 84 -1
56 87 -1
56 109 1
56 111 -1
56 119 1
56 127 -1
56 128 1
56 142 -1
56 144 -1
56 146 -1
56 153 -1
56 154 -1
56 163 -1
56 165 -1
56 166 -1
57 16 -1
57 17 -1
57 18 -1
57 23 -1
57 36 -1
57 48 -1
57 49 -1
57 63 -1
57 69 -1
57 73 -1
57 87 -1
57 90 -1
57 93 -1
57 101 -1
57 119 -1
57 126 -1
57 133 -1
57 137 1
57 139 -1
57 150 -1
57 157 -1
57 159 -1
57 166 -1
58 3 -1
58 7 -1
58 17 1
58 18 1
58 24 -1
58 43 1
58 65 -1
58 76 -1
58 79 1
58 122 -1
58 130 1
58 134 1
58 143 -1
58 146 -1
58 148 -1
58 150 -1
58 158 1
59 12 -1
59 18 -1
59 20 -1
59 35 -1
59 43 -1
59 46 -1
59 65 -1
59 79 -1
59 105 -1
59 118 1
59 130 -1
59 141 -1
59 147 -1
60 4 -1
60 23 -1
60 36 -1
60 45 -1
60 58 1
60 77 -1
60 87 -1
60 88 -1
60 105 -1
60 107 -1
60 109 -1
60 111 -1
60 113 1
60 115 -1
60 139 -1
61 4 -1
61 5 -1
61 15 -1
61 18 -1
61 23 -1
61 25 -1
61 34 -1
61 35 1
61 45 -1
61 48 -1
61 67 -1
61 70 -1
61 83 -1
61 93 -1
61 102 -1
61 104 -1
61 106 1
61 113 -1
61 116 -1
61 119 -1
61 121 1
61 123 -1
61 129 1
61 131 1
61 147 -1
61 153 -1
61 159 -1
61 161 1
61 165 -1
62 12 -1
62 23 -1
62 51 -1
62 55 1
62 63 -1
62 67 -1
62 69 -1
62 75 -1
62 80 1
62 89 1
62 93 -1
62 124 -1
62 140 1
62 144 -1
62 158 -1
62 161 -1
62 169 -1
63 2 -1
63 24 1
63 25 1
63 42 -1
63 97 -1
63 105 -1
63 106 1
63 122 -1
63 127 -1
63 132 -1
63 135 -1
63 136 -1
63 145 1
63 150 -1
63 156 -1
63 159 -1
63 169 -1
64 8 -1
64 9 -1
64 12 -1
64 24 -1
64 36 -1
64 38 -1
64 40 1
64 49 -1
64 55 -1
64 57 -1
64 61 -1
64 66 -1
64 68 -1
64 70 -1
64 79 1
64 97 1
64 104 -1
64 133 -1
64 137 1
64 150 -1
64 153 -1
64 157 -1
65 6 -1
65 7 -1
65 21 -1
65 28 -1
65 36 -1
65 38 -1
65 50 -1
65 69 -1
65 78 -1
65 96 -1
65 97 -1
65 100 -1
65 113 -1
65 115 -1
65 121 -1
65 130 -1
65 136 -1
66 3 -1
66 9 -1
66 42 -1
66 50 -1
66 59 -1
66 83 -1
66 86 1
66 112 -1
66 128 1
66 133 -1
66 152 -1
66 153 -1
67 3 -1
67 23 -1
67 27 -1
67 37 -1
67 53 -1
67 76 -1
67 78 -1
67 82 1
67 87 -1
67 101 -1
67 107 -1
67 122 -1
67 131 -1
67 135 -1
67 140 1
67 145 -1
67 160 -1
67 163 -1
67 165 -1
68 17 -1
68 19 -1
68 21 -1
68 23 1
68 46 -1
68 54 -1
68 57 -1
68 58 -1
68 59 -1
68 85 -1
68 107 -1
68 110 -1
68 114 -1
68 119 -1
68 134 -1
68 140 -1
68 160 -1
68 165 -1
69 3 -1
69 20 -1
69 32 -1
69 33 -1
69 34 1
69 38 1
69 40 1
69 50 1
69 68 -1
69 87 -1
69 115 -1
69 145 -1
69 146 1
69 160 1
70 1 1
70 5 -1
70 11 -1
70 20 -1
70 33 1
70 52 -1
70 78 -1
70 79 -1
70 96 -1
70 105 -1
70 109 -1
70 132 -1
70 143 -1
70 154 -1
70 155 -1
71 14 -1
71 18 -1
71 23 -1
71 24 1
71 30 -1
71 37 -1
71 43 -1
71 48 1
71 49 -1
71 54 1
71 73 -1
71 74 -1
71 76 -1
71 81 1
71 82 -1
71 104 -1
71 131 -1
71 137 -1
72 1 -1
72 3 1
72 13 -1
72 15 -1
72 22 -1
72 32 -1
72 35 1
72 46 1
72 48 -1
72 83 -1
72 84 -1
72 92 -1
72 93 -1
72 105 -1
72 113 -1
72 127 -1
72 153 1
72 158 -1
72 169 1
73 1 1
73 4 -1
73 11 -1
73 16 -1
73 17 -1
73 18 -1
73 27 -1
73 35 -1
73 47 -1
73 68 -1
73 76 -1
73 90 -1
73 102 -1
73 108 1
73 129 -1
73 132 1
73 141 -1
73 142 1
73 145 -1
73 154 -1
73 156 -1
73 160 1
74 22 -1
74 24 -1
74 25 -1
74 37 -1
74 38 -1
74 43 -1
74 62 -1
74 75 -1
74 83 1
74 101 -1
74 115 -1
74 119 -1
74 121 -1
74 132 1
74 133 -1
74 146 -1
74 163 -1
74 166 -1
74 170 -1
75 18 -1
75 21 1
75 22 1
75 27 -1
75 29 -1
75 31 -1
75 45 -1
75 49 1
75 82 -1
75 90 -1
75 93 -1
75 113 1
75 127 -1
75 128 -1
75 134 -1
75 135 1
75 167 -1
75 170 1
76 12 -1
76 15 -1
76 37 -1
76 40 -1
76 48 -1
76 55 -1
76 63 1
76 81 -1
76 83 -1
76 89 -1
76 92 1
76 125 1
76 127 -1
76 128 -1
76 150 1
76 168 -1
76 170 -1
77 11 -1
77 12 -1
77 25 1
77 41 -1
77 49 -1
77 67 -1
77 80 -1
77 83 -1
77 87 -1
77 104 -1
77 112 1
77 127 -1
77 132 1
77 149 1
77 162 1
77 168 1
78 2 -1
78 7 -1
78 8 1
78 20 -1
78 27 -1
78 33 -1
78 34 -1
78 43 -1
78 85 -1
78 89 -1
78 102 -1
78 126 -1
78 137 -1
78 138 -1
78 150 1
78 154 -1
78 169 -1
79 3 1
79 4 -1
79 8 -1
79 51 1
79 54 -1
79 57 1
79 123 -1
79 141 -1
79 151 -1
79 167 1
79 168 -1
80 6 1
80 28 -1
80 37 -1
80 39 -1
80 40 1
80 61 -1
80 70 1
80 79 -1
80 91 1
80 119 -1
80 124 1
80 133 1
80 151 -1
80 154 1
81 2 -1
81 11 -1
81 18 -1
81 22 -1
81 27 -1
81 30 1
81 34 -1
81 35 -1
81 56 -1
81 59 -1
81 62 -1
81 68 1
81 90 -1
81 91 1
81 94 1
81 101 -1
81 121 1
81 124 -1
81 126 -1
81 131 -1
81 155 1
81 162 -1
81 165 1
82 23 1
82 35 1
82 38 -1
82 40 -1
82 43 -1
82 46 -1
82 79 -1
82 80 -1
82 84 -1
82 86 -1
82 91 1
82 92 -1
82 103 -1
82 104 -1
82 111 -1
82 129 -1
82 133 -1
82 144 -1
82 154 -1
82 158 -1
83 23 1
83 45 1
83 50 -1
83 51 -1
83 69 -1
83 70 -1
83 75 1
83 79 -1
83 93 -1
83 99 -1
83 113 -1
83 116 -1
83 118 1
83 121 -1
83 130 -1
83 133 -1
83 146 1
83 149 1
83 162 -1
84 44 -1
84 47 -1
84 55 -1
84 76 -1
84 96 -1
84 102 -1
84 106 1
84 119 -1
84 147 -1
84 149 -1
84 159 -1
84 166 -1
85 21 -1
85 25 -1
85 30 -1
85 32 -1
85 48 -1
85 56 -1
85 57 -1
85 59 -1
85 69 1
85 74 -1
85 84 -1
85 99 -1
85 103 1
85 107 -1
85 108 -1
85 110 -1
85 112 -1
85 130 -1
85 135 -1
85 147 -1
85 150 1
85 161 -1
85 166 -1
85 170 1
86 5 -1
86 25 -1
86 39 -1
86 40 -1
86 48 -1
86 51 -1
86 72 -1
86 77 -1
86 94 1
86 104 -1
86 140 -1
86 147 -1
87 17 -1
87 18 -1
87 22 -1
87 36 -1
87 41 -1
87 46 1
87 55 1
87 68 -1
87 73 1
87 79 -1
87 97 -1
87 105 1
87 108 -1
87 109 -1
87 129 -1
87 138 1
87 142 -1
87 153 -1
87 166 -1
88 1 1
88 20 -1
88 45 -1
88 48 -1
88 65 1
88 82 -1
88 83 -1
88 84 1
88 97 1
88 99 -1
88 101 -1
88 106 -1
88 122 -1
88 125 -1
88 135 -1
88 156 -1
89 14 -1
89 23 -1
89 26 -1
89 27 -1
89 28 -1
89 47 -1
89 56 1
89 81 1
89 87 -1
89 91 -1
89 96 1
89 98 -1
89 109 -1
89 115 1
89 132 -1
89 144 -1
89 145 -1
89 147 1
89 168 -1
89 170 -1
90 5 1
90 10 -1
90 35 -1
90 36 1
90 38 -1
90 40 -1
90 43 1
90 55 -1
90 56 -1
90 65 -1
90 70 -1
90 80 -1
90 85 1
90 88 1
90 122 -1
90 145 -1
90 151 -1
90 154 -1
90 166 -1
91 3 -1
91 10 -1
91 12 -1
91 24 -1
91 27 1
91 57 -1
91 69 -1
91 75 1
91 84 -1
91 88 1
91 106 -1
91 107 -1
91 109 -1
91 129 1
91 133 1
91 150 -1
91 155 1
91 157 -1
91 162 -1
91 169 1
92 19 -1
92 24 -1
92 25 1
92 27 -1
92 37 -1
92 38 -1
92 49 1
92 60 1
92 67 -1
92 68 -1
92 75 1
92 79 -1
92 94 -1
92 104 -1
92 130 1
92 142 -1
92 153 -1
92 154 1
92 169 -1
93 11 -1
93 13 -1
93 17 -1
93 26 1
93 33 -1
93 42 -1
93 49 -1
93 78 -1
93 82 1
93 103 -1
93 126 -1
93 128 -1
93 132 -1
93 137 -1
93 152 -1
94 6 1
94 10 -1
94 18 -1
94 33 -1
94 47 -1
94 55 -1
94 66 -1
94 79 -1
94 85 -1
94 104 -1
94 112 1
94 117 -1
94 124 -1
94 147 -1
94 156 -1
95 2 -1
95 11 -1
95 51 -1
95 62 -1
95 67 -1
95 68 -1
95 71 1
95 74 -1
95 82 -1
95 87 -1
95 104 1
95 105 -1
95 106 -1
95 115 -1
95 116 -1
95 132 -1
95 133 -1
95 143 -1
95 144 -1
95 152 1
96 4 -1
96 6 -1
96 12 -1
96 18 -1
96 21 -1
96 34 1
96 49 -1
96 73 -1
96 83 1
96 85 -1
96 101 -1
96 106 -1
96 134 -1
96 145 1
96 149 -1
96 167 1
97 8 -1
97 15 1
97 23 -1
97 50 -1
97 54 -1
97 72 -1
97 80 -1
97 84 -1
97 92 -1
97 98 -1
97 100 1
97 112 1
97 116 -1
97 129 -1
97 131 -1
97 137 -1
97 154 -1
97 167 -1
97 169 -1
98 1 -1
98 10 -1
98 17 -1
98 19 -1
98 24 -1
98 43 -1
98 56 -1
98 59 -1
98 60 -1
98 62 -1
98 77 1
98 83 -1
98 84 -1
98 87 1
98 96 -1
98 121 -1
98 135 -1
98 147 -1
98 155 -1
98 162 -1
98 166 -1
98 168 1
99 7 -1
99 10 -1
99 39 -1
99 41 -1
99 47 1
99 57 1
99 59 -1
99 66 -1
99 76 -1
99 95 -1
99 96 -1
99 97 -1
99 98 1
99 103 -1
99 113 -1
99 116 -1
99 122 -1
99 146 -1
99 157 -1
100 3 -1
100 9 -1
100 33 -1
100 46 -1
100 47 1
100 53 -1
100 55 -1
100 74 -1
100 87 -1
100 94 -1
100 142 -1
100 145 -1
100 146 -1
100 147 -1
101 18 -1
101 19 -1
101 27 -1
101 32 -1
101 48 1
101 65 -1
101 70 1
101 71 -1
101 72 -1
101 77 1
101 89 -1
101 110 -1
101 127 1
101 152 -1
102 14 -1
102 26 -1
102 28 -1
102 54 -1
102 63 -1
102 97 -1
102 99 -1
102 106 -1
102 115 1
103 25 -1
103 81 -1
103 90 -1
103 107 -1
103 112 1
103 135 -1
104 16 1
104 26 -1
104 40 -1
104 50 -1
104 58 1
104 93 -1
104 108 -1
104 127 -1
104 141 -1
104 147 1
104 153 1
104 154 -1
104 168 -1
104 170 1
105 23 -1
105 29 -1
105 35 -1
105 37 -1
105 43 -1
105 55 -1
105 64 -1
105 75 -1
105 94 1
105 107 -1
105 108 -1
105 110 -1
105 124 -1
106 14 -1
106 15 -1
106 33 -1
106 60 -1
106 64 -1
106 65 1
106 66 -1
106 72 1
106 74 -1
106 76 -1
106 104 1
106 110 1
106 136 -1
106 137 -1
106 139 -1
106 140 -1
106 148 -1
106 155 -1
106 166 -1
107 19 -1
107 25 1
107 33 -1
107 42 -1
107 49 -1
107 50 -1
107 53 -1
107 57 -1
107 71 1
107 87 1
107 88 -1
107 100 -1
107 120 -1
107 122 1
107 125 -1
107 137 1
107 154 1
107 164 -1
108 12 1
108 19 -1
108 23 -1
108 25 -1
108 47 -1
108 58 1
108 63 -1
108 75 -1
108 83 -1
108 88 -1
108 122 1
108 145 -1
109 7 -1
109 14 -1
109 21 -1
109 34 -1
109 41 -1
109 67 -1
109 75 -1
109 77 -1
109 97 -1
109 108 -1
109 125 -1
109 132 -1
109 138 -1
109 142 -1
109 145 1
109 156 1
109 160 -1
109 170 -1
110 36 -1
110 50 -1
110 57 -1
110 63 -1
110 71 -1
110 75 -1
110 80 1
110 102 -1
110 107 -1
110 112 -1
110 123 -1
110 169 -1
111 7 -1
111 14 -1
111 28 1
111 37 -1
111 46 1
111 61 1
111 64 -1
111 107 -1
111 109 -1
111 115 1
111 125 -1
111 138 -1
111 155 -1
111 165 -1
112 25 -1
112 26 -1
112 33 1
112 41 1
112 49 -1
112 67 -1
112 69 -1
112 96 -1
112 135 -1
112 140 1
112 143 1
112 147 -1
112 152 -1
113 3 1
113 11 1
113 21 1
113 33 1
113 40 -1
113 55 -1
113 64 1
113 80 -1
113 96 -1
113 107 -1
113 115 -1
113 162 1
114 1 -1
114 10 -1
114 11 -1
114 28 -1
114 36 1
114 43 -1
114 46 -1
114 54 -1
114 56 1
114 69 -1
114 76 -1
114 91 -1
114 93 -1
114 94 -1
114 104 -1
114 111 -1
114 126 1
114 134 -1
114 154 -1
114 163 -1
115 2 1
115 3 -1
115 7 -1
115 10 -1
115 12 1
115 23 -1
115 26 -1
115 34 1
115 35 -1
115 40 -1
115 41 -1
115 50 -1
115 51 -1
115 54 -1
115 96 -1
115 105 -1
115 140 -1
115 145 -1
115 167 1
116 15 -1
116 20 -1
116 21 -1
116 25 -1
116 30 -1
116 63 -1
116 65 -1
116 68 1
116 75 -1
116 101 -1
116 151 -1
116 153 -1
116 160 -1
116 161 -1
117 8 -1
117 9 1
117 11 -1
117 13 -1
117 15 1
117 23 -1
117 42 1
117 49 -1
117 59 -1
117 60 -1
117 81 -1
117 100 -1
117 101 -1
117 115 -1
117 119 1
117 126 -1
117 133 1
117 164 -1
117 168 1
118 6 -1
118 15 -1
118 25 -1
118 33 -1
118 44 -1
118 51 -1
118 52 -1
118 61 1
118 96 -1
118 123 1
118 130 -1
118 132 -1
118 143 -1
118 155 1
119 20 -1
119 21 -1
119 33 1
119 43 -1
119 44 1
119 48 -1
119 52 -1
119 54 -1
119 58 1
119 71 -1
119 82 -1
119 87 -1
119 92 -1
119 104 -1
119 126 -1
119 144 -1
119 146 -1
119 158 -1
119 163 1
119 166 -1
120 7 1
120 18 1
120 23 -1
120 48 -1
120 61 -1
120 69 -1
120 77 -1
120 82 -1
120 91 -1
120 94 -1
120 97 -1
120 108 -1
120 110 1
120 121 -1
120 125 1
120 152 -1
120 164 -1
121 11 -1
121 21 -1
121 25 -1
121 42 -1
121 56 -1
121 62 -1
121 99 -1
121 100 -1
121 102 -1
121 117 -1
121 123 -1
121 126 -1
121 136 1
121 155 -1
121 159 -1
121 164 -1
121 167 -1
121 168 -1
122 21 -1
122 25 -1
122 27 -1
122 46 -1
122 48 -1
122 49 -1
122 56 -1
122 62 -1
122 72 -1
122 85 -1
122 89 -1
122 93 -1
122 105 -1
122 111 -1
122 132 -1
122 143 -1
122 151 -1
122 157 -1
122 158 -1
122 162 -1
123 10 -1
123 25 1
123 28 -1
123 60 -1
123 66 -1
123 81 -1
123 82 -1
123 93 -1
123 128 -1
123 130 -1
123 142 1
123 143 1
123 153 -1
124 3 -1
124 9 -1
124 15 -1
124 34 -1
124 38 -1
124 69 -1
124 72 1
124 83 1
124 102 -1
124 114 -1
124 126 1
124 127 -1
124 155 1
125 38 -1
125 40 -1
125 42 -1
125 61 -1
125 64 -1
125 72 -1
125 73 -1
125 80 1
125 98 1
125 112 -1
125 116 -1
125 121 -1
125 122 -1
125 124 -1
125 140 -1
125 144 -1
125 151 -1
126 6 -1
126 18 1
126 19 -1
126 24 -1
126 28 -1
126 38 -1
126 41 -1
126 49 -1
126 64 -1
126 76 -1
126 87 -1
126 89 1
126 92 -1
126 109 -1
126 111 -1
126 116 -1
126 120 -1
126 125 -1
126 140 1
126 145 -1
126 146 -1
126 150 -1
126 157 1
126 164 -1
126 166 -1
127 88 -1
127 99 -1
127 100 1
127 107 -1
127 110 -1
127 114 -1
127 120 1
127 149 -1
127 155 -1
128 16 -1
128 37 -1
128 63 -1
128 74 1
128 79 -1
128 94 -1
128 98 1
128 114 1
128 145 -1
128 158 -1
128 159 -1
128 168 -1
129 7 1
129 8 -1
129 11 -1
129 13 -1
129 14 -1
129 19 1
129 31 -1
129 46 -1
129 59 -1
129 63 -1
129 77 -1
129 84 -1
129 85 -1
129 108 -1
129 115 -1
129 133 -1
129 147 1
129 148 1
129 155 -1
129 163 -1
130 7 -1
130 12 -1
130 18 1
130 28 -1
130 60 1
130 61 -1
130 74 -1
130 94 -1
130 109 1
130 116 -1
130 131 -1
130 149 -1
130 152 1
130 153 -1
130 155 -1
130 167 1
130 170 1
131 6 -1
131 9 1
131 32 1
131 44 -1
131 52 -1
131 53 1
131 54 -1
131 66 -1
131 69 -1
131 84 -1
131 98 -1
131 109 -1
131 116 -1
131 128 1
131 140 -1
131 143 -1
131 167 -1
131 168 -1
132 24 -1
132 25 -1
132 27 -1
132 43 -1
132 52 1
132 54 1
132 57 1
132 67 1
132 83 -1
132 92 -1
132 102 -1
132 103 -1
132 112 1
132 121 -1
132 128 -1
132 130 -1
132 137 -1
132 149 -1
132 157 -1
132 164 -1
133 8 1
133 12 -1
133 21 1
133 34 -1
133 35 -1
133 41 1
133 43 -1
133 50 -1
133 67 -1
133 70 -1
133 75 -1
133 81 -1
133 96 -1
133 97 -1
133 100 -1
133 102 1
133 107 -1
133 116 -1
133 134 -1
133 140 1
133 145 -1
133 156 -1
133 162 -1
134 5 -1
134 21 -1
134 42 -1
134 43 -1
134 57 -1
134 62 -1
134 64 -1
134 66 -1
134 71 -1
134 84 -1
134 86 -1
134 95 -1
134 100 -1
134 103 -1
134 160 -1
135 7 -1
135 28 1
135 29 -1
135 39 -1
135 43 -1
135 45 -1
135 56 -1
135 76 -1
135 79 -1
135 87 -1
135 100 -1
135 104 -1
135 105 -1
135 121 -1
135 125 -1
135 126 -1
135 130 -1
135 137 1
135 156 -1
136 2 -1
136 49 1
136 56 -1
136 58 -1
136 70 -1
136 92 -1
136 96 -1
136 99 -1
136 134 1
136 146 -1
136 154 1
136 159 -1
136 163 -1
137 6 -1
137 17 -1
137 37 -1
137 38 1
137 41 1
137 43 -1
137 44 -1
137 63 -1
137 95 -1
137 112 -1
137 119 -1
137 126 1
137 147 1
137 150 -1
137 152 -1
137 155 -1
137 156 -1
138 3 -1
138 23 1
138 27 -1
138 28 -1
138 51 -1
138 52 -1
138 60 -1
138 65 -1
138 73 -1
138 75 -1
138 77 -1
138 82 -1
138 86 -1
138 105 -1
138 107 -1
138 128 -1
138 134 -1
138 137 -1
138 139 -1
138 145 -1
138 157 -1
138 158 -1
138 167 1
139 2 -1
139 4 -1
139 9 1
139 13 1
139 16 -1
139 18 -1
139 29 -1
139 38 -1
139 43 -1
139 48 -1
139 65 -1
139 80 -1
139 82 -1
139 125 -1
139 159 -1
139 162 -1
140 9 -1
140 17 -1
140 21 -1
140 36 1
140 41 -1
140 46 -1
140 69 -1
140 96 -1
140 118 -1
140 137 -1
140 156 1
140 167 -1
141 7 -1
141 18 -1
141 28 -1
141 29 -1
141 78 -1
141 83 -1
141 94 1
141 118 -1
141 120 -1
141 137 -1
141 151 -1
141 165 -1
142 13 -1
142 29 -1
142 31 1
142 39 1
142 52 -1
142 72 -1
142 80 -1
142 85 1
142 88 -1
142 89 1
142 96 -1
142 98 -1
142 102 -1
142 119 -1
142 128 -1
142 131 -1
142 162 -1
142 164 -1
143 3 -1
143 21 -1
143 31 -1
143 32 -1
143 33 -1
143 45 -1
143 67 -1
143 68 -1
143 76 1
143 87 -1
143 93 -1
143 117 -1
143 157 -1
143 162 1
143 163 -1
143 164 -1
143 165 -1
144 8 -1
144 10 -1
144 12 -1
144 22 -1
144 31 -1
144 44 -1
144 47 -1
144 57 -1
144 60 1
144 64 -1
144 74 -1
144 106 1
144 117 -1
144 142 -1
144 146 -1
144 149 1
145 11 -1
145 42 -1
145 45 -1
145 71 1
145 83 -1
145 97 -1
145 99 1
145 104 -1
145 110 -1
145 123 -1
145 148 -1
145 153 1
145 163 -1
145 170 -1
146 3 -1
146 31 -1
146 36 -1
146 59 1
146 79 -1
146 86 1
146 91 1
146 92 1
146 101 -1
146 108 -1
146 115 -1
146 125 1
146 127 -1
146 134 -1
146 135 -1
146 155 1
147 1 -1
147 10 -1
147 11 -1
147 20 1
147 32 -1
147 35 -1
147 45 -1
147 60 -1
147 75 -1
147 90 -1
147 111 -1
147 116 -1
147 120 -1
147 126 -1
147 148 -1
147 165 -1
148 7 -1
148 16 -1
148 17 -1
148 24 -1
148 33 -1
148 38 1
148 53 1
148 63 1
148 71 -1
148 73 -1
148 79 -1
148 83 -1
148 107 -1
148 112 -1
148 119 -1
148 122 -1
148 128 1
148 143 -1
148 144 -1
148 155 -1
148 157 -1
148 163 -1
148 170 1
149 5 -1
149 20 -1
149 29 -1
149 43 -1
149 59 -1
149 75 -1
149 76 1
149 102 -1
149 104 -1
149 108 -1
149 110 1
149 113 -1
149 116 -1
149 117 -1
149 121 1
149 123 -1
149 125 -1
149 140 -1
149 145 1
149 158 -1
149 164 1
149 166 -1
150 4 -1
150 6 -1
150 11 -1
150 35 -1
150 36 -1
150 48 -1
150 65 -1
150 84 -1
150 87 -1
150 101 -1
150 104 -1
150 116 -1
150 125 -1
150 135 -1
150 142 -1
150 143 -1
150 147 -1
150 160 1
150 162 -1
151 7 -1
151 12 -1
151 30 -1
151 35 1
151 37 1
151 39 -1
151 47 -1
151 91 -1
151 117 -1
151 153 1
152 25 -1
152 27 -1
152 41 -1
152 68 -1
152 75 -1
152 111 -1
152 126 -1
152 128 1
152 139 -1
152 141 1
152 147 1
152 150 -1
153 16 1
153 17 -1
153 39 -1
153 54 -1
153 58 -1
153 59 -1
153 63 -1
153 65 -1
153 73 -1
153 76 -1
153 81 -1
153 85 1
153 102 -1
153 108 -1
153 112 -1
153 115 -1
153 133 -1
153 150 -1
153 158 1
153 170 -1
154 4 -1
154 5 -1
154 17 -1
154 21 1
154 26 1
154 35 1
154 39 1
154 48 1
154 52 -1
154 54 1
154 61 -1
154 64 -1
154 71 1
154 110 -1
154 113 -1
154 117 -1
154 126 -1
154 132 -1
154 146 -1
154 149 -1
154 150 -1
154 160 -1
155 24 -1
155 35 1
155 37 -1
155 42 -1
155 44 1
155 56 -1
155 60 1
155 80 1
155 94 -1
155 100 -1
155 101 -1
155 102 -1
155 107 -1
155 108 -1
155 131 -1
155 150 -1
155 157 -1
155 160 -1
155 166 -1
155 170 -1
156 13 -1
156 30 -1
156 44 -1
156 56 -1
156 57 -1
156 64 -1
156 67 -1
156 78 -1
156 83 1
156 89 1
156 98 1
156 112 -1
156 114 -1
156 134 -1
156 138 -1
156 146 -1
156 170 -1
157 5 -1
157 18 -1
157 26 -1
157 48 1
157 56 -1
157 65 -1
157 68 -1
157 73 -1
157 77 -1
157 78 -1
157 92 -1
157 93 1
157 118 -1
157 123 -1
157 135 -1
157 141 -1
157 153 -1
157 168 -1
158 4 -1
158 25 -1
158 36 -1
158 50 -1
158 85 -1
158 97 -1
158 99 -1
158 100 -1
158 109 -1
158 113 -1
158 114 -1
158 115 -1
158 127 -1
158 133 -1
158 134 1
158 157 -1
159 9 -1
159 11 -1
159 46 -1
159 48 1
159 60 -1
159 65 -1
159 69 -1
159 75 -1
159 112 -1
159 125 -1
159 145 -1
159 148 -1
159 161 -1
159 164 -1
159 166 -1
160 3 1
160 8 -1
160 20 -1
160 21 -1
160 22 -1
160 23 1
160 24 1
160 30 -1
160 32 1
160 36 -1
160 41 -1
160 44 -1
160 50 -1
160 53 -1
160 56 -1
160 66 -1
160 84 -1
160 89 -1
160 97 -1
160 120 -1
160 130 1
160 138 -1
160 139 -1
161 14 -1
161 29 -1
161 36 -1
161 51 -1
161 94 -1
161 95 1
161 101 -1
161 110 -1
161 128 -1
161 141 -1
161 142 -1
161 151 -1
161 153 -1
162 14 -1
162 24 -1
162 25 -1
162 63 -1
162 99 -1
162 103 -1
162 108 -1
162 115 -1
162 117 -1
162 120 -1
162 131 1
162 153 -1
162 159 -1
162 168 1
163 1 -1
163 5 -1
163 11 -1
163 48 -1
163 105 -1
163 107 1
163 111 -1
163 122 1
163 130 -1
163 152 -1
164 4 1
164 20 -1
164 22 -1
164 29 -1
164 31 1
164 37 -1
164 43 -1
164 57 1
164 67 -1
164 69 -1
164 70 -1
164 77 1
164 81 -1
164 86 1
164 97 -1
164 145 -1
164 147 -1
164 165 -1
164 166 1
165 5 -1
165 12 -1
165 20 1
165 22 -1
165 34 -1
165 45 -1
165 51 -1
165 52 -1
165 63 -1
165 64 -1
165 65 1
165 85 -1
165 104 1
165 109 -1
165 110 -1
165 131 -1
165 156 -1
165 162 1
165 163 -1
165 168 -1
166 14 -1
166 16 -1
166 26 -1
166 30 -1
166 71 -1
166 76 -1
166 86 -1
166 93 -1
166 95 -1
166 96 -1
166 120 -1
166 122 -1
166 128 -1
166 129 -1
166 132 -1
166 138 1
166 141 -1
166 146 -1
166 148 -1
166 152 -1
166 153 1
166 163 -1
166 167 -1
167 13 -1
167 24 -1
167 34 -1
167 41 -1
167 87 -1
167 88 1
167 89 -1
167 95 -1
167 108 -1
167 133 -1
167 134 -1
167 142 -1
167 147 -1
167 154 1
168 3 -1
168 13 1
168 18 -1
168 22 -1
168 33 -1
168 43 1
168 46 -1
168 48 -1
168 57 -1
168 73 -1
168 86 -1
168 94 -1
168 111 -1
168 122 -1
168 130 1
168 135 -1
168 156 -1
168 163 1
169 5 -1
169 6 1
169 19 -1
169 29 -1
169 30 -1
169 46 -1
169 49 -1
169 50 1
169 57 1
169 58 -1
169 59 -1
169 93 -1
169 103 -1
169 105 -1
169 108 -1
169 115 -1
169 117 -1
169 125 -1
169 126 -1
169 128 -1
169 141 -1
169 154 -1
169 155 -1
170 6 -1
170 7 1
170 26 -1
170 29 -1
170 39 1
170 48 -1
170 53 -1
170 63 -1
170 66 -1
170 72 -1
170 92 -1
170 113 -1
170 142 -1
170 144 1
170 162 -1
170 163 -1
