vertices: 190 edges: 8977
1 4 1
1 6 -1
1 8 -1
1 10 -1
1 12 -1
1 13 1
1 23 -1
1 25 1
1 30 1
1 32 -1
1 34 -1
1 40 1
1 41 1
1 49 1
1 50 1
1 51 -1
1 55 1
1 56 1
1 57 1
1 74 -1
1 76 1
1 78 1
1 79 1
1 82 -1
1 89 1
1 95 1
1 96 1
1 102 -1
1 103 1
1 105 1
1 114 1
1 115 -1
1 117 1
1 122 -1
1 123 -1
1 124 1
1 130 1
1 132 1
1 134 -1
1 138 1
1 144 -1
1 150 1
1 155 -1
1 158 1
1 159 -1
1 161 -1
1 167 1
1 168 1
1 172 -1
1 174 1
1 177 1
1 179 1
1 180 1
1 187 -1
2 10 -1
2 11 -1
2 12 1
2 15 1
2 17 -1
2 25 1
2 40 -1
2 41 1
2 60 -1
2 63 -1
2 67 -1
2 68 -1
2 70 1
2 72 1
2 79 -1
2 80 1
2 86 -1
2 93 -1
2 98 -1
2 100 -1
2 102 -1
2 105 1
2 106 -1
2 107 -1
2 110 1
2 111 1
2 112 1
2 113 -1
2 117 1
2 119 1
2 126 -1
2 127 1
2 137 1
2 142 -1
2 144 -1
2 150 1
2 160 1
2 165 1
2 174 1
2 175 -1
2 179 -1
2 181 1
2 183 -1
2 188 -1
3 8 1
3 10 -1
3 11 1
3 26 1
3 27 1
3 30 1
3 31 -1
3 32 1
3 35 -1
3 37 -1
3 39 1
3 41 1
3 42 1
3 44 1
3 51 1
3 55 -1
3 56 1
3 60 1
3 67 1
3 74 -1
3 80 -1
3 82 1
3 85 1
3 87 1
3 90 1
3 100 -1
3 103 -1
3 109 1
3 111 -1
3 113 -1
3 114 1
3 121 1
3 126 -1
3 128 -1
3 129 1
3 135 -1
3 138 -1
3 143 1
3 144 1
3 145 -1
3 156 1
3 162 1
3 165 -1
3 167 -1
3 171 -1
3 173 -1
3 178 -1
3 183 -1
3 184 1
3 186 1
3 189 1
4 2 1
4 7 1
4 12 1
4 16 -1
4 18 1
4 38 -1
4 40 1
4 42 1
4 46 1
4 56 1
4 58 -1
4 62 -1
4 69 1
4 71 -1
4 73 1
4 76 -1
4 82 -1
4 89 -1
4 93 1
4 94 -1
4 95 1
4 101 -1
4 102 -1
4 105 -1
4 106 -1
4 107 1
4 118 1
4 121 1
4 132 1
4 138 1
4 141 -1
4 146 1
4 165 1
4 175 -1
4 179 -1
4 181 1
4 182 -1
4 183 1
5 3 1
5 4 -1
5 6 1
5 9 -1
5 21 1
5 22 -1
5 32 1
5 33 -1
5 35 -1
5 53 -1
5 56 1
5 57 -1
5 63 -1
5 66 -1
5 71 1
5 72 1
5 73 -1
5 74 -1
5 75 1
5 78 -1
5 85 1
5 87 -1
5 90 -1
5 92 -1
5 94 -1
5 109 1
5 124 1
5 127 -1
5 134 -1
5 150 -1
5 157 -1
5 171 1
5 173 1
5 174 1
5 175 -1
5 176 -1
5 179 1
5 183 -1
5 187 1
5 188 1
5 189 -1
6 7 1
6 11 1
6 13 1
6 18 -1
6 20 1
6 24 1
6 25 -1
6 27 -1
6 29 -1
6 30 1
6 33 -1
6 34 -1
6 44 1
6 45 1
6 52 1
6 53 1
6 56 -1
6 57 1
6 58 1
6 68 1
6 73 1
6 74 -1
6 77 1
6 81 1
6 84 -1
6 85 1
6 88 -1
6 101 -1
6 104 1
6 107 1
6 119 1
6 121 1
6 122 -1
6 128 -1
6 136 1
6 137 -1
6 141 -1
6 147 -1
6 150 -1
6 152 1
6 155 1
6 158 1
6 164 -1
6 173 1
6 175 1
6 178 -1
6 179 1
6 181 -1
6 185 1
6 188 1
6 189 -1
6 190 -1
7 1 -1
7 2 -1
7 3 -1
7 5 -1
7 14 1
7 19 1
7 20 -1
7 25 -1
7 26 1
7 28 -1
7 36 1
7 37 -1
7 38 -1
7 40 1
7 41 -1
7 48 -1
7 50 -1
7 51 -1
7 53 -1
7 54 1
7 55 -1
7 57 -1
7 58 1
7 63 1
7 70 1
7 71 1
7 77 1
7 78 1
7 79 -1
7 92 1
7 95 -1
7 97 -1
7 116 1
7 118 -1
7 125 1
7 129 1
7 134 1
7 136 -1
7 137 -1
7 139 -1
7 140 -1
7 141 -1
7 143 1
7 146 -1
7 149 -1
7 150 -1
7 151 1
7 152 1
7 157 1
7 159 -1
7 164 -1
7 168 -1
7 170 -1
7 178 -1
7 180 1
7 182 -1
7 183 1
7 187 1
8 6 -1
8 7 -1
8 10 -1
8 16 -1
8 19 -1
8 24 -1
8 29 -1
8 31 -1
8 32 -1
8 34 1
8 35 1
8 43 -1
8 44 1
8 49 1
8 50 1
8 51 1
8 56 1
8 57 1
8 60 1
8 75 1
8 76 1
8 82 -1
8 86 -1
8 88 1
8 91 -1
8 92 -1
8 98 -1
8 100 -1
8 111 1
8 115 -1
8 116 -1
8 132 -1
8 134 -1
8 135 1
8 144 1
8 146 -1
8 147 1
8 148 1
8 151 1
8 153 1
8 160 1
8 162 1
8 168 -1
8 169 -1
8 170 -1
8 172 -1
8 183 1
8 184 1
9 3 1
9 4 -1
9 7 1
9 8 1
9 11 1
9 16 1
9 18 -1
9 22 -1
9 23 -1
9 24 -1
9 27 1
9 28 1
9 29 1
9 30 1
9 33 -1
9 35 1
9 39 -1
9 41 1
9 52 1
9 55 -1
9 56 1
9 58 1
9 62 -1
9 68 -1
9 69 1
9 76 -1
9 87 1
9 93 1
9 96 -1
9 97 1
9 108 -1
9 110 -1
9 111 1
9 115 -1
9 122 -1
9 123 -1
9 127 1
9 132 1
9 135 -1
9 143 -1
9 146 1
9 150 1
9 152 -1
9 153 1
9 155 1
9 163 1
9 167 1
9 170 -1
9 175 -1
9 176 1
9 184 -1
9 190 1
10 4 -1
10 5 1
10 9 1
10 11 -1
10 14 1
10 17 1
10 19 -1
10 21 1
10 27 1
10 31 -1
10 34 -1
10 37 -1
10 39 -1
10 43 -1
10 46 1
10 49 1
10 67 1
10 72 1
10 73 1
10 83 1
10 84 -1
10 88 -1
10 90 -1
10 91 1
10 96 1
10 100 -1
10 102 1
10 108 -1
10 109 1
10 114 1
10 120 1
10 121 -1
10 122 1
10 130 -1
10 133 -1
10 146 -1
10 148 1
10 158 1
10 161 -1
10 166 1
10 183 -1
10 185 -1
10 186 1
10 189 -1
11 12 -1
11 16 1
11 19 1
11 20 -1
11 28 1
11 30 1
11 35 1
11 39 1
11 40 -1
11 43 -1
11 44 -1
11 50 -1
11 51 -1
11 55 1
11 58 -1
11 59 -1
11 61 -1
11 67 -1
11 69 -1
11 71 1
11 76 -1
11 81 1
11 84 1
11 87 -1
11 88 1
11 91 -1
11 93 -1
11 96 1
11 107 1
11 113 1
11 114 -1
11 118 -1
11 127 -1
11 131 -1
11 135 -1
11 136 1
11 137 1
11 140 1
11 146 1
11 152 1
11 156 1
11 161 1
11 162 -1
11 163 1
11 165 1
11 173 -1
11 189 1
12 9 1
12 19 1
12 20 1
12 29 1
12 32 -1
12 35 1
12 40 -1
12 41 1
12 45 -1
12 48 -1
12 50 -1
12 51 -1
12 65 -1
12 66 1
12 71 1
12 73 -1
12 99 -1
12 103 1
12 108 1
12 110 -1
12 112 1
12 120 1
12 126 1
12 130 -1
12 132 -1
12 140 -1
12 142 -1
12 144 -1
12 145 -1
12 146 -1
12 147 1
12 149 -1
12 152 -1
12 153 -1
12 154 1
12 159 -1
12 161 1
12 162 1
12 166 1
12 175 -1
12 176 1
12 181 1
12 188 1
12 189 -1
13 2 -1
13 5 -1
13 12 1
13 20 -1
13 21 1
13 23 1
13 24 -1
13 27 1
13 32 1
13 34 -1
13 35 -1
13 46 1
13 50 -1
13 53 -1
13 54 -1
13 63 1
13 69 -1
13 73 -1
13 74 1
13 77 -1
13 79 -1
13 80 -1
13 82 -1
13 92 -1
13 98 -1
13 109 1
13 113 -1
13 120 1
13 121 1
13 122 1
13 126 -1
13 127 -1
13 131 -1
13 144 1
13 147 -1
13 154 1
13 161 -1
13 165 -1
13 167 -1
13 174 1
13 187 1
14 1 -1
14 18 1
14 25 -1
14 42 1
14 44 -1
14 49 1
14 52 1
14 61 -1
14 72 1
14 74 1
14 77 1
14 83 -1
14 93 1
14 101 -1
14 106 1
14 107 -1
14 108 1
14 110 -1
14 119 1
14 120 1
14 121 1
14 132 1
14 137 1
14 142 1
14 143 1
14 144 1
14 148 -1
14 154 -1
14 158 1
14 163 -1
14 167 -1
14 169 1
14 184 -1
14 185 -1
14 190 1
15 4 -1
15 5 -1
15 8 -1
15 9 -1
15 10 1
15 12 -1
15 16 -1
15 17 1
15 19 -1
15 23 -1
15 37 1
15 38 -1
15 46 -1
15 53 1
15 54 1
15 61 -1
15 63 1
15 68 1
15 85 -1
15 86 1
15 88 -1
15 90 -1
15 95 -1
15 100 1
15 101 1
15 110 -1
15 112 -1
15 114 1
15 116 1
15 117 1
15 121 -1
15 123 -1
15 126 -1
15 129 -1
15 130 1
15 138 1
15 142 1
15 144 1
15 152 -1
15 153 -1
15 154 -1
15 166 1
15 168 -1
15 171 -1
15 175 -1
15 178 -1
15 179 -1
15 186 1
16 1 -1
16 3 1
16 13 1
16 14 -1
16 18 -1
16 20 1
16 21 1
16 22 -1
16 23 1
16 31 -1
16 33 1
16 36 1
16 37 1
16 38 1
16 39 1
16 43 -1
16 45 -1
16 49 -1
16 50 -1
16 51 -1
16 52 -1
16 53 1
16 65 1
16 70 1
16 72 1
16 73 1
16 76 -1
16 77 -1
16 84 1
16 85 1
16 86 1
16 88 1
16 89 -1
16 91 1
16 92 1
16 93 -1
16 94 -1
16 98 -1
16 102 1
16 104 1
16 105 1
16 109 -1
16 113 -1
16 121 -1
16 129 -1
16 130 -1
16 132 1
16 133 1
16 139 1
16 143 -1
16 145 -1
16 147 1
16 148 -1
16 149 1
16 160 1
16 167 -1
16 169 1
16 173 -1
16 176 1
16 177 1
16 183 1
16 190 -1
17 1 1
17 5 1
17 6 -1
17 8 1
17 9 -1
17 13 -1
17 19 1
17 22 -1
17 23 -1
17 28 -1
17 36 -1
17 37 -1
17 38 -1
17 42 1
17 45 -1
17 49 1
17 64 -1
17 65 1
17 76 -1
17 77 -1
17 79 -1
17 81 -1
17 82 -1
17 84 -1
17 90 1
17 92 1
17 94 1
17 98 -1
17 106 -1
17 109 1
17 110 1
17 117 -1
17 121 -1
17 124 -1
17 134 -1
17 142 -1
17 167 -1
17 178 1
17 187 1
18 1 -1
18 5 -1
18 8 -1
18 10 1
18 11 1
18 12 -1
18 22 -1
18 25 -1
18 32 -1
18 33 1
18 36 -1
18 38 1
18 39 -1
18 40 -1
18 42 1
18 46 -1
18 52 -1
18 59 1
18 62 -1
18 64 1
18 65 -1
18 66 -1
18 67 -1
18 70 -1
18 74 1
18 75 1
18 78 -1
18 83 -1
18 87 1
18 88 -1
18 101 -1
18 102 1
18 104 1
18 107 1
18 111 1
18 114 -1
18 115 -1
18 119 1
18 123 1
18 128 1
18 129 1
18 130 1
18 133 1
18 135 -1
18 147 -1
18 149 -1
18 152 1
18 153 -1
18 155 -1
18 156 -1
18 165 1
18 167 -1
18 175 1
18 178 1
18 185 -1
18 188 1
19 13 -1
19 16 -1
19 18 -1
19 20 1
19 28 1
19 31 1
19 32 1
19 33 -1
19 35 1
19 36 1
19 37 -1
19 42 -1
19 45 -1
19 53 -1
19 56 -1
19 60 1
19 71 -1
19 72 1
19 73 -1
19 74 1
19 77 -1
19 79 1
19 82 1
19 83 -1
19 86 1
19 87 1
19 90 1
19 93 -1
19 96 -1
19 98 1
19 101 1
19 114 -1
19 115 1
19 121 1
19 122 1
19 124 1
19 125 1
19 126 1
19 129 -1
19 132 1
19 137 -1
19 138 -1
19 148 1
19 159 1
19 162 -1
19 165 -1
19 166 1
19 169 -1
19 174 -1
19 180 1
19 184 -1
19 186 -1
19 190 -1
20 1 1
20 3 -1
20 5 1
20 9 -1
20 14 -1
20 17 1
20 21 -1
20 25 -1
20 26 1
20 27 1
20 29 -1
20 36 -1
20 37 -1
20 38 -1
20 43 1
20 45 -1
20 48 1
20 55 1
20 56 1
20 65 -1
20 67 -1
20 75 -1
20 86 1
20 90 -1
20 111 1
20 112 -1
20 116 1
20 125 1
20 127 -1
20 132 -1
20 133 -1
20 139 -1
20 145 -1
20 147 -1
20 155 -1
20 159 -1
20 161 1
20 163 -1
20 166 -1
20 167 -1
20 168 1
20 186 -1
20 187 1
21 2 -1
21 4 -1
21 7 -1
21 11 -1
21 17 1
21 18 -1
21 24 -1
21 26 1
21 28 -1
21 31 1
21 32 1
21 38 -1
21 40 1
21 45 1
21 47 -1
21 50 -1
21 58 -1
21 61 -1
21 67 1
21 69 1
21 71 1
21 72 1
21 73 -1
21 78 1
21 81 -1
21 93 1
21 99 1
21 108 1
21 109 -1
21 111 -1
21 116 -1
21 120 -1
21 122 1
21 128 1
21 134 1
21 140 1
21 142 -1
21 144 1
21 147 1
21 148 -1
21 149 -1
21 153 -1
21 157 -1
21 159 -1
21 165 -1
21 167 -1
21 169 1
21 171 -1
21 179 -1
21 181 -1
21 184 -1
21 186 1
21 189 1
22 1 1
22 3 1
22 4 -1
22 7 1
22 8 1
22 11 1
22 12 1
22 21 1
22 23 1
22 26 1
22 32 -1
22 34 -1
22 35 1
22 37 1
22 39 1
22 42 -1
22 48 -1
22 49 1
22 55 1
22 60 -1
22 73 -1
22 86 1
22 89 -1
22 93 -1
22 98 -1
22 99 -1
22 101 -1
22 103 1
22 107 1
22 110 -1
22 120 -1
22 128 1
22 132 1
22 134 -1
22 139 1
22 142 1
22 145 -1
22 154 1
22 158 1
22 168 -1
22 172 -1
22 182 -1
22 183 1
22 190 -1
23 11 -1
23 14 1
23 24 -1
23 26 1
23 32 -1
23 33 1
23 34 1
23 35 -1
23 39 1
23 43 -1
23 49 -1
23 50 1
23 51 -1
23 52 -1
23 56 -1
23 60 1
23 82 -1
23 86 1
23 88 1
23 90 -1
23 91 -1
23 100 1
23 101 1
23 105 -1
23 106 -1
23 109 -1
23 114 -1
23 116 -1
23 120 -1
23 121 -1
23 125 1
23 137 1
23 139 -1
23 140 1
23 141 1
23 144 -1
23 150 -1
23 152 1
23 155 1
23 156 -1
23 159 1
23 160 1
23 167 -1
23 172 1
23 173 1
23 178 1
23 181 1
23 182 1
23 184 1
23 186 1
24 1 -1
24 2 -1
24 3 -1
24 4 -1
24 10 1
24 17 1
24 20 1
24 22 1
24 34 1
24 42 -1
24 45 -1
24 56 1
24 57 1
24 59 -1
24 60 1
24 71 1
24 74 -1
24 77 -1
24 78 1
24 79 -1
24 83 -1
24 87 1
24 90 1
24 91 1
24 97 1
24 99 -1
24 103 1
24 104 1
24 111 -1
24 112 1
24 114 1
24 122 1
24 123 1
24 125 -1
24 128 1
24 129 1
24 131 -1
24 133 1
24 141 -1
24 144 1
24 149 1
24 152 1
24 153 1
24 155 -1
24 158 1
24 161 -1
24 163 -1
24 183 1
25 3 1
25 5 1
25 10 1
25 16 1
25 26 -1
25 28 -1
25 29 -1
25 32 -1
25 36 1
25 40 -1
25 50 1
25 52 1
25 60 1
25 63 1
25 77 1
25 87 1
25 90 1
25 94 -1
25 95 -1
25 101 -1
25 109 -1
25 118 -1
25 119 1
25 121 1
25 126 1
25 129 -1
25 135 1
25 136 -1
25 141 -1
25 143 -1
25 145 -1
25 150 -1
25 155 1
25 164 -1
25 169 -1
25 172 1
25 174 1
25 175 -1
25 182 1
25 184 1
25 186 -1
25 189 -1
26 2 1
26 5 -1
26 13 -1
26 15 1
26 19 1
26 30 1
26 35 1
26 43 -1
26 44 1
26 46 -1
26 48 -1
26 50 1
26 55 -1
26 70 1
26 76 1
26 83 -1
26 85 -1
26 87 -1
26 89 -1
26 92 1
26 99 -1
26 100 -1
26 103 -1
26 110 -1
26 111 1
26 113 1
26 114 1
26 117 -1
26 118 1
26 119 -1
26 121 -1
26 128 -1
26 134 -1
26 135 1
26 142 -1
26 147 -1
26 149 -1
26 151 1
26 154 -1
26 156 -1
26 158 1
26 168 -1
26 177 1
26 181 1
26 182 1
27 1 1
27 4 -1
27 11 -1
27 14 -1
27 15 -1
27 17 -1
27 21 -1
27 22 -1
27 23 1
27 25 -1
27 30 -1
27 32 1
27 34 1
27 38 -1
27 45 -1
27 49 1
27 50 -1
27 51 -1
27 53 -1
27 55 -1
27 60 -1
27 61 1
27 62 -1
27 70 1
27 71 1
27 79 -1
27 83 1
27 85 1
27 94 -1
27 98 -1
27 103 1
27 113 -1
27 119 -1
27 129 -1
27 140 -1
27 141 1
27 144 1
27 160 1
27 162 1
27 166 -1
27 167 -1
27 170 -1
27 171 1
27 175 1
27 176 -1
27 178 1
27 190 -1
28 1 1
28 4 1
28 6 -1
28 8 -1
28 10 -1
28 12 1
28 14 -1
28 42 1
28 54 -1
28 55 1
28 56 1
28 61 1
28 63 1
28 65 1
28 67 1
28 74 -1
28 75 1
28 76 1
28 77 -1
28 83 -1
28 85 -1
28 88 -1
28 94 -1
28 95 1
28 102 1
28 106 -1
28 112 -1
28 122 1
28 126 -1
28 128 1
28 132 -1
28 135 -1
28 137 1
28 140 1
28 141 1
28 144 1
28 147 -1
28 149 -1
28 160 1
28 165 -1
28 168 -1
28 169 1
29 2 -1
29 3 -1
29 5 1
29 26 1
29 27 1
29 35 -1
29 40 1
29 42 -1
29 44 -1
29 46 1
29 50 -1
29 58 -1
29 62 -1
29 68 -1
29 70 -1
29 74 1
29 75 -1
29 79 1
29 80 -1
29 100 1
29 101 1
29 104 -1
29 107 1
29 111 -1
29 113 1
29 114 -1
29 120 -1
29 122 1
29 126 -1
29 129 -1
29 130 -1
29 134 1
29 135 1
29 140 -1
29 142 -1
29 143 -1
29 144 -1
29 145 -1
29 151 -1
29 153 1
29 155 1
29 160 1
29 164 1
29 168 1
29 170 -1
29 171 -1
29 179 1
29 181 1
29 182 1
29 183 -1
29 190 1
30 2 1
30 4 -1
30 13 1
30 15 1
30 17 -1
30 19 -1
30 20 1
30 23 -1
30 24 1
30 25 -1
30 32 1
30 45 1
30 46 -1
30 60 -1
30 65 -1
30 74 1
30 81 1
30 85 -1
30 86 -1
30 87 -1
30 91 -1
30 94 -1
30 95 -1
30 98 -1
30 100 -1
30 112 1
30 131 -1
30 139 -1
30 142 -1
30 159 -1
30 162 -1
30 163 -1
30 165 1
30 167 -1
30 168 -1
30 170 -1
30 172 -1
30 178 1
30 179 1
30 180 1
30 183 1
31 2 1
31 26 1
31 32 1
31 34 -1
31 39 1
31 40 -1
31 45 -1
31 48 -1
31 52 -1
31 55 1
31 57 1
31 59 1
31 62 1
31 64 -1
31 78 1
31 85 -1
31 86 1
31 95 1
31 97 1
31 98 1
31 100 -1
31 104 1
31 110 -1
31 111 1
31 114 -1
31 115 1
31 118 1
31 120 -1
31 124 -1
31 133 -1
31 134 1
31 142 1
31 149 -1
31 158 -1
31 159 1
31 160 1
31 161 -1
31 164 -1
31 170 1
31 171 -1
31 179 -1
31 189 -1
32 11 1
32 17 -1
32 20 -1
32 28 -1
32 34 -1
32 35 1
32 37 1
32 38 1
32 48 -1
32 50 -1
32 54 -1
32 63 1
32 67 -1
32 72 -1
32 77 1
32 92 1
32 94 1
32 100 1
32 106 1
32 110 -1
32 113 -1
32 114 1
32 115 1
32 119 -1
32 126 -1
32 128 -1
32 130 -1
32 134 1
32 136 1
32 140 1
32 143 -1
32 146 1
32 151 1
32 155 1
32 157 1
32 158 -1
32 160 1
32 163 -1
32 164 -1
32 169 1
32 173 1
32 175 -1
32 176 -1
32 177 -1
32 181 1
32 190 1
33 1 1
33 4 -1
33 7 -1
33 10 -1
33 14 1
33 17 1
33 25 1
33 26 1
33 30 -1
33 43 1
33 45 -1
33 47 -1
33 53 -1
33 58 1
33 63 1
33 69 -1
33 77 -1
33 79 1
33 84 -1
33 87 -1
33 89 -1
33 93 -1
33 94 1
33 95 -1
33 96 1
33 99 1
33 101 -1
33 102 1
33 109 1
33 112 1
33 116 1
33 118 -1
33 121 1
33 123 -1
33 126 1
33 128 -1
33 131 1
33 133 -1
33 135 -1
33 137 1
33 139 1
33 142 -1
33 143 -1
33 146 1
33 148 -1
33 149 1
33 152 1
33 157 -1
33 165 -1
33 170 1
33 171 -1
33 172 -1
33 177 -1
33 183 -1
33 189 1
34 4 -1
34 5 -1
34 16 -1
34 17 1
34 20 -1
34 21 1
34 25 -1
34 28 -1
34 33 -1
34 36 -1
34 38 -1
34 40 -1
34 41 -1
34 44 -1
34 47 1
34 48 1
34 53 1
34 55 -1
34 56 1
34 65 1
34 66 -1
34 73 1
34 74 -1
34 79 -1
34 81 -1
34 87 1
34 89 -1
34 91 -1
34 101 -1
34 104 1
34 108 1
34 109 1
34 111 -1
34 116 -1
34 117 1
34 118 -1
34 126 1
34 128 -1
34 131 1
34 136 -1
34 137 -1
34 141 1
34 143 -1
34 145 -1
34 148 1
34 156 -1
34 157 -1
34 161 1
34 162 1
34 164 -1
34 166 -1
34 170 1
34 172 1
34 175 1
34 177 1
34 180 1
35 2 -1
35 6 1
35 7 -1
35 10 -1
35 14 1
35 17 1
35 18 1
35 24 -1
35 36 1
35 47 -1
35 65 -1
35 67 -1
35 70 -1
35 73 1
35 74 -1
35 75 1
35 80 -1
35 81 1
35 82 1
35 96 1
35 98 -1
35 101 -1
35 104 -1
35 109 1
35 110 -1
35 115 1
35 116 -1
35 117 1
35 118 1
35 122 -1
35 124 -1
35 129 -1
35 136 1
35 137 1
35 140 1
35 141 1
35 148 -1
35 149 -1
35 151 -1
35 155 1
35 156 1
35 162 -1
35 168 -1
35 171 1
35 174 1
35 183 -1
35 184 1
35 189 1
36 1 1
36 2 1
36 3 1
36 6 -1
36 12 1
36 13 1
36 27 1
36 29 -1
36 30 1
36 32 -1
36 40 1
36 46 -1
36 49 -1
36 51 1
36 52 1
36 60 -1
36 65 1
36 66 1
36 68 1
36 70 1
36 72 1
36 75 -1
36 86 -1
36 87 1
36 97 -1
36 101 -1
36 103 1
36 106 1
36 110 1
36 117 1
36 122 1
36 127 -1
36 129 -1
36 130 -1
36 133 -1
36 134 1
36 139 -1
36 150 1
36 151 1
36 156 1
36 159 -1
36 160 1
36 167 1
36 171 1
36 172 -1
36 173 -1
36 181 -1
36 184 -1
36 186 -1
37 12 1
37 13 1
37 14 -1
37 23 1
37 26 1
37 29 -1
37 34 1
37 36 -1
37 38 -1
37 41 1
37 45 -1
37 46 -1
37 50 -1
37 51 -1
37 52 -1
37 53 1
37 57 1
37 61 1
37 65 1
37 71 -1
37 72 -1
37 78 -1
37 81 1
37 85 -1
37 91 1
37 96 1
37 97 -1
37 99 -1
37 104 -1
37 105 -1
37 113 1
37 115 1
37 125 -1
37 127 1
37 130 1
37 138 1
37 139 1
37 145 -1
37 148 -1
37 154 -1
37 157 -1
37 159 1
37 164 -1
37 177 -1
37 180 1
37 189 -1
37 190 -1
38 3 1
38 12 -1
38 24 -1
38 26 1
38 29 -1
38 33 -1
38 41 -1
38 50 1
38 53 1
38 54 1
38 56 -1
38 57 1
38 60 -1
38 64 1
38 65 1
38 75 -1
38 76 1
38 77 -1
38 83 1
38 85 1
38 90 -1
38 93 -1
38 117 -1
38 124 1
38 128 1
38 138 -1
38 142 -1
38 154 1
38 155 -1
38 156 1
38 159 1
38 170 -1
38 174 -1
38 177 1
38 186 1
39 2 -1
39 5 1
39 6 -1
39 7 -1
39 15 1
39 28 -1
39 34 1
39 36 -1
39 47 1
39 59 1
39 69 -1
39 75 1
39 77 -1
39 78 1
39 79 -1
39 80 -1
39 90 1
39 93 -1
39 99 1
39 102 -1
39 106 -1
39 108 1
39 112 1
39 117 -1
39 118 1
39 120 1
39 124 1
39 127 1
39 129 1
39 131 1
39 132 -1
39 136 -1
39 142 -1
39 147 -1
39 154 -1
39 155 1
39 158 1
39 160 1
39 162 -1
39 164 1
39 165 -1
39 167 1
39 169 1
39 172 -1
39 174 1
39 177 -1
39 180 -1
39 185 -1
39 189 1
40 3 -1
40 5 -1
40 10 -1
40 14 -1
40 16 1
40 19 -1
40 20 1
40 22 -1
40 23 -1
40 30 -1
40 32 -1
40 35 1
40 45 -1
40 48 -1
40 55 -1
40 56 1
40 57 1
40 58 -1
40 67 -1
40 69 1
40 72 1
40 75 1
40 80 1
40 83 -1
40 87 1
40 88 1
40 91 1
40 93 1
40 96 1
40 109 -1
40 110 1
40 114 -1
40 119 1
40 124 -1
40 126 -1
40 129 1
40 131 1
40 137 -1
40 143 -1
40 147 1
40 154 1
40 161 1
40 171 1
40 172 1
40 176 -1
40 177 1
40 178 1
40 181 1
40 186 -1
40 190 -1
41 4 1
41 10 1
41 15 -1
41 16 1
41 18 -1
41 23 1
41 25 -1
41 26 1
41 30 1
41 32 -1
41 35 1
41 36 -1
41 39 -1
41 44 -1
41 46 1
41 47 1
41 49 -1
41 50 -1
41 51 1
41 53 1
41 56 1
41 58 -1
41 60 -1
41 64 -1
41 69 1
41 74 1
41 81 -1
41 83 -1
41 86 -1
41 87 -1
41 88 -1
41 94 1
41 95 1
41 99 1
41 109 -1
41 112 1
41 116 1
41 117 1
41 122 -1
41 123 1
41 124 1
41 128 -1
41 133 1
41 135 1
41 140 1
41 143 1
41 146 -1
41 147 -1
41 150 -1
41 152 1
41 153 -1
41 184 1
41 186 -1
42 8 1
42 9 1
42 11 -1
42 21 1
42 23 -1
42 25 1
42 26 1
42 30 -1
42 31 1
42 35 1
42 38 1
42 53 1
42 57 -1
42 58 1
42 59 1
42 62 1
42 63 1
42 67 -1
42 73 -1
42 76 1
42 80 -1
42 82 1
42 83 1
42 97 -1
42 99 1
42 101 -1
42 103 1
42 113 1
42 114 1
42 116 1
42 118 1
42 119 -1
42 122 1
42 125 -1
42 129 1
42 133 1
42 134 -1
42 140 -1
42 141 -1
42 145 -1
42 147 -1
42 155 1
42 156 -1
42 162 1
42 163 -1
42 171 -1
42 188 1
42 190 -1
43 1 -1
43 3 1
43 4 -1
43 5 -1
43 6 1
43 7 1
43 12 1
43 13 1
43 14 1
43 24 1
43 25 -1
43 27 1
43 32 1
43 35 -1
43 49 -1
43 61 -1
43 63 1
43 64 -1
43 66 1
43 67 1
43 68 1
43 84 1
43 90 -1
43 98 1
43 99 -1
43 101 -1
43 104 1
43 106 -1
43 113 1
43 118 1
43 122 -1
43 125 1
43 126 -1
43 137 1
43 138 -1
43 142 1
43 146 -1
43 150 -1
43 151 1
43 156 -1
43 158 -1
43 161 1
43 162 1
43 163 1
43 167 -1
43 168 1
43 171 -1
43 173 1
43 174 1
43 178 1
44 5 -1
44 7 1
44 17 -1
44 30 1
44 32 -1
44 33 -1
44 35 -1
44 42 -1
44 43 1
44 52 1
44 54 1
44 55 1
44 58 1
44 60 1
44 65 1
44 68 -1
44 75 1
44 79 -1
44 80 1
44 81 1
44 83 1
44 87 1
44 89 -1
44 97 -1
44 98 1
44 103 1
44 104 -1
44 107 -1
44 110 1
44 116 -1
44 118 -1
44 119 1
44 120 -1
44 127 1
44 129 -1
44 132 1
44 134 -1
44 139 1
44 150 -1
44 152 -1
44 160 -1
44 164 1
44 166 -1
44 170 -1
44 171 1
44 173 -1
44 178 -1
44 185 1
44 186 1
44 188 -1
45 10 -1
45 11 1
45 13 1
45 25 -1
45 29 1
45 38 -1
45 41 -1
45 42 -1
45 57 1
45 58 -1
45 59 1
45 67 -1
45 77 -1
45 78 -1
45 80 1
45 84 -1
45 93 -1
45 95 -1
45 98 1
45 99 -1
45 102 -1
45 103 -1
45 112 1
45 119 -1
45 122 1
45 123 -1
45 131 1
45 132 -1
45 139 -1
45 141 1
45 151 -1
45 153 -1
45 154 -1
45 159 -1
45 160 -1
45 163 1
45 170 -1
45 171 -1
45 172 -1
45 173 -1
45 179 1
45 185 -1
45 188 1
45 189 -1
46 2 -1
46 3 1
46 7 1
46 9 1
46 12 -1
46 14 -1
46 16 1
46 19 -1
46 21 1
46 23 -1
46 27 -1
46 32 1
46 40 1
46 45 1
46 50 1
46 59 -1
46 60 1
46 72 1
46 73 -1
46 75 -1
46 76 1
46 80 -1
46 93 -1
46 97 1
46 99 1
46 102 1
46 103 -1
46 107 -1
46 114 1
46 116 -1
46 118 -1
46 119 -1
46 120 -1
46 122 1
46 128 -1
46 131 1
46 132 -1
46 133 1
46 144 -1
46 147 1
46 153 -1
46 156 1
46 157 1
46 159 1
46 160 -1
46 165 -1
46 169 1
46 170 -1
46 174 -1
46 176 1
46 177 1
46 181 1
46 184 1
46 188 -1
47 3 -1
47 7 1
47 9 -1
47 16 1
47 20 1
47 28 1
47 30 -1
47 31 -1
47 32 1
47 36 -1
47 37 -1
47 38 1
47 42 1
47 45 -1
47 57 -1
47 60 -1
47 63 1
47 65 -1
47 66 1
47 70 -1
47 71 1
47 75 -1
47 80 -1
47 81 -1
47 82 -1
47 83 -1
47 84 1
47 87 1
47 89 -1
47 90 -1
47 91 -1
47 93 -1
47 94 1
47 96 -1
47 97 -1
47 100 -1
47 101 1
47 109 -1
47 115 1
47 118 1
47 122 -1
47 127 -1
47 131 1
47 136 -1
47 138 -1
47 142 1
47 143 -1
47 144 -1
47 150 1
47 153 -1
47 155 1
47 168 -1
48 4 -1
48 10 1
48 15 1
48 19 1
48 27 1
48 28 -1
48 30 1
48 44 -1
48 54 -1
48 56 -1
48 58 1
48 59 1
48 63 1
48 66 1
48 75 1
48 82 1
48 84 -1
48 88 1
48 100 -1
48 101 -1
48 102 -1
48 103 -1
48 107 1
48 113 -1
48 116 -1
48 119 1
48 120 -1
48 122 -1
48 123 1
48 127 -1
48 137 1
48 138 -1
48 142 1
48 148 -1
48 154 -1
48 164 -1
48 167 -1
48 172 1
48 178 1
48 183 1
48 188 -1
49 11 -1
49 20 1
49 24 1
49 29 1
49 30 -1
49 31 1
49 32 -1
49 33 1
49 38 1
49 39 -1
49 42 1
49 45 1
49 46 1
49 48 -1
49 52 1
49 53 -1
49 56 -1
49 59 -1
49 61 1
49 68 1
49 69 1
49 70 -1
49 75 -1
49 76 -1
49 77 -1
49 88 1
49 93 1
49 95 1
49 98 -1
49 101 1
49 105 1
49 106 -1
49 107 1
49 109 -1
49 112 1
49 116 1
49 120 -1
49 124 1
49 130 1
49 133 -1
49 143 1
49 147 1
49 153 -1
49 156 -1
49 159 1
49 175 -1
49 177 1
49 190 -1
50 2 -1
50 4 -1
50 6 -1
50 17 1
50 18 1
50 24 -1
50 31 -1
50 34 -1
50 44 -1
50 47 1
50 48 -1
50 49 1
50 53 1
50 54 -1
50 58 -1
50 59 -1
50 60 1
50 61 -1
50 65 -1
50 69 -1
50 71 -1
50 72 -1
50 73 -1
50 74 -1
50 75 -1
50 79 1
50 80 -1
50 87 -1
50 88 -1
50 91 1
50 94 1
50 97 1
50 103 -1
50 105 1
50 109 -1
50 113 1
50 114 -1
50 116 1
50 117 -1
50 118 1
50 121 -1
50 141 1
50 148 1
50 162 1
50 163 1
50 165 1
50 171 1
50 176 1
50 177 1
50 183 1
50 187 -1
51 13 1
51 19 -1
51 21 1
51 22 -1
51 26 1
51 31 1
51 33 -1
51 39 -1
51 40 -1
51 45 -1
51 53 1
51 55 1
51 64 1
51 73 -1
51 78 1
51 83 -1
51 85 1
51 87 1
51 88 1
51 92 1
51 97 1
51 99 -1
51 102 -1
51 104 1
51 105 1
51 113 -1
51 116 1
51 126 -1
51 127 -1
51 130 1
51 134 1
51 137 1
51 147 -1
51 150 1
51 152 1
51 153 -1
51 155 1
51 159 -1
51 160 1
51 171 -1
51 173 -1
51 176 1
51 179 1
51 189 1
52 2 1
52 4 -1
52 7 -1
52 11 -1
52 19 1
52 20 1
52 21 -1
52 26 -1
52 32 -1
52 45 1
52 47 -1
52 50 -1
52 51 -1
52 66 1
52 69 -1
52 77 -1
52 79 1
52 82 -1
52 85 1
52 96 -1
52 99 1
52 101 -1
52 104 -1
52 108 1
52 116 -1
52 123 1
52 124 -1
52 127 -1
52 133 1
52 136 1
52 138 1
52 140 1
52 143 -1
52 149 -1
52 151 -1
52 161 1
52 162 1
52 181 1
52 182 -1
52 186 -1
53 1 1
53 3 -1
53 8 1
53 9 -1
53 10 1
53 12 -1
53 17 1
53 20 -1
53 24 -1
53 26 -1
53 28 -1
53 32 -1
53 36 -1
53 39 -1
53 40 -1
53 45 1
53 56 -1
53 60 1
53 62 1
53 63 -1
53 65 1
53 67 -1
53 70 -1
53 72 1
53 73 1
53 77 -1
53 78 -1
53 79 -1
53 84 1
53 86 -1
53 89 1
53 104 -1
53 108 1
53 109 -1
53 114 1
53 119 1
53 121 1
53 123 -1
53 125 1
53 130 -1
53 133 -1
53 138 1
53 141 -1
53 173 1
53 178 1
53 180 1
53 183 -1
54 4 1
54 5 1
54 11 -1
54 17 -1
54 20 1
54 21 1
54 23 1
54 25 1
54 31 -1
54 36 1
54 37 -1
54 39 -1
54 41 -1
54 42 1
54 43 1
54 47 -1
54 53 -1
54 55 1
54 57 1
54 60 -1
54 62 -1
54 63 1
54 68 -1
54 72 -1
54 78 -1
54 82 -1
54 83 -1
54 89 1
54 97 1
54 104 1
54 105 -1
54 110 1
54 115 -1
54 121 1
54 123 -1
54 127 -1
54 132 1
54 148 1
54 149 -1
54 150 -1
54 152 -1
54 153 -1
54 155 1
54 156 1
54 161 -1
54 162 -1
54 164 1
54 167 1
54 177 -1
54 178 1
54 189 -1
55 4 -1
55 8 -1
55 10 1
55 15 1
55 16 1
55 17 -1
55 18 1
55 19 -1
55 21 -1
55 32 1
55 36 -1
55 45 1
55 49 -1
55 50 1
55 61 -1
55 62 1
55 63 -1
55 66 1
55 67 -1
55 68 -1
55 70 1
55 75 1
55 84 -1
55 90 -1
55 93 1
55 94 -1
55 99 1
55 103 -1
55 104 -1
55 107 1
55 108 1
55 110 1
55 112 1
55 114 -1
55 119 -1
55 122 -1
55 128 1
55 133 -1
55 138 -1
55 141 1
55 148 -1
55 161 -1
55 174 -1
55 183 1
55 187 1
55 189 1
56 7 -1
56 11 1
56 18 -1
56 21 1
56 31 1
56 32 1
56 51 -1
56 54 -1
56 58 -1
56 59 1
56 60 1
56 64 1
56 66 -1
56 68 1
56 73 1
56 78 -1
56 88 1
56 90 -1
56 93 -1
56 104 1
56 106 1
56 109 1
56 111 1
56 112 1
56 113 -1
56 114 1
56 122 1
56 130 -1
56 133 1
56 134 -1
56 140 -1
56 141 1
56 143 -1
56 151 1
56 157 -1
56 160 1
56 162 1
56 166 -1
56 171 1
56 179 -1
56 188 -1
57 3 -1
57 13 1
57 15 1
57 21 -1
57 23 1
57 27 1
57 28 1
57 30 -1
57 41 -1
57 53 -1
57 58 -1
57 61 1
57 72 1
57 75 -1
57 77 1
57 81 1
57 85 -1
57 87 -1
57 93 -1
57 98 -1
57 99 1
57 103 -1
57 105 1
57 106 1
57 111 1
57 114 1
57 116 1
57 120 1
57 121 1
57 123 1
57 125 1
57 127 -1
57 129 1
57 136 1
57 141 -1
57 145 1
57 149 -1
57 150 1
57 151 -1
57 156 -1
57 160 -1
57 162 1
57 166 -1
57 168 -1
57 173 -1
57 174 -1
57 177 1
57 181 1
57 185 -1
57 187 1
57 190 -1
58 1 -1
58 10 1
58 15 -1
58 16 1
58 17 -1
58 18 -1
58 19 -1
58 20 -1
58 24 1
58 26 -1
58 28 1
58 34 -1
58 36 1
58 37 -1
58 49 1
58 51 1
58 53 1
58 54 -1
58 60 1
58 61 1
58 62 1
58 68 -1
58 69 -1
58 72 1
58 77 1
58 79 1
58 80 1
58 83 -1
58 93 1
58 95 1
58 99 -1
58 100 1
58 102 -1
58 104 1
58 108 -1
58 110 1
58 114 1
58 121 -1
58 122 1
58 130 1
58 138 1
58 139 1
58 140 -1
58 145 1
58 147 -1
58 155 1
58 156 -1
58 164 -1
58 166 1
58 171 1
58 173 1
58 175 -1
58 177 -1
58 187 1
59 1 1
59 4 1
59 9 -1
59 10 1
59 15 -1
59 22 1
59 27 -1
59 29 -1
59 30 1
59 33 -1
59 37 1
59 41 -1
59 44 1
59 47 1
59 53 -1
59 54 1
59 55 1
59 60 -1
59 67 1
59 69 1
59 70 1
59 72 -1
59 73 1
59 74 -1
59 80 1
59 81 -1
59 86 -1
59 89 -1
59 92 1
59 94 1
59 97 1
59 101 -1
59 105 -1
59 106 -1
59 111 1
59 112 -1
59 113 1
59 114 1
59 118 -1
59 122 1
59 130 1
59 131 -1
59 137 1
59 140 -1
59 141 -1
59 142 1
59 144 -1
59 148 1
59 151 1
59 152 1
59 154 1
59 158 1
59 161 1
59 164 -1
59 178 1
59 184 -1
59 187 1
59 190 -1
60 5 1
60 9 -1
60 13 1
60 14 -1
60 17 1
60 20 1
60 28 1
60 39 1
60 40 -1
60 43 -1
60 49 -1
60 51 -1
60 57 1
60 63 -1
60 65 1
60 69 -1
60 71 1
60 72 -1
60 73 -1
60 75 -1
60 76 -1
60 78 1
60 79 1
60 80 -1
60 81 -1
60 86 -1
60 88 1
60 94 1
60 95 1
60 100 -1
60 102 -1
60 103 -1
60 113 -1
60 117 1
60 119 1
60 123 1
60 138 1
60 139 -1
60 147 1
60 151 1
60 156 -1
60 161 -1
60 164 1
60 165 1
60 167 1
60 169 -1
60 173 -1
60 174 1
60 179 1
60 183 -1
61 2 1
61 4 -1
61 8 -1
61 9 1
61 10 -1
61 17 -1
61 19 1
61 22 -1
61 24 1
61 25 -1
61 31 -1
61 34 -1
61 38 -1
61 41 1
61 44 1
61 45 1
61 51 -1
61 53 -1
61 56 -1
61 69 1
61 73 -1
61 78 -1
61 83 1
61 90 1
61 93 1
61 95 1
61 97 1
61 109 1
61 115 -1
61 118 -1
61 119 1
61 120 1
61 123 -1
61 128 1
61 133 -1
61 134 -1
61 137 -1
61 141 1
61 151 1
61 157 1
61 158 1
61 160 1
61 161 1
61 165 1
61 178 1
61 180 -1
61 187 1
61 190 1
62 8 -1
62 11 -1
62 17 -1
62 25 -1
62 36 1
62 38 -1
62 43 1
62 44 -1
62 46 1
62 47 1
62 48 -1
62 49 -1
62 51 -1
62 52 -1
62 56 1
62 57 1
62 59 1
62 60 1
62 64 1
62 65 -1
62 69 -1
62 70 -1
62 71 -1
62 74 -1
62 78 1
62 87 -1
62 95 1
62 97 -1
62 100 -1
62 103 1
62 108 -1
62 110 1
62 111 1
62 112 1
62 113 1
62 117 -1
62 118 1
62 124 1
62 126 1
62 132 1
62 137 1
62 138 1
62 141 1
62 147 1
62 149 -1
62 152 1
62 153 -1
62 158 -1
62 167 -1
62 168 -1
62 170 -1
62 179 1
62 185 -1
63 6 1
63 14 1
63 20 1
63 22 -1
63 24 -1
63 36 1
63 38 1
63 44 -1
63 51 -1
63 56 1
63 59 1
63 61 -1
63 62 -1
63 68 1
63 81 1
63 85 -1
63 90 1
63 100 1
63 102 1
63 104 1
63 105 1
63 108 -1
63 117 1
63 118 1
63 128 1
63 132 -1
63 135 1
63 136 -1
63 145 -1
63 148 1
63 153 1
63 155 -1
63 157 1
63 162 -1
63 165 1
63 166 1
63 172 -1
63 179 -1
63 180 1
63 182 -1
63 185 1
63 187 -1
63 190 -1
64 3 1
64 5 1
64 9 -1
64 15 1
64 16 1
64 20 1
64 26 1
64 30 -1
64 34 -1
64 36 1
64 39 -1
64 42 1
64 45 -1
64 47 -1
64 49 -1
64 50 -1
64 52 -1
64 54 -1
64 60 -1
64 61 -1
64 63 1
64 67 -1
64 71 1
64 74 -1
64 83 1
64 86 1
64 89 -1
64 90 -1
64 93 -1
64 94 -1
64 96 1
64 99 1
64 102 1
64 105 1
64 115 -1
64 118 1
64 122 1
64 142 -1
64 143 -1
64 152 1
64 166 -1
64 171 -1
64 172 1
64 183 -1
64 184 1
64 186 1
65 3 -1
65 5 -1
65 6 1
65 7 -1
65 10 1
65 14 1
65 19 1
65 21 -1
65 22 1
65 23 -1
65 25 -1
65 29 -1
65 31 1
65 40 1
65 49 -1
65 54 1
65 59 -1
65 61 -1
65 63 1
65 76 1
65 77 -1
65 79 1
65 81 1
65 83 1
65 84 1
65 98 1
65 110 -1
65 114 -1
65 127 1
65 128 1
65 129 -1
65 132 -1
65 138 -1
65 157 1
65 165 -1
65 167 1
65 170 1
65 172 1
65 175 1
65 177 -1
65 178 1
65 184 -1
66 2 -1
66 3 1
66 10 1
66 13 1
66 15 -1
66 16 1
66 31 1
66 35 -1
66 37 1
66 38 1
66 49 1
66 50 -1
66 51 1
66 54 -1
66 60 1
66 61 -1
66 62 -1
66 65 1
66 90 -1
66 91 1
66 92 1
66 97 -1
66 98 1
66 102 -1
66 104 -1
66 105 1
66 114 -1
66 116 1
66 120 1
66 121 1
66 125 1
66 130 -1
66 132 -1
66 133 1
66 136 -1
66 138 1
66 140 1
66 141 1
66 144 1
66 145 1
66 150 1
66 156 1
66 158 1
66 171 1
66 174 1
66 182 -1
66 183 -1
66 188 -1
66 190 -1
67 1 -1
67 4 -1
67 8 -1
67 9 -1
67 12 -1
67 13 1
67 14 -1
67 15 1
67 19 1
67 22 1
67 23 -1
67 27 1
67 30 1
67 48 -1
67 50 1
67 52 1
67 54 -1
67 62 -1
67 79 -1
67 84 -1
67 90 -1
67 92 1
67 96 1
67 98 -1
67 99 1
67 101 1
67 105 -1
67 106 1
67 113 -1
67 116 1
67 120 -1
67 123 1
67 133 -1
67 135 1
67 137 1
67 148 1
67 149 -1
67 154 1
67 157 -1
67 160 1
67 166 -1
67 167 1
67 168 1
67 169 1
67 171 1
67 178 1
67 180 1
67 186 1
67 187 -1
67 188 1
68 1 1
68 3 1
68 11 -1
68 13 1
68 14 1
68 17 -1
68 18 -1
68 24 -1
68 26 -1
68 30 1
68 35 -1
68 45 -1
68 51 -1
68 67 -1
68 70 1
68 75 1
68 79 -1
68 80 1
68 91 1
68 93 1
68 108 -1
68 110 -1
68 112 1
68 113 -1
68 115 1
68 123 1
68 126 1
68 136 1
68 146 -1
68 148 -1
68 153 1
68 156 1
68 167 1
68 170 1
68 173 -1
68 177 1
68 183 -1
68 184 -1
69 6 1
69 7 -1
69 10 1
69 19 -1
69 24 -1
69 25 1
69 27 1
69 28 1
69 34 -1
69 42 1
69 44 1
69 45 1
69 47 -1
69 48 -1
69 51 -1
69 55 -1
69 70 -1
69 77 1
69 83 1
69 85 -1
69 86 1
69 88 1
69 89 1
69 96 1
69 97 -1
69 100 1
69 102 -1
69 108 1
69 109 1
69 111 -1
69 112 1
69 113 1
69 115 -1
69 119 1
69 124 -1
69 141 1
69 144 1
69 145 -1
69 146 1
69 154 1
69 158 -1
69 164 1
69 165 1
69 167 -1
69 171 -1
69 175 -1
69 177 -1
69 180 1
69 183 1
69 189 -1
69 190 1
70 1 -1
70 3 1
70 9 -1
70 10 1
70 28 -1
70 31 -1
70 33 -1
70 34 -1
70 38 -1
70 39 1
70 46 -1
70 48 1
70 50 -1
70 51 1
70 54 1
70 56 1
70 57 -1
70 60 -1
70 64 1
70 66 -1
70 75 1
70 81 -1
70 84 -1
70 85 1
70 94 -1
70 98 1
70 109 -1
70 113 -1
70 116 1
70 117 1
70 118 -1
70 120 1
70 122 -1
70 124 1
70 127 -1
70 128 1
70 131 -1
70 132 -1
70 146 1
70 153 1
70 163 1
70 168 1
70 169 1
70 173 1
70 177 -1
70 184 -1
70 185 1
71 8 1
71 14 -1
71 23 1
71 25 -1
71 26 -1
71 31 1
71 32 1
71 41 -1
71 42 -1
71 43 -1
71 45 1
71 49 1
71 51 1
71 54 -1
71 55 1
71 66 1
71 70 -1
71 81 1
71 84 -1
71 86 1
71 96 1
71 103 1
71 104 1
71 105 -1
71 107 1
71 109 -1
71 111 -1
71 112 -1
71 114 1
71 116 -1
71 119 -1
71 122 1
71 123 -1
71 124 1
71 131 1
71 133 1
71 138 1
71 141 1
71 144 -1
71 146 1
71 152 1
71 163 -1
71 169 1
71 176 -1
71 179 -1
71 182 1
71 185 -1
71 187 -1
72 7 -1
72 9 -1
72 12 1
72 24 1
72 34 -1
72 39 -1
72 43 1
72 44 1
72 45 -1
72 55 -1
72 56 1
72 65 -1
72 69 -1
72 73 1
72 79 1
72 81 -1
72 82 -1
72 86 -1
72 87 1
72 91 1
72 92 1
72 96 -1
72 100 1
72 102 1
72 103 -1
72 110 1
72 114 1
72 116 -1
72 121 1
72 123 1
72 126 1
72 128 -1
72 129 1
72 130 1
72 132 -1
72 133 1
72 142 1
72 153 -1
72 154 1
72 166 -1
72 168 1
72 174 1
72 175 1
72 176 1
72 178 -1
72 180 1
72 182 -1
72 183 -1
72 185 1
72 186 -1
72 189 -1
73 2 1
73 3 1
73 9 1
73 14 -1
73 17 -1
73 25 1
73 30 -1
73 32 1
73 36 1
73 37 1
73 48 -1
73 54 -1
73 57 -1
73 62 -1
73 64 -1
73 67 -1
73 68 -1
73 70 -1
73 76 -1
73 83 -1
73 90 1
73 94 1
73 101 1
73 103 -1
73 106 -1
73 108 1
73 112 1
73 123 -1
73 136 -1
73 139 1
73 141 1
73 144 -1
73 150 1
73 155 1
73 157 1
73 158 -1
73 159 1
73 170 1
73 173 1
73 183 1
73 189 1
74 7 -1
74 9 1
74 11 1
74 15 1
74 16 1
74 21 1
74 23 -1
74 26 -1
74 37 1
74 38 -1
74 39 1
74 42 1
74 43 -1
74 44 -1
74 45 -1
74 52 1
74 53 1
74 55 -1
74 63 1
74 68 -1
74 72 1
74 80 -1
74 85 -1
74 86 -1
74 87 1
74 91 -1
74 96 -1
74 100 -1
74 106 1
74 111 1
74 112 -1
74 117 -1
74 118 -1
74 121 -1
74 124 -1
74 125 -1
74 131 1
74 134 1
74 135 -1
74 138 -1
74 139 1
74 141 -1
74 143 1
74 144 1
74 146 1
74 148 1
74 151 1
74 152 1
74 154 1
74 156 -1
74 162 1
74 183 -1
74 186 -1
75 1 -1
75 2 1
75 10 1
75 12 -1
75 13 -1
75 16 1
75 21 1
75 22 -1
75 24 1
75 30 -1
75 32 1
75 43 1
75 51 -1
75 52 1
75 53 -1
75 58 1
75 65 -1
75 67 1
75 69 -1
75 71 1
75 72 1
75 90 -1
75 94 1
75 98 1
75 106 1
75 108 1
75 109 1
75 110 -1
75 111 -1
75 112 -1
75 122 -1
75 131 1
75 135 -1
75 142 1
75 145 -1
75 154 1
75 155 -1
75 161 -1
75 166 1
75 167 -1
75 168 -1
75 171 1
75 176 -1
75 177 -1
75 179 -1
75 188 -1
75 190 1
76 2 -1
76 3 -1
76 5 -1
76 6 1
76 7 -1
76 13 1
76 22 1
76 30 -1
76 34 1
76 39 1
76 43 -1
76 44 -1
76 48 -1
76 51 -1
76 52 -1
76 57 -1
76 59 -1
76 82 1
76 83 -1
76 87 -1
76 90 -1
76 96 1
76 102 1
76 114 1
76 116 -1
76 122 -1
76 123 1
76 127 1
76 131 -1
76 135 -1
76 136 1
76 142 -1
76 145 -1
76 148 1
76 149 -1
76 152 1
76 153 -1
76 160 1
76 164 1
76 171 1
76 172 1
76 173 -1
76 174 -1
76 179 1
76 188 1
76 189 1
77 1 1
77 3 1
77 10 -1
77 12 -1
77 26 1
77 29 -1
77 31 1
77 37 -1
77 41 -1
77 51 -1
77 56 -1
77 59 -1
77 60 -1
77 62 -1
77 66 -1
77 67 -1
77 71 -1
77 76 -1
77 83 1
77 87 1
77 88 1
77 89 -1
77 91 1
77 93 -1
77 95 -1
77 100 1
77 103 -1
77 110 -1
77 111 1
77 123 1
77 125 -1
77 126 1
77 127 1
77 130 -1
77 133 1
77 134 -1
77 139 -1
77 142 -1
77 156 1
77 158 1
77 169 -1
77 170 -1
77 174 -1
77 175 -1
77 178 -1
77 188 -1
78 4 1
78 15 1
78 16 1
78 17 -1
78 22 1
78 25 1
78 28 -1
78 29 -1
78 33 1
78 34 1
78 38 1
78 44 1
78 46 1
78 48 -1
78 49 -1
78 57 -1
78 58 1
78 59 1
78 64 1
78 69 1
78 70 1
78 76 -1
78 77 1
78 79 -1
78 81 1
78 83 1
78 88 1
78 97 1
78 99 1
78 106 -1
78 110 1
78 112 1
78 113 1
78 115 1
78 116 1
78 117 1
78 121 1
78 128 1
78 131 -1
78 134 1
78 136 -1
78 138 -1
78 141 -1
78 148 -1
78 150 1
78 160 1
78 161 -1
78 166 1
78 175 -1
78 176 -1
78 177 1
78 178 1
78 188 1
79 5 1
79 9 1
79 11 1
79 12 -1
79 16 1
79 21 1
79 22 -1
79 25 -1
79 26 1
79 28 -1
79 36 1
79 38 1
79 41 -1
79 51 -1
79 54 1
79 61 1
79 62 -1
79 63 -1
79 69 -1
79 70 -1
79 73 1
79 76 -1
79 77 1
79 82 -1
79 83 1
79 84 -1
79 89 1
79 90 1
79 92 -1
79 94 -1
79 97 1
79 101 1
79 103 -1
79 104 -1
79 106 -1
79 116 1
79 117 1
79 118 1
79 119 -1
79 125 1
79 129 -1
79 132 -1
79 136 -1
79 140 1
79 144 1
79 147 -1
79 157 1
79 163 1
79 164 -1
79 172 -1
79 179 -1
79 181 -1
79 182 1
80 4 1
80 10 1
80 16 -1
80 17 1
80 18 1
80 23 -1
80 30 1
80 36 1
80 37 1
80 43 1
80 51 -1
80 52 -1
80 53 1
80 56 1
80 71 -1
80 77 1
80 78 -1
80 88 -1
80 89 -1
80 93 -1
80 98 -1
80 101 -1
80 110 1
80 112 1
80 116 1
80 117 1
80 121 -1
80 122 -1
80 124 1
80 125 -1
80 126 1
80 137 -1
80 139 1
80 142 -1
80 149 -1
80 155 1
80 156 1
80 159 1
80 162 1
80 166 -1
80 170 -1
80 174 1
80 190 1
81 9 1
81 19 1
81 22 -1
81 25 1
81 27 -1
81 31 1
81 32 1
81 33 -1
81 38 -1
81 51 1
81 52 -1
81 53 1
81 56 1
81 58 1
81 74 -1
81 77 -1
81 79 1
81 83 -1
81 87 -1
81 94 1
81 97 1
81 103 -1
81 104 -1
81 108 1
81 116 1
81 117 -1
81 127 1
81 130 -1
81 131 1
81 133 -1
81 134 -1
81 137 1
81 140 -1
81 147 -1
81 150 1
81 153 -1
81 156 -1
81 157 1
81 159 -1
81 160 -1
81 165 1
81 168 1
81 171 1
81 177 -1
81 179 -1
81 180 -1
81 182 -1
81 183 -1
81 185 -1
81 188 1
82 5 1
82 11 1
82 14 -1
82 15 -1
82 21 -1
82 25 1
82 33 1
82 36 1
82 39 1
82 40 1
82 41 1
82 45 -1
82 49 1
82 55 1
82 58 -1
82 61 1
82 63 1
82 64 1
82 65 1
82 68 -1
82 70 -1
82 71 -1
82 81 -1
82 95 -1
82 96 -1
82 97 -1
82 103 -1
82 104 1
82 111 -1
82 113 1
82 116 -1
82 122 1
82 128 -1
82 130 -1
82 131 -1
82 138 1
82 140 -1
82 141 -1
82 142 1
82 144 -1
82 148 -1
82 151 -1
82 154 -1
82 157 1
82 158 -1
82 163 -1
82 167 1
82 168 1
82 172 1
82 176 1
82 178 -1
82 183 -1
82 189 -1
82 190 1
83 2 1
83 13 1
83 16 1
83 22 -1
83 31 1
83 43 1
83 48 -1
83 52 -1
83 53 1
83 55 -1
83 56 -1
83 57 -1
83 59 -1
83 60 1
83 63 -1
83 66 -1
83 75 1
83 80 -1
83 84 1
83 95 -1
83 97 1
83 99 1
83 100 -1
83 103 1
83 108 1
83 109 1
83 115 1
83 117 1
83 124 1
83 131 -1
83 132 1
83 133 1
83 137 -1
83 140 -1
83 144 -1
83 146 -1
83 149 -1
83 150 1
83 157 1
83 159 1
83 163 1
83 172 -1
83 178 -1
83 182 -1
83 183 -1
83 187 -1
84 18 -1
84 21 -1
84 22 -1
84 28 -1
84 39 -1
84 40 1
84 41 1
84 51 1
84 56 -1
84 60 1
84 61 1
84 66 -1
84 69 -1
84 78 -1
84 80 -1
84 81 1
84 92 -1
84 96 1
84 97 -1
84 100 -1
84 102 1
84 106 1
84 107 1
84 109 1
84 118 -1
84 121 -1
84 122 1
84 123 1
84 127 -1
84 133 -1
84 140 1
84 141 -1
84 142 -1
84 144 -1
84 147 1
84 151 -1
84 160 -1
84 163 -1
84 164 -1
84 165 1
84 167 -1
84 168 -1
84 179 1
84 180 1
85 1 -1
85 4 1
85 14 1
85 18 1
85 23 -1
85 34 1
85 36 1
85 40 -1
85 41 -1
85 44 1
85 53 -1
85 55 -1
85 65 1
85 66 -1
85 68 1
85 72 1
85 73 -1
85 77 1
85 78 1
85 80 1
85 83 -1
85 89 1
85 90 1
85 92 1
85 96 1
85 98 1
85 100 -1
85 108 -1
85 109 1
85 110 -1
85 119 1
85 123 -1
85 124 -1
85 125 1
85 127 1
85 129 1
85 132 -1
85 135 1
85 137 -1
85 138 1
85 141 -1
85 142 -1
85 143 1
85 145 -1
85 147 -1
85 151 -1
85 161 -1
85 164 -1
85 167 -1
85 169 -1
85 170 1
85 175 -1
85 178 -1
85 182 1
85 188 1
86 4 -1
86 5 1
86 12 1
86 14 1
86 21 1
86 24 -1
86 25 1
86 28 1
86 32 -1
86 35 -1
86 40 -1
86 42 1
86 50 1
86 52 1
86 63 -1
86 65 -1
86 68 -1
86 70 1
86 73 1
86 75 1
86 79 1
86 81 -1
86 84 -1
86 87 1
86 100 -1
86 102 -1
86 108 -1
86 114 1
86 117 1
86 121 -1
86 126 1
86 133 1
86 138 -1
86 152 -1
86 153 1
86 160 -1
86 161 -1
86 163 -1
86 164 1
86 167 1
86 169 1
86 171 1
86 172 1
86 174 1
86 179 1
86 180 1
86 189 -1
87 6 -1
87 7 1
87 14 -1
87 20 1
87 21 1
87 22 -1
87 23 1
87 27 -1
87 29 1
87 31 -1
87 32 -1
87 35 -1
87 39 1
87 49 -1
87 52 1
87 55 -1
87 58 -1
87 60 -1
87 64 1
87 68 1
87 69 1
87 70 -1
87 71 1
87 88 1
87 93 1
87 95 1
87 97 -1
87 98 1
87 99 -1
87 103 1
87 109 1
87 110 -1
87 112 -1
87 120 1
87 122 -1
87 124 -1
87 125 -1
87 126 -1
87 130 1
87 131 1
87 136 1
87 139 1
87 140 -1
87 142 1
87 143 1
87 149 -1
87 152 -1
87 155 1
87 156 1
87 158 -1
87 164 -1
87 170 1
87 175 -1
87 178 -1
87 182 1
87 187 1
87 188 -1
88 5 -1
88 20 1
88 21 1
88 27 1
88 30 -1
88 34 1
88 36 -1
88 38 -1
88 44 1
88 47 1
88 53 1
88 57 1
88 59 -1
88 62 1
88 63 1
88 71 1
88 75 -1
88 79 -1
88 84 -1
88 93 1
88 97 -1
88 99 -1
88 108 -1
88 111 -1
88 112 -1
88 113 -1
88 114 -1
88 116 1
88 123 1
88 124 1
88 126 1
88 127 -1
88 128 1
88 136 -1
88 138 1
88 144 -1
88 153 -1
88 155 -1
88 158 1
88 160 -1
88 161 -1
88 162 1
88 164 -1
88 169 -1
88 172 1
88 173 -1
88 176 1
88 177 1
88 178 1
88 182 1
89 6 -1
89 7 -1
89 9 -1
89 11 1
89 12 1
89 18 -1
89 19 -1
89 20 1
89 21 -1
89 24 -1
89 29 -1
89 30 -1
89 31 1
89 41 1
89 49 -1
89 58 -1
89 60 -1
89 76 1
89 84 -1
89 86 1
89 87 1
89 93 -1
89 94 -1
89 96 -1
89 98 -1
89 100 1
89 101 -1
89 114 1
89 119 1
89 124 1
89 128 1
89 131 1
89 139 1
89 140 -1
89 146 -1
89 147 1
89 155 -1
89 166 1
89 167 -1
89 171 -1
89 180 -1
89 181 1
89 182 -1
89 184 1
90 4 -1
90 6 -1
90 21 1
90 28 1
90 29 1
90 31 -1
90 45 -1
90 51 1
90 52 1
90 54 1
90 59 -1
90 60 -1
90 62 1
90 69 -1
90 71 -1
90 80 -1
90 83 1
90 84 1
90 89 -1
90 93 -1
90 99 1
90 103 -1
90 104 -1
90 112 1
90 115 -1
90 124 1
90 127 -1
90 130 -1
90 131 1
90 136 -1
90 146 1
90 152 -1
90 154 1
90 157 -1
90 160 -1
90 162 1
90 166 -1
90 170 -1
90 175 -1
90 178 -1
90 180 1
90 181 1
90 184 1
90 188 1
90 190 1
91 1 -1
91 4 1
91 9 -1
91 17 1
91 25 1
91 27 1
91 28 -1
91 29 -1
91 33 -1
91 44 -1
91 60 -1
91 62 -1
91 63 1
91 64 1
91 70 1
91 71 -1
91 79 -1
91 80 -1
91 83 1
91 84 1
91 87 1
91 89 1
91 96 1
91 100 -1
91 105 1
91 108 1
91 114 -1
91 115 -1
91 116 -1
91 121 1
91 122 1
91 125 -1
91 128 1
91 132 -1
91 133 1
91 135 -1
91 136 1
91 137 1
91 138 1
91 150 -1
91 155 -1
91 157 -1
91 159 -1
91 162 1
91 166 -1
91 179 -1
91 181 -1
91 189 1
91 190 1
92 6 1
92 9 1
92 18 -1
92 20 1
92 23 1
92 33 1
92 37 1
92 41 -1
92 46 1
92 55 -1
92 58 1
92 61 1
92 63 -1
92 69 1
92 71 1
92 73 1
92 75 -1
92 87 1
92 88 1
92 89 -1
92 90 1
92 91 1
92 97 1
92 99 1
92 102 1
92 103 1
92 104 -1
92 106 1
92 109 -1
92 127 1
92 129 1
92 130 -1
92 139 1
92 142 1
92 143 1
92 149 -1
92 150 -1
92 153 -1
92 159 -1
92 164 -1
92 170 1
92 171 -1
92 176 1
92 177 -1
92 178 1
92 179 1
92 185 -1
92 186 1
92 189 -1
92 190 1
93 6 1
93 7 1
93 10 1
93 15 -1
93 23 -1
93 26 -1
93 35 -1
93 36 1
93 48 1
93 52 -1
93 53 1
93 59 -1
93 60 1
93 62 1
93 63 -1
93 66 1
93 67 -1
93 69 1
93 72 -1
93 78 -1
93 81 1
93 82 1
93 84 -1
93 91 1
93 98 1
93 102 -1
93 110 -1
93 117 -1
93 119 -1
93 135 -1
93 137 1
93 140 1
93 142 -1
93 148 -1
93 151 -1
93 152 1
93 157 -1
93 167 -1
93 168 1
93 170 1
93 174 -1
93 184 -1
93 188 1
93 189 -1
94 2 -1
94 7 1
94 11 -1
94 13 1
94 21 -1
94 29 1
94 31 1
94 34 -1
94 45 1
94 48 -1
94 58 -1
94 63 -1
94 65 -1
94 71 1
94 74 1
94 76 1
94 80 -1
94 87 1
94 88 -1
94 98 1
94 111 1
94 116 -1
94 117 -1
94 118 1
94 125 -1
94 129 -1
94 134 -1
94 136 1
94 138 -1
94 143 -1
94 146 1
94 148 1
94 151 -1
94 155 1
94 169 1
94 173 -1
94 176 -1
94 182 1
94 183 -1
94 189 -1
95 2 1
95 5 1
95 10 -1
95 11 -1
95 16 1
95 22 -1
95 24 -1
95 32 1
95 35 1
95 36 -1
95 37 1
95 38 -1
95 42 1
95 46 -1
95 47 1
95 48 -1
95 50 1
95 54 -1
95 56 1
95 59 -1
95 63 1
95 65 1
95 67 -1
95 69 1
95 70 1
95 75 1
95 81 -1
95 88 1
95 91 -1
95 92 -1
95 101 -1
95 102 -1
95 112 -1
95 118 -1
95 125 1
95 126 -1
95 127 1
95 129 1
95 140 -1
95 142 -1
95 146 1
95 160 -1
95 162 1
95 167 1
95 169 -1
95 172 1
95 180 1
95 183 -1
95 186 -1
96 6 1
96 7 1
96 14 -1
96 16 -1
96 17 1
96 18 1
96 21 -1
96 23 -1
96 25 -1
96 27 -1
96 29 1
96 32 -1
96 38 1
96 39 -1
96 41 -1
96 44 1
96 46 -1
96 49 -1
96 51 -1
96 61 1
96 62 -1
96 65 -1
96 66 1
96 68 1
96 73 1
96 75 1
96 78 1
96 86 -1
96 92 -1
96 94 1
96 105 1
96 106 1
96 108 -1
96 110 1
96 113 -1
96 114 1
96 115 -1
96 118 -1
96 119 1
96 124 -1
96 128 -1
96 133 1
96 135 1
96 141 1
96 154 -1
96 155 1
96 158 1
96 162 -1
96 163 -1
96 167 1
96 172 -1
96 190 -1
97 4 1
97 5 1
97 6 1
97 8 1
97 10 -1
97 13 1
97 14 -1
97 15 -1
97 16 1
97 19 1
97 26 1
97 27 1
97 32 1
97 57 -1
97 64 1
97 67 1
97 68 -1
97 70 -1
97 71 1
97 72 1
97 73 1
97 74 -1
97 80 -1
97 95 -1
97 116 1
97 119 -1
97 121 -1
97 127 1
97 130 -1
97 137 -1
97 142 -1
97 145 -1
97 153 1
97 154 1
97 163 -1
97 171 -1
97 179 1
97 181 1
97 189 -1
98 5 -1
98 18 -1
98 20 1
98 24 1
98 25 -1
98 26 -1
98 32 -1
98 34 1
98 41 -1
98 54 1
98 55 -1
98 56 1
98 60 1
98 62 1
98 63 -1
98 64 1
98 68 1
98 73 1
98 74 -1
98 76 -1
98 79 -1
98 82 -1
98 83 1
98 86 1
98 88 1
98 95 1
98 104 1
98 108 1
98 110 -1
98 113 -1
98 118 1
98 119 1
98 122 -1
98 132 -1
98 134 1
98 139 -1
98 142 1
98 145 1
98 152 1
98 153 1
98 159 1
98 164 -1
98 167 -1
98 173 -1
98 177 -1
98 181 1
98 186 -1
98 190 1
99 2 1
99 3 -1
99 4 -1
99 10 -1
99 13 -1
99 17 -1
99 27 1
99 29 -1
99 30 1
99 32 -1
99 34 -1
99 48 1
99 53 1
99 60 -1
99 65 -1
99 66 1
99 68 -1
99 69 1
99 70 -1
99 73 -1
99 75 -1
99 76 -1
99 79 -1
99 82 -1
99 95 -1
99 96 -1
99 101 -1
99 103 1
99 105 1
99 107 1
99 109 1
99 117 -1
99 118 -1
99 130 1
99 134 -1
99 144 -1
99 148 -1
99 152 -1
99 158 1
99 160 1
99 161 1
99 166 1
99 168 -1
99 169 -1
99 171 1
99 173 1
99 174 -1
99 177 -1
99 183 -1
99 185 1
100 12 1
100 22 -1
100 25 -1
100 27 1
100 34 1
100 36 -1
100 43 -1
100 49 1
100 52 1
100 54 1
100 55 -1
100 56 1
100 59 -1
100 75 1
100 76 -1
100 78 -1
100 88 1
100 90 1
100 95 1
100 96 1
100 97 1
100 102 1
100 104 -1
100 105 1
100 106 1
100 108 1
100 110 -1
100 121 -1
100 131 1
100 134 -1
100 140 -1
100 141 -1
100 150 1
100 180 1
100 183 1
100 184 1
100 189 1
101 3 1
101 9 -1
101 12 1
101 16 1
101 38 1
101 39 -1
101 40 -1
101 41 1
101 46 1
101 50 1
101 56 -1
101 57 1
101 58 1
101 60 -1
101 61 1
101 69 1
101 75 1
101 85 -1
101 86 1
101 92 1
101 93 1
101 94 1
101 96 -1
101 97 1
101 106 -1
101 108 1
101 117 -1
101 120 1
101 128 1
101 130 1
101 131 1
101 132 -1
101 133 -1
101 135 1
101 139 1
101 144 1
101 149 1
101 150 -1
101 154 1
101 156 1
101 157 1
101 162 -1
101 163 1
101 169 -1
101 171 -1
101 172 -1
101 176 -1
101 179 1
101 190 1
102 9 -1
102 13 1
102 15 1
102 17 1
102 20 1
102 21 1
102 30 1
102 34 1
102 35 1
102 38 -1
102 40 1
102 53 1
102 57 -1
102 62 -1
102 65 -1
102 67 1
102 79 -1
102 80 1
102 81 -1
102 83 1
102 89 1
102 91 1
102 98 -1
102 99 -1
102 105 -1
102 106 -1
102 109 -1
102 115 -1
102 117 -1
102 118 -1
102 120 1
102 123 1
102 127 1
102 128 1
102 130 1
102 136 -1
102 137 1
102 146 -1
102 155 -1
102 161 1
102 162 1
102 172 1
102 174 -1
103 4 1
103 7 -1
103 11 -1
103 13 -1
103 16 -1
103 20 -1
103 25 1
103 29 1
103 32 -1
103 35 -1
103 37 1
103 38 -1
103 56 -1
103 61 1
103 66 1
103 68 1
103 78 -1
103 84 1
103 86 -1
103 91 -1
103 93 -1
103 95 1
103 101 1
103 102 -1
103 111 -1
103 113 1
103 115 1
103 118 1
103 120 1
103 123 1
103 130 1
103 132 -1
103 133 1
103 136 -1
103 140 1
103 147 -1
103 149 1
103 156 -1
103 161 -1
103 164 -1
103 169 -1
103 175 -1
103 179 -1
103 180 1
103 183 1
103 184 -1
103 187 1
103 188 1
103 189 1
104 2 1
104 4 -1
104 8 -1
104 12 -1
104 13 -1
104 14 1
104 15 1
104 19 1
104 22 1
104 30 1
104 32 1
104 40 1
104 45 1
104 47 1
104 59 1
104 67 -1
104 75 -1
104 87 1
104 88 -1
104 91 1
104 94 -1
104 95 -1
104 102 1
104 103 1
104 109 -1
104 112 -1
104 114 1
104 120 1
104 126 1
104 127 1
104 128 -1
104 130 1
104 131 1
104 136 -1
104 139 -1
104 141 -1
104 142 -1
104 144 1
104 149 -1
104 151 1
104 167 -1
104 171 -1
104 174 1
104 179 -1
104 187 -1
104 189 -1
105 8 1
105 10 1
105 11 -1
105 17 1
105 19 1
105 21 -1
105 24 -1
105 25 1
105 27 1
105 31 1
105 35 -1
105 39 -1
105 40 1
105 41 -1
105 44 -1
105 46 -1
105 55 -1
105 68 1
105 69 -1
105 72 1
105 77 -1
105 78 -1
105 83 -1
105 84 1
105 87 1
105 93 1
105 94 -1
105 101 1
105 109 -1
105 111 -1
105 114 -1
105 124 1
105 134 1
105 141 1
105 149 -1
105 150 1
105 158 -1
105 167 -1
105 168 -1
105 176 -1
105 187 -1
106 5 -1
106 6 1
106 10 -1
106 12 1
106 20 1
106 21 1
106 34 -1
106 35 -1
106 40 -1
106 41 1
106 42 1
106 47 1
106 54 -1
106 55 -1
106 81 1
106 87 1
106 88 1
106 107 -1
106 108 -1
106 109 -1
106 111 1
106 112 -1
106 114 1
106 118 -1
106 120 -1
106 121 1
106 133 1
106 141 1
106 143 -1
106 145 1
106 155 1
106 156 -1
106 157 1
106 172 1
106 177 1
106 188 1
107 10 -1
107 12 1
107 26 1
107 32 1
107 39 -1
107 43 -1
107 47 -1
107 50 -1
107 51 1
107 62 1
107 65 1
107 68 -1
107 69 -1
107 72 -1
107 75 1
107 77 -1
107 79 -1
107 81 1
107 83 1
107 85 -1
107 86 1
107 104 -1
107 108 1
107 115 -1
107 119 -1
107 122 -1
107 123 1
107 126 -1
107 127 1
107 128 -1
107 130 -1
107 131 1
107 139 -1
107 142 1
107 148 1
107 150 -1
107 151 1
107 156 1
107 158 1
107 159 1
107 165 1
107 177 1
107 188 -1
107 190 1
108 4 1
108 6 1
108 22 -1
108 23 1
108 29 1
108 31 1
108 35 1
108 37 1
108 41 1
108 43 -1
108 45 -1
108 48 -1
108 49 1
108 65 -1
108 71 1
108 74 1
108 87 1
108 94 1
108 99 1
108 102 1
108 120 1
108 121 1
108 128 -1
108 133 -1
108 134 1
108 138 1
108 139 -1
108 147 -1
108 150 1
108 151 -1
108 154 1
108 155 -1
108 157 1
108 163 -1
108 168 -1
108 170 1
108 178 1
108 182 -1
108 184 1
108 185 1
109 2 -1
109 20 1
109 27 1
109 30 1
109 31 1
109 36 -1
109 37 -1
109 39 1
109 43 1
109 51 -1
109 54 -1
109 58 -1
109 62 1
109 68 -1
109 72 1
109 73 -1
109 77 -1
109 80 -1
109 82 -1
109 88 -1
109 89 -1
109 90 1
109 96 1
109 111 1
109 112 -1
109 113 1
109 115 -1
109 119 -1
109 121 -1
109 126 -1
109 141 1
109 142 -1
109 147 -1
109 152 -1
109 158 1
109 166 -1
109 167 1
109 170 -1
109 180 -1
109 181 -1
109 182 -1
109 184 -1
109 186 -1
109 188 -1
110 1 -1
110 7 -1
110 8 1
110 10 1
110 24 1
110 29 1
110 30 -1
110 38 -1
110 39 1
110 53 1
110 56 1
110 57 -1
110 60 -1
110 66 -1
110 70 1
110 74 -1
110 79 -1
110 81 1
110 82 -1
110 89 1
110 91 1
110 101 1
110 107 -1
110 117 -1
110 118 -1
110 119 -1
110 121 -1
110 126 -1
110 129 1
110 130 1
110 133 1
110 142 -1
110 156 1
110 168 1
110 169 -1
110 174 1
110 182 -1
110 184 1
110 186 1
110 188 -1
110 190 1
111 6 1
111 14 -1
111 16 1
111 17 1
111 22 1
111 23 -1
111 27 -1
111 32 1
111 36 1
111 38 1
111 40 -1
111 41 -1
111 43 -1
111 46 -1
111 50 -1
111 52 -1
111 55 -1
111 64 -1
111 66 1
111 68 1
111 72 -1
111 84 -1
111 91 1
111 95 -1
111 99 -1
111 101 -1
111 102 -1
111 113 -1
111 117 -1
111 120 -1
111 122 1
111 132 -1
111 133 -1
111 138 -1
111 142 1
111 147 1
111 148 1
111 151 -1
111 162 -1
111 168 1
111 170 1
111 172 -1
111 173 1
111 175 -1
111 177 1
111 178 -1
111 179 1
111 181 -1
111 185 -1
111 188 1
111 189 1
112 1 -1
112 6 1
112 8 1
112 10 1
112 25 -1
112 27 -1
112 29 1
112 32 1
112 34 1
112 36 -1
112 40 1
112 50 1
112 54 -1
112 61 -1
112 65 1
112 66 1
112 76 -1
112 82 1
112 85 1
112 86 -1
112 89 1
112 91 1
112 93 -1
112 98 -1
112 108 -1
112 110 1
112 115 -1
112 116 -1
112 121 -1
112 128 -1
112 131 -1
112 137 1
112 139 1
112 141 1
112 145 -1
112 150 1
112 162 1
112 164 -1
112 165 1
112 168 1
112 169 -1
112 186 1
113 4 1
113 6 -1
113 7 -1
113 15 -1
113 18 -1
113 21 -1
113 22 1
113 28 1
113 45 1
113 46 1
113 47 1
113 52 -1
113 54 -1
113 66 -1
113 71 -1
113 87 -1
113 97 -1
113 102 1
113 104 1
113 105 1
113 106 1
113 122 -1
113 130 1
113 132 -1
113 140 -1
113 148 1
113 153 1
113 156 -1
113 166 1
113 168 1
113 169 1
113 175 -1
113 177 -1
113 179 1
113 182 1
113 184 -1
113 185 1
113 188 1
113 189 1
114 6 -1
114 8 1
114 20 1
114 21 1
114 33 1
114 39 1
114 44 1
114 45 -1
114 47 1
114 49 -1
114 61 -1
114 62 -1
114 68 -1
114 73 1
114 75 1
114 80 1
114 83 -1
114 92 -1
114 97 -1
114 98 -1
114 102 -1
114 113 -1
114 115 1
114 120 -1
114 125 -1
114 126 -1
114 135 -1
114 148 1
114 158 -1
114 163 1
114 169 -1
114 170 -1
114 174 -1
114 176 -1
114 177 -1
114 181 1
114 182 1
114 185 -1
114 186 1
115 2 -1
115 7 -1
115 14 1
115 16 -1
115 34 1
115 39 1
115 41 1
115 44 1
115 45 1
115 49 1
115 50 1
115 55 1
115 56 1
115 60 1
115 62 1
115 70 -1
115 72 1
115 73 -1
115 74 1
115 75 1
115 77 1
115 80 -1
115 84 1
115 92 1
115 94 -1
115 95 -1
115 97 -1
115 99 -1
115 105 1
115 106 -1
115 110 1
115 120 -1
115 122 1
115 125 -1
115 127 1
115 144 -1
115 149 -1
115 150 -1
115 163 1
115 166 -1
115 167 -1
115 169 -1
115 175 1
115 177 -1
115 180 -1
115 183 1
115 184 -1
115 185 1
115 186 1
116 2 1
116 26 -1
116 31 -1
116 37 1
116 38 -1
116 40 -1
116 45 -1
116 53 -1
116 55 -1
116 58 1
116 69 -1
116 73 -1
116 77 1
116 86 1
116 89 -1
116 90 1
116 92 -1
116 99 -1
116 100 -1
116 102 1
116 111 1
116 114 -1
116 125 -1
116 135 -1
116 146 -1
116 147 -1
116 148 -1
116 150 -1
116 153 -1
116 166 1
116 168 -1
116 169 1
116 173 1
116 177 1
116 182 -1
116 183 1
117 3 1
117 6 1
117 7 1
117 10 1
117 12 1
117 16 1
117 22 -1
117 23 1
117 28 1
117 29 1
117 32 -1
117 33 -1
117 40 -1
117 48 -1
117 51 1
117 52 -1
117 55 1
117 58 1
117 68 -1
117 72 1
117 73 1
117 75 -1
117 84 1
117 88 -1
117 91 1
117 92 -1
117 95 -1
117 96 1
117 97 -1
117 98 1
117 109 -1
117 112 1
117 116 -1
117 120 1
117 124 1
117 137 1
117 142 1
117 144 -1
117 155 1
117 157 -1
117 159 1
117 162 1
117 163 -1
117 170 1
117 171 -1
117 178 -1
117 180 -1
117 181 -1
117 184 -1
117 188 -1
117 189 1
118 5 1
118 17 1
118 19 -1
118 20 1
118 21 -1
118 22 -1
118 27 1
118 37 1
118 52 -1
118 53 -1
118 54 1
118 56 -1
118 57 -1
118 67 -1
118 71 1
118 82 -1
118 86 1
118 87 1
118 90 1
118 93 1
118 100 -1
118 101 1
118 107 1
118 108 -1
118 111 -1
118 122 -1
118 123 1
118 124 1
118 125 1
118 127 1
118 129 1
118 140 1
118 141 1
118 148 -1
118 150 1
118 152 1
118 158 1
118 160 -1
118 170 1
118 175 1
118 177 -1
119 1 -1
119 8 1
119 9 1
119 11 -1
119 12 1
119 17 1
119 20 1
119 22 1
119 28 1
119 29 1
119 30 1
119 37 1
119 38 1
119 39 1
119 49 -1
119 52 1
119 54 -1
119 64 -1
119 66 1
119 70 -1
119 74 1
119 75 -1
119 76 1
119 77 1
119 82 -1
119 84 1
119 86 -1
119 90 1
119 103 -1
119 120 1
119 122 -1
119 129 1
119 132 -1
119 135 -1
119 137 -1
119 138 1
119 150 -1
119 152 -1
119 155 1
119 159 -1
119 160 -1
119 166 1
119 167 -1
119 170 -1
119 173 1
119 177 -1
119 178 1
119 186 1
120 5 -1
120 6 -1
120 8 1
120 9 1
120 24 -1
120 27 1
120 32 1
120 33 1
120 36 1
120 38 -1
120 40 -1
120 43 1
120 51 -1
120 55 1
120 58 1
120 69 1
120 71 1
120 73 1
120 76 1
120 80 -1
120 81 1
120 84 1
120 88 1
120 97 1
120 99 -1
120 113 1
120 131 1
120 135 -1
120 141 -1
120 144 -1
120 146 -1
120 148 1
120 149 -1
120 150 1
120 153 1
120 157 1
120 158 1
120 161 -1
120 162 -1
120 164 -1
120 166 -1
120 173 1
120 175 -1
120 180 1
120 182 1
120 184 -1
120 185 -1
120 186 1
121 2 -1
121 5 -1
121 7 1
121 12 1
121 27 1
121 28 -1
121 29 -1
121 31 1
121 36 -1
121 40 1
121 42 1
121 43 -1
121 45 1
121 46 -1
121 49 -1
121 60 1
121 63 -1
121 68 1
121 69 -1
121 77 1
121 81 1
121 87 -1
121 88 1
121 90 1
121 99 -1
121 104 -1
121 107 1
121 114 1
121 120 1
121 128 -1
121 135 1
121 147 1
121 150 -1
121 151 -1
121 153 -1
121 154 1
121 157 1
121 162 1
121 164 1
121 172 1
121 179 -1
121 184 1
121 189 1
122 7 -1
122 8 1
122 30 1
122 31 1
122 49 -1
122 51 -1
122 52 -1
122 57 -1
122 65 1
122 67 -1
122 69 1
122 77 -1
122 81 -1
122 90 -1
122 95 -1
122 96 1
122 97 1
122 100 1
122 108 1
122 110 -1
122 117 -1
122 124 -1
122 129 1
122 134 1
122 135 -1
122 138 1
122 141 1
122 143 -1
122 144 1
122 148 1
122 151 1
122 152 -1
122 153 1
122 155 1
122 160 -1
122 164 -1
122 168 -1
122 171 1
122 174 -1
122 178 1
122 179 -1
122 180 1
122 183 -1
122 190 -1
123 3 -1
123 4 1
123 5 1
123 11 -1
123 17 1
123 26 -1
123 27 1
123 29 -1
123 30 1
123 31 1
123 32 -1
123 34 1
123 37 -1
123 49 1
123 55 -1
123 59 1
123 63 -1
123 69 -1
123 78 1
123 82 -1
123 89 -1
123 90 -1
123 92 -1
123 106 1
123 110 -1
123 113 -1
123 115 1
123 119 1
123 132 1
123 133 1
123 136 -1
123 144 -1
123 145 -1
123 149 -1
123 151 1
123 152 1
123 153 1
123 156 -1
123 157 -1
123 158 -1
123 159 1
123 160 1
123 161 -1
123 162 -1
123 167 -1
123 169 -1
123 172 -1
123 174 1
123 176 -1
123 178 1
123 179 -1
123 181 1
123 183 1
123 185 1
123 189 -1
124 2 -1
124 8 1
124 9 1
124 13 1
124 21 -1
124 22 -1
124 23 1
124 24 1
124 28 1
124 36 -1
124 37 1
124 42 -1
124 45 -1
124 46 -1
124 54 1
124 55 -1
124 60 -1
124 63 1
124 66 -1
124 77 1
124 78 1
124 84 -1
124 86 -1
124 91 -1
124 95 -1
124 97 1
124 99 1
124 100 -1
124 112 -1
124 113 1
124 115 -1
124 116 -1
124 123 -1
124 126 -1
124 134 -1
124 137 1
124 138 -1
124 145 -1
124 150 -1
124 152 1
124 156 -1
124 162 -1
124 163 -1
124 164 -1
124 169 -1
124 177 1
124 178 -1
124 180 1
124 182 1
124 185 1
124 188 -1
124 190 1
125 4 -1
125 10 -1
125 15 -1
125 18 1
125 25 -1
125 27 -1
125 30 -1
125 32 1
125 33 1
125 38 -1
125 39 1
125 41 -1
125 46 -1
125 49 -1
125 50 -1
125 59 -1
125 60 -1
125 62 -1
125 63 -1
125 68 1
125 76 -1
125 86 1
125 96 -1
125 99 1
125 102 -1
125 105 -1
125 108 1
125 109 1
125 110 -1
125 119 -1
125 122 -1
125 123 -1
125 127 1
125 129 1
125 132 -1
125 139 -1
125 144 1
125 158 1
125 171 -1
125 176 1
125 183 -1
125 188 -1
126 7 1
126 8 -1
126 20 1
126 21 -1
126 22 -1
126 27 -1
126 30 -1
126 41 -1
126 46 -1
126 57 -1
126 58 1
126 60 -1
126 63 -1
126 65 -1
126 66 -1
126 71 1
126 73 -1
126 74 1
126 76 -1
126 79 1
126 82 1
126 84 1
126 85 1
126 89 1
126 91 -1
126 96 -1
126 98 1
126 99 1
126 101 1
126 103 -1
126 108 -1
126 113 1
126 117 1
126 119 1
126 121 1
126 128 -1
126 131 1
126 132 1
126 133 1
126 146 -1
126 156 1
126 159 1
126 161 -1
126 170 1
126 172 1
126 174 1
126 181 1
126 185 1
126 188 -1
126 189 -1
127 1 1
127 6 1
127 8 1
127 14 -1
127 21 1
127 26 1
127 33 -1
127 41 -1
127 46 1
127 50 1
127 66 -1
127 67 1
127 69 1
127 74 1
127 75 1
127 79 -1
127 89 -1
127 91 1
127 94 -1
127 98 -1
127 99 -1
127 101 1
127 106 -1
127 108 1
127 109 -1
127 112 -1
127 123 1
127 131 1
127 133 1
127 139 1
127 140 1
127 146 1
127 149 1
127 151 1
127 152 -1
127 154 1
127 156 1
127 158 1
127 164 -1
127 177 -1
127 180 -1
127 182 -1
128 1 1
128 12 1
128 13 1
128 15 -1
128 17 1
128 19 1
128 20 1
128 27 -1
128 29 1
128 30 -1
128 31 -1
128 35 1
128 40 -1
128 47 1
128 48 -1
128 50 -1
128 56 -1
128 57 1
128 60 -1
128 62 -1
128 67 -1
128 74 1
128 76 -1
128 90 -1
128 92 1
128 95 -1
128 98 -1
128 103 -1
128 105 1
128 114 -1
128 120 1
128 123 1
128 124 1
128 125 1
128 138 1
128 139 1
128 140 -1
128 141 -1
128 143 -1
128 146 1
128 148 -1
128 152 -1
128 154 1
128 162 1
128 167 -1
128 171 -1
128 175 1
128 185 -1
128 187 -1
129 4 -1
129 5 -1
129 6 -1
129 10 -1
129 11 -1
129 17 1
129 22 1
129 23 1
129 26 -1
129 30 -1
129 32 1
129 33 1
129 46 1
129 52 1
129 67 -1
129 68 1
129 74 -1
129 81 -1
129 82 1
129 86 1
129 88 1
129 97 -1
129 99 -1
129 107 -1
129 111 -1
129 114 1
129 116 1
129 117 -1
129 121 -1
129 123 -1
129 127 -1
129 132 1
129 133 1
129 134 1
129 145 -1
129 150 1
129 152 1
129 154 -1
129 169 -1
129 171 -1
129 174 1
129 179 1
129 181 -1
129 190 -1
130 3 -1
130 9 -1
130 11 1
130 13 1
130 30 -1
130 35 -1
130 41 1
130 46 -1
130 47 -1
130 50 -1
130 52 1
130 57 1
130 60 -1
130 61 -1
130 62 1
130 63 -1
130 68 -1
130 69 -1
130 76 -1
130 84 -1
130 86 1
130 89 1
130 91 -1
130 94 1
130 96 -1
130 106 1
130 115 -1
130 127 -1
130 129 1
130 137 1
130 145 1
130 147 1
130 148 1
130 155 1
130 160 -1
130 161 -1
130 173 1
130 186 1
130 187 -1
130 190 1
131 2 1
131 3 1
131 5 1
131 6 -1
131 10 1
131 12 -1
131 19 -1
131 38 1
131 42 -1
131 43 1
131 54 -1
131 58 1
131 60 1
131 63 -1
131 67 -1
131 68 1
131 77 1
131 80 -1
131 85 1
131 88 1
131 92 1
131 94 -1
131 95 1
131 99 -1
131 102 1
131 103 -1
131 110 -1
131 118 -1
131 121 1
131 122 -1
131 125 -1
131 128 1
131 130 1
131 134 1
131 136 -1
131 141 1
131 148 -1
131 158 -1
131 160 -1
131 167 1
131 170 1
131 171 -1
131 172 1
131 176 -1
131 178 -1
131 183 -1
131 184 1
132 6 -1
132 10 -1
132 17 1
132 21 1
132 23 1
132 29 -1
132 33 -1
132 34 -1
132 38 -1
132 41 -1
132 47 1
132 49 -1
132 50 -1
132 57 1
132 67 1
132 68 1
132 69 1
132 75 -1
132 77 -1
132 81 1
132 82 -1
132 84 1
132 90 -1
132 92 -1
132 94 -1
132 104 1
132 107 -1
132 110 1
132 112 -1
132 114 1
132 121 -1
132 128 1
132 133 1
132 137 -1
132 140 -1
132 141 1
132 142 1
132 149 1
132 152 1
132 155 -1
132 164 1
132 168 -1
132 170 -1
132 172 -1
132 174 -1
132 176 1
132 179 -1
132 185 1
132 187 -1
133 2 1
133 12 -1
133 13 1
133 14 1
133 19 1
133 29 -1
133 32 -1
133 43 -1
133 45 -1
133 51 -1
133 59 1
133 62 1
133 64 1
133 78 -1
133 79 -1
133 85 -1
133 87 -1
133 92 -1
133 93 1
133 104 1
133 105 1
133 109 -1
133 115 -1
133 117 -1
133 118 -1
133 120 -1
133 122 1
133 124 -1
133 128 1
133 137 -1
133 138 -1
133 140 -1
133 149 1
133 151 -1
133 158 1
133 160 -1
133 173 1
133 178 -1
133 185 1
133 186 -1
133 187 -1
133 188 -1
133 190 1
134 2 -1
134 12 1
134 14 1
134 15 1
134 19 -1
134 20 -1
134 23 -1
134 30 1
134 39 -1
134 47 1
134 48 1
134 50 1
134 53 -1
134 55 -1
134 68 1
134 71 1
134 79 1
134 82 1
134 84 1
134 85 1
134 89 -1
134 90 1
134 102 1
134 103 1
134 104 1
134 106 1
134 109 1
134 110 -1
134 114 1
134 117 -1
134 118 1
134 126 -1
134 127 1
134 130 1
134 135 -1
134 138 -1
134 139 -1
134 141 -1
134 142 -1
134 152 1
134 154 1
134 161 -1
134 163 1
134 164 1
134 167 -1
134 185 1
135 6 1
135 10 1
135 12 1
135 13 1
135 14 -1
135 35 1
135 37 1
135 38 -1
135 50 -1
135 52 -1
135 53 1
135 55 1
135 58 1
135 61 -1
135 65 -1
135 72 -1
135 79 -1
135 80 -1
135 83 1
135 88 -1
135 89 -1
135 90 -1
135 94 1
135 98 -1
135 99 1
135 100 1
135 108 -1
135 109 -1
135 110 -1
135 111 1
135 112 1
135 113 -1
135 115 1
135 124 1
135 128 1
135 129 -1
135 130 -1
135 132 1
135 137 -1
135 138 1
135 140 -1
135 147 -1
135 149 1
135 153 -1
135 158 -1
135 163 1
135 166 -1
135 171 1
135 172 -1
135 174 -1
135 177 -1
135 179 1
135 183 -1
135 187 -1
135 188 -1
135 189 1
136 1 1
136 2 -1
136 4 -1
136 14 1
136 17 1
136 18 1
136 19 -1
136 24 1
136 27 1
136 28 -1
136 30 -1
136 41 1
136 42 1
136 45 1
136 46 -1
136 53 -1
136 54 1
136 55 1
136 56 1
136 58 1
136 64 -1
136 71 1
136 74 1
136 75 -1
136 83 1
136 86 1
136 96 -1
136 98 -1
136 108 -1
136 109 -1
136 110 -1
136 112 1
136 113 -1
136 115 -1
136 116 1
136 117 -1
136 119 -1
136 124 1
136 125 1
136 130 -1
136 134 1
136 144 1
136 147 -1
136 154 -1
136 155 -1
136 157 1
136 166 -1
136 168 1
136 170 -1
136 172 -1
136 176 1
136 179 1
136 184 -1
136 186 1
137 1 -1
137 16 -1
137 17 1
137 20 -1
137 26 1
137 31 -1
137 32 -1
137 36 -1
137 38 -1
137 41 -1
137 42 -1
137 44 1
137 46 -1
137 50 1
137 56 1
137 60 1
137 63 -1
137 65 1
137 66 1
137 71 1
137 74 1
137 77 1
137 79 -1
137 87 -1
137 89 -1
137 94 1
137 100 1
137 103 1
137 104 1
137 105 -1
137 107 1
137 108 -1
137 109 -1
137 110 1
137 115 -1
137 116 -1
137 118 -1
137 125 -1
137 126 1
137 127 -1
137 131 -1
137 134 -1
137 148 1
137 152 -1
137 155 1
137 164 1
137 166 -1
137 181 1
137 183 1
138 5 -1
138 7 1
138 9 1
138 12 1
138 13 1
138 24 -1
138 26 -1
138 30 -1
138 32 -1
138 40 -1
138 41 -1
138 54 1
138 59 1
138 61 -1
138 68 -1
138 69 -1
138 80 1
138 84 1
138 89 -1
138 90 -1
138 96 -1
138 102 1
138 105 -1
138 106 1
138 109 1
138 114 -1
138 115 1
138 118 1
138 121 1
138 130 -1
138 131 1
138 142 1
138 148 1
138 155 -1
138 157 -1
138 163 1
138 165 -1
138 176 1
138 178 1
138 183 1
138 184 1
138 187 1
138 188 1
138 189 1
139 1 -1
139 2 1
139 3 -1
139 9 -1
139 14 1
139 17 1
139 21 1
139 26 1
139 27 1
139 34 1
139 39 -1
139 41 -1
139 43 1
139 49 1
139 51 -1
139 55 1
139 63 -1
139 66 1
139 67 -1
139 68 1
139 69 -1
139 71 -1
139 78 1
139 82 1
139 91 1
139 97 -1
139 100 -1
139 102 1
139 106 1
139 114 -1
139 117 -1
139 118 1
139 119 1
139 121 1
139 124 1
139 129 1
139 130 1
139 135 1
139 138 1
139 142 1
139 148 1
139 151 -1
139 155 -1
139 156 -1
139 164 1
139 170 -1
139 171 -1
139 173 1
139 174 1
139 177 1
139 178 -1
139 180 -1
139 181 1
140 2 1
140 3 -1
140 6 -1
140 8 -1
140 9 1
140 16 1
140 18 -1
140 20 1
140 25 1
140 31 1
140 36 -1
140 38 -1
140 39 -1
140 40 -1
140 45 -1
140 49 -1
140 55 -1
140 60 -1
140 64 1
140 65 -1
140 70 -1
140 77 1
140 85 1
140 86 -1
140 88 -1
140 98 1
140 99 -1
140 101 -1
140 106 1
140 107 1
140 108 1
140 111 -1
140 116 -1
140 117 -1
140 122 -1
140 123 1
140 131 1
140 145 1
140 150 1
140 153 -1
140 156 1
140 159 1
140 160 -1
140 161 -1
140 171 -1
140 173 -1
140 176 1
140 177 -1
140 178 -1
140 181 -1
140 184 1
140 186 -1
140 189 1
141 1 1
141 2 -1
141 5 1
141 13 -1
141 14 1
141 15 1
141 22 1
141 36 -1
141 43 1
141 44 1
141 47 1
141 49 1
141 54 -1
141 67 1
141 72 1
141 77 1
141 86 1
141 87 -1
141 92 1
141 94 1
141 95 1
141 99 -1
141 101 1
141 103 -1
141 108 -1
141 133 1
141 138 -1
141 139 1
141 144 1
141 146 1
141 148 -1
141 159 1
141 167 -1
141 170 1
141 176 1
141 179 -1
141 182 1
141 184 -1
141 185 -1
142 3 -1
142 5 -1
142 8 -1
142 20 1
142 23 -1
142 27 -1
142 32 1
142 34 -1
142 35 -1
142 42 -1
142 45 1
142 46 -1
142 53 -1
142 54 1
142 57 1
142 63 1
142 65 1
142 68 1
142 69 -1
142 70 1
142 86 1
142 90 1
142 91 -1
142 99 -1
142 102 1
142 106 -1
142 113 -1
142 114 -1
142 116 1
142 119 -1
142 120 1
142 122 1
142 125 -1
142 135 -1
142 144 1
142 150 -1
142 153 1
142 155 -1
142 158 1
142 159 1
142 166 -1
142 173 -1
142 174 1
142 177 -1
142 183 1
142 186 -1
142 189 1
143 4 -1
143 8 1
143 10 -1
143 11 1
143 12 -1
143 13 1
143 15 1
143 22 -1
143 23 1
143 26 -1
143 28 1
143 31 1
143 39 -1
143 43 -1
143 44 1
143 46 -1
143 50 1
143 51 -1
143 57 -1
143 59 -1
143 65 -1
143 66 1
143 72 1
143 73 1
143 77 1
143 78 -1
143 80 -1
143 82 -1
143 83 1
143 86 -1
143 93 -1
143 95 1
143 96 -1
143 98 1
143 99 1
143 100 1
143 101 -1
143 105 -1
143 107 -1
143 108 1
143 111 1
143 115 1
143 116 1
143 117 1
143 119 -1
143 121 1
143 126 -1
143 127 -1
143 130 1
143 136 -1
143 138 -1
143 146 1
143 150 1
143 151 1
143 156 1
143 161 -1
143 162 1
143 166 -1
143 169 -1
143 179 1
143 181 -1
143 183 1
143 185 -1
144 9 1
144 17 1
144 19 -1
144 30 1
144 31 -1
144 32 -1
144 35 1
144 38 1
144 40 1
144 41 1
144 45 -1
144 48 -1
144 51 -1
144 52 -1
144 55 1
144 61 1
144 63 -1
144 64 -1
144 67 1
144 76 1
144 80 -1
144 81 1
144 89 -1
144 91 1
144 93 -1
144 97 1
144 106 1
144 107 1
144 108 -1
144 112 1
144 114 -1
144 116 1
144 119 -1
144 124 1
144 126 1
144 127 -1
144 129 1
144 132 -1
144 133 -1
144 135 -1
144 140 1
144 146 1
144 148 -1
144 152 1
144 154 1
144 155 1
144 162 1
144 164 1
144 165 1
144 168 -1
144 169 -1
144 170 -1
144 172 -1
144 176 1
144 181 -1
144 186 1
145 7 1
145 8 1
145 10 1
145 14 -1
145 15 1
145 17 1
145 19 1
145 23 1
145 27 1
145 33 -1
145 35 1
145 36 1
145 38 1
145 39 1
145 43 1
145 49 -1
145 60 1
145 65 -1
145 70 -1
145 71 -1
145 72 -1
145 78 1
145 86 -1
145 95 -1
145 100 -1
145 104 -1
145 108 -1
145 113 1
145 115 -1
145 119 1
145 122 1
145 127 1
145 139 1
145 142 1
145 143 1
145 146 -1
145 149 1
145 153 -1
145 158 1
145 160 -1
145 162 -1
145 165 -1
145 167 1
145 168 -1
145 170 -1
145 171 -1
145 175 -1
145 176 -1
145 177 -1
145 186 -1
146 6 1
146 17 -1
146 18 1
146 19 1
146 20 -1
146 22 -1
146 23 -1
146 26 1
146 28 -1
146 30 -1
146 35 1
146 37 -1
146 44 1
146 47 -1
146 49 -1
146 50 -1
146 58 -1
146 61 1
146 63 1
146 65 -1
146 72 -1
146 73 1
146 78 -1
146 84 1
146 85 -1
146 88 1
146 92 1
146 93 -1
146 96 -1
146 99 1
146 100 -1
146 101 1
146 103 -1
146 105 1
146 109 -1
146 111 -1
146 113 1
146 117 1
146 124 -1
146 130 -1
146 135 1
146 136 1
146 154 1
146 156 1
146 161 1
146 162 1
146 166 -1
146 172 1
146 176 -1
146 183 1
146 186 -1
147 1 -1
147 2 -1
147 3 -1
147 7 -1
147 14 -1
147 17 -1
147 19 -1
147 22 -1
147 24 1
147 27 1
147 29 -1
147 32 -1
147 35 1
147 43 -1
147 44 -1
147 50 -1
147 52 -1
147 55 -1
147 57 -1
147 64 1
147 68 -1
147 78 1
147 82 1
147 93 1
147 95 -1
147 96 -1
147 99 -1
147 100 1
147 105 -1
147 112 1
147 114 -1
147 115 -1
147 117 1
147 123 1
147 128 -1
147 132 1
147 133 1
147 134 -1
147 138 -1
147 146 1
147 148 1
147 150 -1
147 151 1
147 156 1
147 157 1
147 158 -1
147 160 1
147 161 -1
147 162 1
147 169 -1
147 171 1
147 172 -1
147 173 -1
147 175 1
147 176 -1
147 184 1
148 7 -1
148 9 -1
148 12 -1
148 15 1
148 23 -1
148 25 1
148 26 -1
148 29 1
148 32 1
148 36 -1
148 38 -1
148 39 1
148 40 -1
148 46 -1
148 51 1
148 52 -1
148 58 1
148 61 -1
148 64 -1
148 75 1
148 79 1
148 85 -1
148 86 1
148 90 -1
148 92 1
148 97 1
148 102 -1
148 105 -1
148 106 -1
148 108 1
148 112 1
148 115 1
148 117 1
148 123 1
148 143 -1
148 145 -1
148 152 -1
148 154 1
148 155 -1
148 165 -1
148 168 -1
148 170 -1
148 171 1
148 172 -1
148 179 -1
148 180 -1
148 186 -1
148 187 1
148 188 1
149 2 1
149 4 1
149 8 1
149 13 -1
149 19 1
149 22 -1
149 25 1
149 29 1
149 30 1
149 36 1
149 38 1
149 42 1
149 43 1
149 45 1
149 46 1
149 50 -1
149 51 1
149 59 1
149 68 -1
149 70 1
149 71 -1
149 74 1
149 82 1
149 88 -1
149 93 -1
149 95 -1
149 98 -1
149 102 1
149 106 1
149 112 -1
149 114 -1
149 117 -1
149 124 -1
149 128 1
149 131 1
149 141 -1
149 142 1
149 148 1
149 151 -1
149 156 -1
149 161 1
149 162 -1
149 167 -1
149 170 -1
149 172 -1
149 176 1
149 177 1
149 178 1
149 183 -1
149 185 1
149 190 -1
150 4 -1
150 10 -1
150 11 -1
150 19 1
150 22 1
150 26 -1
150 29 -1
150 32 1
150 40 1
150 45 -1
150 48 1
150 49 1
150 55 1
150 59 -1
150 60 -1
150 65 -1
150 70 -1
150 72 1
150 77 1
150 79 1
150 80 1
150 85 1
150 87 -1
150 88 1
150 93 -1
150 99 1
150 106 1
150 110 -1
150 111 1
150 117 1
150 134 -1
150 135 1
150 141 1
150 149 -1
150 151 -1
150 153 -1
150 154 -1
150 157 -1
150 159 -1
150 161 1
150 165 1
150 171 1
150 180 1
150 182 1
150 188 -1
151 1 1
151 2 -1
151 3 1
151 5 -1
151 9 1
151 11 1
151 13 -1
151 18 1
151 22 1
151 24 -1
151 38 -1
151 39 -1
151 55 -1
151 66 -1
151 70 1
151 77 -1
151 79 -1
151 80 1
151 81 -1
151 88 -1
151 96 -1
151 98 -1
151 99 1
151 101 1
151 103 -1
151 109 1
151 110 -1
151 113 1
151 117 -1
151 118 -1
151 119 -1
151 124 -1
151 131 1
151 132 -1
151 134 -1
151 136 1
151 137 -1
151 141 -1
151 144 1
151 148 1
151 156 1
151 162 -1
151 165 1
151 169 1
151 173 1
151 178 -1
151 182 1
151 186 -1
152 2 -1
152 3 1
152 5 -1
152 20 1
152 31 -1
152 36 -1
152 39 1
152 40 1
152 42 -1
152 46 1
152 48 -1
152 49 -1
152 50 1
152 53 -1
152 55 1
152 57 1
152 58 1
152 67 -1
152 84 -1
152 91 1
152 94 1
152 101 1
152 103 -1
152 105 1
152 107 1
152 108 1
152 110 1
152 116 1
152 121 1
152 130 1
152 136 -1
152 141 1
152 151 1
152 154 -1
152 157 1
152 160 1
152 161 1
152 165 1
152 166 1
152 173 -1
152 179 -1
152 182 1
153 5 -1
153 7 -1
153 10 -1
153 13 1
153 16 1
153 19 1
153 20 1
153 25 -1
153 31 -1
153 32 1
153 35 -1
153 42 -1
153 55 -1
153 56 1
153 57 -1
153 59 1
153 61 1
153 65 1
153 66 1
153 73 -1
153 75 1
153 85 1
153 87 1
153 90 1
153 96 -1
153 99 1
153 101 1
153 104 1
153 107 -1
153 108 -1
153 109 1
153 110 -1
153 112 1
153 125 1
153 126 1
153 127 1
153 130 1
153 131 1
153 136 -1
153 143 -1
153 144 -1
153 149 1
153 162 -1
153 163 -1
153 167 -1
153 175 1
153 176 -1
153 181 -1
153 184 1
153 189 1
153 190 1
154 2 -1
154 4 1
154 5 1
154 19 -1
154 20 -1
154 24 1
154 30 1
154 31 -1
154 32 -1
154 34 1
154 49 1
154 53 -1
154 55 1
154 58 1
154 60 -1
154 64 -1
154 68 1
154 73 -1
154 76 -1
154 77 1
154 80 1
154 81 1
154 83 1
154 84 1
154 89 -1
154 91 -1
154 92 1
154 94 -1
154 98 1
154 99 1
154 100 -1
154 102 1
154 103 -1
154 104 1
154 110 -1
154 113 1
154 114 1
154 117 -1
154 118 1
154 122 1
154 123 -1
154 125 -1
154 133 -1
154 137 1
154 138 1
154 139 1
154 147 1
154 153 -1
154 157 -1
154 162 -1
154 165 -1
154 169 -1
154 171 -1
154 177 -1
154 178 -1
154 179 -1
154 180 -1
154 181 1
154 186 -1
155 4 1
155 17 1
155 21 -1
155 26 -1
155 27 -1
155 28 1
155 31 1
155 36 1
155 41 -1
155 46 1
155 48 1
155 53 -1
155 56 1
155 61 1
155 62 -1
155 66 -1
155 67 -1
155 68 -1
155 70 -1
155 74 1
155 83 1
155 84 -1
155 85 1
155 86 -1
155 95 1
155 97 -1
155 100 -1
155 101 1
155 104 1
155 115 1
155 128 1
155 133 -1
155 134 1
155 135 1
155 140 -1
155 147 1
155 154 -1
155 156 1
155 162 -1
155 169 -1
155 170 1
155 171 1
155 177 -1
155 186 -1
155 187 -1
156 1 -1
156 4 -1
156 6 1
156 10 -1
156 12 -1
156 13 1
156 16 1
156 27 -1
156 28 1
156 30 1
156 32 1
156 39 1
156 45 -1
156 48 -1
156 53 -1
156 55 -1
156 61 -1
156 64 1
156 70 1
156 76 -1
156 82 1
156 84 1
156 85 1
156 86 1
156 89 -1
156 91 1
156 102 -1
156 109 1
156 111 -1
156 112 1
156 116 -1
156 118 -1
156 120 -1
156 122 -1
156 125 -1
156 129 1
156 130 1
156 131 1
156 136 1
156 138 -1
156 141 -1
156 142 -1
156 144 -1
156 152 1
156 154 1
156 158 -1
156 163 1
156 164 1
156 166 1
156 167 -1
156 173 1
156 182 1
156 183 -1
156 187 1
156 190 -1
157 1 -1
157 3 -1
157 8 -1
157 9 1
157 12 -1
157 13 1
157 15 1
157 18 1
157 28 -1
157 36 1
157 38 -1
157 48 1
157 51 -1
157 53 -1
157 58 -1
157 71 -1
157 74 1
157 77 1
157 94 1
157 98 1
157 99 -1
157 102 -1
157 104 1
157 110 -1
157 126 -1
157 131 1
157 139 -1
157 142 -1
157 148 1
157 149 1
157 156 -1
157 165 -1
157 169 1
157 174 1
157 176 -1
157 180 1
157 183 1
157 185 1
157 189 -1
158 5 1
158 9 -1
158 15 1
158 16 1
158 18 -1
158 20 -1
158 25 -1
158 29 -1
158 30 -1
158 50 1
158 51 -1
158 54 1
158 71 1
158 75 -1
158 81 -1
158 83 1
158 84 1
158 85 1
158 90 1
158 93 -1
158 100 1
158 103 -1
158 104 1
158 106 -1
158 108 -1
158 110 -1
158 111 -1
158 113 -1
158 128 -1
158 132 1
158 134 1
158 140 1
158 148 -1
158 149 -1
158 150 1
158 155 -1
158 157 -1
158 164 1
158 170 1
158 172 1
158 173 -1
158 178 1
158 179 1
158 180 1
158 181 -1
158 185 1
158 189 -1
159 6 -1
159 10 1
159 15 -1
159 25 -1
159 40 -1
159 42 -1
159 44 1
159 48 -1
159 53 -1
159 57 -1
159 59 1
159 62 1
159 67 1
159 71 -1
159 75 -1
159 77 -1
159 82 1
159 95 -1
159 99 1
159 100 -1
159 108 1
159 109 1
159 122 -1
159 127 1
159 128 1
159 137 1
159 146 1
159 148 1
159 149 -1
159 151 1
159 157 1
159 160 -1
159 166 1
159 170 1
159 173 -1
159 176 1
159 178 -1
159 179 -1
160 3 1
160 4 1
160 11 1
160 12 -1
160 13 -1
160 18 1
160 19 -1
160 20 -1
160 26 1
160 30 -1
160 34 1
160 38 1
160 50 1
160 53 1
160 58 -1
160 65 1
160 69 -1
160 70 -1
160 73 1
160 74 -1
160 79 1
160 89 1
160 94 1
160 96 1
160 97 1
160 101 1
160 103 1
160 104 -1
160 106 1
160 107 -1
160 108 -1
160 111 -1
160 116 1
160 117 1
160 120 1
160 124 1
160 129 1
160 134 -1
160 139 1
160 141 -1
160 142 1
160 146 1
160 161 -1
160 165 -1
160 177 1
160 179 1
160 183 1
160 184 1
161 2 1
161 5 -1
161 8 -1
161 17 -1
161 18 -1
161 19 -1
161 21 -1
161 23 1
161 30 1
161 32 1
161 36 -1
161 39 1
161 44 -1
161 49 -1
161 63 1
161 66 1
161 67 -1
161 68 -1
161 69 1
161 71 1
161 79 -1
161 80 -1
161 81 1
161 87 -1
161 93 -1
161 96 -1
161 100 -1
161 101 1
161 109 1
161 110 1
161 132 -1
161 135 -1
161 141 1
161 142 -1
161 144 -1
161 148 -1
161 153 1
161 156 -1
161 159 -1
161 162 1
161 163 -1
161 166 -1
161 167 -1
161 175 1
161 176 -1
161 180 1
161 189 1
161 190 1
162 2 -1
162 4 1
162 5 -1
162 16 1
162 17 1
162 20 -1
162 25 1
162 28 -1
162 31 -1
162 32 1
162 46 -1
162 60 -1
162 67 1
162 69 1
162 71 1
162 73 -1
162 76 -1
162 77 -1
162 78 -1
162 81 -1
162 84 1
162 85 -1
162 87 1
162 89 1
162 92 1
162 98 1
162 103 1
162 109 -1
162 115 -1
162 122 -1
162 129 -1
162 130 -1
162 131 1
162 133 -1
162 139 -1
162 140 -1
162 141 -1
162 150 1
162 157 -1
162 163 1
162 168 -1
162 169 1
162 171 -1
162 172 -1
162 178 -1
162 180 1
162 182 -1
162 183 -1
162 185 1
162 189 1
163 5 -1
163 7 -1
163 10 -1
163 12 -1
163 16 1
163 18 -1
163 22 1
163 29 -1
163 44 -1
163 46 1
163 47 -1
163 48 1
163 51 -1
163 61 -1
163 62 1
163 65 1
163 67 1
163 73 -1
163 74 -1
163 75 -1
163 80 1
163 85 -1
163 87 1
163 89 1
163 91 -1
163 94 1
163 95 1
163 98 -1
163 99 -1
163 102 -1
163 106 -1
163 110 -1
163 118 -1
163 120 1
163 125 1
163 126 -1
163 127 -1
163 136 1
163 137 1
163 139 -1
163 144 1
163 148 -1
163 152 -1
163 154 1
163 157 1
163 164 -1
163 167 1
163 169 -1
163 173 1
163 174 -1
163 180 -1
163 190 -1
164 20 -1
164 21 -1
164 26 1
164 27 1
164 28 -1
164 30 1
164 38 -1
164 43 1
164 47 -1
164 49 -1
164 61 -1
164 62 -1
164 71 1
164 81 1
164 91 1
164 105 1
164 106 -1
164 113 -1
164 114 1
164 117 -1
164 118 -1
164 142 1
164 146 1
164 149 -1
164 150 1
164 151 1
164 165 -1
164 169 -1
164 170 1
164 172 -1
164 174 -1
164 180 1
164 184 1
164 185 1
164 190 1
165 5 1
165 6 -1
165 12 -1
165 15 -1
165 17 -1
165 22 -1
165 25 -1
165 26 -1
165 31 -1
165 32 1
165 34 -1
165 38 1
165 40 -1
165 41 1
165 42 1
165 43 -1
165 47 -1
165 51 1
165 53 1
165 66 -1
165 72 -1
165 74 1
165 75 -1
165 76 -1
165 80 1
165 82 -1
165 83 1
165 86 1
165 100 -1
165 110 -1
165 113 1
165 116 -1
165 117 1
165 118 1
165 122 1
165 124 1
165 125 1
165 132 1
165 135 1
165 139 -1
165 141 -1
165 142 -1
165 147 -1
165 159 -1
165 169 -1
165 171 -1
165 173 1
165 181 1
165 187 -1
165 188 -1
165 190 -1
166 5 -1
166 7 1
166 17 1
166 18 1
166 26 1
166 28 -1
166 31 1
166 32 -1
166 33 1
166 35 1
166 36 1
166 38 -1
166 39 -1
166 41 1
166 42 1
166 43 -1
166 45 -1
166 47 1
166 60 1
166 66 1
166 68 -1
166 69 1
166 70 -1
166 74 1
166 79 -1
166 83 -1
166 87 1
166 92 1
166 93 1
166 100 -1
166 101 -1
166 108 1
166 118 1
166 123 1
166 125 -1
166 130 1
166 134 -1
166 139 -1
166 141 1
166 144 -1
166 145 1
166 147 -1
166 149 -1
166 150 -1
166 153 -1
166 155 -1
166 165 -1
166 169 -1
166 170 -1
166 172 1
166 173 -1
166 175 1
166 179 1
166 188 1
166 189 -1
167 6 -1
167 7 -1
167 8 -1
167 11 1
167 24 1
167 26 1
167 35 1
167 37 1
167 41 -1
167 53 1
167 57 1
167 61 1
167 66 -1
167 74 -1
167 77 -1
167 78 -1
167 81 1
167 87 1
167 92 -1
167 102 1
167 103 1
167 107 -1
167 110 1
167 111 1
167 117 -1
167 120 1
167 126 1
167 130 1
167 137 -1
167 140 -1
167 147 1
167 148 1
167 152 1
167 157 -1
167 159 -1
167 160 -1
167 168 1
167 178 1
167 181 1
167 189 -1
168 4 -1
168 5 1
168 9 1
168 11 -1
168 16 -1
168 17 1
168 21 -1
168 32 1
168 36 -1
168 45 -1
168 53 1
168 54 -1
168 58 -1
168 61 -1
168 64 1
168 65 1
168 66 1
168 68 -1
168 77 -1
168 78 -1
168 79 -1
168 94 1
168 95 1
168 97 1
168 98 -1
168 102 1
168 103 1
168 104 -1
168 115 -1
168 118 -1
168 120 1
168 121 1
168 126 1
168 131 -1
168 135 1
168 140 -1
168 141 -1
168 152 1
168 156 1
168 158 -1
168 159 -1
168 161 -1
168 164 1
168 178 1
168 182 1
168 183 -1
168 184 -1
168 190 1
169 5 1
169 6 1
169 9 1
169 10 -1
169 12 -1
169 18 -1
169 23 -1
169 26 1
169 31 -1
169 33 1
169 37 1
169 38 1
169 41 1
169 45 1
169 48 -1
169 53 -1
169 55 1
169 58 1
169 61 -1
169 64 -1
169 65 -1
169 68 1
169 69 1
169 75 1
169 78 1
169 79 -1
169 82 -1
169 83 1
169 84 -1
169 87 1
169 90 1
169 92 -1
169 98 -1
169 102 1
169 105 -1
169 111 1
169 118 -1
169 119 -1
169 125 -1
169 126 1
169 128 1
169 135 -1
169 140 -1
169 141 1
169 142 -1
169 145 -1
169 146 1
169 153 1
169 156 -1
169 159 1
169 160 1
169 161 1
169 170 -1
169 171 1
169 173 1
169 177 -1
169 184 -1
170 1 -1
170 3 -1
170 10 -1
170 16 -1
170 25 -1
170 28 1
170 32 1
170 36 1
170 37 1
170 49 1
170 51 -1
170 52 1
170 55 -1
170 56 -1
170 59 -1
170 66 1
170 69 -1
170 71 -1
170 72 -1
170 75 -1
170 76 -1
170 82 1
170 83 1
170 84 1
170 86 1
170 96 -1
170 98 -1
170 104 -1
170 110 -1
170 113 1
170 115 1
170 116 1
170 121 -1
170 124 -1
170 129 -1
170 135 -1
170 142 1
170 147 -1
170 153 1
170 157 -1
170 162 1
170 163 -1
170 168 1
170 172 1
170 174 -1
170 175 -1
170 181 -1
170 185 -1
170 186 1
170 189 -1
170 190 -1
171 2 -1
171 4 1
171 6 1
171 12 -1
171 13 -1
171 22 1
171 32 1
171 34 1
171 39 -1
171 41 -1
171 48 -1
171 54 -1
171 63 -1
171 68 1
171 71 1
171 72 1
171 74 1
171 79 -1
171 80 -1
171 87 -1
171 88 -1
171 91 -1
171 100 1
171 106 -1
171 108 -1
171 109 -1
171 111 1
171 112 1
171 119 1
171 120 1
171 132 -1
171 136 1
171 141 -1
171 143 1
171 149 -1
171 151 1
171 152 -1
171 153 -1
171 158 -1
171 159 -1
171 160 1
171 164 -1
171 170 1
171 177 -1
171 185 -1
171 187 -1
171 188 1
172 4 -1
172 7 -1
172 19 1
172 20 -1
172 37 -1
172 38 1
172 43 1
172 44 1
172 47 -1
172 50 1
172 52 -1
172 53 -1
172 54 -1
172 55 1
172 58 -1
172 62 1
172 68 -1
172 73 -1
172 78 -1
172 80 1
172 85 -1
172 91 1
172 93 1
172 103 -1
172 104 -1
172 108 1
172 112 1
172 125 1
172 127 -1
172 133 -1
172 134 1
172 138 1
172 140 1
172 155 1
172 156 -1
172 159 1
172 160 1
172 163 1
172 167 -1
172 175 -1
172 176 1
172 178 -1
172 187 1
173 2 1
173 8 -1
173 10 -1
173 13 1
173 15 1
173 17 -1
173 19 -1
173 24 1
173 25 1
173 31 1
173 37 -1
173 39 -1
173 41 1
173 47 1
173 48 1
173 50 -1
173 54 1
173 56 -1
173 61 -1
173 62 1
173 65 1
173 86 -1
173 87 1
173 90 -1
173 93 -1
173 96 -1
173 102 -1
173 105 -1
173 108 -1
173 113 -1
173 122 -1
173 129 1
173 131 -1
173 132 -1
173 144 -1
173 145 1
173 146 1
173 149 -1
173 155 1
173 160 1
173 161 1
173 171 1
173 183 -1
173 187 -1
174 4 -1
174 6 -1
174 11 1
174 16 1
174 17 1
174 21 1
174 23 -1
174 28 -1
174 29 -1
174 34 1
174 42 1
174 45 -1
174 48 -1
174 49 1
174 53 -1
174 54 1
174 56 1
174 61 1
174 69 1
174 74 1
174 78 1
174 84 -1
174 87 -1
174 88 -1
174 91 -1
174 98 1
174 101 1
174 112 -1
174 115 -1
174 119 1
174 120 1
174 121 -1
174 138 -1
174 146 1
174 147 1
174 148 1
174 150 1
174 155 -1
174 160 1
174 162 -1
174 166 1
174 172 -1
174 173 1
174 180 -1
174 186 1
174 188 -1
174 190 -1
175 11 -1
175 16 -1
175 17 -1
175 21 1
175 26 1
175 29 -1
175 30 1
175 35 1
175 36 1
175 38 1
175 41 -1
175 44 -1
175 45 1
175 46 -1
175 47 -1
175 48 -1
175 50 1
175 55 1
175 59 1
175 68 1
175 70 1
175 73 1
175 74 -1
175 79 -1
175 86 1
175 91 1
175 92 -1
175 93 1
175 95 1
175 102 -1
175 108 -1
175 122 -1
175 124 -1
175 127 -1
175 129 1
175 130 1
175 132 -1
175 133 1
175 136 -1
175 139 1
175 143 -1
175 148 1
175 157 -1
175 158 -1
175 159 1
175 162 1
175 168 1
175 169 1
175 174 -1
175 183 -1
175 187 1
176 2 1
176 3 1
176 6 1
176 7 -1
176 8 -1
176 10 1
176 14 -1
176 18 1
176 25 1
176 29 1
176 33 -1
176 38 1
176 41 -1
176 44 -1
176 47 -1
176 48 -1
176 55 -1
176 57 -1
176 58 -1
176 62 -1
176 65 -1
176 74 -1
176 80 -1
176 81 1
176 86 -1
176 87 -1
176 89 -1
176 91 -1
176 93 1
176 96 -1
176 98 -1
176 100 1
176 106 -1
176 110 -1
176 112 -1
176 122 -1
176 127 -1
176 142 -1
176 154 1
176 155 1
176 158 1
176 164 1
176 168 -1
176 169 1
176 170 -1
176 173 -1
176 174 1
176 180 1
177 3 -1
177 9 1
177 19 1
177 21 -1
177 22 -1
177 23 1
177 30 1
177 31 -1
177 36 1
177 42 -1
177 44 -1
177 48 -1
177 51 1
177 52 1
177 53 1
177 55 -1
177 60 -1
177 61 -1
177 62 1
177 64 1
177 66 -1
177 76 1
177 79 1
177 83 1
177 85 1
177 91 -1
177 93 -1
177 94 1
177 95 -1
177 96 -1
177 101 -1
177 112 1
177 129 1
177 137 -1
177 138 -1
177 143 -1
177 146 -1
177 147 -1
177 151 -1
177 159 -1
177 162 -1
177 163 1
177 173 1
177 174 -1
177 175 1
177 176 -1
177 180 -1
177 182 -1
177 183 -1
178 8 -1
178 11 -1
178 12 -1
178 14 1
178 26 -1
178 29 1
178 37 -1
178 39 1
178 41 1
178 58 1
178 71 -1
178 76 -1
178 80 -1
178 93 1
178 96 1
178 105 -1
178 109 -1
178 127 -1
178 137 1
178 143 -1
178 146 -1
178 156 1
178 157 1
178 164 -1
178 166 -1
178 171 -1
178 175 1
178 176 1
178 187 1
178 189 1
179 8 1
179 9 -1
179 10 1
179 11 1
179 13 -1
179 18 -1
179 19 1
179 20 -1
179 25 -1
179 26 -1
179 34 1
179 41 -1
179 42 1
179 44 1
179 47 1
179 54 -1
179 55 -1
179 57 -1
179 58 -1
179 61 1
179 65 -1
179 73 -1
179 74 1
179 78 1
179 83 1
179 87 -1
179 90 -1
179 96 1
179 98 -1
179 108 -1
179 109 -1
179 117 1
179 120 1
179 131 -1
179 133 -1
179 139 -1
179 142 -1
179 151 1
179 153 -1
179 156 1
179 161 1
179 162 -1
179 163 -1
179 171 1
179 173 -1
179 181 -1
179 183 1
179 188 -1
179 190 -1
180 2 -1
180 8 1
180 13 -1
180 16 -1
180 21 -1
180 29 1
180 31 1
180 32 1
180 38 1
180 41 -1
180 43 -1
180 48 1
180 50 -1
180 64 1
180 66 1
180 68 1
180 77 1
180 80 -1
180 82 -1
180 85 -1
180 87 -1
180 88 -1
180 116 -1
180 121 -1
180 130 -1
180 131 -1
180 132 1
180 144 1
180 145 -1
180 146 1
180 149 1
180 151 1
180 152 -1
180 159 -1
180 166 -1
180 168 -1
180 172 -1
180 178 1
180 185 -1
181 1 -1
181 10 -1
181 11 1
181 13 -1
181 14 -1
181 15 -1
181 18 -1
181 20 1
181 33 -1
181 37 -1
181 44 -1
181 45 1
181 47 -1
181 51 -1
181 62 1
181 74 1
181 76 1
181 82 -1
181 83 1
181 92 -1
181 93 1
181 99 1
181 101 1
181 103 -1
181 104 1
181 105 1
181 107 -1
181 112 -1
181 119 -1
181 124 1
181 128 -1
181 133 1
181 148 1
181 149 1
181 151 -1
181 155 1
181 157 1
181 164 -1
181 166 -1
181 168 1
181 172 1
181 174 1
181 178 1
181 183 1
181 186 -1
181 188 -1
181 190 1
182 1 1
182 8 1
182 10 -1
182 13 1
182 16 1
182 34 -1
182 39 1
182 40 -1
182 42 1
182 43 1
182 44 -1
182 46 1
182 61 -1
182 67 1
182 74 -1
182 76 -1
182 77 -1
182 82 1
182 91 -1
182 92 1
182 93 1
182 95 1
182 96 -1
182 97 -1
182 102 -1
182 104 1
182 118 1
182 122 1
182 131 1
182 135 -1
182 136 1
182 140 1
182 148 -1
182 153 1
182 160 1
182 161 1
182 164 1
182 165 -1
182 166 -1
182 169 1
182 171 1
182 174 1
182 175 1
182 176 -1
182 179 -1
182 181 -1
182 188 1
183 12 -1
183 17 1
183 18 1
183 20 1
183 21 1
183 23 1
183 28 1
183 34 1
183 37 -1
183 44 -1
183 46 -1
183 51 1
183 52 1
183 56 -1
183 67 -1
183 71 -1
183 76 -1
183 78 -1
183 80 1
183 86 -1
183 90 1
183 96 -1
183 98 -1
183 105 -1
183 106 1
183 109 -1
183 114 1
183 117 1
183 120 1
183 126 -1
183 127 -1
183 130 1
183 132 1
183 133 1
183 136 -1
183 141 1
183 145 -1
183 150 1
183 158 1
183 167 -1
183 169 1
183 170 -1
183 176 1
183 178 1
183 189 1
183 190 1
184 11 1
184 15 1
184 20 -1
184 22 1
184 27 -1
184 31 1
184 52 1
184 54 -1
184 55 -1
184 62 -1
184 63 -1
184 66 1
184 69 -1
184 74 -1
184 75 -1
184 77 1
184 79 -1
184 82 -1
184 83 -1
184 84 1
184 87 1
184 91 1
184 95 -1
184 96 -1
184 98 1
184 99 1
184 101 1
184 102 1
184 107 -1
184 114 1
184 118 1
184 125 -1
184 128 1
184 132 -1
184 133 1
184 145 -1
184 154 1
184 156 1
184 157 1
184 158 -1
184 159 1
184 165 1
184 167 1
184 171 -1
184 177 -1
184 179 1
184 181 1
184 186 -1
184 189 -1
184 190 -1
185 5 1
185 11 -1
185 12 -1
185 17 1
185 21 -1
185 22 -1
185 23 1
185 28 -1
185 33 1
185 34 -1
185 35 1
185 36 1
185 37 -1
185 38 1
185 40 -1
185 42 -1
185 46 -1
185 55 -1
185 64 -1
185 65 -1
185 69 1
185 75 1
185 76 1
185 78 -1
185 79 1
185 82 -1
185 89 -1
185 91 -1
185 94 1
185 97 1
185 102 -1
185 103 -1
185 104 -1
185 106 -1
185 109 1
185 112 1
185 116 -1
185 119 -1
185 125 1
185 130 -1
185 131 1
185 136 -1
185 139 1
185 140 1
185 142 -1
185 145 1
185 147 -1
185 160 1
185 161 -1
185 166 1
185 176 -1
185 177 -1
185 178 -1
185 181 -1
185 182 -1
186 5 -1
186 6 -1
186 9 -1
186 12 -1
186 13 -1
186 14 1
186 16 -1
186 22 -1
186 24 1
186 30 1
186 39 -1
186 45 -1
186 46 -1
186 48 1
186 49 1
186 51 1
186 54 -1
186 56 -1
186 59 -1
186 63 -1
186 65 1
186 70 1
186 71 1
186 73 -1
186 75 -1
186 77 1
186 82 -1
186 91 1
186 93 -1
186 96 1
186 97 1
186 101 -1
186 106 1
186 111 1
186 113 1
186 116 1
186 121 -1
186 122 -1
186 124 -1
186 125 1
186 128 -1
186 131 1
186 135 -1
186 156 -1
186 157 -1
186 160 1
186 164 -1
186 168 -1
186 171 -1
186 173 -1
186 175 -1
186 176 1
186 178 -1
186 187 -1
186 189 -1
186 190 -1
187 3 1
187 9 1
187 11 1
187 14 -1
187 16 1
187 19 -1
187 23 -1
187 24 1
187 37 1
187 43 -1
187 53 -1
187 56 -1
187 65 -1
187 66 -1
187 75 1
187 76 1
187 79 1
187 81 -1
187 86 1
187 88 1
187 95 -1
187 98 1
187 99 -1
187 108 1
187 109 -1
187 110 1
187 111 1
187 115 1
187 119 -1
187 121 -1
187 124 1
187 127 -1
187 129 1
187 137 1
187 139 1
187 140 -1
187 142 -1
187 149 -1
187 152 1
187 154 -1
187 157 -1
187 158 -1
187 160 1
187 167 1
187 180 1
187 188 -1
188 1 -1
188 13 -1
188 26 1
188 29 1
188 37 1
188 38 -1
188 50 1
188 55 -1
188 58 -1
188 60 -1
188 65 -1
188 68 -1
188 71 -1
188 72 1
188 73 1
188 74 1
188 83 1
188 86 1
188 91 -1
188 92 1
188 98 -1
188 104 1
188 105 1
188 123 1
188 127 1
188 128 -1
188 137 -1
188 140 -1
188 143 -1
188 153 -1
188 154 1
188 157 1
188 160 -1
188 162 1
188 178 -1
188 184 -1
188 186 -1
188 189 -1
188 190 1
189 4 1
189 9 -1
189 14 1
189 15 -1
189 16 1
189 17 -1
189 20 -1
189 22 1
189 23 1
189 24 1
189 28 1
189 36 -1
189 41 1
189 43 1
189 48 1
189 52 1
189 57 1
189 59 -1
189 62 -1
189 65 -1
189 67 1
189 68 1
189 71 1
189 81 1
189 87 1
189 88 1
189 96 1
189 101 1
189 105 -1
189 120 1
189 132 1
189 133 -1
189 143 -1
189 145 -1
189 146 1
189 155 -1
189 160 -1
189 163 1
189 164 1
189 177 1
189 179 1
189 180 -1
189 181 -1
189 190 -1
190 3 1
190 7 -1
190 13 1
190 20 1
190 23 -1
190 26 1
190 47 -1
190 53 -1
190 54 -1
190 55 1
190 62 -1
190 68 1
190 71 1
190 77 1
190 78 1
190 85 1
190 89 1
190 93 1
190 94 -1
190 97 1
190 108 -1
190 109 -1
190 111 1
190 126 -1
190 127 -1
190 132 -1
190 139 -1
190 140 1
190 141 -1
190 145 1
190 151 1
190 154 1
190 155 1
190 157 -1
190 158 -1
190 159 1
190 160 1
190 172 1
190 176 -1
190 178 1
190 180 1
