vertices: 70 edges: 1207
1 4 1
1 8 1
1 11 -1
1 13 1
1 16 1
1 20 1
1 22 1
1 24 1
1 25 1
1 28 1
1 32 1
1 33 1
1 34 1
1 35 1
1 39 1
1 41 1
1 46 1
1 47 1
1 48 -1
1 49 1
1 54 1
1 64 1
2 1 -1
2 6 1
2 7 -1
2 8 1
2 9 -1
2 10 1
2 27 1
2 34 1
2 55 1
2 56 1
2 58 1
2 65 1
2 68 -1
2 69 1
3 8 1
3 12 -1
3 15 1
3 16 1
3 19 1
3 26 -1
3 29 1
3 32 1
3 33 1
3 35 -1
3 37 1
3 38 1
3 40 1
3 43 1
3 48 1
3 50 1
3 51 1
3 57 -1
3 61 1
3 62 1
3 63 1
3 67 1
3 68 1
4 9 1
4 12 1
4 13 -1
4 22 1
4 28 1
4 29 -1
4 34 1
4 37 1
4 46 1
4 47 -1
4 53 1
4 54 1
4 55 -1
4 62 1
4 70 1
5 3 1
5 11 1
5 13 1
5 19 -1
5 24 -1
5 25 1
5 26 -1
5 42 1
5 56 1
5 57 1
5 58 1
5 61 1
5 63 1
5 64 1
5 67 1
5 68 1
6 1 1
6 5 1
6 9 1
6 11 1
6 14 1
6 18 1
6 19 1
6 20 1
6 23 1
6 25 1
6 26 -1
6 28 1
6 29 1
6 30 1
6 39 -1
6 41 1
6 46 -1
6 47 1
6 53 -1
6 57 1
6 58 -1
6 65 1
7 3 1
7 4 1
7 14 1
7 16 -1
7 23 1
7 29 -1
7 34 1
7 38 -1
7 46 1
7 55 1
7 57 1
7 62 1
7 65 -1
7 66 1
8 6 1
8 12 -1
8 13 1
8 14 -1
8 17 1
8 18 1
8 25 -1
8 26 1
8 32 -1
8 33 1
8 40 1
8 41 -1
8 45 1
8 46 1
8 47 1
8 50 1
8 53 -1
8 54 1
8 58 -1
8 65 1
8 69 1
9 8 -1
9 17 1
9 18 1
9 19 1
9 20 -1
9 26 1
9 32 1
9 34 1
9 35 1
9 47 -1
9 53 1
9 55 1
9 56 1
9 59 -1
9 70 1
10 3 1
10 6 1
10 9 -1
10 14 1
10 16 1
10 18 -1
10 21 -1
10 24 1
10 25 1
10 26 1
10 30 1
10 31 1
10 32 1
10 35 1
10 36 1
10 39 1
10 42 1
10 43 1
10 45 1
10 47 1
10 49 1
10 53 1
10 60 1
10 66 1
10 67 1
10 68 1
10 70 1
11 7 -1
11 12 1
11 16 1
11 21 1
11 22 1
11 24 1
11 29 -1
11 31 1
11 37 -1
11 40 1
11 63 1
11 68 -1
12 15 1
12 17 -1
12 20 1
12 25 1
12 27 1
12 30 1
12 33 1
12 34 1
12 35 1
12 37 1
12 39 1
12 42 -1
12 46 1
12 53 1
12 61 1
12 63 1
12 65 1
12 66 1
12 68 1
12 69 1
12 70 1
13 2 1
13 9 -1
13 10 1
13 12 1
13 14 1
13 20 1
13 25 1
13 26 1
13 34 -1
13 37 1
13 42 1
13 49 1
13 55 1
13 56 1
13 61 1
13 63 1
13 64 -1
14 15 1
14 28 1
14 33 -1
14 35 1
14 37 -1
14 40 1
14 41 -1
14 44 1
14 55 -1
14 58 -1
14 62 1
14 64 1
15 10 1
15 22 1
15 28 1
15 34 -1
15 38 -1
15 39 -1
15 41 -1
15 46 1
15 47 1
15 48 1
15 56 -1
15 66 -1
15 68 1
15 70 1
16 4 1
16 6 1
16 12 1
16 14 -1
16 15 1
16 26 -1
16 35 1
16 42 -1
16 46 1
16 50 -1
16 52 1
16 55 1
16 64 1
17 4 1
17 5 1
17 10 1
17 11 1
17 13 1
17 15 1
17 21 1
17 29 -1
17 33 -1
17 36 1
17 45 1
17 48 -1
17 58 1
17 59 1
17 63 1
17 67 1
18 2 1
18 3 -1
18 4 1
18 5 -1
18 7 1
18 11 1
18 13 1
18 19 1
18 21 1
18 25 1
18 31 1
18 33 1
18 37 1
18 42 1
18 43 1
18 46 1
18 56 1
18 58 1
18 61 -1
18 65 1
18 67 1
19 1 -1
19 10 -1
19 13 1
19 15 1
19 22 1
19 24 1
19 30 1
19 32 1
19 37 -1
19 38 1
19 42 1
19 44 -1
19 45 1
19 49 1
19 50 1
19 51 1
19 54 1
19 55 1
19 56 1
19 57 1
19 61 -1
19 62 -1
19 63 1
20 2 1
20 11 1
20 14 1
20 30 1
20 33 -1
20 41 -1
20 46 -1
20 51 1
20 58 -1
20 60 1
20 62 1
20 65 1
20 69 1
21 2 1
21 7 1
21 12 1
21 13 1
21 14 1
21 19 1
21 20 1
21 22 -1
21 25 1
21 29 1
21 38 1
21 45 -1
21 46 1
21 50 -1
21 51 1
21 58 1
21 60 1
21 65 1
22 2 1
22 3 -1
22 5 1
22 9 1
22 13 -1
22 17 1
22 23 1
22 24 -1
22 30 1
22 33 1
22 36 1
22 38 1
22 42 -1
22 45 1
22 46 1
22 48 -1
22 50 -1
22 58 1
22 63 1
23 1 -1
23 5 -1
23 15 -1
23 20 1
23 25 1
23 28 1
23 29 -1
23 34 1
23 46 -1
23 48 1
23 53 1
23 59 1
23 61 1
23 63 1
24 2 1
24 9 -1
24 13 -1
24 14 1
24 29 1
24 32 1
24 33 1
24 35 -1
24 38 1
24 43 -1
24 48 1
24 51 1
24 60 1
24 62 1
24 66 1
25 14 1
25 22 -1
25 28 1
25 29 1
25 32 1
25 42 1
25 51 1
25 54 1
25 56 -1
25 60 -1
25 67 1
26 2 1
26 7 -1
26 17 1
26 21 1
26 24 -1
26 29 1
26 34 1
26 39 1
26 43 1
26 44 1
26 58 1
26 62 1
26 63 1
26 64 1
26 68 1
27 1 1
27 4 1
27 7 1
27 14 -1
27 15 -1
27 19 1
27 31 -1
27 34 1
27 36 1
27 37 1
27 39 1
27 40 -1
27 46 1
27 48 1
27 49 1
27 51 1
27 68 -1
28 9 1
28 10 1
28 12 1
28 27 1
28 36 -1
28 40 1
28 42 -1
28 44 1
28 50 1
28 54 1
28 55 1
28 60 1
28 63 -1
28 64 1
28 68 1
28 69 1
29 2 1
29 15 1
29 18 1
29 22 1
29 30 1
29 31 -1
29 33 1
29 37 1
29 38 1
29 46 1
29 56 1
29 57 1
29 61 1
29 63 1
29 64 1
29 69 1
30 2 1
30 3 1
30 4 1
30 9 1
30 18 1
30 24 1
30 28 1
30 31 1
30 35 1
30 36 1
30 39 -1
30 45 1
30 50 -1
30 52 1
30 57 -1
30 58 1
30 59 1
30 65 -1
30 66 -1
31 1 1
31 13 1
31 14 1
31 15 1
31 16 -1
31 17 1
31 28 1
31 35 1
31 37 1
31 41 1
31 43 1
31 45 1
31 52 1
31 61 1
32 12 -1
32 13 1
32 17 1
32 18 1
32 22 1
32 23 1
32 31 1
32 35 1
32 36 1
32 38 -1
32 46 1
32 47 1
32 48 -1
32 59 1
32 61 1
33 5 -1
33 6 1
33 9 1
33 10 1
33 15 -1
33 23 1
33 26 1
33 27 1
33 30 1
33 31 1
33 32 1
33 35 1
33 36 -1
33 41 1
33 44 1
33 45 1
33 56 1
33 58 1
33 59 1
33 62 1
33 66 1
33 68 -1
33 70 -1
34 5 1
34 11 1
34 14 1
34 16 1
34 17 1
34 19 -1
34 25 1
34 28 1
34 30 -1
34 31 1
34 33 -1
34 38 1
34 42 1
34 43 1
34 48 1
34 49 1
34 51 1
34 55 1
34 56 1
34 58 1
34 70 1
35 7 1
35 15 1
35 18 1
35 22 -1
35 23 1
35 26 -1
35 34 1
35 39 1
35 41 1
35 51 1
35 59 1
35 65 1
35 66 -1
35 68 1
35 69 1
36 1 1
36 12 1
36 13 1
36 19 1
36 21 1
36 31 1
36 35 1
36 42 1
36 48 -1
36 49 1
36 50 1
36 52 -1
36 57 1
36 61 1
36 62 1
36 65 -1
36 66 1
36 67 1
37 5 1
37 8 1
37 10 1
37 16 1
37 20 -1
37 21 1
37 22 1
37 25 1
37 32 1
37 34 -1
37 35 1
37 36 1
37 41 -1
37 42 -1
37 45 1
37 46 1
37 54 1
37 56 1
37 65 1
38 5 1
38 9 1
38 10 -1
38 18 1
38 28 1
38 31 1
38 36 1
38 37 1
38 43 1
38 46 1
38 56 1
38 58 1
38 60 1
38 65 1
38 69 1
39 2 -1
39 3 1
39 8 1
39 13 1
39 14 -1
39 22 -1
39 28 1
39 31 -1
39 32 1
39 36 1
39 37 1
39 40 1
39 43 1
39 53 1
39 54 1
39 55 1
39 57 -1
39 58 -1
39 66 -1
39 67 1
40 1 1
40 4 1
40 6 -1
40 15 1
40 20 1
40 22 1
40 25 1
40 29 1
40 31 1
40 32 1
40 33 -1
40 36 -1
40 44 -1
40 49 1
40 54 1
40 59 -1
40 61 1
40 64 1
40 66 1
40 67 1
40 69 1
41 9 1
41 12 1
41 13 1
41 17 1
41 18 1
41 25 1
41 34 -1
41 36 1
41 38 1
41 39 1
41 48 1
41 61 -1
41 63 1
41 66 1
41 70 1
42 3 -1
42 4 1
42 6 1
42 8 1
42 17 -1
42 30 1
42 33 1
42 35 1
42 39 1
42 46 1
42 48 1
42 49 1
42 51 1
42 54 1
42 62 -1
42 64 -1
42 70 -1
43 2 1
43 5 1
43 14 1
43 15 1
43 17 -1
43 19 1
43 22 -1
43 28 -1
43 41 1
43 46 1
43 50 1
43 52 1
43 54 1
43 58 1
43 59 1
43 62 1
43 63 1
43 68 1
44 1 -1
44 3 1
44 4 1
44 8 1
44 11 1
44 13 1
44 15 1
44 16 1
44 25 1
44 27 -1
44 32 1
44 35 1
44 36 1
44 37 1
44 38 1
44 39 1
44 45 1
44 57 -1
44 58 1
44 62 1
44 63 1
44 65 1
44 69 1
45 9 -1
45 20 1
45 23 1
45 28 -1
45 35 1
45 36 -1
45 39 1
45 42 1
45 43 -1
45 48 1
45 49 1
45 55 -1
45 56 1
45 64 1
46 2 1
46 5 1
46 10 1
46 11 -1
46 19 -1
46 34 1
46 35 1
46 36 1
46 39 1
46 41 -1
46 47 1
46 48 1
46 50 1
46 58 1
46 64 1
46 65 1
46 67 1
46 68 1
47 2 1
47 11 -1
47 14 -1
47 19 -1
47 24 -1
47 27 1
47 28 -1
47 36 -1
47 41 1
47 42 1
47 45 -1
47 51 1
47 52 1
47 55 -1
47 70 1
48 2 1
48 4 1
48 5 1
48 8 1
48 9 1
48 11 1
48 16 1
48 18 1
48 19 1
48 26 1
48 28 1
48 35 1
48 43 1
48 47 -1
48 52 1
48 55 1
48 57 1
48 58 -1
48 60 1
48 62 1
48 63 1
48 65 1
48 70 1
49 5 1
49 8 1
49 12 1
49 21 1
49 26 -1
49 31 1
49 32 1
49 37 1
49 48 1
49 50 1
49 51 1
49 56 1
49 64 1
49 66 1
50 1 1
50 6 1
50 10 -1
50 13 -1
50 23 1
50 24 1
50 27 1
50 29 1
50 38 -1
50 41 1
50 45 1
50 56 1
50 59 1
50 64 1
50 69 -1
51 2 1
51 8 1
51 10 -1
51 12 1
51 14 1
51 30 1
51 31 1
51 33 1
51 39 -1
51 40 -1
51 41 -1
51 43 1
51 45 1
51 48 -1
51 58 1
51 60 1
51 68 1
52 1 -1
52 5 1
52 7 1
52 11 1
52 12 1
52 13 1
52 14 1
52 17 -1
52 25 1
52 29 1
52 41 1
52 42 -1
52 50 -1
52 53 -1
52 54 1
52 58 1
52 62 1
52 67 1
52 68 1
52 69 -1
53 5 1
53 15 -1
53 18 -1
53 20 1
53 21 -1
53 24 1
53 25 1
53 26 1
53 32 1
53 33 1
53 35 1
53 37 1
53 42 -1
53 45 -1
53 58 1
53 60 1
53 65 1
53 66 1
53 69 1
54 2 1
54 5 -1
54 7 1
54 11 1
54 12 1
54 16 1
54 17 1
54 20 1
54 34 -1
54 38 1
54 55 1
54 69 1
55 5 1
55 12 1
55 21 1
55 27 1
55 29 1
55 30 -1
55 31 1
55 35 1
55 38 1
55 50 1
55 56 1
55 59 1
55 66 1
55 68 -1
56 1 1
56 4 1
56 6 1
56 11 1
56 12 1
56 20 1
56 24 1
56 27 1
56 28 1
56 32 1
56 35 1
56 36 1
56 41 1
56 42 1
56 43 -1
56 59 -1
56 68 1
57 1 1
57 8 1
57 11 1
57 15 1
57 17 -1
57 22 -1
57 23 -1
57 26 -1
57 27 1
57 33 1
57 34 -1
57 40 1
57 41 1
57 42 1
57 45 1
57 49 1
57 51 1
57 54 1
57 55 1
57 59 1
57 61 1
57 62 1
57 67 1
57 68 1
58 15 1
58 16 1
58 25 1
58 27 1
58 35 1
58 40 1
58 47 1
58 49 1
58 50 1
58 55 1
58 64 -1
58 66 1
58 68 1
59 3 1
59 11 1
59 16 -1
59 18 1
59 21 1
59 22 1
59 28 1
59 47 1
59 51 1
59 58 1
59 61 1
59 66 1
59 69 1
59 70 1
60 1 1
60 5 1
60 11 1
60 14 -1
60 15 1
60 17 1
60 23 1
60 27 -1
60 30 1
60 31 1
60 32 -1
60 33 1
60 34 1
60 41 1
60 46 -1
60 47 1
60 49 1
60 54 1
60 62 1
60 65 1
60 67 1
60 68 1
60 70 1
61 1 -1
61 11 1
61 14 1
61 21 1
61 26 1
61 27 -1
61 28 1
61 33 1
61 37 -1
61 43 1
61 49 -1
61 51 1
61 58 1
61 70 1
62 1 1
62 5 1
62 8 1
62 9 1
62 15 1
62 18 1
62 29 1
62 30 1
62 35 1
62 54 1
62 56 1
62 61 -1
62 64 1
63 1 1
63 10 1
63 16 1
63 18 1
63 20 1
63 25 1
63 32 1
63 33 1
63 35 -1
63 38 1
63 39 1
63 47 1
63 50 1
63 53 1
63 54 1
63 59 1
63 67 1
64 2 1
64 4 1
64 6 1
64 7 1
64 8 1
64 10 -1
64 12 -1
64 15 1
64 20 1
64 21 -1
64 23 1
64 27 1
64 31 1
64 33 1
64 35 1
64 38 1
64 39 1
64 41 1
64 53 1
64 54 1
64 55 1
64 57 1
64 59 1
64 61 1
64 63 1
64 68 1
65 9 1
65 10 1
65 27 1
65 31 1
65 39 -1
65 41 1
65 47 1
65 49 -1
65 51 1
65 52 1
65 58 1
65 59 1
65 70 1
66 4 1
66 5 1
66 6 1
66 8 -1
66 9 1
66 14 1
66 17 1
66 19 1
66 20 -1
66 21 1
66 23 1
66 29 1
66 38 1
66 43 1
66 44 -1
66 45 1
66 62 1
66 63 1
67 6 1
67 7 -1
67 14 1
67 20 1
67 23 1
67 26 -1
67 31 1
67 35 1
67 37 1
67 38 1
67 42 1
67 44 1
67 45 1
67 51 1
67 59 1
67 69 1
68 14 1
68 18 -1
68 20 -1
68 21 1
68 23 1
68 25 -1
68 29 1
68 34 1
68 38 1
68 39 1
68 41 1
68 48 1
68 59 1
68 63 1
68 66 1
68 67 1
69 3 1
69 6 1
69 7 1
69 9 1
69 10 1
69 11 1
69 13 1
69 21 1
69 24 1
69 27 1
69 36 1
69 49 1
69 60 1
70 2 1
70 7 1
70 8 1
70 11 1
70 13 1
70 14 -1
70 18 1
70 19 1
70 20 -1
70 21 1
70 24 1
70 25 1
70 26 1
70 29 -1
70 35 1
70 40 1
70 44 -1
70 49 1
70 55 1
70 57 1
70 58 1
70 63 -1
70 67 1
70 69 1
