vertices: 170 edges: 2873
1 4 1
1 8 1
1 14 -1
1 40 -1
1 43 -1
1 56 -1
1 57 1
1 69 -1
1 70 1
1 80 1
1 93 1
1 102 -1
1 119 1
1 121 1
1 166 1
1 170 -1
2 10 -1
2 11 -1
2 21 -1
2 25 -1
2 33 -1
2 38 1
2 43 1
2 52 -1
2 59 1
2 70 1
2 75 -1
2 77 1
2 86 -1
2 89 -1
2 102 1
2 110 1
2 122 -1
2 123 1
2 135 -1
2 160 -1
2 162 1
2 164 1
3 12 -1
3 18 1
3 34 1
3 37 1
3 44 1
3 48 -1
3 55 -1
3 64 -1
3 66 1
3 72 -1
3 88 1
3 111 -1
3 115 1
3 134 -1
3 136 1
3 142 -1
3 160 -1
4 6 1
4 7 1
4 15 1
4 17 1
4 19 -1
4 21 -1
4 24 1
4 50 -1
4 55 1
4 59 -1
4 60 -1
4 72 -1
4 84 1
4 110 1
4 123 1
4 127 1
4 129 1
4 147 1
4 156 -1
4 158 -1
5 9 -1
5 11 -1
5 17 1
5 18 1
5 36 1
5 45 -1
5 55 -1
5 59 1
5 68 1
5 78 1
5 79 -1
5 80 1
5 94 -1
5 96 1
5 102 -1
5 106 -1
5 134 1
5 149 -1
5 156 -1
6 15 1
6 23 -1
6 34 -1
6 44 -1
6 45 -1
6 51 1
6 128 1
6 150 1
7 1 1
7 5 -1
7 6 -1
7 14 -1
7 25 1
7 40 -1
7 43 1
7 90 1
7 135 1
7 136 -1
7 141 -1
7 148 -1
7 159 -1
8 6 -1
8 16 1
8 70 -1
8 71 -1
8 94 1
8 97 1
8 107 -1
8 108 -1
8 109 -1
8 130 1
8 152 1
8 160 -1
9 2 -1
9 3 -1
9 6 1
9 24 -1
9 29 1
9 32 1
9 36 -1
9 44 -1
9 52 1
9 54 1
9 60 -1
9 70 1
9 75 1
9 81 -1
9 98 1
9 100 1
9 118 1
9 120 -1
9 134 -1
9 140 -1
9 146 -1
9 150 1
10 1 1
10 5 1
10 11 1
10 14 -1
10 35 -1
10 46 -1
10 87 1
10 93 1
10 94 1
10 122 -1
10 127 1
10 128 -1
10 136 1
10 137 1
10 138 -1
10 140 1
11 3 -1
11 9 1
11 22 -1
11 28 1
11 45 -1
11 77 1
11 91 -1
11 94 -1
11 101 1
11 110 1
11 167 -1
12 26 1
12 33 -1
12 35 -1
12 37 1
12 41 -1
12 64 1
12 72 1
12 86 -1
12 100 -1
12 104 1
12 108 -1
12 114 -1
12 141 -1
12 145 -1
12 147 1
12 169 1
12 170 1
13 5 -1
13 20 -1
13 29 1
13 48 -1
13 58 -1
13 94 1
13 103 1
13 109 1
13 111 -1
13 112 1
13 122 1
13 125 1
13 138 -1
13 150 1
13 161 1
13 167 1
13 169 1
14 18 -1
14 23 -1
14 29 -1
14 31 -1
14 36 -1
14 52 1
14 55 -1
14 62 1
14 66 1
14 69 1
14 74 -1
14 78 -1
14 81 1
14 90 1
14 98 -1
14 100 1
14 105 -1
14 108 1
14 129 -1
14 151 1
14 163 1
15 20 1
15 21 -1
15 30 -1
15 39 -1
15 64 -1
15 88 -1
15 93 -1
15 103 -1
15 125 1
15 128 -1
15 135 -1
15 137 -1
15 145 -1
15 149 -1
15 152 -1
15 154 -1
15 158 -1
15 161 -1
16 2 1
16 23 -1
16 31 -1
16 34 -1
16 41 1
16 77 1
16 98 -1
16 100 -1
16 110 -1
16 137 -1
16 139 1
16 159 1
17 29 -1
17 34 -1
17 45 -1
17 54 -1
17 58 1
17 95 1
17 98 -1
17 107 1
17 124 -1
17 127 -1
17 133 -1
17 152 -1
17 161 1
17 164 1
17 166 -1
18 7 1
18 24 1
18 40 1
18 42 1
18 54 1
18 55 -1
18 59 1
18 78 -1
18 90 1
18 110 -1
18 135 1
18 138 -1
18 148 -1
18 152 1
18 164 1
18 165 -1
19 30 1
19 33 -1
19 42 -1
19 63 1
19 90 1
19 96 -1
19 102 -1
19 113 -1
19 114 1
19 124 1
19 145 1
19 146 -1
19 165 -1
19 170 -1
20 10 1
20 22 -1
20 70 1
20 75 1
20 111 1
20 112 1
20 113 -1
20 144 -1
21 9 1
21 17 -1
21 38 -1
21 44 -1
21 48 -1
21 52 -1
21 56 1
21 62 1
21 66 1
21 74 -1
21 80 -1
21 83 -1
21 89 -1
21 97 1
21 103 -1
21 126 1
21 135 -1
21 141 1
21 156 1
22 3 -1
22 13 -1
22 24 1
22 33 -1
22 43 1
22 51 -1
22 54 -1
22 57 1
22 86 1
22 89 1
22 93 1
22 98 -1
22 102 1
22 132 -1
22 139 -1
22 167 1
23 4 -1
23 9 -1
23 29 -1
23 34 1
23 35 1
23 44 -1
23 48 1
23 80 1
23 93 1
23 95 1
23 105 1
23 107 -1
23 120 1
23 127 -1
23 135 -1
23 138 1
23 146 1
23 162 1
23 164 1
24 21 -1
24 25 -1
24 32 1
24 39 1
24 40 -1
24 56 1
24 58 1
24 63 1
24 67 1
24 68 1
24 80 1
24 91 -1
24 110 -1
24 113 1
24 116 1
24 121 1
24 132 -1
24 142 -1
24 143 -1
25 6 -1
25 8 1
25 16 1
25 17 -1
25 28 -1
25 38 1
25 42 1
25 59 -1
25 69 -1
25 79 1
25 91 1
25 92 1
25 99 1
25 103 -1
25 123 1
25 125 -1
25 130 -1
25 134 1
25 135 1
25 145 -1
25 162 -1
25 163 -1
26 3 1
26 10 1
26 21 -1
26 50 1
26 85 -1
26 114 -1
26 121 1
26 122 1
26 129 1
26 157 -1
26 160 -1
27 17 -1
27 19 -1
27 26 1
27 30 1
27 34 1
27 62 -1
27 71 1
27 72 -1
27 76 1
27 119 -1
27 125 -1
27 156 -1
27 160 1
27 164 -1
28 10 -1
28 15 -1
28 16 -1
28 44 -1
28 51 1
28 55 -1
28 67 -1
28 87 -1
28 95 1
28 100 1
28 113 -1
28 119 -1
28 122 1
28 143 -1
28 148 1
28 156 -1
28 158 -1
29 6 1
29 15 -1
29 20 1
29 28 -1
29 36 1
29 56 -1
29 74 -1
29 80 -1
29 92 -1
29 100 -1
29 109 1
29 119 1
29 120 1
29 126 -1
29 133 -1
29 135 1
29 144 -1
29 150 1
29 151 -1
30 1 1
30 3 1
30 7 -1
30 14 -1
30 20 -1
30 31 1
30 50 1
30 70 1
30 76 -1
30 88 1
30 103 1
30 116 -1
30 125 1
30 130 1
30 140 1
30 151 -1
30 157 -1
30 168 -1
31 4 -1
31 10 1
31 24 -1
31 53 -1
31 57 -1
31 59 -1
31 67 -1
31 77 1
31 79 1
31 81 -1
31 95 1
31 99 -1
31 105 -1
31 106 -1
31 113 -1
31 122 1
31 126 -1
31 149 1
31 160 1
31 168 -1
32 10 -1
32 13 -1
32 17 1
32 25 1
32 28 -1
32 38 1
32 44 1
32 59 1
32 70 1
32 75 -1
32 85 1
32 115 -1
32 128 1
32 133 1
32 145 -1
32 147 -1
32 151 1
32 156 1
33 13 -1
33 32 -1
33 36 -1
33 53 -1
33 62 1
33 63 1
33 78 -1
33 118 -1
33 129 -1
33 136 -1
33 142 -1
33 164 1
34 1 -1
34 18 1
34 21 -1
34 28 -1
34 35 -1
34 42 1
34 46 -1
34 55 -1
34 67 -1
34 87 1
34 90 -1
34 92 1
34 97 -1
34 100 -1
34 111 1
34 112 1
34 113 1
34 140 -1
34 156 1
34 164 1
34 168 1
35 15 -1
35 48 -1
35 51 -1
35 56 1
35 58 -1
35 67 1
35 74 -1
35 80 1
35 83 1
35 95 1
35 128 -1
35 136 1
35 148 -1
35 152 -1
35 159 -1
36 2 -1
36 4 -1
36 6 -1
36 13 1
36 20 1
36 26 1
36 60 -1
36 74 1
36 88 1
36 102 1
36 104 1
36 107 1
36 111 1
36 117 1
36 134 -1
36 142 -1
36 149 1
36 150 1
36 158 -1
36 170 -1
37 9 1
37 10 1
37 17 -1
37 25 -1
37 29 1
37 31 -1
37 35 -1
37 40 -1
37 42 -1
37 43 -1
37 77 -1
37 80 -1
37 88 -1
37 108 1
37 117 -1
37 123 1
37 131 1
37 144 1
37 162 -1
38 8 1
38 26 -1
38 44 -1
38 72 1
38 93 -1
38 98 1
38 108 1
38 114 1
38 123 1
38 148 1
39 6 1
39 20 1
39 25 -1
39 28 1
39 33 -1
39 63 1
39 70 -1
39 86 1
39 88 -1
39 94 -1
39 100 -1
39 104 1
39 106 1
39 107 1
39 108 -1
39 111 1
39 113 -1
39 119 1
39 120 -1
39 133 1
39 134 -1
39 139 -1
39 151 -1
39 163 1
39 164 -1
40 23 1
40 45 -1
40 54 -1
40 61 -1
40 64 -1
40 67 1
40 77 -1
40 93 1
40 106 -1
40 126 1
40 147 1
40 164 1
40 169 1
41 5 1
41 18 -1
41 21 1
41 22 1
41 25 -1
41 27 1
41 28 1
41 35 -1
41 45 -1
41 50 1
41 53 1
41 63 -1
41 72 -1
41 78 1
41 82 -1
41 85 -1
41 87 1
41 88 1
41 111 -1
41 154 1
41 155 1
41 162 -1
42 7 1
42 30 1
42 38 1
42 63 1
42 92 -1
42 93 1
42 112 1
43 10 -1
43 15 -1
43 24 -1
43 34 1
43 44 1
43 50 -1
43 54 -1
43 57 -1
43 68 1
43 90 -1
43 94 -1
43 100 1
43 107 1
43 114 1
43 137 1
43 140 -1
43 144 -1
44 2 1
44 15 -1
44 25 1
44 34 1
44 35 -1
44 46 -1
44 47 1
44 48 1
44 59 1
44 63 -1
44 69 -1
44 75 1
44 97 1
44 114 1
44 116 1
44 118 1
44 120 -1
44 121 -1
44 125 1
44 132 1
44 141 -1
44 146 1
44 150 1
45 8 1
45 44 -1
45 49 1
45 55 1
45 59 1
45 63 1
45 74 -1
45 80 1
45 94 -1
45 107 1
45 110 -1
45 117 -1
45 124 -1
45 126 1
45 159 -1
45 163 -1
45 169 -1
45 170 1
46 8 -1
46 16 -1
46 32 1
46 70 -1
46 72 -1
46 73 1
46 75 1
46 76 -1
46 84 -1
46 88 -1
46 94 1
46 98 -1
46 106 1
46 109 1
46 116 -1
46 120 1
46 124 -1
46 136 1
46 144 -1
46 147 1
46 158 -1
47 9 1
47 17 1
47 19 1
47 22 1
47 26 1
47 43 -1
47 45 1
47 67 -1
47 77 1
47 93 -1
47 101 1
47 102 -1
47 104 1
47 108 -1
47 113 -1
47 118 -1
47 122 1
47 132 1
47 136 -1
47 147 -1
47 161 -1
47 169 1
48 5 -1
48 6 1
48 25 -1
48 26 1
48 33 -1
48 37 -1
48 41 1
48 54 -1
48 59 1
48 70 1
48 74 -1
48 75 -1
48 77 -1
48 82 -1
48 83 -1
48 91 1
48 105 1
48 120 1
48 123 1
48 126 1
48 134 -1
48 135 1
48 140 1
48 149 -1
48 150 -1
48 162 -1
49 6 -1
49 16 -1
49 34 1
49 37 1
49 39 1
49 67 -1
49 84 1
49 93 -1
49 102 1
49 134 1
49 137 1
49 153 1
49 161 1
49 164 -1
50 72 -1
50 78 1
50 99 1
50 103 1
50 105 -1
50 127 1
50 143 -1
50 150 1
50 154 1
50 155 1
51 3 1
51 9 -1
51 11 -1
51 15 -1
51 36 1
51 46 1
51 53 -1
51 54 1
51 73 1
51 79 -1
51 125 1
51 128 1
51 141 -1
51 144 -1
51 153 1
51 159 -1
52 17 -1
52 18 -1
52 37 1
52 59 -1
52 77 1
52 78 -1
52 95 1
52 113 1
52 115 1
52 118 1
52 128 -1
52 131 1
52 137 -1
52 142 -1
52 143 1
52 144 -1
52 150 1
52 152 -1
52 166 -1
53 1 -1
53 10 -1
53 12 -1
53 14 -1
53 28 1
53 35 1
53 37 -1
53 64 -1
53 84 -1
53 95 1
53 104 1
53 105 -1
53 110 -1
53 113 -1
53 126 1
53 139 -1
53 149 -1
53 154 1
53 156 -1
54 23 -1
54 37 1
54 46 1
54 65 1
54 74 -1
54 98 -1
54 109 -1
54 113 1
54 132 -1
54 138 1
54 139 -1
54 148 -1
54 161 -1
54 166 -1
55 2 1
55 7 1
55 9 1
55 17 1
55 20 1
55 25 -1
55 26 1
55 30 -1
55 37 -1
55 51 1
55 64 1
55 69 1
55 74 -1
55 97 1
55 117 -1
55 143 1
55 151 -1
55 161 -1
56 6 1
56 11 -1
56 17 -1
56 33 1
56 40 1
56 52 1
56 65 -1
56 70 -1
56 73 -1
56 97 -1
56 108 1
56 118 1
56 131 1
56 149 -1
56 163 1
56 165 -1
57 11 -1
57 15 1
57 38 -1
57 58 1
57 67 1
57 79 1
57 89 1
57 92 -1
57 93 -1
57 111 1
57 115 -1
57 118 -1
57 128 1
57 149 1
57 155 1
57 162 -1
57 167 1
57 169 -1
57 170 -1
58 20 -1
58 25 -1
58 86 -1
58 95 1
58 97 1
58 100 -1
58 104 -1
58 123 -1
58 138 1
58 139 1
58 140 1
58 148 1
58 150 -1
58 164 1
59 43 1
59 46 -1
59 49 -1
59 56 1
59 63 1
59 71 -1
59 72 -1
59 73 1
59 103 -1
59 104 1
59 119 -1
59 128 1
59 146 1
59 152 1
59 156 1
59 164 1
60 1 -1
60 16 -1
60 22 1
60 46 1
60 54 -1
60 59 1
60 62 1
60 77 1
60 87 1
60 88 1
60 95 -1
60 96 -1
60 105 1
60 110 -1
60 114 -1
60 118 -1
60 126 -1
60 133 -1
60 140 -1
60 160 1
60 164 -1
61 2 1
61 6 -1
61 7 -1
61 10 1
61 12 1
61 15 -1
61 31 -1
61 38 1
61 41 -1
61 51 1
61 52 -1
61 53 -1
61 55 1
61 60 1
61 67 -1
61 81 -1
61 125 1
61 134 -1
61 154 -1
61 155 -1
62 3 1
62 4 -1
62 5 1
62 22 -1
62 53 1
62 58 1
62 65 -1
62 81 -1
62 100 -1
62 101 1
62 108 1
62 118 1
62 124 1
62 138 1
62 142 1
62 157 1
62 167 -1
63 1 -1
63 2 -1
63 3 1
63 7 -1
63 22 1
63 25 -1
63 27 -1
63 28 1
63 34 -1
63 36 -1
63 43 -1
63 47 1
63 48 -1
63 81 -1
63 88 -1
63 89 1
63 99 -1
63 103 1
63 116 1
63 122 1
63 149 -1
63 161 -1
63 163 -1
64 17 1
64 21 -1
64 49 -1
64 50 -1
64 86 -1
64 88 -1
64 102 -1
64 117 1
64 121 -1
64 124 -1
64 126 1
64 134 -1
64 137 -1
64 140 1
64 141 1
64 150 1
64 165 -1
65 5 1
65 10 -1
65 13 1
65 17 -1
65 18 -1
65 28 -1
65 48 -1
65 49 1
65 53 1
65 69 1
65 76 1
65 81 -1
65 88 -1
65 89 1
65 94 -1
65 107 -1
65 112 1
65 114 1
65 118 1
65 145 1
65 160 -1
66 12 1
66 15 -1
66 17 1
66 22 -1
66 27 -1
66 32 1
66 54 1
66 64 1
66 72 1
66 78 -1
66 87 1
66 96 1
66 105 1
66 119 -1
66 123 1
66 129 1
66 155 -1
66 158 -1
66 160 1
67 1 -1
67 3 1
67 4 1
67 15 1
67 17 1
67 26 -1
67 27 1
67 53 -1
67 66 1
67 78 -1
67 82 -1
67 83 -1
67 86 1
67 91 -1
67 93 -1
67 105 1
67 106 -1
67 133 1
67 147 1
67 150 1
68 18 -1
68 21 1
68 25 1
68 35 1
68 36 -1
68 38 -1
68 67 1
68 99 -1
68 106 -1
68 108 1
68 110 1
68 124 1
68 159 -1
68 169 -1
68 170 1
69 16 1
69 18 -1
69 23 -1
69 31 -1
69 74 1
69 78 -1
69 87 -1
69 106 -1
69 107 -1
69 116 1
69 132 -1
69 142 -1
69 143 1
69 145 1
69 146 -1
69 150 -1
69 164 1
69 168 1
70 3 1
70 5 1
70 12 1
70 33 1
70 35 1
70 51 1
70 54 -1
70 61 1
70 81 1
70 123 -1
70 145 1
70 150 1
70 153 1
71 1 1
71 9 -1
71 13 -1
71 14 1
71 31 -1
71 32 1
71 43 -1
71 66 -1
71 67 -1
71 86 1
71 92 1
71 101 -1
71 104 -1
71 107 -1
71 115 1
71 116 -1
71 120 -1
71 136 -1
71 137 1
71 150 -1
71 162 1
71 164 1
71 167 -1
72 2 1
72 7 -1
72 25 1
72 37 -1
72 47 -1
72 57 1
72 64 1
72 74 -1
72 88 1
72 106 -1
72 114 1
72 121 -1
72 145 1
72 148 1
72 161 1
72 170 1
73 3 1
73 24 1
73 42 1
73 61 -1
73 77 1
73 78 1
73 83 1
73 108 1
73 109 1
73 114 1
73 117 -1
73 121 1
73 123 1
73 130 1
73 137 1
73 158 1
73 163 -1
74 2 1
74 9 1
74 16 -1
74 25 -1
74 49 -1
74 64 -1
74 73 -1
74 76 1
74 77 1
74 84 1
74 86 1
74 89 1
74 104 1
74 118 1
74 122 -1
74 147 -1
74 165 1
75 4 -1
75 10 1
75 12 -1
75 25 1
75 34 1
75 35 -1
75 45 1
75 59 1
75 65 1
75 81 -1
75 83 -1
75 102 1
75 113 -1
75 121 1
75 123 -1
75 125 1
75 130 -1
75 134 1
75 142 -1
75 148 1
75 164 1
76 2 -1
76 23 -1
76 25 1
76 36 -1
76 41 1
76 49 -1
76 66 -1
76 68 -1
76 72 1
76 84 -1
76 95 1
76 117 -1
76 119 -1
76 122 1
76 125 1
76 131 1
76 132 -1
76 150 1
76 154 -1
77 5 -1
77 8 -1
77 15 1
77 22 1
77 26 1
77 56 -1
77 83 1
77 88 -1
77 100 -1
77 101 -1
77 103 -1
77 106 1
77 109 -1
77 130 -1
77 148 -1
77 150 -1
78 9 -1
78 11 -1
78 28 1
78 32 1
78 47 -1
78 56 -1
78 76 -1
78 84 -1
78 86 1
78 96 1
78 107 -1
78 117 1
78 132 1
78 133 1
79 14 1
79 17 -1
79 27 -1
79 32 -1
79 33 -1
79 37 -1
79 43 -1
79 55 -1
79 66 1
79 72 1
79 75 1
79 81 1
79 88 -1
79 92 1
79 98 1
79 105 -1
79 110 -1
79 118 1
79 138 -1
79 157 -1
79 164 -1
80 25 -1
80 30 1
80 52 1
80 70 -1
80 73 1
80 74 -1
80 77 1
80 101 1
80 113 1
80 117 -1
80 131 -1
80 159 1
80 170 1
81 7 -1
81 13 1
81 25 1
81 37 1
81 38 1
81 40 1
81 42 1
81 50 -1
81 64 1
81 66 -1
81 89 -1
81 106 -1
81 108 -1
81 129 1
82 3 1
82 9 1
82 18 1
82 32 -1
82 44 1
82 59 1
82 61 1
82 71 -1
82 78 1
82 99 -1
82 110 -1
82 122 -1
82 128 1
82 135 -1
82 156 -1
82 163 -1
82 166 1
82 167 -1
83 15 -1
83 16 1
83 23 1
83 40 1
83 41 -1
83 50 1
83 52 1
83 60 1
83 72 1
83 78 -1
83 90 1
83 91 1
83 104 -1
83 131 1
83 141 -1
83 149 -1
83 154 -1
84 15 -1
84 18 1
84 27 1
84 28 1
84 34 -1
84 44 -1
84 64 -1
84 66 1
84 83 1
84 91 1
84 109 1
84 117 -1
84 120 1
84 122 -1
84 131 -1
84 133 -1
84 136 1
85 1 1
85 2 -1
85 14 1
85 21 1
85 37 -1
85 40 -1
85 63 1
85 87 1
85 98 -1
85 103 1
85 105 -1
85 107 1
85 110 1
85 121 1
85 124 1
85 125 1
85 126 -1
85 128 -1
85 146 -1
85 157 1
85 158 -1
85 161 -1
85 165 1
85 167 -1
86 9 1
86 29 -1
86 31 1
86 54 1
86 55 -1
86 60 -1
86 120 1
86 130 1
86 131 1
86 135 -1
86 149 1
86 152 1
86 162 -1
87 21 -1
87 32 -1
87 38 -1
87 49 1
87 56 1
87 70 -1
87 77 1
87 83 -1
87 113 -1
87 136 1
87 139 1
87 150 1
87 155 1
87 168 1
88 19 1
88 24 1
88 27 1
88 38 -1
88 43 -1
88 56 1
88 69 1
88 75 1
88 91 -1
88 122 1
88 125 1
88 137 1
88 161 1
89 25 1
89 27 -1
89 32 -1
89 56 1
89 62 1
89 72 -1
89 75 1
89 79 1
89 88 -1
89 100 -1
89 109 1
89 113 1
89 134 1
89 156 -1
89 169 -1
90 32 1
90 35 1
90 44 1
90 46 1
90 52 -1
90 60 -1
90 61 1
90 64 -1
90 74 1
90 94 1
90 98 -1
90 101 1
90 107 1
90 119 -1
90 145 1
90 147 1
90 155 1
90 157 -1
90 168 1
90 169 -1
91 3 1
91 39 1
91 46 1
91 47 1
91 49 -1
91 70 -1
91 73 1
91 80 -1
91 93 -1
91 98 1
91 99 -1
91 122 1
91 123 1
91 126 -1
91 139 1
91 144 1
91 152 1
91 158 1
91 168 1
92 3 1
92 20 -1
92 27 -1
92 30 1
92 52 1
92 63 1
92 81 -1
92 86 -1
92 100 1
92 109 1
92 125 -1
92 134 -1
92 167 1
93 4 1
93 33 1
93 37 1
93 56 -1
93 58 1
93 112 1
93 122 1
93 125 -1
93 134 1
93 135 -1
93 141 -1
93 147 1
93 150 -1
93 158 1
94 3 1
94 20 -1
94 25 1
94 29 1
94 36 1
94 37 1
94 49 1
94 50 1
94 51 1
94 67 -1
94 69 1
94 80 -1
94 87 -1
94 93 -1
94 109 1
94 116 -1
94 121 -1
94 135 1
94 138 -1
94 167 -1
94 168 1
95 9 -1
95 22 1
95 27 1
95 32 -1
95 36 -1
95 43 1
95 66 1
95 70 1
95 82 1
95 108 1
95 135 1
95 156 -1
95 162 -1
96 6 -1
96 14 1
96 29 -1
96 36 1
96 43 -1
96 69 1
96 73 -1
96 77 1
96 91 1
96 100 -1
96 137 1
96 148 -1
96 154 1
96 155 1
96 158 -1
96 168 1
97 4 1
97 37 -1
97 38 1
97 41 1
97 42 1
97 52 1
97 53 1
97 68 1
97 84 -1
97 94 1
97 95 1
97 96 1
97 103 1
97 109 1
97 126 1
97 143 -1
97 148 1
97 149 1
97 165 -1
98 4 1
98 15 1
98 19 -1
98 34 1
98 40 1
98 50 1
98 52 1
98 72 -1
98 73 -1
98 77 -1
98 82 1
98 89 1
98 97 1
98 103 1
98 109 1
98 113 1
98 126 1
98 148 -1
98 168 1
99 11 -1
99 35 1
99 44 -1
99 54 1
99 69 -1
99 88 1
99 93 1
99 96 -1
99 98 -1
99 100 -1
99 107 1
99 110 -1
99 122 -1
99 123 -1
99 145 -1
99 155 1
100 3 -1
100 13 -1
100 27 1
100 38 1
100 45 1
100 50 1
100 60 -1
100 68 1
100 78 -1
100 82 -1
100 94 1
100 98 -1
100 121 1
100 126 1
100 132 -1
100 138 1
100 148 1
100 149 -1
100 157 1
100 163 -1
100 168 -1
101 15 1
101 20 1
101 99 -1
101 107 1
101 119 1
101 121 1
101 131 -1
101 135 1
101 165 -1
102 7 1
102 17 -1
102 38 1
102 39 -1
102 42 -1
102 62 -1
102 95 1
102 113 -1
102 135 1
102 151 1
102 157 -1
102 159 -1
103 2 1
103 9 1
103 16 -1
103 20 1
103 27 1
103 48 1
103 49 -1
103 52 1
103 66 -1
103 70 1
103 74 -1
103 92 1
103 101 -1
103 120 1
103 134 -1
103 137 -1
103 140 1
104 7 1
104 13 -1
104 14 1
104 16 -1
104 42 -1
104 43 -1
104 46 1
104 70 -1
104 91 -1
104 95 1
104 99 1
104 112 -1
104 129 1
104 133 1
104 134 -1
104 142 -1
104 144 -1
104 166 -1
104 167 -1
105 1 -1
105 10 1
105 21 1
105 25 -1
105 28 1
105 29 1
105 34 1
105 39 -1
105 40 1
105 49 1
105 61 1
105 89 1
105 112 -1
105 129 1
105 144 -1
105 160 1
106 23 1
106 28 -1
106 29 -1
106 73 -1
106 83 1
106 113 -1
106 133 1
106 136 -1
106 141 1
106 142 1
106 149 1
106 164 1
106 166 -1
107 28 -1
107 29 1
107 33 -1
107 60 1
107 66 1
107 84 1
107 88 1
107 94 1
107 129 1
107 134 -1
107 135 -1
107 168 -1
108 4 1
108 5 1
108 11 -1
108 13 1
108 22 1
108 23 1
108 33 -1
108 63 -1
108 90 1
108 101 -1
108 115 1
108 124 -1
108 131 -1
108 140 1
108 162 -1
108 166 1
109 1 1
109 58 -1
109 60 1
109 63 -1
109 64 1
109 65 -1
109 78 1
109 82 -1
109 83 -1
109 108 -1
109 121 1
109 126 1
109 128 1
109 155 -1
109 162 1
109 167 1
110 22 1
110 29 -1
110 31 -1
110 46 1
110 49 -1
110 54 1
110 55 -1
110 56 1
110 58 -1
110 91 -1
110 117 -1
110 125 1
110 138 1
110 150 1
110 163 1
110 164 1
111 5 1
111 16 1
111 22 1
111 30 1
111 71 -1
111 72 1
111 73 1
111 74 -1
111 82 1
111 88 -1
111 99 -1
111 107 -1
111 131 1
111 134 -1
111 137 -1
111 163 1
111 169 1
112 1 -1
112 2 -1
112 18 -1
112 25 1
112 33 -1
112 52 -1
112 75 1
112 95 1
112 96 -1
112 138 -1
112 145 1
112 152 1
112 157 -1
112 159 -1
112 162 -1
113 4 1
113 5 -1
113 17 1
113 21 -1
113 49 -1
113 60 -1
113 61 -1
113 70 -1
113 85 1
113 104 1
113 109 1
113 122 1
113 130 -1
113 131 -1
113 142 -1
114 14 1
114 18 1
114 23 -1
114 27 1
114 66 -1
114 92 1
114 97 -1
114 98 -1
114 107 -1
114 137 1
114 138 -1
114 142 1
114 151 1
114 156 -1
114 159 -1
115 29 1
115 34 1
115 35 1
115 48 -1
115 62 -1
115 123 1
115 137 -1
115 150 1
115 151 -1
115 152 -1
116 12 1
116 33 1
116 50 1
116 56 -1
116 64 1
116 75 1
116 79 1
116 80 1
116 83 -1
116 91 1
116 101 -1
116 123 1
116 142 -1
116 144 -1
116 159 1
116 170 1
117 8 -1
117 48 1
117 50 1
117 53 1
117 68 -1
117 77 -1
117 91 1
117 96 1
117 115 -1
117 127 1
117 137 -1
117 138 -1
117 141 1
117 145 1
117 148 1
117 151 1
117 156 1
118 1 -1
118 7 1
118 24 1
118 35 -1
118 41 -1
118 59 -1
118 70 1
118 71 1
118 88 -1
118 110 1
118 135 1
118 154 1
118 162 1
119 43 1
119 55 -1
119 58 -1
119 60 1
119 68 -1
119 69 -1
119 89 1
119 95 1
119 111 1
119 115 1
119 141 -1
119 146 1
119 148 -1
119 149 1
119 152 -1
119 158 -1
119 165 1
119 169 1
119 170 1
120 2 1
120 3 -1
120 4 -1
120 8 -1
120 12 -1
120 19 1
120 21 -1
120 34 1
120 45 -1
120 61 -1
120 64 1
120 69 1
120 81 -1
120 117 1
120 118 1
120 134 -1
120 136 1
120 143 1
120 152 1
120 157 1
120 170 -1
121 13 1
121 22 -1
121 37 -1
121 54 -1
121 59 -1
121 70 -1
121 74 1
121 97 1
121 102 1
121 107 1
121 110 1
121 114 -1
121 129 -1
121 135 -1
121 138 1
121 145 -1
121 154 -1
121 156 1
121 163 1
122 21 -1
122 48 -1
122 62 -1
122 67 -1
122 77 -1
122 90 1
122 104 1
122 108 1
122 109 1
122 121 1
122 136 1
122 152 -1
123 22 1
123 26 1
123 33 -1
123 42 -1
123 81 1
123 83 1
123 92 -1
123 98 -1
123 100 1
123 113 1
123 114 -1
123 135 1
123 145 -1
123 162 -1
124 13 -1
124 39 -1
124 52 1
124 59 1
124 63 1
124 72 -1
124 78 1
124 86 -1
124 107 -1
124 110 -1
124 116 -1
124 118 1
124 144 1
124 147 -1
124 150 -1
124 151 1
124 152 -1
125 9 1
125 17 -1
125 26 -1
125 35 -1
125 54 -1
125 57 -1
125 62 1
125 63 -1
125 72 -1
125 83 -1
125 94 1
125 102 -1
125 126 -1
125 143 1
125 148 1
125 156 1
125 170 -1
126 12 -1
126 25 -1
126 32 1
126 65 1
126 68 -1
126 79 1
126 106 -1
126 108 -1
126 111 -1
126 112 1
126 113 1
126 123 -1
126 135 1
126 145 -1
126 150 1
126 157 1
126 166 -1
126 167 1
126 169 -1
127 2 1
127 20 1
127 21 -1
127 34 1
127 36 1
127 37 -1
127 44 1
127 45 1
127 49 1
127 61 -1
127 74 -1
127 78 -1
127 81 1
127 99 1
127 137 1
127 141 -1
127 144 1
127 149 1
127 156 -1
127 157 1
128 19 -1
128 29 -1
128 30 1
128 34 -1
128 53 1
128 55 -1
128 60 -1
128 80 -1
128 91 -1
128 118 -1
128 122 -1
128 137 1
128 148 1
128 149 1
128 161 -1
128 170 1
129 2 1
129 10 -1
129 19 1
129 40 -1
129 48 -1
129 65 -1
129 77 1
129 96 -1
129 100 1
129 114 1
129 116 -1
129 119 1
129 135 1
129 140 1
129 149 1
129 155 1
129 167 -1
129 169 -1
130 1 -1
130 3 1
130 11 1
130 31 1
130 36 -1
130 39 1
130 79 -1
130 93 1
130 101 1
130 116 1
130 119 -1
130 141 -1
130 158 -1
131 1 -1
131 6 1
131 7 -1
131 23 -1
131 40 1
131 41 -1
131 48 -1
131 57 -1
131 60 1
131 68 1
131 71 1
131 73 1
131 93 1
131 95 1
131 122 -1
131 124 -1
131 128 1
131 135 1
131 136 1
131 158 1
132 2 -1
132 8 -1
132 25 1
132 31 -1
132 34 1
132 37 -1
132 50 1
132 70 -1
132 77 -1
132 80 -1
132 81 -1
132 82 -1
132 85 1
132 93 -1
132 94 1
132 96 1
132 102 1
132 108 1
132 123 1
132 124 -1
132 130 -1
132 169 -1
133 19 -1
133 43 1
133 52 -1
133 71 -1
133 80 -1
133 87 1
133 94 -1
133 105 -1
133 114 1
133 125 1
133 137 1
133 141 -1
133 160 1
134 15 1
134 51 1
134 63 1
134 69 1
134 70 -1
134 77 -1
134 84 1
134 90 -1
134 100 -1
134 105 -1
134 108 -1
134 113 1
134 114 -1
134 115 1
134 124 -1
134 129 -1
134 131 -1
134 143 1
134 145 1
134 154 1
134 155 1
134 156 -1
134 165 1
135 11 1
135 13 -1
135 19 1
135 27 -1
135 30 -1
135 34 -1
135 35 -1
135 36 1
135 44 1
135 60 -1
135 73 -1
135 79 -1
135 97 1
135 108 -1
135 114 1
135 122 -1
135 136 -1
135 160 -1
135 167 1
136 11 1
136 17 1
136 28 -1
136 38 1
136 63 1
136 73 -1
136 79 1
136 88 1
136 95 -1
136 99 -1
136 102 -1
136 103 -1
136 114 -1
136 116 1
136 129 -1
136 157 1
136 161 -1
136 164 -1
136 165 1
136 170 1
137 3 -1
137 8 -1
137 25 -1
137 34 1
137 35 -1
137 46 -1
137 75 -1
137 80 1
137 97 -1
137 112 -1
137 125 -1
137 154 1
137 164 1
137 166 -1
137 167 1
138 6 1
138 11 1
138 30 1
138 35 1
138 40 1
138 42 -1
138 50 -1
138 57 -1
138 81 1
138 82 -1
138 90 -1
138 108 -1
138 113 1
138 122 -1
138 147 -1
138 152 -1
138 156 1
138 168 1
139 3 -1
139 17 -1
139 18 -1
139 24 -1
139 25 -1
139 41 1
139 51 -1
139 70 1
139 73 -1
139 82 1
139 85 -1
139 89 -1
139 99 -1
139 131 -1
139 144 1
139 145 -1
139 166 -1
140 1 -1
140 2 -1
140 12 1
140 31 1
140 38 -1
140 52 -1
140 69 1
140 71 -1
140 72 1
140 76 -1
140 86 -1
140 114 -1
140 116 -1
140 124 1
140 125 1
140 160 -1
140 169 -1
141 16 -1
141 18 1
141 55 1
141 61 -1
141 62 -1
141 67 1
141 69 1
141 70 -1
141 90 1
141 139 -1
141 162 -1
141 164 -1
142 7 1
142 10 1
142 23 -1
142 37 1
142 39 1
142 47 -1
142 56 -1
142 60 1
142 99 1
142 107 1
142 121 -1
142 149 -1
142 152 -1
143 1 -1
143 4 -1
143 6 1
143 12 -1
143 15 1
143 17 -1
143 29 1
143 30 1
143 40 1
143 53 -1
143 61 1
143 64 1
143 65 1
143 68 -1
143 92 -1
143 107 1
143 112 -1
143 116 -1
143 121 1
143 127 1
143 144 -1
143 160 -1
143 163 -1
143 167 -1
143 168 1
144 1 -1
144 2 1
144 3 1
144 11 -1
144 18 1
144 28 1
144 35 -1
144 44 -1
144 49 1
144 57 1
144 62 -1
144 67 1
144 68 -1
144 73 1
144 78 -1
144 84 1
144 89 -1
144 100 1
144 107 -1
144 115 -1
144 156 1
145 14 -1
145 24 1
145 43 -1
145 47 1
145 50 1
145 53 1
145 60 1
145 79 1
145 81 -1
145 94 -1
145 114 -1
145 120 1
145 125 1
145 137 1
146 4 1
146 5 1
146 7 -1
146 27 1
146 31 1
146 34 1
146 37 -1
146 42 -1
146 43 1
146 61 -1
146 63 -1
146 72 -1
146 80 -1
146 87 -1
146 103 -1
146 104 -1
146 114 1
146 120 -1
146 136 1
146 137 1
146 141 -1
146 142 1
146 147 1
146 153 -1
146 160 1
146 167 -1
147 17 1
147 25 -1
147 27 1
147 28 1
147 33 -1
147 38 1
147 41 1
147 42 1
147 45 -1
147 55 1
147 76 -1
147 80 1
147 82 1
147 86 1
147 87 1
147 116 1
147 117 1
147 123 1
147 127 1
147 128 -1
147 131 -1
147 142 -1
147 144 1
147 160 -1
147 163 1
148 3 1
148 16 -1
148 20 1
148 32 1
148 37 -1
148 44 -1
148 47 1
148 52 -1
148 67 1
148 80 1
148 149 1
148 154 1
148 159 -1
148 161 -1
149 4 1
149 12 1
149 16 1
149 20 -1
149 25 1
149 43 -1
149 67 1
149 71 -1
149 72 -1
149 78 -1
149 82 -1
149 85 1
149 99 1
149 102 1
149 112 -1
149 113 -1
149 122 1
149 132 1
149 136 -1
149 163 -1
150 19 -1
150 26 1
150 28 1
150 32 1
150 54 -1
150 56 1
150 78 1
150 79 1
150 88 -1
150 92 1
150 111 1
150 127 1
150 128 1
150 140 1
150 151 -1
150 158 -1
151 2 -1
151 5 1
151 6 1
151 11 1
151 16 1
151 26 -1
151 27 -1
151 62 1
151 78 1
151 86 -1
151 87 1
151 89 1
151 91 -1
151 110 1
151 121 -1
151 136 1
151 141 1
151 153 -1
151 158 -1
151 163 -1
152 24 1
152 26 1
152 40 -1
152 56 1
152 61 1
152 67 1
152 68 -1
152 76 -1
152 104 1
152 114 1
152 127 -1
152 130 -1
152 133 1
152 135 1
152 140 1
152 155 1
152 159 -1
152 163 1
153 2 1
153 7 1
153 9 -1
153 15 -1
153 16 1
153 21 -1
153 22 1
153 27 -1
153 40 -1
153 41 -1
153 46 1
153 52 -1
153 56 1
153 60 1
153 74 -1
153 75 -1
153 92 -1
153 94 1
153 101 1
153 103 1
153 120 1
153 126 -1
153 143 1
153 160 -1
153 167 1
154 25 1
154 29 1
154 34 -1
154 38 -1
154 39 -1
154 51 1
154 57 -1
154 64 1
154 102 1
154 113 1
154 116 -1
154 124 -1
154 125 -1
154 126 -1
154 147 -1
154 165 1
155 10 -1
155 14 1
155 15 1
155 18 -1
155 23 1
155 36 1
155 38 -1
155 52 -1
155 62 1
155 118 -1
155 132 1
155 135 1
155 146 1
155 149 1
155 151 1
156 12 -1
156 17 1
156 31 -1
156 36 -1
156 40 1
156 75 1
156 78 1
156 83 -1
156 101 -1
156 119 -1
156 141 1
156 166 -1
156 167 1
157 12 -1
157 17 -1
157 37 -1
157 43 1
157 49 1
157 53 1
157 59 -1
157 67 1
157 91 -1
157 93 1
157 154 1
157 159 1
158 7 -1
158 59 1
158 68 -1
158 72 -1
158 109 1
158 142 -1
158 156 -1
159 15 -1
159 17 -1
159 18 1
159 43 1
159 46 -1
159 57 1
159 65 1
159 87 1
159 95 -1
159 103 1
159 107 1
159 164 1
159 170 -1
160 5 -1
160 22 1
160 29 1
160 43 -1
160 53 -1
160 59 -1
160 63 1
160 68 -1
160 85 1
160 97 1
160 100 -1
160 106 1
160 120 1
160 121 -1
160 124 -1
160 129 -1
160 136 1
160 162 1
161 5 -1
161 6 -1
161 12 1
161 14 -1
161 16 -1
161 24 -1
161 79 1
161 81 1
161 99 -1
161 111 -1
161 115 -1
161 135 -1
161 152 1
161 168 -1
162 17 1
162 18 -1
162 42 1
162 46 -1
162 66 -1
162 73 -1
162 104 1
162 116 1
162 120 -1
162 125 1
162 131 -1
162 135 -1
162 151 1
162 157 -1
162 159 1
163 19 -1
163 20 1
163 62 -1
163 72 -1
163 78 1
163 97 1
163 103 -1
163 119 -1
163 146 1
163 160 -1
164 3 -1
164 7 1
164 9 -1
164 43 -1
164 52 1
164 77 -1
164 87 -1
164 88 -1
164 99 1
164 107 1
164 126 1
164 145 1
164 148 -1
164 152 -1
164 167 1
165 16 1
165 17 -1
165 45 -1
165 59 1
165 69 -1
165 100 -1
165 103 -1
165 106 1
165 130 -1
165 142 1
165 145 -1
165 150 1
165 163 -1
165 166 -1
166 27 -1
166 36 -1
166 40 1
166 44 1
166 46 1
166 48 -1
166 51 -1
166 60 1
166 64 1
166 68 1
166 71 1
166 80 1
166 86 1
166 110 1
166 117 -1
166 119 1
166 120 -1
166 125 -1
166 130 1
166 131 -1
166 132 1
166 134 1
166 136 -1
166 140 -1
166 160 -1
166 163 1
167 4 -1
167 23 1
167 26 -1
167 27 1
167 29 -1
167 35 1
167 41 1
167 42 1
167 46 -1
167 50 1
167 55 -1
167 86 -1
167 88 1
167 116 1
167 127 1
167 128 1
167 138 -1
167 145 1
167 147 1
167 148 -1
168 9 -1
168 13 1
168 35 -1
168 61 1
168 68 1
168 73 1
168 85 -1
168 99 1
168 120 1
168 121 -1
168 123 1
168 132 1
168 142 -1
168 151 -1
168 152 -1
168 160 1
168 166 -1
169 33 1
169 34 -1
169 56 1
169 65 1
169 76 -1
169 82 1
169 96 -1
169 99 1
169 100 -1
169 102 1
169 104 -1
169 105 1
169 108 1
169 118 1
169 133 -1
169 155 1
169 158 1
170 7 -1
170 10 -1
170 17 -1
170 18 -1
170 33 -1
170 41 1
170 42 -1
170 44 -1
170 46 -1
170 64 1
170 81 -1
170 104 1
170 115 1
170 135 -1
170 139 -1
170 146 -1
170 153 1
170 161 1
170 165 -1
170 169 -1
