vertices: 190 edges: 3591
1 7 1
1 8 1
1 14 1
1 16 1
1 29 1
1 34 1
1 45 1
1 58 1
1 76 1
1 85 1
1 89 -1
1 108 -1
1 109 1
1 122 -1
1 131 -1
1 156 1
1 160 1
1 177 1
1 183 -1
2 12 1
2 33 -1
2 37 1
2 48 1
2 49 1
2 65 -1
2 72 1
2 79 1
2 99 1
2 128 1
2 135 1
2 138 1
2 151 1
2 161 1
2 186 1
3 6 1
3 9 1
3 15 1
3 30 1
3 32 -1
3 45 -1
3 94 1
3 96 -1
3 98 1
3 117 1
3 126 -1
3 127 1
3 135 1
3 137 1
3 146 1
4 9 1
4 22 1
4 28 1
4 37 -1
4 41 1
4 45 1
4 47 1
4 48 1
4 51 -1
4 56 1
4 61 1
4 69 1
4 70 1
4 96 -1
4 106 -1
4 108 1
4 111 1
4 113 1
4 115 1
4 118 -1
4 119 -1
4 139 -1
4 143 1
4 149 1
4 158 -1
4 161 1
4 190 1
5 19 1
5 29 1
5 36 1
5 40 1
5 41 1
5 52 1
5 59 1
5 65 1
5 66 1
5 71 1
5 94 1
5 97 -1
5 98 1
5 125 1
5 130 1
5 131 1
5 143 1
5 146 1
5 149 -1
5 152 1
5 162 1
5 164 1
5 173 1
5 178 -1
5 179 -1
5 183 -1
5 188 -1
6 20 1
6 23 1
6 25 1
6 27 1
6 29 1
6 36 1
6 40 1
6 46 1
6 47 1
6 49 1
6 54 -1
6 59 1
6 74 1
6 77 1
6 83 1
6 85 1
6 94 -1
6 122 1
6 123 1
6 137 1
6 142 1
6 153 1
6 158 1
6 169 1
6 171 1
6 179 1
7 12 1
7 32 -1
7 47 1
7 48 -1
7 49 1
7 76 1
7 80 1
7 86 1
7 101 -1
7 104 1
7 111 1
7 131 1
7 148 1
7 157 -1
7 174 1
7 177 1
7 185 -1
8 34 1
8 37 1
8 44 1
8 52 1
8 61 1
8 65 1
8 83 -1
8 88 -1
8 96 1
8 106 1
8 108 1
8 120 1
8 123 1
8 125 1
8 132 1
8 133 1
8 136 1
8 137 -1
8 138 1
8 151 -1
8 158 1
8 173 1
8 180 -1
9 5 1
9 14 -1
9 15 1
9 27 1
9 44 1
9 46 1
9 55 1
9 74 1
9 75 1
9 81 1
9 91 1
9 95 1
9 102 -1
9 103 1
9 113 -1
9 114 1
9 115 1
9 117 1
9 124 1
9 128 1
9 137 1
9 139 1
9 142 1
9 144 1
9 146 1
9 147 -1
9 154 1
9 163 1
9 164 1
9 168 -1
9 170 -1
9 176 1
9 177 -1
9 185 1
9 188 1
9 189 -1
10 17 -1
10 34 1
10 39 1
10 41 1
10 47 1
10 56 1
10 58 1
10 75 1
10 79 1
10 88 1
10 99 1
10 122 -1
10 134 -1
10 166 1
10 176 1
10 180 1
10 186 -1
10 187 -1
11 7 1
11 12 1
11 15 1
11 27 1
11 28 1
11 36 1
11 40 -1
11 42 1
11 51 1
11 64 -1
11 70 1
11 71 1
11 86 -1
11 104 -1
11 108 1
11 123 1
11 134 -1
11 144 1
11 149 1
11 155 1
11 156 1
11 163 1
11 179 1
11 186 -1
12 24 -1
12 32 1
12 35 1
12 45 1
12 48 1
12 57 1
12 58 1
12 71 -1
12 72 1
12 98 1
12 150 1
12 163 1
12 175 1
12 189 1
13 5 1
13 6 1
13 8 1
13 9 1
13 42 -1
13 49 1
13 50 1
13 52 1
13 67 1
13 80 1
13 81 1
13 85 1
13 115 -1
13 118 -1
13 122 -1
13 143 -1
13 157 1
13 182 1
13 183 1
13 184 1
13 187 -1
13 188 -1
14 18 1
14 67 1
14 81 -1
14 88 1
14 93 1
14 101 1
14 102 1
14 143 -1
14 152 1
14 153 1
14 169 1
14 170 -1
14 173 1
14 187 1
14 188 1
15 8 1
15 17 1
15 59 1
15 62 1
15 67 1
15 83 1
15 88 -1
15 98 1
15 108 -1
15 130 1
15 133 1
15 145 1
15 147 1
15 153 1
15 167 1
15 168 1
16 6 1
16 21 1
16 30 -1
16 38 1
16 50 1
16 58 1
16 74 1
16 75 1
16 81 1
16 83 -1
16 85 1
16 87 1
16 92 1
16 116 1
16 118 1
16 126 -1
16 128 1
16 140 -1
16 142 -1
16 155 1
16 156 1
16 177 1
16 186 -1
16 187 1
16 189 -1
17 34 1
17 35 1
17 44 1
17 62 1
17 63 -1
17 117 -1
17 120 1
17 141 1
17 149 1
17 154 1
17 155 -1
17 161 1
17 162 1
17 164 1
17 173 -1
17 180 1
17 181 1
18 10 1
18 23 1
18 37 1
18 42 -1
18 43 1
18 57 1
18 78 1
18 87 1
18 93 1
18 98 -1
18 99 1
18 149 -1
18 155 1
18 170 -1
18 173 -1
18 189 1
19 32 -1
19 36 1
19 50 1
19 51 1
19 81 1
19 124 1
19 133 1
19 140 1
19 144 1
19 165 1
19 185 1
19 189 1
20 18 1
20 19 1
20 29 1
20 32 1
20 44 1
20 49 1
20 62 1
20 73 1
20 101 1
20 119 1
20 143 1
20 150 1
20 156 1
20 158 1
20 162 -1
20 168 1
20 189 1
21 9 -1
21 18 1
21 24 -1
21 27 1
21 29 1
21 31 1
21 35 1
21 47 -1
21 55 1
21 68 1
21 85 1
21 119 1
21 125 1
21 129 1
21 138 1
21 155 1
21 156 1
21 167 1
21 169 1
21 172 1
21 176 1
21 183 -1
21 185 1
22 15 1
22 21 1
22 54 1
22 56 1
22 85 -1
22 96 1
22 100 -1
22 101 1
22 115 1
22 116 1
22 126 1
22 131 1
22 157 1
22 169 1
22 175 -1
22 186 1
23 10 1
23 13 1
23 26 1
23 27 1
23 29 -1
23 45 1
23 46 1
23 61 1
23 62 1
23 69 1
23 72 1
23 76 1
23 87 1
23 111 1
23 132 1
23 148 1
23 150 1
23 152 1
23 153 1
23 160 -1
23 161 1
23 163 1
23 180 1
23 190 1
24 55 1
24 58 1
24 60 -1
24 67 1
24 80 1
24 92 1
24 98 1
24 109 1
24 122 1
24 126 1
24 150 -1
24 159 1
24 164 -1
24 188 1
25 2 1
25 5 1
25 9 1
25 11 1
25 30 1
25 32 1
25 39 1
25 52 1
25 72 -1
25 95 -1
25 105 1
25 117 1
25 120 1
25 133 1
25 136 1
25 162 1
25 177 -1
25 186 1
25 187 -1
26 17 1
26 19 1
26 25 1
26 47 1
26 48 1
26 66 1
26 67 1
26 71 1
26 73 1
26 82 1
26 90 1
26 98 1
26 116 1
26 129 1
26 132 1
26 137 1
26 139 -1
26 149 1
26 157 1
26 161 1
26 172 1
26 177 1
27 13 1
27 24 1
27 34 1
27 35 -1
27 47 1
27 57 1
27 70 -1
27 84 1
27 92 1
27 100 1
27 109 -1
27 122 1
27 124 1
27 138 1
27 153 1
27 158 1
27 170 1
27 176 1
27 182 -1
28 2 1
28 5 1
28 6 -1
28 12 1
28 16 1
28 19 1
28 37 1
28 41 -1
28 46 1
28 72 1
28 80 1
28 87 -1
28 112 1
28 113 -1
28 115 1
28 116 1
28 124 -1
28 163 1
28 183 1
28 189 1
29 22 1
29 51 -1
29 64 1
29 67 1
29 74 -1
29 75 1
29 84 1
29 95 1
29 104 1
29 119 -1
29 135 1
29 137 -1
29 145 -1
29 166 1
29 174 -1
29 187 1
30 6 -1
30 51 1
30 58 1
30 82 1
30 95 -1
30 103 1
30 117 1
30 118 -1
30 121 1
30 126 -1
30 128 1
30 130 1
30 135 1
30 137 1
30 151 1
30 154 1
30 158 1
30 166 1
30 167 1
30 179 1
30 180 -1
30 185 -1
31 13 1
31 16 1
31 28 1
31 66 -1
31 89 -1
31 97 1
31 102 1
31 108 1
31 115 -1
31 128 1
31 141 1
31 152 -1
31 165 1
31 185 1
32 2 1
32 4 1
32 8 -1
32 27 1
32 30 1
32 31 1
32 49 1
32 66 1
32 71 1
32 84 1
32 90 1
32 91 1
32 97 1
32 114 1
32 136 1
32 158 1
32 160 1
32 187 1
33 9 1
33 24 1
33 49 1
33 65 -1
33 84 1
33 89 1
33 92 1
33 104 1
33 112 1
33 117 -1
33 125 -1
33 147 1
33 156 1
33 182 1
33 183 1
34 33 1
34 67 1
34 72 -1
34 80 1
34 81 1
34 87 -1
34 97 1
34 101 -1
34 107 1
34 152 1
34 171 1
34 182 1
34 188 1
35 3 -1
35 13 -1
35 34 1
35 57 -1
35 58 1
35 59 1
35 77 -1
35 82 1
35 94 1
35 96 1
35 114 1
35 126 -1
35 159 1
35 162 1
35 166 -1
35 178 1
35 179 1
35 182 1
36 25 -1
36 59 1
36 60 1
36 64 -1
36 71 -1
36 75 1
36 84 -1
36 90 -1
36 98 -1
36 101 1
36 104 1
36 139 -1
36 149 1
36 150 1
36 165 1
37 13 1
37 14 1
37 44 1
37 78 1
37 86 1
37 91 1
37 106 1
37 115 1
37 116 -1
37 127 1
37 129 1
37 135 1
37 140 -1
37 144 -1
37 148 1
37 158 -1
37 174 1
37 178 1
37 180 -1
37 185 1
37 188 1
38 5 1
38 21 -1
38 26 1
38 32 1
38 34 -1
38 65 1
38 69 1
38 73 1
38 74 1
38 88 1
38 97 -1
38 99 1
38 107 1
38 113 1
38 117 1
38 119 1
38 126 1
38 129 1
38 133 1
38 145 1
38 179 -1
38 184 -1
38 190 -1
39 11 1
39 40 1
39 42 -1
39 68 1
39 82 1
39 97 -1
39 111 1
39 114 1
39 132 1
39 133 1
39 139 1
39 142 1
39 164 1
39 168 -1
39 174 1
40 1 -1
40 4 -1
40 7 1
40 10 1
40 16 1
40 17 1
40 18 1
40 44 1
40 67 -1
40 78 -1
40 83 1
40 84 -1
40 113 1
40 119 -1
40 123 1
40 130 1
40 175 1
40 188 1
41 13 -1
41 24 1
41 29 1
41 52 -1
41 72 1
41 79 1
41 102 -1
41 109 1
41 110 1
41 111 -1
41 112 1
41 113 1
41 133 1
41 159 1
41 184 1
41 189 1
42 2 1
42 5 1
42 20 1
42 27 -1
42 37 1
42 46 1
42 58 -1
42 63 -1
42 79 1
42 84 1
42 112 -1
42 120 1
42 124 1
42 126 -1
42 139 1
42 141 -1
42 149 1
42 163 1
42 166 1
42 172 -1
42 176 1
42 183 1
42 190 1
43 62 1
43 64 -1
43 74 1
43 82 1
43 88 1
43 93 1
43 94 1
43 111 1
43 115 1
43 117 1
43 131 1
43 139 1
43 151 1
43 160 1
43 164 -1
43 175 1
43 189 -1
44 26 1
44 36 1
44 53 1
44 66 1
44 67 1
44 74 1
44 79 1
44 83 1
44 88 1
44 93 1
44 103 -1
44 128 -1
44 137 1
44 143 1
44 148 -1
44 149 1
44 152 1
44 162 1
45 6 -1
45 8 1
45 19 1
45 25 1
45 37 1
45 52 1
45 56 1
45 69 -1
45 76 1
45 78 1
45 106 1
45 108 1
45 115 1
45 116 1
45 131 1
45 132 1
45 133 1
45 152 1
45 159 1
45 167 1
45 183 1
46 4 1
46 7 -1
46 13 1
46 18 1
46 54 -1
46 81 1
46 100 1
46 106 1
46 117 1
46 129 1
46 133 1
46 161 -1
46 174 -1
46 176 1
47 17 -1
47 28 1
47 38 1
47 43 1
47 64 1
47 76 1
47 77 1
47 90 1
47 100 -1
47 101 1
47 109 1
47 121 1
47 158 1
47 161 1
47 167 -1
47 172 1
48 15 1
48 22 1
48 24 1
48 31 1
48 43 1
48 47 1
48 50 1
48 51 1
48 52 1
48 55 -1
48 58 1
48 78 1
48 79 1
48 80 -1
48 94 -1
48 119 1
48 127 1
48 134 -1
48 135 1
48 144 1
48 150 1
48 153 1
48 155 -1
48 160 -1
48 168 -1
48 176 1
48 181 1
48 190 1
49 10 1
49 12 -1
49 23 1
49 24 1
49 26 1
49 42 1
49 55 1
49 73 1
49 79 1
49 89 1
49 91 1
49 97 1
49 100 1
49 127 -1
49 128 1
49 141 1
49 153 1
49 170 1
49 183 1
49 187 1
49 188 1
50 11 -1
50 21 1
50 25 1
50 26 1
50 30 1
50 35 1
50 39 1
50 47 1
50 68 1
50 93 1
50 97 1
50 111 1
50 113 -1
50 125 1
50 135 1
50 138 1
50 139 1
50 141 1
50 148 1
50 153 1
50 155 1
50 158 1
50 163 1
50 185 -1
51 13 1
51 25 1
51 26 -1
51 31 -1
51 41 1
51 49 1
51 50 1
51 58 1
51 60 -1
51 69 1
51 81 -1
51 87 1
51 97 1
51 102 1
51 103 1
51 108 1
51 114 1
51 126 1
51 130 1
51 162 1
51 184 1
52 18 1
52 22 1
52 26 1
52 28 1
52 56 1
52 59 1
52 62 -1
52 65 1
52 70 1
52 75 -1
52 79 1
52 86 1
52 98 1
52 105 1
52 122 1
52 143 1
52 146 1
52 159 -1
52 174 1
53 6 1
53 8 1
53 16 1
53 22 1
53 37 1
53 39 1
53 52 1
53 58 1
53 65 1
53 90 1
53 95 1
53 104 1
53 111 1
53 152 1
53 153 -1
53 159 1
53 163 1
53 164 1
53 176 1
54 3 1
54 8 1
54 12 -1
54 23 1
54 28 1
54 43 1
54 57 1
54 70 1
54 74 1
54 86 1
54 122 1
54 139 1
54 150 1
54 151 1
54 165 1
54 170 1
55 8 1
55 11 -1
55 12 1
55 14 1
55 20 1
55 27 1
55 43 1
55 44 1
55 61 1
55 62 1
55 71 1
55 72 -1
55 89 1
55 121 1
55 134 -1
55 160 1
55 170 1
55 173 -1
55 177 1
55 181 1
55 185 1
56 8 1
56 17 1
56 26 1
56 42 1
56 46 1
56 49 1
56 60 1
56 68 -1
56 71 1
56 81 1
56 106 1
56 116 1
56 143 -1
56 148 1
56 149 1
57 4 1
57 11 1
57 45 1
57 53 1
57 55 1
57 71 1
57 80 1
57 81 1
57 83 1
57 97 1
57 98 1
57 99 1
57 111 1
57 112 1
57 122 1
57 125 1
57 132 1
57 147 1
57 161 -1
57 175 1
57 176 1
58 7 1
58 8 1
58 11 -1
58 49 -1
58 52 -1
58 54 -1
58 61 -1
58 68 -1
58 84 1
58 87 1
58 94 1
58 102 1
58 110 1
58 139 1
58 153 1
58 185 1
59 21 1
59 28 1
59 31 -1
59 33 1
59 79 1
59 102 1
59 116 1
59 122 1
59 143 1
59 154 -1
59 158 1
59 160 1
59 179 1
59 183 1
60 3 -1
60 14 1
60 38 1
60 44 1
60 82 -1
60 83 1
60 86 1
60 87 1
60 89 1
60 91 -1
60 93 1
60 94 1
60 99 -1
60 103 -1
60 105 1
60 107 1
60 112 -1
60 118 1
60 141 1
60 142 -1
60 145 1
60 170 1
60 173 1
60 181 1
61 11 1
61 28 -1
61 30 -1
61 36 1
61 40 1
61 44 1
61 52 1
61 62 1
61 85 1
61 87 1
61 90 1
61 96 1
61 98 -1
61 100 1
61 112 1
61 114 -1
61 124 1
61 126 1
61 133 1
61 139 1
61 150 1
61 154 1
61 182 1
62 5 -1
62 18 1
62 19 1
62 26 1
62 33 1
62 57 1
62 88 -1
62 103 1
62 110 1
62 122 1
62 125 -1
62 129 -1
62 140 1
62 150 1
62 152 1
62 160 1
62 182 1
62 183 -1
63 15 1
63 23 -1
63 29 1
63 43 1
63 44 1
63 51 1
63 53 1
63 54 1
63 58 1
63 65 1
63 67 1
63 91 1
63 97 -1
63 125 1
63 130 1
63 153 1
63 162 -1
63 170 1
63 172 1
64 1 1
64 4 -1
64 9 -1
64 18 1
64 38 1
64 41 1
64 50 -1
64 85 1
64 87 1
64 95 1
64 99 1
64 104 1
64 119 1
64 132 1
64 137 1
64 138 1
64 141 1
64 143 1
64 144 1
64 157 1
64 159 1
64 168 1
64 177 1
65 7 1
65 11 1
65 32 1
65 35 1
65 55 -1
65 62 -1
65 78 1
65 112 1
65 118 1
65 119 1
65 137 1
65 139 1
65 145 1
65 169 1
65 175 -1
65 180 1
65 181 1
66 6 1
66 10 1
66 13 1
66 15 -1
66 27 -1
66 34 1
66 53 -1
66 65 1
66 82 -1
66 89 1
66 119 1
66 133 -1
66 135 1
66 163 -1
66 173 1
67 10 1
67 12 1
67 35 -1
67 39 1
67 54 1
67 55 -1
67 60 1
67 68 1
67 79 1
67 91 1
67 96 1
67 98 1
67 104 1
67 109 1
67 110 1
67 115 -1
67 133 1
67 136 -1
67 172 -1
67 173 1
68 6 1
68 7 1
68 12 1
68 14 1
68 15 1
68 24 1
68 29 1
68 35 1
68 38 1
68 49 -1
68 55 1
68 59 1
68 61 1
68 93 1
68 106 1
68 120 1
68 127 1
68 128 1
68 139 1
68 145 1
68 152 1
68 174 1
68 178 1
68 179 -1
69 14 1
69 25 -1
69 29 1
69 35 1
69 48 -1
69 49 -1
69 66 1
69 70 -1
69 92 1
69 110 1
69 115 1
69 126 1
69 131 1
69 133 1
69 136 1
69 151 1
69 156 -1
69 172 1
69 184 1
69 186 1
70 5 1
70 9 1
70 15 1
70 28 1
70 35 1
70 48 1
70 78 1
70 85 1
70 88 1
70 101 -1
70 103 -1
70 104 1
70 110 1
70 116 1
70 126 1
70 135 1
70 138 1
70 144 -1
70 164 1
70 176 -1
71 3 -1
71 34 1
71 39 1
71 41 1
71 53 -1
71 59 1
71 63 1
71 79 1
71 95 1
71 102 -1
71 111 1
71 112 -1
71 113 1
71 125 -1
71 132 1
71 135 1
71 137 1
71 156 1
71 172 1
71 182 -1
72 1 1
72 3 -1
72 4 1
72 15 1
72 26 -1
72 46 1
72 52 -1
72 76 1
72 86 1
72 111 1
72 120 1
72 126 1
72 131 1
72 137 1
72 139 1
72 144 1
72 146 1
72 147 -1
72 149 1
72 158 1
72 173 -1
73 1 1
73 3 1
73 27 1
73 29 1
73 36 1
73 42 1
73 48 1
73 53 -1
73 61 1
73 63 1
73 71 1
73 89 1
73 95 1
73 101 -1
73 130 1
73 132 1
73 145 -1
73 149 -1
73 155 1
73 158 1
73 166 -1
74 5 1
74 11 -1
74 21 -1
74 33 1
74 46 1
74 47 1
74 48 -1
74 56 1
74 99 1
74 108 1
74 146 1
74 151 1
74 166 1
75 6 -1
75 13 1
75 17 1
75 27 1
75 30 1
75 42 1
75 50 1
75 71 1
75 74 1
75 76 -1
75 86 1
75 91 1
75 103 1
75 115 1
75 116 1
75 120 -1
75 125 1
75 136 1
75 137 -1
75 139 1
75 144 1
75 155 1
75 164 -1
75 182 1
76 18 1
76 24 1
76 27 1
76 29 1
76 33 1
76 42 1
76 50 -1
76 54 -1
76 62 -1
76 77 1
76 94 1
76 97 1
76 101 1
76 103 -1
76 104 1
76 111 1
76 120 1
76 131 1
76 146 1
76 150 1
76 163 1
76 175 1
76 190 1
77 9 1
77 22 1
77 23 1
77 26 1
77 28 1
77 31 1
77 56 1
77 62 1
77 66 1
77 74 -1
77 80 1
77 90 1
77 98 1
77 104 -1
77 108 1
77 113 1
77 115 1
77 152 1
77 167 1
77 178 1
77 184 1
77 187 1
78 2 1
78 3 1
78 8 1
78 14 1
78 19 -1
78 22 1
78 32 -1
78 43 -1
78 54 1
78 71 1
78 75 1
78 77 1
78 87 1
78 88 -1
78 91 -1
78 97 1
78 103 -1
78 115 -1
78 127 -1
78 128 1
78 136 1
78 147 1
78 151 1
78 157 -1
78 168 1
78 178 1
79 5 1
79 14 1
79 22 1
79 32 1
79 33 -1
79 56 1
79 81 1
79 90 1
79 93 -1
79 98 1
79 131 1
79 153 1
79 161 1
79 181 1
79 187 1
80 29 1
80 46 -1
80 47 1
80 59 1
80 60 1
80 62 1
80 72 1
80 75 1
80 79 1
80 90 1
80 96 1
80 106 1
80 125 1
80 150 -1
80 154 1
80 155 1
80 156 1
80 157 1
80 159 -1
80 165 -1
80 170 1
80 175 1
80 176 1
80 185 1
80 186 1
81 4 1
81 5 1
81 20 -1
81 24 1
81 30 1
81 35 -1
81 40 1
81 48 -1
81 59 1
81 68 1
81 117 1
81 124 1
81 130 1
81 134 1
81 154 1
81 168 -1
81 172 -1
82 3 1
82 12 1
82 33 1
82 54 1
82 64 1
82 86 1
82 92 1
82 105 1
82 106 1
82 112 1
82 121 1
82 133 1
82 168 1
83 2 -1
83 14 -1
83 33 1
83 42 1
83 49 1
83 69 1
83 77 1
83 100 1
83 101 1
83 115 1
83 116 1
83 124 1
83 137 1
83 142 1
83 143 1
83 150 1
83 170 -1
83 175 -1
84 6 1
84 9 1
84 18 1
84 46 1
84 57 -1
84 104 1
84 132 1
84 139 1
84 145 -1
84 148 1
84 185 1
85 3 1
85 4 1
85 5 1
85 20 -1
85 25 1
85 35 1
85 36 1
85 44 1
85 48 -1
85 54 1
85 66 1
85 68 1
85 87 -1
85 93 1
85 94 1
85 97 1
85 101 1
85 102 1
85 106 1
85 113 1
85 124 1
85 131 1
85 166 1
85 175 1
85 181 1
85 183 1
86 9 -1
86 36 1
86 39 1
86 41 1
86 45 -1
86 53 -1
86 94 1
86 105 -1
86 118 -1
86 136 1
86 138 -1
86 146 1
86 149 1
86 154 -1
86 162 -1
86 169 1
87 2 1
87 14 -1
87 17 1
87 22 -1
87 40 1
87 42 1
87 44 1
87 45 1
87 48 1
87 53 1
87 56 1
87 72 1
87 76 -1
87 115 1
87 121 1
87 131 1
87 133 1
87 136 1
87 147 1
88 1 1
88 2 1
88 7 -1
88 13 1
88 32 1
88 33 1
88 36 1
88 42 1
88 45 1
88 48 -1
88 60 1
88 67 1
88 74 1
88 81 1
88 82 1
88 87 1
88 93 1
88 113 1
88 127 1
88 146 1
88 148 1
88 151 1
88 163 -1
88 165 1
88 166 -1
88 172 1
88 175 1
88 181 -1
88 185 1
89 16 1
89 38 1
89 40 1
89 42 1
89 43 1
89 52 1
89 65 1
89 71 -1
89 85 -1
89 86 1
89 94 1
89 102 1
89 120 1
89 124 1
89 128 1
89 134 1
89 142 1
89 165 1
89 166 1
90 9 -1
90 14 1
90 34 1
90 67 -1
90 85 1
90 86 1
90 88 1
90 121 1
90 127 1
90 130 1
90 132 1
90 146 1
90 149 1
90 157 1
90 170 1
90 172 1
90 180 1
90 190 1
91 3 1
91 31 1
91 33 1
91 39 1
91 50 -1
91 52 1
91 70 1
91 88 1
91 92 1
91 96 1
91 100 1
91 131 1
91 134 1
91 143 1
91 148 -1
91 156 1
91 176 -1
91 177 1
91 189 1
92 9 1
92 22 1
92 28 1
92 31 -1
92 36 -1
92 43 1
92 71 1
92 80 1
92 89 1
92 119 -1
92 120 1
92 125 -1
92 130 1
92 143 -1
92 152 1
92 167 1
92 174 1
93 16 1
93 20 -1
93 30 1
93 41 1
93 52 1
93 72 1
93 102 1
93 106 1
93 115 1
93 137 1
93 138 1
93 145 1
93 157 -1
93 160 -1
93 163 1
93 165 1
93 166 1
93 172 -1
93 180 1
93 186 1
93 189 1
94 8 1
94 19 1
94 31 1
94 45 1
94 49 -1
94 50 -1
94 64 1
94 66 1
94 67 1
94 125 -1
94 147 -1
94 167 1
94 172 1
95 1 1
95 7 -1
95 18 1
95 19 1
95 21 1
95 43 1
95 52 1
95 54 1
95 59 1
95 70 -1
95 75 -1
95 87 1
95 102 1
95 105 1
95 127 1
95 152 1
95 167 1
95 171 1
95 181 -1
96 6 1
96 15 1
96 18 1
96 41 1
96 45 1
96 53 1
96 92 1
96 93 1
96 99 1
96 114 1
96 115 1
96 154 1
96 161 1
96 176 -1
96 181 -1
96 190 -1
97 28 1
97 60 1
97 61 1
97 65 1
97 72 1
97 73 1
97 112 1
97 118 1
97 121 1
97 139 1
97 157 1
97 170 1
97 172 -1
97 179 -1
97 190 1
98 6 1
98 9 -1
98 14 -1
98 29 1
98 50 -1
98 78 1
98 90 1
98 106 1
98 145 1
98 146 -1
98 152 -1
98 159 1
98 168 1
98 172 1
98 174 1
98 179 1
99 5 1
99 11 1
99 25 1
99 30 1
99 39 1
99 56 -1
99 67 1
99 82 -1
99 84 1
99 88 -1
99 89 1
99 91 1
99 94 -1
99 120 -1
99 123 1
99 124 -1
99 126 1
99 131 1
99 138 1
99 141 1
99 144 1
99 161 -1
99 170 1
99 172 1
100 3 1
100 5 1
100 8 -1
100 14 -1
100 19 -1
100 35 1
100 41 -1
100 48 -1
100 60 1
100 93 1
100 104 1
100 105 1
100 119 1
100 124 1
100 127 1
100 138 1
100 159 1
100 162 1
100 167 1
100 186 1
100 189 1
101 8 1
101 37 -1
101 62 1
101 86 1
101 93 1
101 97 1
101 106 1
101 108 1
101 134 1
101 143 1
101 159 1
101 169 -1
101 178 -1
101 181 -1
101 185 -1
102 2 1
102 5 1
102 17 -1
102 21 -1
102 24 1
102 79 1
102 92 1
102 94 -1
102 110 1
102 111 1
102 112 1
102 113 1
102 120 1
102 122 1
102 128 -1
102 131 1
102 138 1
102 152 1
102 153 1
102 171 -1
102 183 1
103 2 1
103 19 1
103 27 1
103 34 1
103 46 1
103 56 1
103 64 1
103 71 1
103 82 1
103 99 1
103 104 -1
103 106 1
103 107 1
103 108 1
103 115 1
103 116 1
103 124 1
103 144 1
103 151 -1
103 156 -1
103 167 1
103 178 1
103 180 1
104 5 1
104 21 1
104 27 1
104 32 1
104 49 1
104 54 1
104 56 1
104 66 1
104 79 -1
104 85 1
104 93 1
104 97 1
104 119 -1
104 123 1
104 127 1
104 130 1
104 140 -1
104 143 1
104 145 1
104 167 1
104 168 1
104 175 1
104 179 -1
105 7 1
105 14 1
105 27 1
105 33 1
105 61 1
105 63 -1
105 92 1
105 99 1
105 164 1
105 178 1
105 188 1
106 26 -1
106 40 1
106 51 1
106 53 1
106 92 1
106 96 1
106 97 -1
106 100 1
106 113 1
106 135 1
106 169 1
106 171 -1
106 173 -1
106 177 1
106 188 1
107 10 1
107 18 -1
107 21 1
107 33 1
107 37 -1
107 53 1
107 96 1
107 152 1
107 164 1
107 167 1
107 169 1
107 181 -1
107 186 -1
107 190 1
108 7 1
108 17 1
108 30 1
108 38 1
108 43 1
108 49 -1
108 50 1
108 85 1
108 87 -1
108 104 -1
108 107 1
108 111 -1
108 116 1
108 122 1
108 127 1
108 136 1
108 145 1
108 147 -1
108 155 1
108 160 1
108 168 -1
108 169 -1
108 184 1
109 19 1
109 33 1
109 34 1
109 55 -1
109 81 1
109 84 1
109 97 1
109 105 -1
109 124 1
109 140 -1
109 145 1
109 154 1
109 155 1
109 157 1
109 164 -1
109 168 1
109 172 -1
109 180 -1
109 187 1
110 1 1
110 5 -1
110 9 1
110 13 1
110 16 1
110 18 1
110 22 1
110 36 1
110 46 1
110 59 1
110 66 1
110 68 1
110 72 -1
110 84 1
110 90 1
110 116 1
110 127 -1
110 144 1
110 159 1
110 160 1
110 172 -1
110 185 1
111 40 -1
111 48 1
111 64 1
111 65 1
111 94 1
111 95 1
111 106 1
111 107 1
111 109 1
111 110 -1
111 124 1
111 130 1
111 147 1
111 158 1
111 170 1
111 180 1
111 187 -1
112 2 1
112 3 1
112 5 1
112 13 1
112 35 1
112 38 1
112 39 1
112 54 1
112 56 1
112 81 1
112 101 1
112 109 1
112 110 1
112 116 1
112 117 1
112 120 1
112 122 1
112 125 -1
112 138 -1
112 141 -1
112 142 1
112 144 1
112 150 1
112 163 1
113 16 1
113 18 -1
113 22 1
113 45 1
113 59 1
113 64 1
113 74 1
113 84 1
113 94 -1
113 101 1
113 115 1
113 138 1
113 140 1
113 149 1
113 158 1
113 162 1
113 164 1
114 4 1
114 15 1
114 23 1
114 31 1
114 42 1
114 47 1
114 60 1
114 84 1
114 97 1
114 105 1
114 109 1
114 124 1
114 137 1
114 145 1
114 146 1
114 150 1
114 154 -1
114 160 1
114 161 1
114 172 1
114 177 1
114 179 1
114 189 1
115 7 1
115 19 -1
115 25 1
115 32 1
115 39 1
115 44 1
115 49 1
115 54 1
115 61 1
115 63 1
115 74 1
115 82 1
115 89 1
115 107 1
115 112 1
115 121 1
115 124 1
115 125 1
115 137 1
115 145 1
115 150 1
115 170 1
115 179 1
115 187 1
115 189 -1
116 19 1
116 31 1
116 38 -1
116 46 1
116 47 -1
116 48 1
116 78 1
116 104 1
116 124 1
116 126 1
116 146 1
116 158 1
116 169 1
116 170 -1
116 172 1
116 177 -1
117 4 1
117 18 1
117 47 1
117 50 -1
117 56 -1
117 57 -1
117 71 1
117 89 1
117 91 1
117 93 1
117 107 1
117 110 -1
117 114 1
117 116 1
117 143 1
117 147 1
117 163 -1
118 6 -1
118 31 1
118 52 -1
118 71 1
118 74 1
118 77 1
118 82 -1
118 90 -1
118 123 1
118 125 1
118 130 1
118 135 1
118 140 1
118 143 1
118 145 -1
118 146 1
118 148 1
118 149 1
118 155 -1
118 179 1
118 184 1
119 1 1
119 2 1
119 8 1
119 23 1
119 26 1
119 46 1
119 51 1
119 58 1
119 76 1
119 78 1
119 80 1
119 86 1
119 91 1
119 109 1
119 121 1
119 149 -1
119 159 1
119 161 1
119 169 1
119 176 -1
120 18 1
120 41 1
120 47 1
120 77 1
120 81 1
120 100 1
120 105 1
120 129 1
120 130 1
120 138 1
120 140 1
120 147 1
120 157 1
120 171 1
120 176 -1
120 183 1
121 2 -1
121 10 1
121 24 -1
121 26 1
121 31 1
121 40 1
121 46 1
121 48 1
121 53 1
121 71 1
121 73 1
121 76 1
121 88 -1
121 91 1
121 106 1
121 107 1
121 111 -1
121 112 1
121 113 -1
121 123 1
121 140 1
121 152 1
121 159 1
121 184 1
121 187 1
122 92 1
122 123 1
122 138 1
122 148 1
122 151 -1
122 153 1
122 159 1
122 182 1
123 16 1
123 39 1
123 49 1
123 50 1
123 62 1
123 71 -1
123 73 1
123 88 1
123 91 1
123 95 -1
123 97 1
123 106 1
123 109 -1
123 128 1
123 133 1
123 141 1
123 157 -1
123 159 1
123 182 1
123 184 1
124 11 1
124 29 1
124 68 1
124 70 1
124 72 1
124 95 -1
124 98 1
124 101 1
124 112 1
124 123 -1
124 143 1
124 168 1
125 6 1
125 13 1
125 17 -1
125 28 1
125 41 1
125 45 1
125 46 1
125 52 -1
125 61 1
125 64 1
125 65 -1
125 72 1
125 95 -1
125 119 1
125 120 1
125 123 -1
125 149 1
125 150 1
125 164 1
126 4 1
126 11 -1
126 37 1
126 48 1
126 55 1
126 80 -1
126 86 1
126 98 1
126 100 -1
126 106 1
126 123 1
126 154 1
126 159 1
126 167 1
126 169 1
126 171 1
126 172 1
126 175 1
126 176 1
126 185 1
126 190 1
127 2 -1
127 16 1
127 17 -1
127 22 1
127 24 1
127 26 1
127 36 1
127 43 1
127 61 1
127 73 1
127 77 1
127 80 1
127 82 1
127 106 1
127 119 1
127 122 -1
127 124 -1
127 147 1
127 153 1
127 156 1
127 169 -1
127 185 1
127 190 -1
128 4 1
128 14 1
128 35 1
128 36 1
128 37 1
128 42 1
128 58 1
128 63 1
128 65 1
128 79 1
128 83 -1
128 109 -1
128 120 1
128 141 1
128 145 1
128 148 -1
128 151 -1
128 154 1
128 163 1
128 182 1
129 9 1
129 31 1
129 33 1
129 50 1
129 68 1
129 72 -1
129 81 1
129 88 1
129 92 1
129 93 1
129 101 1
129 119 1
129 123 -1
129 136 1
129 140 -1
129 147 1
129 148 1
129 156 -1
129 158 1
129 165 1
129 186 1
129 188 -1
130 13 1
130 17 1
130 19 1
130 28 1
130 38 1
130 47 1
130 49 1
130 65 1
130 71 1
130 84 1
130 100 -1
130 103 1
130 105 1
130 107 1
130 110 1
130 114 -1
130 119 1
130 122 1
130 139 -1
130 143 1
130 152 1
130 157 1
130 164 1
130 188 1
130 189 1
131 6 1
131 12 1
131 19 -1
131 25 1
131 36 1
131 37 1
131 38 1
131 39 1
131 46 -1
131 63 1
131 65 1
131 67 -1
131 81 1
131 93 1
131 107 1
131 108 1
131 117 1
131 119 1
131 121 1
131 123 1
131 125 1
131 126 1
131 137 1
131 139 1
131 144 1
131 154 1
131 155 1
131 157 1
131 177 1
131 180 1
131 189 1
132 18 1
132 22 1
132 27 1
132 30 1
132 31 -1
132 41 -1
132 42 1
132 52 1
132 69 -1
132 74 1
132 94 1
132 95 1
132 131 1
132 140 -1
132 158 -1
132 162 1
132 189 1
133 1 1
133 14 -1
133 35 1
133 40 1
133 48 1
133 52 1
133 70 1
133 79 1
133 85 1
133 91 1
133 95 1
133 117 1
133 118 1
133 119 1
133 121 1
133 129 1
133 147 1
133 151 1
133 159 1
133 176 1
134 12 1
134 45 1
134 59 1
134 71 1
134 82 1
134 86 1
134 100 -1
134 104 1
134 108 1
134 119 1
134 129 -1
134 138 1
134 143 1
134 145 1
134 147 -1
134 149 1
134 157 1
134 159 1
134 166 1
134 170 1
134 179 1
134 180 1
135 11 1
135 19 -1
135 21 1
135 54 1
135 74 1
135 94 1
135 104 1
135 115 -1
135 122 1
135 139 1
135 143 1
135 170 1
135 182 1
135 184 1
135 188 1
135 189 1
136 14 1
136 33 1
136 38 1
136 58 1
136 59 1
136 68 1
136 72 1
136 77 1
136 93 1
136 96 1
136 102 1
136 109 -1
136 110 1
136 111 1
136 125 1
136 140 1
136 156 -1
136 166 -1
137 19 1
137 33 1
137 38 -1
137 48 -1
137 63 1
137 90 1
137 97 1
137 99 1
137 112 1
137 120 1
137 125 1
137 126 -1
137 156 1
137 161 1
137 162 -1
137 173 1
137 181 -1
138 7 -1
138 9 1
138 28 -1
138 89 1
138 96 1
138 101 1
138 104 1
138 125 1
138 159 1
138 173 1
139 8 1
139 24 -1
139 48 1
139 60 1
139 82 1
139 91 1
139 100 1
139 110 1
139 140 1
139 150 1
139 154 1
139 156 1
139 176 1
139 183 1
140 11 1
140 22 -1
140 27 1
140 29 1
140 58 1
140 69 1
140 70 1
140 75 1
140 85 1
140 97 1
140 117 1
140 127 1
140 128 -1
140 145 -1
140 164 1
141 3 1
141 4 1
141 22 1
141 24 -1
141 32 1
141 52 1
141 58 1
141 67 1
141 75 1
141 76 -1
141 86 1
141 130 1
141 131 1
141 164 1
141 181 1
142 3 -1
142 10 1
142 17 1
142 21 1
142 42 1
142 64 1
142 75 1
142 95 -1
142 116 1
142 132 1
142 137 1
142 146 1
142 183 1
143 29 1
143 30 1
143 35 1
143 62 1
143 71 1
143 88 -1
143 90 1
143 100 1
143 102 -1
143 111 1
143 123 1
143 131 1
143 133 1
143 139 1
143 163 1
143 166 -1
143 174 1
143 178 1
143 190 1
144 3 1
144 8 1
144 18 -1
144 22 1
144 38 1
144 40 1
144 54 -1
144 84 1
144 98 -1
144 105 1
144 120 -1
144 123 1
144 126 1
144 149 1
144 169 1
144 177 -1
144 182 1
145 27 1
145 31 1
145 50 -1
145 55 1
145 72 -1
145 79 -1
145 97 1
145 107 1
145 123 1
145 124 1
145 125 1
145 132 -1
145 136 1
145 139 -1
145 147 1
145 152 1
145 155 1
145 158 1
145 167 1
145 178 1
145 186 1
145 189 -1
146 6 1
146 35 1
146 39 1
146 48 1
146 56 1
146 58 1
146 82 1
146 84 1
146 107 1
146 115 1
146 135 1
146 139 1
146 159 1
146 160 1
146 165 -1
146 170 1
146 175 1
147 12 -1
147 27 -1
147 40 1
147 50 1
147 60 1
147 63 1
147 76 1
147 80 1
147 86 -1
147 148 1
147 157 1
147 158 1
147 162 1
147 170 1
147 179 1
147 182 -1
147 187 1
148 8 1
148 10 -1
148 19 1
148 24 1
148 35 1
148 42 -1
148 46 -1
148 55 1
148 66 1
148 83 -1
148 98 1
148 99 1
148 113 1
148 114 1
148 123 1
148 149 -1
148 154 1
148 156 1
148 160 1
148 162 -1
148 165 1
148 171 1
148 177 1
148 179 1
148 185 1
149 12 -1
149 21 1
149 29 -1
149 46 1
149 114 1
149 117 1
149 122 -1
149 123 -1
149 126 1
149 129 -1
149 132 1
149 136 1
149 146 1
149 157 1
149 159 1
149 164 1
149 174 1
149 188 1
150 11 1
150 13 1
150 17 1
150 28 1
150 39 1
150 53 1
150 68 1
150 82 1
150 85 1
150 88 1
150 96 -1
150 107 1
150 109 1
150 111 1
150 124 1
150 153 1
150 156 -1
150 160 -1
150 164 1
150 182 -1
151 19 1
151 29 1
151 34 1
151 47 1
151 49 1
151 57 1
151 61 1
151 63 1
151 66 1
151 67 1
151 76 1
151 81 1
151 91 1
151 95 1
151 96 -1
151 101 1
151 125 -1
151 126 1
151 131 1
151 136 1
151 158 1
151 190 1
152 2 1
152 9 1
152 12 1
152 16 1
152 28 1
152 47 1
152 50 1
152 54 1
152 65 1
152 84 1
152 94 1
152 103 1
152 104 1
152 108 1
152 120 1
152 122 1
152 124 -1
152 136 -1
152 137 1
152 144 1
152 163 1
152 172 -1
152 178 1
153 5 -1
153 7 -1
153 9 -1
153 16 1
153 20 -1
153 22 -1
153 33 1
153 41 -1
153 42 1
153 46 1
153 47 1
153 61 1
153 117 1
153 119 1
153 129 1
153 164 1
153 166 1
153 182 1
153 185 1
153 189 1
154 16 1
154 46 -1
154 62 1
154 72 -1
154 73 1
154 95 1
154 104 1
154 105 -1
154 127 1
154 143 1
154 153 1
154 169 -1
154 174 1
155 35 1
155 36 1
155 63 1
155 88 1
155 90 1
155 124 1
155 132 1
155 133 1
155 154 1
155 166 1
155 168 1
155 173 1
155 178 1
155 189 1
155 190 1
156 6 1
156 9 1
156 27 1
156 48 1
156 81 1
156 101 1
156 111 1
156 112 1
156 113 1
156 114 1
156 124 1
156 130 -1
156 134 -1
156 157 1
156 162 1
156 172 -1
156 185 1
156 186 1
157 16 1
157 20 -1
157 31 -1
157 51 -1
157 55 1
157 76 -1
157 82 1
157 83 1
157 96 1
157 104 1
157 111 -1
157 127 1
157 140 1
157 148 1
157 166 1
157 172 1
157 176 -1
157 188 1
157 190 -1
158 9 1
158 23 -1
158 35 -1
158 52 1
158 53 1
158 79 -1
158 83 1
158 84 1
158 93 1
158 126 1
158 155 1
158 164 1
158 166 1
158 168 1
158 183 1
159 7 1
159 12 1
159 27 -1
159 47 1
159 61 1
159 69 1
159 81 -1
159 82 1
159 93 1
159 96 1
159 105 1
159 106 -1
159 108 1
159 109 -1
159 114 -1
159 116 1
159 140 1
159 141 1
159 163 1
159 180 1
160 6 1
160 11 1
160 15 -1
160 21 1
160 30 1
160 41 1
160 44 1
160 45 1
160 49 1
160 51 -1
160 69 -1
160 83 1
160 90 1
160 98 1
160 107 1
160 133 1
160 134 1
160 140 1
160 145 -1
160 152 1
160 156 -1
160 179 1
161 16 1
161 20 1
161 45 1
161 65 1
161 69 1
161 70 1
161 71 -1
161 93 1
161 100 -1
161 103 1
161 104 -1
161 107 1
161 117 1
161 118 1
161 125 -1
161 126 -1
161 134 -1
161 135 -1
161 149 1
161 154 1
161 162 1
161 163 1
161 185 1
162 50 -1
162 76 1
162 92 1
162 93 1
162 97 1
162 101 1
162 106 1
162 109 -1
162 116 1
162 160 -1
162 163 -1
162 167 1
162 169 1
162 176 -1
162 183 1
162 186 1
163 2 1
163 10 1
163 17 1
163 33 1
163 34 1
163 36 -1
163 49 -1
163 60 1
163 78 1
163 82 1
163 83 -1
163 87 1
163 91 1
163 97 1
163 100 -1
163 101 1
163 121 1
163 123 1
163 130 1
163 138 1
163 141 1
163 147 1
163 158 1
164 2 1
164 19 -1
164 25 1
164 38 1
164 42 1
164 50 1
164 65 1
164 66 1
164 69 1
164 82 -1
164 139 1
164 145 1
164 147 1
164 159 1
164 160 1
164 166 1
164 189 -1
165 3 1
165 17 1
165 43 1
165 50 1
165 58 1
165 63 1
165 71 1
165 73 1
165 81 1
165 84 1
165 103 1
165 106 1
165 120 1
165 133 1
165 134 1
165 139 1
165 147 1
165 178 1
166 19 -1
166 25 1
166 28 -1
166 33 -1
166 37 1
166 45 1
166 54 1
166 63 -1
166 70 1
166 71 -1
166 79 1
166 91 1
166 94 -1
166 96 1
166 102 -1
166 103 1
166 111 -1
166 148 1
166 165 -1
166 182 1
166 187 1
167 11 1
167 27 1
167 56 1
167 57 1
167 65 1
167 76 1
167 89 1
167 110 -1
167 114 -1
167 120 -1
167 121 1
167 154 1
167 164 -1
167 166 1
167 171 1
167 177 1
167 185 -1
168 1 1
168 22 1
168 25 1
168 28 1
168 53 -1
168 61 1
168 71 1
168 73 1
168 77 1
168 86 1
168 96 -1
168 103 1
168 118 1
168 136 1
168 150 1
168 167 1
168 177 1
169 2 1
169 8 1
169 13 1
169 25 1
169 26 1
169 61 1
169 70 1
169 73 1
169 102 1
169 121 1
169 132 1
169 133 -1
169 159 1
169 184 1
170 3 1
170 33 1
170 34 -1
170 40 1
170 42 1
170 45 1
170 57 1
170 59 1
170 69 1
170 76 1
170 86 1
170 104 1
170 120 1
170 122 1
170 127 1
170 139 1
170 142 1
170 164 1
170 166 1
170 172 1
170 179 1
170 184 -1
170 188 1
171 4 1
171 15 1
171 16 1
171 27 1
171 35 -1
171 47 1
171 53 1
171 56 1
171 69 -1
171 112 1
171 127 -1
171 140 1
171 184 1
171 185 1
171 186 1
172 3 1
172 4 1
172 11 1
172 35 1
172 46 1
172 51 1
172 53 1
172 64 1
172 78 1
172 92 1
172 128 1
172 137 1
172 150 1
172 164 -1
173 21 1
173 23 -1
173 30 1
173 42 1
173 44 1
173 70 1
173 84 1
173 105 1
173 114 1
173 121 1
173 124 1
173 126 -1
173 145 1
173 150 1
173 161 1
173 177 1
173 184 -1
174 20 1
174 24 1
174 27 -1
174 32 1
174 36 1
174 53 -1
174 57 1
174 78 1
174 87 1
174 97 1
174 100 1
174 114 1
174 115 -1
174 118 1
174 125 1
174 139 -1
174 142 -1
174 146 1
174 153 1
174 158 1
175 7 1
175 21 1
175 23 1
175 36 -1
175 42 -1
175 54 1
175 75 1
175 99 1
175 112 1
175 116 1
175 117 1
175 122 1
175 137 -1
175 156 -1
175 157 1
175 160 1
175 169 1
175 174 1
175 177 -1
176 7 1
176 14 1
176 43 1
176 49 1
176 63 1
176 77 1
176 94 1
176 115 1
176 146 1
176 148 1
176 159 1
177 46 1
177 47 1
177 48 -1
177 50 1
177 52 -1
177 79 1
177 87 1
177 122 1
177 126 -1
177 130 1
177 151 1
177 152 1
177 155 1
177 159 1
177 172 1
177 181 -1
178 3 1
178 6 1
178 27 1
178 50 1
178 56 1
178 62 -1
178 65 1
178 72 1
178 81 1
178 113 1
178 122 -1
178 131 1
178 135 1
178 142 1
178 164 1
178 187 1
178 189 1
179 13 1
179 15 -1
179 21 1
179 25 1
179 43 1
179 51 1
179 61 1
179 63 1
179 76 1
179 83 1
179 86 1
179 108 1
179 113 1
179 155 1
179 167 1
179 171 1
179 173 1
179 181 -1
180 4 1
180 6 1
180 7 1
180 32 1
180 36 1
180 39 1
180 48 1
180 72 -1
180 77 1
180 80 -1
180 88 1
180 97 1
180 98 1
180 107 1
180 110 1
180 144 1
180 147 1
180 152 1
180 155 1
180 165 1
180 170 1
180 182 -1
180 186 1
180 190 1
181 4 1
181 7 1
181 9 1
181 29 1
181 31 1
181 36 -1
181 42 1
181 62 1
181 68 -1
181 91 1
181 134 1
181 138 1
181 144 1
181 146 1
181 162 1
181 187 1
182 20 -1
182 22 -1
182 29 1
182 48 1
182 64 -1
182 91 1
182 101 1
182 124 1
182 130 1
182 131 1
182 136 1
182 141 1
182 148 1
182 160 1
182 174 -1
182 176 -1
182 178 1
183 66 1
183 71 1
183 73 1
183 83 1
183 93 1
183 101 -1
183 105 1
183 112 1
183 138 1
183 151 1
183 169 1
183 170 -1
183 176 1
183 177 1
183 181 1
183 184 1
184 6 1
184 10 1
184 14 -1
184 25 1
184 34 -1
184 43 -1
184 53 1
184 67 -1
184 91 -1
184 96 1
184 105 -1
184 125 1
184 142 1
184 156 1
184 164 -1
184 185 1
185 18 1
185 23 1
185 42 -1
185 65 1
185 66 1
185 82 -1
185 93 -1
185 99 1
185 103 1
185 111 -1
185 117 -1
185 132 -1
185 152 1
185 159 1
185 188 1
186 9 1
186 12 1
186 15 1
186 18 1
186 24 -1
186 33 1
186 39 1
186 42 1
186 50 1
186 62 1
186 63 1
186 67 1
186 90 1
186 99 1
186 102 1
186 118 1
186 123 1
186 130 1
186 147 -1
186 150 1
186 181 1
186 184 1
187 17 -1
187 35 1
187 45 1
187 48 -1
187 71 -1
187 81 1
187 93 1
187 103 1
187 114 1
187 127 1
187 134 1
187 137 1
187 145 1
187 150 1
187 155 1
187 172 1
188 19 1
188 23 1
188 26 -1
188 31 1
188 44 1
188 58 -1
188 59 1
188 61 1
188 75 1
188 85 1
188 88 1
188 93 1
188 97 1
188 103 1
188 110 1
188 113 1
188 117 1
188 126 1
188 131 1
188 139 1
188 140 1
188 151 1
188 161 1
188 186 1
189 13 1
189 25 1
189 26 1
189 53 1
189 58 -1
189 66 1
189 75 1
189 76 1
189 79 -1
189 85 1
189 96 -1
189 102 1
189 136 -1
189 146 1
189 156 -1
189 160 1
189 166 1
189 179 1
189 180 1
189 182 1
190 16 1
190 21 1
190 25 1
190 39 -1
190 50 1
190 63 1
190 77 1
190 78 1
190 114 1
190 121 1
190 124 1
190 125 -1
190 162 1
190 167 1
190 185 1
190 186 1
