vertices: 130 edges: 1677
1 49 1
1 80 1
1 89 1
1 90 1
1 115 1
1 126 1
2 21 1
2 32 1
2 40 1
2 43 1
2 54 1
2 58 1
2 61 -1
2 78 1
2 110 1
2 123 1
2 124 1
3 2 1
3 8 1
3 10 1
3 16 1
3 20 1
3 21 1
3 28 1
3 32 -1
3 36 1
3 57 1
3 94 1
3 96 1
3 97 1
4 33 -1
4 37 -1
4 53 1
4 67 1
4 75 1
4 91 1
4 92 1
4 95 -1
4 116 1
4 121 1
5 1 1
5 6 1
5 13 1
5 17 1
5 23 1
5 27 1
5 34 1
5 44 1
5 53 1
5 56 1
5 59 -1
5 64 1
5 84 1
5 89 1
5 100 1
5 107 -1
5 109 1
5 110 1
5 127 1
6 13 -1
6 15 -1
6 35 1
6 63 -1
6 64 1
6 70 1
6 97 -1
6 105 1
6 114 1
6 119 1
6 125 1
7 3 1
7 5 1
7 9 1
7 33 1
7 36 1
7 40 1
7 49 1
7 50 -1
7 56 1
7 69 1
7 87 1
7 88 1
7 90 1
7 100 1
7 112 1
7 119 1
7 122 1
7 127 1
7 129 1
8 2 -1
8 34 1
8 37 1
8 39 1
8 51 1
8 58 -1
8 61 -1
8 64 1
8 69 -1
8 72 -1
8 81 1
8 85 1
8 100 1
8 103 -1
9 2 1
9 6 1
9 40 1
9 43 1
9 46 1
9 49 1
9 55 1
9 75 1
9 86 1
9 99 1
9 102 -1
9 119 1
9 129 1
9 130 -1
10 23 -1
10 25 1
10 28 1
10 36 1
10 43 1
10 69 -1
10 72 -1
10 87 1
10 91 1
10 95 1
10 99 1
10 101 1
10 106 1
10 122 1
10 127 -1
11 4 1
11 9 1
11 14 1
11 15 -1
11 26 -1
11 38 1
11 40 1
11 48 1
11 78 1
11 88 -1
11 93 1
11 97 -1
11 103 1
11 109 1
11 119 1
12 30 1
12 49 1
12 52 1
12 70 1
12 79 -1
12 85 -1
12 109 1
12 127 1
13 17 1
13 30 1
13 60 1
13 65 1
13 84 1
13 85 1
13 86 1
14 2 1
14 12 1
14 20 1
14 23 1
14 27 1
14 39 1
14 69 1
14 71 1
14 73 1
14 80 1
14 81 1
14 85 1
14 91 1
14 108 1
14 111 1
15 20 1
15 27 1
15 38 1
15 41 1
15 45 -1
15 54 1
15 60 1
15 68 1
15 78 -1
15 93 1
15 112 1
15 118 1
16 2 1
16 4 1
16 6 1
16 21 1
16 25 1
16 28 1
16 37 -1
16 61 1
16 74 1
16 88 -1
16 98 -1
16 114 1
16 115 1
16 117 -1
16 121 1
17 1 1
17 18 1
17 34 1
17 42 1
17 48 1
17 56 -1
17 58 1
17 87 1
17 88 1
17 90 -1
17 91 -1
17 105 1
18 3 1
18 8 1
18 12 1
18 35 1
18 46 -1
18 47 1
18 52 -1
18 56 1
18 66 1
18 78 1
18 86 1
18 90 1
18 101 -1
18 122 1
18 128 -1
19 6 1
19 17 -1
19 24 1
19 28 1
19 33 1
19 46 1
19 88 1
19 99 1
19 108 1
20 5 1
20 58 1
20 68 -1
20 76 1
20 97 1
20 108 1
20 119 1
20 124 1
21 4 -1
21 18 1
21 29 -1
21 31 1
21 44 -1
21 46 -1
21 57 1
21 64 1
21 83 1
21 88 1
21 98 -1
21 125 1
22 5 1
22 8 -1
22 37 1
22 41 -1
22 48 1
22 56 1
22 89 1
22 125 1
22 128 1
23 4 -1
23 17 1
23 20 -1
23 27 1
23 70 1
23 88 -1
23 113 1
23 115 1
23 128 1
24 10 -1
24 11 1
24 28 1
24 32 1
24 34 1
24 44 1
24 57 1
24 75 1
24 84 1
24 104 1
24 108 1
24 119 -1
25 9 1
25 14 1
25 20 1
25 22 -1
25 37 1
25 64 1
25 81 1
25 94 1
26 3 1
26 16 1
26 36 1
26 55 1
26 69 1
26 81 1
26 82 1
26 84 1
26 95 -1
26 98 1
27 1 1
27 7 1
27 20 1
27 28 1
27 64 1
27 75 1
27 76 1
27 79 1
27 81 1
27 85 1
27 100 1
27 109 1
27 120 1
28 1 1
28 2 1
28 15 1
28 36 1
28 37 1
28 49 1
28 57 1
28 59 1
28 60 1
28 68 1
28 77 1
28 78 1
28 91 1
28 92 -1
28 102 1
28 105 -1
28 113 -1
28 122 1
28 123 1
28 130 1
29 3 1
29 57 1
29 78 1
29 81 1
29 91 1
29 94 1
29 95 1
29 110 1
29 115 1
30 15 1
30 16 -1
30 22 1
30 54 1
30 59 1
30 62 1
30 67 1
30 68 1
30 80 -1
30 83 1
30 87 1
30 89 -1
30 91 1
30 115 1
30 116 1
30 124 1
31 17 -1
31 19 1
31 25 1
31 49 -1
31 76 1
31 86 -1
31 91 1
31 99 -1
31 102 1
31 107 1
32 36 1
32 46 1
32 54 1
32 64 1
32 69 1
32 71 1
32 85 1
32 90 -1
32 121 1
32 123 1
33 13 1
33 16 1
33 20 1
33 31 1
33 36 1
33 38 1
33 43 1
33 58 1
33 61 -1
33 69 1
33 77 -1
33 85 1
33 86 1
33 90 1
33 94 1
33 98 1
33 104 1
33 110 -1
33 125 -1
33 126 1
34 6 1
34 15 -1
34 21 -1
34 29 1
34 33 1
34 36 1
34 44 1
34 50 -1
34 65 1
34 70 1
34 89 1
34 95 1
34 100 1
34 107 -1
34 108 1
34 111 1
34 112 -1
34 113 1
34 114 1
34 117 -1
34 119 -1
35 24 -1
35 29 1
35 30 1
35 33 1
35 63 1
35 74 1
35 84 1
35 88 1
35 97 1
35 112 1
36 6 1
36 19 1
36 42 1
36 48 1
36 50 1
36 74 -1
36 78 1
36 83 1
36 89 1
36 92 1
36 106 1
36 113 1
36 119 1
36 129 1
37 3 1
37 12 1
37 24 1
37 68 1
37 70 1
37 82 1
37 90 1
37 101 -1
37 108 1
37 111 1
37 126 1
38 5 1
38 17 1
38 21 1
38 28 -1
38 54 1
38 57 1
38 75 1
38 81 1
38 101 1
38 104 1
38 107 1
38 108 1
38 111 1
38 117 1
38 123 1
39 1 1
39 2 -1
39 7 1
39 19 1
39 43 -1
39 44 1
39 45 1
39 57 1
39 74 -1
39 81 1
39 96 1
39 102 1
40 26 1
40 29 1
40 33 1
40 39 1
40 47 1
40 73 -1
40 97 1
40 125 1
41 1 1
41 6 1
41 9 1
41 11 1
41 45 -1
41 55 -1
41 62 1
41 68 1
41 85 1
41 112 1
42 1 1
42 16 1
42 22 1
42 26 1
42 31 -1
42 32 1
42 34 1
42 37 1
42 39 1
42 56 -1
42 60 1
42 74 -1
42 82 1
42 90 -1
42 95 1
42 105 1
42 115 -1
42 118 -1
43 6 1
43 11 1
43 12 1
43 14 1
43 48 1
43 59 1
43 72 1
43 79 1
43 82 1
43 91 1
43 98 1
43 119 1
43 129 1
44 22 1
44 23 1
44 26 1
44 52 1
44 58 1
44 62 1
44 63 1
44 64 1
44 67 1
44 78 1
44 91 1
44 92 1
44 94 -1
44 100 1
44 104 -1
44 121 1
45 25 1
45 29 1
45 31 -1
45 38 1
45 48 1
45 61 1
45 68 -1
45 73 1
45 74 1
45 75 1
45 76 1
45 77 1
45 79 1
45 82 1
45 83 1
45 87 1
45 89 1
45 114 1
45 117 -1
46 4 -1
46 10 1
46 16 1
46 22 1
46 26 1
46 49 1
46 67 1
46 93 1
46 105 1
46 123 1
46 125 1
47 4 1
47 12 1
47 15 1
47 41 1
47 54 1
47 76 1
47 85 1
47 87 1
47 93 1
47 117 1
47 119 1
47 125 1
48 14 1
48 29 1
48 94 1
48 100 1
48 102 1
48 127 1
49 24 -1
49 38 -1
49 53 -1
49 57 1
49 71 1
49 95 1
49 102 1
49 114 -1
50 5 1
50 14 1
50 28 1
50 40 1
50 47 -1
50 53 1
50 59 1
50 63 -1
50 66 1
50 74 1
50 81 1
50 84 1
50 91 -1
50 126 -1
51 14 -1
51 27 1
51 34 1
51 66 1
51 73 1
51 83 1
51 90 1
51 98 -1
51 104 -1
51 116 1
51 117 1
52 8 -1
52 9 -1
52 31 1
52 38 1
52 49 1
52 78 1
52 80 1
52 84 1
52 89 1
52 96 1
52 97 1
52 106 1
52 107 1
53 24 1
53 38 1
53 78 1
53 81 -1
53 91 1
53 107 1
53 122 1
54 18 1
54 61 -1
54 64 1
54 88 1
54 108 1
54 115 1
54 121 1
55 10 1
55 13 1
55 14 1
55 50 1
55 58 1
55 60 1
55 64 1
55 66 1
55 72 1
55 79 1
55 100 1
55 104 1
55 107 1
55 117 1
55 118 -1
55 127 1
56 9 -1
56 37 1
56 63 1
56 82 1
56 108 -1
56 112 -1
56 121 1
56 122 1
57 8 1
57 11 1
57 18 1
57 23 1
57 26 1
57 43 1
57 47 -1
57 50 1
57 79 1
57 80 1
57 94 -1
57 115 1
58 35 -1
58 40 1
58 56 1
58 67 -1
58 75 1
58 111 1
59 7 1
59 15 -1
59 20 1
59 32 1
59 33 1
59 41 1
59 53 1
59 74 -1
59 78 1
59 97 1
59 98 1
59 99 1
59 103 1
59 113 1
59 116 1
59 125 1
59 129 1
60 3 1
60 6 -1
60 7 1
60 24 1
60 29 1
60 31 1
60 48 1
60 69 1
60 91 -1
60 93 -1
60 96 1
60 98 1
60 112 1
60 114 -1
60 129 -1
61 13 1
61 15 -1
61 31 1
61 51 -1
61 65 1
61 68 -1
61 73 1
61 75 1
61 80 1
61 84 1
61 109 1
61 112 1
61 115 -1
61 128 1
62 2 1
62 10 -1
62 15 1
62 17 1
62 18 1
62 21 -1
62 27 -1
62 29 -1
62 32 1
62 48 1
62 50 1
62 54 -1
62 56 1
62 73 -1
62 79 1
62 80 -1
62 83 1
62 99 -1
62 110 1
62 117 1
63 1 1
63 9 1
63 16 -1
63 20 1
63 52 1
63 60 1
63 68 1
63 78 1
63 79 1
63 94 -1
63 103 1
63 104 1
63 111 1
63 116 -1
63 123 1
64 2 1
64 15 1
64 18 1
64 19 1
64 23 1
64 26 1
64 39 1
64 40 1
64 60 1
64 61 1
64 63 -1
64 69 1
64 72 1
64 84 -1
64 85 1
64 102 1
64 103 -1
64 107 1
64 108 1
64 112 1
64 123 1
65 5 1
65 9 1
65 11 1
65 12 1
65 15 -1
65 35 1
65 49 1
65 53 1
65 67 -1
65 79 1
65 83 1
65 85 -1
65 88 1
65 102 1
65 104 1
65 107 1
65 120 1
66 2 1
66 15 1
66 21 1
66 23 1
66 26 1
66 45 -1
66 46 1
66 59 -1
66 71 -1
66 103 1
66 122 1
67 7 -1
67 8 -1
67 22 1
67 25 1
67 28 1
67 38 1
67 45 1
67 47 1
67 59 1
67 60 -1
67 68 -1
67 81 1
67 87 1
67 91 -1
67 97 1
67 102 -1
67 106 1
67 113 -1
67 120 1
67 127 1
67 129 1
68 4 -1
68 17 1
68 19 -1
68 21 1
68 60 1
68 71 1
68 74 1
68 82 1
68 93 -1
68 96 1
68 99 1
68 105 1
68 106 1
68 108 1
69 35 1
69 40 -1
69 51 -1
69 66 -1
69 70 -1
69 78 1
69 85 1
69 87 -1
69 97 1
69 101 1
69 126 -1
70 2 1
70 4 1
70 5 1
70 26 1
70 30 -1
70 32 1
70 36 1
70 45 1
70 47 1
70 55 1
70 62 1
70 67 1
70 79 1
70 93 1
71 5 1
71 28 1
71 30 1
71 34 1
71 44 -1
71 48 1
71 61 1
71 74 -1
71 75 1
71 76 1
71 77 1
71 112 1
71 118 -1
71 119 1
71 124 1
72 28 -1
72 29 -1
72 44 1
72 51 1
72 60 1
72 76 1
72 90 1
72 91 1
72 97 1
72 113 1
72 129 -1
73 5 1
73 13 1
73 20 1
73 30 1
73 46 -1
73 63 1
73 90 1
73 97 -1
73 106 1
74 3 1
74 5 1
74 9 1
74 15 -1
74 19 1
74 23 1
74 29 1
74 32 1
74 34 -1
74 89 -1
74 96 1
74 106 1
75 7 1
75 13 1
75 28 1
75 40 1
75 46 1
75 47 1
75 70 1
75 72 1
75 97 1
75 98 1
75 105 1
75 112 1
75 116 1
76 1 1
76 5 1
76 53 1
76 91 1
76 102 1
76 111 1
76 118 -1
77 9 1
77 10 1
77 12 1
77 18 1
77 26 -1
77 38 1
77 62 -1
77 74 1
77 101 1
77 107 1
77 119 -1
77 127 1
78 4 1
78 14 -1
78 31 1
78 57 1
78 58 1
78 71 1
78 74 1
78 90 1
78 93 1
78 105 1
78 119 1
78 127 1
79 1 1
79 5 1
79 26 1
79 29 1
79 44 1
79 47 1
79 53 1
79 58 1
79 74 1
79 86 -1
79 95 1
79 97 -1
79 100 1
79 102 1
79 106 1
79 109 1
79 125 1
79 126 1
79 129 1
80 15 1
80 26 -1
80 31 1
80 42 -1
80 43 1
80 63 1
80 64 1
80 68 1
80 75 1
80 76 1
80 94 1
80 98 1
80 110 -1
80 123 1
80 125 1
81 2 1
81 15 1
81 19 -1
81 28 1
81 43 1
81 56 -1
81 59 1
81 65 1
81 75 1
81 94 1
81 112 -1
81 119 1
82 8 1
82 16 1
82 20 1
82 22 1
82 60 1
82 63 1
82 67 1
82 75 -1
82 76 -1
82 78 1
82 84 1
82 86 1
82 89 -1
82 100 -1
83 8 1
83 16 1
83 41 1
83 48 1
83 63 1
83 82 -1
83 88 1
83 93 1
83 104 1
83 106 -1
83 113 -1
84 3 -1
84 21 1
84 29 -1
84 46 1
84 47 1
84 68 1
84 79 1
84 116 -1
85 6 1
85 11 -1
85 16 1
85 35 -1
85 45 1
85 46 1
85 51 1
85 58 1
85 74 1
85 118 1
85 120 1
85 130 1
86 6 1
86 20 1
86 23 1
86 26 1
86 42 1
86 58 1
86 59 1
86 60 1
86 70 1
86 75 1
86 83 -1
86 99 1
87 4 -1
87 23 1
87 35 1
87 57 1
87 64 1
87 79 -1
87 90 -1
87 92 -1
87 100 1
87 105 1
87 116 1
87 126 1
87 129 1
88 13 1
88 14 1
88 30 1
88 36 1
88 60 1
88 114 -1
88 115 1
89 4 1
89 6 1
89 13 -1
89 51 1
89 55 1
89 56 1
89 72 1
89 90 -1
89 116 1
89 122 1
90 2 1
90 14 1
90 15 1
90 19 1
90 22 1
90 25 1
90 28 1
90 48 -1
90 54 1
90 57 -1
90 61 1
90 79 -1
90 92 1
90 109 1
90 110 1
90 115 -1
91 15 1
91 33 1
91 47 -1
91 62 1
91 79 1
91 82 -1
91 88 1
91 89 1
91 93 1
91 108 1
91 120 1
92 3 1
92 23 1
92 26 -1
92 29 -1
92 31 -1
92 38 -1
92 46 1
92 47 1
92 58 1
92 76 1
92 100 1
92 101 1
92 111 -1
93 9 1
93 20 1
93 27 1
93 49 1
93 50 1
93 54 -1
93 63 1
93 66 1
93 89 1
93 92 1
93 103 1
93 119 1
93 120 1
93 121 1
94 4 1
94 30 1
94 31 -1
94 36 1
94 37 1
94 42 -1
94 59 1
94 70 1
94 86 1
94 97 1
94 104 1
94 106 1
94 111 1
94 112 1
94 125 1
94 130 1
95 1 1
95 3 1
95 19 -1
95 41 1
95 53 1
95 68 1
95 85 1
95 92 1
95 96 -1
95 120 1
96 11 1
96 40 1
96 85 1
96 97 1
96 115 -1
96 118 1
96 127 1
97 7 1
97 17 -1
97 25 1
97 33 1
97 49 -1
97 86 -1
97 87 1
97 93 1
97 98 1
97 104 1
97 117 1
98 17 1
98 19 1
98 34 1
98 48 1
98 62 1
98 70 1
98 129 1
99 12 1
99 21 1
99 23 1
99 34 1
99 79 1
99 109 1
100 4 1
100 10 -1
100 15 1
100 24 1
100 30 1
100 32 -1
100 49 1
100 71 1
100 84 1
100 88 -1
100 99 1
100 105 -1
100 116 -1
100 119 1
100 122 -1
101 5 1
101 14 1
101 29 1
101 36 1
101 43 -1
101 51 1
101 54 1
101 86 -1
101 100 -1
101 104 1
101 115 1
101 120 1
101 127 1
102 5 1
102 10 1
102 26 1
102 27 -1
102 35 1
102 42 1
102 51 1
102 55 1
102 61 1
102 66 1
102 82 -1
102 89 -1
102 95 1
102 100 1
102 101 1
102 107 1
102 118 1
102 124 1
102 127 1
103 6 1
103 25 1
103 28 1
103 30 1
103 31 -1
103 39 1
103 54 1
103 60 -1
103 65 1
103 71 1
103 72 1
103 106 1
103 108 1
103 113 1
103 117 1
103 120 1
104 14 1
104 18 1
104 26 1
104 35 1
104 36 1
104 39 -1
104 40 1
104 43 1
104 54 -1
104 69 -1
104 87 1
104 90 1
104 95 1
104 107 1
104 127 -1
104 128 1
105 2 1
105 3 1
105 10 -1
105 11 1
105 24 1
105 31 1
105 32 1
105 39 1
105 41 1
105 51 -1
105 59 1
105 67 1
105 69 1
105 86 1
105 107 1
105 108 1
105 117 1
105 118 1
106 14 1
106 22 1
106 33 1
106 48 1
106 62 1
106 69 1
106 76 -1
106 84 1
106 86 1
106 93 1
106 100 1
106 113 1
106 126 1
106 130 1
107 14 1
107 28 1
107 30 -1
107 54 1
107 59 1
107 63 -1
107 66 1
107 67 1
107 69 1
107 70 -1
107 72 1
107 73 1
107 95 -1
107 98 1
107 99 -1
107 115 -1
107 125 1
108 2 1
108 12 -1
108 21 -1
108 23 1
108 48 1
108 60 1
108 69 1
108 85 1
108 95 1
108 97 1
108 106 1
108 126 1
109 9 1
109 14 1
109 23 1
109 33 1
109 42 1
109 56 1
109 70 1
109 78 1
109 80 1
109 95 1
109 97 1
109 107 1
110 1 -1
110 3 1
110 4 1
110 7 1
110 10 -1
110 13 1
110 17 1
110 19 1
110 35 1
110 52 1
110 64 1
110 67 1
110 70 -1
110 74 -1
110 82 1
110 87 -1
110 111 -1
110 118 -1
110 129 1
111 18 1
111 27 1
111 32 1
111 45 -1
111 52 1
111 59 1
111 67 1
111 73 1
111 80 1
111 81 1
111 89 1
111 103 1
111 122 1
112 4 -1
112 9 1
112 19 -1
112 24 1
112 33 1
112 38 1
112 49 1
112 54 1
112 55 1
112 63 -1
112 65 1
112 67 1
112 70 -1
112 73 1
112 85 1
112 101 1
112 110 1
112 124 1
113 12 1
113 18 -1
113 26 -1
113 31 1
113 37 1
113 44 1
113 65 1
113 69 1
113 79 1
113 89 -1
113 94 1
113 125 -1
114 10 1
114 14 1
114 25 1
114 31 1
114 35 1
114 36 1
114 46 1
114 52 -1
114 56 1
114 61 1
114 66 1
114 76 1
114 120 1
115 3 1
115 12 -1
115 21 1
115 51 1
115 59 1
115 74 1
115 78 1
115 79 1
115 81 1
115 93 1
115 113 -1
115 114 1
115 120 1
115 127 1
116 12 1
116 18 1
116 21 1
116 22 -1
116 24 1
116 33 1
116 38 1
116 49 1
116 60 1
116 61 1
116 65 -1
116 67 1
116 73 1
116 99 1
116 113 -1
116 121 1
116 127 1
117 1 1
117 2 1
117 3 1
117 12 1
117 19 1
117 22 1
117 25 1
117 27 1
117 30 1
117 33 1
117 43 1
117 46 1
117 48 1
117 54 1
117 57 1
117 61 1
117 71 1
117 74 1
117 87 1
117 96 -1
117 104 -1
117 107 -1
117 120 1
117 123 1
118 11 1
118 26 1
118 27 1
118 35 1
118 45 1
118 49 -1
118 51 1
118 61 1
118 67 -1
118 79 1
118 88 1
118 92 1
118 104 1
118 106 -1
118 112 -1
118 121 1
118 129 1
119 3 1
119 15 -1
119 23 -1
119 30 -1
119 69 1
119 84 1
119 90 1
119 103 -1
119 116 1
119 122 1
119 130 1
120 1 1
120 9 -1
120 16 1
120 21 1
120 28 1
120 32 1
120 51 -1
120 58 -1
120 64 1
120 88 1
120 102 1
120 109 1
120 111 1
121 10 1
121 17 1
121 22 1
121 35 -1
121 45 -1
121 46 1
121 55 1
121 65 1
121 71 1
121 84 1
121 91 1
121 94 1
121 97 1
121 98 1
121 109 -1
121 111 -1
121 119 1
121 127 1
122 9 -1
122 25 1
122 32 -1
122 39 1
122 41 1
122 86 -1
122 109 -1
122 123 1
122 125 -1
122 130 1
123 4 1
123 5 1
123 9 1
123 17 -1
123 21 -1
123 25 -1
123 31 1
123 43 -1
123 47 1
123 49 1
123 57 1
123 62 1
123 72 1
123 86 1
123 102 1
123 110 -1
123 124 -1
123 130 1
124 3 1
124 21 1
124 77 1
124 106 1
124 116 1
124 126 -1
125 2 1
125 14 1
125 19 1
125 30 1
125 31 1
125 45 -1
125 63 1
125 64 -1
125 67 1
125 72 1
125 74 1
125 78 1
125 82 1
125 98 1
125 99 1
125 112 1
125 124 -1
126 14 1
126 18 1
126 24 1
126 52 1
126 67 1
126 68 1
126 81 1
126 99 -1
126 105 1
126 123 1
126 130 -1
127 34 1
127 43 1
127 69 1
127 79 1
127 92 1
127 122 -1
127 128 1
128 3 1
128 5 1
128 10 1
128 14 1
128 16 1
128 29 1
128 43 1
128 53 1
128 77 1
128 80 1
128 84 1
128 85 1
128 93 1
128 99 1
128 120 1
129 11 1
129 20 1
129 33 1
129 41 1
129 57 1
129 80 1
129 103 1
129 108 -1
129 121 1
129 124 1
130 1 1
130 14 1
130 16 1
130 17 1
130 19 1
130 40 1
130 53 1
130 57 1
130 66 1
130 67 1
130 68 1
130 86 1
130 103 1
