vertices: 210 edges: 4389
1 11 -1
1 14 -1
1 23 -1
1 29 -1
1 35 -1
1 36 -1
1 37 -1
1 48 -1
1 49 -1
1 64 -1
1 72 1
1 77 -1
1 78 -1
1 93 -1
1 95 -1
1 100 -1
1 116 -1
1 127 1
1 146 -1
1 151 -1
1 165 -1
1 177 -1
1 197 1
1 203 -1
1 208 -1
2 7 -1
2 14 1
2 15 -1
2 17 -1
2 32 -1
2 37 -1
2 47 -1
2 49 -1
2 53 1
2 71 -1
2 73 1
2 87 1
2 114 -1
2 122 -1
2 126 -1
2 128 -1
2 137 -1
2 151 -1
2 153 -1
2 158 -1
2 165 -1
2 169 -1
2 177 -1
2 183 -1
2 189 -1
2 205 -1
3 14 -1
3 25 -1
3 26 -1
3 27 1
3 34 -1
3 50 1
3 56 1
3 60 -1
3 74 1
3 83 -1
3 95 -1
3 105 -1
3 117 -1
3 124 -1
3 129 -1
3 130 1
3 142 -1
3 147 1
3 148 -1
3 157 -1
3 165 -1
3 169 -1
3 174 -1
3 208 -1
4 9 -1
4 21 -1
4 27 -1
4 49 1
4 69 -1
4 71 -1
4 72 -1
4 73 -1
4 78 -1
4 99 -1
4 100 -1
4 101 -1
4 102 1
4 106 1
4 109 -1
4 134 -1
4 141 -1
4 145 -1
4 148 -1
4 157 -1
4 174 -1
4 175 -1
5 6 -1
5 8 -1
5 37 1
5 41 -1
5 53 1
5 57 -1
5 59 -1
5 69 -1
5 72 -1
5 74 -1
5 80 -1
5 86 -1
5 89 -1
5 94 -1
5 99 1
5 108 -1
5 109 1
5 113 -1
5 116 -1
5 128 -1
5 129 -1
5 145 -1
5 186 -1
5 192 -1
5 205 1
5 206 -1
6 7 -1
6 10 -1
6 31 1
6 45 1
6 55 -1
6 62 -1
6 87 -1
6 88 -1
6 89 -1
6 97 1
6 106 -1
6 115 -1
6 117 -1
6 118 -1
6 128 1
6 135 -1
6 151 1
6 175 -1
6 184 1
6 191 -1
6 199 -1
6 204 1
6 207 -1
7 1 -1
7 9 1
7 12 1
7 14 1
7 36 -1
7 43 -1
7 44 -1
7 70 -1
7 84 -1
7 85 -1
7 114 -1
7 119 -1
7 122 -1
7 129 -1
7 134 -1
7 136 -1
7 147 -1
7 152 -1
7 156 -1
7 163 1
7 180 -1
7 190 -1
8 9 -1
8 27 -1
8 40 -1
8 41 -1
8 70 -1
8 78 -1
8 84 -1
8 101 -1
8 106 -1
8 108 1
8 109 -1
8 113 1
8 120 -1
8 121 -1
8 131 -1
8 138 1
8 151 -1
8 168 -1
8 179 -1
8 186 -1
8 189 -1
8 191 -1
8 193 -1
9 22 -1
9 33 -1
9 48 -1
9 65 -1
9 73 -1
9 92 -1
9 96 -1
9 107 1
9 137 -1
9 139 -1
9 140 -1
9 141 -1
9 142 -1
9 168 -1
9 183 -1
9 195 1
9 201 -1
9 203 -1
10 8 -1
10 14 -1
10 17 -1
10 27 -1
10 28 -1
10 32 -1
10 39 1
10 41 -1
10 50 -1
10 53 -1
10 54 1
10 58 -1
10 69 -1
10 75 -1
10 78 -1
10 82 -1
10 88 -1
10 94 -1
10 104 -1
10 118 -1
10 119 -1
10 123 -1
10 149 -1
10 153 -1
10 167 -1
10 184 -1
10 188 -1
10 190 -1
10 191 -1
10 203 1
10 204 -1
11 37 1
11 50 -1
11 56 1
11 72 -1
11 80 -1
11 86 -1
11 87 1
11 97 -1
11 110 -1
11 126 1
11 138 1
11 139 -1
11 153 -1
11 160 1
11 186 -1
11 187 -1
11 195 -1
12 3 1
12 17 -1
12 26 -1
12 38 -1
12 42 -1
12 51 -1
12 66 -1
12 81 1
12 83 -1
12 84 1
12 91 -1
12 94 -1
12 125 -1
12 135 -1
12 146 -1
12 150 -1
12 181 -1
12 185 1
12 193 1
12 199 -1
12 200 -1
12 202 1
12 206 -1
13 6 -1
13 18 -1
13 19 -1
13 20 1
13 32 -1
13 56 -1
13 67 -1
13 77 -1
13 80 -1
13 96 1
13 97 -1
13 101 -1
13 104 -1
13 105 1
13 114 -1
13 121 -1
13 131 1
13 139 -1
13 146 -1
13 151 -1
13 152 -1
13 167 -1
13 169 -1
13 186 -1
13 187 1
13 198 1
13 199 -1
13 205 -1
14 4 -1
14 15 -1
14 21 -1
14 22 1
14 30 -1
14 31 1
14 38 -1
14 65 -1
14 68 -1
14 80 -1
14 94 -1
14 100 -1
14 113 -1
14 123 -1
14 129 -1
14 150 1
14 161 -1
15 10 -1
15 13 -1
15 20 -1
15 36 -1
15 50 -1
15 61 -1
15 76 -1
15 83 1
15 102 -1
15 105 -1
15 115 1
15 121 -1
15 126 -1
15 130 -1
15 131 1
15 138 1
15 144 -1
15 153 -1
15 166 1
15 191 -1
15 209 -1
16 4 -1
16 11 -1
16 37 -1
16 48 -1
16 54 -1
16 66 -1
16 71 -1
16 72 -1
16 79 -1
16 80 -1
16 89 -1
16 93 -1
16 96 -1
16 106 1
16 118 -1
16 137 -1
16 152 -1
16 154 -1
16 166 -1
16 171 -1
16 181 1
16 189 -1
16 197 -1
16 209 -1
16 210 -1
17 6 -1
17 8 -1
17 13 -1
17 33 -1
17 35 -1
17 39 1
17 41 -1
17 49 -1
17 55 -1
17 85 -1
17 96 1
17 109 -1
17 131 -1
17 133 -1
17 134 -1
17 143 -1
17 168 -1
17 169 -1
17 184 -1
17 187 1
17 193 -1
17 195 1
17 206 -1
18 20 -1
18 25 -1
18 33 -1
18 34 -1
18 35 1
18 43 -1
18 52 -1
18 57 -1
18 74 -1
18 88 -1
18 124 -1
18 126 -1
18 135 -1
18 152 -1
18 155 -1
18 160 -1
18 166 -1
18 173 -1
18 176 -1
18 185 -1
18 190 1
18 192 -1
18 197 1
18 200 -1
18 209 -1
19 2 -1
19 6 -1
19 10 1
19 12 -1
19 39 -1
19 47 -1
19 64 -1
19 68 -1
19 71 -1
19 75 -1
19 88 1
19 89 -1
19 99 -1
19 105 -1
19 126 1
19 150 -1
19 187 -1
19 188 -1
19 192 -1
19 196 -1
19 197 1
19 202 -1
19 210 -1
20 11 -1
20 16 -1
20 23 -1
20 31 -1
20 41 1
20 43 -1
20 46 1
20 68 -1
20 70 -1
20 75 -1
20 107 -1
20 122 -1
20 134 -1
20 137 -1
20 142 -1
20 160 1
20 163 -1
20 166 -1
20 177 -1
20 183 -1
20 185 -1
20 187 -1
20 203 -1
20 209 -1
21 10 1
21 11 -1
21 18 -1
21 24 -1
21 25 1
21 44 -1
21 63 -1
21 91 1
21 105 -1
21 122 1
21 141 1
21 158 -1
21 192 -1
21 196 -1
21 208 -1
22 12 -1
22 56 -1
22 64 -1
22 68 1
22 69 -1
22 71 -1
22 87 1
22 101 -1
22 105 -1
22 119 -1
22 146 -1
22 161 -1
22 181 -1
22 190 -1
23 9 -1
23 15 -1
23 42 -1
23 43 -1
23 45 -1
23 50 -1
23 53 -1
23 58 -1
23 68 1
23 77 1
23 122 -1
23 125 -1
23 144 -1
23 154 -1
23 164 -1
23 173 1
23 175 1
23 180 1
23 183 -1
23 187 -1
24 1 -1
24 7 -1
24 10 1
24 19 -1
24 25 -1
24 38 -1
24 69 -1
24 77 1
24 79 1
24 92 -1
24 95 -1
24 118 1
24 123 -1
24 132 -1
24 155 -1
24 157 1
24 170 -1
24 171 1
24 174 1
24 187 -1
24 198 1
24 207 -1
25 16 -1
25 17 -1
25 23 -1
25 27 1
25 37 -1
25 62 -1
25 77 -1
25 85 1
25 88 -1
25 101 -1
25 104 -1
25 107 -1
25 110 -1
25 118 1
25 129 -1
25 130 -1
25 134 -1
25 143 -1
25 145 -1
25 146 -1
25 156 -1
25 190 -1
25 197 1
25 206 -1
25 210 -1
26 1 1
26 25 -1
26 27 1
26 28 -1
26 34 1
26 40 -1
26 45 -1
26 58 -1
26 91 -1
26 108 -1
26 115 -1
26 138 -1
26 143 -1
26 154 -1
26 190 -1
26 191 1
27 7 -1
27 11 -1
27 17 1
27 18 -1
27 23 1
27 38 -1
27 54 1
27 64 -1
27 82 -1
27 89 -1
27 95 -1
27 98 1
27 99 -1
27 115 1
27 122 -1
27 157 1
27 205 -1
27 206 -1
28 22 -1
28 51 -1
28 57 -1
28 58 -1
28 60 -1
28 72 -1
28 76 -1
28 83 -1
28 97 -1
28 103 1
28 114 1
28 135 -1
28 163 -1
28 168 -1
28 172 -1
28 173 -1
28 176 -1
28 180 -1
28 199 -1
28 200 1
28 203 -1
29 10 -1
29 22 -1
29 30 1
29 31 -1
29 39 -1
29 42 -1
29 50 -1
29 53 -1
29 57 -1
29 70 -1
29 78 -1
29 83 -1
29 93 -1
29 111 -1
29 114 -1
29 120 -1
29 122 -1
29 134 -1
29 158 -1
29 176 1
29 200 1
30 7 -1
30 26 -1
30 37 -1
30 76 -1
30 83 -1
30 96 -1
30 106 -1
30 114 1
30 119 1
30 132 -1
30 155 1
30 167 -1
30 171 1
30 175 -1
30 182 -1
30 189 -1
30 201 -1
30 206 1
30 207 -1
31 17 -1
31 32 -1
31 35 1
31 67 1
31 72 -1
31 91 1
31 95 -1
31 99 -1
31 103 -1
31 106 -1
31 109 -1
31 118 1
31 125 -1
31 135 1
31 154 -1
31 158 -1
31 159 -1
31 172 1
31 174 -1
31 184 -1
31 190 -1
31 193 1
31 208 -1
31 209 -1
32 14 -1
32 29 -1
32 35 1
32 53 -1
32 74 -1
32 84 -1
32 102 -1
32 105 -1
32 112 -1
32 120 -1
32 133 -1
32 154 -1
32 156 -1
32 185 1
32 193 -1
32 209 -1
33 8 -1
33 13 1
33 15 -1
33 24 -1
33 30 -1
33 35 -1
33 38 -1
33 47 -1
33 59 -1
33 61 1
33 75 -1
33 79 -1
33 83 -1
33 92 1
33 96 -1
33 102 -1
33 119 -1
33 121 -1
33 123 -1
33 132 -1
33 139 -1
33 165 -1
33 173 -1
33 178 1
33 183 1
33 184 -1
33 185 -1
33 192 -1
33 195 -1
33 199 1
33 203 -1
34 10 -1
34 44 -1
34 46 -1
34 56 -1
34 83 -1
34 95 -1
34 99 -1
34 103 -1
34 105 -1
34 110 -1
34 126 -1
34 141 -1
34 150 -1
34 181 -1
34 200 -1
35 47 -1
35 51 1
35 55 -1
35 68 -1
35 80 -1
35 95 -1
35 97 1
35 105 -1
35 107 -1
35 129 -1
35 133 1
35 142 -1
35 144 -1
35 145 -1
35 171 -1
35 175 1
35 179 -1
35 194 -1
36 3 -1
36 9 -1
36 14 -1
36 16 -1
36 21 -1
36 22 -1
36 39 -1
36 52 -1
36 67 -1
36 87 -1
36 101 -1
36 131 -1
36 145 1
36 146 -1
36 157 -1
36 177 -1
36 180 -1
36 184 -1
36 201 -1
37 3 1
37 21 -1
37 23 -1
37 36 1
37 43 -1
37 48 -1
37 54 -1
37 62 1
37 76 -1
37 77 1
37 81 -1
37 89 -1
37 94 1
37 101 -1
37 118 -1
37 121 -1
37 125 -1
37 129 -1
37 177 1
37 181 -1
37 187 -1
37 201 -1
38 8 -1
38 32 -1
38 34 -1
38 48 1
38 50 -1
38 59 -1
38 66 1
38 67 -1
38 84 -1
38 92 -1
38 98 -1
38 101 -1
38 109 -1
38 128 -1
38 132 -1
38 139 -1
38 140 -1
38 147 -1
38 151 1
38 167 -1
38 168 -1
38 170 -1
38 184 -1
38 185 1
38 188 -1
38 203 -1
38 205 -1
38 207 -1
38 209 -1
39 4 -1
39 13 1
39 31 -1
39 47 -1
39 48 -1
39 53 -1
39 57 -1
39 71 -1
39 81 -1
39 87 1
39 91 -1
39 96 -1
39 108 1
39 119 -1
39 133 1
39 136 -1
39 143 -1
39 163 -1
39 175 -1
39 193 -1
39 196 -1
40 18 -1
40 22 -1
40 60 -1
40 66 -1
40 92 -1
40 96 -1
40 100 -1
40 111 -1
40 119 1
40 122 -1
40 125 -1
40 127 -1
40 128 -1
40 154 -1
40 162 1
40 165 1
40 193 -1
40 203 -1
41 1 -1
41 12 -1
41 21 -1
41 24 -1
41 30 -1
41 31 -1
41 37 -1
41 64 1
41 71 -1
41 72 -1
41 74 -1
41 93 -1
41 99 1
41 107 -1
41 114 -1
41 115 -1
41 127 -1
41 134 -1
41 154 1
41 163 -1
41 193 -1
41 199 -1
41 206 -1
41 210 1
42 3 -1
42 9 -1
42 30 1
42 44 -1
42 52 -1
42 63 1
42 88 -1
42 107 -1
42 133 -1
42 154 -1
42 160 -1
42 163 -1
42 164 -1
42 181 -1
42 183 -1
42 190 -1
43 3 -1
43 4 1
43 24 1
43 27 -1
43 36 -1
43 39 1
43 44 -1
43 62 -1
43 86 -1
43 88 -1
43 101 -1
43 117 -1
43 122 -1
43 136 -1
43 138 1
43 144 1
43 149 -1
43 160 -1
43 163 -1
43 164 -1
43 166 -1
43 170 -1
43 172 -1
43 180 -1
43 184 1
43 196 -1
43 200 -1
44 24 -1
44 56 -1
44 59 -1
44 61 1
44 68 -1
44 93 -1
44 109 -1
44 116 1
44 136 1
44 138 -1
44 139 1
44 158 1
44 162 1
44 165 -1
44 170 -1
44 176 -1
44 184 -1
45 18 -1
45 35 -1
45 63 -1
45 65 -1
45 67 -1
45 69 1
45 78 -1
45 92 -1
45 93 -1
45 127 -1
45 129 -1
45 157 -1
45 163 1
45 177 1
45 178 -1
46 9 -1
46 16 -1
46 28 -1
46 36 -1
46 42 -1
46 50 -1
46 83 -1
46 84 -1
46 87 -1
46 97 -1
46 104 -1
46 105 -1
46 107 -1
46 122 -1
46 123 -1
46 126 1
46 144 -1
46 159 -1
46 160 1
46 166 -1
46 170 1
46 180 -1
46 196 -1
47 7 -1
47 46 -1
47 69 -1
47 86 -1
47 101 -1
47 108 -1
47 117 -1
47 122 -1
47 128 -1
47 130 -1
47 137 1
47 145 -1
47 159 -1
47 193 -1
47 210 1
48 12 -1
48 18 -1
48 23 -1
48 32 -1
48 44 1
48 46 -1
48 54 -1
48 58 -1
48 90 -1
48 92 -1
48 99 -1
48 102 1
48 111 -1
48 120 -1
48 126 -1
48 127 -1
48 165 -1
48 186 1
48 188 -1
48 189 -1
48 202 -1
48 205 -1
48 209 1
49 6 -1
49 46 -1
49 67 -1
49 70 -1
49 79 1
49 86 -1
49 93 -1
49 94 -1
49 105 -1
49 110 -1
49 121 -1
49 127 -1
49 128 -1
49 142 -1
49 144 -1
49 146 -1
49 148 -1
49 150 -1
49 162 -1
49 178 -1
50 12 -1
50 17 -1
50 39 1
50 45 -1
50 52 1
50 76 1
50 77 -1
50 100 -1
50 108 -1
50 113 -1
50 122 -1
50 133 -1
50 150 -1
50 159 -1
50 175 -1
51 1 -1
51 14 -1
51 34 -1
51 39 -1
51 41 -1
51 50 -1
51 64 1
51 90 -1
51 94 -1
51 129 -1
51 130 -1
51 142 -1
51 183 -1
51 199 -1
51 207 1
52 1 -1
52 3 -1
52 7 -1
52 29 1
52 35 -1
52 40 -1
52 48 -1
52 74 -1
52 85 -1
52 117 -1
52 119 -1
52 144 1
52 154 -1
52 155 1
52 165 -1
52 182 -1
52 188 -1
52 198 1
52 199 -1
53 1 1
53 16 -1
53 42 -1
53 43 -1
53 54 -1
53 74 -1
53 96 1
53 102 -1
53 104 -1
53 107 -1
53 131 -1
53 140 1
53 144 -1
53 163 1
53 172 1
53 190 -1
54 28 -1
54 34 -1
54 58 -1
54 79 -1
54 80 -1
54 85 -1
54 104 -1
54 107 -1
54 112 -1
54 128 -1
54 129 -1
54 143 -1
54 147 -1
54 149 -1
54 165 -1
54 169 -1
54 190 1
54 197 -1
54 200 -1
55 8 -1
55 10 1
55 13 -1
55 20 -1
55 22 1
55 36 -1
55 41 -1
55 44 -1
55 52 -1
55 57 -1
55 63 -1
55 68 -1
55 70 -1
55 75 -1
55 90 -1
55 109 -1
55 111 -1
55 115 -1
55 128 -1
55 130 -1
55 139 -1
55 146 -1
55 151 -1
55 158 -1
55 161 -1
55 162 -1
55 172 1
55 176 1
56 23 1
56 26 -1
56 39 -1
56 50 1
56 76 -1
56 88 1
56 90 1
56 107 1
56 121 -1
56 131 -1
56 136 -1
56 137 -1
56 142 1
56 152 1
56 186 1
56 210 -1
57 7 -1
57 24 1
57 47 -1
57 48 -1
57 59 -1
57 81 -1
57 88 -1
57 95 1
57 96 -1
57 106 -1
57 114 -1
57 115 -1
57 117 1
57 119 -1
57 121 1
57 137 -1
57 138 -1
57 147 -1
57 149 1
57 162 -1
57 183 -1
57 197 -1
57 199 -1
57 204 -1
57 209 -1
58 7 -1
58 14 -1
58 15 1
58 16 -1
58 20 -1
58 37 -1
58 50 -1
58 57 -1
58 64 -1
58 66 -1
58 75 -1
58 86 -1
58 107 -1
58 113 -1
58 116 -1
58 118 -1
58 126 -1
58 137 -1
58 155 -1
58 176 -1
58 179 -1
58 181 1
58 190 -1
58 199 -1
58 201 -1
58 205 -1
59 4 -1
59 10 1
59 12 -1
59 13 -1
59 14 -1
59 31 -1
59 47 -1
59 65 -1
59 70 1
59 82 -1
59 100 -1
59 102 -1
59 107 -1
59 127 -1
59 141 -1
59 144 -1
59 145 -1
59 146 -1
59 167 1
59 181 -1
59 192 -1
59 193 -1
59 206 -1
59 208 -1
59 209 -1
60 4 -1
60 45 1
60 48 1
60 101 -1
60 129 -1
60 141 -1
60 145 -1
60 146 -1
60 154 -1
60 158 1
60 174 -1
60 177 -1
61 10 -1
61 11 1
61 14 -1
61 19 -1
61 27 -1
61 89 -1
61 108 -1
61 111 1
61 119 -1
61 122 -1
61 124 -1
61 148 -1
61 151 -1
61 157 -1
61 161 -1
61 164 -1
61 165 -1
61 173 1
61 177 -1
61 201 -1
61 202 -1
62 8 -1
62 33 -1
62 52 -1
62 53 1
62 54 -1
62 56 -1
62 59 -1
62 66 -1
62 85 1
62 99 -1
62 113 1
62 119 -1
62 142 -1
62 147 -1
62 157 -1
62 170 -1
62 173 -1
62 176 1
62 181 -1
62 192 -1
62 200 -1
63 18 -1
63 20 -1
63 24 -1
63 38 -1
63 51 -1
63 52 -1
63 56 -1
63 76 -1
63 100 -1
63 118 -1
63 150 1
63 166 1
63 169 1
63 175 -1
63 180 -1
63 190 1
64 23 -1
64 44 -1
64 53 -1
64 73 -1
64 79 -1
64 84 -1
64 94 -1
64 101 -1
64 123 -1
64 133 -1
64 165 -1
64 169 -1
64 179 -1
64 182 1
64 183 -1
64 195 -1
64 208 1
65 17 1
65 19 -1
65 43 -1
65 54 -1
65 74 -1
65 75 -1
65 77 -1
65 82 -1
65 118 -1
65 121 1
65 128 -1
65 159 1
65 160 1
65 164 -1
65 168 1
65 172 -1
65 192 -1
65 193 -1
65 202 1
65 210 -1
66 24 1
66 37 -1
66 65 1
66 83 -1
66 100 -1
66 117 1
66 139 -1
66 151 -1
66 163 -1
66 166 1
66 183 -1
66 185 -1
66 186 -1
67 15 -1
67 34 -1
67 51 -1
67 56 1
67 61 -1
67 76 -1
67 91 -1
67 93 1
67 96 -1
67 102 -1
67 110 1
67 126 -1
67 141 1
67 142 -1
67 144 -1
67 154 -1
67 164 -1
67 170 -1
67 182 -1
67 186 -1
67 201 1
67 202 -1
68 26 -1
68 29 -1
68 30 -1
68 34 -1
68 54 1
68 62 -1
68 65 -1
68 71 -1
68 77 -1
68 90 -1
68 91 -1
68 129 -1
68 149 -1
68 158 -1
68 160 -1
68 173 -1
68 175 -1
68 184 1
68 186 -1
69 9 -1
69 11 -1
69 23 -1
69 37 -1
69 40 1
69 44 -1
69 77 -1
69 85 1
69 86 -1
69 95 -1
69 100 -1
69 117 -1
69 137 -1
69 138 1
69 148 -1
69 166 -1
69 170 -1
69 174 -1
69 176 -1
69 188 -1
69 197 1
69 207 1
70 4 -1
70 37 1
70 51 -1
70 58 -1
70 61 -1
70 64 -1
70 86 1
70 103 1
70 118 -1
70 133 1
70 138 -1
70 158 1
70 171 -1
70 178 -1
70 191 -1
70 203 1
70 207 -1
71 30 -1
71 44 -1
71 45 1
71 49 -1
71 67 -1
71 70 -1
71 81 -1
71 84 1
71 96 -1
71 102 -1
71 118 -1
71 124 -1
71 130 -1
71 133 -1
71 136 -1
71 146 1
71 155 -1
71 159 -1
71 169 -1
71 189 -1
71 195 -1
71 196 1
71 197 -1
71 200 -1
72 17 -1
72 46 -1
72 76 -1
72 83 1
72 92 -1
72 98 -1
72 100 -1
72 108 1
72 110 -1
72 124 -1
72 139 -1
72 146 -1
72 149 -1
72 150 -1
72 151 -1
72 185 -1
72 195 -1
72 205 -1
72 206 -1
73 23 1
73 24 -1
73 26 -1
73 33 -1
73 72 -1
73 86 -1
73 91 -1
73 104 -1
73 109 -1
73 119 -1
73 131 1
73 142 -1
73 143 1
73 148 1
73 149 -1
73 200 1
73 204 -1
74 1 -1
74 23 1
74 27 1
74 29 -1
74 37 -1
74 39 1
74 46 -1
74 68 -1
74 70 -1
74 76 -1
74 88 -1
74 96 -1
74 117 -1
74 139 1
74 149 -1
74 156 -1
74 160 -1
74 162 -1
74 171 -1
74 187 -1
74 188 -1
74 194 -1
74 196 -1
74 205 -1
74 208 -1
74 210 1
75 1 -1
75 18 1
75 21 -1
75 47 -1
75 79 -1
75 101 -1
75 105 -1
75 113 -1
75 145 -1
75 157 -1
75 167 -1
75 180 -1
75 181 -1
75 184 -1
75 206 -1
76 10 -1
76 22 -1
76 39 -1
76 47 -1
76 51 -1
76 52 -1
76 61 -1
76 69 -1
76 101 -1
76 107 -1
76 131 -1
76 141 -1
76 143 1
76 158 1
76 160 -1
76 162 -1
76 170 -1
76 177 -1
76 181 -1
76 184 -1
76 197 -1
76 200 1
76 203 -1
77 15 -1
77 19 -1
77 28 1
77 32 -1
77 71 -1
77 76 -1
77 84 1
77 90 -1
77 101 -1
77 112 -1
77 123 -1
77 128 -1
77 133 -1
77 134 -1
77 150 -1
77 151 -1
77 156 -1
77 187 -1
78 9 -1
78 13 -1
78 16 -1
78 32 -1
78 35 -1
78 36 -1
78 46 -1
78 47 -1
78 77 -1
78 99 -1
78 104 -1
78 107 1
78 127 -1
78 134 1
78 139 -1
78 158 -1
78 164 -1
78 173 -1
78 178 -1
78 180 -1
78 181 1
78 192 1
78 201 -1
78 207 -1
79 20 1
79 29 -1
79 52 -1
79 56 -1
79 74 -1
79 78 -1
79 83 -1
79 88 -1
79 107 -1
79 109 1
79 110 -1
79 115 -1
79 118 -1
79 128 -1
79 148 1
79 169 -1
79 171 -1
79 180 1
79 193 -1
79 199 -1
79 209 -1
79 210 1
80 10 -1
80 19 -1
80 27 -1
80 40 -1
80 46 -1
80 55 -1
80 57 -1
80 71 1
80 96 -1
80 105 -1
80 107 -1
80 118 1
80 132 -1
80 150 -1
80 186 1
80 193 -1
80 196 1
81 4 -1
81 9 1
81 28 -1
81 35 1
81 44 -1
81 47 -1
81 51 -1
81 61 1
81 78 1
81 88 -1
81 104 1
81 105 -1
81 115 -1
81 116 -1
81 155 -1
81 159 1
81 165 -1
81 188 -1
81 189 1
81 193 1
82 19 -1
82 31 -1
82 44 -1
82 46 -1
82 55 -1
82 60 -1
82 81 1
82 85 1
82 87 -1
82 100 -1
82 102 1
82 122 -1
82 143 -1
82 150 -1
82 155 1
82 190 -1
82 197 -1
82 205 -1
82 208 1
83 14 -1
83 17 -1
83 18 1
83 23 -1
83 39 -1
83 48 -1
83 50 -1
83 56 -1
83 60 1
83 76 -1
83 89 -1
83 113 -1
83 122 1
83 149 -1
83 153 -1
83 184 -1
83 186 -1
83 194 1
84 10 -1
84 11 -1
84 14 -1
84 18 -1
84 39 -1
84 40 -1
84 44 -1
84 56 -1
84 63 -1
84 68 1
84 80 -1
84 90 -1
84 99 1
84 139 -1
84 177 -1
84 192 -1
85 6 -1
85 15 -1
85 29 -1
85 30 -1
85 33 -1
85 43 -1
85 61 -1
85 65 -1
85 77 -1
85 96 1
85 107 -1
85 133 -1
85 135 -1
85 158 -1
85 168 -1
85 174 -1
85 175 -1
85 186 -1
85 206 -1
86 6 -1
86 16 -1
86 18 -1
86 32 -1
86 48 -1
86 51 -1
86 121 1
86 133 -1
86 134 -1
86 135 1
86 150 -1
86 164 -1
86 180 1
86 185 -1
86 199 -1
86 201 -1
87 5 1
87 14 -1
87 28 -1
87 49 -1
87 52 -1
87 63 -1
87 64 -1
87 94 -1
87 95 -1
87 105 -1
87 115 -1
87 119 -1
87 142 1
87 146 1
87 164 -1
88 5 1
88 16 -1
88 20 -1
88 21 1
88 32 -1
88 38 -1
88 51 -1
88 60 -1
88 62 -1
88 71 -1
88 89 -1
88 95 -1
88 96 -1
88 98 -1
88 100 -1
88 119 1
88 120 -1
88 132 -1
88 139 -1
88 143 -1
88 164 1
88 169 1
88 175 -1
88 194 -1
89 25 1
89 29 -1
89 30 -1
89 35 -1
89 38 -1
89 45 -1
89 58 -1
89 60 -1
89 62 -1
89 67 -1
89 73 -1
89 75 1
89 109 -1
89 121 -1
89 160 1
89 193 -1
89 208 1
90 1 -1
90 14 -1
90 42 -1
90 57 -1
90 60 -1
90 76 1
90 82 -1
90 87 -1
90 89 -1
90 96 -1
90 107 -1
90 114 -1
90 124 -1
90 128 -1
90 141 -1
90 145 -1
90 157 -1
90 164 -1
90 174 -1
90 181 1
90 186 1
90 190 1
90 191 -1
90 197 1
90 210 1
91 9 -1
91 15 -1
91 19 1
91 28 -1
91 52 -1
91 83 -1
91 117 1
91 121 -1
91 134 -1
91 135 -1
91 147 1
91 149 -1
91 152 -1
91 160 -1
91 178 -1
91 190 -1
91 194 -1
91 202 -1
92 2 -1
92 12 -1
92 29 1
92 41 -1
92 49 -1
92 62 -1
92 84 -1
92 105 -1
92 123 -1
92 127 -1
92 136 -1
92 139 -1
92 145 -1
92 146 -1
92 160 -1
92 164 -1
92 166 -1
92 177 -1
92 182 1
92 187 -1
92 188 1
93 4 1
93 7 -1
93 26 1
93 50 -1
93 51 -1
93 58 -1
93 61 -1
93 73 1
93 77 -1
93 101 -1
93 111 -1
93 115 1
93 122 -1
93 156 -1
93 207 -1
94 1 -1
94 21 -1
94 23 -1
94 44 -1
94 57 -1
94 71 -1
94 80 1
94 89 -1
94 103 -1
94 108 -1
94 112 1
94 116 -1
94 131 -1
94 140 1
94 156 -1
94 165 -1
94 170 1
94 175 1
94 176 -1
94 179 -1
94 186 1
94 205 -1
95 44 -1
95 51 -1
95 55 -1
95 60 -1
95 67 1
95 80 1
95 81 -1
95 82 -1
95 86 1
95 89 -1
95 111 -1
95 125 -1
95 127 -1
95 135 1
95 143 -1
95 146 -1
95 149 -1
95 163 -1
95 165 -1
95 195 -1
96 36 -1
96 66 -1
96 77 -1
96 108 1
96 112 -1
96 122 -1
96 124 -1
96 125 -1
96 132 -1
96 150 -1
96 152 1
96 155 1
96 163 -1
96 168 -1
96 175 -1
96 202 -1
97 10 -1
97 16 -1
97 20 -1
97 42 -1
97 61 -1
97 70 -1
97 73 -1
97 76 -1
97 77 -1
97 88 -1
97 99 -1
97 104 -1
97 105 -1
97 107 1
97 108 -1
97 129 -1
97 132 1
97 141 1
97 158 1
97 164 -1
97 175 -1
97 176 -1
97 177 -1
97 197 -1
97 200 -1
98 9 -1
98 10 -1
98 24 1
98 29 -1
98 37 -1
98 42 -1
98 56 1
98 60 -1
98 80 -1
98 111 1
98 113 1
98 121 1
98 127 -1
98 133 -1
98 147 -1
98 150 -1
98 162 -1
98 170 -1
98 171 1
98 182 -1
98 205 -1
98 207 -1
99 12 -1
99 20 1
99 21 1
99 29 -1
99 37 1
99 52 -1
99 59 -1
99 73 -1
99 93 -1
99 94 -1
99 96 1
99 109 1
99 119 1
99 120 1
99 122 -1
99 140 -1
99 164 -1
99 189 -1
99 197 -1
99 201 -1
99 206 1
100 15 -1
100 17 -1
100 21 -1
100 24 -1
100 27 -1
100 30 -1
100 48 -1
100 61 -1
100 73 -1
100 80 -1
100 94 -1
100 96 -1
100 98 -1
100 101 -1
100 116 1
100 133 -1
100 156 -1
100 160 -1
100 169 -1
100 170 -1
100 182 -1
100 186 -1
100 191 -1
101 3 -1
101 18 -1
101 19 -1
101 20 -1
101 27 -1
101 30 1
101 57 -1
101 72 -1
101 102 -1
101 109 -1
101 130 -1
101 136 -1
101 140 1
101 145 -1
101 149 -1
101 150 1
101 155 1
101 175 1
101 179 -1
102 12 -1
102 19 -1
102 28 -1
102 34 -1
102 42 -1
102 54 -1
102 76 -1
102 78 -1
102 85 -1
102 87 -1
102 90 1
102 100 -1
102 117 -1
102 136 -1
102 137 -1
102 140 -1
102 141 -1
102 152 -1
102 175 -1
102 177 -1
102 186 -1
102 199 1
102 204 -1
103 15 -1
103 26 -1
103 45 -1
103 49 -1
103 50 -1
103 52 -1
103 58 1
103 62 1
103 66 -1
103 73 -1
103 75 -1
103 78 1
103 82 -1
103 91 -1
103 95 -1
103 97 1
103 113 1
103 142 -1
103 195 -1
103 205 -1
103 207 -1
104 1 1
104 6 -1
104 22 -1
104 24 1
104 32 1
104 49 -1
104 50 1
104 52 -1
104 64 -1
104 67 -1
104 80 1
104 82 -1
104 95 -1
104 106 1
104 109 -1
104 119 -1
104 124 -1
104 126 -1
104 128 -1
104 133 1
104 144 -1
104 159 -1
104 163 -1
104 164 -1
104 173 -1
104 179 -1
104 184 -1
104 185 1
104 187 -1
104 188 -1
104 193 -1
104 200 1
104 204 1
105 1 1
105 48 -1
105 50 -1
105 56 -1
105 60 -1
105 61 -1
105 83 -1
105 95 -1
105 104 -1
105 137 -1
105 151 -1
105 152 -1
105 156 -1
105 187 -1
105 193 -1
105 195 -1
105 199 -1
106 19 -1
106 25 -1
106 28 1
106 42 -1
106 44 -1
106 45 -1
106 60 -1
106 63 -1
106 77 -1
106 83 -1
106 86 -1
106 88 -1
106 95 -1
106 105 -1
106 112 -1
106 113 -1
106 115 -1
106 120 -1
106 127 -1
106 138 -1
106 151 -1
106 152 -1
106 179 -1
106 194 -1
106 206 -1
107 1 -1
107 16 -1
107 49 -1
107 61 -1
107 62 -1
107 71 -1
107 75 -1
107 77 1
107 86 -1
107 88 -1
107 122 -1
107 123 -1
107 129 -1
107 132 -1
107 137 1
107 141 -1
107 174 -1
107 184 1
108 3 -1
108 10 1
108 25 -1
108 30 -1
108 60 1
108 75 -1
108 92 1
108 100 -1
108 102 -1
108 109 -1
108 110 -1
108 122 1
108 144 1
108 146 -1
108 162 1
108 178 -1
108 179 1
108 186 1
108 192 1
108 201 -1
108 202 -1
109 13 -1
109 18 -1
109 20 -1
109 23 -1
109 34 -1
109 54 1
109 60 -1
109 85 -1
109 88 -1
109 93 -1
109 95 -1
109 103 -1
109 112 -1
109 115 1
109 119 -1
109 127 -1
109 136 -1
109 137 -1
109 152 1
109 165 -1
109 169 -1
109 170 1
109 174 -1
109 182 1
109 202 -1
110 5 -1
110 9 -1
110 45 -1
110 73 1
110 85 -1
110 100 -1
110 124 1
110 127 1
110 140 -1
110 151 -1
110 157 -1
110 174 -1
110 195 -1
110 204 1
111 3 -1
111 4 -1
111 16 -1
111 25 -1
111 31 -1
111 57 -1
111 59 -1
111 71 -1
111 87 1
111 96 -1
111 97 -1
111 104 -1
111 108 1
111 112 1
111 114 1
111 129 -1
111 140 -1
111 145 -1
111 147 -1
111 151 -1
111 160 -1
111 168 -1
111 169 -1
111 174 1
111 177 1
111 187 -1
111 192 -1
111 206 -1
111 208 1
112 9 -1
112 14 -1
112 42 -1
112 48 1
112 67 -1
112 73 -1
112 74 -1
112 79 -1
112 88 -1
112 93 -1
112 107 -1
112 126 -1
112 128 -1
112 136 -1
112 149 -1
112 168 -1
112 170 -1
112 188 -1
112 190 -1
112 193 -1
112 207 -1
112 209 -1
112 210 -1
113 9 1
113 10 -1
113 23 -1
113 24 -1
113 26 -1
113 66 -1
113 93 -1
113 99 -1
113 105 -1
113 156 1
113 166 -1
113 167 -1
113 170 1
113 190 -1
113 192 -1
113 195 -1
113 196 -1
113 197 1
113 202 -1
113 204 -1
113 209 -1
114 19 -1
114 22 -1
114 34 -1
114 44 -1
114 61 1
114 65 1
114 74 -1
114 85 -1
114 87 -1
114 102 -1
114 142 -1
114 145 -1
114 154 1
114 185 -1
114 192 -1
115 5 1
115 13 -1
115 17 -1
115 19 -1
115 48 -1
115 49 -1
115 59 -1
115 61 1
115 74 -1
115 86 -1
115 110 -1
115 116 -1
115 125 -1
115 149 -1
115 152 -1
115 174 -1
115 177 -1
115 178 -1
115 180 -1
115 183 -1
115 205 -1
115 209 -1
116 19 -1
116 27 -1
116 42 -1
116 46 -1
116 47 -1
116 48 -1
116 62 1
116 64 -1
116 72 -1
116 77 -1
116 83 -1
116 86 -1
116 92 -1
116 121 -1
116 125 -1
116 126 -1
116 130 -1
116 138 -1
116 151 1
116 153 -1
116 161 -1
116 173 1
116 179 -1
116 197 -1
117 7 -1
117 15 -1
117 29 -1
117 46 -1
117 51 1
117 58 -1
117 61 -1
117 79 1
117 96 -1
117 99 -1
117 103 1
117 115 -1
117 121 -1
117 135 1
117 142 1
117 168 1
117 181 -1
117 184 -1
117 185 -1
117 192 -1
117 197 -1
117 200 -1
117 209 -1
118 2 -1
118 27 -1
118 33 -1
118 41 1
118 42 1
118 53 -1
118 56 -1
118 59 1
118 78 1
118 92 -1
118 102 -1
118 113 -1
118 131 -1
118 132 -1
118 133 -1
118 159 -1
118 165 1
118 168 -1
118 180 -1
118 189 -1
118 201 -1
118 210 -1
119 5 -1
119 6 -1
119 21 -1
119 24 -1
119 41 -1
119 46 -1
119 47 -1
119 56 1
119 68 -1
119 89 1
119 93 -1
119 95 -1
119 106 -1
119 113 -1
119 116 -1
119 122 -1
119 123 -1
119 128 -1
119 138 -1
119 142 -1
119 148 -1
119 155 -1
119 162 -1
119 183 -1
119 188 -1
120 7 -1
120 10 1
120 15 1
120 19 1
120 21 -1
120 27 1
120 34 -1
120 39 1
120 45 1
120 54 -1
120 57 -1
120 60 -1
120 62 -1
120 70 -1
120 84 -1
120 85 -1
120 89 1
120 93 -1
120 94 -1
120 102 -1
120 137 -1
120 146 -1
120 162 -1
120 179 -1
120 185 -1
120 187 -1
120 192 1
120 197 -1
120 203 1
120 208 -1
121 19 -1
121 27 1
121 36 -1
121 43 -1
121 60 -1
121 67 -1
121 75 -1
121 92 -1
121 105 -1
121 111 1
121 136 1
121 142 -1
121 151 -1
121 157 -1
121 164 -1
121 173 1
121 183 -1
121 189 -1
121 210 -1
122 15 1
122 28 -1
122 34 -1
122 48 1
122 55 -1
122 66 1
122 68 1
122 70 -1
122 72 -1
122 75 -1
122 78 -1
122 84 -1
122 85 -1
122 86 -1
122 88 -1
122 89 -1
122 101 -1
122 113 -1
122 123 -1
122 130 1
122 155 -1
122 156 -1
122 165 1
122 172 -1
122 174 -1
122 199 -1
123 12 -1
123 23 -1
123 42 -1
123 45 -1
123 49 1
123 54 -1
123 57 -1
123 74 -1
123 82 -1
123 87 -1
123 89 -1
123 97 -1
123 99 -1
123 118 -1
123 126 -1
123 137 -1
123 149 -1
123 156 -1
123 164 -1
123 189 -1
123 190 -1
123 192 -1
123 200 1
123 210 -1
124 9 -1
124 13 -1
124 27 -1
124 38 -1
124 63 1
124 69 -1
124 76 -1
124 84 -1
124 87 -1
124 89 -1
124 91 1
124 94 -1
124 115 -1
124 121 -1
124 130 -1
124 147 1
124 161 -1
124 192 1
124 201 -1
124 203 -1
124 204 -1
125 11 1
125 15 -1
125 41 -1
125 53 -1
125 63 -1
125 69 -1
125 70 -1
125 81 -1
125 84 -1
125 93 -1
125 94 -1
125 99 -1
125 105 -1
125 107 1
125 151 -1
125 154 -1
125 156 -1
125 159 -1
125 167 -1
125 176 -1
125 187 -1
126 21 -1
126 36 -1
126 39 -1
126 49 -1
126 59 -1
126 60 -1
126 81 -1
126 95 -1
126 99 -1
126 101 -1
126 102 -1
126 109 -1
126 117 -1
126 118 1
126 121 1
126 133 -1
126 136 -1
126 150 -1
126 153 -1
126 158 1
126 186 -1
126 188 -1
126 191 -1
126 207 -1
127 24 1
127 33 -1
127 36 1
127 38 -1
127 53 1
127 64 -1
127 73 -1
127 76 -1
127 90 1
127 91 -1
127 99 -1
127 100 -1
127 107 -1
127 124 -1
127 130 1
127 134 -1
127 137 -1
127 142 -1
127 143 -1
127 176 -1
127 203 -1
127 207 -1
128 3 -1
128 13 1
128 24 -1
128 33 -1
128 43 -1
128 44 1
128 60 -1
128 75 -1
128 78 -1
128 88 -1
128 124 -1
128 127 -1
128 132 -1
128 134 -1
128 139 -1
128 141 -1
128 155 -1
128 188 1
128 189 -1
129 16 -1
129 19 -1
129 20 -1
129 26 -1
129 40 1
129 52 1
129 56 1
129 61 -1
129 64 -1
129 77 -1
129 79 -1
129 87 -1
129 88 -1
129 91 -1
129 95 -1
129 101 -1
129 105 -1
129 132 -1
129 141 1
129 145 -1
129 150 1
129 169 -1
129 194 -1
129 196 1
130 33 -1
130 34 -1
130 40 1
130 56 -1
130 60 -1
130 61 -1
130 64 -1
130 67 1
130 72 1
130 81 -1
130 111 -1
130 131 -1
130 143 -1
130 155 -1
130 176 -1
130 210 -1
131 18 -1
131 23 -1
131 37 1
131 77 -1
131 82 -1
131 84 -1
131 88 -1
131 95 -1
131 99 -1
131 104 1
131 113 -1
131 134 -1
131 135 -1
131 138 -1
131 141 -1
131 144 -1
131 197 1
131 205 -1
132 2 -1
132 13 -1
132 17 1
132 20 -1
132 21 -1
132 23 -1
132 25 -1
132 29 -1
132 32 -1
132 35 -1
132 41 -1
132 42 -1
132 54 -1
132 62 1
132 63 -1
132 72 1
132 84 1
132 131 -1
132 145 -1
132 154 -1
132 163 1
132 174 -1
132 188 -1
132 194 1
132 201 1
133 8 -1
133 9 -1
133 12 -1
133 19 -1
133 31 -1
133 33 1
133 43 -1
133 45 -1
133 53 -1
133 54 -1
133 84 -1
133 89 -1
133 91 -1
133 108 -1
133 129 1
133 137 -1
133 138 -1
133 154 -1
133 157 1
133 162 -1
133 171 -1
133 172 -1
133 194 -1
134 8 -1
134 19 -1
134 21 -1
134 24 -1
134 36 -1
134 38 -1
134 40 -1
134 44 -1
134 58 -1
134 75 -1
134 96 -1
134 100 -1
134 106 1
134 114 -1
134 118 -1
134 129 -1
134 132 -1
134 137 -1
134 139 -1
134 141 -1
134 151 -1
134 166 -1
134 167 -1
134 171 -1
134 184 -1
134 200 -1
134 203 -1
134 204 -1
134 207 -1
135 4 1
135 5 1
135 8 -1
135 9 -1
135 25 -1
135 29 -1
135 34 -1
135 36 -1
135 38 -1
135 42 -1
135 43 -1
135 46 1
135 58 -1
135 69 -1
135 75 -1
135 81 -1
135 87 -1
135 108 -1
135 136 -1
135 137 1
135 139 1
135 158 -1
135 167 1
135 185 1
135 194 -1
135 196 -1
135 197 -1
135 207 1
136 19 -1
136 24 -1
136 25 -1
136 51 1
136 52 -1
136 78 1
136 82 -1
136 107 -1
136 125 -1
136 130 -1
136 138 1
136 146 -1
136 148 -1
136 164 -1
136 174 -1
136 179 -1
136 180 -1
136 183 1
136 196 -1
136 205 -1
137 6 -1
137 26 -1
137 31 1
137 33 1
137 49 1
137 51 -1
137 52 -1
137 68 -1
137 92 -1
137 104 -1
137 119 -1
137 122 1
137 153 -1
137 157 -1
137 160 -1
137 176 1
137 178 -1
137 181 -1
137 186 -1
137 189 -1
137 203 -1
137 207 -1
137 210 -1
138 2 -1
138 5 -1
138 14 1
138 21 -1
138 38 -1
138 40 -1
138 42 -1
138 62 -1
138 80 -1
138 88 -1
138 103 -1
138 109 -1
138 117 -1
138 129 -1
138 135 1
138 158 -1
138 159 1
138 161 1
138 174 -1
138 188 -1
138 198 -1
138 208 1
139 4 -1
139 30 -1
139 50 -1
139 82 1
139 93 -1
139 105 -1
139 108 -1
139 109 1
139 122 1
139 166 1
139 167 1
139 179 1
139 183 1
139 189 -1
139 193 -1
139 200 -1
139 201 -1
139 208 -1
140 5 1
140 19 -1
140 22 -1
140 31 -1
140 33 -1
140 73 -1
140 126 -1
140 136 -1
140 144 -1
140 163 -1
140 171 -1
140 173 -1
140 177 1
140 181 -1
140 192 -1
141 1 1
141 8 -1
141 10 -1
141 14 -1
141 23 -1
141 38 -1
141 56 -1
141 62 -1
141 65 -1
141 75 -1
141 82 -1
141 86 1
141 118 1
141 139 -1
141 168 -1
141 171 -1
141 176 1
141 178 -1
141 184 1
141 198 -1
141 209 -1
142 1 -1
142 4 -1
142 19 -1
142 27 -1
142 36 1
142 43 -1
142 54 -1
142 65 1
142 70 -1
142 79 -1
142 89 -1
142 97 1
142 99 -1
142 104 -1
142 120 -1
142 146 -1
142 148 -1
142 162 1
142 170 -1
142 181 -1
143 6 -1
143 21 -1
143 22 -1
143 28 1
143 30 1
143 44 1
143 48 -1
143 58 1
143 62 1
143 72 -1
143 80 -1
143 99 1
143 100 -1
143 106 -1
143 111 -1
143 129 1
143 171 -1
143 173 -1
143 178 -1
143 186 -1
143 191 -1
143 192 -1
143 207 -1
144 4 -1
144 13 -1
144 14 1
144 17 1
144 19 -1
144 28 -1
144 32 -1
144 60 -1
144 75 1
144 117 -1
144 120 1
144 123 -1
144 126 -1
144 132 1
144 134 -1
144 145 1
144 154 -1
144 162 1
144 169 -1
144 171 -1
144 191 -1
144 196 -1
144 198 1
144 201 1
144 202 -1
144 207 -1
145 6 -1
145 54 -1
145 66 -1
145 119 1
145 123 -1
145 133 -1
145 154 -1
145 164 -1
145 177 -1
145 184 1
145 205 -1
146 7 -1
146 27 -1
146 34 1
146 37 -1
146 38 -1
146 40 -1
146 66 -1
146 67 -1
146 99 -1
146 100 -1
146 110 1
146 111 -1
146 128 1
146 131 -1
146 141 1
146 182 -1
146 193 -1
146 196 -1
147 15 1
147 16 -1
147 55 -1
147 65 -1
147 75 -1
147 79 -1
147 99 -1
147 118 -1
147 126 -1
147 129 1
147 144 -1
147 155 -1
147 161 -1
147 165 1
147 166 -1
147 173 -1
147 186 1
147 207 -1
148 16 1
148 29 -1
148 30 -1
148 32 1
148 36 1
148 39 -1
148 41 1
148 55 -1
148 66 -1
148 70 -1
148 78 1
148 81 1
148 91 -1
148 97 1
148 101 1
148 104 -1
148 105 -1
148 113 -1
148 117 1
148 120 -1
148 143 -1
148 153 -1
148 195 -1
148 196 -1
149 12 -1
149 20 -1
149 24 1
149 25 1
149 26 1
149 29 -1
149 33 -1
149 48 1
149 58 -1
149 79 -1
149 81 -1
149 126 -1
149 145 -1
149 154 -1
149 155 -1
149 173 1
149 200 -1
149 206 -1
150 17 -1
150 25 -1
150 38 -1
150 47 -1
150 60 -1
150 74 -1
150 85 -1
150 111 -1
150 134 -1
150 141 1
150 158 -1
150 167 -1
150 184 -1
150 190 -1
151 19 -1
151 21 -1
151 23 -1
151 27 -1
151 28 -1
151 32 -1
151 36 -1
151 40 -1
151 47 1
151 52 -1
151 78 -1
151 93 -1
151 117 -1
151 126 -1
151 140 -1
151 144 -1
151 149 1
151 159 -1
151 166 -1
151 173 -1
151 177 -1
151 194 1
151 196 -1
152 3 -1
152 8 -1
152 37 1
152 40 -1
152 41 -1
152 63 1
152 72 -1
152 73 -1
152 88 1
152 93 -1
152 99 1
152 100 -1
152 112 -1
152 124 -1
152 135 -1
152 140 -1
152 168 -1
152 169 1
152 176 -1
152 187 -1
152 197 -1
153 4 -1
153 7 -1
153 9 -1
153 27 -1
153 28 -1
153 41 -1
153 46 -1
153 48 1
153 60 -1
153 79 -1
153 98 -1
153 109 -1
153 120 1
153 124 -1
153 139 -1
153 147 -1
153 160 1
153 166 -1
153 177 -1
153 194 -1
153 195 1
153 196 -1
153 204 -1
153 205 -1
154 2 -1
154 22 -1
154 36 1
154 54 -1
154 55 -1
154 57 1
154 70 -1
154 77 -1
154 86 -1
154 121 -1
154 129 -1
154 141 -1
154 155 -1
154 157 1
154 161 -1
154 176 -1
154 177 1
154 185 -1
154 187 -1
154 200 -1
154 201 -1
155 7 1
155 9 1
155 16 -1
155 22 -1
155 26 -1
155 35 -1
155 43 -1
155 78 -1
155 97 -1
155 111 -1
155 113 -1
155 153 -1
155 164 -1
155 193 -1
155 200 1
156 8 1
156 20 1
156 28 -1
156 36 -1
156 42 -1
156 50 -1
156 51 -1
156 62 -1
156 69 1
156 76 -1
156 86 -1
156 101 -1
156 103 1
156 110 -1
156 114 1
156 118 1
156 127 -1
156 132 -1
156 137 -1
156 149 1
156 152 -1
156 182 -1
156 186 -1
156 198 -1
156 209 -1
157 42 -1
157 43 -1
157 47 -1
157 64 -1
157 84 -1
157 95 -1
157 99 -1
157 111 1
157 115 -1
157 141 -1
157 145 -1
157 148 -1
157 150 1
157 152 1
157 156 -1
157 164 1
157 168 1
157 180 -1
157 181 -1
157 188 -1
157 199 1
157 200 -1
157 204 -1
158 4 -1
158 5 -1
158 9 -1
158 15 -1
158 38 -1
158 52 -1
158 63 -1
158 82 -1
158 110 -1
158 111 1
158 113 -1
158 115 1
158 140 1
158 175 -1
158 192 -1
158 210 1
159 28 -1
159 32 -1
159 63 -1
159 67 -1
159 77 -1
159 80 -1
159 82 -1
159 83 -1
159 92 -1
159 98 1
159 101 -1
159 103 -1
159 127 -1
159 128 -1
159 130 1
159 144 1
159 174 -1
159 188 -1
159 189 1
159 206 1
159 207 -1
159 210 -1
160 6 -1
160 8 -1
160 29 -1
160 32 -1
160 33 -1
160 39 -1
160 40 1
160 45 1
160 52 -1
160 67 1
160 70 -1
160 95 -1
160 105 -1
160 106 1
160 124 -1
160 129 -1
160 132 -1
160 136 1
160 144 -1
160 149 -1
160 152 -1
160 154 -1
160 158 -1
160 159 -1
160 164 -1
160 165 1
160 168 1
160 169 -1
160 173 -1
160 189 -1
160 190 -1
160 202 1
161 1 -1
161 2 -1
161 6 -1
161 21 -1
161 26 -1
161 29 -1
161 37 -1
161 59 1
161 68 -1
161 70 -1
161 105 -1
161 106 -1
161 107 -1
161 110 1
161 136 -1
161 141 -1
161 152 -1
161 163 -1
161 164 -1
161 167 -1
161 180 -1
161 184 -1
162 15 -1
162 24 -1
162 28 -1
162 29 -1
162 46 -1
162 51 -1
162 59 1
162 84 -1
162 85 -1
162 89 -1
162 118 -1
162 129 -1
162 130 -1
162 137 -1
162 138 -1
162 155 -1
162 180 -1
162 187 -1
162 196 1
163 8 -1
163 19 -1
163 34 -1
163 86 -1
163 109 -1
163 135 -1
163 144 -1
163 150 -1
163 168 -1
163 191 -1
163 193 1
163 201 -1
163 205 -1
163 208 -1
164 11 -1
164 35 1
164 46 -1
164 47 -1
164 48 -1
164 49 -1
164 55 1
164 91 -1
164 107 -1
164 116 -1
164 122 -1
164 125 1
164 127 -1
164 132 -1
164 137 -1
164 142 -1
164 146 -1
164 182 1
164 204 1
165 4 -1
165 29 -1
165 38 1
165 50 -1
165 57 -1
165 59 -1
165 69 -1
165 75 -1
165 80 -1
165 84 -1
165 88 -1
165 90 -1
165 102 1
165 105 -1
165 128 -1
165 135 -1
165 137 -1
165 161 -1
165 171 -1
165 199 -1
165 201 1
165 202 -1
166 14 1
166 24 1
166 42 -1
166 50 -1
166 57 1
166 64 -1
166 83 -1
166 89 -1
166 94 -1
166 99 -1
166 106 -1
166 112 -1
166 122 1
166 124 -1
166 125 -1
166 135 -1
166 155 -1
166 159 -1
166 161 -1
166 167 -1
166 171 -1
167 25 -1
167 32 -1
167 33 1
167 39 -1
167 43 -1
167 51 1
167 52 -1
167 58 -1
167 61 -1
167 64 -1
167 74 -1
167 90 -1
167 112 -1
167 122 -1
167 137 -1
167 142 -1
167 146 -1
167 149 -1
167 151 -1
167 155 -1
167 162 -1
167 168 -1
167 180 -1
167 186 -1
167 193 -1
167 199 -1
168 1 -1
168 5 -1
168 15 -1
168 31 -1
168 33 -1
168 52 -1
168 60 -1
168 79 -1
168 81 -1
168 149 1
168 179 -1
168 188 1
168 193 1
168 207 -1
169 6 -1
169 7 -1
169 18 -1
169 19 -1
169 32 -1
169 36 -1
169 42 -1
169 44 -1
169 50 1
169 55 1
169 56 -1
169 85 1
169 95 -1
169 105 1
169 112 -1
169 121 -1
169 132 -1
169 146 -1
169 147 -1
169 151 1
169 162 -1
169 164 -1
169 166 1
169 174 -1
169 177 -1
169 183 -1
169 186 -1
169 192 -1
170 2 -1
170 37 -1
170 49 -1
170 53 -1
170 63 -1
170 77 -1
170 118 1
170 153 -1
170 155 -1
170 157 1
170 164 -1
170 181 1
170 185 -1
170 190 -1
171 4 -1
171 9 1
171 26 -1
171 36 -1
171 37 1
171 38 -1
171 55 -1
171 72 -1
171 75 -1
171 80 -1
171 89 -1
171 92 1
171 102 -1
171 130 1
171 146 -1
171 147 -1
171 176 -1
171 182 -1
171 196 -1
171 199 -1
171 206 -1
172 13 1
172 23 -1
172 57 -1
172 70 -1
172 78 1
172 89 1
172 97 -1
172 105 -1
172 154 -1
172 168 -1
172 173 -1
172 184 -1
172 185 -1
172 186 -1
172 188 -1
172 199 -1
172 208 -1
173 31 -1
173 34 -1
173 35 -1
173 56 -1
173 59 -1
173 64 1
173 67 -1
173 81 1
173 108 -1
173 117 -1
173 164 -1
173 171 -1
173 177 -1
173 180 1
173 186 -1
173 187 -1
173 188 -1
173 189 1
173 192 1
173 194 1
173 197 -1
174 23 -1
174 33 -1
174 38 -1
174 50 -1
174 62 -1
174 79 -1
174 97 -1
174 105 -1
174 118 1
174 127 -1
174 182 -1
174 186 1
174 191 1
174 199 1
174 210 -1
175 8 -1
175 16 -1
175 27 -1
175 32 -1
175 34 -1
175 41 -1
175 65 -1
175 74 -1
175 112 -1
175 114 -1
175 115 -1
175 118 -1
175 128 1
175 132 -1
175 138 1
175 150 -1
175 159 -1
175 167 -1
175 171 -1
175 172 -1
175 178 -1
175 186 -1
175 187 1
175 190 -1
175 195 -1
176 6 -1
176 8 -1
176 41 -1
176 45 -1
176 56 -1
176 68 1
176 113 -1
176 114 1
176 115 -1
176 122 -1
176 135 -1
176 146 1
176 161 -1
176 165 -1
176 166 -1
176 168 -1
176 177 1
176 179 -1
176 181 -1
176 182 1
176 188 -1
177 25 -1
177 39 -1
177 44 -1
177 51 -1
177 66 1
177 78 -1
177 83 -1
177 108 1
177 118 1
177 152 -1
177 161 -1
177 172 -1
177 200 -1
178 3 -1
178 15 1
178 16 -1
178 23 -1
178 28 -1
178 34 -1
178 35 1
178 36 -1
178 37 -1
178 41 1
178 44 -1
178 47 -1
178 52 -1
178 54 -1
178 57 -1
178 58 -1
178 60 -1
178 68 -1
178 101 1
178 103 -1
178 106 -1
178 117 -1
178 136 1
178 147 -1
178 153 -1
178 164 -1
178 183 -1
178 190 -1
178 192 1
178 194 1
179 2 -1
179 18 -1
179 23 -1
179 29 -1
179 30 -1
179 48 -1
179 53 -1
179 66 -1
179 68 -1
179 73 -1
179 78 -1
179 80 -1
179 95 1
179 96 -1
179 132 -1
179 135 -1
179 161 -1
179 197 1
179 204 1
179 209 -1
180 2 -1
180 31 -1
180 39 -1
180 42 -1
180 47 -1
180 54 -1
180 58 1
180 59 -1
180 93 1
180 106 1
180 109 -1
180 114 1
180 121 1
180 123 1
180 135 1
180 137 -1
180 153 -1
180 156 -1
180 158 -1
180 165 1
180 169 1
180 174 1
180 181 -1
180 186 -1
181 1 1
181 2 -1
181 10 1
181 29 -1
181 31 1
181 46 1
181 64 -1
181 69 -1
181 82 -1
181 96 -1
181 100 -1
181 102 1
181 105 1
181 123 -1
181 146 -1
181 151 1
181 152 -1
181 167 -1
181 175 -1
181 178 1
181 183 -1
181 207 1
182 4 -1
182 27 -1
182 33 -1
182 39 -1
182 90 1
182 94 1
182 102 -1
182 106 -1
182 110 1
182 122 -1
182 142 -1
182 153 -1
182 155 -1
182 162 -1
182 209 -1
182 210 1
183 10 -1
183 16 -1
183 26 -1
183 39 -1
183 67 -1
183 72 -1
183 83 -1
183 86 -1
183 90 -1
183 95 -1
183 96 -1
183 101 -1
183 127 -1
183 135 1
183 141 -1
183 152 -1
183 154 -1
183 156 -1
183 170 1
183 176 -1
183 179 -1
183 187 -1
184 1 -1
184 5 -1
184 8 -1
184 22 1
184 47 1
184 50 -1
184 51 -1
184 65 -1
184 69 -1
184 71 -1
184 73 -1
184 96 -1
184 108 -1
184 110 -1
184 112 -1
184 128 -1
184 130 -1
184 132 -1
184 137 -1
184 185 -1
184 187 -1
184 189 -1
184 210 -1
185 7 1
185 13 -1
185 36 1
185 37 1
185 40 -1
185 64 -1
185 89 -1
185 90 -1
185 94 -1
185 97 -1
185 99 -1
185 107 -1
185 125 -1
185 127 -1
185 145 -1
185 149 1
185 179 -1
185 181 -1
185 183 -1
185 193 -1
185 197 -1
185 200 -1
186 3 -1
186 17 -1
186 26 -1
186 27 -1
186 30 1
186 37 1
186 40 -1
186 51 1
186 61 1
186 87 -1
186 93 1
186 114 -1
186 148 -1
186 163 -1
186 205 -1
187 3 -1
187 47 -1
187 50 1
187 71 -1
187 97 -1
187 99 -1
187 119 -1
187 123 -1
187 127 -1
187 142 -1
187 145 -1
187 148 -1
187 153 -1
187 157 -1
187 160 1
187 165 -1
187 179 -1
187 207 -1
188 18 -1
188 37 -1
188 45 -1
188 57 -1
188 77 -1
188 89 -1
188 93 1
188 109 -1
188 110 1
188 141 -1
188 160 -1
188 179 -1
188 195 -1
188 207 1
189 12 1
189 13 -1
189 28 -1
189 34 -1
189 40 -1
189 42 -1
189 43 -1
189 44 -1
189 55 -1
189 61 -1
189 62 1
189 103 -1
189 109 -1
189 125 -1
189 145 -1
189 146 -1
189 153 -1
189 158 -1
189 166 -1
189 187 -1
189 188 -1
189 201 -1
189 202 -1
190 5 1
190 12 -1
190 27 -1
190 28 -1
190 30 -1
190 33 -1
190 38 -1
190 71 -1
190 76 1
190 104 -1
190 115 -1
190 132 -1
190 143 1
190 156 -1
190 158 -1
190 174 -1
190 182 -1
190 207 -1
191 9 -1
191 28 -1
191 44 -1
191 51 -1
191 64 -1
191 73 1
191 79 -1
191 83 -1
191 86 -1
191 92 -1
191 102 -1
191 111 1
191 112 -1
191 116 1
191 119 1
191 122 -1
191 129 1
191 146 -1
191 157 -1
191 160 -1
191 168 -1
191 178 -1
191 184 -1
191 202 1
192 15 -1
192 25 1
192 28 -1
192 29 -1
192 56 -1
192 71 -1
192 90 -1
192 91 1
192 92 -1
192 121 -1
192 134 1
192 137 -1
192 138 -1
192 145 -1
192 153 -1
192 186 -1
193 18 -1
193 19 -1
193 25 1
193 26 -1
193 44 1
193 50 -1
193 54 -1
193 70 -1
193 88 -1
193 95 -1
193 102 -1
193 132 -1
193 143 -1
193 148 -1
193 181 -1
193 189 -1
193 196 -1
193 203 1
194 9 -1
194 16 -1
194 19 -1
194 21 -1
194 43 -1
194 44 -1
194 46 -1
194 58 -1
194 60 -1
194 62 1
194 63 -1
194 65 -1
194 66 -1
194 71 -1
194 78 -1
194 82 -1
194 102 -1
194 105 -1
194 114 -1
194 120 1
194 130 -1
194 131 -1
194 172 -1
194 179 1
194 187 -1
194 190 -1
194 201 -1
194 202 -1
194 206 -1
195 15 -1
195 18 -1
195 22 -1
195 42 1
195 44 -1
195 45 -1
195 60 -1
195 63 -1
195 74 -1
195 81 1
195 88 -1
195 90 -1
195 107 -1
195 108 -1
195 116 -1
195 121 -1
195 130 1
195 149 -1
195 155 -1
195 164 -1
195 185 -1
195 196 1
195 205 -1
196 12 -1
196 13 -1
196 20 -1
196 22 1
196 28 -1
196 33 -1
196 34 -1
196 55 -1
196 61 1
196 66 -1
196 95 -1
196 100 -1
196 102 1
196 109 -1
196 133 -1
196 155 -1
196 157 1
196 164 -1
196 166 -1
196 167 1
196 173 1
196 174 1
196 176 -1
196 206 -1
197 10 -1
197 13 -1
197 31 -1
197 39 -1
197 41 -1
197 47 1
197 49 1
197 68 1
197 70 -1
197 127 -1
197 133 -1
197 151 1
197 159 -1
197 160 -1
197 162 -1
197 165 -1
197 166 -1
197 178 -1
197 181 -1
197 199 -1
197 205 -1
197 206 -1
197 207 1
197 210 -1
198 11 -1
198 14 -1
198 15 -1
198 18 -1
198 19 -1
198 23 1
198 29 -1
198 39 -1
198 42 -1
198 46 1
198 47 -1
198 57 -1
198 62 -1
198 71 -1
198 76 1
198 77 -1
198 81 -1
198 86 -1
198 88 -1
198 92 -1
198 125 -1
198 126 -1
198 127 -1
198 134 -1
198 142 -1
198 145 -1
198 154 -1
198 157 -1
198 161 -1
198 162 -1
198 183 -1
198 185 -1
198 190 -1
198 193 -1
198 197 -1
198 199 -1
199 18 1
199 26 -1
199 50 -1
199 56 -1
199 70 -1
199 77 -1
199 81 -1
199 83 1
199 84 -1
199 85 -1
199 88 -1
199 117 -1
199 125 -1
199 133 -1
199 141 -1
199 153 -1
199 154 -1
199 166 -1
199 178 1
199 179 -1
199 182 -1
199 196 -1
200 17 -1
200 19 1
200 26 -1
200 33 -1
200 46 -1
200 50 -1
200 59 1
200 60 -1
200 69 -1
200 75 -1
200 81 -1
200 88 -1
200 89 -1
200 119 -1
200 129 1
200 135 -1
200 136 -1
200 137 -1
200 140 -1
200 160 1
200 182 1
200 195 -1
200 210 -1
201 41 -1
201 55 -1
201 66 -1
201 95 -1
201 125 -1
201 140 -1
201 145 -1
201 149 -1
201 151 -1
201 161 1
201 174 -1
201 175 -1
201 198 -1
202 18 -1
202 22 -1
202 31 -1
202 50 -1
202 53 -1
202 56 -1
202 58 -1
202 81 -1
202 90 -1
202 100 -1
202 111 -1
202 115 1
202 133 -1
202 137 -1
202 139 -1
202 171 1
202 175 1
202 179 -1
202 206 1
202 209 -1
203 39 -1
203 46 -1
203 54 -1
203 57 -1
203 59 1
203 78 -1
203 83 -1
203 106 1
203 114 -1
203 144 -1
203 172 -1
203 182 -1
203 186 -1
203 191 -1
203 195 -1
203 208 -1
204 2 -1
204 4 1
204 11 1
204 12 -1
204 30 -1
204 53 -1
204 58 -1
204 114 -1
204 117 -1
204 126 -1
204 158 1
204 160 1
204 172 1
204 175 1
204 183 -1
204 187 -1
204 190 -1
204 193 -1
204 194 -1
204 209 -1
205 14 -1
205 18 -1
205 20 -1
205 23 -1
205 30 -1
205 31 -1
205 37 -1
205 59 -1
205 64 -1
205 111 -1
205 113 -1
205 118 -1
205 122 -1
205 125 -1
205 132 -1
205 137 1
205 138 -1
205 139 -1
205 140 -1
205 154 -1
205 164 -1
205 169 -1
205 184 -1
205 192 -1
205 203 -1
205 207 1
206 3 -1
206 22 -1
206 70 -1
206 80 1
206 131 -1
206 132 -1
206 163 1
206 170 1
206 176 -1
206 178 -1
206 179 -1
206 200 -1
207 9 -1
207 15 -1
207 18 -1
207 33 -1
207 43 -1
207 46 -1
207 53 -1
207 71 -1
207 73 -1
207 83 -1
207 88 -1
207 91 -1
207 92 -1
207 128 -1
207 132 -1
207 140 -1
207 145 1
207 166 -1
207 180 -1
207 201 -1
207 204 -1
207 209 -1
208 13 -1
208 33 -1
208 44 -1
208 52 -1
208 60 -1
208 62 -1
208 65 1
208 67 1
208 68 1
208 72 1
208 92 -1
208 98 1
208 104 -1
208 122 -1
208 134 -1
208 135 -1
208 141 -1
208 153 1
208 161 1
208 164 1
208 169 -1
208 188 1
208 195 -1
208 196 -1
209 2 -1
209 7 -1
209 10 -1
209 13 -1
209 33 -1
209 40 -1
209 45 -1
209 51 -1
209 70 -1
209 76 1
209 96 -1
209 116 -1
209 128 -1
209 137 -1
209 140 -1
209 152 -1
209 154 -1
209 157 -1
209 180 -1
209 190 -1
209 208 1
210 5 -1
210 7 -1
210 12 -1
210 20 -1
210 21 1
210 42 -1
210 57 -1
210 60 -1
210 69 -1
210 73 -1
210 76 1
210 78 -1
210 80 1
210 83 -1
210 84 -1
210 86 -1
210 87 -1
210 111 1
210 135 1
210 136 -1
210 177 1
210 192 -1
210 198 -1
210 206 -1
