vertices: 50 edges: 245
2 14 -1
2 20 -1
2 27 -1
2 31 -1
2 49 -1
2 50 -1
3 2 -1
3 4 -1
3 12 -1
3 21 -1
3 37 -1
3 40 -1
3 43 1
4 1 1
4 5 -1
4 9 -1
4 10 -1
4 13 -1
4 18 1
4 22 -1
4 29 1
5 17 -1
5 26 -1
5 32 -1
5 37 -1
5 38 -1
5 40 -1
5 43 -1
6 2 1
6 4 1
6 15 1
6 32 -1
6 35 -1
7 17 -1
7 18 -1
7 34 1
7 36 -1
7 48 -1
8 14 -1
8 18 -1
8 20 1
8 34 -1
8 49 -1
9 3 1
9 18 -1
9 36 -1
9 42 -1
9 47 -1
9 50 -1
10 1 1
10 5 1
10 13 -1
10 38 -1
11 44 -1
11 46 1
12 10 1
12 30 -1
12 31 1
12 32 -1
12 38 -1
13 15 -1
13 29 -1
13 35 -1
13 36 -1
13 41 -1
13 46 -1
14 1 1
14 26 -1
14 27 1
15 11 -1
15 23 -1
15 29 -1
15 41 -1
15 44 -1
15 48 -1
16 3 -1
16 4 -1
16 8 -1
16 17 -1
16 24 -1
16 34 -1
16 49 1
17 4 -1
17 43 -1
17 45 1
17 48 -1
18 26 -1
18 41 -1
19 15 -1
19 37 -1
20 9 -1
20 19 1
20 21 1
21 16 1
21 29 -1
22 3 -1
22 12 -1
22 13 -1
22 26 -1
22 38 -1
22 46 -1
22 47 -1
23 12 -1
24 1 -1
24 6 1
25 10 1
25 26 -1
25 27 -1
25 40 -1
26 4 -1
26 7 -1
26 10 -1
26 16 -1
26 20 -1
26 37 -1
26 46 -1
26 50 1
27 5 -1
27 9 -1
27 13 -1
27 39 -1
28 10 -1
28 19 1
28 26 -1
28 31 -1
28 33 1
28 36 -1
28 39 -1
29 18 -1
29 19 -1
29 32 -1
29 43 -1
29 45 -1
30 1 -1
30 6 -1
30 18 1
30 23 -1
30 31 -1
30 41 -1
31 3 -1
31 6 1
31 26 1
31 33 1
31 38 -1
31 48 -1
32 3 1
32 40 -1
32 42 -1
33 30 -1
33 35 -1
34 46 -1
35 7 -1
35 12 -1
35 20 1
35 22 -1
35 25 -1
35 26 -1
35 27 1
35 30 -1
35 41 1
35 48 1
36 5 -1
36 11 -1
36 14 -1
36 30 -1
36 38 1
36 47 -1
37 20 -1
37 23 -1
37 24 -1
37 50 1
38 44 -1
38 46 1
38 48 -1
39 7 -1
39 14 -1
39 16 -1
39 22 -1
39 23 -1
39 34 1
39 38 -1
39 43 1
39 47 1
39 49 1
40 2 1
40 34 1
40 38 -1
40 48 -1
40 50 1
41 8 -1
41 11 1
41 14 1
41 36 -1
42 2 1
42 21 -1
42 25 -1
42 41 -1
42 43 -1
43 6 -1
43 16 -1
43 32 -1
43 36 -1
43 45 1
43 46 -1
43 48 -1
44 4 -1
44 8 1
44 10 -1
44 25 -1
44 36 -1
44 39 -1
44 49 -1
45 7 -1
45 9 1
45 12 -1
45 19 -1
45 20 1
45 24 -1
45 27 -1
45 35 1
45 42 1
45 48 1
46 28 -1
46 29 -1
46 30 -1
46 36 1
48 3 -1
48 20 -1
48 39 -1
48 42 -1
49 10 -1
49 26 -1
49 28 -1
49 29 -1
49 31 1
49 35 -1
49 48 -1
49 50 -1
50 4 -1
50 6 -1
50 8 -1
50 14 -1
50 20 -1
50 35 -1
50 38 -1
