vertices: 90 edges: 2002
1 5 1
1 9 -1
1 19 1
1 25 1
1 26 -1
1 27 -1
1 45 1
1 50 -1
1 52 -1
1 63 -1
1 67 1
1 80 1
1 81 -1
1 88 -1
2 8 -1
2 20 -1
2 21 -1
2 27 -1
2 41 -1
2 44 -1
2 45 -1
2 54 -1
2 60 -1
2 63 -1
2 71 -1
2 72 -1
2 76 1
2 80 -1
2 82 -1
3 2 -1
3 4 1
3 5 1
3 11 1
3 12 -1
3 17 -1
3 18 -1
3 22 -1
3 29 -1
3 32 1
3 34 -1
3 40 -1
3 45 -1
3 48 -1
3 49 -1
3 51 -1
3 57 -1
3 59 -1
3 61 -1
3 64 -1
3 68 1
3 72 -1
3 75 1
3 78 1
3 88 1
3 89 -1
4 6 -1
4 7 -1
4 8 -1
4 13 -1
4 18 -1
4 22 1
4 23 1
4 29 -1
4 35 1
4 37 -1
4 40 1
4 49 -1
4 53 -1
4 60 1
4 70 1
4 71 -1
4 74 -1
4 75 -1
4 86 -1
4 87 -1
5 6 -1
5 12 -1
5 13 1
5 15 -1
5 20 1
5 32 -1
5 38 1
5 41 -1
5 42 1
5 46 1
5 47 -1
5 57 -1
5 59 -1
5 64 -1
5 69 -1
5 74 -1
5 79 -1
5 87 -1
6 2 -1
6 7 -1
6 19 -1
6 29 -1
6 33 1
6 39 -1
6 40 -1
6 48 -1
6 58 -1
6 61 -1
6 63 -1
6 65 -1
6 68 -1
6 71 -1
6 81 1
6 84 -1
6 86 -1
6 87 -1
6 88 -1
6 89 -1
6 90 -1
7 2 -1
7 8 1
7 12 -1
7 13 -1
7 17 -1
7 19 -1
7 23 1
7 29 -1
7 32 -1
7 33 -1
7 35 1
7 36 -1
7 40 -1
7 44 1
7 52 -1
7 53 -1
7 57 1
7 62 -1
7 76 -1
7 78 -1
7 81 1
7 82 -1
7 83 -1
7 86 1
7 87 -1
7 89 -1
8 6 -1
8 13 1
8 23 1
8 24 1
8 32 -1
8 35 1
8 39 -1
8 43 -1
8 46 -1
8 48 -1
8 50 -1
8 53 -1
8 55 1
8 58 -1
8 60 -1
8 61 -1
8 65 -1
8 83 -1
8 85 -1
8 88 -1
8 90 -1
9 3 -1
9 5 -1
9 8 1
9 12 -1
9 15 -1
9 19 -1
9 23 -1
9 26 -1
9 32 -1
9 33 1
9 35 -1
9 36 -1
9 48 -1
9 49 -1
9 50 -1
9 51 -1
9 53 -1
9 60 -1
9 64 -1
9 67 -1
9 70 1
9 71 -1
9 73 -1
9 76 1
9 82 1
9 87 1
9 88 -1
9 89 -1
9 90 1
10 2 -1
10 4 -1
10 9 1
10 13 -1
10 18 -1
10 20 -1
10 22 1
10 24 -1
10 26 -1
10 38 -1
10 39 -1
10 46 -1
10 47 -1
10 49 -1
10 55 1
10 57 -1
10 60 -1
10 64 -1
10 65 -1
10 66 1
10 68 -1
10 71 -1
10 72 -1
10 79 -1
10 80 1
11 4 -1
11 7 1
11 9 -1
11 13 -1
11 19 -1
11 20 -1
11 23 -1
11 24 -1
11 26 -1
11 28 -1
11 29 1
11 30 -1
11 31 -1
11 35 1
11 37 -1
11 44 -1
11 45 -1
11 47 -1
11 56 -1
11 61 -1
11 63 -1
11 66 -1
11 71 1
11 77 -1
11 80 -1
12 6 1
12 10 -1
12 13 1
12 17 -1
12 25 1
12 26 -1
12 32 -1
12 40 -1
12 48 -1
12 49 -1
12 64 -1
12 71 -1
12 75 -1
12 78 -1
12 82 1
12 83 -1
12 86 1
12 87 -1
13 2 1
13 15 -1
13 21 -1
13 24 -1
13 28 1
13 34 -1
13 35 -1
13 39 -1
13 41 -1
13 47 -1
13 50 -1
13 51 1
13 57 -1
13 58 1
13 64 -1
13 65 -1
13 74 -1
13 76 1
13 87 1
13 90 -1
14 5 -1
14 8 1
14 11 -1
14 18 -1
14 25 -1
14 31 -1
14 34 -1
14 38 -1
14 39 1
14 43 -1
14 44 -1
14 45 1
14 46 -1
14 49 -1
14 52 -1
14 64 -1
14 67 -1
14 68 1
14 70 -1
14 73 -1
14 77 -1
14 82 1
14 87 -1
14 89 -1
15 1 -1
15 2 1
15 4 1
15 16 -1
15 22 -1
15 23 1
15 33 -1
15 34 1
15 38 -1
15 40 -1
15 45 1
15 46 1
15 50 -1
15 53 -1
15 55 1
15 60 -1
15 82 -1
15 86 -1
16 2 1
16 8 -1
16 10 -1
16 18 1
16 21 -1
16 31 -1
16 38 -1
16 41 -1
16 44 1
16 48 -1
16 51 -1
16 53 -1
16 59 -1
16 60 1
16 62 -1
16 64 -1
16 65 -1
16 73 -1
16 78 -1
16 84 1
16 89 -1
17 6 -1
17 10 -1
17 18 -1
17 26 -1
17 30 -1
17 31 -1
17 33 -1
17 34 -1
17 35 -1
17 36 -1
17 40 -1
17 46 -1
17 54 -1
17 57 -1
17 58 -1
17 80 -1
17 86 -1
17 90 -1
18 1 -1
18 6 -1
18 13 -1
18 15 -1
18 31 -1
18 38 -1
18 43 -1
18 45 1
18 46 -1
18 53 1
18 56 -1
18 57 -1
18 59 -1
18 64 -1
18 66 -1
18 72 1
18 78 -1
18 79 -1
18 81 -1
18 88 -1
19 2 -1
19 3 -1
19 8 -1
19 10 -1
19 16 -1
19 18 -1
19 27 -1
19 30 -1
19 31 1
19 34 -1
19 37 -1
19 43 -1
19 52 1
19 54 1
19 55 -1
19 57 -1
19 60 -1
19 63 1
19 71 -1
19 78 -1
20 1 1
20 7 -1
20 12 -1
20 13 -1
20 14 -1
20 22 -1
20 26 -1
20 30 1
20 34 -1
20 51 -1
20 57 -1
20 61 1
20 66 -1
20 73 -1
20 75 -1
20 77 -1
20 86 -1
20 90 1
21 1 -1
21 3 -1
21 5 -1
21 6 -1
21 8 -1
21 9 -1
21 12 -1
21 20 -1
21 22 -1
21 23 1
21 24 -1
21 27 1
21 41 -1
21 42 -1
21 44 -1
21 49 -1
21 50 -1
21 52 -1
21 54 -1
21 55 -1
21 61 1
21 64 -1
21 66 -1
21 67 -1
21 68 1
21 72 -1
21 73 1
21 79 -1
21 80 1
21 85 -1
21 86 -1
21 88 1
22 1 1
22 6 1
22 7 1
22 13 -1
22 16 -1
22 18 -1
22 24 -1
22 28 1
22 30 -1
22 33 -1
22 34 -1
22 40 -1
22 45 -1
22 47 -1
22 48 -1
22 49 1
22 58 1
22 69 1
22 75 -1
22 79 1
22 82 -1
22 89 -1
23 13 -1
23 14 -1
23 18 -1
23 20 1
23 22 -1
23 25 -1
23 29 -1
23 38 -1
23 39 -1
23 55 -1
23 57 1
23 65 -1
23 74 -1
23 75 -1
23 78 -1
23 82 1
23 83 -1
23 85 -1
23 87 -1
23 90 -1
24 1 -1
24 4 1
24 16 -1
24 17 -1
24 19 -1
24 23 1
24 25 1
24 30 -1
24 31 -1
24 32 -1
24 33 1
24 38 -1
24 41 -1
24 46 -1
24 49 1
24 55 -1
24 56 -1
24 63 -1
24 66 -1
24 67 -1
24 70 1
24 73 1
24 75 1
24 81 -1
24 82 -1
24 84 -1
24 90 -1
25 2 -1
25 4 1
25 6 -1
25 8 -1
25 9 -1
25 18 -1
25 19 -1
25 21 -1
25 22 -1
25 27 -1
25 30 -1
25 32 -1
25 41 1
25 43 -1
25 46 -1
25 58 -1
25 64 -1
25 66 -1
25 67 -1
25 68 1
25 71 1
25 79 -1
25 83 -1
25 85 -1
25 87 -1
25 88 -1
26 4 -1
26 7 1
26 14 -1
26 19 -1
26 35 -1
26 40 -1
26 41 -1
26 47 -1
26 56 -1
26 57 1
26 59 -1
26 65 -1
26 68 -1
26 70 1
26 74 1
26 89 -1
26 90 -1
27 3 -1
27 5 -1
27 10 -1
27 15 -1
27 16 -1
27 17 -1
27 18 -1
27 35 -1
27 36 -1
27 40 -1
27 41 -1
27 46 1
27 49 -1
27 52 -1
27 60 1
27 61 -1
27 73 -1
27 85 -1
28 1 -1
28 2 -1
28 3 -1
28 10 1
28 14 -1
28 18 -1
28 19 -1
28 20 -1
28 26 -1
28 37 -1
28 38 -1
28 42 -1
28 44 -1
28 45 -1
28 47 -1
28 51 -1
28 53 -1
28 63 1
28 64 -1
28 65 1
28 66 -1
28 67 -1
28 72 -1
28 78 -1
28 79 -1
28 81 -1
28 86 -1
28 88 -1
28 89 1
28 90 -1
29 1 -1
29 10 -1
29 19 -1
29 24 -1
29 30 -1
29 33 -1
29 35 -1
29 38 -1
29 39 -1
29 53 -1
29 56 1
29 60 1
29 64 -1
29 65 -1
29 66 -1
29 69 -1
29 73 -1
29 77 -1
29 78 -1
29 79 -1
29 81 -1
29 82 -1
29 90 -1
30 1 -1
30 5 -1
30 10 -1
30 16 1
30 18 -1
30 23 1
30 26 -1
30 28 -1
30 34 -1
30 35 1
30 43 -1
30 44 -1
30 50 -1
30 58 -1
30 63 -1
30 74 -1
30 75 -1
30 84 -1
30 86 -1
31 3 -1
31 5 -1
31 7 -1
31 8 -1
31 9 -1
31 10 -1
31 12 -1
31 21 -1
31 27 -1
31 29 -1
31 33 -1
31 35 1
31 37 1
31 43 1
31 45 -1
31 47 -1
31 55 -1
31 60 -1
31 63 -1
31 68 -1
31 73 -1
31 79 -1
31 83 -1
31 87 -1
31 88 -1
31 90 -1
32 4 -1
32 11 -1
32 13 -1
32 16 -1
32 22 -1
32 23 -1
32 28 -1
32 31 -1
32 35 -1
32 39 -1
32 50 1
32 53 -1
32 72 1
32 76 -1
32 77 -1
33 12 -1
33 14 1
33 16 -1
33 21 -1
33 25 -1
33 32 1
33 37 -1
33 43 -1
33 47 -1
33 48 1
33 54 1
33 57 -1
33 60 -1
33 61 -1
33 63 -1
33 67 -1
33 69 -1
33 72 -1
33 79 1
33 87 -1
33 90 1
34 1 -1
34 2 -1
34 9 -1
34 12 1
34 18 -1
34 24 -1
34 26 -1
34 27 1
34 31 -1
34 36 1
34 37 -1
34 38 -1
34 39 -1
34 40 -1
34 44 -1
34 50 -1
34 61 -1
34 64 -1
34 67 -1
34 77 1
34 83 -1
34 85 -1
34 90 -1
35 5 -1
35 6 -1
35 16 1
35 20 1
35 23 -1
35 40 1
35 43 -1
35 46 -1
35 47 1
35 49 -1
35 51 -1
35 53 -1
35 54 1
35 57 -1
35 60 -1
35 66 -1
35 69 -1
35 73 1
35 75 -1
35 82 -1
35 83 -1
35 87 1
35 88 -1
35 90 -1
36 2 -1
36 4 1
36 11 -1
36 13 -1
36 15 -1
36 28 1
36 30 -1
36 33 -1
36 42 -1
36 43 -1
36 46 -1
36 49 -1
36 62 -1
36 65 -1
36 66 -1
36 70 -1
36 90 -1
37 5 -1
37 12 -1
37 13 -1
37 16 -1
37 21 1
37 22 -1
37 35 -1
37 43 -1
37 48 -1
37 63 -1
37 64 -1
37 67 1
37 68 -1
37 71 1
37 76 -1
37 83 -1
37 87 -1
38 1 1
38 6 -1
38 25 -1
38 26 1
38 27 -1
38 30 -1
38 31 -1
38 32 -1
38 35 -1
38 36 -1
38 43 1
38 44 1
38 47 -1
38 50 -1
38 58 1
38 59 -1
38 60 1
38 65 -1
38 67 -1
38 68 -1
38 80 -1
38 83 -1
38 85 1
39 2 -1
39 4 -1
39 7 1
39 16 -1
39 21 -1
39 24 1
39 26 -1
39 36 -1
39 37 -1
39 40 -1
39 43 1
39 45 -1
39 49 -1
39 60 1
39 71 1
39 72 -1
39 78 -1
39 80 -1
39 84 -1
40 1 -1
40 2 -1
40 5 1
40 9 -1
40 11 -1
40 13 -1
40 14 -1
40 18 -1
40 19 1
40 23 -1
40 24 -1
40 38 1
40 47 -1
40 55 -1
40 64 1
40 68 -1
40 74 -1
40 77 -1
40 78 1
40 82 -1
40 83 -1
40 85 -1
40 88 -1
41 6 -1
41 8 -1
41 12 -1
41 14 -1
41 17 -1
41 23 1
41 28 -1
41 29 -1
41 31 -1
41 33 -1
41 40 -1
41 46 -1
41 47 -1
41 56 -1
41 60 -1
41 61 -1
41 66 -1
41 70 1
41 76 -1
41 80 -1
41 81 1
41 86 -1
42 3 1
42 9 -1
42 10 -1
42 11 -1
42 14 -1
42 16 1
42 18 -1
42 19 -1
42 22 -1
42 26 -1
42 29 -1
42 30 -1
42 31 -1
42 33 -1
42 35 1
42 39 -1
42 41 -1
42 49 1
42 51 1
42 52 -1
42 59 -1
42 65 -1
42 67 -1
42 72 -1
42 75 -1
42 77 -1
42 79 1
42 84 -1
42 85 -1
42 86 1
42 89 -1
43 2 -1
43 7 -1
43 11 -1
43 16 -1
43 17 -1
43 23 -1
43 24 1
43 32 -1
43 34 1
43 40 -1
43 41 -1
43 42 -1
43 47 -1
43 52 -1
43 58 -1
43 59 -1
43 61 -1
43 73 -1
43 74 -1
43 81 -1
43 82 -1
43 87 -1
43 88 -1
43 90 1
44 4 -1
44 12 -1
44 15 -1
44 17 -1
44 19 -1
44 20 -1
44 23 -1
44 24 -1
44 26 -1
44 31 -1
44 33 -1
44 35 -1
44 39 -1
44 41 -1
44 42 -1
44 47 1
44 48 -1
44 52 -1
44 55 1
44 59 -1
44 65 -1
44 68 -1
44 75 -1
44 79 -1
44 80 -1
44 81 1
44 87 -1
44 89 -1
45 8 -1
45 16 -1
45 20 -1
45 21 -1
45 27 -1
45 32 -1
45 35 -1
45 38 -1
45 41 -1
45 42 -1
45 47 -1
45 51 -1
45 56 1
45 57 -1
45 58 -1
45 59 -1
45 62 -1
45 63 1
45 65 -1
45 68 -1
45 70 -1
45 84 -1
45 85 -1
45 87 -1
45 89 -1
46 2 -1
46 4 1
46 12 -1
46 13 1
46 23 -1
46 28 -1
46 30 -1
46 32 -1
46 37 -1
46 39 1
46 45 -1
46 48 -1
46 52 1
46 56 1
46 58 -1
46 59 -1
46 64 -1
46 67 -1
46 74 -1
46 78 -1
46 79 -1
46 83 -1
46 84 -1
46 85 -1
46 86 -1
47 1 -1
47 4 -1
47 8 -1
47 15 1
47 16 -1
47 19 -1
47 24 -1
47 29 -1
47 36 -1
47 42 -1
47 49 -1
47 50 -1
47 55 -1
47 56 1
47 58 1
47 60 -1
47 74 -1
47 79 -1
47 82 1
47 86 -1
48 1 -1
48 4 -1
48 5 -1
48 14 -1
48 18 1
48 21 1
48 23 1
48 27 -1
48 28 -1
48 31 -1
48 36 -1
48 39 1
48 40 1
48 47 -1
48 49 -1
48 50 -1
48 52 -1
48 55 -1
48 57 -1
48 62 -1
48 63 1
48 69 -1
48 70 -1
48 78 -1
48 82 -1
48 87 -1
49 2 -1
49 6 -1
49 13 1
49 15 -1
49 16 -1
49 18 -1
49 23 -1
49 29 -1
49 31 -1
49 32 1
49 41 -1
49 43 -1
49 44 -1
49 46 -1
49 53 -1
49 58 -1
49 59 -1
49 67 -1
49 69 -1
49 73 -1
49 79 1
49 81 -1
49 83 -1
49 85 -1
50 3 -1
50 4 -1
50 12 -1
50 20 -1
50 23 -1
50 28 1
50 40 -1
50 41 -1
50 45 -1
50 49 1
50 60 -1
50 62 1
50 63 -1
50 66 1
50 68 1
50 79 1
50 86 1
51 1 -1
51 2 -1
51 14 -1
51 17 -1
51 18 -1
51 21 -1
51 22 -1
51 32 1
51 33 -1
51 34 -1
51 36 1
51 37 -1
51 39 1
51 41 -1
51 43 1
51 44 -1
51 46 -1
51 47 -1
51 60 -1
51 64 -1
51 67 -1
51 70 -1
51 71 -1
51 76 -1
51 80 -1
51 84 1
52 11 -1
52 13 -1
52 17 -1
52 22 -1
52 24 -1
52 30 1
52 31 -1
52 32 1
52 34 -1
52 39 -1
52 40 -1
52 45 -1
52 47 1
52 51 -1
52 55 -1
52 57 -1
52 61 1
52 65 -1
52 66 -1
52 67 -1
52 69 1
52 72 -1
52 78 -1
52 84 -1
52 85 1
52 86 -1
52 88 -1
53 2 1
53 6 -1
53 14 -1
53 17 1
53 23 -1
53 31 -1
53 34 -1
53 36 -1
53 37 -1
53 41 1
53 42 -1
53 43 -1
53 45 -1
53 46 -1
53 51 -1
53 52 -1
53 55 -1
53 60 -1
53 69 -1
53 73 -1
53 80 -1
53 84 -1
53 87 -1
54 10 -1
54 13 -1
54 23 -1
54 26 -1
54 27 1
54 32 -1
54 36 -1
54 37 -1
54 40 -1
54 49 1
54 52 -1
54 53 -1
54 55 -1
54 57 -1
54 73 -1
54 76 -1
54 78 -1
54 81 1
54 83 -1
54 88 1
55 2 -1
55 3 -1
55 4 -1
55 9 -1
55 12 1
55 14 -1
55 30 -1
55 33 -1
55 34 -1
55 35 -1
55 37 -1
55 45 -1
55 46 -1
55 49 -1
55 50 -1
55 51 -1
55 71 -1
55 73 1
55 78 -1
55 82 -1
55 90 -1
56 3 -1
56 4 -1
56 7 -1
56 8 1
56 14 -1
56 15 -1
56 17 -1
56 19 -1
56 22 1
56 23 -1
56 31 -1
56 33 -1
56 36 1
56 38 -1
56 39 -1
56 40 -1
56 44 -1
56 48 -1
56 49 -1
56 50 -1
56 51 1
56 55 -1
56 61 -1
56 63 1
56 68 1
56 69 -1
56 72 -1
56 80 -1
56 83 -1
56 89 1
57 4 -1
57 6 -1
57 9 -1
57 11 -1
57 12 -1
57 28 -1
57 41 -1
57 44 -1
57 53 -1
57 58 -1
57 60 -1
57 61 -1
57 63 -1
57 66 -1
57 74 -1
57 87 -1
57 88 1
57 89 -1
58 2 -1
58 12 1
58 14 -1
58 15 -1
58 18 -1
58 23 1
58 28 -1
58 29 -1
58 37 -1
58 50 -1
58 54 -1
58 60 -1
58 66 -1
58 67 -1
58 68 -1
58 69 -1
58 72 1
58 76 -1
58 82 -1
58 86 1
58 87 -1
58 88 -1
59 1 -1
59 10 -1
59 11 -1
59 15 1
59 24 -1
59 27 -1
59 34 -1
59 41 -1
59 52 1
59 56 -1
59 57 -1
59 58 -1
59 62 -1
59 66 -1
59 72 -1
59 77 -1
59 78 -1
59 80 1
59 82 1
60 6 -1
60 7 -1
60 13 -1
60 14 -1
60 17 -1
60 20 -1
60 24 1
60 25 -1
60 40 -1
60 42 -1
60 43 1
60 48 -1
60 52 -1
60 55 -1
60 56 -1
60 59 -1
60 61 -1
60 65 -1
60 71 -1
60 76 -1
60 82 -1
60 83 -1
60 88 -1
60 90 -1
61 1 -1
61 2 -1
61 5 -1
61 9 -1
61 12 1
61 13 1
61 14 -1
61 15 1
61 16 1
61 24 -1
61 25 -1
61 26 -1
61 28 -1
61 31 -1
61 32 -1
61 35 -1
61 40 -1
61 45 -1
61 47 -1
61 51 -1
61 53 -1
61 71 1
61 88 1
61 90 -1
62 1 -1
62 12 -1
62 13 -1
62 14 -1
62 17 -1
62 21 -1
62 22 1
62 23 -1
62 24 -1
62 25 -1
62 30 1
62 33 -1
62 35 -1
62 38 -1
62 46 -1
62 52 -1
62 54 -1
62 73 -1
62 76 -1
62 77 -1
62 78 -1
62 79 -1
62 80 -1
62 85 -1
62 87 -1
62 88 1
63 3 1
63 10 -1
63 14 -1
63 20 -1
63 26 -1
63 29 -1
63 32 1
63 36 -1
63 44 -1
63 47 -1
63 52 -1
63 55 1
63 59 -1
63 76 -1
63 81 -1
63 87 1
64 2 -1
64 4 1
64 7 -1
64 22 -1
64 26 -1
64 27 1
64 30 -1
64 31 -1
64 36 -1
64 41 -1
64 42 -1
64 43 -1
64 47 -1
64 54 -1
64 55 -1
64 60 -1
64 62 -1
64 63 -1
64 65 -1
64 70 1
64 71 1
64 73 -1
64 75 -1
64 83 1
64 84 -1
64 87 -1
65 3 -1
65 4 1
65 11 1
65 14 -1
65 22 1
65 27 -1
65 39 -1
65 41 -1
65 43 1
65 50 -1
65 70 -1
65 74 -1
65 75 -1
65 79 -1
65 80 -1
65 82 1
65 85 -1
65 88 -1
66 2 -1
66 8 -1
66 12 -1
66 14 -1
66 15 1
66 19 -1
66 26 -1
66 27 -1
66 30 1
66 32 -1
66 34 -1
66 37 -1
66 44 -1
66 47 -1
66 48 -1
66 55 1
66 65 -1
66 75 -1
66 77 1
66 88 -1
66 90 -1
67 2 -1
67 7 1
67 10 1
67 11 -1
67 12 -1
67 16 1
67 26 -1
67 32 1
67 35 1
67 36 -1
67 39 -1
67 43 1
67 54 -1
67 57 -1
67 72 1
67 75 -1
67 83 -1
67 87 1
67 90 -1
68 2 -1
68 7 -1
68 8 1
68 15 -1
68 16 -1
68 17 -1
68 18 -1
68 22 -1
68 24 -1
68 39 -1
68 41 -1
68 42 -1
68 53 1
68 59 1
68 60 -1
68 62 1
68 66 -1
68 67 1
68 70 -1
68 76 1
68 77 1
68 81 -1
68 84 1
68 85 -1
68 87 -1
68 89 -1
69 1 -1
69 7 -1
69 10 -1
69 11 -1
69 14 -1
69 15 -1
69 26 -1
69 27 -1
69 37 -1
69 39 -1
69 40 -1
69 41 1
69 43 -1
69 45 -1
69 50 1
69 51 1
69 57 -1
69 59 -1
69 61 -1
69 62 -1
69 64 -1
69 65 -1
69 66 1
69 70 -1
69 71 -1
69 73 -1
69 76 -1
69 85 1
70 1 -1
70 5 -1
70 10 -1
70 12 -1
70 13 -1
70 17 -1
70 18 -1
70 19 -1
70 23 -1
70 28 -1
70 30 -1
70 33 -1
70 38 -1
70 40 -1
70 43 -1
70 47 -1
70 55 -1
70 58 -1
70 62 -1
70 78 -1
70 80 -1
70 85 1
70 87 -1
71 1 -1
71 5 1
71 8 -1
71 16 -1
71 17 -1
71 18 -1
71 20 -1
71 21 -1
71 22 1
71 30 -1
71 40 1
71 43 -1
71 44 1
71 46 -1
71 47 -1
71 49 -1
71 53 -1
71 57 -1
71 65 -1
71 72 -1
71 76 1
71 77 -1
71 80 -1
71 86 -1
72 1 -1
72 4 -1
72 9 -1
72 12 1
72 13 1
72 14 -1
72 17 1
72 30 1
72 34 -1
72 36 -1
72 37 -1
72 44 -1
72 46 -1
72 64 -1
72 65 -1
72 66 1
72 68 -1
72 70 1
72 73 -1
72 75 -1
72 83 -1
73 5 -1
73 6 1
73 13 1
73 33 -1
73 34 -1
73 37 -1
73 42 1
73 44 1
73 50 -1
73 51 -1
73 59 -1
73 63 -1
73 68 -1
73 74 -1
73 76 -1
73 78 -1
73 79 -1
73 81 -1
73 82 -1
73 84 -1
73 87 -1
73 88 -1
74 11 -1
74 15 -1
74 19 1
74 29 -1
74 32 -1
74 33 -1
74 36 -1
74 54 1
74 56 -1
74 60 -1
74 67 -1
74 68 -1
74 72 1
74 78 -1
74 80 -1
74 90 -1
75 1 -1
75 2 1
75 5 -1
75 6 -1
75 14 -1
75 15 -1
75 16 -1
75 17 1
75 18 1
75 19 -1
75 27 -1
75 36 -1
75 39 -1
75 43 -1
75 45 -1
75 48 1
75 50 -1
75 51 -1
75 52 -1
75 53 -1
75 54 -1
75 57 1
75 61 -1
75 63 -1
75 68 -1
75 69 -1
75 70 -1
75 83 -1
75 84 -1
75 85 -1
75 90 1
76 1 1
76 4 1
76 15 -1
76 20 -1
76 21 -1
76 23 1
76 24 -1
76 26 1
76 31 1
76 35 -1
76 38 -1
76 39 1
76 46 -1
76 53 -1
76 61 1
76 65 -1
76 75 -1
76 83 -1
76 84 -1
77 5 -1
77 6 -1
77 8 -1
77 12 -1
77 22 -1
77 24 -1
77 25 -1
77 26 -1
77 33 -1
77 36 -1
77 43 -1
77 48 1
77 52 -1
77 61 -1
77 65 -1
77 69 -1
77 75 1
77 76 -1
77 90 -1
78 9 -1
78 24 1
78 25 -1
78 33 -1
78 35 -1
78 42 -1
78 43 -1
78 45 -1
78 63 -1
78 71 -1
78 86 -1
78 88 -1
78 89 -1
78 90 -1
79 1 -1
79 6 1
79 7 -1
79 15 -1
79 17 -1
79 24 -1
79 26 -1
79 30 -1
79 32 1
79 34 -1
79 35 -1
79 38 -1
79 39 1
79 41 -1
79 51 -1
79 53 -1
79 56 1
79 57 -1
79 59 1
79 60 -1
79 66 -1
79 70 1
79 74 -1
79 77 -1
79 81 -1
80 3 1
80 4 -1
80 6 1
80 16 -1
80 19 -1
80 22 -1
80 23 -1
80 26 -1
80 27 1
80 28 -1
80 31 -1
80 32 1
80 35 -1
80 45 -1
80 49 -1
80 50 1
80 54 -1
80 57 -1
80 66 -1
80 73 -1
80 76 -1
80 78 1
80 86 -1
80 87 -1
80 90 1
81 2 -1
81 3 -1
81 5 -1
81 13 -1
81 23 1
81 32 -1
81 33 1
81 36 -1
81 40 -1
81 42 -1
81 47 1
81 50 1
81 52 1
81 55 1
81 69 -1
81 71 -1
81 74 1
81 75 -1
81 76 1
81 77 -1
81 80 -1
81 85 -1
81 89 -1
82 4 -1
82 5 -1
82 6 1
82 18 -1
82 26 -1
82 31 -1
82 33 -1
82 34 -1
82 37 -1
82 38 1
82 42 -1
82 45 -1
82 46 -1
82 51 -1
82 52 -1
82 53 -1
82 61 -1
82 62 -1
82 67 -1
82 71 -1
82 75 -1
82 77 -1
82 78 1
82 79 -1
82 85 -1
82 88 -1
82 89 1
82 90 -1
83 6 -1
83 13 -1
83 17 -1
83 19 -1
83 22 1
83 24 -1
83 26 -1
83 29 -1
83 36 1
83 39 -1
83 48 -1
83 51 -1
83 53 -1
83 57 -1
83 58 -1
83 61 1
83 62 -1
83 65 -1
83 69 1
83 73 -1
83 74 -1
83 79 -1
83 80 -1
83 84 1
83 87 -1
83 89 -1
84 1 -1
84 2 -1
84 3 -1
84 5 -1
84 11 1
84 17 -1
84 21 -1
84 29 -1
84 32 -1
84 36 -1
84 49 -1
84 50 -1
84 58 -1
84 59 -1
84 61 -1
84 62 -1
84 66 -1
84 67 -1
84 70 -1
84 74 -1
84 81 -1
84 82 -1
85 10 -1
85 14 -1
85 15 -1
85 17 -1
85 19 -1
85 20 1
85 24 -1
85 29 -1
85 30 -1
85 32 -1
85 33 -1
85 43 -1
85 44 -1
85 51 -1
85 54 -1
85 66 -1
85 67 1
85 77 -1
85 80 -1
85 86 -1
86 1 1
86 2 -1
86 5 -1
86 11 -1
86 14 -1
86 18 -1
86 22 -1
86 24 -1
86 25 -1
86 34 -1
86 35 -1
86 37 -1
86 45 -1
86 49 -1
86 51 -1
86 53 -1
86 57 -1
86 60 -1
86 66 -1
86 69 -1
86 75 -1
86 76 -1
86 77 -1
86 79 -1
86 81 -1
86 83 -1
86 88 -1
87 1 -1
87 2 -1
87 3 1
87 10 -1
87 17 -1
87 22 -1
87 27 -1
87 28 -1
87 29 -1
87 32 -1
87 36 -1
87 38 -1
87 39 -1
87 40 -1
87 41 -1
87 46 1
87 52 -1
87 61 -1
87 65 -1
87 71 -1
87 76 -1
87 79 -1
87 86 -1
88 2 -1
88 11 -1
88 12 1
88 13 1
88 19 -1
88 20 -1
88 24 -1
88 26 -1
88 29 -1
88 30 -1
88 34 -1
88 48 -1
88 49 -1
88 53 -1
88 56 -1
88 59 -1
88 67 -1
88 68 1
88 70 -1
88 79 -1
88 87 -1
89 2 -1
89 12 -1
89 18 -1
89 20 1
89 23 -1
89 27 1
89 31 -1
89 34 -1
89 38 1
89 51 -1
89 55 -1
89 62 -1
89 63 -1
89 65 -1
89 69 -1
89 70 1
89 72 -1
89 75 -1
89 77 -1
89 79 -1
90 4 1
90 5 -1
90 10 1
90 14 -1
90 16 -1
90 19 -1
90 30 -1
90 39 -1
90 42 -1
90 47 1
90 51 -1
90 52 -1
90 54 -1
90 57 -1
90 68 -1
90 71 1
90 76 -1
90 85 -1
