vertices: 150 edges: 5587
1 2 1
1 12 -1
1 14 1
1 20 -1
1 41 1
1 43 -1
1 50 -1
1 51 -1
1 52 -1
1 56 -1
1 62 -1
1 68 -1
1 79 -1
1 80 -1
1 84 1
1 86 -1
1 88 -1
1 90 -1
1 94 -1
1 96 -1
1 98 -1
1 99 -1
1 102 -1
1 105 -1
1 108 -1
1 117 1
1 121 -1
1 123 1
1 124 -1
1 129 -1
1 130 -1
1 133 -1
1 135 -1
1 136 -1
1 137 -1
1 139 1
1 146 -1
1 148 -1
1 149 -1
2 4 -1
2 11 -1
2 17 -1
2 25 -1
2 27 1
2 29 -1
2 30 -1
2 34 1
2 36 1
2 37 -1
2 40 -1
2 49 -1
2 51 -1
2 56 -1
2 57 -1
2 59 -1
2 62 -1
2 63 -1
2 67 -1
2 71 -1
2 74 1
2 75 1
2 76 -1
2 77 -1
2 80 -1
2 81 -1
2 82 1
2 88 -1
2 90 -1
2 103 -1
2 105 -1
2 106 -1
2 110 -1
2 124 1
2 138 -1
2 140 -1
2 144 -1
3 2 -1
3 6 -1
3 8 -1
3 12 -1
3 16 -1
3 17 1
3 18 -1
3 21 -1
3 22 -1
3 26 -1
3 31 1
3 32 -1
3 35 -1
3 40 1
3 49 1
3 53 -1
3 56 -1
3 61 -1
3 67 1
3 68 -1
3 69 -1
3 70 -1
3 74 -1
3 75 -1
3 76 1
3 83 -1
3 84 -1
3 98 -1
3 103 -1
3 104 -1
3 105 -1
3 113 -1
3 120 1
3 121 -1
3 122 -1
3 123 -1
3 126 -1
3 135 -1
3 137 -1
3 138 -1
3 147 1
4 1 -1
4 8 -1
4 11 -1
4 13 -1
4 18 -1
4 19 -1
4 21 -1
4 26 -1
4 31 -1
4 33 -1
4 36 -1
4 41 -1
4 42 -1
4 48 1
4 64 -1
4 73 -1
4 85 -1
4 89 -1
4 90 1
4 91 -1
4 92 -1
4 93 -1
4 94 -1
4 100 1
4 104 -1
4 108 -1
4 109 -1
4 116 -1
4 119 -1
4 123 -1
4 124 -1
4 127 -1
4 136 -1
4 146 -1
4 148 -1
5 2 1
5 3 -1
5 6 1
5 22 -1
5 28 -1
5 32 -1
5 33 1
5 38 -1
5 43 -1
5 44 1
5 51 -1
5 57 1
5 58 -1
5 63 -1
5 65 -1
5 78 -1
5 79 1
5 82 -1
5 91 -1
5 92 -1
5 95 -1
5 98 -1
5 102 -1
5 104 1
5 108 1
5 109 -1
5 111 1
5 113 1
5 116 -1
5 119 -1
5 122 -1
5 124 -1
5 130 1
5 133 1
5 134 -1
5 136 1
5 137 -1
5 139 -1
5 140 -1
5 145 1
5 149 -1
6 2 -1
6 8 -1
6 9 -1
6 14 -1
6 29 -1
6 32 -1
6 44 -1
6 55 -1
6 58 1
6 61 1
6 62 -1
6 65 -1
6 73 -1
6 76 -1
6 85 -1
6 97 -1
6 98 -1
6 105 -1
6 110 -1
6 113 -1
6 122 -1
6 123 -1
6 125 1
6 127 -1
6 142 -1
6 143 -1
6 144 1
7 1 -1
7 4 1
7 5 -1
7 9 -1
7 11 1
7 17 -1
7 26 -1
7 28 -1
7 32 1
7 33 1
7 34 -1
7 37 -1
7 40 1
7 44 -1
7 47 -1
7 50 -1
7 52 -1
7 55 1
7 60 1
7 66 -1
7 75 -1
7 76 -1
7 83 -1
7 85 -1
7 86 1
7 89 -1
7 93 -1
7 95 1
7 97 -1
7 109 -1
7 114 1
7 116 -1
7 118 -1
7 122 -1
7 127 -1
7 131 -1
7 135 -1
7 138 -1
7 140 -1
7 147 -1
8 1 -1
8 7 -1
8 11 -1
8 12 -1
8 13 -1
8 15 -1
8 17 -1
8 19 -1
8 32 1
8 33 1
8 36 1
8 39 -1
8 43 -1
8 50 -1
8 51 -1
8 53 -1
8 58 1
8 66 -1
8 78 -1
8 79 -1
8 80 1
8 83 -1
8 90 -1
8 91 -1
8 95 -1
8 97 -1
8 106 -1
8 112 -1
8 118 -1
8 121 -1
8 124 -1
8 126 -1
8 129 -1
8 133 -1
8 135 -1
8 140 -1
8 143 -1
8 144 -1
9 1 -1
9 3 -1
9 8 -1
9 16 -1
9 22 1
9 29 -1
9 35 -1
9 37 1
9 39 -1
9 42 -1
9 43 1
9 44 -1
9 47 -1
9 50 1
9 51 -1
9 55 -1
9 56 -1
9 61 -1
9 69 1
9 73 -1
9 76 -1
9 78 -1
9 79 -1
9 82 -1
9 87 -1
9 91 -1
9 94 1
9 98 1
9 100 -1
9 102 -1
9 105 -1
9 113 -1
9 116 -1
9 121 -1
9 126 -1
9 129 -1
9 130 -1
9 132 -1
9 133 -1
9 134 -1
9 135 1
9 136 -1
9 142 1
9 144 -1
10 1 -1
10 3 1
10 5 -1
10 24 -1
10 25 -1
10 29 -1
10 33 -1
10 34 -1
10 46 -1
10 47 -1
10 54 -1
10 55 1
10 56 -1
10 57 1
10 62 -1
10 63 1
10 64 -1
10 71 1
10 72 1
10 80 -1
10 82 -1
10 84 -1
10 86 -1
10 95 -1
10 96 -1
10 98 -1
10 102 -1
10 112 -1
10 115 -1
10 122 -1
10 130 -1
10 132 -1
10 133 -1
10 145 -1
11 6 1
11 9 -1
11 16 -1
11 17 -1
11 20 -1
11 21 -1
11 22 -1
11 24 1
11 30 -1
11 36 -1
11 38 1
11 39 -1
11 42 -1
11 49 -1
11 51 -1
11 54 1
11 55 -1
11 60 -1
11 61 1
11 64 -1
11 65 -1
11 70 -1
11 72 -1
11 73 -1
11 79 -1
11 81 -1
11 82 -1
11 86 -1
11 92 -1
11 95 -1
11 99 -1
11 105 -1
11 108 -1
11 113 -1
11 116 -1
11 124 -1
11 126 -1
11 140 -1
11 145 -1
11 150 -1
12 4 1
12 9 1
12 10 -1
12 19 1
12 23 -1
12 25 -1
12 27 -1
12 36 1
12 41 -1
12 47 -1
12 53 -1
12 56 1
12 61 -1
12 65 -1
12 70 -1
12 71 -1
12 77 -1
12 78 -1
12 83 -1
12 84 -1
12 86 -1
12 93 -1
12 94 -1
12 105 -1
12 111 -1
12 114 -1
12 115 -1
12 116 -1
12 124 -1
12 128 -1
12 129 -1
12 133 1
12 134 -1
12 135 1
12 137 -1
12 139 -1
12 141 -1
12 147 1
13 5 -1
13 6 1
13 9 -1
13 11 1
13 17 1
13 21 -1
13 22 -1
13 26 1
13 28 1
13 30 -1
13 31 -1
13 33 1
13 36 -1
13 43 -1
13 49 1
13 52 -1
13 54 -1
13 57 -1
13 63 1
13 75 -1
13 78 -1
13 90 1
13 98 -1
13 103 -1
13 105 1
13 108 -1
13 111 -1
13 120 1
13 124 -1
13 137 -1
13 145 -1
13 147 1
13 148 -1
14 3 -1
14 8 -1
14 16 -1
14 21 -1
14 25 -1
14 27 -1
14 29 -1
14 34 -1
14 41 -1
14 57 -1
14 59 1
14 60 -1
14 67 1
14 75 -1
14 77 -1
14 80 -1
14 81 -1
14 82 -1
14 83 -1
14 88 -1
14 93 -1
14 95 -1
14 97 -1
14 100 -1
14 106 -1
14 116 -1
14 117 -1
14 130 -1
14 136 -1
14 137 1
14 138 1
14 144 -1
14 146 -1
15 1 1
15 2 -1
15 6 1
15 13 1
15 16 -1
15 24 1
15 26 -1
15 28 -1
15 30 1
15 31 -1
15 32 -1
15 36 -1
15 37 -1
15 43 -1
15 46 -1
15 47 1
15 49 1
15 53 -1
15 62 -1
15 64 -1
15 75 -1
15 87 -1
15 95 -1
15 101 -1
15 102 -1
15 103 -1
15 106 -1
15 110 -1
15 111 -1
15 114 -1
15 118 -1
15 123 -1
15 143 -1
15 147 1
15 149 -1
15 150 -1
16 1 -1
16 2 -1
16 5 -1
16 8 -1
16 12 -1
16 17 -1
16 19 -1
16 21 -1
16 25 -1
16 26 -1
16 35 -1
16 36 -1
16 57 -1
16 58 -1
16 63 -1
16 68 -1
16 82 -1
16 87 -1
16 90 -1
16 91 -1
16 95 1
16 99 1
16 101 -1
16 108 -1
16 121 -1
16 126 -1
16 129 -1
16 133 -1
16 139 -1
16 145 -1
17 5 -1
17 10 -1
17 15 -1
17 28 -1
17 30 -1
17 32 -1
17 33 -1
17 37 1
17 38 -1
17 39 -1
17 44 -1
17 47 -1
17 52 1
17 54 -1
17 59 -1
17 60 -1
17 63 -1
17 66 -1
17 69 1
17 71 -1
17 72 -1
17 79 -1
17 80 -1
17 81 -1
17 94 -1
17 100 -1
17 111 -1
17 112 1
17 118 -1
17 120 -1
17 122 -1
17 124 -1
17 130 1
17 131 -1
17 132 1
17 135 -1
17 141 -1
17 142 1
17 144 -1
17 146 -1
18 2 -1
18 5 -1
18 7 -1
18 17 -1
18 22 -1
18 25 -1
18 26 -1
18 29 -1
18 30 -1
18 37 -1
18 38 -1
18 39 -1
18 41 -1
18 42 -1
18 45 -1
18 46 -1
18 48 -1
18 59 -1
18 60 -1
18 63 -1
18 64 -1
18 65 -1
18 68 -1
18 70 -1
18 71 -1
18 78 -1
18 80 -1
18 81 -1
18 83 -1
18 85 -1
18 86 -1
18 88 -1
18 96 -1
18 97 -1
18 98 -1
18 99 -1
18 107 -1
18 114 -1
18 118 -1
18 128 -1
18 133 -1
18 135 -1
18 137 -1
18 138 -1
18 146 1
18 148 -1
19 2 1
19 5 -1
19 6 -1
19 7 -1
19 13 -1
19 28 -1
19 31 1
19 38 -1
19 39 -1
19 40 1
19 48 -1
19 53 -1
19 54 -1
19 57 1
19 58 -1
19 62 1
19 63 -1
19 64 -1
19 66 -1
19 68 -1
19 72 -1
19 74 -1
19 83 -1
19 84 -1
19 87 -1
19 90 1
19 92 1
19 95 -1
19 97 -1
19 99 -1
19 101 -1
19 102 -1
19 104 -1
19 112 -1
19 119 -1
19 122 -1
19 124 1
19 125 -1
19 130 -1
19 133 1
19 136 -1
19 138 -1
19 139 -1
19 146 -1
19 150 -1
20 2 -1
20 4 -1
20 7 1
20 14 1
20 15 -1
20 24 1
20 30 -1
20 39 -1
20 42 -1
20 45 -1
20 46 -1
20 55 -1
20 63 -1
20 66 -1
20 70 -1
20 75 -1
20 77 -1
20 89 -1
20 94 -1
20 111 -1
20 113 -1
20 120 -1
20 121 -1
20 124 -1
20 129 -1
20 135 1
20 139 -1
20 143 -1
20 145 1
21 2 1
21 6 -1
21 15 -1
21 17 -1
21 26 -1
21 27 1
21 32 -1
21 36 -1
21 38 -1
21 43 -1
21 45 -1
21 53 1
21 57 -1
21 58 1
21 59 1
21 60 -1
21 62 1
21 65 -1
21 67 1
21 70 -1
21 104 -1
21 108 -1
21 113 -1
21 119 1
21 129 -1
21 130 -1
21 133 -1
21 134 -1
21 142 -1
21 143 -1
21 145 1
21 146 -1
21 147 -1
22 2 -1
22 4 -1
22 10 -1
22 16 -1
22 17 -1
22 23 -1
22 27 -1
22 30 1
22 34 -1
22 46 -1
22 49 -1
22 51 -1
22 55 -1
22 62 -1
22 64 -1
22 66 -1
22 76 -1
22 89 -1
22 100 -1
22 105 -1
22 108 -1
22 109 -1
22 111 -1
22 113 -1
22 115 1
22 116 -1
22 131 -1
22 132 -1
22 133 -1
22 140 -1
22 144 -1
23 1 -1
23 5 1
23 6 -1
23 7 -1
23 8 -1
23 14 -1
23 17 1
23 18 -1
23 24 -1
23 25 -1
23 26 -1
23 32 -1
23 37 -1
23 39 -1
23 45 -1
23 46 -1
23 48 -1
23 51 1
23 52 1
23 53 -1
23 54 -1
23 56 -1
23 57 -1
23 64 1
23 67 -1
23 71 -1
23 84 -1
23 89 -1
23 90 -1
23 91 1
23 96 -1
23 97 1
23 98 -1
23 99 -1
23 103 -1
23 104 -1
23 106 -1
23 107 1
23 113 -1
23 114 -1
23 118 -1
23 122 -1
23 134 -1
23 136 -1
23 137 1
23 140 -1
23 146 -1
23 147 1
23 150 -1
24 4 -1
24 5 -1
24 9 -1
24 12 -1
24 17 1
24 22 -1
24 26 -1
24 29 1
24 32 -1
24 38 -1
24 40 -1
24 42 -1
24 58 1
24 63 1
24 67 -1
24 72 -1
24 73 -1
24 80 -1
24 83 -1
24 84 -1
24 90 -1
24 93 -1
24 97 -1
24 98 -1
24 105 1
24 111 -1
24 113 -1
24 118 1
24 120 -1
24 121 -1
24 126 -1
24 131 -1
24 135 -1
24 138 -1
24 147 1
24 150 -1
25 1 -1
25 6 -1
25 7 -1
25 13 1
25 15 1
25 17 -1
25 19 -1
25 26 -1
25 30 -1
25 31 -1
25 32 -1
25 35 -1
25 41 -1
25 42 -1
25 43 -1
25 44 -1
25 50 -1
25 51 -1
25 52 -1
25 56 -1
25 59 -1
25 62 -1
25 63 1
25 66 -1
25 75 -1
25 76 -1
25 78 1
25 82 1
25 96 -1
25 98 -1
25 100 -1
25 106 -1
25 108 -1
25 113 -1
25 114 1
25 115 -1
25 116 -1
25 118 -1
25 120 -1
25 122 -1
25 124 -1
25 125 1
25 128 -1
25 130 -1
25 136 -1
25 150 -1
26 1 -1
26 2 1
26 5 -1
26 10 -1
26 22 -1
26 39 -1
26 43 -1
26 47 -1
26 48 -1
26 54 -1
26 56 1
26 60 -1
26 63 -1
26 64 -1
26 69 -1
26 70 1
26 75 -1
26 84 1
26 106 1
26 108 1
26 111 1
26 122 -1
26 123 -1
26 125 1
26 126 -1
26 133 -1
26 137 -1
26 149 -1
27 1 -1
27 5 -1
27 7 -1
27 8 1
27 13 -1
27 18 -1
27 19 -1
27 23 -1
27 25 -1
27 26 -1
27 28 -1
27 30 -1
27 32 -1
27 33 -1
27 37 -1
27 38 -1
27 39 -1
27 40 -1
27 42 -1
27 43 -1
27 47 -1
27 57 -1
27 60 -1
27 63 -1
27 64 -1
27 75 1
27 76 1
27 77 -1
27 79 1
27 83 -1
27 84 -1
27 85 -1
27 89 -1
27 92 -1
27 95 -1
27 98 -1
27 104 -1
27 110 -1
27 119 -1
27 124 -1
27 125 -1
27 130 -1
27 136 -1
27 140 -1
27 142 -1
27 143 -1
27 146 1
27 149 -1
27 150 -1
28 6 -1
28 12 -1
28 14 -1
28 20 -1
28 35 -1
28 40 -1
28 46 1
28 49 -1
28 51 -1
28 58 1
28 59 1
28 60 -1
28 66 -1
28 73 -1
28 76 1
28 77 -1
28 82 1
28 83 -1
28 84 1
28 93 1
28 109 -1
28 114 -1
28 116 -1
28 117 -1
28 123 -1
28 128 -1
28 133 -1
28 134 -1
28 135 -1
28 147 -1
29 5 -1
29 7 -1
29 8 -1
29 11 -1
29 16 -1
29 23 1
29 25 1
29 31 -1
29 36 -1
29 37 1
29 40 -1
29 50 -1
29 53 -1
29 54 -1
29 55 -1
29 57 -1
29 59 -1
29 60 -1
29 62 -1
29 64 1
29 79 1
29 81 -1
29 90 -1
29 91 -1
29 94 -1
29 100 -1
29 108 -1
29 122 -1
29 125 -1
29 134 -1
29 137 -1
29 141 -1
29 148 -1
29 150 -1
30 6 -1
30 8 -1
30 24 1
30 29 -1
30 33 -1
30 35 -1
30 44 1
30 45 -1
30 51 -1
30 52 -1
30 55 -1
30 58 1
30 59 -1
30 60 -1
30 65 -1
30 66 -1
30 72 -1
30 85 -1
30 87 1
30 94 -1
30 102 -1
30 105 -1
30 108 -1
30 109 -1
30 120 -1
30 125 1
30 129 -1
30 135 -1
30 140 -1
30 146 -1
30 148 -1
30 149 -1
31 6 -1
31 9 -1
31 16 -1
31 17 -1
31 23 -1
31 27 1
31 36 -1
31 40 1
31 42 -1
31 48 -1
31 59 -1
31 65 1
31 69 -1
31 74 -1
31 82 -1
31 88 -1
31 102 1
31 103 -1
31 113 1
31 114 1
31 115 -1
31 117 -1
31 119 -1
31 120 -1
31 121 1
31 122 -1
31 123 -1
31 124 -1
31 125 -1
31 129 -1
31 130 1
31 134 -1
31 136 -1
31 144 -1
31 145 -1
31 149 -1
32 4 -1
32 12 -1
32 18 1
32 30 -1
32 34 -1
32 44 -1
32 46 -1
32 49 -1
32 51 -1
32 53 1
32 64 1
32 65 -1
32 71 -1
32 74 -1
32 76 1
32 79 -1
32 81 -1
32 84 -1
32 85 -1
32 101 1
32 106 -1
32 109 -1
32 115 -1
32 125 1
32 128 1
32 134 -1
32 138 1
32 141 -1
32 145 -1
33 2 -1
33 9 -1
33 11 -1
33 20 -1
33 21 1
33 22 -1
33 23 -1
33 24 -1
33 28 -1
33 31 -1
33 34 -1
33 35 -1
33 38 1
33 57 -1
33 59 1
33 66 -1
33 77 -1
33 85 -1
33 87 -1
33 88 -1
33 91 -1
33 96 -1
33 99 -1
33 101 -1
33 108 -1
33 114 -1
33 116 1
33 120 -1
33 124 -1
33 125 -1
33 135 1
33 138 -1
33 142 -1
33 146 -1
33 149 -1
33 150 -1
34 6 -1
34 9 -1
34 15 1
34 17 -1
34 23 -1
34 25 1
34 26 -1
34 28 1
34 29 1
34 30 -1
34 38 -1
34 40 -1
34 43 -1
34 46 -1
34 47 -1
34 50 1
34 52 1
34 54 1
34 62 -1
34 67 -1
34 77 -1
34 79 -1
34 81 -1
34 82 -1
34 86 -1
34 88 -1
34 96 1
34 100 -1
34 108 -1
34 112 -1
34 113 -1
34 116 -1
34 124 -1
34 128 -1
34 136 -1
34 141 -1
34 142 1
35 1 1
35 7 -1
35 8 -1
35 11 -1
35 12 -1
35 13 -1
35 15 -1
35 24 -1
35 32 -1
35 36 -1
35 37 1
35 47 -1
35 51 1
35 52 -1
35 54 -1
35 58 1
35 61 -1
35 62 1
35 79 -1
35 84 -1
35 87 -1
35 95 -1
35 98 -1
35 102 -1
35 104 -1
35 106 -1
35 109 -1
35 110 1
35 117 -1
35 126 -1
35 127 -1
35 133 -1
35 136 -1
35 150 -1
36 3 -1
36 10 -1
36 19 -1
36 25 -1
36 26 -1
36 27 -1
36 28 -1
36 46 -1
36 57 -1
36 59 -1
36 60 -1
36 61 -1
36 72 -1
36 80 -1
36 81 -1
36 86 -1
36 98 1
36 108 -1
36 110 1
36 119 -1
36 120 -1
36 127 -1
36 131 -1
36 134 -1
36 145 -1
37 1 1
37 3 -1
37 4 -1
37 5 -1
37 25 -1
37 26 1
37 28 -1
37 31 -1
37 33 -1
37 36 -1
37 38 -1
37 47 -1
37 48 -1
37 52 -1
37 57 -1
37 67 -1
37 74 -1
37 77 1
37 79 -1
37 84 -1
37 92 -1
37 93 1
37 96 -1
37 105 -1
37 106 -1
37 118 1
37 122 1
37 123 -1
37 125 -1
37 128 1
37 133 -1
37 134 1
37 135 -1
37 137 -1
37 140 -1
37 149 -1
38 1 1
38 2 -1
38 7 1
38 8 -1
38 9 -1
38 10 -1
38 13 -1
38 14 -1
38 16 -1
38 20 -1
38 22 -1
38 26 -1
38 28 1
38 30 -1
38 31 -1
38 62 -1
38 68 -1
38 72 1
38 73 -1
38 75 -1
38 79 -1
38 90 -1
38 94 -1
38 99 -1
38 100 -1
38 102 -1
38 104 -1
38 109 -1
38 113 -1
38 116 -1
38 120 -1
38 123 -1
38 124 -1
38 125 -1
38 129 -1
38 133 1
38 137 -1
38 141 -1
38 146 -1
39 1 -1
39 4 -1
39 7 1
39 21 -1
39 22 1
39 29 -1
39 30 1
39 31 1
39 33 -1
39 40 -1
39 46 1
39 47 -1
39 48 -1
39 53 -1
39 55 -1
39 62 -1
39 66 -1
39 70 -1
39 77 -1
39 81 -1
39 82 1
39 83 -1
39 88 -1
39 91 1
39 92 -1
39 97 -1
39 98 -1
39 100 -1
39 111 -1
39 113 -1
39 115 1
39 120 1
39 121 -1
39 124 -1
39 125 -1
39 133 1
39 141 -1
39 148 1
39 149 -1
40 4 -1
40 9 -1
40 14 -1
40 16 -1
40 20 -1
40 26 -1
40 44 -1
40 47 -1
40 48 -1
40 51 -1
40 65 -1
40 69 1
40 72 -1
40 75 1
40 79 -1
40 81 -1
40 83 -1
40 84 -1
40 86 -1
40 90 -1
40 99 -1
40 100 -1
40 105 1
40 107 1
40 109 -1
40 118 -1
40 121 -1
40 123 -1
40 126 1
40 129 -1
40 148 -1
40 149 1
40 150 -1
41 2 -1
41 5 1
41 11 -1
41 15 -1
41 24 -1
41 26 -1
41 32 -1
41 34 -1
41 36 -1
41 39 -1
41 42 -1
41 43 -1
41 46 -1
41 53 -1
41 59 -1
41 60 -1
41 61 -1
41 64 -1
41 65 -1
41 67 -1
41 70 -1
41 74 -1
41 76 -1
41 78 -1
41 81 -1
41 84 -1
41 92 1
41 93 -1
41 95 -1
41 97 1
41 106 -1
41 109 -1
41 115 -1
41 120 -1
41 122 -1
41 123 -1
41 124 -1
41 126 1
41 127 -1
41 133 -1
41 137 -1
41 140 -1
41 143 -1
41 148 -1
41 149 -1
42 2 -1
42 6 -1
42 10 -1
42 15 -1
42 19 -1
42 21 -1
42 30 -1
42 32 1
42 33 -1
42 34 -1
42 38 1
42 40 1
42 43 -1
42 48 -1
42 50 1
42 53 -1
42 54 -1
42 57 -1
42 58 -1
42 60 -1
42 63 -1
42 64 -1
42 65 -1
42 68 -1
42 70 -1
42 71 -1
42 83 1
42 86 -1
42 87 -1
42 99 -1
42 101 -1
42 109 -1
42 112 -1
42 113 1
42 117 1
42 124 -1
42 127 -1
42 138 -1
42 139 -1
42 140 -1
42 142 1
42 148 1
43 12 -1
43 18 -1
43 19 -1
43 20 -1
43 22 1
43 28 -1
43 30 -1
43 35 -1
43 36 -1
43 37 -1
43 46 -1
43 50 -1
43 52 -1
43 54 -1
43 55 -1
43 58 -1
43 60 -1
43 63 -1
43 70 -1
43 72 -1
43 76 -1
43 80 -1
43 81 -1
43 87 -1
43 91 1
43 103 -1
43 106 -1
43 107 -1
43 117 -1
43 118 -1
43 124 -1
43 126 -1
43 131 -1
43 133 -1
43 137 1
43 140 -1
43 141 -1
43 143 -1
43 145 -1
43 148 -1
43 149 -1
44 4 -1
44 8 -1
44 10 -1
44 14 -1
44 18 -1
44 20 -1
44 21 -1
44 24 -1
44 26 -1
44 29 -1
44 34 -1
44 35 -1
44 37 -1
44 51 1
44 55 -1
44 56 -1
44 62 -1
44 79 -1
44 83 -1
44 85 -1
44 87 -1
44 89 1
44 91 -1
44 93 1
44 95 -1
44 99 -1
44 100 -1
44 105 -1
44 106 -1
44 114 1
44 121 -1
44 125 1
44 130 -1
44 148 -1
45 3 -1
45 8 1
45 10 1
45 12 -1
45 16 1
45 17 1
45 19 -1
45 22 -1
45 25 1
45 26 -1
45 28 1
45 29 -1
45 31 1
45 32 -1
45 38 -1
45 42 -1
45 47 -1
45 50 -1
45 53 -1
45 59 -1
45 60 1
45 68 -1
45 69 -1
45 70 -1
45 71 -1
45 74 -1
45 79 1
45 89 -1
45 90 1
45 95 -1
45 96 -1
45 97 -1
45 101 -1
45 102 -1
45 113 1
45 115 -1
45 125 -1
45 128 -1
45 138 -1
45 149 -1
46 1 1
46 2 -1
46 3 -1
46 4 -1
46 6 -1
46 25 -1
46 26 -1
46 37 1
46 54 -1
46 56 -1
46 60 -1
46 61 -1
46 76 -1
46 77 1
46 81 -1
46 82 -1
46 87 -1
46 90 1
46 91 -1
46 93 1
46 94 -1
46 98 -1
46 104 -1
46 109 -1
46 110 -1
46 116 -1
46 121 1
46 122 -1
46 135 1
46 136 -1
46 140 -1
46 147 -1
46 150 1
47 20 -1
47 25 -1
47 28 -1
47 29 1
47 43 -1
47 46 -1
47 51 -1
47 64 -1
47 66 -1
47 72 -1
47 73 -1
47 74 -1
47 76 -1
47 77 -1
47 84 -1
47 87 -1
47 90 -1
47 92 -1
47 94 -1
47 100 1
47 109 -1
47 111 -1
47 113 -1
47 117 -1
47 120 -1
47 122 1
47 123 1
47 127 -1
47 129 -1
47 136 -1
47 138 -1
47 142 -1
47 143 -1
48 9 -1
48 12 -1
48 17 -1
48 21 -1
48 25 -1
48 27 -1
48 29 1
48 30 -1
48 34 1
48 35 -1
48 41 -1
48 43 -1
48 45 -1
48 46 -1
48 54 -1
48 57 1
48 59 1
48 61 -1
48 64 -1
48 66 -1
48 69 -1
48 72 -1
48 73 -1
48 76 -1
48 81 -1
48 83 -1
48 85 -1
48 87 -1
48 88 1
48 89 -1
48 93 -1
48 106 -1
48 107 -1
48 110 -1
48 111 -1
48 118 -1
48 119 -1
48 124 -1
48 132 -1
48 133 -1
48 143 1
48 144 -1
48 149 -1
49 1 -1
49 5 -1
49 7 -1
49 10 -1
49 19 -1
49 25 1
49 27 -1
49 36 -1
49 37 1
49 41 -1
49 47 -1
49 50 1
49 54 -1
49 56 -1
49 58 -1
49 60 -1
49 62 -1
49 68 1
49 69 1
49 70 -1
49 73 -1
49 74 -1
49 80 1
49 88 -1
49 95 1
49 96 -1
49 112 -1
49 114 1
49 118 -1
49 124 -1
49 125 -1
49 126 -1
49 127 -1
49 128 -1
49 134 1
49 136 -1
49 148 1
50 10 -1
50 12 1
50 15 -1
50 16 1
50 19 -1
50 20 -1
50 21 -1
50 24 1
50 26 -1
50 33 -1
50 38 -1
50 47 -1
50 65 -1
50 68 1
50 70 -1
50 72 1
50 73 -1
50 81 1
50 85 -1
50 86 -1
50 92 1
50 95 -1
50 103 -1
50 105 -1
50 109 -1
50 111 1
50 112 -1
50 113 -1
50 114 -1
50 118 -1
50 124 -1
50 138 -1
50 143 -1
50 146 -1
50 148 -1
50 149 1
51 3 -1
51 4 -1
51 10 -1
51 12 -1
51 16 1
51 21 -1
51 24 -1
51 31 -1
51 34 -1
51 48 1
51 61 -1
51 67 1
51 73 -1
51 80 -1
51 81 1
51 91 -1
51 92 -1
51 93 -1
51 96 -1
51 104 1
51 108 -1
51 109 -1
51 110 1
51 114 -1
51 125 -1
51 129 -1
51 137 -1
51 147 -1
51 148 -1
51 149 -1
52 3 -1
52 9 -1
52 19 -1
52 24 1
52 28 -1
52 38 -1
52 39 -1
52 44 -1
52 48 -1
52 56 -1
52 58 -1
52 62 -1
52 87 -1
52 92 -1
52 93 -1
52 95 -1
52 98 1
52 99 -1
52 109 1
52 117 -1
52 124 -1
52 145 1
52 147 -1
52 148 -1
53 5 -1
53 6 1
53 25 -1
53 26 -1
53 27 -1
53 34 1
53 44 1
53 46 -1
53 47 -1
53 48 -1
53 49 1
53 50 -1
53 65 -1
53 66 1
53 67 -1
53 69 1
53 73 -1
53 75 -1
53 77 -1
53 80 1
53 85 -1
53 99 -1
53 104 -1
53 110 -1
53 113 -1
53 115 -1
53 117 1
53 122 -1
53 126 -1
53 127 -1
53 131 -1
53 134 -1
53 136 -1
53 144 -1
53 146 -1
53 149 -1
54 3 -1
54 7 1
54 20 -1
54 21 -1
54 22 -1
54 32 -1
54 47 -1
54 50 -1
54 53 -1
54 59 -1
54 60 1
54 63 -1
54 64 -1
54 66 1
54 67 1
54 74 1
54 75 1
54 82 -1
54 85 -1
54 91 -1
54 97 -1
54 104 1
54 108 -1
54 110 -1
54 114 -1
54 118 -1
54 124 -1
54 129 -1
54 132 -1
54 135 -1
54 136 1
54 141 1
55 4 -1
55 8 1
55 12 1
55 15 -1
55 16 -1
55 17 -1
55 18 -1
55 23 -1
55 27 -1
55 28 1
55 31 -1
55 32 -1
55 37 1
55 41 -1
55 47 -1
55 48 1
55 53 -1
55 56 -1
55 57 -1
55 70 1
55 73 -1
55 78 1
55 80 -1
55 85 -1
55 86 -1
55 92 -1
55 94 -1
55 100 1
55 101 -1
55 102 1
55 106 -1
55 118 -1
55 124 -1
55 132 1
55 134 -1
55 138 -1
55 140 -1
55 144 1
55 146 -1
56 4 -1
56 13 -1
56 15 -1
56 17 -1
56 27 -1
56 29 -1
56 32 -1
56 33 -1
56 38 -1
56 40 -1
56 50 -1
56 53 1
56 60 -1
56 63 -1
56 65 -1
56 67 1
56 68 1
56 69 -1
56 70 -1
56 72 -1
56 76 -1
56 82 -1
56 86 -1
56 88 -1
56 90 -1
56 93 -1
56 97 -1
56 102 -1
56 107 -1
56 108 -1
56 112 -1
56 115 -1
56 118 -1
56 119 -1
56 132 -1
56 135 -1
56 137 -1
56 138 -1
56 144 -1
56 150 -1
57 4 1
57 6 -1
57 8 -1
57 15 -1
57 28 -1
57 30 1
57 32 -1
57 39 -1
57 41 -1
57 50 -1
57 56 -1
57 64 1
57 67 -1
57 71 -1
57 72 1
57 76 -1
57 78 -1
57 81 -1
57 84 -1
57 87 -1
57 98 1
57 110 -1
57 113 1
57 114 -1
57 115 -1
57 122 1
57 124 -1
57 125 1
57 126 -1
57 144 1
57 147 -1
57 148 -1
58 1 -1
58 3 -1
58 4 -1
58 7 1
58 10 -1
58 15 1
58 23 -1
58 26 -1
58 36 1
58 40 1
58 46 -1
58 53 -1
58 54 -1
58 55 1
58 62 -1
58 63 1
58 67 -1
58 68 -1
58 70 1
58 74 -1
58 75 -1
58 77 -1
58 93 1
58 102 1
58 105 -1
58 106 -1
58 110 -1
58 113 -1
58 114 -1
58 115 -1
58 117 -1
58 118 -1
58 131 -1
58 133 -1
58 136 -1
58 140 -1
58 143 -1
58 146 1
59 4 -1
59 8 -1
59 13 -1
59 15 -1
59 19 -1
59 23 -1
59 24 -1
59 26 -1
59 38 -1
59 42 -1
59 43 -1
59 44 -1
59 55 -1
59 61 -1
59 64 -1
59 71 1
59 75 -1
59 77 -1
59 78 -1
59 82 1
59 83 -1
59 95 -1
59 98 -1
59 100 -1
59 104 -1
59 114 1
59 120 -1
59 122 -1
59 131 -1
59 133 -1
59 134 -1
59 136 -1
59 139 -1
59 146 -1
60 2 -1
60 3 -1
60 4 -1
60 8 -1
60 23 -1
60 32 -1
60 34 1
60 35 -1
60 37 -1
60 47 -1
60 51 1
60 61 -1
60 67 -1
60 71 -1
60 74 -1
60 76 -1
60 83 1
60 88 -1
60 95 -1
60 106 -1
60 107 -1
60 108 1
60 113 -1
60 121 1
60 123 -1
60 124 -1
60 130 -1
60 131 -1
60 133 1
60 134 1
60 135 -1
60 139 1
60 141 -1
60 145 -1
60 146 -1
60 147 -1
61 13 -1
61 14 1
61 15 -1
61 16 -1
61 17 -1
61 18 -1
61 19 -1
61 20 -1
61 21 1
61 26 -1
61 30 -1
61 31 -1
61 37 -1
61 38 -1
61 40 -1
61 42 -1
61 45 -1
61 49 -1
61 53 -1
61 54 -1
61 55 -1
61 58 -1
61 62 -1
61 64 -1
61 65 -1
61 67 -1
61 69 -1
61 71 -1
61 72 -1
61 73 -1
61 74 -1
61 79 1
61 81 -1
61 86 -1
61 102 -1
61 106 -1
61 107 -1
61 109 -1
61 122 -1
61 124 -1
61 131 -1
61 135 -1
61 136 -1
61 138 -1
61 142 -1
61 146 -1
61 149 -1
62 4 1
62 7 -1
62 9 -1
62 14 -1
62 18 -1
62 24 -1
62 28 -1
62 30 -1
62 37 -1
62 40 -1
62 43 -1
62 45 -1
62 55 -1
62 65 -1
62 70 -1
62 71 -1
62 74 -1
62 75 -1
62 76 1
62 79 -1
62 80 -1
62 83 -1
62 85 1
62 91 -1
62 94 1
62 97 -1
62 103 -1
62 113 -1
62 115 -1
62 116 1
62 117 -1
62 121 -1
62 122 -1
62 123 1
62 128 -1
62 131 1
62 132 1
62 137 -1
62 139 -1
62 141 -1
62 144 -1
62 145 -1
62 149 -1
63 3 1
63 4 -1
63 6 -1
63 9 -1
63 12 -1
63 15 -1
63 29 -1
63 32 -1
63 36 -1
63 39 1
63 41 1
63 45 -1
63 47 1
63 49 -1
63 51 -1
63 52 -1
63 53 -1
63 57 1
63 60 -1
63 61 1
63 65 -1
63 68 1
63 71 -1
63 74 -1
63 76 -1
63 79 -1
63 83 -1
63 84 -1
63 85 -1
63 86 -1
63 87 -1
63 88 -1
63 97 -1
63 105 -1
63 107 -1
63 112 -1
63 118 -1
63 119 -1
63 123 -1
63 127 1
63 130 -1
63 131 -1
63 136 1
63 140 -1
63 145 -1
63 147 -1
63 150 -1
64 2 -1
64 3 -1
64 5 -1
64 6 -1
64 7 -1
64 13 1
64 14 -1
64 20 -1
64 28 -1
64 33 -1
64 34 -1
64 36 -1
64 37 -1
64 44 -1
64 46 1
64 49 -1
64 65 -1
64 66 -1
64 71 -1
64 75 -1
64 76 -1
64 77 -1
64 82 -1
64 84 1
64 92 -1
64 93 1
64 95 -1
64 110 -1
64 117 -1
64 122 1
64 125 1
64 127 -1
64 128 -1
64 133 -1
64 135 -1
64 145 -1
64 146 -1
65 1 1
65 8 1
65 10 -1
65 15 -1
65 24 1
65 26 -1
65 28 -1
65 34 -1
65 38 -1
65 39 -1
65 43 -1
65 45 -1
65 47 -1
65 48 -1
65 51 -1
65 66 -1
65 72 -1
65 76 -1
65 87 -1
65 90 -1
65 92 1
65 93 1
65 104 -1
65 114 -1
65 116 -1
65 120 -1
65 121 -1
65 129 -1
65 134 -1
65 136 -1
65 138 1
65 142 -1
65 143 -1
65 147 -1
65 148 -1
65 150 -1
66 5 -1
66 6 1
66 9 -1
66 10 -1
66 11 -1
66 18 -1
66 24 -1
66 26 -1
66 31 1
66 32 -1
66 36 -1
66 37 -1
66 40 -1
66 45 1
66 50 -1
66 52 -1
66 60 -1
66 62 1
66 67 1
66 68 -1
66 69 -1
66 70 -1
66 72 -1
66 80 1
66 86 -1
66 101 1
66 102 -1
66 103 -1
66 110 -1
66 111 -1
66 115 -1
66 120 -1
66 126 -1
66 133 -1
66 135 -1
66 137 -1
66 139 -1
66 140 -1
66 148 -1
67 6 -1
67 11 -1
67 12 -1
67 16 -1
67 18 1
67 22 -1
67 27 -1
67 28 -1
67 30 -1
67 33 -1
67 36 -1
67 38 -1
67 46 -1
67 47 -1
67 55 -1
67 62 -1
67 69 -1
67 70 -1
67 73 -1
67 82 -1
67 93 -1
67 96 -1
67 97 -1
67 101 -1
67 102 -1
67 108 1
67 109 -1
67 111 -1
67 113 -1
67 124 -1
67 127 -1
67 129 -1
67 132 -1
67 133 -1
67 136 -1
67 137 -1
67 138 -1
67 139 1
67 142 -1
67 144 -1
67 145 1
67 146 1
68 5 -1
68 6 1
68 8 -1
68 13 -1
68 14 1
68 22 1
68 23 -1
68 24 -1
68 30 -1
68 32 -1
68 34 -1
68 35 -1
68 36 -1
68 39 1
68 40 1
68 41 -1
68 47 1
68 57 -1
68 67 1
68 79 1
68 80 -1
68 83 -1
68 90 -1
68 91 -1
68 94 -1
68 103 -1
68 106 -1
68 111 -1
68 113 -1
68 121 -1
68 124 1
68 125 -1
68 130 -1
68 141 -1
68 145 -1
68 146 -1
68 147 -1
68 150 1
69 2 -1
69 5 1
69 6 1
69 11 -1
69 12 -1
69 14 1
69 15 -1
69 28 1
69 34 -1
69 37 -1
69 42 -1
69 43 -1
69 44 -1
69 47 1
69 54 -1
69 72 -1
69 73 1
69 77 -1
69 78 -1
69 83 -1
69 86 -1
69 99 1
69 108 -1
69 111 -1
69 120 -1
69 124 -1
69 125 -1
69 131 -1
69 139 1
69 141 -1
69 143 -1
70 2 -1
70 4 -1
70 5 -1
70 6 1
70 7 -1
70 8 -1
70 9 -1
70 10 1
70 13 -1
70 28 1
70 35 -1
70 36 -1
70 38 -1
70 53 -1
70 54 -1
70 59 1
70 60 -1
70 72 -1
70 83 1
70 88 1
70 94 -1
70 99 -1
70 100 -1
70 104 -1
70 110 -1
70 115 -1
70 116 1
70 117 -1
70 129 -1
70 133 -1
70 135 -1
70 139 -1
70 142 -1
71 3 -1
71 9 -1
71 11 -1
71 14 -1
71 16 -1
71 19 -1
71 20 1
71 22 1
71 24 -1
71 29 -1
71 35 1
71 36 -1
71 37 -1
71 38 -1
71 41 1
71 43 -1
71 44 1
71 46 -1
71 65 -1
71 68 -1
71 70 -1
71 73 1
71 86 -1
71 93 -1
71 96 -1
71 105 -1
71 107 -1
71 108 1
71 111 1
71 115 1
71 116 -1
71 120 1
71 124 -1
71 131 -1
71 132 1
71 133 1
71 135 -1
71 137 1
71 140 1
71 144 1
71 146 -1
71 148 -1
71 149 1
72 3 -1
72 5 -1
72 8 -1
72 15 -1
72 18 -1
72 21 -1
72 22 -1
72 23 -1
72 27 -1
72 34 1
72 35 -1
72 42 1
72 44 1
72 49 -1
72 54 -1
72 58 -1
72 62 1
72 63 -1
72 64 -1
72 67 -1
72 68 1
72 80 -1
72 95 1
72 100 -1
72 107 -1
72 114 1
72 116 -1
72 117 -1
72 118 -1
72 121 1
72 122 -1
72 132 1
72 133 -1
72 134 -1
72 135 1
72 136 -1
72 138 -1
72 140 -1
72 142 -1
72 143 -1
72 149 1
72 150 1
73 7 -1
73 10 -1
73 16 1
73 18 1
73 21 -1
73 23 -1
73 31 -1
73 33 1
73 34 1
73 36 -1
73 41 -1
73 42 -1
73 56 -1
73 57 -1
73 62 -1
73 65 -1
73 66 -1
73 68 -1
73 72 1
73 74 1
73 87 -1
73 90 -1
73 91 -1
73 92 -1
73 93 -1
73 100 1
73 101 -1
73 105 -1
73 116 -1
73 131 -1
73 132 -1
73 134 -1
73 136 -1
73 137 -1
73 143 -1
73 145 -1
73 150 1
74 4 -1
74 5 -1
74 7 -1
74 8 -1
74 11 -1
74 12 -1
74 14 -1
74 15 -1
74 17 -1
74 20 -1
74 30 -1
74 33 -1
74 38 -1
74 39 1
74 40 -1
74 43 -1
74 44 -1
74 46 -1
74 48 -1
74 51 1
74 53 1
74 55 -1
74 59 1
74 64 -1
74 69 -1
74 71 -1
74 72 -1
74 78 -1
74 84 -1
74 88 -1
74 89 -1
74 93 -1
74 95 1
74 102 1
74 107 -1
74 108 -1
74 110 -1
74 114 1
74 120 -1
74 126 -1
74 128 -1
74 134 -1
74 143 -1
74 149 1
75 4 -1
75 10 -1
75 11 1
75 18 -1
75 19 -1
75 22 -1
75 23 -1
75 29 -1
75 31 -1
75 34 1
75 35 -1
75 36 -1
75 37 1
75 39 -1
75 46 -1
75 47 -1
75 52 -1
75 55 1
75 61 -1
75 66 -1
75 67 -1
75 69 1
75 70 -1
75 74 -1
75 76 -1
75 80 1
75 81 -1
75 82 -1
75 85 -1
75 89 -1
75 98 -1
75 99 1
75 102 -1
75 103 -1
75 108 -1
75 111 -1
75 115 -1
75 124 1
75 131 1
75 136 -1
75 150 -1
76 10 1
76 11 -1
76 12 -1
76 13 -1
76 15 -1
76 18 -1
76 19 -1
76 20 1
76 26 -1
76 33 -1
76 37 -1
76 38 -1
76 42 -1
76 49 -1
76 50 -1
76 51 -1
76 52 -1
76 66 -1
76 67 -1
76 68 -1
76 70 -1
76 79 -1
76 83 1
76 84 -1
76 86 1
76 87 -1
76 93 -1
76 99 -1
76 105 -1
76 106 -1
76 113 1
76 116 -1
76 126 -1
76 129 -1
76 132 -1
76 140 -1
76 145 -1
76 147 -1
77 3 -1
77 7 1
77 13 1
77 15 -1
77 21 -1
77 22 -1
77 25 -1
77 29 -1
77 30 -1
77 31 -1
77 32 -1
77 35 -1
77 40 -1
77 43 -1
77 44 1
77 45 -1
77 50 1
77 52 -1
77 57 -1
77 62 -1
77 66 -1
77 70 -1
77 71 -1
77 76 -1
77 81 -1
77 85 1
77 86 -1
77 88 -1
77 97 1
77 99 -1
77 101 -1
77 104 -1
77 105 -1
77 125 -1
77 127 -1
77 128 -1
77 129 -1
77 133 -1
77 138 -1
77 139 1
77 142 -1
77 149 -1
77 150 -1
78 3 -1
78 4 -1
78 14 1
78 16 1
78 21 -1
78 23 -1
78 24 -1
78 26 -1
78 32 -1
78 35 -1
78 36 1
78 39 -1
78 40 -1
78 42 -1
78 43 -1
78 44 -1
78 45 -1
78 49 -1
78 51 -1
78 53 -1
78 58 -1
78 64 -1
78 67 -1
78 71 -1
78 72 -1
78 75 -1
78 76 -1
78 82 -1
78 89 -1
78 96 -1
78 99 -1
78 100 -1
78 103 1
78 110 -1
78 111 -1
78 113 -1
78 114 -1
78 115 -1
78 120 -1
78 123 -1
78 128 -1
78 133 -1
78 137 -1
78 139 -1
78 145 -1
78 148 1
78 149 -1
78 150 1
79 3 -1
79 4 -1
79 10 -1
79 13 -1
79 21 -1
79 24 -1
79 28 -1
79 46 1
79 49 -1
79 50 -1
79 56 1
79 57 -1
79 58 1
79 64 1
79 66 -1
79 72 1
79 74 -1
79 80 -1
79 85 -1
79 87 -1
79 96 -1
79 97 -1
79 100 -1
79 104 -1
79 113 1
79 123 -1
79 124 -1
79 125 -1
79 127 -1
79 129 -1
79 130 -1
79 142 -1
80 3 1
80 4 -1
80 5 -1
80 9 -1
80 12 -1
80 13 -1
80 15 -1
80 16 -1
80 29 1
80 34 -1
80 35 -1
80 37 1
80 38 -1
80 39 -1
80 41 -1
80 46 1
80 48 -1
80 57 -1
80 64 -1
80 65 -1
80 69 -1
80 78 -1
80 85 -1
80 88 -1
80 98 -1
80 113 -1
80 117 1
80 118 -1
80 123 -1
80 127 -1
80 145 1
80 148 -1
80 149 -1
81 3 -1
81 4 -1
81 5 -1
81 10 -1
81 12 1
81 13 -1
81 21 -1
81 35 -1
81 38 1
81 53 -1
81 54 1
81 55 1
81 58 -1
81 59 -1
81 62 -1
81 65 -1
81 67 1
81 68 1
81 70 -1
81 71 -1
81 72 -1
81 73 -1
81 74 1
81 85 -1
81 87 -1
81 90 -1
81 94 1
81 95 -1
81 99 1
81 102 1
81 105 -1
81 106 -1
81 114 -1
81 119 1
81 124 -1
81 126 -1
81 128 -1
81 139 -1
81 149 -1
81 150 -1
82 13 -1
82 15 -1
82 27 1
82 33 -1
82 35 -1
82 43 1
82 45 -1
82 49 1
82 53 -1
82 55 1
82 57 -1
82 60 -1
82 68 1
82 69 -1
82 79 -1
82 84 -1
82 85 -1
82 88 1
82 92 -1
82 94 -1
82 103 -1
82 104 -1
82 111 1
82 115 -1
82 122 -1
82 126 -1
82 127 -1
82 128 -1
82 131 -1
82 133 -1
82 137 1
82 140 -1
82 146 -1
83 1 -1
83 6 -1
83 9 -1
83 23 -1
83 25 -1
83 31 -1
83 32 -1
83 43 1
83 46 -1
83 53 -1
83 54 -1
83 55 -1
83 56 -1
83 57 -1
83 65 -1
83 71 -1
83 75 -1
83 82 -1
83 86 -1
83 91 1
83 92 -1
83 95 -1
83 96 1
83 105 -1
83 112 -1
83 115 -1
83 117 -1
83 123 -1
83 124 -1
83 126 -1
83 127 1
83 128 -1
83 135 -1
83 141 -1
83 144 1
83 145 -1
84 8 -1
84 9 -1
84 13 1
84 14 -1
84 15 -1
84 17 -1
84 20 -1
84 22 -1
84 25 -1
84 33 -1
84 45 -1
84 46 -1
84 48 1
84 52 -1
84 53 -1
84 54 -1
84 55 1
84 66 1
84 68 -1
84 69 1
84 70 -1
84 72 -1
84 75 -1
84 80 -1
84 81 -1
84 92 -1
84 95 1
84 98 1
84 99 -1
84 117 -1
84 119 1
84 122 1
84 125 -1
84 133 -1
84 138 -1
84 140 -1
84 145 -1
84 150 -1
85 1 -1
85 12 -1
85 13 -1
85 19 -1
85 20 -1
85 22 1
85 23 -1
85 24 -1
85 28 -1
85 29 -1
85 36 1
85 38 -1
85 40 -1
85 49 -1
85 52 -1
85 56 -1
85 59 -1
85 64 -1
85 67 -1
85 72 -1
85 83 -1
85 92 -1
85 97 -1
85 98 1
85 105 -1
85 114 -1
85 115 -1
85 124 -1
85 129 1
85 142 -1
85 145 -1
86 2 1
86 5 1
86 21 -1
86 26 -1
86 27 -1
86 33 1
86 35 -1
86 41 -1
86 47 1
86 48 -1
86 49 -1
86 51 -1
86 67 -1
86 68 -1
86 75 -1
86 78 1
86 79 -1
86 82 1
86 90 1
86 92 1
86 93 -1
86 95 -1
86 97 1
86 99 -1
86 103 1
86 104 -1
86 106 -1
86 108 1
86 109 1
86 110 -1
86 114 -1
86 122 -1
86 123 1
86 127 -1
86 130 1
86 140 -1
86 141 -1
86 143 -1
86 147 1
86 148 -1
86 149 -1
87 1 -1
87 2 -1
87 4 -1
87 5 -1
87 7 -1
87 13 1
87 17 -1
87 18 -1
87 20 1
87 21 -1
87 22 -1
87 32 -1
87 40 1
87 45 1
87 49 -1
87 54 -1
87 59 -1
87 61 1
87 64 -1
87 68 1
87 72 -1
87 75 -1
87 78 -1
87 84 -1
87 95 -1
87 96 -1
87 98 1
87 99 -1
87 102 -1
87 104 -1
87 105 -1
87 108 -1
87 109 1
87 113 -1
87 114 -1
87 122 -1
87 123 -1
87 128 -1
87 129 -1
87 130 1
87 131 -1
87 132 1
87 136 -1
87 143 -1
87 144 -1
87 146 -1
87 148 -1
88 4 -1
88 6 1
88 7 -1
88 11 -1
88 12 1
88 19 1
88 21 -1
88 22 -1
88 28 -1
88 32 -1
88 35 -1
88 36 1
88 40 -1
88 41 -1
88 43 -1
88 44 1
88 46 -1
88 51 -1
88 52 -1
88 54 -1
88 55 -1
88 57 -1
88 58 -1
88 59 -1
88 61 -1
88 68 -1
88 69 1
88 71 -1
88 72 -1
88 85 -1
88 87 -1
88 89 -1
88 93 -1
88 94 -1
88 95 -1
88 99 -1
88 100 -1
88 103 1
88 104 -1
88 114 -1
88 117 -1
88 118 -1
88 119 -1
88 122 -1
88 128 -1
88 129 1
88 132 -1
88 133 -1
88 134 -1
88 135 -1
88 142 -1
88 143 1
88 144 1
88 146 1
89 1 -1
89 5 -1
89 8 -1
89 9 -1
89 11 1
89 12 1
89 18 -1
89 19 -1
89 30 -1
89 35 -1
89 37 1
89 38 1
89 39 -1
89 41 -1
89 47 -1
89 51 -1
89 53 -1
89 54 -1
89 55 -1
89 61 -1
89 65 1
89 67 -1
89 71 1
89 76 -1
89 80 1
89 82 -1
89 85 -1
89 92 -1
89 93 1
89 94 1
89 102 -1
89 103 -1
89 104 1
89 108 -1
89 112 -1
89 119 -1
89 121 -1
89 123 -1
89 124 1
89 126 -1
89 133 -1
89 134 -1
89 135 -1
89 149 -1
90 6 -1
90 14 1
90 17 -1
90 35 -1
90 39 -1
90 44 1
90 48 1
90 50 -1
90 53 -1
90 59 -1
90 61 -1
90 63 -1
90 72 -1
90 75 -1
90 80 -1
90 82 -1
90 84 1
90 87 -1
90 88 -1
90 92 -1
90 93 -1
90 95 -1
90 101 -1
90 107 -1
90 108 -1
90 118 -1
90 122 -1
90 125 1
90 126 -1
90 136 -1
90 141 -1
90 142 -1
90 148 -1
90 150 -1
91 3 -1
91 15 1
91 22 -1
91 24 -1
91 27 1
91 31 -1
91 35 -1
91 37 1
91 38 -1
91 40 1
91 55 -1
91 57 -1
91 58 -1
91 60 -1
91 61 -1
91 66 -1
91 71 -1
91 75 -1
91 78 -1
91 85 -1
91 86 -1
91 88 -1
91 93 -1
91 94 -1
91 102 -1
91 104 1
91 107 1
91 110 -1
91 113 -1
91 114 -1
91 116 -1
91 118 -1
91 131 -1
91 134 -1
91 135 -1
91 140 -1
91 144 -1
91 150 -1
92 9 -1
92 15 1
92 17 -1
92 21 1
92 24 1
92 25 -1
92 31 -1
92 32 -1
92 34 -1
92 35 1
92 45 -1
92 46 -1
92 48 -1
92 59 -1
92 60 -1
92 66 1
92 70 1
92 77 -1
92 107 1
92 108 -1
92 115 -1
92 116 -1
92 118 1
92 121 -1
92 126 -1
92 137 -1
92 139 1
92 141 -1
92 150 -1
93 9 -1
93 13 -1
93 17 -1
93 18 -1
93 21 -1
93 29 -1
93 30 -1
93 34 -1
93 38 -1
93 39 1
93 40 -1
93 43 -1
93 49 -1
93 54 1
93 72 -1
93 82 1
93 92 -1
93 105 -1
93 107 -1
93 122 -1
93 134 -1
93 139 -1
93 148 -1
93 149 -1
94 2 -1
94 5 -1
94 6 -1
94 13 -1
94 15 1
94 18 1
94 24 -1
94 31 -1
94 32 -1
94 34 -1
94 40 -1
94 42 -1
94 45 -1
94 50 -1
94 56 1
94 58 -1
94 65 -1
94 66 -1
94 67 -1
94 71 -1
94 74 -1
94 80 -1
94 83 -1
94 87 -1
94 90 -1
94 92 -1
94 96 -1
94 98 -1
94 99 -1
94 100 -1
94 101 -1
94 108 1
94 112 -1
94 114 1
94 122 -1
94 132 -1
94 133 1
94 135 -1
94 138 -1
94 144 -1
94 150 1
95 12 -1
95 13 -1
95 18 -1
95 22 -1
95 23 -1
95 26 -1
95 36 -1
95 42 -1
95 43 -1
95 51 -1
95 53 -1
95 56 -1
95 57 -1
95 66 -1
95 67 -1
95 77 1
95 80 -1
95 91 -1
95 92 -1
95 94 -1
95 96 -1
95 102 -1
95 105 -1
95 109 1
95 110 -1
95 111 1
95 128 1
95 129 -1
95 133 1
95 145 -1
96 3 -1
96 11 -1
96 16 -1
96 20 -1
96 29 -1
96 31 -1
96 36 -1
96 39 -1
96 52 -1
96 58 -1
96 62 -1
96 63 -1
96 64 -1
96 84 -1
96 85 -1
96 93 -1
96 102 1
96 111 1
96 113 1
96 121 -1
96 128 -1
96 136 -1
96 146 -1
96 149 -1
97 3 1
97 11 -1
97 21 -1
97 28 -1
97 29 -1
97 31 1
97 33 -1
97 35 -1
97 43 1
97 46 -1
97 47 1
97 57 -1
97 65 -1
97 66 -1
97 69 -1
97 72 1
97 76 -1
97 78 -1
97 90 1
97 91 -1
97 96 -1
97 103 -1
97 108 -1
97 110 1
97 111 -1
97 113 -1
97 115 1
97 116 -1
97 124 -1
97 125 -1
97 126 -1
97 138 1
97 140 -1
97 141 -1
97 142 -1
97 145 -1
97 147 -1
98 8 -1
98 11 1
98 15 -1
98 19 -1
98 22 1
98 29 -1
98 30 -1
98 40 -1
98 41 1
98 42 -1
98 50 -1
98 53 -1
98 55 1
98 56 -1
98 64 1
98 66 -1
98 67 -1
98 70 -1
98 71 -1
98 72 -1
98 78 -1
98 86 1
98 90 -1
98 91 -1
98 96 -1
98 101 -1
98 104 1
98 113 -1
98 114 -1
98 118 -1
98 119 -1
98 121 -1
98 122 -1
98 126 -1
98 130 -1
98 131 -1
98 133 -1
98 137 -1
98 143 -1
98 144 -1
99 9 -1
99 10 -1
99 12 -1
99 13 -1
99 20 -1
99 27 -1
99 28 -1
99 29 1
99 37 -1
99 46 1
99 48 1
99 50 -1
99 54 -1
99 56 -1
99 58 1
99 59 -1
99 61 -1
99 62 -1
99 63 1
99 66 -1
99 67 1
99 71 -1
99 73 -1
99 74 1
99 79 -1
99 90 -1
99 93 1
99 97 -1
99 101 -1
99 102 -1
99 104 1
99 109 -1
99 111 -1
99 126 -1
99 133 -1
99 137 -1
99 144 -1
99 148 -1
100 1 -1
100 3 -1
100 5 -1
100 6 -1
100 8 -1
100 15 1
100 20 -1
100 23 -1
100 30 1
100 35 -1
100 43 -1
100 45 -1
100 49 -1
100 54 -1
100 56 -1
100 62 -1
100 63 -1
100 65 -1
100 68 1
100 75 -1
100 82 -1
100 84 1
100 85 -1
100 86 -1
100 96 -1
100 98 -1
100 101 -1
100 102 -1
100 104 1
100 105 -1
100 106 -1
100 108 -1
100 111 -1
100 124 -1
100 125 -1
100 128 1
100 129 -1
100 131 1
100 145 -1
101 1 -1
101 14 1
101 20 -1
101 22 -1
101 23 -1
101 24 -1
101 27 -1
101 28 -1
101 30 -1
101 31 -1
101 35 1
101 46 -1
101 50 -1
101 52 -1
101 53 -1
101 54 1
101 57 -1
101 58 -1
101 63 -1
101 69 -1
101 70 -1
101 76 1
101 81 -1
101 82 -1
101 83 -1
101 108 -1
101 109 -1
101 116 1
101 121 1
101 124 -1
101 126 -1
101 127 -1
101 136 1
101 139 -1
101 140 -1
101 141 -1
102 2 -1
102 3 -1
102 4 -1
102 6 1
102 7 -1
102 11 -1
102 13 -1
102 14 -1
102 26 -1
102 32 1
102 34 -1
102 37 1
102 40 -1
102 44 -1
102 46 1
102 49 -1
102 52 -1
102 57 -1
102 65 1
102 70 -1
102 76 1
102 77 1
102 80 -1
102 84 -1
102 88 -1
102 90 -1
102 92 -1
102 93 -1
102 108 -1
102 116 1
102 117 -1
102 118 1
102 128 -1
102 133 -1
102 140 -1
102 142 -1
102 146 -1
102 147 -1
103 5 -1
103 10 -1
103 14 -1
103 16 -1
103 22 -1
103 25 -1
103 28 1
103 29 1
103 37 -1
103 38 -1
103 40 -1
103 42 1
103 44 -1
103 46 1
103 49 -1
103 56 -1
103 57 -1
103 59 -1
103 65 1
103 67 -1
103 70 -1
103 72 -1
103 74 -1
103 76 -1
103 77 -1
103 79 -1
103 81 -1
103 87 1
103 91 1
103 95 -1
103 106 1
103 111 -1
103 114 -1
103 121 -1
103 122 1
103 129 1
103 132 -1
103 133 -1
103 139 -1
104 1 1
104 2 -1
104 13 -1
104 17 -1
104 25 -1
104 31 -1
104 36 -1
104 37 -1
104 42 -1
104 48 -1
104 49 -1
104 55 1
104 58 -1
104 60 -1
104 61 1
104 62 1
104 63 -1
104 64 -1
104 67 1
104 72 -1
104 73 -1
104 76 -1
104 80 -1
104 85 -1
104 90 1
104 94 -1
104 101 -1
104 102 -1
104 107 -1
104 108 1
104 114 -1
104 115 -1
104 117 -1
104 120 -1
104 121 1
104 133 1
104 139 -1
104 140 -1
104 148 1
105 10 1
105 15 -1
105 18 -1
105 19 -1
105 20 -1
105 23 -1
105 27 -1
105 29 -1
105 31 1
105 32 -1
105 33 -1
105 36 1
105 38 1
105 42 -1
105 43 -1
105 45 -1
105 49 -1
105 53 -1
105 55 1
105 56 -1
105 60 -1
105 61 1
105 64 -1
105 65 1
105 69 -1
105 79 -1
105 84 -1
105 90 -1
105 92 -1
105 98 -1
105 104 1
105 111 -1
105 116 -1
105 118 1
105 125 -1
105 129 -1
105 130 -1
105 132 -1
105 141 -1
105 143 1
105 148 -1
106 5 1
106 12 -1
106 13 -1
106 21 1
106 24 -1
106 31 -1
106 40 -1
106 42 -1
106 47 1
106 51 -1
106 52 -1
106 53 -1
106 54 -1
106 56 -1
106 63 -1
106 66 -1
106 71 -1
106 74 -1
106 79 1
106 80 1
106 82 -1
106 87 1
106 88 1
106 90 -1
106 98 -1
106 101 -1
106 107 -1
106 108 -1
106 111 1
106 113 -1
106 115 -1
106 117 1
106 120 -1
106 123 -1
106 128 -1
106 129 -1
106 135 1
106 138 -1
106 141 1
106 144 -1
106 145 -1
107 4 -1
107 6 -1
107 8 -1
107 14 -1
107 16 -1
107 17 -1
107 22 -1
107 25 -1
107 30 -1
107 31 1
107 32 -1
107 33 -1
107 37 -1
107 38 -1
107 39 -1
107 41 -1
107 42 -1
107 49 -1
107 52 -1
107 58 -1
107 62 -1
107 64 -1
107 65 -1
107 67 -1
107 75 -1
107 78 -1
107 81 -1
107 85 -1
107 87 -1
107 88 -1
107 99 1
107 105 1
107 109 -1
107 111 -1
107 113 -1
107 119 -1
107 123 -1
107 124 -1
107 127 -1
107 128 -1
107 136 -1
107 139 -1
107 145 -1
107 146 -1
107 147 -1
108 2 -1
108 3 -1
108 6 1
108 7 -1
108 10 -1
108 17 -1
108 20 -1
108 27 1
108 31 -1
108 35 1
108 38 1
108 39 -1
108 41 -1
108 45 1
108 46 -1
108 49 -1
108 52 -1
108 53 -1
108 55 -1
108 62 1
108 63 -1
108 73 1
108 76 -1
108 78 -1
108 82 -1
108 83 1
108 84 -1
108 91 -1
108 95 1
108 99 1
108 107 1
108 109 -1
108 112 -1
108 113 -1
108 114 1
108 116 1
108 118 -1
108 123 -1
108 124 -1
108 129 1
108 136 -1
108 138 -1
108 146 -1
108 149 1
108 150 1
109 17 -1
109 23 -1
109 36 -1
109 44 1
109 59 -1
109 65 -1
109 68 -1
109 73 -1
109 77 -1
109 80 -1
109 81 1
109 85 -1
109 88 -1
109 91 -1
109 94 -1
109 96 -1
109 103 -1
109 104 -1
109 115 -1
109 121 1
109 122 -1
109 123 -1
109 124 -1
109 127 -1
109 130 -1
109 134 -1
109 135 1
109 148 -1
110 1 -1
110 3 -1
110 5 -1
110 20 1
110 21 1
110 22 1
110 23 -1
110 29 -1
110 31 1
110 32 -1
110 38 -1
110 47 -1
110 49 -1
110 50 -1
110 61 1
110 65 -1
110 68 -1
110 71 1
110 72 -1
110 76 -1
110 80 -1
110 85 -1
110 89 -1
110 90 -1
110 92 -1
110 96 1
110 98 -1
110 101 -1
110 102 1
110 104 -1
110 108 -1
110 113 -1
110 119 -1
110 120 -1
110 121 1
110 130 -1
110 132 -1
110 133 -1
110 137 -1
110 144 -1
111 2 -1
111 3 -1
111 4 -1
111 8 1
111 11 -1
111 16 -1
111 25 -1
111 33 1
111 44 -1
111 53 -1
111 54 -1
111 57 -1
111 59 -1
111 62 -1
111 64 -1
111 70 -1
111 73 1
111 79 -1
111 83 -1
111 94 1
111 101 -1
111 109 1
111 112 -1
111 114 -1
111 117 -1
111 126 -1
111 129 -1
111 138 -1
111 139 1
111 142 -1
111 146 -1
111 149 -1
111 150 -1
112 1 1
112 13 -1
112 21 -1
112 30 -1
112 31 -1
112 33 -1
112 35 -1
112 37 -1
112 38 -1
112 39 -1
112 40 -1
112 54 -1
112 55 -1
112 57 -1
112 65 -1
112 68 -1
112 71 -1
112 72 -1
112 73 -1
112 79 1
112 80 -1
112 81 1
112 96 -1
112 98 -1
112 99 -1
112 102 -1
112 103 -1
112 104 1
112 106 1
112 110 -1
112 117 -1
112 121 -1
112 137 -1
112 138 -1
112 145 -1
113 8 -1
113 12 -1
113 14 -1
113 28 -1
113 29 -1
113 30 -1
113 33 -1
113 37 -1
113 43 1
113 51 -1
113 52 -1
113 55 -1
113 65 -1
113 70 -1
113 77 -1
113 81 -1
113 90 -1
113 92 -1
113 100 -1
113 101 -1
113 102 -1
113 111 1
113 116 -1
113 118 -1
113 120 1
113 125 1
113 127 -1
113 130 1
113 132 -1
113 136 -1
113 143 -1
113 146 -1
114 4 -1
114 6 1
114 11 -1
114 13 -1
114 14 -1
114 17 -1
114 21 -1
114 27 -1
114 30 -1
114 32 -1
114 34 -1
114 36 -1
114 38 -1
114 39 -1
114 41 -1
114 45 -1
114 52 -1
114 56 -1
114 62 -1
114 63 -1
114 64 -1
114 66 -1
114 76 -1
114 79 -1
114 82 -1
114 89 1
114 92 -1
114 93 -1
114 101 -1
114 112 -1
114 124 -1
114 127 -1
114 133 -1
114 141 -1
114 146 1
114 149 -1
115 3 -1
115 6 -1
115 11 -1
115 13 -1
115 15 1
115 20 -1
115 23 -1
115 24 -1
115 27 -1
115 35 -1
115 40 -1
115 43 -1
115 44 1
115 51 -1
115 55 1
115 64 -1
115 67 -1
115 68 -1
115 69 -1
115 76 -1
115 84 -1
115 89 1
115 94 -1
115 95 1
115 96 -1
115 107 -1
115 113 1
115 114 -1
115 119 1
115 123 -1
115 128 1
115 135 1
115 138 -1
115 139 -1
115 142 -1
115 144 -1
115 146 -1
116 2 -1
116 3 1
116 15 -1
116 19 1
116 20 -1
116 23 1
116 24 1
116 26 -1
116 32 -1
116 43 -1
116 44 -1
116 50 -1
116 52 -1
116 53 1
116 57 -1
116 58 1
116 60 -1
116 61 -1
116 64 -1
116 66 -1
116 67 -1
116 74 -1
116 75 1
116 77 -1
116 79 -1
116 80 -1
116 81 1
116 82 1
116 83 1
116 85 -1
116 93 -1
116 98 -1
116 100 -1
116 107 1
116 109 -1
116 112 -1
116 127 1
116 129 -1
116 131 -1
116 134 -1
116 140 -1
116 144 -1
116 146 -1
116 148 -1
117 3 1
117 4 1
117 5 -1
117 8 -1
117 15 -1
117 25 1
117 32 -1
117 34 -1
117 37 -1
117 39 -1
117 46 -1
117 48 -1
117 49 -1
117 54 1
117 57 -1
117 60 -1
117 65 -1
117 68 1
117 69 1
117 81 1
117 82 -1
117 85 -1
117 93 1
117 99 -1
117 100 -1
117 108 -1
117 109 -1
117 110 -1
117 118 1
117 128 -1
117 132 -1
117 133 -1
117 134 -1
117 138 -1
117 141 -1
117 145 -1
117 146 -1
118 1 -1
118 2 -1
118 3 -1
118 4 -1
118 6 -1
118 20 -1
118 29 -1
118 32 -1
118 34 1
118 59 -1
118 62 -1
118 66 1
118 68 -1
118 69 -1
118 70 -1
118 71 1
118 73 -1
118 74 1
118 79 -1
118 83 1
118 87 -1
118 93 -1
118 94 -1
118 95 -1
118 97 -1
118 110 -1
118 115 -1
118 119 -1
118 121 -1
118 123 -1
118 124 -1
118 127 -1
118 129 1
118 131 1
118 132 -1
118 133 -1
118 135 -1
118 144 -1
118 148 1
119 2 -1
119 6 -1
119 7 -1
119 16 1
119 20 1
119 24 -1
119 28 -1
119 30 -1
119 35 -1
119 39 1
119 40 1
119 41 1
119 42 1
119 53 -1
119 57 -1
119 58 1
119 65 1
119 69 -1
119 72 1
119 77 1
119 78 -1
119 79 -1
119 80 -1
119 82 -1
119 92 -1
119 97 -1
119 101 -1
119 103 -1
119 104 -1
119 106 -1
119 111 -1
119 116 -1
119 127 -1
119 128 -1
119 138 -1
119 140 -1
119 146 -1
119 149 -1
120 1 -1
120 4 -1
120 7 1
120 9 1
120 12 -1
120 14 1
120 15 -1
120 16 -1
120 19 1
120 34 -1
120 35 -1
120 42 1
120 48 -1
120 49 -1
120 51 -1
120 52 -1
120 53 -1
120 54 -1
120 55 1
120 64 -1
120 67 1
120 68 -1
120 70 1
120 82 -1
120 83 -1
120 87 -1
120 91 -1
120 92 1
120 95 -1
120 98 -1
120 102 1
120 105 -1
120 107 1
120 109 -1
120 112 -1
120 115 -1
120 127 -1
120 128 1
120 129 -1
120 134 1
120 136 -1
120 137 -1
120 143 1
120 149 -1
121 6 -1
121 10 -1
121 13 -1
121 15 -1
121 32 1
121 33 -1
121 34 -1
121 36 1
121 41 -1
121 45 -1
121 49 -1
121 55 1
121 64 -1
121 73 -1
121 80 1
121 81 -1
121 83 -1
121 84 -1
121 85 -1
121 95 -1
121 97 -1
121 99 -1
121 100 -1
121 102 -1
121 107 -1
121 115 -1
121 119 -1
121 135 -1
121 136 -1
121 138 1
121 139 -1
122 1 -1
122 2 1
122 4 -1
122 8 -1
122 9 -1
122 14 -1
122 15 -1
122 27 -1
122 28 -1
122 34 -1
122 40 -1
122 55 -1
122 56 -1
122 60 -1
122 63 -1
122 70 -1
122 74 1
122 75 -1
122 91 -1
122 92 1
122 96 -1
122 102 -1
122 105 -1
122 106 -1
122 111 -1
122 116 -1
122 117 -1
122 118 -1
122 120 1
122 121 -1
122 125 -1
122 127 -1
122 128 1
122 134 -1
122 136 1
122 137 -1
122 148 -1
122 149 1
123 5 -1
123 18 -1
123 19 -1
123 20 -1
123 23 -1
123 29 -1
123 33 -1
123 34 -1
123 36 -1
123 43 -1
123 46 1
123 54 -1
123 55 1
123 57 -1
123 59 -1
123 61 -1
123 68 -1
123 69 -1
123 72 -1
123 73 -1
123 74 1
123 77 -1
123 91 -1
123 94 -1
123 95 -1
123 97 -1
123 98 -1
123 104 -1
123 110 -1
123 112 -1
123 120 -1
123 124 -1
123 133 1
123 141 -1
124 7 -1
124 14 -1
124 16 1
124 21 1
124 22 -1
124 29 -1
124 37 1
124 40 -1
124 47 -1
124 64 -1
124 65 -1
124 72 -1
124 82 1
124 90 -1
124 102 -1
124 110 -1
124 112 -1
124 113 -1
124 125 -1
124 129 -1
124 133 -1
124 134 -1
124 139 -1
124 143 -1
125 1 -1
125 2 -1
125 3 -1
125 4 -1
125 7 1
125 8 -1
125 14 -1
125 18 -1
125 21 -1
125 24 1
125 34 -1
125 36 -1
125 46 -1
125 53 -1
125 54 -1
125 55 -1
125 58 -1
125 61 -1
125 65 -1
125 66 -1
125 72 -1
125 74 1
125 78 -1
125 81 1
125 83 -1
125 85 1
125 86 1
125 88 -1
125 91 -1
125 96 -1
125 101 1
125 109 -1
125 112 1
125 115 -1
125 118 1
125 119 -1
125 127 -1
125 129 -1
125 133 -1
125 134 -1
125 140 -1
125 142 -1
125 145 -1
125 146 -1
125 148 -1
125 149 -1
125 150 -1
126 5 -1
126 6 -1
126 7 -1
126 12 -1
126 20 -1
126 23 -1
126 25 -1
126 28 1
126 30 -1
126 31 -1
126 32 1
126 37 -1
126 44 -1
126 45 -1
126 46 1
126 48 -1
126 50 1
126 60 -1
126 61 1
126 62 -1
126 67 -1
126 71 -1
126 73 -1
126 77 -1
126 84 -1
126 87 -1
126 91 -1
126 95 -1
126 104 -1
126 107 -1
126 109 -1
126 112 -1
126 120 -1
126 121 -1
126 125 -1
126 131 -1
126 132 1
126 139 -1
126 140 -1
126 148 -1
126 149 1
127 1 -1
127 5 -1
127 8 1
127 13 -1
127 16 -1
127 19 1
127 20 -1
127 24 1
127 32 -1
127 33 -1
127 50 -1
127 51 1
127 52 -1
127 54 1
127 55 -1
127 58 1
127 59 -1
127 65 -1
127 69 -1
127 72 -1
127 73 -1
127 76 -1
127 81 -1
127 88 -1
127 89 1
127 94 1
127 97 -1
127 100 -1
127 108 -1
127 111 1
127 117 1
127 128 -1
127 139 -1
127 140 -1
127 142 -1
127 147 1
127 148 1
127 149 -1
128 1 -1
128 2 -1
128 6 -1
128 15 1
128 20 -1
128 23 1
128 26 -1
128 27 1
128 29 -1
128 44 1
128 46 -1
128 50 -1
128 51 1
128 52 -1
128 53 1
128 58 -1
128 60 -1
128 68 -1
128 69 -1
128 73 -1
128 85 -1
128 86 -1
128 90 -1
128 94 1
128 98 -1
128 99 1
128 101 -1
128 111 -1
128 113 -1
128 114 -1
128 124 1
128 134 -1
128 139 1
128 141 -1
128 145 1
128 146 -1
128 147 -1
128 149 -1
128 150 -1
129 3 1
129 6 -1
129 10 -1
129 11 -1
129 15 -1
129 17 1
129 22 -1
129 23 -1
129 25 1
129 34 -1
129 39 -1
129 42 -1
129 43 -1
129 48 -1
129 49 1
129 50 -1
129 56 -1
129 57 -1
129 59 -1
129 60 1
129 62 -1
129 63 -1
129 64 -1
129 74 -1
129 75 -1
129 80 -1
129 91 -1
129 94 1
129 97 -1
129 101 -1
129 109 -1
129 127 -1
129 132 -1
129 133 -1
129 134 -1
129 141 -1
130 3 -1
130 6 -1
130 8 -1
130 29 -1
130 39 1
130 41 -1
130 47 -1
130 51 1
130 52 1
130 61 1
130 66 -1
130 67 1
130 71 -1
130 77 -1
130 82 -1
130 84 -1
130 85 -1
130 88 1
130 89 -1
130 91 1
130 93 -1
130 97 -1
130 99 -1
130 102 -1
130 104 -1
130 120 1
130 122 -1
130 131 -1
130 135 -1
130 138 -1
130 139 -1
130 141 -1
130 142 -1
130 146 -1
130 147 -1
131 1 -1
131 4 -1
131 8 1
131 16 -1
131 19 -1
131 21 -1
131 23 -1
131 28 -1
131 29 -1
131 31 -1
131 42 -1
131 48 -1
131 50 1
131 51 -1
131 52 -1
131 55 -1
131 64 -1
131 67 -1
131 72 -1
131 74 -1
131 76 -1
131 77 1
131 78 -1
131 80 1
131 81 -1
131 83 -1
131 85 -1
131 86 -1
131 89 1
131 90 -1
131 92 -1
131 95 -1
131 103 -1
131 108 -1
131 109 -1
131 110 1
131 112 -1
131 113 -1
131 121 -1
131 136 -1
131 139 -1
131 144 -1
132 4 -1
132 5 1
132 8 -1
132 11 -1
132 12 -1
132 16 -1
132 18 1
132 20 1
132 24 -1
132 28 -1
132 33 1
132 34 -1
132 37 -1
132 38 -1
132 39 -1
132 46 -1
132 47 -1
132 49 -1
132 51 1
132 58 -1
132 65 1
132 66 -1
132 69 -1
132 70 1
132 74 -1
132 78 -1
132 85 -1
132 86 -1
132 89 -1
132 98 -1
132 101 -1
132 102 -1
132 109 -1
132 111 -1
132 112 -1
132 114 -1
132 116 -1
132 120 -1
132 131 1
132 139 -1
133 11 -1
133 14 -1
133 15 -1
133 20 -1
133 23 -1
133 30 1
133 32 -1
133 36 -1
133 42 1
133 44 1
133 45 -1
133 46 1
133 52 -1
133 54 -1
133 57 -1
133 61 1
133 65 -1
133 85 1
133 86 -1
133 90 -1
133 91 -1
133 93 -1
133 97 -1
133 100 1
133 101 -1
133 106 -1
133 107 1
133 111 -1
133 115 1
133 119 -1
133 122 -1
133 127 1
133 130 -1
133 131 -1
133 138 -1
133 145 1
133 147 -1
133 149 1
133 150 -1
134 4 -1
134 6 -1
134 11 -1
134 13 -1
134 15 -1
134 19 -1
134 24 -1
134 26 1
134 27 -1
134 30 -1
134 33 -1
134 34 -1
134 42 -1
134 43 -1
134 44 -1
134 46 -1
134 48 -1
134 56 -1
134 57 -1
134 63 1
134 69 -1
134 71 -1
134 80 -1
134 83 -1
134 95 -1
134 96 -1
134 97 1
134 100 1
134 103 -1
134 110 -1
134 111 -1
134 113 -1
134 119 -1
134 121 -1
134 123 -1
134 133 1
134 145 1
134 146 -1
134 150 -1
135 4 -1
135 5 -1
135 10 -1
135 22 -1
135 25 1
135 26 -1
135 29 1
135 31 -1
135 42 -1
135 44 -1
135 47 -1
135 50 -1
135 51 1
135 52 -1
135 53 1
135 57 -1
135 58 -1
135 62 -1
135 63 -1
135 69 -1
135 74 -1
135 82 -1
135 84 -1
135 85 -1
135 86 -1
135 90 -1
135 97 -1
135 98 1
135 104 1
135 107 -1
135 111 -1
135 114 -1
135 116 1
135 119 1
135 123 -1
135 127 -1
135 132 -1
135 136 1
135 143 -1
135 145 -1
135 147 -1
136 8 -1
136 11 -1
136 13 1
136 20 -1
136 29 1
136 32 -1
136 33 -1
136 36 -1
136 52 -1
136 69 -1
136 70 1
136 71 -1
136 74 -1
136 78 -1
136 97 -1
136 100 1
136 104 -1
136 105 1
136 110 -1
136 112 -1
136 118 -1
136 126 -1
136 127 -1
136 128 -1
136 132 -1
136 133 -1
136 134 1
136 137 -1
136 144 1
136 147 -1
137 4 -1
137 8 -1
137 16 -1
137 19 -1
137 22 -1
137 27 -1
137 30 -1
137 31 -1
137 34 -1
137 35 -1
137 39 -1
137 45 1
137 46 -1
137 49 1
137 55 1
137 60 -1
137 65 -1
137 75 -1
137 80 -1
137 83 -1
137 84 -1
137 88 -1
137 89 -1
137 91 -1
137 97 -1
137 102 -1
137 104 1
137 107 -1
137 109 -1
137 111 -1
137 115 -1
137 118 -1
137 128 -1
137 129 -1
137 132 -1
137 133 1
137 147 -1
138 6 -1
138 10 -1
138 20 1
138 21 -1
138 22 -1
138 26 -1
138 29 -1
138 38 -1
138 46 -1
138 49 -1
138 51 -1
138 64 -1
138 68 -1
138 69 -1
138 80 -1
138 81 -1
138 82 -1
138 85 -1
138 86 -1
138 88 -1
138 89 1
138 93 -1
138 99 -1
138 100 -1
138 104 -1
138 107 -1
138 113 1
138 116 -1
138 123 -1
138 139 -1
138 143 -1
138 144 -1
139 4 -1
139 7 -1
139 13 1
139 15 -1
139 18 1
139 22 -1
139 25 -1
139 28 -1
139 29 -1
139 32 -1
139 35 1
139 36 -1
139 37 -1
139 39 -1
139 40 -1
139 41 -1
139 44 -1
139 51 -1
139 52 1
139 54 1
139 56 -1
139 61 -1
139 74 -1
139 82 -1
139 86 1
139 87 -1
139 89 -1
139 90 -1
139 91 -1
139 99 -1
139 102 1
139 105 -1
139 106 -1
139 110 -1
139 112 -1
139 114 -1
139 117 1
139 120 -1
139 125 -1
139 133 -1
140 13 1
140 15 -1
140 18 -1
140 20 1
140 34 -1
140 35 -1
140 38 -1
140 40 -1
140 45 -1
140 47 -1
140 50 -1
140 52 1
140 67 -1
140 68 -1
140 69 -1
140 70 -1
140 74 1
140 78 -1
140 79 -1
140 88 -1
140 93 1
140 94 -1
140 95 -1
140 98 -1
140 103 -1
140 105 -1
140 106 -1
140 107 -1
140 109 -1
140 112 -1
140 115 -1
140 122 1
140 128 1
140 134 -1
140 138 -1
140 141 -1
140 142 -1
141 1 -1
141 2 1
141 4 -1
141 9 -1
141 13 -1
141 15 -1
141 18 -1
141 25 -1
141 41 -1
141 45 1
141 46 1
141 49 -1
141 50 -1
141 51 -1
141 52 1
141 61 -1
141 73 -1
141 74 -1
141 76 -1
141 81 -1
141 85 -1
141 87 1
141 89 -1
141 95 -1
141 99 -1
141 102 -1
141 103 -1
141 104 -1
141 108 -1
141 124 -1
141 127 -1
141 132 -1
141 136 -1
141 137 1
141 147 -1
142 5 -1
142 11 -1
142 15 -1
142 18 -1
142 23 -1
142 24 -1
142 38 -1
142 41 -1
142 43 -1
142 45 -1
142 46 1
142 49 -1
142 51 -1
142 52 1
142 53 1
142 56 -1
142 81 -1
142 82 1
142 84 -1
142 93 -1
142 95 -1
142 99 1
142 103 -1
142 104 -1
142 105 -1
142 107 -1
142 113 -1
142 118 -1
142 139 -1
142 141 1
142 149 -1
142 150 -1
143 2 -1
143 3 -1
143 5 -1
143 7 -1
143 9 -1
143 16 -1
143 25 -1
143 26 -1
143 30 1
143 32 -1
143 34 -1
143 37 -1
143 42 -1
143 46 -1
143 52 -1
143 56 -1
143 64 -1
143 67 -1
143 71 -1
143 76 -1
143 77 -1
143 80 -1
143 85 1
143 95 -1
143 96 -1
143 97 -1
143 99 -1
143 104 -1
143 108 -1
143 112 -1
143 114 -1
143 121 -1
143 123 -1
143 125 1
143 128 1
143 129 -1
143 130 -1
143 136 -1
143 139 -1
143 142 -1
143 144 -1
143 147 1
144 3 -1
144 11 -1
144 16 -1
144 18 -1
144 23 -1
144 25 -1
144 26 1
144 30 -1
144 36 -1
144 38 -1
144 40 -1
144 51 -1
144 52 -1
144 58 -1
144 60 -1
144 66 1
144 69 -1
144 70 -1
144 72 -1
144 73 -1
144 75 -1
144 81 -1
144 82 -1
144 93 -1
144 95 1
144 105 -1
144 107 1
144 111 1
144 112 1
144 119 -1
144 124 -1
144 125 -1
144 126 -1
144 134 -1
144 137 1
144 139 1
144 140 -1
144 141 -1
144 149 -1
145 2 -1
145 3 -1
145 15 1
145 17 -1
145 18 -1
145 23 -1
145 47 -1
145 53 -1
145 57 -1
145 58 -1
145 61 -1
145 71 -1
145 75 -1
145 77 -1
145 88 1
145 92 -1
145 96 -1
145 99 -1
145 103 -1
145 113 -1
145 114 1
145 123 1
145 127 1
145 130 -1
145 132 -1
145 136 -1
145 137 -1
145 139 1
145 140 1
145 143 -1
145 144 1
145 150 -1
146 7 -1
146 8 -1
146 11 -1
146 12 -1
146 13 -1
146 16 -1
146 22 -1
146 26 -1
146 31 -1
146 34 -1
146 35 -1
146 45 -1
146 57 -1
146 65 -1
146 66 -1
146 69 1
146 73 -1
146 76 -1
146 78 -1
146 81 1
146 89 -1
146 90 -1
146 94 -1
146 95 -1
146 101 -1
146 103 -1
146 105 -1
146 106 -1
146 127 -1
146 129 -1
146 136 -1
146 145 -1
146 148 -1
146 150 1
147 2 -1
147 5 -1
147 6 -1
147 10 -1
147 16 -1
147 19 1
147 26 -1
147 29 -1
147 31 -1
147 37 -1
147 40 1
147 41 1
147 42 1
147 48 -1
147 54 -1
147 58 -1
147 61 -1
147 64 -1
147 66 -1
147 67 -1
147 87 -1
147 94 -1
147 95 -1
147 98 -1
147 101 -1
147 104 -1
147 108 -1
147 116 -1
147 122 -1
147 123 -1
147 139 -1
147 140 1
147 145 -1
147 146 -1
147 148 -1
147 150 1
148 3 -1
148 6 -1
148 7 -1
148 8 1
148 12 -1
148 15 -1
148 16 -1
148 17 -1
148 20 -1
148 21 1
148 24 -1
148 27 -1
148 34 -1
148 35 -1
148 38 -1
148 59 1
148 61 -1
148 62 -1
148 69 -1
148 72 1
148 73 -1
148 75 -1
148 77 1
148 79 -1
148 89 -1
148 91 -1
148 94 -1
148 95 -1
148 107 1
148 111 1
148 113 -1
148 121 -1
148 123 -1
148 130 -1
148 133 -1
148 136 -1
148 144 -1
148 145 -1
148 149 -1
149 4 -1
149 13 -1
149 16 1
149 17 -1
149 22 -1
149 32 -1
149 34 -1
149 35 1
149 58 -1
149 59 -1
149 60 1
149 65 -1
149 66 -1
149 85 -1
149 90 -1
149 92 -1
149 94 -1
149 95 -1
149 99 -1
149 100 1
149 102 -1
149 103 -1
149 121 -1
149 130 1
149 131 1
149 134 -1
149 137 -1
149 139 -1
149 145 -1
150 4 -1
150 6 -1
150 8 1
150 9 -1
150 12 -1
150 13 -1
150 14 -1
150 16 -1
150 18 -1
150 20 -1
150 22 1
150 31 -1
150 32 -1
150 34 -1
150 37 -1
150 41 -1
150 43 -1
150 47 -1
150 55 -1
150 57 -1
150 59 -1
150 69 1
150 71 -1
150 76 -1
150 79 -1
150 83 1
150 85 -1
150 89 -1
150 93 -1
150 96 -1
150 99 -1
150 100 -1
150 101 -1
150 106 -1
150 110 1
150 113 -1
150 115 -1
150 117 -1
150 119 -1
150 122 -1
150 126 -1
150 130 -1
150 138 -1
150 139 1
150 140 -1
150 143 -1
150 149 1
