vertices: 110 edges: 2997
1 7 1
1 10 -1
1 12 -1
1 17 -1
1 18 -1
1 20 -1
1 21 -1
1 27 1
1 29 -1
1 30 -1
1 31 -1
1 40 1
1 41 -1
1 42 -1
1 43 -1
1 45 -1
1 54 -1
1 59 -1
1 71 -1
1 74 -1
1 75 1
1 81 -1
1 85 -1
1 89 1
1 91 -1
1 99 -1
2 5 -1
2 11 -1
2 15 -1
2 20 -1
2 24 -1
2 30 -1
2 34 -1
2 37 -1
2 39 -1
2 42 -1
2 44 -1
2 46 -1
2 48 -1
2 55 -1
2 63 1
2 66 -1
2 71 1
2 74 -1
2 78 -1
2 80 -1
2 83 1
2 84 -1
2 85 -1
2 87 1
2 88 -1
2 92 -1
2 106 -1
2 110 -1
3 2 1
3 14 -1
3 17 1
3 18 1
3 20 -1
3 21 -1
3 22 -1
3 26 -1
3 31 -1
3 39 1
3 43 -1
3 44 -1
3 51 -1
3 52 -1
3 54 -1
3 67 1
3 68 -1
3 69 -1
3 70 -1
3 73 -1
3 75 -1
3 78 -1
3 79 -1
3 82 -1
3 87 -1
3 89 -1
3 94 1
3 95 -1
3 98 -1
3 105 1
3 109 -1
4 1 -1
4 2 1
4 3 -1
4 6 -1
4 9 -1
4 13 1
4 20 -1
4 25 1
4 26 1
4 27 -1
4 28 -1
4 32 -1
4 34 -1
4 36 -1
4 40 -1
4 42 -1
4 46 -1
4 55 -1
4 60 1
4 62 1
4 78 -1
4 81 -1
4 83 1
4 84 -1
4 93 -1
4 96 -1
4 98 -1
4 106 -1
4 108 -1
5 1 -1
5 3 -1
5 7 1
5 11 -1
5 14 1
5 15 -1
5 21 -1
5 24 -1
5 25 -1
5 27 1
5 32 -1
5 33 -1
5 40 1
5 42 -1
5 44 1
5 45 -1
5 47 -1
5 48 -1
5 59 -1
5 61 -1
5 64 1
5 68 -1
5 76 -1
5 79 -1
5 81 -1
5 82 -1
5 85 -1
5 102 -1
6 2 -1
6 3 -1
6 13 1
6 16 -1
6 18 -1
6 22 -1
6 26 -1
6 33 -1
6 38 -1
6 44 -1
6 47 -1
6 50 -1
6 51 -1
6 56 -1
6 57 -1
6 60 1
6 63 -1
6 66 -1
6 71 -1
6 72 -1
6 73 -1
6 85 -1
6 93 -1
6 97 -1
6 98 -1
6 99 -1
6 101 1
6 106 -1
6 107 1
7 3 -1
7 4 -1
7 12 -1
7 18 -1
7 19 -1
7 20 1
7 21 -1
7 22 1
7 36 -1
7 40 -1
7 41 -1
7 49 -1
7 50 -1
7 51 -1
7 52 -1
7 56 -1
7 65 1
7 67 1
7 70 -1
7 71 -1
7 78 -1
7 88 -1
7 91 -1
7 103 1
7 107 -1
8 1 1
8 15 -1
8 19 1
8 21 -1
8 23 -1
8 24 -1
8 25 -1
8 29 -1
8 33 -1
8 44 -1
8 46 -1
8 52 -1
8 56 1
8 61 1
8 63 1
8 72 -1
8 84 -1
8 92 -1
8 93 -1
8 105 -1
9 1 -1
9 3 -1
9 5 -1
9 7 1
9 10 -1
9 14 -1
9 17 -1
9 19 -1
9 25 -1
9 26 -1
9 29 -1
9 31 1
9 32 -1
9 34 1
9 39 1
9 40 -1
9 43 -1
9 49 -1
9 53 -1
9 56 1
9 60 -1
9 61 -1
9 63 -1
9 64 -1
9 69 -1
9 73 -1
9 82 -1
9 85 1
9 87 1
9 89 -1
9 90 -1
9 91 1
9 95 -1
9 96 -1
9 100 -1
9 102 -1
9 104 -1
10 2 -1
10 7 1
10 8 -1
10 12 -1
10 14 -1
10 16 -1
10 17 -1
10 18 -1
10 19 -1
10 24 -1
10 26 1
10 28 -1
10 34 -1
10 35 -1
10 37 -1
10 40 -1
10 49 -1
10 50 -1
10 65 -1
10 69 -1
10 75 -1
10 78 -1
10 80 -1
10 82 -1
10 88 1
10 93 -1
10 94 -1
10 98 -1
10 103 -1
10 104 1
11 1 -1
11 3 -1
11 4 -1
11 10 1
11 15 -1
11 22 -1
11 28 -1
11 36 -1
11 37 1
11 39 1
11 43 -1
11 48 1
11 53 -1
11 54 -1
11 56 1
11 62 -1
11 63 -1
11 64 -1
11 66 1
11 67 1
11 70 -1
11 71 -1
11 77 -1
11 89 1
11 94 1
11 96 -1
11 105 -1
11 109 -1
12 13 -1
12 28 -1
12 33 -1
12 37 1
12 45 -1
12 51 1
12 52 -1
12 53 -1
12 54 1
12 55 -1
12 56 -1
12 62 -1
12 64 -1
12 69 -1
12 80 -1
12 81 -1
12 82 -1
12 84 -1
12 85 -1
12 88 -1
12 89 -1
12 96 -1
12 97 -1
12 102 -1
12 109 -1
12 110 -1
13 1 -1
13 2 -1
13 7 1
13 8 -1
13 9 -1
13 11 -1
13 23 -1
13 41 1
13 46 -1
13 47 -1
13 49 -1
13 51 -1
13 55 -1
13 56 -1
13 58 -1
13 59 -1
13 65 -1
13 72 1
13 80 -1
13 82 -1
13 86 -1
13 92 1
13 93 -1
13 97 -1
13 98 -1
13 99 1
13 104 -1
13 107 1
14 1 1
14 2 1
14 6 -1
14 8 -1
14 18 1
14 21 -1
14 24 -1
14 29 1
14 35 -1
14 37 -1
14 47 -1
14 49 -1
14 50 -1
14 55 -1
14 58 -1
14 60 -1
14 61 -1
14 69 -1
14 71 -1
14 78 1
14 88 -1
14 89 -1
14 92 -1
14 94 1
14 95 -1
14 96 -1
14 98 -1
14 102 -1
14 105 1
14 109 1
15 7 1
15 9 -1
15 10 -1
15 21 -1
15 22 -1
15 26 -1
15 27 -1
15 34 1
15 39 1
15 43 -1
15 45 -1
15 46 -1
15 52 1
15 61 -1
15 63 -1
15 71 -1
15 90 -1
15 91 -1
15 92 -1
15 98 -1
15 103 -1
15 104 1
15 105 -1
15 108 -1
16 5 1
16 7 1
16 9 -1
16 19 1
16 27 -1
16 30 -1
16 31 -1
16 32 -1
16 35 -1
16 49 -1
16 54 -1
16 60 1
16 61 -1
16 64 -1
16 66 -1
16 70 -1
16 75 1
16 79 1
16 104 1
16 107 -1
17 5 -1
17 13 -1
17 16 -1
17 19 -1
17 20 -1
17 22 -1
17 34 1
17 37 -1
17 38 -1
17 40 -1
17 41 -1
17 42 -1
17 45 -1
17 46 -1
17 48 1
17 52 1
17 64 -1
17 69 -1
17 70 -1
17 77 -1
17 92 -1
17 93 1
17 94 -1
17 97 1
17 101 1
17 102 -1
17 103 -1
17 107 -1
17 108 -1
18 2 -1
18 5 1
18 8 -1
18 17 1
18 21 -1
18 25 -1
18 27 -1
18 29 -1
18 31 -1
18 36 -1
18 37 -1
18 38 -1
18 40 -1
18 50 1
18 68 1
18 69 -1
18 74 -1
18 87 -1
18 89 1
18 91 1
18 94 -1
18 97 -1
18 101 -1
18 108 -1
18 110 -1
19 3 -1
19 6 -1
19 11 -1
19 12 -1
19 14 -1
19 26 -1
19 50 1
19 52 -1
19 59 -1
19 60 -1
19 62 -1
19 69 -1
19 70 -1
19 73 1
19 76 -1
19 77 1
19 80 -1
19 86 -1
19 90 -1
19 91 -1
19 93 -1
19 96 -1
19 98 1
19 102 -1
19 109 -1
20 9 -1
20 10 1
20 12 1
20 15 -1
20 23 -1
20 26 1
20 27 -1
20 31 -1
20 33 -1
20 37 -1
20 38 -1
20 41 -1
20 45 -1
20 50 -1
20 55 -1
20 58 -1
20 62 -1
20 64 -1
20 66 -1
20 69 -1
20 73 1
20 76 1
20 80 -1
20 81 -1
20 93 -1
20 95 -1
20 97 -1
20 99 -1
20 106 1
20 110 -1
21 2 -1
21 4 -1
21 10 -1
21 13 -1
21 16 -1
21 19 -1
21 20 -1
21 23 -1
21 27 1
21 30 -1
21 34 -1
21 42 -1
21 43 -1
21 47 -1
21 48 -1
21 49 -1
21 58 -1
21 68 -1
21 69 -1
21 78 -1
21 88 -1
21 91 -1
21 94 1
21 104 1
21 106 -1
21 108 -1
21 109 -1
22 5 -1
22 9 1
22 14 -1
22 16 -1
22 26 1
22 30 -1
22 36 -1
22 44 -1
22 46 -1
22 49 -1
22 53 -1
22 54 -1
22 64 1
22 65 -1
22 67 -1
22 74 -1
22 77 1
22 80 -1
22 102 1
22 103 -1
22 105 1
22 106 -1
22 108 1
23 4 -1
23 5 -1
23 6 -1
23 7 -1
23 16 -1
23 19 -1
23 24 -1
23 34 1
23 47 1
23 56 1
23 58 -1
23 63 -1
23 65 1
23 69 -1
23 74 -1
23 79 -1
23 86 1
23 88 -1
23 89 1
23 91 -1
23 95 -1
23 101 -1
23 103 -1
23 104 -1
24 3 -1
24 7 -1
24 9 -1
24 11 -1
24 16 1
24 17 -1
24 18 -1
24 20 -1
24 22 -1
24 25 -1
24 26 -1
24 29 1
24 36 -1
24 42 1
24 47 -1
24 55 -1
24 59 -1
24 60 -1
24 61 -1
24 62 1
24 63 -1
24 66 1
24 67 -1
24 68 -1
24 69 -1
24 70 -1
24 71 -1
24 72 1
24 75 -1
24 76 -1
24 80 -1
24 82 -1
24 89 -1
24 107 -1
24 108 -1
24 110 -1
25 7 -1
25 11 -1
25 19 -1
25 22 1
25 26 -1
25 27 -1
25 39 -1
25 42 1
25 45 -1
25 54 -1
25 71 -1
25 75 -1
25 77 -1
25 79 -1
25 84 -1
25 89 -1
25 90 1
25 92 -1
25 104 1
25 110 -1
26 2 -1
26 8 1
26 13 -1
26 17 -1
26 23 1
26 36 -1
26 39 -1
26 43 -1
26 49 -1
26 50 -1
26 51 1
26 55 -1
26 61 -1
26 66 -1
26 69 1
26 70 -1
26 72 -1
26 87 -1
26 100 -1
26 103 1
26 109 -1
27 3 1
27 11 -1
27 13 -1
27 14 -1
27 17 -1
27 22 -1
27 23 -1
27 24 1
27 29 -1
27 32 -1
27 37 -1
27 44 -1
27 45 1
27 47 -1
27 48 -1
27 49 -1
27 56 -1
27 69 -1
27 74 -1
27 78 -1
27 79 -1
27 90 -1
27 92 1
27 94 1
27 95 -1
27 99 -1
27 102 -1
28 1 -1
28 2 -1
28 23 -1
28 27 1
28 30 -1
28 31 1
28 42 -1
28 44 -1
28 47 1
28 55 -1
28 59 -1
28 60 -1
28 65 -1
28 67 -1
28 70 -1
28 87 -1
28 96 -1
28 100 -1
28 106 -1
28 108 -1
28 110 -1
29 2 -1
29 4 -1
29 6 -1
29 7 1
29 17 -1
29 19 1
29 34 -1
29 38 -1
29 41 -1
29 42 -1
29 47 -1
29 50 1
29 51 -1
29 60 -1
29 61 -1
29 63 1
29 64 -1
29 68 1
29 70 1
29 72 -1
29 75 1
29 86 -1
29 91 -1
29 93 -1
29 101 -1
29 103 -1
29 104 -1
29 108 1
30 4 -1
30 5 -1
30 10 -1
30 19 -1
30 26 -1
30 31 -1
30 32 1
30 34 -1
30 39 -1
30 42 -1
30 44 -1
30 48 -1
30 59 1
30 63 -1
30 64 1
30 69 -1
30 70 -1
30 75 -1
30 77 -1
30 78 -1
30 83 1
30 100 -1
30 102 1
31 5 1
31 6 -1
31 14 -1
31 15 -1
31 23 -1
31 24 1
31 33 -1
31 35 -1
31 36 -1
31 37 -1
31 39 1
31 40 -1
31 44 -1
31 45 -1
31 55 -1
31 59 -1
31 63 1
31 64 -1
31 65 -1
31 71 -1
31 73 1
31 74 -1
31 79 1
31 85 -1
31 88 -1
31 92 1
31 93 -1
31 98 -1
31 100 -1
31 101 1
31 103 -1
31 108 1
32 8 1
32 11 -1
32 24 1
32 28 1
32 37 -1
32 41 -1
32 42 -1
32 45 -1
32 46 -1
32 48 -1
32 49 -1
32 51 -1
32 53 -1
32 58 -1
32 66 1
32 68 1
32 72 -1
32 74 -1
32 77 -1
32 78 -1
32 89 -1
32 90 -1
32 91 -1
32 95 -1
32 98 -1
32 99 1
32 103 -1
32 104 -1
32 109 -1
33 2 1
33 7 -1
33 9 -1
33 13 -1
33 14 -1
33 15 -1
33 16 -1
33 18 -1
33 21 -1
33 22 -1
33 23 -1
33 24 -1
33 26 -1
33 29 -1
33 37 -1
33 42 -1
33 43 -1
33 45 1
33 48 -1
33 53 1
33 54 -1
33 55 -1
33 63 -1
33 74 -1
33 75 1
33 89 -1
33 91 -1
33 96 1
33 97 -1
33 103 -1
33 105 -1
34 1 1
34 8 -1
34 13 -1
34 26 1
34 28 -1
34 32 1
34 35 -1
34 37 -1
34 39 -1
34 41 -1
34 45 -1
34 59 -1
34 62 1
34 64 -1
34 65 -1
34 70 1
34 72 1
34 73 -1
34 85 1
34 89 1
34 94 -1
34 97 -1
34 98 -1
34 100 -1
34 102 -1
34 105 1
35 11 -1
35 12 -1
35 13 -1
35 15 -1
35 20 1
35 24 1
35 26 -1
35 30 1
35 32 -1
35 40 -1
35 42 -1
35 46 -1
35 48 -1
35 52 -1
35 55 -1
35 57 1
35 62 1
35 68 1
35 69 1
35 72 -1
35 74 -1
35 79 -1
35 81 -1
35 82 -1
35 83 -1
35 89 -1
35 90 -1
35 92 -1
35 98 -1
35 109 -1
36 2 -1
36 5 -1
36 8 1
36 12 -1
36 14 -1
36 16 -1
36 23 1
36 29 -1
36 39 1
36 41 -1
36 44 -1
36 46 -1
36 48 -1
36 56 -1
36 69 1
36 72 1
36 85 -1
36 99 1
36 103 -1
36 109 -1
36 110 1
37 3 -1
37 8 -1
37 9 -1
37 22 -1
37 24 -1
37 43 -1
37 48 -1
37 58 -1
37 65 -1
37 68 -1
37 73 -1
37 74 -1
37 80 -1
37 81 -1
37 83 -1
37 84 -1
37 93 -1
37 95 -1
37 96 -1
37 97 -1
37 103 -1
37 105 -1
38 1 1
38 2 -1
38 4 1
38 11 -1
38 15 -1
38 21 1
38 23 -1
38 26 -1
38 28 -1
38 30 1
38 32 -1
38 36 -1
38 41 -1
38 42 -1
38 47 -1
38 48 -1
38 52 -1
38 58 -1
38 61 -1
38 65 1
38 67 -1
38 73 1
38 79 -1
38 83 1
38 89 1
38 90 -1
38 91 -1
38 92 -1
38 94 -1
38 95 -1
38 97 -1
38 103 1
38 104 -1
38 105 -1
38 110 -1
39 5 -1
39 8 -1
39 12 1
39 17 -1
39 19 -1
39 20 -1
39 27 -1
39 28 1
39 29 -1
39 35 -1
39 37 1
39 41 -1
39 42 -1
39 51 -1
39 56 1
39 57 -1
39 60 -1
39 62 -1
39 64 -1
39 67 -1
39 77 -1
39 79 -1
39 82 1
39 85 -1
39 86 -1
39 87 -1
39 89 -1
39 94 -1
39 95 -1
39 97 -1
39 104 -1
39 110 -1
40 8 -1
40 14 1
40 16 -1
40 19 -1
40 28 -1
40 29 -1
40 30 1
40 32 -1
40 33 -1
40 37 -1
40 41 -1
40 52 -1
40 53 -1
40 54 -1
40 55 -1
40 56 1
40 57 -1
40 59 -1
40 60 1
40 63 -1
40 65 1
40 66 -1
40 71 -1
40 74 -1
40 79 -1
40 80 -1
40 82 -1
40 83 -1
40 85 -1
40 91 -1
40 93 -1
40 99 -1
40 101 -1
41 3 1
41 10 -1
41 12 -1
41 19 -1
41 25 -1
41 27 -1
41 28 1
41 30 -1
41 37 -1
41 44 -1
41 48 -1
41 49 -1
41 50 -1
41 54 1
41 56 -1
41 58 -1
41 59 -1
41 61 -1
41 63 -1
41 68 1
41 73 -1
41 81 1
41 82 -1
41 88 -1
41 90 1
41 92 -1
41 100 -1
41 103 -1
41 105 1
41 106 -1
41 107 -1
42 3 -1
42 8 -1
42 14 -1
42 22 -1
42 36 1
42 37 1
42 40 -1
42 41 -1
42 44 -1
42 59 -1
42 61 -1
42 62 -1
42 71 -1
42 77 -1
42 83 -1
42 85 1
42 90 -1
42 91 -1
42 94 -1
42 97 -1
42 98 -1
42 100 -1
42 103 -1
43 5 -1
43 6 -1
43 13 1
43 16 -1
43 29 -1
43 32 -1
43 34 -1
43 35 -1
43 38 -1
43 44 -1
43 45 -1
43 55 -1
43 64 -1
43 68 -1
43 80 -1
43 81 -1
43 83 -1
43 86 -1
43 90 -1
43 93 -1
43 94 -1
43 97 -1
43 98 -1
43 99 -1
43 109 1
44 1 -1
44 11 -1
44 12 -1
44 13 1
44 16 -1
44 21 -1
44 23 -1
44 33 -1
44 37 -1
44 47 -1
44 49 1
44 58 1
44 60 -1
44 63 -1
44 64 -1
44 69 -1
44 74 -1
44 75 -1
44 78 1
44 79 -1
44 85 -1
44 89 -1
44 90 1
44 97 -1
44 99 -1
44 104 -1
44 108 -1
44 110 -1
45 2 -1
45 3 -1
45 4 -1
45 10 -1
45 11 -1
45 13 -1
45 24 -1
45 28 -1
45 38 -1
45 42 -1
45 48 -1
45 63 -1
45 67 -1
45 70 -1
45 79 -1
45 81 -1
45 82 -1
45 91 -1
45 95 1
45 97 -1
45 100 -1
45 102 -1
45 103 -1
45 106 -1
45 108 -1
45 110 1
46 10 -1
46 14 1
46 19 -1
46 21 -1
46 23 -1
46 26 1
46 28 -1
46 30 1
46 38 1
46 39 -1
46 40 -1
46 41 -1
46 52 -1
46 58 -1
46 62 1
46 64 -1
46 68 -1
46 72 -1
46 81 -1
46 89 -1
46 93 -1
46 94 -1
46 97 -1
46 105 1
46 106 -1
47 2 -1
47 4 -1
47 10 -1
47 17 -1
47 22 1
47 30 -1
47 31 -1
47 32 -1
47 42 -1
47 43 -1
47 45 -1
47 46 1
47 51 -1
47 53 1
47 54 -1
47 56 -1
47 57 -1
47 76 -1
47 77 -1
47 81 -1
47 82 -1
47 83 -1
47 90 -1
47 98 -1
47 101 -1
47 103 1
47 108 -1
47 109 -1
47 110 -1
48 3 -1
48 6 -1
48 8 1
48 10 -1
48 13 -1
48 14 -1
48 39 -1
48 44 -1
48 52 -1
48 57 -1
48 61 1
48 63 -1
48 66 1
48 68 1
48 72 -1
48 73 -1
48 90 -1
48 98 1
48 99 -1
48 108 -1
49 1 -1
49 2 -1
49 8 -1
49 12 -1
49 15 -1
49 20 -1
49 33 1
49 34 -1
49 37 -1
49 47 1
49 53 -1
49 72 -1
49 74 -1
49 76 -1
49 81 -1
49 85 -1
49 86 -1
49 93 -1
49 105 -1
49 106 -1
49 107 -1
49 109 -1
50 3 1
50 4 1
50 15 -1
50 21 -1
50 30 -1
50 33 -1
50 40 -1
50 42 -1
50 43 -1
50 44 -1
50 45 -1
50 46 -1
50 51 -1
50 52 -1
50 55 -1
50 66 -1
50 69 1
50 72 -1
50 79 -1
50 80 -1
50 82 -1
50 95 -1
50 99 -1
50 103 -1
50 108 -1
51 2 -1
51 4 -1
51 11 -1
51 14 -1
51 15 -1
51 25 -1
51 28 -1
51 30 -1
51 31 1
51 33 -1
51 40 -1
51 43 -1
51 44 -1
51 49 -1
51 52 -1
51 54 -1
51 57 -1
51 58 1
51 64 -1
51 68 -1
51 70 1
51 78 -1
51 86 1
51 92 -1
51 98 1
51 101 -1
51 109 -1
51 110 -1
52 9 -1
52 18 -1
52 20 -1
52 25 -1
52 30 -1
52 33 -1
52 39 -1
52 42 -1
52 45 1
52 47 -1
52 53 -1
52 58 -1
52 59 -1
52 66 -1
52 67 -1
52 70 -1
52 77 -1
52 79 -1
52 82 -1
52 86 -1
52 93 -1
52 94 -1
52 102 1
53 2 -1
53 3 -1
53 4 -1
53 5 -1
53 6 -1
53 8 1
53 10 -1
53 13 -1
53 14 -1
53 15 -1
53 16 1
53 20 -1
53 21 -1
53 25 1
53 28 -1
53 30 1
53 31 -1
53 34 -1
53 36 -1
53 38 -1
53 42 1
53 45 1
53 51 -1
53 56 -1
53 60 -1
53 61 -1
53 64 -1
53 74 -1
53 77 -1
53 80 -1
53 82 -1
53 83 -1
53 90 -1
53 91 -1
53 93 -1
53 95 -1
53 96 -1
53 99 -1
53 100 1
53 101 1
54 5 1
54 7 -1
54 20 1
54 21 -1
54 23 -1
54 29 -1
54 32 -1
54 36 -1
54 57 -1
54 64 1
54 65 -1
54 67 -1
54 72 -1
54 88 -1
54 91 1
54 101 1
54 102 -1
55 3 -1
55 7 -1
55 18 -1
55 19 -1
55 27 1
55 39 -1
55 42 -1
55 44 -1
55 46 -1
55 48 -1
55 51 -1
55 52 1
55 59 -1
55 63 1
55 64 1
55 66 -1
55 72 -1
55 80 -1
55 91 -1
55 100 -1
55 101 -1
56 1 -1
56 4 1
56 15 -1
56 18 -1
56 19 1
56 20 -1
56 22 -1
56 28 -1
56 31 -1
56 33 -1
56 34 1
56 37 -1
56 38 -1
56 44 -1
56 49 -1
56 50 -1
56 54 1
56 55 1
56 58 -1
56 59 -1
56 68 -1
56 72 -1
56 73 -1
56 92 -1
56 94 -1
56 97 1
56 109 -1
57 2 1
57 5 -1
57 7 -1
57 8 1
57 11 1
57 18 -1
57 19 -1
57 21 1
57 24 -1
57 31 -1
57 36 1
57 41 1
57 43 1
57 44 -1
57 66 1
57 68 -1
57 70 -1
57 72 -1
57 74 -1
57 75 -1
57 78 -1
57 85 -1
57 86 -1
57 90 -1
57 97 1
57 100 -1
57 103 -1
57 108 -1
57 109 -1
58 3 -1
58 5 -1
58 8 -1
58 12 1
58 16 -1
58 17 -1
58 24 -1
58 25 -1
58 26 -1
58 30 -1
58 33 1
58 35 -1
58 45 -1
58 50 -1
58 55 -1
58 57 -1
58 59 1
58 66 1
58 67 -1
58 80 1
58 82 -1
58 83 -1
58 85 -1
58 86 -1
58 89 -1
58 92 -1
58 94 -1
58 96 -1
59 4 -1
59 6 -1
59 11 1
59 12 1
59 15 -1
59 18 1
59 20 -1
59 22 -1
59 27 -1
59 29 -1
59 32 -1
59 35 -1
59 36 1
59 37 -1
59 49 -1
59 57 -1
59 64 -1
59 72 1
59 74 -1
59 75 -1
59 78 -1
59 80 -1
59 87 -1
59 88 -1
59 90 -1
59 92 -1
59 93 1
59 101 -1
59 109 -1
59 110 -1
60 1 -1
60 7 -1
60 12 -1
60 15 -1
60 20 -1
60 21 1
60 26 -1
60 31 -1
60 32 -1
60 33 -1
60 35 1
60 37 -1
60 38 1
60 45 -1
60 47 -1
60 50 1
60 56 -1
60 65 -1
60 66 1
60 74 -1
60 80 -1
60 82 -1
60 87 1
60 90 -1
60 91 1
60 94 -1
60 95 -1
60 98 1
60 99 1
60 109 -1
61 10 -1
61 18 -1
61 20 -1
61 25 -1
61 28 -1
61 36 -1
61 39 -1
61 43 -1
61 45 1
61 47 -1
61 58 -1
61 65 -1
61 67 -1
61 71 -1
61 89 -1
61 90 -1
61 91 -1
61 93 -1
61 105 -1
61 109 -1
62 3 -1
62 8 -1
62 17 -1
62 33 -1
62 36 1
62 41 -1
62 44 1
62 45 -1
62 47 -1
62 49 -1
62 50 -1
62 53 -1
62 56 -1
62 57 -1
62 66 -1
62 70 -1
62 71 -1
62 76 1
62 78 -1
62 79 -1
62 81 -1
62 87 -1
62 88 -1
62 89 -1
62 92 -1
62 98 -1
62 99 1
62 101 -1
62 108 1
63 3 1
63 12 1
63 14 -1
63 16 -1
63 22 -1
63 32 -1
63 34 -1
63 35 1
63 36 -1
63 37 -1
63 47 -1
63 51 -1
63 53 1
63 54 -1
63 57 -1
63 58 1
63 61 1
63 62 -1
63 65 -1
63 68 -1
63 75 -1
63 76 -1
63 78 -1
63 83 -1
63 84 -1
63 85 -1
63 87 -1
63 90 -1
63 91 -1
63 104 -1
63 105 1
63 107 -1
64 4 -1
64 7 1
64 23 -1
64 36 -1
64 37 -1
64 52 1
64 56 1
64 62 -1
64 63 -1
64 65 1
64 67 1
64 69 -1
64 71 1
64 75 -1
64 76 -1
64 77 -1
64 87 -1
64 90 -1
64 99 -1
64 101 -1
64 107 1
64 110 -1
65 3 1
65 6 1
65 9 -1
65 12 -1
65 15 -1
65 16 1
65 19 -1
65 26 -1
65 44 -1
65 46 -1
65 47 1
65 50 -1
65 51 1
65 52 -1
65 55 1
65 66 -1
65 69 1
65 80 -1
65 82 -1
65 83 -1
65 84 -1
65 89 -1
65 96 1
65 101 -1
66 1 1
66 3 1
66 10 -1
66 12 1
66 13 1
66 14 1
66 18 -1
66 19 -1
66 21 -1
66 22 -1
66 27 -1
66 28 1
66 29 -1
66 33 -1
66 35 -1
66 38 -1
66 42 -1
66 43 -1
66 47 -1
66 53 1
66 54 -1
66 59 -1
66 61 1
66 63 1
66 77 1
66 78 -1
66 82 1
66 89 1
66 91 -1
66 94 -1
66 96 -1
66 97 -1
66 100 -1
66 102 -1
67 10 1
67 12 1
67 14 -1
67 16 1
67 19 -1
67 25 -1
67 29 -1
67 30 1
67 32 -1
67 37 -1
67 46 -1
67 49 -1
67 51 -1
67 53 1
67 62 -1
67 63 -1
67 81 1
67 83 -1
67 101 -1
67 104 -1
67 106 -1
68 1 -1
68 6 -1
68 7 1
68 12 -1
68 13 1
68 14 -1
68 15 -1
68 16 -1
68 17 -1
68 20 -1
68 26 -1
68 34 -1
68 45 -1
68 49 -1
68 50 -1
68 53 -1
68 55 -1
68 60 -1
68 64 -1
68 65 1
68 67 -1
68 70 -1
68 72 1
68 74 -1
68 78 1
68 86 -1
68 91 -1
68 93 -1
68 94 -1
68 100 -1
68 107 -1
68 108 -1
68 110 -1
69 4 -1
69 15 -1
69 22 -1
69 25 -1
69 28 1
69 29 -1
69 32 -1
69 41 -1
69 42 -1
69 43 -1
69 52 -1
69 55 -1
69 59 1
69 60 1
69 62 -1
69 66 -1
69 67 -1
69 71 -1
69 73 -1
69 76 -1
69 80 -1
69 81 -1
69 84 1
69 89 1
69 92 -1
69 96 -1
69 99 -1
69 106 -1
69 108 -1
69 109 -1
70 2 -1
70 6 -1
70 8 -1
70 9 -1
70 10 -1
70 14 1
70 18 -1
70 21 -1
70 22 -1
70 23 -1
70 31 1
70 35 -1
70 36 -1
70 38 -1
70 40 -1
70 41 -1
70 42 -1
70 46 -1
70 48 1
70 53 -1
70 58 -1
70 63 -1
70 64 -1
70 67 -1
70 69 -1
70 74 -1
70 77 1
70 78 -1
70 79 -1
70 80 1
70 81 -1
70 89 -1
70 90 -1
70 93 -1
70 95 -1
70 96 -1
70 98 -1
71 3 1
71 4 -1
71 5 -1
71 8 1
71 10 1
71 26 -1
71 30 -1
71 33 -1
71 34 -1
71 39 1
71 41 -1
71 44 -1
71 45 -1
71 46 -1
71 48 1
71 51 -1
71 52 -1
71 59 -1
71 68 -1
71 72 1
71 73 -1
71 75 -1
71 77 -1
71 86 1
71 87 -1
71 89 -1
71 94 -1
71 95 -1
71 96 -1
71 100 -1
72 1 1
72 3 -1
72 4 1
72 9 -1
72 30 -1
72 33 -1
72 37 -1
72 38 -1
72 39 1
72 45 -1
72 52 -1
72 58 -1
72 61 -1
72 62 -1
72 64 -1
72 74 -1
72 75 -1
72 80 -1
72 82 -1
72 87 -1
72 91 -1
72 94 -1
72 98 -1
72 104 1
72 107 -1
72 108 -1
73 1 1
73 2 -1
73 10 -1
73 11 -1
73 24 -1
73 27 -1
73 29 -1
73 30 -1
73 32 1
73 33 1
73 35 -1
73 39 1
73 40 -1
73 42 -1
73 43 -1
73 45 -1
73 47 -1
73 51 1
73 53 -1
73 55 -1
73 58 -1
73 60 -1
73 62 -1
73 67 1
73 78 -1
73 80 -1
73 81 1
73 88 -1
73 89 -1
73 101 1
73 105 -1
73 107 1
74 3 -1
74 17 -1
74 28 -1
74 36 1
74 42 1
74 43 -1
74 46 -1
74 48 -1
74 51 -1
74 61 1
74 62 -1
74 66 -1
74 73 1
74 75 -1
74 77 -1
74 86 -1
74 92 -1
74 93 -1
74 98 -1
74 99 1
74 103 -1
74 109 -1
75 2 -1
75 6 1
75 12 -1
75 19 -1
75 23 -1
75 28 1
75 37 -1
75 38 -1
75 39 -1
75 40 1
75 41 -1
75 42 -1
75 48 -1
75 50 -1
75 51 -1
75 54 -1
75 55 1
75 60 -1
75 65 -1
75 67 -1
75 76 -1
75 77 -1
75 78 -1
75 79 -1
75 88 -1
75 90 -1
75 99 1
75 100 -1
75 102 -1
75 104 -1
75 110 -1
76 9 -1
76 15 1
76 17 -1
76 27 -1
76 29 -1
76 30 -1
76 32 -1
76 33 -1
76 36 1
76 38 -1
76 41 -1
76 43 -1
76 53 -1
76 54 -1
76 56 -1
76 61 -1
76 66 1
76 70 -1
76 71 -1
76 78 -1
76 80 -1
76 92 -1
76 105 1
76 107 -1
76 108 1
77 4 1
77 5 -1
77 6 -1
77 8 -1
77 15 -1
77 18 -1
77 21 -1
77 24 -1
77 26 1
77 31 1
77 33 1
77 36 -1
77 43 1
77 44 -1
77 49 -1
77 50 -1
77 55 -1
77 57 -1
77 58 -1
77 61 -1
77 62 -1
77 65 -1
77 69 -1
77 73 -1
77 76 1
77 78 -1
77 79 -1
77 84 -1
77 95 -1
77 97 -1
77 100 -1
77 101 1
77 105 1
78 1 -1
78 11 -1
78 13 -1
78 15 -1
78 24 1
78 28 -1
78 31 -1
78 33 -1
78 40 1
78 41 1
78 46 1
78 48 -1
78 50 -1
78 55 -1
78 61 1
78 71 -1
78 72 -1
78 88 -1
78 100 -1
78 104 -1
78 105 -1
78 106 -1
78 107 -1
78 110 -1
79 2 -1
79 13 -1
79 17 -1
79 20 1
79 34 -1
79 36 -1
79 41 1
79 43 -1
79 49 -1
79 55 -1
79 56 -1
79 58 -1
79 59 1
79 63 -1
79 64 -1
79 65 -1
79 67 -1
79 74 -1
79 92 -1
79 97 -1
79 99 -1
79 102 -1
79 107 -1
79 108 -1
80 1 1
80 5 -1
80 6 1
80 8 -1
80 11 -1
80 21 -1
80 27 -1
80 29 1
80 35 -1
80 38 -1
80 39 -1
80 46 -1
80 47 -1
80 52 -1
80 54 -1
80 63 -1
80 66 1
80 74 -1
80 78 -1
80 79 1
80 87 1
80 89 1
80 93 -1
80 94 1
80 97 -1
80 105 -1
80 108 -1
80 110 -1
81 2 -1
81 3 -1
81 13 1
81 15 -1
81 16 1
81 22 -1
81 25 1
81 27 1
81 29 -1
81 32 -1
81 33 1
81 54 -1
81 55 -1
81 56 -1
81 61 -1
81 65 -1
81 66 -1
81 83 -1
81 84 -1
81 86 -1
81 88 -1
81 100 -1
81 101 -1
81 107 -1
82 1 -1
82 6 -1
82 8 -1
82 16 -1
82 18 -1
82 19 1
82 21 -1
82 25 -1
82 26 -1
82 27 -1
82 30 -1
82 33 -1
82 34 -1
82 42 -1
82 43 -1
82 44 -1
82 46 1
82 49 -1
82 54 -1
82 56 -1
82 57 -1
82 67 -1
82 68 -1
82 69 1
82 76 -1
82 78 -1
82 79 -1
82 80 -1
82 84 -1
82 88 -1
82 94 1
82 100 -1
82 104 -1
83 8 -1
83 11 -1
83 15 -1
83 16 1
83 21 -1
83 23 -1
83 28 -1
83 32 -1
83 33 -1
83 34 -1
83 36 -1
83 44 -1
83 46 1
83 48 1
83 49 -1
83 50 -1
83 54 -1
83 56 -1
83 62 -1
83 70 1
83 75 -1
83 79 1
83 85 -1
83 89 -1
83 90 -1
83 91 -1
83 93 -1
83 97 -1
83 98 -1
83 100 -1
83 101 -1
83 105 1
83 107 -1
83 110 -1
84 1 -1
84 6 1
84 11 1
84 14 -1
84 15 -1
84 33 1
84 36 -1
84 39 -1
84 43 -1
84 45 -1
84 47 -1
84 51 1
84 54 -1
84 56 -1
84 57 -1
84 59 -1
84 67 1
84 68 1
84 74 -1
84 78 1
84 79 -1
84 83 -1
84 88 -1
84 91 1
84 93 -1
84 94 -1
84 96 -1
84 101 -1
84 102 -1
84 103 -1
84 106 -1
84 108 1
84 109 -1
85 3 -1
85 10 1
85 14 -1
85 15 -1
85 16 -1
85 17 -1
85 18 -1
85 19 1
85 21 -1
85 28 -1
85 32 -1
85 41 -1
85 51 -1
85 52 1
85 61 -1
85 68 -1
85 80 -1
85 82 -1
85 84 -1
85 88 -1
85 90 -1
85 99 -1
85 105 -1
85 107 -1
86 9 -1
86 10 -1
86 11 -1
86 20 -1
86 26 -1
86 28 -1
86 34 -1
86 35 -1
86 37 -1
86 41 -1
86 45 -1
86 53 1
86 54 -1
86 56 -1
86 59 1
86 66 -1
86 70 1
86 85 1
86 88 -1
86 91 1
86 92 -1
86 94 -1
86 95 -1
86 96 -1
86 101 -1
86 102 -1
86 103 -1
86 108 -1
87 8 1
87 14 -1
87 19 1
87 24 -1
87 25 1
87 31 -1
87 32 1
87 33 -1
87 35 -1
87 36 -1
87 41 -1
87 42 -1
87 48 1
87 51 1
87 52 -1
87 54 1
87 58 -1
87 69 -1
87 78 -1
87 81 -1
87 88 -1
87 94 -1
87 101 1
87 107 1
87 109 -1
88 4 -1
88 6 -1
88 8 -1
88 19 -1
88 24 1
88 27 1
88 28 -1
88 30 -1
88 32 -1
88 34 -1
88 35 -1
88 37 -1
88 43 1
88 44 -1
88 45 -1
88 46 1
88 47 -1
88 49 -1
88 50 -1
88 51 -1
88 55 -1
88 57 -1
88 58 -1
88 64 1
88 68 -1
88 70 -1
88 71 -1
88 72 -1
88 77 1
88 89 -1
88 99 -1
89 2 -1
89 8 -1
89 15 -1
89 21 -1
89 22 -1
89 27 1
89 30 -1
89 31 -1
89 41 1
89 45 -1
89 57 -1
89 64 1
89 67 -1
89 72 -1
89 75 -1
89 77 -1
89 81 -1
89 84 -1
89 85 1
89 97 -1
89 98 -1
89 100 -1
89 104 -1
89 105 -1
89 106 1
90 2 -1
90 5 -1
90 6 -1
90 12 -1
90 18 1
90 24 -1
90 28 1
90 39 -1
90 50 -1
90 52 1
90 54 1
90 58 -1
90 62 1
90 67 -1
90 68 1
90 72 -1
90 73 1
90 74 -1
90 77 -1
90 88 -1
90 95 -1
90 98 1
90 101 -1
90 107 -1
91 5 -1
91 10 -1
91 12 -1
91 28 -1
91 36 -1
91 41 -1
91 52 -1
91 58 -1
91 73 -1
91 77 -1
91 82 -1
91 87 -1
91 90 -1
91 93 -1
91 94 -1
91 95 -1
91 103 1
91 110 1
92 1 -1
92 7 1
92 11 -1
92 16 -1
92 18 -1
92 19 -1
92 21 1
92 28 -1
92 30 -1
92 32 -1
92 39 -1
92 40 -1
92 46 1
92 47 1
92 52 -1
92 55 -1
92 57 1
92 60 -1
92 61 -1
92 67 -1
92 72 -1
92 75 1
92 78 1
92 81 -1
92 82 1
92 84 -1
92 89 -1
92 90 1
92 93 -1
92 100 -1
92 103 -1
92 105 -1
92 108 -1
93 3 -1
93 7 -1
93 14 -1
93 15 -1
93 22 -1
93 25 1
93 30 -1
93 32 -1
93 41 -1
93 42 -1
93 44 -1
93 51 1
93 55 -1
93 60 -1
93 65 1
93 66 -1
93 73 -1
93 78 -1
93 85 -1
93 87 -1
93 95 -1
93 102 -1
93 104 -1
93 108 -1
93 110 -1
94 4 1
94 8 -1
94 9 -1
94 15 -1
94 16 -1
94 22 -1
94 26 -1
94 28 -1
94 30 1
94 37 1
94 40 -1
94 45 1
94 48 -1
94 50 1
94 53 -1
94 54 -1
94 64 -1
94 67 1
94 69 -1
94 75 -1
94 78 1
94 83 -1
94 85 1
94 88 -1
94 92 1
94 96 -1
94 102 -1
94 104 -1
94 105 1
95 2 1
95 10 -1
95 25 -1
95 28 -1
95 31 1
95 33 -1
95 35 -1
95 36 1
95 41 1
95 42 -1
95 43 -1
95 46 -1
95 47 1
95 59 -1
95 61 -1
95 63 -1
95 73 -1
95 74 -1
95 76 -1
95 80 1
95 87 -1
95 88 -1
95 96 -1
95 104 -1
95 108 -1
95 109 -1
96 1 -1
96 6 -1
96 8 -1
96 15 -1
96 17 1
96 20 -1
96 22 1
96 23 -1
96 25 -1
96 29 -1
96 31 -1
96 41 -1
96 43 -1
96 44 -1
96 46 -1
96 47 -1
96 48 -1
96 49 -1
96 61 -1
96 63 -1
96 67 -1
96 68 1
96 72 1
96 73 -1
96 75 -1
96 85 -1
96 87 1
96 92 -1
96 98 -1
96 110 1
97 2 -1
97 3 -1
97 7 -1
97 14 1
97 15 1
97 19 -1
97 21 1
97 31 -1
97 36 -1
97 48 -1
97 49 -1
97 50 -1
97 54 -1
97 63 -1
97 68 -1
97 69 -1
97 70 1
97 73 1
97 76 -1
97 84 -1
97 86 -1
97 92 -1
97 93 -1
97 98 -1
97 108 -1
97 110 -1
98 2 -1
98 7 1
98 9 -1
98 11 -1
98 21 -1
98 27 -1
98 37 -1
98 39 -1
98 41 1
98 45 -1
98 53 1
98 57 1
98 59 -1
98 61 -1
98 63 -1
98 75 -1
98 82 -1
98 86 -1
98 91 -1
98 94 -1
98 95 -1
98 102 1
98 108 -1
99 4 -1
99 7 -1
99 11 -1
99 14 -1
99 16 -1
99 17 -1
99 18 -1
99 22 -1
99 34 -1
99 38 -1
99 42 -1
99 52 -1
99 54 -1
99 55 -1
99 56 -1
99 68 1
99 71 -1
99 80 -1
99 81 -1
99 84 -1
99 90 -1
99 92 -1
99 93 -1
99 96 -1
99 97 1
99 98 -1
99 110 1
100 3 -1
100 4 1
100 7 -1
100 12 -1
100 20 -1
100 21 -1
100 23 -1
100 27 -1
100 33 1
100 37 -1
100 39 -1
100 44 -1
100 56 -1
100 69 -1
100 74 1
100 76 1
100 84 -1
100 86 -1
100 87 -1
100 88 -1
100 90 1
100 91 -1
100 98 -1
100 103 -1
100 104 -1
100 106 -1
101 7 -1
101 11 -1
101 12 -1
101 15 -1
101 16 -1
101 19 -1
101 20 -1
101 28 -1
101 30 1
101 33 1
101 34 -1
101 35 1
101 36 1
101 45 1
101 63 -1
101 66 -1
101 68 -1
101 79 -1
101 82 1
101 85 -1
101 95 -1
101 96 -1
101 97 -1
101 100 -1
101 105 -1
101 106 -1
101 108 -1
102 1 1
102 4 -1
102 7 -1
102 8 1
102 10 -1
102 11 1
102 13 -1
102 15 -1
102 16 -1
102 24 -1
102 26 -1
102 29 -1
102 35 -1
102 38 -1
102 42 -1
102 56 -1
102 61 -1
102 63 -1
102 67 -1
102 68 -1
102 70 -1
102 73 -1
102 74 1
102 77 -1
102 83 1
102 85 -1
102 91 -1
102 96 -1
103 1 -1
103 5 -1
103 8 -1
103 14 -1
103 19 -1
103 24 -1
103 27 1
103 35 -1
103 40 -1
103 43 1
103 51 -1
103 54 -1
103 62 -1
103 63 -1
103 73 1
103 78 -1
103 80 -1
103 83 -1
103 85 -1
103 87 1
103 89 -1
103 98 -1
103 101 -1
103 109 -1
104 4 -1
104 7 -1
104 11 -1
104 12 -1
104 17 -1
104 19 -1
104 22 -1
104 24 -1
104 26 -1
104 28 -1
104 30 -1
104 35 -1
104 37 -1
104 41 -1
104 42 1
104 50 -1
104 53 -1
104 55 -1
104 56 -1
104 57 -1
104 59 -1
104 60 -1
104 79 -1
104 86 -1
104 87 -1
104 90 -1
104 98 -1
104 103 -1
104 105 -1
104 107 -1
105 4 -1
105 13 -1
105 25 -1
105 26 1
105 27 -1
105 28 -1
105 36 -1
105 39 -1
105 40 1
105 42 1
105 44 -1
105 57 -1
105 60 -1
105 65 -1
105 67 -1
105 69 1
105 75 1
105 86 1
105 88 -1
105 91 -1
105 93 1
105 98 1
105 99 -1
105 100 -1
105 103 -1
105 106 1
105 109 -1
106 1 1
106 3 1
106 9 -1
106 11 -1
106 16 -1
106 17 -1
106 19 -1
106 23 -1
106 24 -1
106 25 1
106 27 -1
106 30 1
106 33 -1
106 34 -1
106 39 -1
106 42 -1
106 52 -1
106 53 -1
106 56 -1
106 59 -1
106 60 -1
106 62 1
106 64 -1
106 66 -1
106 73 -1
106 81 -1
106 86 -1
106 90 -1
106 96 -1
106 98 1
107 1 -1
107 4 -1
107 5 -1
107 10 1
107 11 -1
107 18 -1
107 23 -1
107 25 -1
107 26 -1
107 27 -1
107 28 1
107 29 -1
107 30 -1
107 36 -1
107 38 -1
107 39 -1
107 40 -1
107 50 -1
107 51 -1
107 54 1
107 58 -1
107 61 -1
107 69 -1
107 77 1
107 86 1
107 92 -1
107 98 1
107 100 -1
107 109 -1
108 8 -1
108 9 -1
108 10 -1
108 11 1
108 12 -1
108 13 -1
108 25 -1
108 34 -1
108 43 -1
108 49 -1
108 51 -1
108 56 -1
108 60 -1
108 63 1
108 64 -1
108 65 -1
108 71 -1
108 73 -1
108 78 -1
108 90 -1
108 94 -1
108 96 -1
108 106 1
108 110 -1
109 7 -1
109 9 1
109 15 1
109 17 -1
109 25 -1
109 29 -1
109 31 -1
109 41 -1
109 42 -1
109 44 -1
109 45 1
109 50 1
109 52 1
109 55 -1
109 63 1
109 65 -1
109 66 -1
109 71 1
109 72 -1
109 75 -1
109 77 -1
109 79 1
109 81 -1
109 82 1
109 94 -1
109 96 -1
109 99 -1
109 104 1
109 108 -1
110 1 -1
110 6 -1
110 9 -1
110 10 1
110 15 -1
110 17 -1
110 21 -1
110 22 -1
110 29 -1
110 31 -1
110 34 -1
110 35 -1
110 50 -1
110 52 -1
110 53 -1
110 55 -1
110 58 -1
110 60 -1
110 61 -1
110 63 -1
110 65 -1
110 66 -1
110 67 -1
110 73 -1
110 79 -1
110 98 1
110 100 -1
110 102 -1
110 103 1
110 105 -1
110 106 -1
110 109 -1
