vertices: 30 edges: 217
1 3 1
1 8 1
1 9 1
1 15 1
1 23 -1
1 25 1
2 1 1
2 4 1
2 11 -1
2 14 1
2 26 -1
3 2 1
3 9 1
3 12 1
3 16 -1
3 17 1
3 18 1
3 22 -1
3 23 1
3 30 1
4 10 -1
4 13 -1
4 17 1
4 18 1
5 1 1
5 2 1
5 3 -1
5 6 1
5 11 1
5 12 1
5 21 1
5 22 1
5 24 -1
5 27 1
6 13 1
6 19 1
6 20 -1
6 24 1
6 30 1
7 4 -1
7 5 1
7 6 1
7 12 1
7 15 -1
7 16 1
7 28 -1
8 2 1
8 3 1
8 10 1
8 13 1
8 17 1
8 18 -1
8 23 -1
9 5 1
9 6 -1
9 8 1
9 13 1
9 19 1
9 23 1
9 28 1
9 29 1
10 1 1
10 9 1
10 11 1
10 18 1
10 21 1
10 24 1
10 26 -1
11 4 1
11 8 1
11 9 1
11 13 -1
11 16 1
11 17 1
11 20 1
11 21 1
12 1 1
12 2 1
12 11 1
12 22 -1
12 23 -1
12 29 1
13 2 1
13 5 1
13 17 1
13 19 1
13 20 -1
13 21 1
13 23 1
13 27 -1
13 30 1
14 11 1
14 19 1
14 21 -1
14 24 1
14 29 -1
15 3 1
15 8 1
15 10 1
15 11 1
15 20 -1
15 21 1
15 25 1
16 10 1
16 15 1
16 21 -1
16 27 -1
17 2 1
17 5 1
17 6 -1
17 18 1
17 21 1
17 24 -1
17 26 1
18 1 1
18 5 1
18 6 1
18 7 1
18 14 -1
18 21 1
18 25 1
19 3 1
19 5 1
19 12 1
19 17 -1
19 20 1
19 23 -1
19 25 -1
20 1 -1
20 7 1
20 9 1
20 10 1
20 14 1
20 25 -1
20 28 1
20 30 1
21 2 1
21 7 1
21 8 1
21 25 -1
21 27 1
22 7 1
22 11 1
22 14 1
22 17 1
22 23 1
22 24 -1
22 25 1
22 29 1
23 2 1
23 4 1
23 14 1
23 20 -1
23 21 1
23 29 1
24 1 1
24 2 -1
24 3 1
24 9 1
24 11 1
24 16 1
24 19 -1
24 20 1
24 21 1
24 23 1
24 25 1
25 7 1
25 17 1
25 26 1
25 29 1
25 30 1
26 4 1
26 6 1
26 9 1
26 14 1
26 16 1
26 23 -1
26 27 1
26 30 1
27 1 1
27 4 1
27 14 -1
27 17 1
27 19 1
27 22 -1
27 25 1
27 28 1
28 4 1
28 6 1
28 8 1
28 10 1
28 11 -1
28 12 1
28 16 -1
28 18 1
28 19 -1
28 21 1
28 23 1
28 24 1
28 26 -1
28 29 1
29 2 1
29 3 1
29 6 1
29 7 -1
29 11 1
29 18 1
29 20 1
29 21 -1
29 27 1
29 30 1
30 2 1
30 4 1
30 8 1
30 10 1
30 12 -1
30 17 1
