vertices: 210 edges: 4389
1 6 -1
1 11 1
1 19 -1
1 20 1
1 42 -1
1 60 -1
1 63 -1
1 100 1
1 117 1
1 120 1
1 123 1
1 191 1
1 196 1
1 199 1
1 204 1
2 21 1
2 22 1
2 40 1
2 65 -1
2 87 -1
2 91 -1
2 93 -1
2 94 -1
2 95 1
2 101 -1
2 115 1
2 134 1
2 137 -1
2 148 1
2 158 -1
2 159 1
2 165 -1
2 166 -1
2 177 1
2 179 1
2 190 1
2 193 -1
3 4 1
3 13 -1
3 33 -1
3 54 -1
3 81 1
3 89 1
3 102 -1
3 105 1
3 111 -1
3 127 -1
3 141 1
3 158 -1
3 159 -1
3 164 -1
3 200 1
3 202 1
4 7 -1
4 9 -1
4 25 -1
4 53 -1
4 55 -1
4 58 1
4 60 -1
4 92 -1
4 97 -1
4 105 1
4 112 1
4 118 -1
4 144 1
4 146 1
4 152 -1
4 157 -1
4 166 -1
4 178 -1
4 185 -1
4 188 1
4 204 1
4 209 -1
4 210 -1
5 3 -1
5 20 -1
5 21 -1
5 29 1
5 31 -1
5 36 1
5 37 1
5 38 -1
5 41 -1
5 42 1
5 73 1
5 83 -1
5 89 -1
5 90 1
5 92 -1
5 104 1
5 108 1
5 115 -1
5 154 -1
5 163 1
5 173 1
5 178 1
5 182 1
5 198 1
5 204 1
6 3 -1
6 12 1
6 14 -1
6 19 1
6 26 -1
6 29 1
6 48 1
6 60 -1
6 62 1
6 63 1
6 66 -1
6 87 -1
6 119 -1
6 179 1
6 191 -1
6 196 1
6 197 -1
6 209 -1
7 13 1
7 31 -1
7 33 -1
7 45 1
7 53 1
7 56 -1
7 64 -1
7 73 1
7 74 -1
7 76 -1
7 77 -1
7 81 -1
7 93 1
7 98 1
7 100 -1
7 101 -1
7 102 -1
7 107 -1
7 108 1
7 116 1
7 128 -1
7 149 -1
7 151 -1
7 153 1
7 157 1
7 173 -1
7 176 1
7 179 -1
7 185 -1
7 188 -1
7 203 1
8 3 1
8 7 -1
8 26 1
8 38 -1
8 57 -1
8 58 -1
8 85 -1
8 88 1
8 91 1
8 94 -1
8 100 1
8 117 1
8 121 1
8 131 1
8 160 -1
8 193 1
9 38 -1
9 39 1
9 45 1
9 53 -1
9 68 -1
9 69 1
9 72 -1
9 73 -1
9 77 -1
9 78 1
9 87 -1
9 93 -1
9 101 1
9 113 1
9 126 -1
9 163 -1
9 172 1
9 197 1
9 203 -1
9 209 -1
10 2 1
10 8 -1
10 16 1
10 21 1
10 51 1
10 56 1
10 74 -1
10 82 -1
10 87 -1
10 99 1
10 104 1
10 118 -1
10 128 1
10 138 1
10 155 1
10 157 1
10 161 1
10 171 1
10 184 1
11 13 -1
11 32 1
11 35 1
11 42 1
11 52 -1
11 69 -1
11 79 1
11 85 -1
11 86 -1
11 88 -1
11 115 1
11 116 1
11 124 -1
11 126 1
11 134 1
11 141 -1
11 144 1
11 157 -1
11 166 1
11 179 1
11 191 1
11 205 1
11 206 -1
11 209 1
12 5 -1
12 26 -1
12 38 -1
12 53 1
12 69 -1
12 93 -1
12 109 1
12 113 1
12 125 -1
12 142 1
12 143 -1
12 165 1
12 180 1
12 185 -1
12 195 1
12 204 1
12 206 1
13 10 -1
13 17 1
13 36 1
13 62 -1
13 65 1
13 67 -1
13 72 1
13 89 1
13 113 1
13 119 -1
13 126 1
13 149 1
13 152 1
13 156 1
13 170 1
13 186 -1
13 210 1
14 8 -1
14 10 -1
14 11 -1
14 32 1
14 43 -1
14 44 -1
14 78 -1
14 81 1
14 83 1
14 103 -1
14 108 1
14 112 -1
14 113 -1
14 117 1
14 125 1
14 132 -1
14 134 1
14 146 -1
14 165 1
14 170 -1
14 177 -1
14 189 1
15 2 -1
15 17 1
15 24 1
15 56 1
15 63 -1
15 67 -1
15 78 1
15 79 -1
15 97 1
15 120 -1
15 121 1
15 126 -1
15 135 -1
15 137 1
15 145 -1
15 153 -1
15 166 -1
15 176 1
15 178 1
15 181 1
15 184 -1
16 9 -1
16 15 -1
16 28 1
16 36 -1
16 46 -1
16 47 1
16 64 -1
16 65 -1
16 77 1
16 81 -1
16 93 -1
16 94 -1
16 120 1
16 129 1
16 130 -1
16 141 1
16 143 1
16 144 -1
16 148 -1
16 156 1
16 158 1
16 182 1
16 189 -1
17 12 1
17 30 1
17 44 -1
17 56 -1
17 75 1
17 77 1
17 97 -1
17 106 -1
17 110 1
17 111 -1
17 157 1
17 162 1
17 164 -1
17 168 1
17 179 1
17 198 1
17 209 -1
18 1 1
18 20 1
18 49 -1
18 56 1
18 73 -1
18 108 -1
18 109 -1
18 110 1
18 125 -1
18 142 1
18 156 1
18 161 1
18 169 1
18 172 -1
18 198 -1
18 200 -1
19 4 1
19 7 -1
19 10 -1
19 15 -1
19 29 1
19 37 1
19 41 -1
19 43 -1
19 50 -1
19 53 -1
19 87 -1
19 116 -1
19 147 -1
19 171 1
19 191 1
19 192 -1
19 206 -1
19 207 -1
20 8 1
20 31 -1
20 34 1
20 45 1
20 59 -1
20 62 -1
20 86 -1
20 98 1
20 105 1
20 118 -1
20 121 1
20 142 -1
20 145 -1
20 148 1
20 171 -1
20 180 1
20 181 1
20 185 -1
20 186 1
20 193 1
20 196 -1
20 198 -1
20 207 1
21 3 -1
21 19 -1
21 23 1
21 27 -1
21 41 -1
21 65 1
21 75 -1
21 88 -1
21 95 1
21 97 -1
21 104 1
21 112 -1
21 130 -1
21 135 1
21 174 -1
21 176 -1
21 190 1
21 194 1
22 24 1
22 27 -1
22 36 1
22 39 -1
22 51 -1
22 65 -1
22 79 -1
22 89 -1
22 100 1
22 116 1
22 117 -1
22 118 -1
22 142 -1
22 144 -1
22 184 1
22 201 1
22 202 -1
23 6 1
23 27 1
23 33 1
23 37 -1
23 54 -1
23 87 -1
23 101 -1
23 117 -1
23 123 -1
23 131 -1
23 135 1
23 143 -1
23 145 1
23 160 -1
23 162 1
23 164 -1
23 165 -1
23 198 1
23 202 -1
24 5 1
24 16 1
24 17 1
24 30 -1
24 36 -1
24 46 -1
24 49 -1
24 53 -1
24 57 1
24 79 1
24 120 1
24 121 1
24 125 1
24 139 1
24 149 -1
24 159 -1
24 172 1
24 178 -1
24 186 1
24 198 1
24 205 -1
24 209 1
25 7 1
25 17 1
25 29 1
25 35 1
25 37 -1
25 75 -1
25 80 -1
25 89 -1
25 107 -1
25 111 1
25 113 1
25 115 1
25 121 -1
25 122 -1
25 124 1
25 135 -1
25 139 1
25 142 1
25 159 -1
25 186 -1
25 198 -1
26 1 -1
26 7 1
26 15 1
26 19 1
26 20 1
26 22 -1
26 23 1
26 28 -1
26 31 -1
26 35 1
26 37 1
26 45 -1
26 48 1
26 54 1
26 58 1
26 75 1
26 88 1
26 114 -1
26 122 -1
26 135 -1
26 145 -1
26 147 1
26 171 1
26 172 -1
26 176 -1
26 188 1
26 196 -1
26 197 1
26 199 -1
26 205 -1
26 206 -1
27 7 1
27 15 1
27 16 1
27 17 -1
27 39 -1
27 41 1
27 76 1
27 78 -1
27 112 -1
27 116 -1
27 132 -1
27 140 1
27 148 -1
27 162 1
27 169 1
27 170 -1
27 172 -1
27 177 1
27 201 -1
27 203 1
27 205 1
27 207 1
28 30 -1
28 33 1
28 37 1
28 44 -1
28 52 -1
28 80 -1
28 81 -1
28 88 -1
28 95 1
28 97 -1
28 102 -1
28 105 1
28 111 1
28 149 1
28 161 -1
28 170 -1
28 171 -1
28 187 1
28 189 1
28 207 -1
29 1 1
29 8 -1
29 65 1
29 67 1
29 74 1
29 76 1
29 83 -1
29 107 -1
29 153 1
29 156 -1
29 181 -1
29 185 1
29 195 1
29 198 -1
29 201 -1
30 4 1
30 9 -1
30 41 1
30 44 1
30 46 -1
30 53 -1
30 85 -1
30 101 1
30 123 -1
30 135 1
30 136 -1
30 141 -1
30 154 1
30 175 1
30 176 -1
30 190 1
30 198 1
30 199 -1
31 2 1
31 14 1
31 29 1
31 43 -1
31 82 -1
31 87 -1
31 96 -1
31 98 1
31 105 -1
31 140 -1
31 142 -1
31 144 1
31 148 1
31 151 1
31 160 -1
31 165 1
31 185 -1
31 201 1
31 204 -1
31 205 1
31 206 1
32 9 1
32 18 1
32 21 1
32 33 1
32 40 -1
32 52 1
32 84 -1
32 88 -1
32 94 -1
32 105 -1
32 108 -1
32 142 -1
32 158 -1
32 194 -1
32 199 -1
32 202 1
32 203 -1
33 17 -1
33 22 -1
33 49 -1
33 59 -1
33 70 1
33 88 -1
33 120 -1
33 122 1
33 133 -1
33 134 1
33 135 -1
33 142 1
33 147 -1
33 151 -1
33 152 -1
33 157 1
33 159 -1
33 164 1
33 168 -1
33 188 1
33 189 1
33 190 1
33 195 -1
33 200 -1
34 24 -1
34 31 1
34 64 1
34 68 1
34 80 1
34 101 1
34 105 -1
34 108 -1
34 113 -1
34 121 1
34 135 -1
34 151 1
34 162 1
34 168 -1
34 172 1
34 200 1
34 202 -1
34 207 1
35 3 1
35 7 -1
35 16 1
35 21 -1
35 24 -1
35 42 -1
35 45 1
35 51 -1
35 61 -1
35 62 -1
35 66 -1
35 87 -1
35 94 1
35 114 -1
35 121 1
35 128 -1
35 132 -1
35 133 1
35 151 1
35 161 -1
35 180 1
35 184 1
36 9 -1
36 12 -1
36 33 -1
36 61 -1
36 99 -1
36 110 -1
36 122 -1
36 123 1
36 130 -1
36 131 1
36 156 1
36 163 1
37 6 1
37 9 1
37 11 1
37 44 -1
37 50 -1
37 60 -1
37 66 -1
37 71 1
37 79 1
37 82 -1
37 87 1
37 120 -1
37 134 1
37 185 1
37 186 -1
37 201 -1
37 202 -1
38 13 1
38 14 -1
38 18 -1
38 28 -1
38 39 -1
38 45 -1
38 66 -1
38 72 -1
38 77 -1
38 90 -1
38 107 -1
38 120 -1
38 121 1
38 122 -1
38 148 1
38 160 1
38 161 -1
38 169 1
38 178 -1
38 184 -1
38 192 -1
38 203 1
39 1 -1
39 3 -1
39 18 1
39 40 1
39 49 -1
39 53 -1
39 55 -1
39 57 1
39 61 -1
39 72 -1
39 87 -1
39 105 -1
39 112 -1
39 121 -1
39 155 1
39 158 -1
39 187 1
39 192 -1
39 197 1
40 6 1
40 12 1
40 13 1
40 30 1
40 49 -1
40 55 -1
40 72 -1
40 91 1
40 111 1
40 139 -1
40 140 1
40 158 -1
40 159 1
40 160 1
40 163 -1
40 176 1
40 183 1
40 210 -1
41 3 -1
41 4 1
41 38 1
41 45 1
41 50 -1
41 53 -1
41 58 1
41 70 1
41 83 -1
41 90 1
41 102 1
41 103 1
41 109 1
41 115 -1
41 131 1
41 134 1
41 137 -1
41 138 1
41 147 1
41 148 -1
41 149 -1
41 152 1
41 155 -1
41 161 -1
41 162 1
41 165 1
41 188 1
41 205 -1
42 8 1
42 29 1
42 33 -1
42 34 1
42 41 -1
42 73 1
42 88 1
42 110 1
42 112 1
42 141 1
42 160 1
42 166 1
42 209 1
43 6 -1
43 39 1
43 46 -1
43 47 1
43 52 1
43 56 1
43 72 -1
43 76 1
43 78 -1
43 97 -1
43 104 -1
43 110 -1
43 126 -1
43 127 -1
43 134 -1
43 153 1
43 155 1
43 197 1
43 209 -1
44 22 1
44 31 -1
44 39 -1
44 51 1
44 67 1
44 94 1
44 109 -1
44 129 -1
44 131 1
44 148 1
44 162 1
44 169 -1
44 174 -1
44 180 1
44 202 -1
44 203 1
45 3 1
45 8 -1
45 12 1
45 19 1
45 21 1
45 22 1
45 30 1
45 37 -1
45 49 -1
45 53 1
45 78 1
45 102 1
45 114 -1
45 119 1
45 131 -1
45 136 -1
45 143 -1
45 167 1
45 170 -1
45 181 -1
46 1 1
46 2 -1
46 4 1
46 7 -1
46 10 1
46 26 1
46 27 1
46 34 -1
46 40 -1
46 60 -1
46 74 1
46 77 1
46 78 1
46 86 -1
46 90 1
46 118 1
46 133 1
46 140 1
46 142 1
46 158 1
46 166 -1
46 169 1
46 185 -1
46 193 -1
46 197 -1
46 205 1
46 206 -1
46 208 1
47 5 -1
47 29 -1
47 35 1
47 61 1
47 72 -1
47 90 -1
47 102 1
47 118 -1
47 124 -1
47 134 1
47 138 1
47 149 1
47 152 -1
47 155 -1
47 156 1
47 164 -1
47 182 -1
47 183 1
47 185 -1
48 21 -1
48 31 1
48 39 -1
48 50 -1
48 51 -1
48 54 -1
48 57 -1
48 62 -1
48 67 -1
48 72 -1
48 77 -1
48 85 1
48 89 1
48 91 -1
48 97 -1
48 102 1
48 110 1
48 123 -1
48 125 -1
48 134 -1
48 135 1
48 149 1
48 150 1
48 157 1
48 171 -1
48 172 1
48 177 1
48 178 -1
48 184 -1
48 194 -1
48 196 -1
48 205 1
49 11 -1
49 28 1
49 37 -1
49 48 1
49 63 -1
49 93 1
49 123 -1
49 143 -1
49 157 -1
49 162 -1
49 169 -1
49 170 1
49 195 -1
49 198 1
49 208 -1
50 1 1
50 9 -1
50 22 1
50 35 -1
50 39 -1
50 55 -1
50 62 1
50 64 -1
50 68 1
50 86 1
50 95 1
50 96 -1
50 100 -1
50 102 1
50 104 1
50 105 1
50 135 1
50 143 1
50 166 1
50 171 1
50 180 -1
50 192 -1
50 194 -1
50 198 -1
51 5 1
51 14 1
51 15 -1
51 16 1
51 17 -1
51 18 1
51 33 -1
51 40 -1
51 102 1
51 108 1
51 111 1
51 114 1
51 116 -1
51 125 -1
51 126 1
51 136 -1
51 139 -1
51 163 -1
51 181 1
52 5 -1
52 12 1
52 35 1
52 49 1
52 51 -1
52 57 -1
52 72 1
52 75 -1
52 76 1
52 78 -1
52 85 -1
52 87 -1
52 112 -1
52 130 -1
52 136 1
52 163 1
52 167 1
52 169 1
52 188 -1
52 193 -1
52 203 -1
53 18 -1
53 21 1
53 23 -1
53 44 -1
53 48 -1
53 60 1
53 62 -1
53 76 1
53 79 1
53 84 1
53 94 1
53 111 -1
53 118 -1
53 125 1
53 147 -1
53 165 1
53 170 1
53 172 1
53 180 -1
53 185 1
53 203 -1
54 14 1
54 29 -1
54 31 1
54 38 -1
54 42 1
54 66 1
54 76 1
54 83 1
54 117 -1
54 128 -1
54 133 -1
54 143 -1
54 146 -1
54 151 -1
54 155 -1
54 160 1
54 161 1
54 173 1
54 176 -1
54 177 1
54 197 1
54 201 1
55 22 -1
55 27 -1
55 30 -1
55 53 -1
55 69 -1
55 76 1
55 85 -1
55 95 -1
55 97 -1
55 109 1
55 113 -1
55 121 1
55 127 1
55 128 -1
55 141 1
55 143 1
55 144 -1
55 158 -1
55 161 -1
55 169 -1
55 171 1
55 181 -1
55 187 -1
55 202 -1
56 13 1
56 14 -1
56 30 1
56 32 1
56 38 -1
56 40 1
56 50 -1
56 53 -1
56 57 1
56 59 1
56 61 1
56 62 -1
56 74 -1
56 80 1
56 85 1
56 106 1
56 123 1
56 127 -1
56 132 -1
56 133 1
56 143 1
56 145 1
56 159 -1
56 183 -1
56 187 -1
56 207 -1
56 210 -1
57 6 -1
57 13 1
57 14 -1
57 16 1
57 18 -1
57 19 -1
57 20 -1
57 23 1
57 31 -1
57 43 -1
57 55 -1
57 60 1
57 67 -1
57 69 1
57 76 1
57 86 1
57 87 -1
57 94 -1
57 124 -1
57 146 -1
57 159 -1
57 160 1
57 185 -1
57 187 -1
57 195 1
57 197 -1
57 200 1
57 205 1
57 207 -1
57 210 -1
58 1 -1
58 7 -1
58 31 1
58 36 -1
58 45 1
58 65 1
58 78 1
58 93 1
58 97 -1
58 107 1
58 109 -1
58 117 -1
58 123 -1
58 134 1
58 137 1
58 141 1
58 149 1
58 150 1
58 155 -1
58 164 1
58 170 -1
58 174 1
58 178 1
58 186 -1
58 191 1
58 195 1
58 209 1
59 4 -1
59 5 1
59 17 1
59 22 1
59 45 -1
59 58 1
59 86 1
59 103 -1
59 115 1
59 122 1
59 145 1
59 155 -1
59 162 -1
59 175 -1
59 179 -1
59 184 1
60 5 -1
60 14 1
60 15 -1
60 19 1
60 23 1
60 36 1
60 51 -1
60 55 1
60 62 -1
60 65 1
60 69 1
60 72 1
60 73 -1
60 78 -1
60 85 -1
60 89 1
60 109 -1
60 129 -1
60 135 1
60 155 -1
60 161 1
60 180 -1
60 205 1
61 44 -1
61 51 -1
61 67 -1
61 74 -1
61 75 -1
61 78 1
61 83 -1
61 86 -1
61 106 -1
61 118 -1
61 132 1
61 140 -1
61 148 1
61 159 1
61 163 -1
61 182 1
61 185 -1
61 192 -1
61 197 -1
61 203 -1
62 1 -1
62 16 -1
62 18 -1
62 24 1
62 34 1
62 37 -1
62 73 1
62 77 1
62 83 1
62 87 1
62 110 1
62 133 1
62 152 1
62 156 1
62 157 1
62 161 -1
62 163 1
62 164 -1
62 176 1
62 186 -1
62 194 1
62 200 -1
62 209 -1
63 4 1
63 17 -1
63 21 1
63 23 1
63 27 1
63 36 1
63 48 -1
63 55 -1
63 56 -1
63 58 -1
63 62 1
63 101 -1
63 103 1
63 140 1
63 150 1
63 152 -1
63 154 -1
63 155 -1
63 174 -1
63 175 -1
63 181 1
63 186 -1
63 197 -1
64 4 -1
64 6 1
64 8 -1
64 30 1
64 37 -1
64 41 -1
64 52 1
64 65 1
64 71 1
64 75 1
64 77 -1
64 105 -1
64 109 -1
64 119 -1
64 121 -1
64 127 1
64 146 -1
64 152 -1
64 158 1
64 160 1
64 187 1
64 190 -1
64 193 -1
64 196 1
64 204 1
64 205 -1
64 208 1
65 6 -1
65 9 1
65 14 -1
65 15 -1
65 44 -1
65 56 1
65 67 1
65 69 -1
65 79 1
65 84 -1
65 96 -1
65 112 -1
65 114 -1
65 115 -1
65 119 -1
65 126 -1
65 129 1
65 141 1
65 150 -1
65 163 -1
65 175 -1
65 180 1
65 182 1
65 185 -1
65 197 -1
66 14 -1
66 17 -1
66 28 1
66 39 1
66 49 1
66 51 1
66 62 1
66 82 -1
66 93 1
66 98 1
66 99 1
66 100 1
66 124 -1
66 143 -1
66 145 1
66 146 1
66 148 -1
66 150 -1
66 160 -1
66 163 -1
66 178 1
66 180 -1
67 4 1
67 16 1
67 19 -1
67 34 -1
67 37 -1
67 60 -1
67 63 -1
67 83 -1
67 105 1
67 107 1
67 111 -1
67 120 -1
67 128 -1
67 136 -1
67 143 -1
67 146 1
67 157 1
67 168 1
67 189 -1
67 196 1
68 7 -1
68 15 1
68 17 1
68 58 -1
68 63 1
68 66 1
68 67 1
68 72 -1
68 73 1
68 101 -1
68 105 1
68 117 -1
68 119 1
68 136 -1
68 137 1
68 142 -1
68 150 -1
68 151 -1
68 157 -1
68 163 1
68 168 -1
68 172 1
68 180 -1
68 188 1
68 194 -1
68 195 1
68 196 1
68 203 -1
68 206 1
68 210 -1
69 1 -1
69 2 1
69 3 1
69 15 -1
69 26 1
69 34 1
69 36 1
69 37 -1
69 43 1
69 44 -1
69 49 1
69 58 1
69 67 -1
69 70 -1
69 77 -1
69 84 -1
69 95 -1
69 106 1
69 111 1
69 117 1
69 121 -1
69 126 -1
69 127 1
69 139 -1
69 142 1
69 150 -1
69 163 1
69 167 -1
69 168 -1
69 179 -1
69 184 -1
69 190 1
70 6 1
70 15 1
70 17 1
70 20 -1
70 23 1
70 34 -1
70 43 -1
70 47 1
70 49 1
70 58 -1
70 61 -1
70 63 1
70 64 -1
70 67 1
70 87 1
70 103 1
70 105 -1
70 135 1
70 147 -1
70 165 1
70 168 1
71 7 1
71 14 1
71 15 -1
71 31 1
71 32 1
71 36 1
71 60 1
71 65 1
71 73 1
71 83 1
71 100 -1
71 109 -1
71 128 1
71 130 -1
71 144 1
71 156 1
71 161 1
71 163 -1
71 168 1
71 185 1
71 188 1
71 193 1
71 206 1
72 37 -1
72 42 -1
72 55 -1
72 98 1
72 109 1
72 124 1
72 130 1
72 134 1
72 152 1
72 158 1
72 173 1
72 186 -1
72 191 1
73 3 1
73 12 1
73 29 -1
73 33 -1
73 35 -1
73 37 1
73 38 1
73 39 -1
73 43 1
73 46 -1
73 48 1
73 61 1
73 75 1
73 78 -1
73 80 1
73 86 1
73 101 -1
73 119 1
73 143 1
73 148 1
73 151 -1
73 171 -1
73 173 -1
73 182 1
73 189 -1
73 193 -1
73 206 -1
73 207 1
74 24 -1
74 68 1
74 84 -1
74 88 1
74 95 -1
74 109 1
74 125 -1
74 137 1
74 143 -1
74 170 1
74 184 -1
74 192 -1
74 207 1
75 4 -1
75 20 1
75 30 -1
75 32 1
75 35 1
75 36 1
75 42 1
75 59 1
75 66 1
75 67 1
75 77 1
75 79 1
75 109 -1
75 120 1
75 128 -1
75 131 -1
75 148 1
75 158 1
75 172 1
75 194 -1
75 197 1
75 210 1
76 8 1
76 11 -1
76 15 -1
76 20 1
76 24 -1
76 26 1
76 34 -1
76 51 1
76 69 -1
76 71 -1
76 85 1
76 96 -1
76 112 -1
76 127 -1
76 134 -1
76 137 -1
76 173 1
76 183 1
76 186 1
76 201 -1
76 209 1
77 2 1
77 5 -1
77 31 1
77 55 1
77 67 1
77 68 -1
77 76 1
77 83 -1
77 111 -1
77 143 -1
77 145 1
77 147 -1
77 150 -1
77 162 1
77 163 1
77 182 1
77 190 1
77 191 1
78 16 1
78 18 -1
78 22 1
78 37 -1
78 38 1
78 44 -1
78 50 -1
78 55 1
78 66 1
78 75 1
78 117 -1
78 132 -1
78 148 1
78 151 1
78 158 -1
78 168 -1
78 169 1
78 177 1
78 178 1
78 202 1
79 8 1
79 17 -1
79 19 1
79 34 1
79 47 1
79 59 -1
79 73 1
79 85 1
79 87 1
79 88 -1
79 100 -1
79 118 -1
79 121 1
79 167 1
79 171 1
79 173 1
79 192 1
79 198 1
80 6 -1
80 14 1
80 17 -1
80 26 1
80 33 -1
80 35 -1
80 49 -1
80 57 1
80 62 -1
80 96 1
80 99 -1
80 110 1
80 133 1
80 134 1
80 137 -1
80 143 1
80 145 -1
80 152 -1
80 156 -1
80 162 -1
80 163 -1
80 181 1
80 205 -1
80 208 1
81 5 -1
81 12 1
81 20 1
81 29 1
81 42 1
81 54 1
81 55 1
81 68 1
81 91 -1
81 92 -1
81 95 -1
81 103 1
81 105 -1
81 109 1
81 120 -1
81 129 -1
81 130 -1
81 134 -1
81 135 -1
81 146 1
81 161 -1
81 169 1
81 172 -1
81 180 -1
81 186 1
81 192 -1
82 7 -1
82 18 -1
82 30 -1
82 32 -1
82 33 1
82 48 1
82 53 1
82 62 1
82 64 1
82 70 -1
82 87 -1
82 89 1
82 108 1
82 113 1
82 116 1
82 120 -1
82 121 -1
82 131 1
82 132 1
82 155 1
82 159 -1
82 168 -1
82 179 1
82 180 -1
82 191 -1
82 192 1
82 198 -1
82 205 1
82 209 -1
83 2 -1
83 3 1
83 16 -1
83 20 1
83 31 1
83 32 -1
83 38 1
83 50 -1
83 53 -1
83 58 1
83 64 -1
83 80 1
83 93 -1
83 98 -1
83 107 -1
83 121 1
83 137 1
83 143 -1
83 170 -1
83 171 1
83 173 -1
83 182 1
83 192 1
83 198 1
83 200 -1
83 203 -1
84 23 -1
84 29 -1
84 44 1
84 50 1
84 58 -1
84 62 1
84 86 -1
84 92 -1
84 107 1
84 111 -1
84 119 -1
84 147 1
84 149 1
84 156 -1
84 183 1
84 190 -1
84 210 1
85 1 1
85 27 -1
85 28 1
85 53 -1
85 69 -1
85 82 1
85 86 1
85 88 -1
85 98 -1
85 110 1
85 115 -1
85 119 -1
85 121 -1
85 122 1
85 128 1
85 133 -1
85 138 1
85 160 -1
85 196 -1
86 8 1
86 15 -1
86 26 1
86 31 -1
86 65 1
86 83 -1
86 88 -1
86 89 1
86 107 -1
86 108 1
86 110 1
86 129 -1
86 132 1
86 148 1
86 150 -1
86 155 1
86 158 -1
86 160 -1
86 172 -1
86 180 -1
86 193 1
86 197 1
86 210 -1
87 8 -1
87 32 -1
87 43 1
87 61 1
87 63 1
87 75 -1
87 77 -1
87 84 -1
87 93 -1
87 100 -1
87 129 -1
87 130 1
87 140 1
87 152 -1
87 159 1
87 167 -1
87 175 -1
87 181 -1
87 183 1
87 184 -1
87 188 -1
87 202 -1
87 208 -1
88 12 1
88 17 1
88 30 1
88 31 1
88 39 -1
88 45 -1
88 49 1
88 95 -1
88 103 -1
88 104 1
88 113 1
88 115 1
88 134 1
88 138 -1
88 139 -1
88 142 1
88 159 1
88 163 -1
88 183 -1
88 188 1
88 191 1
88 203 1
89 17 1
89 33 -1
89 35 -1
89 38 1
89 74 1
89 91 -1
89 94 -1
89 116 -1
89 120 -1
89 126 -1
89 135 1
89 147 -1
89 163 -1
89 167 1
89 168 -1
89 169 -1
89 180 -1
89 181 -1
89 186 1
89 196 1
90 7 1
90 12 -1
90 16 -1
90 17 -1
90 20 -1
90 44 1
90 56 -1
90 60 -1
90 61 -1
90 76 1
90 84 -1
90 89 1
90 105 1
90 107 -1
90 113 1
90 136 1
90 146 -1
90 149 -1
90 152 1
90 164 -1
90 176 1
90 185 -1
90 204 1
91 4 1
91 5 -1
91 31 -1
91 42 1
91 74 1
91 86 1
91 87 1
91 92 -1
91 109 -1
91 119 1
91 128 -1
91 136 1
91 163 1
91 179 -1
91 180 1
91 184 -1
91 200 1
91 203 1
92 9 1
92 30 1
92 41 -1
92 42 -1
92 44 1
92 56 1
92 58 -1
92 68 1
92 76 -1
92 93 -1
92 106 -1
92 113 -1
92 121 1
92 124 1
92 139 1
92 145 -1
92 157 -1
92 158 -1
92 185 1
92 187 1
92 193 -1
92 195 1
92 197 -1
92 209 -1
93 18 1
93 34 1
93 35 -1
93 39 -1
93 57 1
93 74 -1
93 85 -1
93 100 -1
93 114 1
93 129 -1
93 141 1
93 142 1
93 145 1
93 159 1
93 177 -1
93 199 1
93 201 -1
93 209 -1
94 3 -1
94 6 -1
94 25 1
94 31 1
94 36 1
94 39 -1
94 55 1
94 56 -1
94 69 -1
94 78 -1
94 79 -1
94 84 -1
94 85 1
94 90 1
94 91 -1
94 118 1
94 128 1
94 138 -1
94 142 1
94 186 1
94 188 -1
94 207 -1
95 1 -1
95 5 -1
95 11 1
95 15 1
95 27 -1
95 34 1
95 40 1
95 66 -1
95 68 1
95 70 -1
95 90 1
95 92 1
95 93 -1
95 99 -1
95 126 1
95 127 -1
95 139 1
95 147 -1
95 151 -1
95 166 1
95 171 -1
95 172 1
95 182 -1
96 17 -1
96 18 1
96 20 -1
96 22 -1
96 43 -1
96 51 1
96 59 1
96 85 1
96 86 1
96 101 1
96 115 1
96 119 1
96 134 -1
96 147 -1
96 148 1
96 150 1
96 162 -1
96 173 1
96 202 1
96 205 -1
96 210 -1
97 16 1
97 19 -1
97 25 -1
97 57 1
97 85 1
97 86 -1
97 87 -1
97 113 1
97 119 1
97 138 -1
97 152 -1
97 160 -1
97 163 -1
97 165 1
97 172 1
97 186 1
97 189 -1
97 192 -1
98 6 -1
98 18 1
98 24 -1
98 35 1
98 41 -1
98 60 1
98 61 -1
98 67 -1
98 73 1
98 84 1
98 90 1
98 101 1
98 116 -1
98 117 1
98 121 1
98 123 1
98 144 -1
98 158 -1
98 165 1
98 176 -1
98 180 -1
98 181 -1
98 199 -1
98 200 1
98 209 -1
99 3 -1
99 6 -1
99 7 -1
99 13 1
99 16 -1
99 18 1
99 51 -1
99 55 -1
99 60 1
99 62 1
99 65 -1
99 67 1
99 84 -1
99 124 -1
99 133 -1
99 149 1
99 170 1
99 172 1
99 192 -1
100 12 1
100 27 -1
100 109 1
100 124 1
100 127 -1
100 145 -1
100 149 1
100 169 -1
100 178 -1
100 179 1
100 181 1
100 201 -1
100 202 -1
100 204 -1
100 209 1
100 210 -1
101 8 1
101 14 -1
101 24 1
101 35 -1
101 58 1
101 60 1
101 64 1
101 65 1
101 77 -1
101 91 -1
101 92 1
101 111 -1
101 115 1
101 117 -1
101 118 -1
101 124 -1
101 139 1
101 144 1
101 151 -1
101 156 1
101 161 1
101 169 1
101 188 -1
101 189 -1
101 192 1
101 196 1
101 204 1
102 1 -1
102 9 1
102 36 1
102 44 1
102 61 -1
102 62 -1
102 67 -1
102 68 -1
102 69 1
102 80 -1
102 84 1
102 85 -1
102 90 -1
102 131 -1
102 147 -1
102 148 1
102 160 -1
102 162 -1
102 166 -1
102 185 -1
102 188 1
102 189 1
102 208 1
103 7 -1
103 18 1
103 44 -1
103 46 1
103 51 -1
103 62 -1
103 69 -1
103 75 -1
103 76 1
103 78 1
103 79 -1
103 84 1
103 104 -1
103 110 -1
103 113 -1
103 120 -1
103 136 1
103 140 -1
103 144 1
103 151 1
103 153 1
103 157 -1
103 158 1
103 179 1
103 208 -1
104 3 1
104 7 -1
104 9 -1
104 14 -1
104 18 -1
104 23 -1
104 24 1
104 39 -1
104 41 1
104 48 1
104 55 -1
104 57 1
104 71 -1
104 72 -1
104 98 1
104 116 1
104 117 -1
104 137 -1
104 140 1
104 141 1
104 153 -1
104 180 1
104 206 -1
105 6 -1
105 9 1
105 15 1
105 46 -1
105 49 1
105 69 -1
105 84 1
105 91 1
105 94 -1
105 97 1
105 100 -1
105 110 1
105 111 1
105 118 -1
105 136 1
105 157 1
105 166 1
105 174 1
105 195 1
105 199 1
106 4 1
106 5 -1
106 34 1
106 60 1
106 73 1
106 74 1
106 81 -1
106 119 1
106 140 -1
106 151 -1
106 154 1
106 158 1
106 165 -1
106 167 -1
106 179 1
106 206 1
107 12 1
107 14 1
107 17 -1
107 26 -1
107 36 1
107 46 1
107 50 1
107 60 -1
107 62 1
107 91 1
107 104 1
107 126 -1
107 135 1
107 157 1
107 158 1
107 171 1
107 177 1
107 193 -1
107 195 1
107 198 -1
108 11 -1
108 65 1
108 72 -1
108 87 -1
108 103 -1
108 113 -1
108 120 1
108 128 1
108 130 1
108 167 -1
108 187 -1
108 195 1
108 196 -1
109 1 1
109 7 -1
109 21 -1
109 22 1
109 28 1
109 33 -1
109 37 1
109 65 -1
109 94 1
109 104 1
109 117 -1
109 120 1
109 142 1
109 145 -1
109 165 -1
109 168 1
109 175 1
109 202 1
109 204 1
110 13 1
110 37 -1
110 39 -1
110 51 1
110 52 1
110 73 -1
110 74 1
110 79 -1
110 88 -1
110 97 -1
110 104 1
110 112 -1
110 119 1
110 132 -1
110 133 1
110 145 1
110 148 -1
110 154 -1
110 185 1
110 190 -1
111 11 -1
111 14 1
111 15 -1
111 33 1
111 34 -1
111 44 1
111 47 1
111 64 1
111 65 1
111 78 -1
111 80 1
111 97 -1
111 98 1
111 100 1
111 135 1
111 162 -1
111 167 -1
111 171 -1
111 178 -1
111 184 -1
111 201 1
111 204 1
111 207 1
112 17 1
112 19 1
112 22 1
112 23 -1
112 30 -1
112 31 -1
112 54 1
112 64 -1
112 68 -1
112 71 1
112 82 1
112 93 1
112 127 -1
112 143 1
112 144 1
112 153 -1
112 155 1
112 158 1
112 185 1
113 6 -1
113 38 -1
113 39 1
113 41 -1
113 42 1
113 50 1
113 51 1
113 59 1
113 60 1
113 63 1
113 70 1
113 75 1
113 83 -1
113 116 -1
113 120 1
113 131 -1
113 148 1
113 158 1
113 163 -1
113 185 -1
113 190 -1
114 8 -1
114 13 1
114 29 -1
114 30 -1
114 39 1
114 57 -1
114 58 1
114 60 -1
114 90 -1
114 115 -1
114 119 1
114 128 1
114 136 1
114 148 -1
114 150 1
114 154 1
114 157 1
114 159 1
114 189 1
114 193 1
114 209 -1
115 7 1
115 8 -1
115 38 -1
115 42 1
115 49 -1
115 51 -1
115 60 1
115 69 1
115 73 -1
115 93 -1
115 95 1
115 109 -1
115 110 -1
115 117 1
115 127 1
115 150 -1
115 159 -1
115 167 1
115 169 -1
115 175 -1
115 192 1
115 194 1
115 205 -1
115 210 -1
116 3 -1
116 4 1
116 9 -1
116 14 1
116 35 1
116 38 -1
116 39 -1
116 43 1
116 61 -1
116 62 1
116 70 1
116 76 -1
116 86 1
116 96 -1
116 133 1
116 140 -1
116 141 -1
116 142 -1
116 150 1
116 160 1
116 184 1
116 187 1
116 193 -1
116 202 -1
117 21 1
117 28 -1
117 42 1
117 43 -1
117 49 1
117 59 1
117 66 -1
117 72 -1
117 81 -1
117 92 1
117 99 -1
117 131 -1
117 139 1
117 171 1
117 189 1
117 197 1
117 205 -1
118 16 1
118 19 1
118 24 -1
118 67 -1
118 92 -1
118 95 1
118 99 1
118 103 -1
118 116 -1
118 150 1
118 153 -1
118 154 -1
118 158 1
118 169 -1
118 176 -1
118 190 -1
118 192 1
118 207 -1
119 10 1
119 24 1
119 32 1
119 34 1
119 40 1
119 43 1
119 52 1
119 55 1
119 56 -1
119 62 1
119 83 -1
119 88 1
119 111 1
119 112 1
119 136 1
119 142 -1
119 160 -1
119 170 -1
119 173 1
119 188 1
119 192 1
119 193 -1
119 203 1
120 21 -1
120 40 -1
120 41 1
120 51 1
120 53 1
120 59 1
120 62 -1
120 88 -1
120 95 -1
120 101 1
120 106 -1
120 114 -1
120 115 1
120 132 1
120 151 1
120 157 -1
120 174 -1
120 192 1
120 201 -1
121 31 1
121 32 1
121 51 1
121 61 1
121 73 -1
121 84 1
121 88 -1
121 90 -1
121 104 -1
121 107 -1
121 135 1
121 144 -1
121 147 1
121 149 -1
121 154 -1
121 179 1
121 180 1
121 203 -1
121 208 1
122 19 -1
122 35 -1
122 37 1
122 50 1
122 53 -1
122 66 -1
122 99 1
122 102 -1
122 103 -1
122 107 1
122 108 1
122 111 1
122 117 -1
122 120 -1
122 133 -1
122 145 1
122 150 -1
122 171 1
122 174 1
122 175 -1
122 195 -1
123 5 -1
123 6 1
123 7 -1
123 14 1
123 25 -1
123 32 -1
123 39 1
123 54 -1
123 57 -1
123 73 1
123 77 1
123 94 1
123 99 -1
123 128 1
123 138 -1
123 151 -1
123 154 1
123 156 1
123 162 -1
123 165 1
123 170 1
123 179 -1
124 39 -1
124 44 1
124 50 -1
124 53 1
124 75 -1
124 78 1
124 80 1
124 82 -1
124 90 1
124 128 -1
124 152 -1
124 153 -1
124 161 1
124 166 -1
124 172 -1
124 181 1
124 197 1
124 202 -1
125 2 -1
125 20 -1
125 26 1
125 40 -1
125 59 1
125 61 1
125 64 1
125 66 1
125 79 -1
125 100 -1
125 109 1
125 120 -1
125 156 1
125 158 1
125 170 1
125 175 1
125 187 1
125 197 -1
125 202 -1
125 207 -1
125 208 1
126 14 -1
126 17 1
126 20 1
126 23 1
126 28 -1
126 61 -1
126 64 1
126 73 -1
126 85 1
126 100 -1
126 110 1
126 114 -1
126 120 -1
126 125 1
126 136 1
126 158 -1
126 159 1
126 162 1
126 172 -1
126 180 -1
127 16 1
127 19 1
127 22 -1
127 24 1
127 30 -1
127 33 1
127 34 -1
127 54 1
127 59 1
127 71 -1
127 85 1
127 88 -1
127 99 -1
127 107 1
127 109 1
127 119 1
127 125 1
127 140 1
127 147 -1
127 154 1
127 155 -1
127 162 1
127 172 1
127 178 1
127 191 -1
127 205 1
128 14 1
128 15 -1
128 22 -1
128 32 1
128 38 -1
128 51 1
128 64 -1
128 89 1
128 105 1
128 112 -1
128 142 -1
128 168 -1
128 169 1
128 170 -1
128 185 -1
128 188 1
128 195 1
128 196 1
128 201 1
129 7 -1
129 26 -1
129 30 1
129 34 -1
129 39 1
129 52 1
129 57 1
129 63 1
129 69 -1
129 83 1
129 89 1
129 100 -1
129 103 1
129 109 -1
129 115 1
129 116 1
129 134 -1
129 154 -1
129 160 -1
129 182 -1
129 193 -1
130 3 1
130 20 -1
130 27 1
130 59 -1
130 70 1
130 82 1
130 85 -1
130 94 1
130 96 1
130 100 -1
130 111 -1
130 114 -1
130 125 1
130 129 1
130 134 -1
130 137 -1
130 139 1
130 154 -1
130 155 1
130 163 1
130 184 -1
130 203 1
131 1 1
131 13 -1
131 14 1
131 15 -1
131 16 -1
131 17 -1
131 27 -1
131 37 -1
131 46 -1
131 73 1
131 80 -1
131 101 1
131 116 1
131 122 -1
131 145 1
131 158 -1
131 163 -1
131 177 -1
131 185 -1
131 205 -1
131 207 1
132 5 -1
132 21 1
132 22 -1
132 36 1
132 60 -1
132 79 1
132 84 1
132 89 1
132 99 -1
132 121 -1
132 130 1
132 142 -1
132 152 1
132 162 1
132 180 -1
132 183 -1
132 192 1
132 194 -1
132 202 1
132 207 -1
133 2 1
133 8 1
133 19 1
133 23 1
133 44 -1
133 48 -1
133 52 -1
133 63 -1
133 94 -1
133 114 -1
133 119 1
133 138 1
133 144 -1
133 147 -1
133 158 -1
133 165 1
133 166 -1
133 180 -1
133 191 -1
133 192 -1
133 198 1
133 202 -1
133 208 -1
134 13 -1
134 18 -1
134 25 1
134 30 -1
134 31 -1
134 45 1
134 53 -1
134 59 1
134 65 1
134 66 -1
134 84 -1
134 85 1
134 95 1
134 97 1
134 132 -1
134 143 1
134 163 -1
134 168 1
134 198 1
134 206 1
135 2 -1
135 10 -1
135 12 1
135 14 1
135 18 -1
135 19 -1
135 28 1
135 36 -1
135 42 1
135 51 1
135 54 -1
135 76 1
135 78 1
135 82 1
135 83 -1
135 85 -1
135 123 -1
135 147 -1
135 154 -1
135 160 1
135 174 1
135 189 1
135 195 1
136 8 -1
136 10 -1
136 55 1
136 65 -1
136 75 1
136 82 1
136 84 -1
136 85 -1
136 108 -1
136 118 1
136 120 -1
136 137 -1
136 138 1
136 150 1
136 168 1
136 189 -1
136 193 1
136 206 -1
137 1 1
137 6 -1
137 13 1
137 19 1
137 40 1
137 42 1
137 57 1
137 60 1
137 62 -1
137 73 -1
137 89 -1
137 98 1
137 99 -1
137 101 1
137 109 1
137 112 -1
137 113 1
137 131 -1
137 135 -1
137 138 -1
137 139 -1
137 141 1
137 143 -1
137 150 -1
137 158 1
137 166 1
137 170 -1
137 171 1
137 180 -1
137 184 1
137 200 1
137 204 1
137 207 1
138 2 1
138 12 1
138 59 -1
138 62 1
138 65 1
138 70 1
138 76 1
138 77 -1
138 78 -1
138 102 -1
138 110 1
138 112 1
138 121 1
138 127 1
138 129 1
138 148 -1
138 156 -1
138 163 -1
138 170 -1
139 2 1
139 35 1
139 37 -1
139 50 1
139 55 -1
139 79 1
139 87 1
139 109 1
139 110 1
139 113 -1
139 118 -1
139 119 1
139 126 1
139 127 1
139 169 1
139 195 -1
139 201 -1
140 6 -1
140 7 -1
140 16 -1
140 44 1
140 71 -1
140 89 -1
140 91 -1
140 105 -1
140 107 -1
140 109 1
140 110 1
140 118 -1
140 124 -1
140 128 -1
140 155 -1
140 157 -1
140 177 -1
140 181 1
140 185 1
140 200 1
141 1 1
141 7 1
141 10 -1
141 22 1
141 34 1
141 37 1
141 38 1
141 46 -1
141 47 1
141 67 -1
141 68 -1
141 81 1
141 95 1
141 102 1
141 105 1
141 110 1
141 166 1
141 180 1
141 197 1
141 200 -1
142 2 -1
142 14 1
142 15 1
142 21 -1
142 28 1
142 29 1
142 37 -1
142 60 -1
142 63 1
142 80 -1
142 98 1
142 102 -1
142 112 -1
142 125 -1
142 126 1
142 130 1
142 134 1
142 137 -1
142 144 1
142 154 1
142 168 -1
142 171 1
142 175 -1
142 182 -1
142 191 1
142 195 1
142 206 -1
142 210 -1
143 3 1
143 9 1
143 11 -1
143 13 1
143 27 1
143 30 1
143 46 1
143 52 -1
143 58 1
143 75 1
143 84 1
143 85 1
143 91 -1
143 111 1
143 128 1
143 141 -1
143 144 1
143 145 1
143 158 1
143 161 -1
143 183 -1
144 12 -1
144 24 -1
144 33 1
144 47 -1
144 51 -1
144 58 1
144 82 1
144 97 -1
144 109 1
144 127 1
144 132 1
144 140 1
144 145 1
144 152 1
144 157 1
144 161 -1
144 170 1
144 171 -1
144 180 -1
144 200 -1
145 9 -1
145 32 1
145 33 -1
145 36 -1
145 50 -1
145 51 -1
145 74 -1
145 78 1
145 106 1
145 107 1
145 117 1
145 119 -1
145 130 -1
145 150 1
145 162 1
145 174 1
145 176 -1
145 178 1
145 183 -1
145 196 1
145 199 1
145 205 -1
146 3 -1
146 20 -1
146 32 1
146 38 -1
146 41 1
146 63 -1
146 65 1
146 71 -1
146 73 -1
146 106 1
146 125 1
146 128 1
146 140 1
146 151 -1
146 162 -1
146 205 -1
146 206 -1
147 25 1
147 48 1
147 49 1
147 75 -1
147 79 -1
147 81 1
147 91 1
147 94 1
147 105 -1
147 106 1
147 128 1
147 134 -1
147 144 1
147 150 -1
147 157 -1
147 159 -1
147 163 1
147 164 1
147 168 -1
147 173 1
147 183 1
147 191 1
147 196 1
147 202 -1
147 205 1
147 207 1
148 43 -1
148 45 1
148 72 -1
148 77 1
148 85 -1
148 88 -1
148 94 1
148 95 1
148 107 1
148 122 1
148 129 1
148 131 -1
148 147 -1
148 183 -1
148 184 -1
148 193 1
148 198 -1
148 204 1
148 205 -1
148 207 -1
149 9 1
149 34 -1
149 44 1
149 53 -1
149 70 -1
149 81 -1
149 97 -1
149 119 1
149 134 -1
149 140 -1
149 146 1
149 158 -1
149 163 -1
149 166 1
149 171 1
149 200 1
149 202 1
149 206 1
150 14 -1
150 17 1
150 23 -1
150 26 1
150 33 -1
150 38 -1
150 54 -1
150 57 -1
150 73 1
150 79 -1
150 82 -1
150 98 1
150 100 1
150 107 -1
150 124 -1
150 126 1
150 127 1
150 133 -1
150 157 -1
150 173 1
150 180 1
150 197 -1
150 209 1
151 4 -1
151 15 1
151 18 -1
151 36 1
151 47 -1
151 59 1
151 111 -1
151 112 -1
151 115 1
151 124 1
151 135 -1
151 169 -1
151 184 -1
151 196 -1
151 199 -1
151 200 -1
151 203 1
151 207 -1
152 11 -1
152 19 1
152 22 -1
152 28 1
152 50 1
152 75 -1
152 86 1
152 102 1
152 103 1
152 104 1
152 127 -1
152 137 -1
152 157 1
152 161 -1
152 163 1
152 166 1
152 180 -1
152 184 1
152 185 1
152 202 -1
153 10 1
153 27 -1
153 31 -1
153 35 1
153 41 1
153 44 -1
153 56 1
153 61 1
153 78 1
153 84 1
153 89 -1
153 96 1
153 131 -1
153 136 1
153 137 1
153 143 -1
153 165 1
153 167 1
153 181 -1
153 184 1
153 192 1
153 210 1
154 1 1
154 4 -1
154 26 -1
154 28 -1
154 37 -1
154 56 -1
154 75 1
154 91 1
154 92 1
154 94 1
154 95 1
154 99 -1
154 113 1
154 128 -1
154 136 -1
154 147 -1
154 160 -1
154 176 1
154 180 -1
154 184 1
154 200 -1
154 202 1
154 205 1
155 6 -1
155 34 1
155 37 -1
155 38 -1
155 67 1
155 75 -1
155 76 -1
155 80 -1
155 84 1
155 93 -1
155 100 -1
155 107 1
155 136 1
155 138 -1
155 143 1
155 146 1
155 160 -1
155 181 1
155 193 1
155 196 -1
155 204 1
155 210 -1
156 4 -1
156 5 -1
156 6 -1
156 11 -1
156 14 1
156 20 1
156 38 1
156 43 1
156 48 1
156 54 1
156 56 -1
156 58 -1
156 59 -1
156 106 1
156 112 -1
156 131 1
156 133 -1
156 136 1
156 159 1
156 175 -1
156 178 -1
156 186 -1
156 188 1
156 198 1
157 14 1
157 20 1
157 41 1
157 43 -1
157 72 1
157 82 1
157 84 1
157 97 1
157 106 -1
157 133 1
157 135 1
157 145 1
157 148 -1
157 155 -1
157 179 -1
157 193 -1
157 199 1
157 209 1
157 210 1
158 23 1
158 24 1
158 35 1
158 37 -1
158 38 1
158 83 -1
158 101 -1
158 114 1
158 119 1
158 124 1
158 146 1
158 159 -1
158 171 -1
158 175 1
158 176 1
158 185 1
158 189 1
158 194 1
158 197 1
158 210 1
159 5 1
159 42 -1
159 46 -1
159 54 1
159 70 -1
159 71 -1
159 75 1
159 81 1
159 83 1
159 92 1
159 95 1
159 110 -1
159 117 1
159 120 1
159 122 1
159 123 1
159 138 1
159 140 -1
159 141 1
159 142 1
159 150 1
159 153 -1
159 172 -1
159 189 1
160 12 1
160 15 1
160 26 -1
160 41 1
160 45 -1
160 65 -1
160 132 1
160 134 -1
160 144 1
160 151 1
161 8 -1
161 31 1
161 45 -1
161 47 1
161 51 1
161 70 1
161 72 1
161 82 1
161 91 -1
161 94 -1
161 97 1
161 150 1
161 157 1
161 158 -1
161 166 -1
161 175 -1
161 187 -1
161 194 -1
161 208 -1
161 209 -1
162 1 1
162 7 1
162 18 1
162 21 1
162 32 -1
162 40 1
162 55 -1
162 58 1
162 66 -1
162 68 -1
162 72 -1
162 81 1
162 99 1
162 115 1
162 116 1
162 122 -1
162 129 -1
162 130 -1
162 152 -1
162 154 1
162 165 1
162 166 -1
162 179 1
162 185 -1
162 186 -1
162 200 1
162 206 1
163 3 1
163 4 1
163 11 1
163 12 1
163 24 -1
163 26 -1
163 50 1
163 53 -1
163 57 -1
163 58 -1
163 64 1
163 72 1
163 76 1
163 103 1
163 108 -1
163 115 1
163 133 1
163 148 -1
163 168 1
163 187 1
163 191 -1
163 205 1
163 208 -1
164 64 1
164 81 1
164 82 -1
164 87 1
164 98 1
164 100 -1
164 102 -1
164 116 -1
164 131 -1
164 159 -1
164 174 -1
164 178 -1
164 202 -1
165 17 1
165 21 1
165 24 1
165 25 -1
165 34 -1
165 50 1
165 55 1
165 57 -1
165 83 -1
165 95 1
165 114 1
165 115 -1
165 116 1
165 130 -1
165 136 -1
165 137 -1
165 143 -1
165 144 1
165 178 -1
165 204 -1
166 28 1
166 33 1
166 37 1
166 51 1
166 52 1
166 72 1
166 90 1
166 114 -1
166 116 -1
166 119 -1
166 122 1
166 128 -1
166 145 -1
166 150 1
166 158 1
166 163 -1
166 181 -1
166 195 1
167 21 -1
167 25 1
167 39 -1
167 62 1
167 73 -1
167 91 1
167 92 -1
167 112 -1
167 130 -1
167 136 -1
167 139 -1
167 159 -1
167 162 1
167 179 -1
167 183 1
167 193 1
167 204 -1
167 206 -1
168 2 -1
168 3 -1
168 8 -1
168 10 1
168 28 1
168 30 -1
168 48 -1
168 54 -1
168 57 1
168 59 -1
168 60 1
168 65 1
168 73 1
168 86 -1
168 127 1
168 131 1
168 133 1
168 143 1
168 161 1
168 170 1
168 180 1
168 189 1
168 194 1
168 201 -1
168 210 -1
169 4 -1
169 30 1
169 32 1
169 58 1
169 60 -1
169 66 1
169 72 -1
169 83 1
169 86 -1
169 88 1
169 91 -1
169 92 1
169 106 1
169 109 -1
169 144 -1
169 145 1
169 146 1
169 150 1
169 157 1
169 182 -1
169 187 -1
169 188 -1
169 189 1
169 191 -1
169 205 -1
170 8 1
170 36 -1
170 42 -1
170 72 -1
170 78 -1
170 81 1
170 112 -1
170 116 1
170 121 1
170 135 1
170 136 1
170 156 -1
170 167 1
170 172 1
170 174 1
170 175 1
170 183 1
171 5 -1
171 7 -1
171 25 -1
171 37 -1
171 49 1
171 51 -1
171 65 -1
171 76 1
171 90 1
171 116 -1
171 119 1
171 143 1
171 146 1
171 184 1
171 209 1
172 1 1
172 6 -1
172 13 -1
172 23 -1
172 25 1
172 33 1
172 82 -1
172 98 1
172 111 -1
172 128 1
172 133 -1
172 136 -1
172 143 1
172 150 -1
172 156 1
172 201 -1
173 2 1
173 9 -1
173 11 -1
173 23 -1
173 45 -1
173 46 -1
173 48 1
173 53 -1
173 56 1
173 63 -1
173 97 -1
173 98 -1
173 106 1
173 118 -1
173 122 1
173 124 -1
173 130 1
173 131 1
173 139 -1
173 151 1
173 161 1
173 187 1
173 188 1
173 190 -1
174 2 -1
174 17 -1
174 19 1
174 20 1
174 24 1
174 45 -1
174 49 -1
174 50 -1
174 54 1
174 62 -1
174 64 -1
174 67 1
174 68 1
174 90 -1
174 95 1
174 103 -1
174 118 -1
174 125 1
174 128 -1
174 144 -1
174 146 1
174 152 1
174 156 1
174 163 1
174 168 -1
174 172 1
174 190 1
174 195 -1
175 10 -1
175 13 1
175 14 1
175 15 -1
175 27 1
175 31 1
175 33 -1
175 35 -1
175 41 -1
175 51 -1
175 75 1
175 94 -1
175 110 -1
175 124 1
175 146 -1
175 165 1
175 171 -1
175 179 1
175 198 1
176 1 -1
176 3 -1
176 13 1
176 27 1
176 32 1
176 35 1
176 38 1
176 44 -1
176 46 1
176 51 1
176 58 -1
176 68 -1
176 77 1
176 80 1
176 91 1
176 96 -1
176 104 -1
176 110 1
176 117 -1
176 121 1
176 125 1
176 126 -1
176 129 -1
176 131 -1
176 143 1
176 149 1
176 165 -1
176 189 -1
177 21 -1
177 39 -1
177 42 1
177 55 1
177 62 1
177 86 -1
177 88 -1
177 94 1
177 103 1
177 123 -1
177 160 -1
177 163 1
177 175 -1
177 194 -1
177 203 1
178 12 -1
178 22 1
178 23 -1
178 35 1
178 54 1
178 65 -1
178 69 -1
178 81 -1
178 83 1
178 87 -1
178 88 -1
178 91 1
178 104 1
178 106 1
178 108 1
178 125 -1
178 141 1
178 154 1
178 166 -1
178 167 1
178 179 1
178 180 -1
178 182 1
179 12 1
179 18 -1
179 41 1
179 42 1
179 44 -1
179 57 -1
179 61 -1
179 63 1
179 75 1
179 77 -1
179 78 -1
179 104 1
179 114 1
179 120 1
179 126 -1
179 132 -1
179 170 1
179 171 1
179 188 -1
179 206 -1
180 1 1
180 4 -1
180 7 1
180 28 1
180 37 -1
180 45 1
180 74 -1
180 78 -1
180 85 -1
180 87 1
180 88 -1
180 112 -1
180 114 1
180 117 -1
180 127 -1
180 139 1
180 149 1
180 153 -1
180 162 1
180 172 1
180 181 -1
180 191 1
180 193 1
180 195 -1
180 197 -1
181 21 -1
181 26 -1
181 37 -1
181 38 1
181 43 -1
181 71 1
181 79 1
181 82 -1
181 101 1
181 112 1
181 114 -1
181 119 -1
181 121 1
181 125 -1
181 129 1
181 149 -1
181 162 -1
181 164 -1
181 169 -1
181 188 1
181 190 -1
181 202 -1
181 203 -1
182 21 -1
182 29 1
182 52 -1
182 67 -1
182 68 1
182 71 -1
182 89 -1
182 103 -1
182 104 -1
182 126 1
182 128 1
182 131 -1
182 136 -1
182 139 -1
182 153 1
182 187 1
182 195 1
183 6 1
183 20 -1
183 21 -1
183 30 -1
183 43 -1
183 53 1
183 70 1
183 101 -1
183 107 -1
183 119 1
183 124 -1
183 136 1
183 144 1
183 146 1
183 175 -1
183 178 1
183 184 -1
183 185 -1
183 188 1
183 202 1
183 207 1
184 16 -1
184 43 -1
184 51 -1
184 66 1
184 68 1
184 76 -1
184 78 1
184 81 1
184 84 -1
184 110 -1
184 120 1
184 126 -1
184 133 -1
184 141 -1
184 147 -1
184 156 1
184 175 -1
184 178 1
184 179 1
184 185 -1
184 192 -1
184 200 1
184 205 1
185 6 1
185 16 1
185 22 -1
185 30 1
185 38 -1
185 41 -1
185 51 1
185 89 1
185 93 -1
185 115 1
185 130 -1
185 135 -1
185 168 -1
185 176 -1
185 177 -1
185 196 -1
185 203 -1
185 210 -1
186 36 -1
186 46 1
186 56 -1
186 59 1
186 66 1
186 71 -1
186 73 -1
186 100 1
186 112 1
186 113 -1
186 116 1
186 128 -1
186 130 1
186 145 -1
186 158 1
186 168 1
186 202 1
187 4 1
187 12 1
187 18 -1
187 23 -1
187 32 1
187 43 -1
187 63 -1
187 71 1
187 81 -1
187 87 -1
187 112 -1
187 129 1
187 146 -1
187 160 -1
187 166 1
187 175 1
187 177 -1
187 194 -1
187 206 -1
188 2 1
188 19 -1
188 20 1
188 32 -1
188 42 1
188 43 1
188 49 -1
188 58 1
188 59 -1
188 74 1
188 80 -1
188 95 -1
188 123 -1
188 125 1
188 126 -1
188 132 -1
188 145 -1
188 148 1
188 165 1
188 170 -1
188 178 -1
188 187 1
189 18 1
189 42 -1
189 46 -1
189 63 1
189 82 1
189 84 -1
189 87 1
189 93 1
189 99 1
189 105 -1
189 115 -1
189 137 -1
189 140 1
189 150 -1
189 155 1
189 166 -1
190 24 1
190 41 -1
190 51 1
190 56 1
190 71 1
190 74 -1
190 78 -1
190 87 1
190 97 1
190 99 -1
190 100 -1
190 104 1
190 108 -1
190 117 -1
190 119 -1
190 135 1
190 139 -1
190 147 -1
190 152 1
190 168 1
190 192 1
190 201 1
190 206 -1
190 207 1
191 14 1
191 22 -1
191 25 1
191 36 1
191 37 -1
191 38 1
191 42 1
191 54 1
191 67 -1
191 68 1
191 79 1
191 97 1
191 103 -1
191 114 -1
191 115 1
191 140 1
191 143 -1
191 144 -1
191 170 -1
191 188 -1
191 190 -1
191 196 1
192 6 -1
192 13 -1
192 31 1
192 41 1
192 84 -1
192 88 1
192 92 -1
192 103 -1
192 106 -1
192 110 1
192 116 1
192 126 -1
192 131 -1
192 139 -1
192 174 1
192 177 1
192 181 1
192 197 -1
193 23 -1
193 28 -1
193 45 1
193 49 -1
193 53 -1
193 88 1
193 130 -1
193 140 1
193 165 -1
193 166 -1
193 179 1
193 186 1
193 209 1
194 6 -1
194 15 -1
194 17 1
194 28 1
194 39 1
194 43 -1
194 70 -1
194 82 1
194 88 1
194 107 -1
194 116 -1
194 119 1
194 122 -1
194 135 1
194 137 1
194 143 -1
194 152 -1
194 162 1
194 171 1
194 172 -1
194 173 -1
194 178 1
194 204 -1
195 1 -1
195 20 -1
195 22 1
195 25 1
195 26 1
195 30 -1
195 44 1
195 52 -1
195 60 -1
195 86 1
195 101 1
195 127 1
195 145 -1
195 161 1
195 168 1
195 178 -1
195 187 1
196 7 -1
196 9 -1
196 12 1
196 27 1
196 35 1
196 40 1
196 47 -1
196 56 -1
196 57 1
196 65 -1
196 75 1
196 78 -1
196 94 1
196 110 -1
196 131 -1
196 139 1
196 144 -1
196 181 1
197 45 -1
197 58 1
197 73 1
197 87 1
197 108 1
197 119 1
197 127 1
197 131 1
197 140 1
197 155 -1
197 161 -1
197 177 -1
197 179 1
197 182 1
197 189 1
197 205 -1
198 4 1
198 10 -1
198 54 1
198 58 -1
198 60 -1
198 67 1
198 96 -1
198 100 -1
198 106 1
198 122 -1
198 124 1
198 126 1
198 136 -1
198 139 -1
198 143 1
198 160 1
198 164 -1
198 166 -1
198 176 -1
198 206 1
198 209 1
199 2 -1
199 7 -1
199 8 -1
199 18 1
199 19 -1
199 21 -1
199 38 -1
199 42 1
199 44 1
199 46 -1
199 50 1
199 82 -1
199 84 1
199 86 1
199 96 -1
199 109 -1
199 112 -1
199 116 -1
199 117 1
199 125 1
199 130 -1
199 133 1
199 137 1
199 148 1
199 161 1
200 1 1
200 2 -1
200 8 -1
200 12 1
200 15 -1
200 16 -1
200 21 -1
200 29 -1
200 66 -1
200 67 -1
200 71 -1
200 85 -1
200 93 -1
200 99 -1
200 143 1
200 153 -1
200 158 -1
200 170 1
200 205 -1
201 1 -1
201 8 -1
201 16 -1
201 18 -1
201 21 1
201 33 1
201 42 -1
201 45 -1
201 56 -1
201 60 1
201 63 -1
201 79 1
201 85 -1
201 87 -1
201 88 1
201 108 -1
201 117 -1
201 124 -1
201 134 1
201 147 1
201 193 -1
202 1 1
202 20 1
202 26 -1
202 28 1
202 29 -1
202 38 1
202 50 1
202 58 -1
202 64 -1
202 77 -1
202 104 -1
202 139 1
202 146 -1
202 151 -1
202 173 1
202 175 -1
202 185 -1
202 192 -1
202 200 -1
202 206 1
203 14 -1
203 31 1
203 35 1
203 59 -1
203 65 1
203 79 -1
203 86 -1
203 87 -1
203 100 -1
203 106 -1
203 114 -1
203 140 1
203 155 1
203 165 -1
203 172 -1
203 183 -1
203 184 1
203 187 -1
203 190 1
203 196 -1
203 201 -1
203 205 -1
203 210 -1
204 3 -1
204 20 1
204 42 1
204 43 -1
204 53 1
204 59 -1
204 62 1
204 72 1
204 77 1
204 96 1
204 123 1
204 131 1
204 139 1
204 142 -1
204 150 1
204 164 -1
204 182 -1
205 2 1
205 8 1
205 17 -1
205 18 1
205 20 -1
205 44 1
205 55 1
205 87 -1
205 95 -1
205 104 -1
205 106 -1
205 110 -1
205 113 -1
205 118 1
205 138 1
205 139 1
205 153 -1
205 166 1
205 171 -1
205 173 1
205 177 -1
205 187 1
205 190 1
206 4 1
206 15 1
206 16 1
206 27 -1
206 34 -1
206 38 -1
206 39 -1
206 40 -1
206 62 -1
206 67 1
206 77 1
206 81 -1
206 89 1
206 95 1
206 101 -1
206 103 1
206 110 1
206 111 1
206 113 1
206 124 -1
206 133 1
206 145 1
206 156 1
206 164 -1
206 165 -1
206 171 -1
206 185 -1
207 8 1
207 21 -1
207 25 1
207 43 1
207 71 -1
207 80 1
207 85 -1
207 91 -1
207 113 -1
207 140 -1
207 144 1
207 155 1
207 161 1
207 171 1
207 172 1
207 185 -1
207 187 1
207 201 1
207 208 1
207 209 -1
208 6 1
208 27 -1
208 40 1
208 53 -1
208 61 -1
208 63 1
208 79 -1
208 85 -1
208 107 -1
208 112 1
208 114 -1
208 127 1
208 134 -1
208 139 -1
208 178 -1
208 191 1
208 201 -1
208 205 -1
209 21 1
209 51 -1
209 52 1
209 83 -1
209 85 1
209 86 -1
209 108 1
209 109 -1
209 111 -1
209 117 1
209 124 -1
209 128 1
209 136 -1
209 162 -1
209 186 -1
209 208 1
210 36 1
210 38 1
210 42 1
210 52 -1
210 54 1
210 66 1
210 78 1
210 80 -1
210 89 1
210 112 -1
210 127 1
210 129 1
210 133 -1
210 143 -1
210 150 -1
210 165 1
210 176 1
210 181 -1
210 183 1
210 186 -1
210 191 -1
210 192 -1
210 206 -1
