vertices: 110 edges: 4796
1 3 -1
1 5 -1
1 11 -1
1 14 -1
1 15 -1
1 17 -1
1 20 -1
1 21 -1
1 24 -1
1 30 -1
1 32 -1
1 33 -1
1 37 -1
1 38 -1
1 39 -1
1 40 -1
1 41 -1
1 42 -1
1 46 1
1 47 1
1 49 -1
1 52 -1
1 53 -1
1 58 1
1 62 1
1 63 -1
1 65 -1
1 66 -1
1 69 -1
1 71 -1
1 74 -1
1 78 -1
1 79 -1
1 81 1
1 82 -1
1 83 -1
1 85 -1
1 88 -1
1 90 -1
1 91 -1
1 93 1
1 96 -1
1 99 -1
1 101 -1
1 102 -1
1 103 -1
1 104 1
1 105 -1
1 107 -1
2 1 -1
2 4 -1
2 5 -1
2 11 -1
2 15 -1
2 19 -1
2 20 -1
2 22 1
2 26 -1
2 27 1
2 28 -1
2 32 -1
2 34 -1
2 39 1
2 40 -1
2 41 -1
2 43 -1
2 49 -1
2 51 -1
2 52 -1
2 55 -1
2 56 -1
2 57 -1
2 58 -1
2 63 -1
2 65 -1
2 67 -1
2 68 -1
2 69 -1
2 73 -1
2 74 -1
2 76 -1
2 78 -1
2 80 -1
2 82 -1
2 84 -1
2 90 -1
2 92 1
2 98 -1
2 100 -1
2 102 -1
2 103 1
2 104 -1
3 2 -1
3 5 -1
3 6 -1
3 11 -1
3 14 -1
3 15 -1
3 16 -1
3 17 -1
3 19 -1
3 20 -1
3 21 -1
3 22 -1
3 25 -1
3 27 -1
3 29 1
3 30 -1
3 32 1
3 33 1
3 37 -1
3 41 -1
3 45 -1
3 46 -1
3 50 -1
3 57 1
3 62 -1
3 64 -1
3 65 -1
3 68 -1
3 70 -1
3 71 -1
3 74 -1
3 79 -1
3 82 1
3 83 -1
3 85 -1
3 88 -1
3 89 -1
3 90 -1
3 94 -1
3 97 -1
3 98 -1
3 100 -1
3 101 -1
3 104 -1
4 1 -1
4 3 -1
4 7 -1
4 9 1
4 11 -1
4 13 -1
4 17 1
4 18 1
4 21 -1
4 23 1
4 28 -1
4 29 -1
4 33 1
4 34 -1
4 36 -1
4 39 -1
4 40 -1
4 44 -1
4 48 -1
4 55 -1
4 57 -1
4 58 -1
4 59 1
4 63 -1
4 64 -1
4 65 -1
4 66 1
4 67 -1
4 71 -1
4 73 -1
4 74 -1
4 75 -1
4 77 -1
4 78 1
4 79 1
4 84 -1
4 85 -1
4 87 -1
4 88 -1
4 95 1
4 96 1
4 97 1
4 98 1
4 99 -1
4 102 -1
4 104 -1
4 106 1
5 4 -1
5 6 -1
5 7 -1
5 9 -1
5 12 -1
5 13 -1
5 15 -1
5 21 -1
5 25 -1
5 26 1
5 28 -1
5 30 -1
5 33 -1
5 36 -1
5 37 -1
5 38 -1
5 40 -1
5 41 -1
5 44 1
5 45 -1
5 54 -1
5 55 1
5 58 1
5 63 -1
5 64 1
5 74 -1
5 80 -1
5 82 -1
5 83 -1
5 84 -1
5 85 1
5 86 -1
5 91 -1
5 94 -1
5 95 -1
5 98 -1
5 104 -1
5 105 -1
5 106 1
5 108 -1
5 109 -1
6 2 1
6 4 -1
6 7 -1
6 8 -1
6 10 -1
6 12 1
6 13 -1
6 14 -1
6 16 -1
6 19 -1
6 21 -1
6 24 -1
6 25 -1
6 28 -1
6 31 -1
6 33 -1
6 37 -1
6 38 -1
6 39 -1
6 41 -1
6 42 -1
6 49 -1
6 51 -1
6 52 1
6 56 -1
6 59 -1
6 60 -1
6 61 -1
6 67 1
6 71 -1
6 72 -1
6 78 -1
6 79 -1
6 80 -1
6 82 -1
6 83 -1
6 84 -1
6 91 1
6 92 -1
6 94 -1
6 95 -1
6 97 -1
6 98 -1
6 105 -1
6 106 1
6 107 -1
7 1 -1
7 8 -1
7 10 -1
7 13 -1
7 14 -1
7 17 -1
7 18 -1
7 19 -1
7 22 -1
7 25 1
7 27 -1
7 29 -1
7 33 -1
7 34 -1
7 37 -1
7 39 -1
7 42 -1
7 44 -1
7 46 -1
7 49 -1
7 51 -1
7 52 1
7 57 -1
7 60 -1
7 63 -1
7 64 -1
7 69 -1
7 70 -1
7 74 -1
7 81 -1
7 83 -1
7 84 -1
7 85 -1
7 87 -1
7 91 -1
7 92 1
7 93 -1
7 94 -1
7 95 1
7 97 -1
7 99 -1
7 106 -1
7 108 -1
8 1 -1
8 2 -1
8 3 -1
8 5 -1
8 9 1
8 11 -1
8 14 -1
8 18 -1
8 19 -1
8 20 -1
8 21 -1
8 22 -1
8 24 -1
8 28 1
8 35 1
8 38 -1
8 39 -1
8 40 1
8 42 -1
8 45 -1
8 46 -1
8 47 -1
8 49 -1
8 50 1
8 51 -1
8 54 1
8 55 -1
8 57 -1
8 59 -1
8 61 -1
8 66 -1
8 68 -1
8 71 -1
8 72 -1
8 75 1
8 76 -1
8 82 -1
8 86 1
8 88 -1
8 91 -1
8 92 -1
8 95 -1
8 97 1
8 98 -1
8 100 1
8 102 1
8 104 -1
8 108 -1
8 110 -1
9 1 -1
9 2 -1
9 3 -1
9 6 -1
9 7 1
9 11 -1
9 14 -1
9 16 -1
9 18 -1
9 21 1
9 29 -1
9 31 1
9 32 -1
9 33 -1
9 35 -1
9 37 -1
9 40 1
9 42 -1
9 44 -1
9 46 -1
9 49 -1
9 58 -1
9 60 -1
9 62 1
9 63 -1
9 66 -1
9 68 -1
9 71 -1
9 76 1
9 85 1
9 87 -1
9 88 -1
9 89 1
9 95 -1
9 97 1
9 98 -1
9 102 -1
9 103 -1
9 105 -1
9 107 1
9 109 1
9 110 1
10 1 -1
10 2 -1
10 3 1
10 5 -1
10 15 -1
10 16 -1
10 17 -1
10 19 -1
10 20 -1
10 25 -1
10 28 -1
10 29 -1
10 30 -1
10 31 1
10 32 -1
10 34 -1
10 37 -1
10 38 1
10 39 -1
10 40 -1
10 45 1
10 46 1
10 52 -1
10 59 -1
10 61 -1
10 62 -1
10 63 -1
10 64 -1
10 66 -1
10 67 -1
10 72 -1
10 82 -1
10 83 -1
10 84 -1
10 86 -1
10 90 -1
10 98 -1
10 99 1
10 102 1
10 105 -1
10 107 -1
11 5 1
11 6 -1
11 7 1
11 21 1
11 24 -1
11 25 -1
11 35 1
11 39 -1
11 45 -1
11 46 -1
11 48 -1
11 50 -1
11 52 -1
11 53 -1
11 55 -1
11 59 1
11 60 -1
11 62 -1
11 63 -1
11 67 -1
11 68 -1
11 72 -1
11 73 1
11 74 1
11 75 -1
11 80 -1
11 82 -1
11 83 -1
11 84 -1
11 86 -1
11 89 -1
11 92 -1
11 95 1
11 101 -1
11 104 -1
11 109 1
12 1 -1
12 2 -1
12 3 -1
12 4 -1
12 7 -1
12 8 -1
12 9 1
12 10 -1
12 11 1
12 18 -1
12 21 -1
12 23 -1
12 26 -1
12 31 -1
12 32 -1
12 35 -1
12 36 -1
12 37 -1
12 38 -1
12 39 -1
12 40 1
12 44 -1
12 50 -1
12 51 -1
12 52 -1
12 53 -1
12 55 -1
12 58 -1
12 60 -1
12 62 -1
12 63 -1
12 64 -1
12 65 1
12 69 -1
12 72 -1
12 78 -1
12 83 -1
12 84 -1
12 87 -1
12 90 -1
12 98 -1
12 99 1
12 100 -1
12 103 -1
12 105 -1
12 106 -1
12 107 -1
13 1 -1
13 3 -1
13 8 -1
13 9 -1
13 10 -1
13 11 -1
13 12 -1
13 14 1
13 15 -1
13 17 -1
13 19 -1
13 22 -1
13 26 -1
13 27 -1
13 28 -1
13 29 -1
13 30 -1
13 32 1
13 33 1
13 34 1
13 35 -1
13 36 -1
13 39 -1
13 41 -1
13 44 -1
13 45 -1
13 54 -1
13 58 -1
13 60 -1
13 61 -1
13 64 1
13 70 -1
13 74 -1
13 75 -1
13 76 -1
13 79 -1
13 80 1
13 81 -1
13 90 -1
13 96 -1
13 99 -1
13 103 -1
13 105 -1
13 106 -1
13 110 1
14 2 -1
14 5 -1
14 10 1
14 11 -1
14 18 -1
14 22 1
14 24 -1
14 27 -1
14 30 -1
14 32 1
14 34 -1
14 37 1
14 38 -1
14 42 -1
14 49 -1
14 52 -1
14 53 -1
14 56 1
14 58 -1
14 59 1
14 63 1
14 64 -1
14 65 -1
14 69 -1
14 70 -1
14 73 -1
14 75 1
14 77 1
14 78 -1
14 79 1
14 87 -1
14 91 -1
14 94 -1
14 99 -1
14 101 -1
14 102 -1
14 108 -1
15 7 1
15 8 -1
15 9 -1
15 11 -1
15 14 1
15 16 -1
15 17 -1
15 19 -1
15 20 -1
15 21 -1
15 23 -1
15 27 -1
15 30 -1
15 35 -1
15 39 -1
15 43 -1
15 45 -1
15 47 -1
15 49 -1
15 52 -1
15 54 -1
15 57 -1
15 58 -1
15 59 -1
15 60 -1
15 62 1
15 63 -1
15 64 -1
15 65 -1
15 72 -1
15 73 -1
15 76 -1
15 79 -1
15 82 -1
15 83 -1
15 84 -1
15 85 -1
15 86 -1
15 94 -1
15 95 -1
15 101 -1
15 103 -1
15 104 -1
15 105 -1
16 1 -1
16 2 -1
16 4 1
16 5 -1
16 7 -1
16 8 -1
16 14 -1
16 18 -1
16 22 1
16 24 1
16 25 1
16 26 -1
16 33 -1
16 34 -1
16 35 -1
16 37 -1
16 42 -1
16 45 -1
16 47 -1
16 51 1
16 53 -1
16 57 -1
16 58 -1
16 59 -1
16 61 -1
16 65 -1
16 66 -1
16 68 -1
16 69 -1
16 71 -1
16 75 -1
16 78 -1
16 79 -1
16 83 -1
16 85 -1
16 86 -1
16 94 -1
16 96 -1
16 97 -1
16 98 -1
16 99 -1
16 107 -1
16 108 1
16 109 -1
16 110 -1
17 2 -1
17 5 -1
17 6 1
17 8 1
17 9 -1
17 11 -1
17 12 -1
17 14 1
17 16 -1
17 18 -1
17 22 -1
17 24 -1
17 32 -1
17 35 -1
17 36 -1
17 38 -1
17 43 -1
17 44 -1
17 48 -1
17 50 -1
17 52 -1
17 54 -1
17 55 -1
17 56 -1
17 57 -1
17 61 -1
17 62 -1
17 63 -1
17 69 -1
17 70 -1
17 71 -1
17 72 -1
17 73 -1
17 74 -1
17 75 -1
17 76 -1
17 84 -1
17 85 1
17 86 -1
17 87 1
17 94 -1
17 95 -1
17 99 -1
17 101 -1
17 106 -1
17 107 -1
17 110 -1
18 1 -1
18 2 -1
18 3 -1
18 5 -1
18 10 -1
18 11 -1
18 15 -1
18 21 -1
18 22 1
18 23 -1
18 28 -1
18 29 1
18 30 1
18 32 1
18 34 1
18 37 1
18 39 -1
18 41 -1
18 42 1
18 46 -1
18 47 -1
18 49 1
18 51 -1
18 59 -1
18 66 -1
18 68 1
18 72 1
18 82 -1
18 86 -1
18 87 -1
18 89 -1
18 90 1
18 91 -1
18 93 -1
18 96 -1
18 99 1
18 100 -1
18 102 1
18 103 -1
18 107 -1
18 110 1
19 1 -1
19 5 -1
19 9 -1
19 12 1
19 14 -1
19 16 1
19 17 -1
19 18 -1
19 20 -1
19 21 1
19 25 -1
19 26 -1
19 27 1
19 28 1
19 31 -1
19 34 -1
19 35 -1
19 39 -1
19 43 -1
19 46 -1
19 49 -1
19 52 -1
19 55 -1
19 56 -1
19 57 -1
19 58 -1
19 59 -1
19 65 -1
19 70 -1
19 73 1
19 74 -1
19 75 -1
19 80 -1
19 81 1
19 82 -1
19 83 1
19 87 -1
19 89 -1
19 90 -1
19 91 -1
19 97 1
19 98 -1
19 99 -1
19 100 -1
19 103 1
19 105 -1
20 4 -1
20 5 1
20 6 -1
20 9 -1
20 11 -1
20 13 -1
20 16 -1
20 17 -1
20 18 -1
20 22 -1
20 24 -1
20 27 -1
20 30 -1
20 33 -1
20 37 1
20 38 -1
20 39 -1
20 43 -1
20 46 -1
20 50 -1
20 51 -1
20 52 -1
20 56 -1
20 60 -1
20 61 -1
20 62 -1
20 65 1
20 67 -1
20 70 -1
20 72 -1
20 74 -1
20 75 -1
20 79 1
20 83 -1
20 87 -1
20 88 -1
20 90 1
20 96 -1
20 101 -1
20 103 -1
20 104 -1
20 105 1
20 106 1
20 107 -1
20 110 -1
21 2 -1
21 7 -1
21 10 -1
21 13 -1
21 14 1
21 16 -1
21 17 1
21 20 -1
21 22 -1
21 24 -1
21 26 -1
21 29 -1
21 30 -1
21 35 -1
21 37 1
21 38 -1
21 40 1
21 42 1
21 45 -1
21 49 -1
21 53 -1
21 55 -1
21 56 -1
21 58 -1
21 59 -1
21 69 1
21 71 -1
21 73 -1
21 75 -1
21 77 1
21 79 -1
21 85 -1
21 86 -1
21 87 -1
21 89 -1
21 90 -1
21 91 -1
21 94 -1
21 97 -1
21 104 -1
21 105 -1
21 106 -1
21 108 -1
21 109 -1
21 110 1
22 4 -1
22 5 1
22 6 -1
22 9 1
22 10 -1
22 12 -1
22 19 -1
22 24 -1
22 30 -1
22 31 -1
22 34 -1
22 40 -1
22 41 -1
22 45 -1
22 46 -1
22 47 -1
22 49 -1
22 50 -1
22 53 -1
22 56 -1
22 57 -1
22 60 -1
22 63 1
22 64 -1
22 65 -1
22 68 -1
22 70 -1
22 73 -1
22 74 1
22 75 -1
22 79 -1
22 81 -1
22 82 1
22 86 -1
22 88 -1
22 90 -1
22 91 -1
22 95 -1
22 96 -1
22 98 -1
22 100 -1
22 105 -1
23 1 -1
23 3 -1
23 5 1
23 6 -1
23 7 1
23 16 -1
23 19 -1
23 20 1
23 21 -1
23 29 -1
23 38 -1
23 39 -1
23 40 1
23 41 -1
23 44 -1
23 45 -1
23 48 -1
23 49 1
23 52 -1
23 56 -1
23 57 -1
23 58 -1
23 59 1
23 62 -1
23 64 -1
23 67 1
23 70 -1
23 74 -1
23 81 -1
23 83 -1
23 88 -1
23 90 -1
23 96 -1
23 102 1
23 105 1
23 106 1
23 110 1
24 4 -1
24 5 -1
24 9 -1
24 10 -1
24 12 1
24 15 1
24 19 1
24 26 -1
24 28 -1
24 32 -1
24 37 1
24 44 -1
24 48 -1
24 50 -1
24 54 -1
24 55 1
24 57 -1
24 60 -1
24 63 -1
24 67 -1
24 68 1
24 69 1
24 73 -1
24 75 -1
24 77 -1
24 83 -1
24 85 1
24 88 1
24 90 1
24 93 -1
24 98 1
24 99 -1
24 100 -1
24 105 -1
24 110 -1
25 1 -1
25 2 -1
25 15 -1
25 17 -1
25 20 -1
25 21 -1
25 22 -1
25 24 -1
25 26 1
25 29 1
25 32 -1
25 34 -1
25 35 -1
25 36 -1
25 37 -1
25 38 1
25 45 -1
25 46 -1
25 50 -1
25 51 -1
25 52 1
25 53 -1
25 56 -1
25 58 -1
25 62 -1
25 63 -1
25 64 -1
25 66 -1
25 67 -1
25 69 -1
25 70 -1
25 71 -1
25 72 -1
25 73 -1
25 74 -1
25 76 -1
25 77 -1
25 78 -1
25 81 -1
25 83 1
25 86 -1
25 90 -1
25 91 -1
25 94 -1
25 100 -1
25 101 -1
25 103 -1
25 106 -1
26 4 -1
26 7 -1
26 9 -1
26 10 -1
26 11 1
26 14 -1
26 15 -1
26 17 -1
26 18 -1
26 23 -1
26 28 -1
26 32 -1
26 36 -1
26 37 -1
26 38 -1
26 39 1
26 40 -1
26 46 1
26 50 1
26 53 -1
26 54 -1
26 55 -1
26 60 1
26 63 -1
26 66 1
26 70 -1
26 73 -1
26 76 -1
26 80 -1
26 81 -1
26 85 1
26 88 -1
26 89 -1
26 90 -1
26 94 -1
26 95 -1
26 96 -1
26 100 1
26 105 -1
26 110 -1
27 1 -1
27 4 -1
27 5 -1
27 6 -1
27 8 -1
27 9 -1
27 10 -1
27 11 -1
27 12 -1
27 16 -1
27 17 -1
27 18 -1
27 23 1
27 24 -1
27 25 -1
27 26 -1
27 30 -1
27 31 -1
27 33 -1
27 35 -1
27 36 -1
27 39 -1
27 41 -1
27 43 1
27 45 -1
27 47 1
27 52 -1
27 53 1
27 56 -1
27 58 -1
27 60 -1
27 61 -1
27 62 -1
27 64 -1
27 66 -1
27 69 -1
27 70 1
27 72 -1
27 74 -1
27 78 1
27 79 -1
27 81 -1
27 83 -1
27 85 -1
27 86 -1
27 87 -1
27 89 -1
27 93 -1
27 94 -1
27 96 -1
27 97 -1
27 98 -1
27 100 -1
27 101 -1
27 104 -1
27 105 1
27 106 -1
27 110 1
28 1 -1
28 3 -1
28 7 -1
28 9 -1
28 12 -1
28 15 -1
28 16 1
28 21 -1
28 25 -1
28 35 -1
28 36 -1
28 39 -1
28 47 -1
28 52 1
28 54 -1
28 55 -1
28 56 -1
28 59 -1
28 62 -1
28 63 -1
28 65 -1
28 66 -1
28 69 1
28 72 -1
28 75 1
28 76 -1
28 78 1
28 80 -1
28 81 -1
28 83 -1
28 86 -1
28 91 -1
28 92 -1
28 93 -1
28 94 -1
28 98 -1
28 101 -1
28 105 1
28 110 1
29 1 1
29 2 -1
29 6 -1
29 11 -1
29 14 -1
29 15 1
29 16 -1
29 19 -1
29 20 -1
29 24 1
29 27 -1
29 31 -1
29 37 1
29 39 1
29 40 1
29 41 -1
29 43 -1
29 46 1
29 47 -1
29 50 -1
29 51 -1
29 53 -1
29 57 -1
29 58 -1
29 59 -1
29 60 -1
29 61 -1
29 62 -1
29 67 -1
29 68 -1
29 70 -1
29 73 -1
29 76 -1
29 77 -1
29 80 1
29 86 -1
29 87 1
29 97 -1
29 101 1
29 103 -1
29 106 1
29 107 -1
29 108 1
29 109 -1
30 2 -1
30 4 -1
30 6 -1
30 8 -1
30 9 -1
30 11 -1
30 12 1
30 16 1
30 19 -1
30 23 -1
30 25 -1
30 26 -1
30 35 1
30 38 -1
30 39 -1
30 41 1
30 43 -1
30 44 -1
30 45 -1
30 49 -1
30 50 -1
30 51 1
30 58 -1
30 66 -1
30 67 1
30 70 -1
30 71 -1
30 72 -1
30 75 -1
30 79 -1
30 81 -1
30 82 -1
30 84 -1
30 88 -1
30 89 1
30 97 -1
30 98 -1
30 101 -1
30 103 1
30 106 -1
30 108 -1
30 109 -1
31 1 -1
31 3 -1
31 4 -1
31 5 -1
31 7 -1
31 11 -1
31 13 -1
31 14 -1
31 15 -1
31 16 -1
31 18 -1
31 20 -1
31 21 1
31 24 -1
31 26 -1
31 28 1
31 30 -1
31 34 1
31 35 -1
31 41 -1
31 42 -1
31 44 -1
31 48 -1
31 49 -1
31 51 -1
31 52 -1
31 53 1
31 56 1
31 58 -1
31 60 -1
31 69 -1
31 70 -1
31 79 -1
31 84 -1
31 85 1
31 87 -1
31 89 -1
31 91 -1
31 95 -1
31 100 -1
31 101 -1
31 106 -1
31 109 1
32 4 -1
32 5 -1
32 6 -1
32 7 -1
32 8 -1
32 20 -1
32 21 -1
32 28 1
32 29 -1
32 30 -1
32 31 -1
32 35 -1
32 36 1
32 40 1
32 44 -1
32 48 -1
32 50 -1
32 54 1
32 56 -1
32 57 -1
32 58 -1
32 62 1
32 63 -1
32 64 1
32 70 1
32 73 -1
32 75 -1
32 76 -1
32 77 -1
32 81 -1
32 86 -1
32 87 -1
32 88 -1
32 91 1
32 95 -1
32 96 -1
32 102 -1
32 103 -1
32 104 -1
32 105 -1
32 106 -1
32 110 1
33 2 -1
33 8 -1
33 10 -1
33 11 -1
33 12 -1
33 14 -1
33 15 -1
33 17 -1
33 18 1
33 21 -1
33 22 -1
33 23 -1
33 24 -1
33 26 1
33 30 -1
33 31 -1
33 32 -1
33 35 -1
33 36 -1
33 38 -1
33 39 -1
33 41 -1
33 46 -1
33 48 -1
33 49 1
33 52 -1
33 56 -1
33 57 -1
33 58 -1
33 59 -1
33 60 -1
33 61 -1
33 62 -1
33 68 1
33 70 -1
33 73 -1
33 74 1
33 78 1
33 80 -1
33 81 -1
33 83 -1
33 86 -1
33 92 -1
33 93 -1
33 96 -1
33 97 1
33 100 -1
33 101 -1
33 102 -1
33 103 -1
33 104 -1
33 106 1
33 108 -1
33 109 -1
34 1 -1
34 5 -1
34 6 -1
34 8 -1
34 9 1
34 12 1
34 15 -1
34 20 -1
34 21 -1
34 23 -1
34 24 -1
34 27 1
34 28 -1
34 29 -1
34 30 -1
34 33 1
34 35 -1
34 36 -1
34 39 -1
34 48 -1
34 50 -1
34 52 -1
34 56 -1
34 57 -1
34 58 -1
34 61 -1
34 65 -1
34 71 -1
34 77 -1
34 82 -1
34 83 -1
34 84 -1
34 88 -1
34 91 -1
34 93 -1
34 94 -1
34 96 -1
34 97 -1
34 99 -1
34 102 1
34 105 -1
34 106 -1
34 108 -1
34 110 -1
35 1 -1
35 2 -1
35 3 1
35 4 -1
35 6 -1
35 7 -1
35 10 -1
35 14 -1
35 24 -1
35 26 -1
35 29 1
35 38 1
35 43 -1
35 47 -1
35 49 -1
35 52 -1
35 54 -1
35 62 1
35 63 1
35 65 -1
35 66 -1
35 69 -1
35 71 -1
35 74 -1
35 77 -1
35 83 1
35 84 -1
35 85 1
35 86 -1
35 88 -1
35 89 -1
35 90 -1
35 91 -1
35 95 -1
35 98 -1
35 100 1
35 101 -1
35 105 -1
35 106 -1
35 107 -1
35 108 -1
36 1 -1
36 2 -1
36 3 -1
36 7 -1
36 8 -1
36 9 1
36 11 1
36 14 1
36 15 -1
36 16 -1
36 18 -1
36 20 -1
36 29 -1
36 30 -1
36 31 -1
36 35 -1
36 37 -1
36 39 -1
36 45 -1
36 46 -1
36 48 -1
36 49 1
36 53 1
36 55 -1
36 57 -1
36 60 1
36 61 -1
36 62 -1
36 69 -1
36 71 -1
36 73 1
36 74 -1
36 76 1
36 78 -1
36 80 -1
36 82 1
36 83 1
36 84 -1
36 86 -1
36 87 -1
36 89 1
36 90 -1
36 91 -1
36 99 -1
36 100 -1
36 103 -1
36 104 -1
36 105 1
36 106 -1
37 8 -1
37 13 -1
37 19 -1
37 22 -1
37 23 -1
37 27 -1
37 28 1
37 33 -1
37 35 -1
37 40 -1
37 42 -1
37 51 -1
37 53 -1
37 59 1
37 68 1
37 73 -1
37 75 -1
37 81 -1
37 82 -1
37 83 -1
37 85 1
37 86 1
37 88 -1
37 89 1
37 91 -1
37 92 -1
37 93 -1
37 94 -1
37 95 -1
37 99 -1
37 101 -1
37 104 -1
37 107 -1
37 108 1
38 2 -1
38 3 1
38 4 -1
38 13 -1
38 15 -1
38 16 -1
38 18 -1
38 22 -1
38 24 -1
38 27 1
38 28 -1
38 29 -1
38 31 -1
38 34 -1
38 36 -1
38 39 -1
38 40 1
38 41 1
38 47 -1
38 53 -1
38 54 -1
38 57 -1
38 61 1
38 63 -1
38 64 -1
38 67 1
38 72 -1
38 73 1
38 74 1
38 75 -1
38 78 -1
38 79 -1
38 84 -1
38 85 -1
38 86 -1
38 88 -1
38 91 -1
38 95 1
38 96 -1
38 100 -1
38 103 -1
38 106 1
38 107 -1
38 109 -1
38 110 1
39 3 -1
39 5 -1
39 9 1
39 14 -1
39 17 -1
39 21 -1
39 22 -1
39 24 -1
39 31 1
39 35 -1
39 50 -1
39 52 -1
39 56 -1
39 61 1
39 63 -1
39 65 -1
39 66 -1
39 68 -1
39 69 1
39 70 -1
39 71 -1
39 76 -1
39 79 -1
39 80 -1
39 81 -1
39 85 -1
39 87 -1
39 88 -1
39 89 -1
39 92 -1
39 94 -1
39 99 -1
39 104 1
39 105 -1
39 106 -1
40 3 -1
40 6 -1
40 7 -1
40 14 -1
40 15 1
40 19 -1
40 20 -1
40 24 -1
40 27 -1
40 28 1
40 30 -1
40 35 -1
40 36 1
40 39 -1
40 43 -1
40 46 -1
40 47 -1
40 49 -1
40 51 1
40 52 -1
40 57 -1
40 60 -1
40 61 -1
40 62 -1
40 63 1
40 66 1
40 72 -1
40 73 -1
40 78 -1
40 82 -1
40 83 -1
40 86 -1
40 87 -1
40 88 1
40 94 -1
40 96 -1
40 99 1
40 102 -1
40 107 -1
41 4 -1
41 7 -1
41 8 -1
41 9 -1
41 12 1
41 14 -1
41 15 1
41 16 1
41 17 -1
41 20 1
41 21 -1
41 26 -1
41 28 1
41 35 -1
41 36 -1
41 37 1
41 45 -1
41 46 -1
41 47 -1
41 51 -1
41 53 -1
41 55 -1
41 57 -1
41 58 1
41 59 -1
41 60 1
41 63 1
41 64 -1
41 66 1
41 70 1
41 72 -1
41 74 -1
41 75 -1
41 82 -1
41 85 -1
41 87 -1
41 88 -1
41 91 -1
41 92 -1
41 93 -1
41 96 -1
41 98 1
41 100 -1
41 101 -1
41 107 -1
41 109 -1
41 110 -1
42 2 -1
42 3 -1
42 5 -1
42 11 -1
42 12 -1
42 17 1
42 19 -1
42 20 -1
42 22 -1
42 23 -1
42 24 -1
42 25 -1
42 26 1
42 28 -1
42 30 -1
42 32 -1
42 33 -1
42 35 -1
42 36 -1
42 39 -1
42 41 -1
42 45 -1
42 46 -1
42 49 1
42 51 1
42 52 1
42 53 -1
42 58 -1
42 59 -1
42 65 -1
42 69 -1
42 75 1
42 78 -1
42 79 -1
42 84 1
42 88 1
42 91 -1
42 92 -1
42 93 -1
42 100 -1
42 101 -1
42 106 -1
42 107 -1
42 108 -1
42 109 -1
42 110 1
43 1 -1
43 3 -1
43 4 1
43 5 -1
43 6 -1
43 9 -1
43 10 -1
43 11 1
43 12 -1
43 13 1
43 14 -1
43 16 -1
43 18 -1
43 23 -1
43 24 -1
43 25 1
43 26 -1
43 31 1
43 32 -1
43 36 -1
43 37 -1
43 38 1
43 45 -1
43 47 -1
43 52 -1
43 53 -1
43 55 -1
43 56 -1
43 59 1
43 60 -1
43 66 1
43 68 -1
43 70 -1
43 71 -1
43 73 -1
43 76 -1
43 79 -1
43 80 -1
43 81 -1
43 83 -1
43 85 -1
43 86 -1
43 89 1
43 91 -1
43 92 -1
43 97 -1
43 99 -1
43 105 -1
43 109 -1
44 1 -1
44 3 -1
44 6 1
44 8 -1
44 10 -1
44 14 -1
44 15 -1
44 16 -1
44 18 -1
44 19 1
44 20 -1
44 21 -1
44 22 -1
44 25 -1
44 26 -1
44 27 -1
44 28 -1
44 29 -1
44 34 -1
44 37 -1
44 38 -1
44 40 -1
44 42 -1
44 47 -1
44 48 -1
44 53 1
44 55 -1
44 63 -1
44 65 -1
44 66 -1
44 68 -1
44 70 -1
44 71 -1
44 73 -1
44 78 -1
44 80 -1
44 83 1
44 84 -1
44 86 -1
44 91 -1
44 92 1
44 93 -1
44 95 -1
44 96 -1
44 98 -1
44 101 -1
44 102 -1
44 103 -1
44 107 -1
44 108 1
44 110 -1
45 1 -1
45 2 -1
45 4 -1
45 6 -1
45 7 1
45 9 -1
45 17 -1
45 18 -1
45 20 -1
45 28 -1
45 29 -1
45 33 -1
45 34 -1
45 35 -1
45 38 -1
45 39 -1
45 40 1
45 44 -1
45 47 -1
45 49 -1
45 52 -1
45 54 -1
45 55 -1
45 61 -1
45 62 -1
45 64 -1
45 65 -1
45 68 1
45 72 1
45 75 -1
45 79 1
45 83 -1
45 84 -1
45 88 -1
45 91 1
45 93 -1
45 94 -1
45 100 1
45 101 -1
45 103 -1
45 105 -1
45 106 -1
46 2 1
46 4 -1
46 12 -1
46 14 -1
46 15 -1
46 16 1
46 17 -1
46 24 -1
46 27 -1
46 30 1
46 31 1
46 32 1
46 35 -1
46 37 -1
46 38 1
46 39 -1
46 45 -1
46 47 -1
46 49 -1
46 53 -1
46 54 -1
46 55 1
46 58 1
46 60 -1
46 67 -1
46 69 -1
46 70 1
46 71 -1
46 74 -1
46 77 -1
46 78 1
46 79 -1
46 80 -1
46 81 -1
46 83 -1
46 85 -1
46 89 -1
46 90 -1
46 91 -1
46 92 -1
46 93 1
46 94 1
46 101 -1
46 105 -1
46 109 -1
46 110 -1
47 3 1
47 4 -1
47 5 -1
47 6 -1
47 7 -1
47 9 -1
47 10 -1
47 11 -1
47 13 -1
47 14 -1
47 19 -1
47 21 -1
47 23 -1
47 25 -1
47 30 -1
47 31 -1
47 33 1
47 34 -1
47 36 -1
47 37 -1
47 42 -1
47 48 -1
47 50 -1
47 51 -1
47 54 -1
47 57 1
47 60 -1
47 63 -1
47 64 1
47 68 -1
47 69 1
47 71 -1
47 74 1
47 75 -1
47 76 1
47 81 -1
47 82 -1
47 83 -1
47 85 -1
47 88 1
47 89 -1
47 91 -1
47 92 -1
47 93 1
47 94 -1
47 95 -1
47 97 -1
47 98 1
47 99 -1
47 100 -1
47 105 -1
47 108 -1
48 1 -1
48 3 -1
48 5 -1
48 6 -1
48 7 -1
48 8 -1
48 9 -1
48 10 -1
48 13 -1
48 14 -1
48 15 -1
48 18 -1
48 19 -1
48 20 -1
48 22 -1
48 25 1
48 26 -1
48 28 -1
48 29 -1
48 35 -1
48 38 1
48 39 -1
48 40 1
48 41 -1
48 42 -1
48 43 -1
48 45 -1
48 46 1
48 49 1
48 52 -1
48 55 -1
48 59 -1
48 60 1
48 62 -1
48 63 -1
48 64 -1
48 69 -1
48 70 -1
48 76 1
48 79 -1
48 82 -1
48 85 -1
48 90 -1
48 101 -1
48 102 -1
48 103 1
48 108 -1
49 3 1
49 4 -1
49 5 -1
49 11 -1
49 13 -1
49 16 1
49 17 -1
49 20 -1
49 24 -1
49 25 -1
49 26 -1
49 27 1
49 28 1
49 29 -1
49 32 -1
49 34 -1
49 37 -1
49 38 -1
49 43 -1
49 44 -1
49 47 1
49 52 -1
49 55 -1
49 59 -1
49 61 -1
49 62 -1
49 63 1
49 68 -1
49 69 -1
49 74 -1
49 76 -1
49 78 -1
49 79 -1
49 82 -1
49 83 -1
49 90 1
49 96 -1
49 101 -1
49 102 1
49 105 -1
49 106 -1
49 107 -1
49 109 -1
50 1 -1
50 2 -1
50 6 -1
50 7 -1
50 9 -1
50 10 -1
50 14 1
50 15 -1
50 18 -1
50 21 -1
50 27 -1
50 28 -1
50 31 -1
50 35 -1
50 37 -1
50 38 -1
50 43 1
50 45 1
50 48 -1
50 49 -1
50 52 1
50 53 -1
50 54 -1
50 55 -1
50 59 -1
50 61 -1
50 62 -1
50 67 -1
50 68 -1
50 69 -1
50 75 -1
50 90 -1
50 91 1
50 93 -1
50 95 -1
50 96 -1
50 98 -1
50 99 1
50 100 1
50 103 -1
50 105 1
50 109 1
50 110 -1
51 1 1
51 3 -1
51 4 -1
51 5 -1
51 11 -1
51 14 -1
51 19 -1
51 22 -1
51 26 -1
51 27 1
51 28 -1
51 32 -1
51 34 -1
51 35 1
51 36 -1
51 44 -1
51 46 -1
51 50 1
51 53 1
51 54 -1
51 59 1
51 60 -1
51 70 -1
51 71 -1
51 72 -1
51 74 -1
51 76 1
51 78 -1
51 85 -1
51 90 -1
51 91 -1
51 92 -1
51 93 -1
51 94 -1
51 95 -1
51 96 -1
51 98 -1
51 99 -1
51 100 -1
51 106 1
51 107 -1
51 108 -1
52 4 -1
52 5 -1
52 9 -1
52 13 1
52 16 -1
52 18 1
52 21 1
52 22 -1
52 24 -1
52 26 -1
52 29 -1
52 30 -1
52 32 -1
52 37 1
52 38 -1
52 47 1
52 51 -1
52 53 -1
52 59 -1
52 61 -1
52 63 -1
52 65 -1
52 67 -1
52 71 -1
52 73 1
52 75 -1
52 76 -1
52 78 1
52 83 -1
52 85 -1
52 86 -1
52 87 -1
52 89 -1
52 90 -1
52 91 1
52 92 -1
52 98 -1
53 3 1
53 4 1
53 5 -1
53 7 -1
53 9 1
53 15 1
53 18 -1
53 19 1
53 30 -1
53 33 -1
53 34 -1
53 40 -1
53 45 1
53 47 -1
53 49 -1
53 54 -1
53 60 -1
53 64 -1
53 65 -1
53 66 -1
53 70 -1
53 76 -1
53 78 -1
53 81 -1
53 83 -1
53 85 -1
53 88 1
53 90 1
53 91 -1
53 92 -1
53 97 -1
53 98 -1
53 99 -1
53 101 -1
53 102 -1
53 104 -1
53 109 -1
54 1 -1
54 4 -1
54 6 -1
54 9 -1
54 14 -1
54 16 -1
54 18 -1
54 20 -1
54 21 1
54 22 -1
54 25 1
54 27 -1
54 29 -1
54 31 -1
54 34 -1
54 36 -1
54 37 -1
54 41 1
54 42 -1
54 44 1
54 56 1
54 58 -1
54 59 1
54 62 -1
54 65 -1
54 67 -1
54 68 1
54 74 1
54 75 1
54 78 -1
54 81 1
54 82 -1
54 84 -1
54 87 1
54 88 1
54 90 1
54 92 -1
54 95 -1
54 96 1
54 99 -1
54 103 -1
54 105 1
54 109 -1
55 3 -1
55 6 1
55 9 1
55 13 -1
55 14 -1
55 16 1
55 20 -1
55 27 -1
55 29 1
55 30 -1
55 31 -1
55 32 -1
55 33 -1
55 34 -1
55 37 -1
55 39 -1
55 40 -1
55 42 -1
55 47 1
55 51 -1
55 53 -1
55 56 -1
55 59 -1
55 61 -1
55 63 -1
55 64 -1
55 74 -1
55 76 -1
55 79 -1
55 80 1
55 82 1
55 83 -1
55 91 -1
55 92 -1
55 94 -1
55 95 -1
55 96 1
55 97 -1
55 99 -1
55 100 -1
55 101 -1
55 104 1
55 105 -1
55 106 -1
55 107 -1
55 109 -1
55 110 -1
56 1 1
56 3 1
56 7 -1
56 8 1
56 9 -1
56 15 -1
56 24 -1
56 29 -1
56 30 -1
56 36 -1
56 37 -1
56 38 -1
56 40 -1
56 42 -1
56 44 1
56 46 -1
56 47 -1
56 49 -1
56 51 -1
56 52 -1
56 57 -1
56 58 -1
56 62 -1
56 63 -1
56 68 -1
56 70 -1
56 74 -1
56 75 -1
56 82 -1
56 83 -1
56 85 -1
56 87 -1
56 90 -1
56 92 -1
56 94 -1
56 100 -1
56 102 -1
56 107 1
56 108 -1
56 110 -1
57 1 -1
57 5 -1
57 6 -1
57 11 -1
57 14 -1
57 18 -1
57 20 -1
57 21 -1
57 25 -1
57 26 -1
57 27 -1
57 28 -1
57 31 -1
57 35 -1
57 37 1
57 39 -1
57 42 -1
57 43 -1
57 44 -1
57 45 -1
57 46 -1
57 48 -1
57 49 -1
57 53 1
57 54 -1
57 55 -1
57 59 -1
57 62 1
57 63 -1
57 67 -1
57 68 1
57 69 1
57 75 1
57 80 -1
57 81 -1
57 85 -1
57 86 -1
57 88 -1
57 91 -1
57 95 -1
57 101 -1
57 102 -1
57 106 -1
57 107 1
57 108 1
58 6 -1
58 8 -1
58 17 -1
58 18 -1
58 20 -1
58 22 -1
58 24 -1
58 26 -1
58 37 -1
58 39 -1
58 40 -1
58 43 -1
58 44 -1
58 45 -1
58 47 -1
58 48 -1
58 49 1
58 50 -1
58 51 -1
58 52 -1
58 53 -1
58 55 -1
58 57 -1
58 61 1
58 62 -1
58 66 1
58 73 -1
58 76 -1
58 77 -1
58 78 -1
58 79 -1
58 80 -1
58 81 1
58 82 1
58 86 -1
58 90 -1
58 91 -1
58 96 -1
58 101 -1
58 105 1
58 109 -1
59 1 -1
59 2 1
59 3 -1
59 5 -1
59 7 1
59 9 1
59 12 -1
59 13 -1
59 17 -1
59 20 -1
59 24 -1
59 26 -1
59 27 -1
59 30 -1
59 32 -1
59 34 -1
59 38 -1
59 40 1
59 44 -1
59 46 -1
59 53 -1
59 56 -1
59 58 -1
59 68 -1
59 69 1
59 72 -1
59 73 -1
59 76 -1
59 79 1
59 80 1
59 82 -1
59 84 -1
59 85 -1
59 86 1
59 89 -1
59 90 -1
59 91 -1
59 92 1
59 96 -1
59 97 -1
59 98 -1
59 105 -1
59 106 -1
59 108 -1
59 110 -1
60 1 -1
60 2 -1
60 3 -1
60 5 -1
60 8 -1
60 10 -1
60 16 -1
60 17 -1
60 18 -1
60 23 -1
60 25 -1
60 30 1
60 35 -1
60 37 -1
60 42 1
60 44 -1
60 45 -1
60 49 1
60 50 -1
60 52 -1
60 54 -1
60 56 -1
60 59 1
60 61 -1
60 62 -1
60 63 1
60 66 -1
60 67 -1
60 68 -1
60 72 -1
60 78 -1
60 82 -1
60 83 -1
60 90 -1
60 93 -1
60 97 -1
60 101 -1
60 103 -1
60 106 -1
60 109 -1
61 1 -1
61 2 -1
61 3 -1
61 7 -1
61 9 1
61 12 1
61 15 1
61 19 1
61 21 -1
61 22 -1
61 24 -1
61 25 1
61 26 -1
61 28 -1
61 30 -1
61 31 -1
61 35 -1
61 37 -1
61 42 -1
61 44 -1
61 46 -1
61 47 -1
61 48 -1
61 51 -1
61 53 1
61 54 1
61 56 -1
61 57 -1
61 59 -1
61 62 -1
61 73 -1
61 75 -1
61 79 -1
61 80 -1
61 82 1
61 83 1
61 89 -1
61 91 1
61 92 -1
61 93 1
61 97 -1
61 101 -1
61 104 -1
61 106 -1
61 107 -1
61 110 -1
62 4 -1
62 6 -1
62 7 -1
62 8 -1
62 16 -1
62 18 -1
62 21 -1
62 22 -1
62 24 -1
62 26 1
62 31 -1
62 34 -1
62 42 -1
62 43 -1
62 44 -1
62 47 -1
62 52 -1
62 53 -1
62 55 -1
62 59 -1
62 69 -1
62 72 1
62 73 -1
62 74 1
62 77 -1
62 85 -1
62 87 -1
62 88 -1
62 89 -1
62 92 1
62 93 -1
62 96 -1
62 98 -1
62 100 -1
62 102 1
62 104 -1
62 105 -1
62 110 -1
63 3 -1
63 6 1
63 8 1
63 13 -1
63 20 -1
63 21 1
63 23 -1
63 27 -1
63 29 -1
63 30 -1
63 31 -1
63 33 -1
63 34 -1
63 36 -1
63 42 -1
63 43 -1
63 45 1
63 46 1
63 50 1
63 53 -1
63 54 -1
63 58 -1
63 61 -1
63 62 -1
63 64 -1
63 70 -1
63 72 -1
63 73 -1
63 74 -1
63 75 -1
63 77 1
63 83 -1
63 85 -1
63 88 -1
63 92 -1
63 97 -1
63 98 -1
63 101 -1
63 102 -1
63 107 -1
64 2 -1
64 6 -1
64 8 -1
64 9 -1
64 11 -1
64 16 -1
64 18 -1
64 19 -1
64 20 -1
64 26 -1
64 29 -1
64 31 -1
64 33 1
64 35 -1
64 37 -1
64 39 -1
64 43 -1
64 46 -1
64 51 -1
64 54 1
64 57 -1
64 58 -1
64 61 -1
64 62 1
64 65 1
64 67 -1
64 68 -1
64 71 -1
64 72 1
64 74 1
64 80 -1
64 81 -1
64 84 -1
64 88 -1
64 90 -1
64 92 -1
64 94 -1
64 95 1
64 101 1
64 104 -1
64 105 -1
64 108 -1
65 5 -1
65 6 -1
65 8 1
65 9 1
65 10 -1
65 11 1
65 13 -1
65 17 -1
65 24 1
65 25 -1
65 26 -1
65 27 -1
65 29 1
65 30 -1
65 31 -1
65 32 -1
65 33 -1
65 37 -1
65 41 -1
65 43 -1
65 46 1
65 47 -1
65 49 -1
65 50 -1
65 51 1
65 57 -1
65 58 -1
65 60 -1
65 62 -1
65 63 -1
65 68 -1
65 70 -1
65 72 -1
65 73 -1
65 78 -1
65 80 -1
65 86 -1
65 88 -1
65 90 -1
65 95 -1
65 97 -1
65 99 1
65 103 -1
65 104 1
65 107 -1
65 108 -1
65 109 -1
65 110 1
66 2 -1
66 7 -1
66 11 -1
66 13 -1
66 14 -1
66 17 1
66 19 -1
66 20 -1
66 21 -1
66 23 -1
66 29 -1
66 34 -1
66 36 -1
66 37 -1
66 38 1
66 42 1
66 45 1
66 46 1
66 48 -1
66 49 -1
66 50 -1
66 51 -1
66 54 -1
66 55 -1
66 56 -1
66 57 -1
66 64 -1
66 65 -1
66 67 -1
66 69 -1
66 70 -1
66 71 -1
66 73 -1
66 77 -1
66 80 -1
66 82 -1
66 83 -1
66 87 -1
66 91 -1
66 92 1
66 93 -1
66 94 -1
66 96 -1
66 100 -1
66 101 -1
66 102 -1
66 107 -1
66 110 -1
67 3 -1
67 5 1
67 7 -1
67 8 -1
67 9 -1
67 12 1
67 14 1
67 15 1
67 17 1
67 21 -1
67 22 -1
67 26 -1
67 27 -1
67 32 -1
67 35 -1
67 36 -1
67 37 -1
67 40 -1
67 43 -1
67 47 -1
67 48 -1
67 51 -1
67 55 -1
67 58 -1
67 59 -1
67 63 -1
67 65 -1
67 68 -1
67 71 1
67 73 -1
67 75 1
67 76 -1
67 77 -1
67 78 1
67 80 -1
67 89 1
67 90 -1
67 91 -1
67 92 -1
67 93 -1
67 94 -1
67 95 -1
67 96 -1
67 97 -1
67 99 -1
67 101 -1
67 103 -1
67 106 -1
67 110 1
68 1 -1
68 10 -1
68 12 1
68 13 -1
68 14 -1
68 17 -1
68 19 -1
68 20 -1
68 23 -1
68 26 -1
68 30 -1
68 31 -1
68 32 -1
68 34 -1
68 35 1
68 38 -1
68 41 1
68 42 -1
68 46 -1
68 48 -1
68 52 -1
68 55 -1
68 61 -1
68 62 -1
68 66 -1
68 70 -1
68 73 -1
68 75 -1
68 76 -1
68 83 -1
68 88 -1
68 95 -1
68 97 -1
68 101 -1
68 104 -1
68 106 1
69 3 1
69 4 -1
69 5 -1
69 8 -1
69 10 1
69 11 -1
69 13 1
69 18 -1
69 22 -1
69 26 -1
69 29 1
69 32 -1
69 34 -1
69 37 -1
69 40 -1
69 43 1
69 44 -1
69 45 -1
69 53 -1
69 54 -1
69 55 -1
69 56 -1
69 58 1
69 60 -1
69 61 1
69 63 -1
69 64 -1
69 65 -1
69 67 -1
69 71 -1
69 72 -1
69 74 -1
69 80 1
69 84 1
69 86 -1
69 87 -1
69 90 -1
69 91 -1
69 93 1
69 94 -1
69 95 -1
69 96 -1
69 97 -1
69 99 1
69 104 -1
69 109 -1
69 110 -1
70 6 -1
70 8 -1
70 9 -1
70 10 -1
70 12 1
70 15 -1
70 18 -1
70 24 -1
70 34 -1
70 35 1
70 37 -1
70 38 -1
70 40 -1
70 47 -1
70 49 -1
70 50 -1
70 52 -1
70 55 -1
70 58 -1
70 59 -1
70 62 -1
70 64 1
70 67 -1
70 71 -1
70 72 -1
70 81 -1
70 89 -1
70 92 -1
70 93 -1
70 95 -1
70 96 -1
70 99 1
70 100 -1
70 101 -1
70 103 -1
70 104 -1
70 107 -1
70 108 1
71 2 -1
71 5 -1
71 11 -1
71 12 -1
71 13 -1
71 14 -1
71 18 1
71 19 -1
71 20 -1
71 22 1
71 24 -1
71 26 -1
71 27 -1
71 31 -1
71 32 1
71 37 1
71 38 1
71 40 -1
71 41 -1
71 42 -1
71 45 -1
71 48 -1
71 50 -1
71 53 -1
71 54 -1
71 55 -1
71 56 -1
71 57 1
71 58 -1
71 59 1
71 60 -1
71 63 1
71 65 -1
71 72 -1
71 74 -1
71 75 -1
71 76 -1
71 81 -1
71 84 -1
71 85 -1
71 86 -1
71 87 -1
71 93 -1
71 94 -1
71 95 1
71 96 1
71 98 1
71 100 -1
71 101 -1
71 104 -1
71 105 -1
71 106 -1
71 109 -1
71 110 -1
72 1 -1
72 2 -1
72 5 -1
72 9 1
72 13 -1
72 14 1
72 19 1
72 21 -1
72 22 -1
72 23 -1
72 26 -1
72 29 -1
72 33 1
72 42 -1
72 43 -1
72 44 -1
72 46 -1
72 47 -1
72 49 -1
72 50 1
72 52 -1
72 53 1
72 54 1
72 55 -1
72 56 -1
72 57 -1
72 58 -1
72 61 -1
72 68 -1
72 73 -1
72 78 -1
72 81 -1
72 84 -1
72 91 -1
72 95 -1
72 101 -1
72 106 -1
72 107 1
73 1 -1
73 6 -1
73 7 -1
73 8 -1
73 9 -1
73 12 -1
73 13 -1
73 16 -1
73 20 -1
73 23 1
73 28 -1
73 30 -1
73 34 -1
73 39 -1
73 41 -1
73 42 -1
73 45 -1
73 46 1
73 48 -1
73 49 -1
73 53 -1
73 55 1
73 56 1
73 57 -1
73 64 -1
73 70 1
73 71 -1
73 75 1
73 76 -1
73 77 1
73 81 -1
73 84 -1
73 85 -1
73 86 -1
73 88 -1
73 89 -1
73 90 -1
73 91 -1
73 92 -1
73 95 -1
73 96 -1
73 98 -1
73 100 -1
73 102 -1
73 109 -1
73 110 -1
74 6 -1
74 8 -1
74 10 1
74 14 -1
74 15 -1
74 16 -1
74 18 -1
74 26 -1
74 28 1
74 29 -1
74 30 -1
74 32 -1
74 37 1
74 39 -1
74 40 1
74 42 -1
74 43 1
74 52 -1
74 53 -1
74 57 -1
74 59 1
74 61 -1
74 65 -1
74 66 -1
74 68 -1
74 70 -1
74 72 -1
74 76 -1
74 79 -1
74 81 -1
74 82 1
74 83 -1
74 89 -1
74 91 -1
74 94 -1
74 97 -1
74 100 1
74 103 -1
74 105 1
74 107 -1
75 1 -1
75 2 -1
75 5 -1
75 6 -1
75 7 -1
75 9 1
75 10 1
75 12 -1
75 15 -1
75 18 -1
75 23 -1
75 26 -1
75 29 -1
75 31 -1
75 33 -1
75 34 -1
75 36 -1
75 39 -1
75 40 -1
75 43 -1
75 46 -1
75 48 -1
75 49 -1
75 51 1
75 53 -1
75 58 -1
75 59 -1
75 60 -1
75 65 -1
75 69 -1
75 76 -1
75 79 -1
75 83 -1
75 84 -1
75 87 -1
75 90 -1
75 96 -1
75 104 -1
75 105 -1
75 106 -1
75 107 -1
75 108 -1
76 1 1
76 4 1
76 7 1
76 10 -1
76 12 -1
76 14 1
76 18 -1
76 19 -1
76 20 -1
76 21 -1
76 24 -1
76 27 1
76 30 -1
76 31 1
76 33 -1
76 42 -1
76 45 -1
76 46 -1
76 50 -1
76 54 1
76 57 -1
76 60 -1
76 62 -1
76 63 -1
76 66 -1
76 70 1
76 72 -1
76 79 -1
76 80 -1
76 81 -1
76 82 -1
76 84 -1
76 86 -1
76 87 -1
76 92 -1
76 93 -1
76 96 -1
76 97 -1
76 101 -1
76 102 -1
76 104 -1
76 105 -1
76 107 1
76 108 -1
76 110 -1
77 1 1
77 2 -1
77 3 -1
77 7 1
77 8 -1
77 9 1
77 11 -1
77 12 -1
77 13 -1
77 15 1
77 16 -1
77 20 -1
77 22 -1
77 26 -1
77 28 1
77 33 -1
77 39 -1
77 40 -1
77 41 -1
77 42 -1
77 43 -1
77 45 -1
77 49 -1
77 52 1
77 53 1
77 54 1
77 57 -1
77 59 -1
77 60 1
77 61 -1
77 68 1
77 69 -1
77 70 -1
77 75 -1
77 76 -1
77 78 -1
77 79 1
77 81 -1
77 82 -1
77 83 -1
77 90 1
77 91 -1
77 93 1
77 96 1
77 98 1
77 100 -1
77 101 -1
77 102 -1
77 103 -1
77 104 1
77 110 -1
78 3 -1
78 9 1
78 10 -1
78 11 1
78 13 -1
78 15 -1
78 17 -1
78 18 -1
78 19 -1
78 22 1
78 23 -1
78 24 -1
78 29 -1
78 31 -1
78 32 -1
78 35 1
78 37 -1
78 39 -1
78 43 -1
78 47 -1
78 48 -1
78 55 -1
78 56 -1
78 57 -1
78 61 -1
78 62 -1
78 63 1
78 66 -1
78 68 -1
78 69 1
78 71 -1
78 73 -1
78 74 1
78 75 -1
78 76 1
78 88 -1
78 90 -1
78 91 -1
78 92 1
78 95 -1
78 97 -1
78 98 1
78 101 -1
78 106 -1
79 2 -1
79 5 1
79 8 -1
79 9 -1
79 11 -1
79 12 -1
79 19 1
79 23 -1
79 24 -1
79 25 -1
79 26 1
79 29 1
79 32 -1
79 33 -1
79 34 -1
79 35 1
79 36 -1
79 40 -1
79 41 1
79 44 -1
79 50 -1
79 51 1
79 52 -1
79 60 -1
79 67 -1
79 68 1
79 69 -1
79 70 -1
79 71 -1
79 72 -1
79 73 1
79 81 -1
79 83 1
79 87 -1
79 88 1
79 91 1
79 96 1
79 99 -1
79 101 1
79 105 1
79 107 -1
79 108 1
80 1 -1
80 3 1
80 4 -1
80 7 1
80 8 -1
80 9 1
80 10 -1
80 12 -1
80 14 -1
80 15 -1
80 16 1
80 17 -1
80 20 -1
80 21 -1
80 23 -1
80 24 -1
80 25 -1
80 27 -1
80 31 -1
80 32 1
80 34 -1
80 37 -1
80 38 -1
80 40 -1
80 41 -1
80 42 -1
80 45 -1
80 47 -1
80 49 -1
80 52 -1
80 56 -1
80 60 -1
80 62 -1
80 63 1
80 70 1
80 72 1
80 73 -1
80 75 1
80 77 -1
80 78 -1
80 81 -1
80 86 1
80 88 -1
80 89 -1
80 92 -1
80 97 -1
80 103 -1
80 104 -1
80 105 -1
81 2 -1
81 4 1
81 5 -1
81 6 1
81 8 -1
81 9 1
81 10 -1
81 12 -1
81 15 -1
81 16 -1
81 17 -1
81 18 -1
81 21 -1
81 34 1
81 36 1
81 38 -1
81 42 -1
81 48 -1
81 49 -1
81 50 -1
81 51 -1
81 55 -1
81 56 1
81 59 -1
81 61 1
81 62 1
81 63 -1
81 65 -1
81 66 -1
81 67 -1
81 69 -1
81 75 -1
81 82 1
81 87 -1
81 90 1
81 92 1
81 93 -1
81 103 1
81 106 1
81 109 1
81 110 -1
82 4 -1
82 7 -1
82 14 -1
82 16 -1
82 20 -1
82 21 -1
82 23 -1
82 24 -1
82 26 -1
82 27 1
82 28 -1
82 29 -1
82 31 -1
82 32 -1
82 33 -1
82 35 -1
82 39 -1
82 42 1
82 43 -1
82 44 -1
82 45 1
82 46 1
82 51 -1
82 62 -1
82 63 -1
82 69 -1
82 70 1
82 72 -1
82 75 -1
82 79 -1
82 80 -1
82 83 -1
82 84 -1
82 85 -1
82 87 -1
82 88 -1
82 91 1
82 94 -1
82 95 -1
82 98 -1
82 100 -1
82 101 -1
82 106 -1
82 107 -1
82 108 1
82 110 -1
83 2 -1
83 4 1
83 9 -1
83 13 -1
83 14 1
83 17 -1
83 21 1
83 22 -1
83 26 -1
83 29 1
83 30 -1
83 31 -1
83 32 -1
83 38 -1
83 41 -1
83 48 -1
83 50 -1
83 51 1
83 54 -1
83 57 -1
83 58 -1
83 59 -1
83 62 -1
83 64 1
83 65 -1
83 67 1
83 69 -1
83 70 -1
83 73 1
83 76 -1
83 84 -1
83 90 -1
83 91 -1
83 92 -1
83 93 1
83 95 -1
83 97 -1
83 98 1
83 101 -1
83 102 1
83 105 -1
83 108 -1
83 109 -1
83 110 -1
84 1 -1
84 3 -1
84 8 -1
84 9 -1
84 13 -1
84 16 -1
84 18 -1
84 21 -1
84 24 -1
84 25 -1
84 26 -1
84 28 1
84 33 -1
84 39 1
84 41 1
84 47 -1
84 48 -1
84 49 -1
84 52 1
84 53 -1
84 55 -1
84 56 -1
84 58 1
84 60 1
84 61 -1
84 62 1
84 67 -1
84 68 -1
84 70 -1
84 74 -1
84 77 -1
84 78 1
84 85 1
84 86 -1
84 87 -1
84 91 -1
84 95 1
84 102 -1
84 104 -1
84 105 -1
84 107 -1
84 108 -1
84 109 -1
85 2 -1
85 6 -1
85 8 -1
85 10 -1
85 11 -1
85 12 -1
85 19 -1
85 20 -1
85 23 -1
85 25 -1
85 30 -1
85 32 -1
85 34 -1
85 36 -1
85 40 -1
85 42 -1
85 45 1
85 49 -1
85 54 -1
85 58 -1
85 61 -1
85 64 1
85 65 1
85 69 -1
85 70 -1
85 75 -1
85 76 -1
85 78 -1
85 79 -1
85 80 -1
85 83 1
85 86 -1
85 94 -1
85 96 -1
85 99 -1
85 100 1
85 102 -1
85 103 -1
85 104 1
85 106 -1
86 1 -1
86 4 -1
86 13 -1
86 20 1
86 23 -1
86 24 -1
86 26 -1
86 30 1
86 34 1
86 39 1
86 42 -1
86 45 -1
86 46 -1
86 47 1
86 50 -1
86 51 -1
86 53 -1
86 55 -1
86 56 -1
86 60 -1
86 62 -1
86 63 -1
86 64 -1
86 67 -1
86 68 -1
86 70 -1
86 74 -1
86 75 -1
86 77 1
86 79 -1
86 82 -1
86 87 -1
86 88 -1
86 91 -1
86 92 1
86 93 -1
86 95 -1
86 98 -1
86 101 -1
86 102 -1
86 104 -1
86 105 -1
87 1 1
87 3 1
87 6 -1
87 8 1
87 11 -1
87 13 -1
87 15 1
87 23 -1
87 24 1
87 26 1
87 28 -1
87 30 -1
87 33 -1
87 34 -1
87 35 -1
87 37 -1
87 38 -1
87 42 -1
87 43 -1
87 45 -1
87 46 -1
87 47 -1
87 48 -1
87 49 -1
87 51 -1
87 53 -1
87 55 -1
87 58 -1
87 59 -1
87 61 -1
87 63 1
87 64 1
87 65 -1
87 67 -1
87 68 -1
87 70 -1
87 72 -1
87 74 -1
87 78 -1
87 80 -1
87 83 -1
87 85 -1
87 93 -1
87 96 -1
87 97 1
87 98 1
87 99 -1
87 100 -1
87 101 1
87 102 -1
87 103 -1
87 104 -1
87 105 1
87 106 -1
87 110 -1
88 6 1
88 10 -1
88 11 -1
88 13 -1
88 14 -1
88 15 -1
88 17 -1
88 18 -1
88 21 -1
88 27 -1
88 28 -1
88 29 -1
88 31 -1
88 36 1
88 43 -1
88 44 -1
88 46 -1
88 48 -1
88 49 -1
88 51 1
88 52 -1
88 55 -1
88 56 -1
88 58 -1
88 59 -1
88 60 1
88 67 -1
88 69 -1
88 70 -1
88 71 -1
88 72 1
88 75 -1
88 76 -1
88 77 -1
88 81 -1
88 83 1
88 84 1
88 85 -1
88 93 1
88 96 -1
88 104 -1
88 110 -1
89 2 -1
89 4 -1
89 7 -1
89 13 -1
89 15 -1
89 16 -1
89 17 -1
89 20 -1
89 22 -1
89 24 -1
89 28 1
89 32 -1
89 33 -1
89 44 1
89 45 -1
89 48 -1
89 51 1
89 57 1
89 58 -1
89 60 -1
89 63 -1
89 64 -1
89 65 -1
89 68 -1
89 69 -1
89 72 1
89 75 -1
89 76 -1
89 77 -1
89 78 1
89 79 -1
89 81 -1
89 82 1
89 83 1
89 84 1
89 85 -1
89 87 -1
89 97 1
89 98 -1
89 101 -1
89 103 -1
89 106 1
89 107 -1
89 109 -1
90 7 -1
90 8 -1
90 15 -1
90 16 -1
90 17 -1
90 28 -1
90 29 -1
90 30 -1
90 31 -1
90 37 1
90 39 1
90 40 -1
90 41 -1
90 42 -1
90 43 1
90 45 -1
90 47 -1
90 61 -1
90 63 -1
90 70 -1
90 71 1
90 72 1
90 74 -1
90 76 1
90 79 1
90 80 -1
90 82 -1
90 85 -1
90 86 -1
90 87 -1
90 88 -1
90 89 -1
90 92 -1
90 93 -1
90 97 -1
90 98 -1
90 99 -1
90 100 -1
90 103 -1
90 104 -1
90 108 -1
90 109 -1
91 4 1
91 9 -1
91 11 1
91 13 -1
91 15 1
91 16 1
91 20 -1
91 24 -1
91 27 -1
91 39 -1
91 49 -1
91 54 -1
91 56 -1
91 60 -1
91 62 -1
91 63 -1
91 64 -1
91 65 -1
91 68 -1
91 71 -1
91 75 -1
91 76 -1
91 80 -1
91 88 -1
91 95 1
91 97 -1
91 98 -1
91 100 -1
91 101 1
91 102 -1
91 103 -1
91 104 -1
91 105 -1
91 106 -1
91 109 -1
92 1 -1
92 4 -1
92 5 -1
92 9 -1
92 12 -1
92 13 1
92 14 -1
92 17 1
92 19 1
92 21 1
92 23 -1
92 24 -1
92 26 -1
92 27 -1
92 29 -1
92 30 -1
92 31 1
92 34 -1
92 35 1
92 36 1
92 40 -1
92 45 -1
92 48 -1
92 49 -1
92 50 1
92 57 -1
92 65 -1
92 68 -1
92 74 -1
92 75 1
92 77 -1
92 79 -1
92 82 -1
92 84 -1
92 85 -1
92 87 -1
92 94 -1
92 97 1
92 100 -1
92 104 -1
92 106 -1
92 109 1
93 3 -1
93 5 1
93 6 -1
93 12 -1
93 13 -1
93 14 -1
93 15 -1
93 16 -1
93 17 -1
93 19 -1
93 21 -1
93 22 -1
93 23 -1
93 25 -1
93 26 -1
93 29 -1
93 30 -1
93 31 -1
93 32 -1
93 35 -1
93 38 -1
93 40 -1
93 43 -1
93 48 1
93 52 -1
93 53 1
93 54 -1
93 55 -1
93 56 -1
93 57 -1
93 58 -1
93 64 -1
93 65 1
93 68 -1
93 72 -1
93 73 -1
93 79 -1
93 80 1
93 82 -1
93 84 -1
93 89 -1
93 91 -1
93 92 1
93 95 -1
93 100 -1
93 101 -1
93 102 -1
93 107 -1
94 1 -1
94 4 -1
94 9 -1
94 10 -1
94 20 -1
94 22 -1
94 23 -1
94 24 -1
94 29 -1
94 30 -1
94 32 -1
94 33 -1
94 35 -1
94 36 -1
94 38 -1
94 41 1
94 43 -1
94 48 1
94 50 -1
94 52 -1
94 54 1
94 58 -1
94 59 1
94 61 -1
94 62 -1
94 63 1
94 65 -1
94 68 -1
94 70 1
94 72 1
94 75 -1
94 76 -1
94 77 -1
94 80 1
94 81 -1
94 83 -1
94 84 -1
94 86 -1
94 87 -1
94 88 -1
94 89 1
94 91 1
94 99 -1
94 100 1
94 101 1
94 102 -1
94 105 -1
94 106 -1
94 107 -1
95 3 -1
95 10 1
95 12 -1
95 14 -1
95 16 -1
95 18 -1
95 20 1
95 21 -1
95 24 -1
95 28 -1
95 29 -1
95 33 -1
95 36 1
95 40 -1
95 41 -1
95 43 -1
95 46 -1
95 52 1
95 53 -1
95 56 -1
95 59 -1
95 61 -1
95 62 -1
95 66 1
95 74 -1
95 75 -1
95 77 -1
95 88 -1
95 89 -1
95 92 -1
95 97 1
95 100 -1
95 107 -1
95 108 -1
95 109 -1
96 5 -1
96 7 -1
96 8 1
96 9 -1
96 10 -1
96 12 -1
96 14 -1
96 15 -1
96 17 -1
96 19 -1
96 21 -1
96 24 1
96 28 1
96 30 -1
96 31 1
96 36 1
96 37 -1
96 39 1
96 42 1
96 43 -1
96 45 -1
96 46 1
96 52 -1
96 53 -1
96 56 -1
96 60 1
96 61 -1
96 63 1
96 64 -1
96 65 -1
96 74 -1
96 78 -1
96 80 1
96 81 -1
96 82 -1
96 83 -1
96 89 -1
96 90 -1
96 91 -1
96 93 -1
96 95 -1
96 98 -1
96 102 -1
96 103 -1
96 104 -1
96 108 -1
96 110 -1
97 1 -1
97 2 1
97 5 -1
97 10 -1
97 15 -1
97 18 -1
97 20 -1
97 23 -1
97 24 -1
97 25 -1
97 28 -1
97 31 1
97 32 -1
97 38 -1
97 39 -1
97 40 -1
97 44 -1
97 46 -1
97 48 -1
97 49 -1
97 50 -1
97 51 -1
97 52 -1
97 54 -1
97 56 -1
97 57 -1
97 58 -1
97 62 1
97 64 -1
97 66 -1
97 70 -1
97 71 -1
97 72 -1
97 79 -1
97 81 -1
97 84 -1
97 86 -1
97 88 1
97 93 -1
97 96 -1
97 101 -1
97 103 1
97 104 -1
97 106 1
97 110 1
98 1 -1
98 7 -1
98 11 -1
98 14 -1
98 15 -1
98 18 -1
98 21 -1
98 23 -1
98 25 1
98 26 1
98 32 -1
98 33 -1
98 38 -1
98 39 -1
98 42 -1
98 43 1
98 45 -1
98 46 1
98 48 -1
98 49 -1
98 56 -1
98 57 1
98 60 -1
98 61 -1
98 65 -1
98 66 -1
98 67 -1
98 68 -1
98 69 -1
98 75 -1
98 79 -1
98 80 -1
98 85 -1
98 88 -1
98 93 1
98 94 -1
98 95 -1
98 99 -1
98 100 -1
98 101 -1
98 102 1
98 103 -1
98 104 1
98 105 -1
98 108 -1
98 109 1
98 110 -1
99 2 -1
99 3 -1
99 9 1
99 11 1
99 20 -1
99 21 -1
99 22 1
99 25 -1
99 27 -1
99 28 -1
99 29 -1
99 32 -1
99 33 -1
99 38 -1
99 42 1
99 44 -1
99 48 -1
99 49 1
99 56 -1
99 57 -1
99 58 1
99 60 -1
99 61 -1
99 62 1
99 64 -1
99 66 -1
99 68 -1
99 71 -1
99 72 -1
99 73 1
99 74 -1
99 76 -1
99 81 -1
99 82 -1
99 88 -1
99 89 -1
99 91 -1
99 92 -1
99 95 1
99 96 -1
99 97 -1
99 100 1
99 101 1
99 105 -1
99 110 -1
100 4 -1
100 5 -1
100 6 -1
100 7 -1
100 13 1
100 15 -1
100 16 -1
100 28 -1
100 29 -1
100 30 -1
100 32 -1
100 39 -1
100 44 1
100 46 -1
100 52 -1
100 54 -1
100 58 -1
100 59 -1
100 60 -1
100 61 -1
100 65 -1
100 69 -1
100 76 -1
100 78 -1
100 79 -1
100 81 -1
100 83 -1
100 84 -1
100 88 -1
100 89 -1
100 96 -1
100 102 -1
100 105 1
100 107 -1
100 109 -1
100 110 1
101 2 -1
101 4 -1
101 5 -1
101 7 -1
101 8 -1
101 9 -1
101 13 -1
101 19 -1
101 23 1
101 24 -1
101 26 -1
101 32 1
101 34 -1
101 36 -1
101 38 1
101 39 -1
101 43 -1
101 47 -1
101 52 1
101 54 -1
101 56 1
101 69 -1
101 73 -1
101 74 -1
101 75 1
101 80 -1
101 81 -1
101 84 1
101 85 -1
101 88 1
101 90 -1
101 92 -1
101 95 -1
101 96 1
101 100 -1
101 105 -1
102 3 -1
102 11 -1
102 12 -1
102 13 -1
102 16 -1
102 17 -1
102 19 -1
102 20 -1
102 21 -1
102 22 -1
102 24 -1
102 25 -1
102 27 1
102 28 -1
102 29 -1
102 35 -1
102 36 -1
102 39 -1
102 42 -1
102 43 -1
102 45 -1
102 52 -1
102 55 1
102 58 -1
102 59 1
102 61 -1
102 65 -1
102 68 -1
102 69 1
102 72 -1
102 74 -1
102 78 1
102 80 -1
102 81 -1
102 89 -1
102 90 -1
102 95 1
102 97 -1
102 103 -1
102 106 -1
102 108 -1
103 3 1
103 4 -1
103 5 -1
103 6 1
103 7 1
103 10 -1
103 17 -1
103 21 -1
103 23 -1
103 24 -1
103 26 1
103 27 -1
103 28 -1
103 31 -1
103 34 1
103 35 1
103 40 -1
103 41 -1
103 42 -1
103 46 -1
103 49 -1
103 51 -1
103 52 1
103 53 -1
103 57 -1
103 58 -1
103 64 -1
103 66 -1
103 69 1
103 71 -1
103 72 -1
103 75 -1
103 76 -1
103 78 1
103 92 -1
103 93 -1
103 94 -1
103 95 1
103 99 -1
103 100 -1
103 101 -1
103 108 -1
103 110 -1
104 6 -1
104 7 -1
104 10 -1
104 12 -1
104 14 -1
104 16 1
104 18 -1
104 22 -1
104 23 -1
104 25 1
104 26 1
104 28 1
104 29 -1
104 30 -1
104 31 -1
104 35 -1
104 41 -1
104 43 -1
104 44 -1
104 45 1
104 46 -1
104 48 -1
104 49 -1
104 50 -1
104 51 -1
104 54 -1
104 56 -1
104 58 -1
104 59 1
104 60 -1
104 66 -1
104 72 -1
104 73 1
104 78 -1
104 79 -1
104 81 -1
104 82 -1
104 83 -1
104 93 -1
104 94 -1
104 95 -1
104 99 1
104 101 1
104 103 -1
104 109 -1
104 110 1
105 4 1
105 7 -1
105 8 -1
105 11 -1
105 16 -1
105 17 1
105 18 -1
105 29 -1
105 30 -1
105 33 1
105 37 1
105 41 1
105 42 -1
105 44 -1
105 48 -1
105 51 -1
105 52 1
105 53 -1
105 56 1
105 57 -1
105 60 -1
105 63 -1
105 66 -1
105 67 1
105 73 -1
105 77 1
105 78 -1
105 81 1
105 82 1
105 85 -1
105 90 -1
105 92 1
105 93 -1
105 96 -1
105 102 -1
105 103 -1
105 104 1
105 106 1
105 107 -1
105 110 -1
106 1 1
106 8 -1
106 9 -1
106 14 -1
106 15 -1
106 19 -1
106 22 1
106 24 -1
106 26 1
106 41 -1
106 43 -1
106 44 -1
106 46 -1
106 47 -1
106 50 -1
106 52 1
106 54 -1
106 56 1
106 58 -1
106 62 -1
106 65 -1
106 69 -1
106 70 1
106 73 -1
106 74 -1
106 76 -1
106 80 -1
106 83 -1
106 84 -1
106 86 -1
106 88 -1
106 90 -1
106 96 -1
106 103 -1
106 109 1
107 2 1
107 3 -1
107 7 1
107 8 1
107 11 -1
107 13 -1
107 14 -1
107 15 1
107 19 -1
107 21 -1
107 22 -1
107 23 -1
107 24 -1
107 25 -1
107 26 1
107 27 -1
107 32 -1
107 33 -1
107 36 -1
107 39 -1
107 47 1
107 48 1
107 50 -1
107 52 -1
107 53 -1
107 54 -1
107 59 -1
107 60 -1
107 62 -1
107 64 -1
107 67 1
107 68 -1
107 71 -1
107 73 -1
107 80 -1
107 81 -1
107 83 -1
107 86 -1
107 87 -1
107 88 -1
107 96 -1
107 97 -1
107 99 -1
107 101 1
107 103 -1
107 108 -1
107 110 -1
108 2 1
108 3 -1
108 4 -1
108 12 -1
108 13 1
108 17 -1
108 18 -1
108 19 -1
108 20 -1
108 22 -1
108 23 -1
108 24 -1
108 27 -1
108 28 -1
108 32 -1
108 39 -1
108 40 -1
108 41 -1
108 45 1
108 46 -1
108 50 -1
108 52 -1
108 54 -1
108 55 1
108 58 -1
108 61 1
108 63 -1
108 68 -1
108 69 -1
108 71 1
108 72 -1
108 73 -1
108 74 1
108 78 -1
108 85 -1
108 86 1
108 87 -1
108 88 -1
108 92 -1
108 93 -1
108 94 1
108 99 -1
108 104 -1
108 106 -1
108 110 -1
109 2 -1
109 3 -1
109 4 -1
109 6 -1
109 7 -1
109 8 -1
109 10 -1
109 12 -1
109 13 -1
109 14 -1
109 15 -1
109 17 -1
109 20 1
109 22 -1
109 25 -1
109 26 1
109 28 1
109 34 -1
109 37 -1
109 39 -1
109 40 -1
109 45 1
109 47 -1
109 48 -1
109 51 -1
109 52 -1
109 56 1
109 57 -1
109 59 -1
109 61 -1
109 62 -1
109 64 -1
109 66 -1
109 68 -1
109 70 -1
109 74 -1
109 77 -1
109 78 1
109 80 -1
109 85 -1
109 86 -1
109 88 -1
109 94 1
109 97 1
109 99 -1
109 103 -1
109 105 -1
109 107 -1
109 108 -1
110 1 -1
110 2 1
110 3 -1
110 6 -1
110 7 -1
110 10 -1
110 11 1
110 12 -1
110 14 1
110 15 -1
110 19 -1
110 29 1
110 31 1
110 33 -1
110 35 -1
110 36 -1
110 39 -1
110 40 -1
110 45 1
110 47 1
110 48 -1
110 49 -1
110 52 -1
110 53 1
110 57 -1
110 58 -1
110 60 -1
110 64 -1
110 68 -1
110 70 -1
110 74 1
110 75 -1
110 78 -1
110 79 -1
110 80 -1
110 84 -1
110 85 -1
110 86 -1
110 90 -1
110 91 -1
110 92 -1
110 93 -1
110 94 -1
110 95 -1
110 102 1
110 109 -1
