vertices: 30 edges: 217
1 6 1
1 7 1
1 9 -1
1 12 -1
1 24 -1
1 28 -1
1 30 -1
2 1 -1
2 6 -1
2 10 -1
2 11 -1
2 25 1
3 1 1
3 5 -1
3 8 -1
3 17 -1
3 19 1
3 21 -1
3 22 -1
3 24 -1
3 26 -1
4 2 -1
4 8 -1
4 10 -1
4 11 1
4 18 -1
5 4 1
5 6 -1
5 11 1
5 16 1
5 21 -1
6 13 1
6 21 -1
6 24 -1
6 28 1
7 2 1
7 14 1
7 15 -1
7 17 -1
7 18 -1
7 19 1
7 23 1
7 24 -1
7 25 1
8 5 1
8 7 -1
8 9 -1
8 11 1
8 16 1
8 20 1
8 22 -1
8 25 1
9 2 -1
9 3 1
9 7 -1
9 10 1
9 11 1
9 13 -1
9 15 1
9 19 -1
10 1 1
10 5 1
10 6 1
10 7 1
10 8 1
10 16 -1
10 21 1
10 25 -1
10 30 1
11 7 1
11 14 -1
11 16 -1
11 20 1
11 23 -1
11 26 1
11 27 1
11 30 1
12 2 1
12 4 -1
12 5 1
12 11 1
12 20 1
12 23 -1
12 25 -1
13 1 -1
13 3 1
13 4 -1
13 7 -1
13 11 1
13 14 1
13 15 -1
13 16 1
13 21 -1
14 8 1
14 15 -1
14 17 -1
14 19 1
14 21 1
15 4 -1
15 22 -1
15 27 1
15 30 -1
16 6 1
16 15 -1
16 26 -1
16 27 -1
16 28 1
17 1 -1
17 6 1
17 8 -1
17 9 -1
17 10 -1
17 12 -1
17 13 -1
17 21 -1
17 24 -1
17 27 1
18 1 1
18 11 1
18 13 -1
18 17 -1
18 20 -1
18 22 -1
18 24 1
19 2 1
19 4 1
19 5 -1
19 15 -1
19 22 1
19 30 1
20 2 -1
20 3 -1
20 4 1
20 5 1
20 6 -1
20 7 1
20 10 -1
20 15 -1
20 16 -1
20 24 1
20 25 1
20 29 -1
21 7 1
21 12 1
21 18 1
21 26 -1
21 27 1
21 30 -1
22 6 1
22 9 -1
22 10 -1
22 13 -1
22 14 1
22 20 1
22 23 -1
22 30 -1
23 4 -1
23 8 -1
23 16 -1
23 20 1
23 21 1
23 24 1
23 25 1
23 26 1
23 27 -1
23 29 1
24 5 1
24 10 -1
24 13 1
24 15 1
24 22 -1
24 27 -1
24 30 -1
25 6 1
25 13 -1
25 14 -1
25 24 1
25 29 -1
26 2 -1
26 4 -1
26 8 1
26 9 -1
26 13 -1
26 18 1
26 20 1
26 22 -1
27 1 1
27 4 1
27 7 1
27 9 1
27 20 1
27 28 1
28 3 -1
28 5 -1
28 7 -1
28 10 1
28 11 -1
28 13 1
28 14 1
28 15 -1
28 19 1
29 1 1
29 2 -1
29 5 -1
29 7 1
29 8 1
29 13 1
29 26 1
29 27 1
30 3 1
30 6 -1
30 13 -1
30 16 -1
30 23 -1
30 26 -1
30 28 -1
30 29 -1
