vertices: 170 edges: 7182
1 2 -1
1 14 -1
1 36 -1
1 37 -1
1 42 -1
1 45 -1
1 47 -1
1 50 1
1 52 -1
1 54 -1
1 59 -1
1 64 -1
1 65 -1
1 71 -1
1 73 -1
1 77 -1
1 83 -1
1 87 -1
1 90 -1
1 92 -1
1 99 -1
1 100 -1
1 102 -1
1 106 1
1 111 -1
1 113 -1
1 129 -1
1 131 -1
1 133 -1
1 134 -1
1 138 -1
1 149 -1
1 155 -1
1 157 -1
1 160 1
1 166 -1
1 168 -1
1 170 -1
2 16 1
2 19 1
2 28 -1
2 31 -1
2 35 1
2 42 -1
2 43 1
2 50 -1
2 55 -1
2 60 -1
2 61 -1
2 69 -1
2 71 -1
2 75 -1
2 81 -1
2 85 1
2 87 -1
2 93 -1
2 94 -1
2 95 1
2 97 -1
2 100 -1
2 105 -1
2 106 -1
2 109 -1
2 124 -1
2 125 -1
2 128 -1
2 129 -1
2 131 -1
2 151 -1
2 154 -1
2 157 -1
2 167 1
3 4 1
3 14 1
3 17 -1
3 22 -1
3 25 -1
3 29 -1
3 30 -1
3 34 -1
3 40 -1
3 42 -1
3 43 -1
3 55 -1
3 57 -1
3 62 -1
3 67 -1
3 68 -1
3 71 -1
3 76 -1
3 81 -1
3 86 1
3 94 -1
3 95 -1
3 98 -1
3 101 1
3 106 -1
3 107 1
3 109 -1
3 115 -1
3 116 1
3 119 -1
3 122 -1
3 141 -1
3 150 -1
3 154 -1
3 156 1
3 157 -1
3 160 1
3 169 -1
4 6 -1
4 12 -1
4 21 -1
4 22 -1
4 24 -1
4 26 -1
4 29 -1
4 36 -1
4 48 1
4 60 1
4 65 -1
4 69 -1
4 70 -1
4 74 -1
4 78 1
4 79 -1
4 83 -1
4 91 -1
4 92 -1
4 95 -1
4 97 -1
4 100 -1
4 101 -1
4 102 -1
4 105 -1
4 108 -1
4 110 -1
4 111 -1
4 115 -1
4 116 -1
4 123 -1
4 132 -1
4 136 1
4 139 -1
4 140 -1
4 142 -1
4 143 -1
4 144 -1
4 147 -1
4 153 -1
4 154 -1
4 156 -1
4 158 -1
4 162 -1
4 170 -1
5 4 -1
5 6 1
5 8 -1
5 10 -1
5 15 1
5 19 1
5 36 -1
5 37 -1
5 38 -1
5 40 -1
5 45 -1
5 47 1
5 51 1
5 62 1
5 63 -1
5 65 1
5 66 -1
5 71 1
5 74 -1
5 81 -1
5 88 -1
5 91 -1
5 96 -1
5 98 -1
5 103 -1
5 110 -1
5 113 1
5 122 -1
5 123 -1
5 137 -1
5 142 -1
5 145 -1
5 146 -1
5 147 -1
5 149 -1
5 158 -1
5 161 -1
5 167 -1
5 170 -1
6 2 1
6 8 1
6 15 -1
6 19 -1
6 21 1
6 25 -1
6 26 1
6 30 -1
6 38 -1
6 39 -1
6 40 -1
6 43 -1
6 45 -1
6 50 1
6 59 -1
6 63 -1
6 67 -1
6 70 1
6 78 -1
6 80 -1
6 82 1
6 83 -1
6 84 -1
6 88 -1
6 89 -1
6 90 1
6 92 -1
6 96 -1
6 100 -1
6 105 -1
6 106 -1
6 107 -1
6 108 -1
6 109 1
6 112 -1
6 116 -1
6 129 -1
6 134 -1
6 136 -1
6 137 -1
6 138 -1
6 139 -1
6 143 -1
6 146 -1
6 150 -1
6 162 -1
6 170 1
7 1 -1
7 2 1
7 4 -1
7 10 -1
7 11 -1
7 12 -1
7 13 -1
7 17 -1
7 24 -1
7 27 -1
7 28 -1
7 30 -1
7 31 -1
7 34 -1
7 37 -1
7 55 -1
7 56 -1
7 60 1
7 61 -1
7 64 1
7 65 -1
7 67 1
7 68 -1
7 71 1
7 74 -1
7 77 -1
7 78 -1
7 80 -1
7 86 -1
7 87 1
7 88 -1
7 92 -1
7 94 -1
7 96 -1
7 102 -1
7 108 -1
7 115 -1
7 116 -1
7 118 1
7 120 -1
7 126 1
7 132 -1
7 133 -1
7 134 -1
7 135 -1
7 136 1
7 140 -1
7 142 -1
7 144 1
7 147 -1
7 152 -1
7 153 -1
7 157 -1
7 161 1
7 167 1
8 2 -1
8 4 -1
8 10 -1
8 12 1
8 16 -1
8 21 -1
8 28 -1
8 32 -1
8 34 -1
8 40 -1
8 46 -1
8 54 -1
8 63 1
8 64 -1
8 72 1
8 76 -1
8 77 -1
8 78 -1
8 80 -1
8 81 -1
8 82 -1
8 83 -1
8 85 -1
8 89 -1
8 93 -1
8 97 -1
8 98 -1
8 105 -1
8 106 1
8 107 -1
8 112 -1
8 116 1
8 122 -1
8 127 1
8 133 -1
8 140 -1
8 142 -1
8 145 -1
8 149 -1
8 155 1
8 156 -1
8 166 1
8 168 -1
9 2 -1
9 3 -1
9 4 -1
9 5 -1
9 10 -1
9 14 -1
9 17 -1
9 18 1
9 19 -1
9 29 -1
9 31 -1
9 35 1
9 39 1
9 42 -1
9 43 -1
9 45 -1
9 46 -1
9 49 -1
9 56 -1
9 58 -1
9 61 -1
9 70 -1
9 73 -1
9 74 -1
9 81 -1
9 82 -1
9 89 -1
9 92 -1
9 94 -1
9 95 -1
9 98 -1
9 100 -1
9 103 -1
9 109 -1
9 111 -1
9 112 -1
9 119 -1
9 125 -1
9 126 1
9 127 1
9 130 -1
9 135 -1
9 139 1
9 142 -1
9 143 1
9 145 -1
9 147 -1
9 157 -1
9 161 -1
9 162 -1
9 165 1
9 166 -1
9 168 -1
10 1 -1
10 2 -1
10 6 1
10 15 -1
10 19 -1
10 23 -1
10 26 -1
10 32 -1
10 40 -1
10 41 -1
10 45 -1
10 46 1
10 48 -1
10 49 1
10 50 -1
10 52 -1
10 53 -1
10 56 -1
10 58 -1
10 60 -1
10 63 -1
10 66 -1
10 67 -1
10 71 1
10 75 -1
10 83 -1
10 86 -1
10 87 -1
10 92 -1
10 93 -1
10 96 -1
10 101 -1
10 104 1
10 105 -1
10 108 -1
10 115 1
10 116 -1
10 123 -1
10 125 -1
10 128 1
10 134 -1
10 138 -1
10 146 -1
10 147 -1
10 154 -1
10 155 -1
10 161 -1
10 162 -1
10 164 -1
10 165 -1
10 166 -1
11 3 -1
11 9 -1
11 14 -1
11 15 -1
11 18 -1
11 26 -1
11 27 1
11 34 -1
11 45 -1
11 55 1
11 63 -1
11 64 -1
11 68 1
11 69 -1
11 85 1
11 86 -1
11 89 -1
11 90 1
11 91 -1
11 99 -1
11 102 -1
11 106 -1
11 111 -1
11 113 -1
11 116 -1
11 130 1
11 132 1
11 138 -1
11 143 -1
11 144 -1
11 147 -1
11 149 1
11 150 -1
11 157 -1
11 159 1
11 168 -1
11 169 1
12 1 -1
12 2 -1
12 14 -1
12 17 -1
12 20 -1
12 22 1
12 29 -1
12 31 -1
12 33 -1
12 34 -1
12 35 -1
12 36 -1
12 42 -1
12 51 -1
12 56 -1
12 61 -1
12 71 -1
12 86 -1
12 99 -1
12 102 -1
12 105 -1
12 108 -1
12 111 -1
12 122 -1
12 126 -1
12 129 1
12 130 1
12 131 1
12 133 -1
12 134 -1
12 135 -1
12 140 -1
12 141 1
12 143 1
12 145 1
12 147 -1
12 152 -1
12 157 -1
12 167 -1
13 1 -1
13 2 -1
13 8 -1
13 9 -1
13 10 -1
13 11 -1
13 16 -1
13 17 -1
13 20 -1
13 25 -1
13 29 -1
13 46 -1
13 56 -1
13 74 -1
13 81 -1
13 86 -1
13 87 -1
13 97 -1
13 99 -1
13 102 -1
13 103 1
13 106 -1
13 107 -1
13 111 -1
13 119 1
13 120 -1
13 134 1
13 144 -1
13 149 -1
13 150 1
13 164 -1
13 166 -1
14 4 -1
14 6 -1
14 7 -1
14 27 -1
14 29 1
14 39 -1
14 43 -1
14 44 1
14 46 -1
14 51 -1
14 53 -1
14 60 -1
14 67 -1
14 68 -1
14 84 1
14 85 -1
14 91 -1
14 97 -1
14 105 -1
14 106 -1
14 108 -1
14 109 -1
14 119 -1
14 121 -1
14 125 -1
14 128 -1
14 132 -1
14 136 -1
14 141 -1
14 145 -1
14 148 1
14 152 -1
14 159 -1
14 166 -1
14 170 -1
15 2 -1
15 8 -1
15 13 -1
15 17 -1
15 24 -1
15 29 -1
15 41 1
15 43 -1
15 47 1
15 51 -1
15 52 1
15 53 -1
15 54 -1
15 57 -1
15 60 -1
15 61 -1
15 63 -1
15 70 -1
15 72 1
15 73 -1
15 74 -1
15 79 -1
15 82 1
15 90 -1
15 104 -1
15 107 1
15 108 -1
15 111 -1
15 124 -1
15 136 -1
15 138 -1
15 142 -1
15 156 1
15 159 -1
15 160 -1
15 162 -1
15 165 -1
15 166 1
16 4 -1
16 6 -1
16 10 1
16 12 1
16 32 -1
16 34 -1
16 36 -1
16 40 -1
16 42 -1
16 43 1
16 55 -1
16 57 1
16 58 -1
16 76 1
16 79 -1
16 80 -1
16 81 -1
16 88 1
16 91 1
16 93 -1
16 96 1
16 101 -1
16 110 -1
16 112 -1
16 116 -1
16 118 -1
16 119 -1
16 123 1
16 124 1
16 128 -1
16 137 -1
16 138 1
16 147 1
16 148 1
16 157 1
16 166 -1
16 168 -1
17 4 -1
17 11 -1
17 14 1
17 24 -1
17 32 -1
17 36 -1
17 41 -1
17 43 1
17 50 -1
17 51 -1
17 60 -1
17 63 -1
17 67 -1
17 77 -1
17 78 -1
17 86 1
17 87 -1
17 88 -1
17 91 -1
17 95 -1
17 101 -1
17 104 1
17 107 -1
17 112 -1
17 115 1
17 117 -1
17 121 -1
17 124 -1
17 134 1
17 136 -1
17 138 -1
17 140 -1
17 146 -1
17 147 1
17 151 -1
17 155 -1
17 161 -1
17 162 -1
17 163 1
17 166 -1
18 5 -1
18 8 -1
18 10 -1
18 13 -1
18 15 1
18 16 -1
18 20 -1
18 25 -1
18 31 -1
18 32 -1
18 33 -1
18 34 -1
18 37 1
18 45 -1
18 49 -1
18 71 -1
18 72 -1
18 80 -1
18 84 -1
18 86 -1
18 90 -1
18 94 -1
18 97 -1
18 101 -1
18 108 -1
18 124 -1
18 125 -1
18 129 1
18 132 -1
18 133 -1
18 139 -1
18 147 -1
18 152 -1
18 160 1
18 165 1
19 3 1
19 4 -1
19 7 -1
19 8 -1
19 11 -1
19 12 -1
19 16 -1
19 17 1
19 21 -1
19 25 -1
19 30 -1
19 32 -1
19 39 -1
19 44 -1
19 45 -1
19 51 -1
19 53 -1
19 57 1
19 62 -1
19 66 -1
19 67 -1
19 68 -1
19 69 1
19 87 -1
19 88 -1
19 91 -1
19 98 -1
19 100 -1
19 103 -1
19 104 -1
19 109 -1
19 110 -1
19 116 1
19 119 -1
19 131 1
19 132 1
19 135 1
19 137 1
19 139 1
19 149 -1
19 156 1
19 166 -1
19 168 -1
20 1 -1
20 2 -1
20 7 -1
20 11 -1
20 19 1
20 21 -1
20 22 -1
20 27 -1
20 38 -1
20 39 -1
20 44 -1
20 45 -1
20 46 -1
20 47 -1
20 49 -1
20 50 1
20 51 -1
20 54 -1
20 56 -1
20 68 -1
20 74 -1
20 94 -1
20 98 -1
20 99 -1
20 100 -1
20 102 1
20 104 -1
20 105 -1
20 110 -1
20 111 -1
20 112 1
20 114 -1
20 115 -1
20 117 -1
20 119 -1
20 125 -1
20 129 1
20 132 -1
20 136 -1
20 137 -1
20 138 -1
20 140 -1
20 145 -1
20 149 1
20 151 -1
20 154 -1
20 159 -1
20 160 -1
20 163 -1
21 1 -1
21 3 1
21 7 -1
21 13 -1
21 17 -1
21 24 1
21 25 1
21 27 -1
21 30 -1
21 31 1
21 32 1
21 41 1
21 59 1
21 62 -1
21 64 -1
21 65 -1
21 66 -1
21 69 -1
21 71 1
21 73 -1
21 74 1
21 77 -1
21 78 -1
21 83 -1
21 88 1
21 90 -1
21 91 1
21 96 1
21 104 -1
21 113 1
21 114 1
21 115 -1
21 117 -1
21 120 1
21 123 -1
21 124 -1
21 125 1
21 126 -1
21 127 -1
21 128 -1
21 129 -1
21 131 -1
21 135 -1
21 138 -1
21 145 -1
21 146 -1
21 147 -1
21 148 -1
21 150 -1
21 152 -1
21 154 -1
21 164 -1
21 166 -1
22 9 -1
22 11 -1
22 17 -1
22 19 -1
22 21 -1
22 23 1
22 26 -1
22 27 -1
22 28 -1
22 32 -1
22 39 -1
22 40 -1
22 41 -1
22 42 -1
22 49 -1
22 54 -1
22 62 -1
22 63 1
22 69 1
22 70 1
22 72 -1
22 78 -1
22 86 -1
22 97 -1
22 103 -1
22 107 -1
22 111 1
22 112 -1
22 116 1
22 117 -1
22 119 1
22 127 -1
22 128 1
22 130 -1
22 134 1
22 137 -1
22 138 -1
22 143 -1
22 146 -1
22 147 -1
22 150 -1
22 156 -1
22 157 -1
22 160 -1
22 169 -1
23 3 -1
23 6 -1
23 11 1
23 14 -1
23 17 -1
23 18 -1
23 20 -1
23 21 1
23 26 -1
23 29 -1
23 34 1
23 38 -1
23 40 -1
23 42 1
23 43 -1
23 48 -1
23 51 -1
23 52 -1
23 54 -1
23 57 -1
23 60 -1
23 62 -1
23 65 1
23 66 1
23 67 -1
23 71 -1
23 75 -1
23 81 -1
23 89 -1
23 90 -1
23 99 -1
23 112 -1
23 118 -1
23 119 1
23 123 1
23 128 -1
23 137 -1
23 140 1
23 153 -1
23 157 -1
23 158 -1
23 164 -1
23 165 -1
23 170 -1
24 2 -1
24 3 1
24 5 -1
24 6 -1
24 11 -1
24 12 -1
24 25 -1
24 34 -1
24 35 1
24 42 -1
24 43 -1
24 49 -1
24 50 -1
24 54 -1
24 61 -1
24 64 -1
24 65 1
24 67 1
24 70 -1
24 76 -1
24 84 1
24 89 -1
24 91 1
24 94 -1
24 95 -1
24 103 1
24 104 -1
24 121 -1
24 123 -1
24 126 -1
24 129 -1
24 131 -1
24 141 -1
24 142 -1
24 145 -1
24 152 -1
24 170 -1
25 1 -1
25 2 -1
25 4 -1
25 7 1
25 14 -1
25 20 -1
25 29 1
25 32 -1
25 33 -1
25 35 1
25 37 -1
25 39 1
25 41 -1
25 42 -1
25 44 -1
25 49 -1
25 51 1
25 59 -1
25 67 -1
25 68 1
25 73 -1
25 75 -1
25 77 -1
25 79 -1
25 82 -1
25 83 1
25 92 1
25 94 -1
25 97 -1
25 98 1
25 102 -1
25 103 -1
25 105 1
25 106 -1
25 113 1
25 116 -1
25 121 -1
25 122 -1
25 123 -1
25 125 -1
25 130 -1
25 131 -1
25 138 -1
25 147 -1
25 149 -1
25 150 -1
25 151 -1
25 152 -1
25 154 -1
25 158 1
25 160 -1
25 161 1
25 168 -1
26 5 1
26 12 -1
26 18 1
26 19 -1
26 20 -1
26 29 -1
26 39 -1
26 47 -1
26 53 -1
26 54 -1
26 55 -1
26 58 -1
26 60 -1
26 65 -1
26 80 -1
26 82 -1
26 83 -1
26 85 -1
26 87 -1
26 92 -1
26 97 -1
26 99 -1
26 101 -1
26 107 -1
26 113 -1
26 115 1
26 116 -1
26 119 -1
26 122 1
26 123 -1
26 131 -1
26 133 -1
26 136 -1
26 138 -1
26 140 -1
26 149 -1
26 153 -1
26 155 -1
26 159 1
26 162 1
26 167 -1
27 4 -1
27 8 -1
27 9 -1
27 12 -1
27 15 1
27 16 -1
27 17 -1
27 24 -1
27 32 1
27 34 1
27 40 -1
27 41 -1
27 45 1
27 47 1
27 50 -1
27 51 -1
27 60 1
27 70 1
27 71 -1
27 76 -1
27 87 -1
27 90 -1
27 94 -1
27 98 -1
27 99 -1
27 102 -1
27 103 -1
27 104 -1
27 106 -1
27 107 -1
27 111 -1
27 115 -1
27 118 -1
27 124 -1
27 132 -1
27 134 -1
27 139 -1
27 145 -1
27 149 -1
27 152 -1
27 160 1
27 165 -1
27 167 -1
28 1 -1
28 9 -1
28 11 -1
28 12 1
28 13 -1
28 16 1
28 21 1
28 29 -1
28 49 -1
28 56 1
28 57 -1
28 58 -1
28 59 -1
28 62 -1
28 68 -1
28 74 1
28 75 1
28 78 -1
28 79 1
28 80 -1
28 83 1
28 89 1
28 97 1
28 103 -1
28 107 -1
28 112 -1
28 115 -1
28 120 -1
28 128 -1
28 136 -1
28 143 -1
28 147 -1
28 149 1
28 150 -1
28 156 -1
28 158 -1
28 159 -1
28 160 -1
28 168 -1
28 169 -1
28 170 -1
29 16 -1
29 18 1
29 27 -1
29 30 -1
29 31 -1
29 32 -1
29 36 1
29 39 -1
29 40 1
29 41 1
29 52 -1
29 54 1
29 64 -1
29 66 1
29 67 -1
29 71 -1
29 72 -1
29 74 -1
29 75 -1
29 76 1
29 82 1
29 92 -1
29 103 -1
29 108 1
29 110 -1
29 113 -1
29 119 -1
29 120 -1
29 126 -1
29 127 -1
29 139 -1
29 144 1
29 145 -1
29 146 -1
29 149 -1
29 158 -1
29 159 1
29 160 -1
29 164 1
29 165 -1
30 2 -1
30 5 -1
30 8 -1
30 15 1
30 17 -1
30 22 -1
30 25 -1
30 27 -1
30 37 1
30 43 -1
30 59 -1
30 61 -1
30 62 1
30 63 -1
30 66 -1
30 69 -1
30 70 -1
30 74 1
30 77 -1
30 80 -1
30 83 -1
30 85 -1
30 86 -1
30 87 -1
30 93 -1
30 99 -1
30 104 -1
30 112 -1
30 113 -1
30 114 -1
30 115 -1
30 123 1
30 126 1
30 130 1
30 131 -1
30 136 -1
30 137 1
30 139 -1
30 153 -1
30 157 -1
30 169 -1
30 170 -1
31 1 1
31 3 -1
31 4 -1
31 8 1
31 10 -1
31 11 -1
31 19 -1
31 22 -1
31 30 -1
31 33 -1
31 34 -1
31 36 1
31 37 -1
31 44 -1
31 53 -1
31 55 -1
31 62 1
31 66 -1
31 72 -1
31 73 -1
31 77 -1
31 84 -1
31 86 1
31 87 1
31 88 1
31 94 -1
31 95 -1
31 107 -1
31 108 -1
31 112 -1
31 115 1
31 117 -1
31 121 -1
31 131 -1
31 133 -1
31 137 -1
31 138 1
31 141 -1
31 144 -1
31 153 -1
31 156 -1
31 158 -1
31 159 -1
32 1 1
32 2 -1
32 4 -1
32 13 -1
32 14 -1
32 15 -1
32 20 -1
32 23 -1
32 28 -1
32 33 -1
32 34 -1
32 40 1
32 48 -1
32 51 -1
32 52 1
32 56 -1
32 57 -1
32 68 -1
32 69 1
32 75 1
32 76 -1
32 79 -1
32 82 -1
32 84 -1
32 85 1
32 87 -1
32 95 -1
32 97 -1
32 99 -1
32 100 -1
32 101 1
32 103 -1
32 105 -1
32 113 1
32 117 -1
32 118 1
32 132 1
32 142 -1
32 144 -1
32 146 1
32 153 -1
32 154 -1
32 162 1
32 166 -1
32 168 -1
33 3 -1
33 5 -1
33 7 1
33 10 -1
33 13 -1
33 15 -1
33 19 -1
33 20 -1
33 21 -1
33 23 1
33 24 1
33 28 -1
33 30 -1
33 34 -1
33 46 -1
33 54 -1
33 59 1
33 62 1
33 63 1
33 66 1
33 72 -1
33 73 -1
33 76 1
33 85 -1
33 88 -1
33 99 -1
33 101 -1
33 109 -1
33 112 -1
33 121 -1
33 126 -1
33 132 -1
33 137 -1
33 143 -1
33 150 -1
33 152 -1
33 154 -1
33 166 -1
33 167 -1
33 168 -1
33 169 -1
34 1 -1
34 2 -1
34 4 1
34 5 -1
34 6 -1
34 9 1
34 13 -1
34 14 -1
34 22 -1
34 25 1
34 28 1
34 35 -1
34 36 -1
34 38 -1
34 42 -1
34 43 -1
34 47 -1
34 48 -1
34 49 -1
34 55 -1
34 58 -1
34 60 -1
34 64 -1
34 69 -1
34 70 -1
34 78 1
34 82 -1
34 83 1
34 84 -1
34 86 -1
34 87 -1
34 90 -1
34 101 -1
34 108 1
34 112 -1
34 113 -1
34 114 -1
34 119 -1
34 122 1
34 123 -1
34 125 1
34 129 -1
34 130 1
34 132 -1
34 141 -1
34 142 1
34 143 -1
34 156 -1
34 159 -1
34 167 -1
34 168 -1
35 1 -1
35 4 1
35 6 -1
35 7 -1
35 10 1
35 13 -1
35 18 -1
35 19 -1
35 21 1
35 23 1
35 27 -1
35 37 -1
35 38 -1
35 39 -1
35 42 -1
35 47 -1
35 49 -1
35 51 -1
35 57 -1
35 58 1
35 61 -1
35 62 -1
35 68 -1
35 74 -1
35 80 -1
35 86 -1
35 88 -1
35 90 -1
35 99 1
35 101 -1
35 105 -1
35 106 -1
35 108 -1
35 113 -1
35 115 -1
35 123 1
35 124 -1
35 125 -1
35 128 -1
35 139 1
35 147 -1
35 148 -1
35 151 -1
35 162 1
35 163 -1
35 169 -1
36 6 1
36 10 1
36 15 -1
36 20 -1
36 21 -1
36 22 -1
36 25 -1
36 26 -1
36 27 -1
36 28 -1
36 32 -1
36 33 -1
36 35 -1
36 41 -1
36 61 1
36 62 -1
36 66 -1
36 67 -1
36 68 -1
36 69 -1
36 75 -1
36 81 -1
36 83 -1
36 88 -1
36 89 -1
36 93 -1
36 96 -1
36 107 -1
36 110 1
36 114 -1
36 118 -1
36 121 -1
36 131 -1
36 133 1
36 139 -1
36 149 1
36 151 -1
36 152 1
36 153 -1
36 154 -1
36 157 1
36 158 -1
36 159 1
36 166 -1
36 167 -1
36 168 -1
37 2 -1
37 3 -1
37 10 -1
37 17 -1
37 23 1
37 24 -1
37 26 -1
37 27 -1
37 28 -1
37 29 1
37 32 -1
37 33 1
37 34 -1
37 36 1
37 45 -1
37 46 -1
37 50 1
37 51 -1
37 53 -1
37 56 -1
37 58 1
37 64 -1
37 68 -1
37 71 -1
37 72 -1
37 73 -1
37 74 -1
37 83 -1
37 85 -1
37 87 -1
37 91 -1
37 94 -1
37 95 -1
37 102 1
37 108 -1
37 126 -1
37 128 -1
37 133 1
37 135 -1
37 138 -1
37 140 -1
37 141 -1
37 150 1
37 151 -1
37 156 -1
37 167 -1
37 168 -1
38 2 -1
38 3 -1
38 7 -1
38 10 -1
38 18 -1
38 29 -1
38 30 1
38 31 -1
38 32 -1
38 33 -1
38 48 -1
38 50 -1
38 56 -1
38 57 -1
38 60 -1
38 61 -1
38 64 -1
38 65 -1
38 70 -1
38 71 1
38 72 -1
38 76 1
38 78 1
38 81 -1
38 82 1
38 84 -1
38 89 -1
38 96 1
38 102 -1
38 103 -1
38 104 -1
38 118 -1
38 120 -1
38 132 -1
38 138 -1
38 141 -1
38 142 -1
38 144 -1
38 151 -1
38 159 -1
38 161 -1
38 162 -1
38 166 -1
38 167 -1
39 1 -1
39 7 -1
39 10 1
39 15 -1
39 30 1
39 32 -1
39 34 -1
39 36 -1
39 37 -1
39 38 -1
39 40 -1
39 41 -1
39 46 -1
39 56 -1
39 66 -1
39 67 1
39 73 -1
39 77 -1
39 81 -1
39 85 -1
39 88 -1
39 95 -1
39 97 -1
39 102 -1
39 110 -1
39 118 -1
39 119 -1
39 133 1
39 137 -1
39 141 -1
39 142 -1
39 143 -1
39 148 -1
39 150 -1
39 151 1
39 152 -1
39 156 -1
39 159 -1
39 162 -1
39 164 -1
39 165 -1
40 4 -1
40 12 -1
40 14 1
40 15 -1
40 17 -1
40 19 -1
40 20 1
40 21 -1
40 34 -1
40 42 -1
40 46 -1
40 54 -1
40 55 -1
40 67 -1
40 71 -1
40 79 -1
40 81 -1
40 83 -1
40 84 -1
40 86 -1
40 95 -1
40 96 -1
40 97 1
40 98 -1
40 99 -1
40 101 -1
40 102 -1
40 104 -1
40 107 1
40 111 -1
40 112 -1
40 116 -1
40 121 -1
40 123 1
40 131 -1
40 132 -1
40 134 -1
40 136 -1
40 137 -1
40 138 -1
40 141 1
40 142 -1
40 147 -1
40 158 -1
40 160 1
40 166 -1
40 167 1
41 2 -1
41 3 1
41 4 -1
41 18 -1
41 19 1
41 23 -1
41 28 -1
41 33 1
41 34 -1
41 35 -1
41 37 -1
41 42 -1
41 43 1
41 46 -1
41 57 -1
41 59 -1
41 60 1
41 61 -1
41 63 1
41 72 -1
41 73 -1
41 83 1
41 94 -1
41 95 1
41 99 -1
41 104 -1
41 108 -1
41 111 -1
41 117 -1
41 119 -1
41 123 1
41 124 -1
41 126 -1
41 132 -1
41 134 -1
41 137 -1
41 138 -1
41 141 -1
41 147 -1
41 155 -1
41 159 -1
41 164 -1
41 165 -1
41 166 -1
41 169 -1
41 170 -1
42 5 -1
42 18 -1
42 21 -1
42 37 1
42 38 1
42 48 -1
42 56 1
42 72 -1
42 80 -1
42 81 1
42 83 -1
42 87 -1
42 88 -1
42 89 -1
42 90 -1
42 94 -1
42 95 -1
42 96 -1
42 98 -1
42 100 -1
42 101 -1
42 102 -1
42 107 1
42 109 -1
42 119 -1
42 124 -1
42 128 -1
42 129 -1
42 134 -1
42 136 -1
42 139 -1
42 140 -1
42 143 -1
42 144 -1
42 145 -1
42 153 1
42 155 1
42 159 -1
42 161 -1
42 162 -1
42 168 1
42 170 -1
43 5 -1
43 10 -1
43 13 1
43 18 -1
43 25 -1
43 26 1
43 36 -1
43 38 -1
43 39 -1
43 50 1
43 52 -1
43 53 -1
43 59 -1
43 60 -1
43 62 -1
43 63 -1
43 67 -1
43 69 -1
43 70 -1
43 73 -1
43 89 -1
43 90 -1
43 92 -1
43 93 -1
43 97 -1
43 98 -1
43 99 1
43 101 -1
43 102 -1
43 115 -1
43 117 -1
43 118 -1
43 121 -1
43 125 -1
43 128 1
43 130 -1
43 132 -1
43 133 -1
43 135 1
43 141 -1
43 147 -1
43 150 1
43 155 1
43 156 -1
43 162 -1
43 163 -1
43 164 1
43 167 -1
44 1 1
44 6 1
44 10 -1
44 18 -1
44 22 1
44 26 -1
44 27 -1
44 29 -1
44 30 -1
44 37 -1
44 38 -1
44 40 -1
44 43 -1
44 47 -1
44 50 -1
44 56 -1
44 58 1
44 59 1
44 60 -1
44 67 -1
44 69 -1
44 75 -1
44 79 1
44 85 -1
44 89 -1
44 90 -1
44 95 1
44 97 -1
44 103 -1
44 109 -1
44 110 -1
44 113 1
44 114 -1
44 122 -1
44 124 -1
44 125 -1
44 128 -1
44 130 1
44 136 1
44 138 -1
44 139 -1
44 140 1
44 146 -1
44 153 -1
44 161 -1
44 169 -1
45 8 1
45 14 -1
45 22 -1
45 25 -1
45 26 -1
45 28 -1
45 31 1
45 33 -1
45 34 -1
45 38 -1
45 42 -1
45 51 -1
45 52 -1
45 56 -1
45 68 -1
45 72 -1
45 82 -1
45 83 -1
45 92 -1
45 105 -1
45 109 1
45 110 -1
45 116 -1
45 117 -1
45 120 -1
45 123 -1
45 128 1
45 130 -1
45 131 -1
45 139 1
45 147 -1
45 149 1
45 152 1
45 163 -1
46 6 -1
46 7 -1
46 11 -1
46 19 -1
46 21 1
46 22 -1
46 23 -1
46 26 -1
46 27 -1
46 29 -1
46 30 -1
46 34 -1
46 44 -1
46 45 1
46 49 -1
46 51 1
46 56 -1
46 58 -1
46 59 -1
46 62 -1
46 66 -1
46 69 -1
46 76 -1
46 77 1
46 83 -1
46 84 1
46 89 -1
46 93 -1
46 96 -1
46 105 -1
46 107 -1
46 108 -1
46 109 -1
46 110 -1
46 112 -1
46 113 -1
46 118 1
46 119 -1
46 120 -1
46 124 1
46 125 -1
46 133 -1
46 142 1
46 149 -1
46 150 1
46 151 -1
46 164 -1
46 166 -1
46 170 -1
47 2 -1
47 3 -1
47 6 -1
47 8 1
47 10 1
47 11 -1
47 17 -1
47 18 -1
47 19 -1
47 24 -1
47 29 -1
47 31 -1
47 33 1
47 36 -1
47 38 1
47 39 -1
47 40 1
47 41 -1
47 49 1
47 50 -1
47 51 -1
47 54 -1
47 55 -1
47 57 -1
47 58 1
47 62 1
47 63 -1
47 66 -1
47 72 -1
47 74 1
47 76 1
47 79 -1
47 86 -1
47 90 1
47 92 1
47 98 1
47 100 -1
47 109 -1
47 111 -1
47 121 1
47 122 -1
47 125 -1
47 129 -1
47 130 -1
47 133 -1
47 134 -1
47 135 -1
47 137 -1
47 138 -1
47 151 -1
47 152 -1
47 154 -1
47 156 -1
47 157 -1
47 162 1
47 164 -1
47 168 -1
48 1 -1
48 2 -1
48 3 -1
48 5 -1
48 6 1
48 7 -1
48 8 -1
48 9 -1
48 12 -1
48 13 -1
48 15 -1
48 33 1
48 36 1
48 39 1
48 47 -1
48 52 -1
48 54 -1
48 57 -1
48 61 -1
48 71 -1
48 73 -1
48 79 -1
48 82 1
48 84 -1
48 98 -1
48 99 -1
48 108 -1
48 113 -1
48 121 1
48 124 -1
48 126 -1
48 127 -1
48 131 -1
48 134 -1
48 141 -1
48 147 -1
48 149 -1
48 151 -1
48 153 -1
48 154 -1
48 156 -1
48 159 -1
48 167 -1
48 169 -1
48 170 1
49 1 -1
49 2 -1
49 5 1
49 7 -1
49 8 1
49 14 -1
49 15 -1
49 16 -1
49 26 1
49 38 -1
49 39 -1
49 40 -1
49 41 1
49 43 -1
49 44 -1
49 45 -1
49 48 -1
49 51 -1
49 57 -1
49 58 -1
49 65 -1
49 67 1
49 81 -1
49 82 -1
49 84 -1
49 86 -1
49 91 -1
49 93 1
49 100 -1
49 101 -1
49 109 -1
49 110 1
49 111 -1
49 113 -1
49 117 -1
49 122 -1
49 125 -1
49 132 -1
49 141 -1
49 157 -1
49 162 1
49 164 -1
49 167 1
50 7 -1
50 9 -1
50 12 -1
50 13 -1
50 19 -1
50 23 1
50 25 -1
50 32 1
50 34 -1
50 35 1
50 39 1
50 41 -1
50 42 -1
50 45 -1
50 46 -1
50 53 1
50 64 -1
50 69 -1
50 72 -1
50 91 -1
50 95 -1
50 99 -1
50 100 -1
50 108 -1
50 111 1
50 112 -1
50 119 1
50 125 -1
50 127 -1
50 131 -1
50 137 -1
50 141 -1
50 147 -1
50 149 -1
50 152 1
50 154 -1
50 156 1
50 163 -1
50 167 1
50 169 -1
51 2 1
51 8 -1
51 10 1
51 16 -1
51 18 -1
51 28 1
51 30 1
51 33 -1
51 36 -1
51 41 -1
51 44 -1
51 48 -1
51 50 1
51 54 -1
51 60 -1
51 70 -1
51 73 -1
51 76 1
51 81 -1
51 83 -1
51 84 -1
51 87 1
51 88 -1
51 90 -1
51 99 -1
51 105 1
51 107 -1
51 110 -1
51 115 -1
51 118 -1
51 119 -1
51 123 -1
51 128 -1
51 134 -1
51 146 1
51 149 -1
51 154 1
51 165 -1
51 166 -1
51 169 -1
51 170 -1
52 2 1
52 3 -1
52 5 -1
52 7 -1
52 12 -1
52 20 -1
52 26 -1
52 30 -1
52 31 -1
52 33 -1
52 34 -1
52 40 -1
52 42 -1
52 44 -1
52 47 1
52 49 -1
52 51 1
52 60 -1
52 66 -1
52 68 -1
52 70 -1
52 71 -1
52 72 1
52 76 -1
52 79 -1
52 92 -1
52 95 1
52 114 -1
52 117 -1
52 128 -1
52 129 -1
52 131 -1
52 134 -1
52 141 -1
52 149 -1
52 150 1
52 155 -1
52 156 -1
52 165 -1
52 169 -1
53 6 1
53 12 -1
53 20 1
53 22 -1
53 24 -1
53 29 -1
53 34 -1
53 38 1
53 40 -1
53 41 -1
53 42 -1
53 44 -1
53 46 -1
53 47 -1
53 51 -1
53 58 -1
53 62 -1
53 65 -1
53 70 1
53 71 -1
53 72 -1
53 74 -1
53 75 1
53 86 -1
53 93 -1
53 94 -1
53 101 -1
53 105 -1
53 109 1
53 110 1
53 113 -1
53 115 1
53 119 -1
53 122 -1
53 127 1
53 130 -1
53 131 -1
53 137 -1
53 140 -1
53 141 -1
53 144 -1
53 147 -1
53 153 -1
53 158 -1
53 160 1
53 167 -1
54 6 -1
54 11 -1
54 16 -1
54 17 -1
54 19 -1
54 21 -1
54 25 1
54 30 1
54 38 -1
54 41 -1
54 42 -1
54 45 -1
54 46 1
54 49 -1
54 66 -1
54 71 -1
54 72 -1
54 75 -1
54 76 -1
54 77 -1
54 81 -1
54 82 -1
54 86 -1
54 89 -1
54 91 -1
54 92 1
54 93 -1
54 97 1
54 99 -1
54 101 -1
54 110 -1
54 116 -1
54 117 -1
54 119 -1
54 121 -1
54 122 -1
54 133 -1
54 135 -1
54 138 1
54 139 -1
54 142 -1
54 144 -1
54 147 1
54 148 -1
54 150 -1
54 155 -1
54 159 -1
54 160 -1
54 164 -1
54 165 -1
55 5 -1
55 15 -1
55 17 -1
55 18 1
55 20 -1
55 25 -1
55 27 -1
55 29 -1
55 33 -1
55 36 -1
55 45 -1
55 49 -1
55 56 -1
55 62 -1
55 64 -1
55 68 1
55 75 -1
55 77 -1
55 81 -1
55 84 -1
55 89 -1
55 96 -1
55 99 -1
55 104 -1
55 113 -1
55 115 -1
55 124 -1
55 133 -1
55 134 -1
55 136 -1
55 140 -1
55 143 -1
55 149 1
55 152 1
55 154 -1
55 156 -1
55 165 -1
55 170 1
56 1 -1
56 4 1
56 6 -1
56 14 -1
56 19 -1
56 22 1
56 25 -1
56 26 -1
56 27 -1
56 31 -1
56 33 -1
56 36 -1
56 41 -1
56 49 -1
56 59 -1
56 64 -1
56 69 -1
56 77 -1
56 90 -1
56 93 1
56 94 1
56 95 -1
56 96 -1
56 98 -1
56 104 -1
56 106 1
56 107 1
56 108 -1
56 109 -1
56 117 -1
56 121 -1
56 129 -1
56 134 -1
56 137 -1
56 139 -1
56 145 1
56 151 -1
56 152 -1
56 153 1
56 155 -1
56 161 -1
57 4 1
57 5 -1
57 8 1
57 9 1
57 20 -1
57 24 -1
57 25 -1
57 26 1
57 54 -1
57 60 -1
57 63 1
57 65 -1
57 66 -1
57 67 -1
57 71 -1
57 107 -1
57 111 -1
57 116 -1
57 121 -1
57 123 -1
57 127 -1
57 132 1
57 133 -1
57 135 -1
57 136 -1
57 139 -1
57 140 -1
57 141 -1
57 142 -1
57 143 -1
57 147 -1
57 161 -1
58 1 -1
58 5 -1
58 14 1
58 15 -1
58 18 -1
58 21 -1
58 23 1
58 25 -1
58 31 -1
58 32 -1
58 40 -1
58 41 -1
58 42 1
58 50 -1
58 57 -1
58 64 -1
58 67 -1
58 72 -1
58 76 -1
58 79 -1
58 81 1
58 87 -1
58 89 -1
58 93 -1
58 97 -1
58 100 1
58 105 -1
58 108 -1
58 129 -1
58 142 -1
58 147 -1
58 151 -1
58 153 -1
58 155 -1
58 156 -1
58 159 -1
58 160 -1
58 164 1
59 11 1
59 12 -1
59 14 -1
59 20 -1
59 24 1
59 26 -1
59 32 -1
59 34 -1
59 35 -1
59 42 -1
59 57 1
59 61 -1
59 63 -1
59 65 -1
59 71 -1
59 87 1
59 89 -1
59 90 -1
59 94 -1
59 96 -1
59 103 -1
59 106 -1
59 107 -1
59 108 -1
59 111 -1
59 114 -1
59 119 -1
59 128 -1
59 129 -1
59 130 1
59 136 -1
59 137 1
59 140 -1
59 143 -1
59 145 -1
59 146 -1
59 151 1
59 160 -1
59 162 1
59 163 -1
59 169 -1
60 1 -1
60 3 -1
60 5 -1
60 16 -1
60 21 -1
60 31 -1
60 33 -1
60 37 -1
60 42 1
60 45 -1
60 49 -1
60 59 1
60 63 1
60 77 -1
60 78 -1
60 80 1
60 85 1
60 91 -1
60 93 -1
60 95 -1
60 101 -1
60 111 -1
60 113 -1
60 118 -1
60 124 -1
60 128 -1
60 130 -1
60 131 -1
60 136 -1
60 137 -1
60 144 -1
60 147 -1
60 151 -1
60 153 -1
60 160 -1
60 170 -1
61 17 -1
61 18 -1
61 25 -1
61 29 -1
61 31 -1
61 42 -1
61 43 -1
61 49 1
61 50 1
61 51 -1
61 52 -1
61 54 -1
61 57 -1
61 60 1
61 62 -1
61 63 -1
61 71 -1
61 77 -1
61 87 -1
61 90 -1
61 91 -1
61 95 -1
61 105 -1
61 118 -1
61 119 -1
61 126 -1
61 130 -1
61 131 -1
61 133 -1
61 136 -1
61 137 -1
61 139 -1
61 152 -1
61 155 1
61 164 -1
62 1 -1
62 2 -1
62 11 -1
62 12 1
62 17 1
62 20 1
62 27 1
62 32 -1
62 38 -1
62 39 -1
62 41 -1
62 50 -1
62 51 -1
62 59 -1
62 60 1
62 64 -1
62 66 1
62 72 -1
62 77 -1
62 85 -1
62 86 -1
62 89 -1
62 91 -1
62 94 -1
62 96 1
62 98 -1
62 106 -1
62 115 -1
62 117 -1
62 118 -1
62 123 -1
62 141 -1
62 143 -1
62 152 -1
62 157 -1
62 162 -1
62 165 1
62 166 -1
63 2 1
63 4 -1
63 9 -1
63 13 -1
63 20 -1
63 29 -1
63 40 -1
63 42 -1
63 44 1
63 45 -1
63 46 1
63 50 -1
63 52 -1
63 56 -1
63 62 -1
63 66 -1
63 72 -1
63 74 1
63 76 -1
63 77 -1
63 81 -1
63 90 -1
63 91 -1
63 99 -1
63 105 -1
63 107 1
63 114 -1
63 117 -1
63 121 -1
63 122 -1
63 126 -1
63 127 -1
63 137 -1
63 140 -1
63 145 -1
63 148 -1
63 159 1
63 167 -1
64 4 -1
64 9 -1
64 12 -1
64 13 1
64 14 -1
64 15 -1
64 18 -1
64 22 -1
64 23 -1
64 25 -1
64 26 -1
64 27 -1
64 28 -1
64 31 1
64 40 -1
64 44 -1
64 46 -1
64 51 -1
64 57 -1
64 65 1
64 66 -1
64 68 -1
64 71 -1
64 77 -1
64 78 -1
64 79 -1
64 82 -1
64 83 -1
64 88 -1
64 98 -1
64 103 -1
64 113 -1
64 116 1
64 118 -1
64 122 -1
64 123 -1
64 124 -1
64 129 -1
64 131 -1
64 135 -1
64 140 1
64 143 1
64 144 -1
64 150 -1
64 156 -1
64 157 -1
64 163 -1
64 164 -1
64 169 -1
64 170 -1
65 6 1
65 8 1
65 9 1
65 10 -1
65 13 -1
65 17 -1
65 18 -1
65 19 -1
65 27 -1
65 31 -1
65 32 -1
65 34 -1
65 35 -1
65 39 1
65 42 -1
65 43 -1
65 51 -1
65 55 -1
65 58 1
65 61 -1
65 83 -1
65 88 1
65 89 -1
65 94 -1
65 95 1
65 96 -1
65 97 -1
65 98 -1
65 99 -1
65 100 -1
65 107 -1
65 110 -1
65 111 -1
65 112 -1
65 114 -1
65 119 -1
65 120 -1
65 131 1
65 134 -1
65 137 -1
65 141 -1
65 146 1
65 147 -1
65 149 1
65 159 1
65 160 -1
65 161 -1
65 163 -1
65 167 1
66 1 -1
66 9 1
66 12 1
66 14 -1
66 16 1
66 18 -1
66 22 1
66 28 -1
66 35 -1
66 43 -1
66 44 1
66 45 1
66 51 1
66 53 -1
66 59 -1
66 61 -1
66 71 -1
66 78 -1
66 79 -1
66 82 -1
66 83 -1
66 89 -1
66 91 1
66 94 -1
66 96 1
66 103 -1
66 104 1
66 105 -1
66 112 -1
66 113 -1
66 114 1
66 116 -1
66 117 1
66 122 -1
66 127 1
66 129 1
66 134 -1
66 137 -1
66 144 -1
66 149 -1
66 152 -1
66 155 -1
66 159 -1
66 169 -1
67 1 -1
67 4 -1
67 12 1
67 16 -1
67 21 -1
67 31 -1
67 32 -1
67 33 -1
67 35 -1
67 41 -1
67 42 1
67 46 -1
67 47 -1
67 54 1
67 63 -1
67 64 -1
67 65 -1
67 68 -1
67 70 1
67 77 1
67 79 -1
67 80 -1
67 81 -1
67 86 -1
67 88 -1
67 89 -1
67 91 -1
67 96 1
67 107 -1
67 112 1
67 123 -1
67 124 -1
67 127 -1
67 130 1
67 134 1
67 138 -1
67 139 -1
67 141 -1
67 148 -1
67 149 -1
67 152 1
67 154 -1
67 157 -1
67 159 -1
67 161 -1
67 162 -1
67 163 -1
67 169 -1
68 5 -1
68 12 1
68 13 -1
68 26 1
68 30 -1
68 38 -1
68 40 -1
68 42 -1
68 44 -1
68 46 -1
68 47 1
68 48 -1
68 50 -1
68 51 -1
68 54 -1
68 56 -1
68 58 1
68 59 1
68 65 -1
68 71 -1
68 74 1
68 75 -1
68 79 -1
68 88 -1
68 98 -1
68 100 1
68 101 -1
68 104 -1
68 124 -1
68 136 -1
68 143 -1
68 154 -1
68 168 -1
68 170 1
69 3 -1
69 5 -1
69 6 -1
69 10 -1
69 15 -1
69 17 -1
69 24 -1
69 26 -1
69 38 -1
69 45 -1
69 47 -1
69 51 -1
69 52 -1
69 62 -1
69 64 -1
69 66 -1
69 71 -1
69 84 -1
69 90 -1
69 92 -1
69 103 -1
69 104 -1
69 108 -1
69 109 1
69 110 -1
69 118 -1
69 126 -1
69 130 -1
69 135 -1
69 138 -1
69 141 -1
69 142 -1
69 145 1
69 146 1
69 147 1
69 148 -1
69 153 -1
69 154 1
69 155 -1
69 156 -1
69 157 -1
69 163 -1
69 164 -1
70 2 -1
70 7 1
70 8 1
70 17 -1
70 18 -1
70 20 -1
70 26 -1
70 32 -1
70 39 -1
70 44 -1
70 45 1
70 48 -1
70 57 -1
70 63 1
70 66 -1
70 68 -1
70 81 -1
70 85 -1
70 86 -1
70 88 1
70 90 -1
70 91 -1
70 95 -1
70 96 -1
70 97 -1
70 98 1
70 115 1
70 123 -1
70 135 1
70 137 -1
70 140 -1
70 145 1
70 149 -1
70 153 -1
70 159 -1
70 166 -1
70 168 -1
70 170 -1
71 4 -1
71 15 1
71 17 1
71 19 -1
71 20 -1
71 22 -1
71 24 1
71 28 1
71 30 -1
71 33 1
71 35 1
71 36 1
71 39 -1
71 41 -1
71 42 -1
71 46 -1
71 47 -1
71 58 -1
71 62 1
71 67 1
71 70 -1
71 72 -1
71 76 1
71 82 -1
71 89 -1
71 94 -1
71 96 -1
71 99 -1
71 109 1
71 112 -1
71 114 1
71 119 1
71 120 1
71 122 -1
71 123 -1
71 130 -1
71 136 -1
71 139 -1
71 143 -1
71 154 -1
71 155 -1
71 159 -1
71 160 -1
71 161 -1
71 162 1
71 167 1
71 168 -1
72 3 1
72 5 -1
72 6 -1
72 7 1
72 9 -1
72 13 -1
72 14 -1
72 16 -1
72 17 -1
72 20 -1
72 26 -1
72 30 -1
72 34 -1
72 39 -1
72 40 -1
72 46 -1
72 57 -1
72 59 -1
72 60 -1
72 64 -1
72 75 -1
72 77 -1
72 82 -1
72 87 -1
72 90 1
72 92 -1
72 99 -1
72 100 -1
72 103 -1
72 105 -1
72 108 1
72 127 -1
72 128 -1
72 129 1
72 138 1
72 139 -1
72 142 -1
72 143 -1
72 144 -1
72 151 1
72 159 -1
72 162 -1
73 3 -1
73 5 -1
73 10 -1
73 19 -1
73 27 -1
73 28 -1
73 30 -1
73 32 -1
73 35 -1
73 40 -1
73 44 -1
73 46 -1
73 52 -1
73 56 -1
73 57 1
73 60 -1
73 64 -1
73 65 -1
73 68 -1
73 70 -1
73 79 -1
73 81 -1
73 82 -1
73 91 -1
73 92 -1
73 95 -1
73 98 -1
73 100 -1
73 102 -1
73 104 -1
73 107 1
73 111 -1
73 112 -1
73 113 1
73 114 -1
73 115 -1
73 121 -1
73 136 1
73 146 -1
73 149 -1
73 154 -1
73 157 1
74 3 -1
74 10 -1
74 14 -1
74 23 -1
74 31 -1
74 33 -1
74 36 -1
74 39 -1
74 48 -1
74 50 -1
74 52 -1
74 56 -1
74 58 -1
74 61 -1
74 70 -1
74 73 1
74 83 -1
74 84 -1
74 96 -1
74 97 -1
74 98 -1
74 102 -1
74 107 -1
74 109 1
74 110 -1
74 118 -1
74 120 -1
74 123 -1
74 127 -1
74 133 -1
74 137 -1
74 145 1
74 151 -1
74 153 -1
74 157 1
74 160 -1
74 162 -1
74 166 -1
75 1 -1
75 8 -1
75 9 -1
75 12 -1
75 13 -1
75 16 -1
75 17 -1
75 18 -1
75 20 -1
75 35 1
75 37 -1
75 40 -1
75 43 -1
75 45 -1
75 46 -1
75 51 -1
75 52 -1
75 56 -1
75 66 -1
75 69 1
75 73 -1
75 80 -1
75 82 1
75 85 -1
75 88 -1
75 92 -1
75 96 1
75 107 1
75 109 -1
75 111 -1
75 114 -1
75 115 -1
75 117 1
75 119 -1
75 121 -1
75 130 -1
75 134 -1
75 137 1
75 146 -1
75 147 -1
75 149 -1
75 150 -1
75 153 1
75 155 -1
75 158 -1
75 159 -1
75 169 -1
76 1 1
76 9 1
76 14 -1
76 18 -1
76 20 -1
76 21 -1
76 30 1
76 31 -1
76 36 1
76 39 -1
76 41 -1
76 44 1
76 45 1
76 53 -1
76 57 1
76 59 -1
76 65 -1
76 81 -1
76 85 -1
76 89 1
76 94 -1
76 102 1
76 106 1
76 113 -1
76 121 -1
76 127 1
76 132 -1
76 134 1
76 139 -1
76 143 -1
76 148 1
76 151 1
76 154 -1
76 156 1
76 160 -1
76 164 -1
76 170 -1
77 6 -1
77 10 -1
77 11 -1
77 12 -1
77 18 -1
77 22 1
77 23 1
77 26 -1
77 28 1
77 35 -1
77 36 -1
77 38 -1
77 42 -1
77 43 -1
77 44 -1
77 45 1
77 52 -1
77 53 -1
77 58 -1
77 76 -1
77 80 -1
77 83 1
77 95 -1
77 96 -1
77 98 -1
77 100 -1
77 101 -1
77 104 1
77 114 -1
77 121 -1
77 127 1
77 131 -1
77 143 -1
77 147 1
77 151 -1
77 156 -1
77 160 1
77 166 -1
77 167 -1
78 1 -1
78 10 -1
78 12 -1
78 13 -1
78 24 -1
78 25 -1
78 26 1
78 29 -1
78 32 1
78 35 -1
78 36 -1
78 39 1
78 41 1
78 50 1
78 52 -1
78 56 -1
78 58 -1
78 59 -1
78 62 -1
78 65 -1
78 84 -1
78 93 -1
78 95 -1
78 98 -1
78 100 -1
78 106 1
78 107 -1
78 110 -1
78 114 -1
78 119 -1
78 126 -1
78 134 1
78 135 -1
78 143 -1
78 149 1
78 152 -1
78 157 -1
78 162 -1
78 163 -1
78 165 1
78 170 -1
79 2 -1
79 5 -1
79 9 -1
79 18 1
79 24 -1
79 27 -1
79 34 -1
79 36 1
79 38 -1
79 41 -1
79 43 1
79 45 -1
79 46 1
79 50 -1
79 57 -1
79 59 -1
79 60 -1
79 65 -1
79 72 -1
79 75 -1
79 78 -1
79 84 1
79 87 -1
79 88 -1
79 89 -1
79 94 -1
79 97 1
79 107 -1
79 113 -1
79 115 -1
79 118 1
79 120 1
79 121 -1
79 124 1
79 126 1
79 128 1
79 130 -1
79 133 -1
79 135 -1
79 141 1
79 143 1
79 147 -1
79 148 -1
79 153 -1
79 156 -1
79 158 -1
79 160 -1
79 161 -1
79 162 -1
79 166 1
80 1 -1
80 3 -1
80 10 -1
80 11 -1
80 13 -1
80 15 -1
80 17 -1
80 21 -1
80 24 -1
80 40 -1
80 45 1
80 48 -1
80 52 1
80 54 -1
80 61 -1
80 63 -1
80 69 -1
80 70 -1
80 73 -1
80 74 -1
80 76 -1
80 81 -1
80 83 -1
80 84 -1
80 86 -1
80 87 -1
80 88 -1
80 95 -1
80 96 -1
80 98 -1
80 116 -1
80 117 -1
80 120 -1
80 121 -1
80 129 -1
80 131 -1
80 132 -1
80 138 -1
80 143 -1
80 147 -1
80 151 -1
80 152 -1
80 159 -1
80 164 -1
80 165 1
80 166 -1
81 7 -1
81 12 -1
81 14 1
81 17 1
81 21 1
81 24 -1
81 32 -1
81 41 1
81 44 -1
81 46 -1
81 56 -1
81 57 -1
81 62 -1
81 66 -1
81 71 -1
81 77 -1
81 82 -1
81 85 -1
81 88 -1
81 89 -1
81 97 -1
81 105 -1
81 106 1
81 107 -1
81 110 1
81 113 -1
81 120 -1
81 122 -1
81 123 1
81 127 -1
81 131 -1
81 152 1
81 153 -1
81 162 1
81 163 -1
81 165 -1
81 167 -1
81 168 -1
81 170 1
82 3 -1
82 4 -1
82 5 -1
82 12 1
82 14 -1
82 17 1
82 18 -1
82 24 -1
82 36 -1
82 39 -1
82 41 -1
82 42 -1
82 43 -1
82 50 -1
82 51 -1
82 52 -1
82 53 -1
82 59 1
82 60 -1
82 62 -1
82 63 -1
82 65 1
82 67 -1
82 74 -1
82 78 1
82 79 -1
82 83 -1
82 88 -1
82 104 -1
82 112 -1
82 113 -1
82 115 -1
82 118 -1
82 120 -1
82 121 -1
82 128 -1
82 131 1
82 136 -1
82 143 -1
82 146 -1
82 148 -1
82 149 -1
82 151 1
82 154 -1
82 161 -1
82 162 -1
82 168 -1
82 169 1
83 7 -1
83 13 -1
83 17 -1
83 22 -1
83 24 -1
83 35 -1
83 44 -1
83 47 -1
83 48 -1
83 52 -1
83 54 -1
83 56 -1
83 59 -1
83 63 -1
83 67 -1
83 71 -1
83 73 -1
83 78 -1
83 86 -1
83 88 -1
83 89 -1
83 93 1
83 96 -1
83 100 -1
83 103 1
83 107 -1
83 109 -1
83 116 -1
83 117 -1
83 121 -1
83 125 -1
83 126 -1
83 131 -1
83 133 -1
83 135 -1
83 138 -1
83 141 -1
83 148 1
83 150 1
83 153 1
83 165 1
83 168 -1
83 169 -1
84 2 -1
84 4 1
84 5 -1
84 8 1
84 13 -1
84 15 1
84 28 -1
84 30 -1
84 33 -1
84 44 -1
84 54 -1
84 56 -1
84 59 1
84 64 -1
84 73 -1
84 75 -1
84 83 -1
84 85 -1
84 88 -1
84 94 -1
84 95 1
84 96 -1
84 101 -1
84 102 1
84 104 -1
84 105 -1
84 107 -1
84 108 -1
84 109 1
84 114 1
84 126 -1
84 131 -1
84 133 -1
84 137 -1
84 141 -1
84 144 -1
84 147 1
84 149 -1
84 151 -1
84 153 -1
84 157 -1
85 1 -1
85 16 -1
85 21 -1
85 22 -1
85 23 -1
85 25 1
85 27 1
85 31 -1
85 34 -1
85 36 -1
85 46 -1
85 53 -1
85 56 -1
85 57 -1
85 58 -1
85 64 -1
85 69 -1
85 71 -1
85 72 -1
85 77 -1
85 88 -1
85 89 -1
85 98 -1
85 99 -1
85 100 1
85 103 -1
85 111 -1
85 116 1
85 118 -1
85 124 -1
85 130 -1
85 135 -1
85 142 1
85 148 1
85 156 -1
85 158 -1
85 166 -1
85 167 -1
86 16 -1
86 23 1
86 24 -1
86 27 1
86 28 1
86 32 1
86 38 -1
86 43 -1
86 56 -1
86 61 -1
86 66 -1
86 72 -1
86 74 -1
86 75 1
86 77 -1
86 79 -1
86 81 -1
86 82 -1
86 84 -1
86 87 -1
86 96 -1
86 110 -1
86 112 1
86 116 1
86 118 -1
86 119 -1
86 125 -1
86 126 1
86 132 -1
86 138 -1
86 139 -1
86 140 -1
86 143 1
86 145 -1
86 152 -1
86 159 -1
86 162 -1
86 164 -1
86 165 -1
86 167 -1
87 3 -1
87 5 -1
87 6 -1
87 15 -1
87 20 -1
87 22 -1
87 24 -1
87 25 -1
87 35 1
87 36 -1
87 38 1
87 45 -1
87 50 -1
87 53 -1
87 65 -1
87 67 -1
87 70 -1
87 76 -1
87 78 -1
87 83 -1
87 85 -1
87 89 -1
87 91 -1
87 93 -1
87 100 -1
87 105 -1
87 109 1
87 120 1
87 121 1
87 123 1
87 124 -1
87 125 -1
87 130 -1
87 135 -1
87 136 -1
87 147 -1
87 151 1
87 159 -1
87 161 1
87 165 -1
87 167 1
87 169 -1
88 1 1
88 8 1
88 10 1
88 12 -1
88 15 -1
88 24 -1
88 25 -1
88 27 -1
88 29 -1
88 32 -1
88 38 -1
88 40 1
88 43 -1
88 45 -1
88 47 -1
88 48 -1
88 49 -1
88 52 -1
88 56 -1
88 62 -1
88 78 -1
88 99 1
88 108 -1
88 112 -1
88 115 -1
88 120 -1
88 122 -1
88 126 1
88 129 1
88 133 -1
88 138 -1
88 141 1
88 142 -1
88 158 -1
88 160 -1
88 161 -1
88 162 -1
88 163 -1
88 164 1
88 170 -1
89 4 -1
89 5 -1
89 14 -1
89 16 -1
89 17 1
89 19 -1
89 26 1
89 29 -1
89 34 -1
89 35 -1
89 39 1
89 41 1
89 53 -1
89 68 -1
89 69 -1
89 72 -1
89 73 -1
89 77 -1
89 80 -1
89 88 1
89 92 1
89 94 -1
89 98 -1
89 99 -1
89 108 -1
89 114 1
89 118 -1
89 122 1
89 125 1
89 127 -1
89 129 1
89 150 -1
89 152 -1
89 154 -1
90 2 -1
90 4 -1
90 13 -1
90 14 -1
90 17 -1
90 19 1
90 22 1
90 24 -1
90 33 -1
90 36 -1
90 37 -1
90 39 -1
90 40 -1
90 46 -1
90 49 -1
90 50 -1
90 52 1
90 55 -1
90 68 1
90 73 1
90 74 -1
90 79 -1
90 85 -1
90 86 -1
90 87 -1
90 88 -1
90 91 -1
90 96 -1
90 107 1
90 108 -1
90 116 1
90 121 -1
90 122 -1
90 123 -1
90 128 -1
90 129 -1
90 131 -1
90 143 -1
90 146 -1
90 149 -1
90 150 -1
90 154 -1
90 155 -1
90 161 -1
90 166 -1
91 1 -1
91 2 -1
91 6 -1
91 8 -1
91 26 -1
91 36 -1
91 39 -1
91 40 1
91 43 -1
91 45 -1
91 51 1
91 52 -1
91 56 -1
91 57 1
91 58 -1
91 59 -1
91 64 -1
91 71 -1
91 72 -1
91 75 -1
91 77 -1
91 79 -1
91 81 -1
91 83 -1
91 85 1
91 96 -1
91 103 1
91 106 1
91 108 1
91 113 -1
91 114 1
91 115 1
91 119 -1
91 121 -1
91 122 -1
91 123 -1
91 125 -1
91 129 -1
91 130 -1
91 131 -1
91 132 -1
91 135 -1
91 136 -1
91 141 -1
91 142 1
91 158 -1
91 161 1
91 162 -1
92 2 -1
92 15 1
92 16 1
92 17 -1
92 18 -1
92 28 1
92 30 1
92 34 1
92 35 -1
92 41 -1
92 49 1
92 51 -1
92 56 -1
92 60 -1
92 62 -1
92 65 -1
92 71 -1
92 79 -1
92 100 -1
92 106 -1
92 107 1
92 112 -1
92 118 -1
92 123 -1
92 126 -1
92 127 -1
92 131 -1
92 132 1
92 135 -1
92 137 -1
92 138 -1
92 144 -1
92 152 -1
92 154 -1
92 160 -1
92 163 -1
92 165 -1
92 166 -1
92 170 -1
93 6 1
93 7 1
93 9 -1
93 15 -1
93 17 1
93 20 1
93 26 -1
93 27 -1
93 35 -1
93 37 -1
93 40 -1
93 55 -1
93 57 -1
93 66 -1
93 69 -1
93 80 1
93 84 -1
93 91 -1
93 92 -1
93 95 -1
93 101 -1
93 109 -1
93 115 -1
93 135 1
93 139 -1
93 146 -1
93 150 1
93 159 -1
93 163 -1
93 165 -1
93 166 -1
93 167 1
93 168 1
93 170 -1
94 5 -1
94 6 -1
94 12 -1
94 13 -1
94 15 1
94 16 1
94 22 -1
94 33 -1
94 34 -1
94 39 -1
94 43 -1
94 45 -1
94 50 -1
94 51 -1
94 54 -1
94 57 -1
94 58 -1
94 67 1
94 68 1
94 75 -1
94 78 -1
94 83 -1
94 86 -1
94 88 1
94 95 -1
94 104 1
94 106 1
94 108 1
94 110 -1
94 112 -1
94 113 1
94 123 -1
94 139 -1
94 140 -1
94 141 -1
94 142 -1
94 147 -1
94 149 -1
94 151 -1
94 154 -1
94 156 -1
94 164 -1
95 5 -1
95 6 -1
95 12 -1
95 14 -1
95 18 -1
95 25 1
95 29 -1
95 33 1
95 34 -1
95 38 -1
95 45 -1
95 46 -1
95 49 -1
95 53 -1
95 57 -1
95 62 -1
95 67 -1
95 74 -1
95 92 1
95 99 -1
95 102 1
95 104 1
95 106 -1
95 111 1
95 113 -1
95 128 -1
95 129 1
95 131 -1
95 132 -1
95 134 -1
95 135 -1
95 144 -1
95 145 -1
95 150 -1
95 163 -1
95 166 -1
96 1 -1
96 4 -1
96 12 -1
96 17 -1
96 25 -1
96 28 -1
96 29 -1
96 39 -1
96 47 1
96 48 -1
96 57 -1
96 61 -1
96 64 -1
96 73 -1
96 76 -1
96 78 -1
96 85 -1
96 87 -1
96 88 -1
96 89 -1
96 94 -1
96 98 -1
96 99 -1
96 103 -1
96 108 -1
96 112 -1
96 117 -1
96 119 -1
96 121 1
96 123 -1
96 137 -1
96 140 -1
96 146 -1
96 153 -1
96 159 -1
96 160 1
96 166 -1
96 168 -1
97 3 -1
97 6 -1
97 9 -1
97 10 -1
97 11 -1
97 12 -1
97 16 -1
97 23 -1
97 30 -1
97 31 -1
97 34 1
97 45 -1
97 46 -1
97 49 -1
97 50 -1
97 51 -1
97 52 -1
97 53 -1
97 56 -1
97 60 -1
97 72 -1
97 82 -1
97 83 1
97 85 -1
97 88 -1
97 90 1
97 91 -1
97 92 -1
97 98 -1
97 99 -1
97 100 1
97 109 -1
97 111 1
97 114 -1
97 118 -1
97 121 1
97 122 -1
97 140 -1
97 145 -1
97 147 1
97 149 -1
97 153 -1
97 157 -1
97 159 -1
97 160 -1
97 166 1
97 167 -1
98 6 1
98 7 -1
98 10 -1
98 12 -1
98 14 -1
98 22 -1
98 24 -1
98 44 -1
98 45 1
98 46 -1
98 51 -1
98 52 -1
98 55 -1
98 60 -1
98 71 -1
98 83 -1
98 84 1
98 94 -1
98 100 -1
98 101 -1
98 109 -1
98 113 -1
98 122 -1
98 123 -1
98 125 -1
98 130 -1
98 132 -1
98 135 -1
98 138 1
98 142 1
98 145 -1
98 146 -1
98 150 -1
98 157 -1
98 163 -1
98 166 1
99 10 -1
99 14 -1
99 18 -1
99 19 -1
99 22 -1
99 25 -1
99 28 -1
99 34 -1
99 36 -1
99 37 -1
99 38 -1
99 39 -1
99 44 1
99 45 -1
99 46 -1
99 47 -1
99 53 -1
99 56 -1
99 59 -1
99 64 1
99 67 -1
99 68 -1
99 75 1
99 77 1
99 78 -1
99 79 -1
99 80 -1
99 94 -1
99 98 -1
99 107 1
99 108 -1
99 109 -1
99 113 -1
99 115 -1
99 116 -1
99 122 -1
99 124 -1
99 126 -1
99 129 1
99 130 -1
99 133 -1
99 136 -1
99 137 -1
99 149 1
99 160 -1
99 163 -1
99 165 1
99 167 -1
99 168 -1
100 7 -1
100 10 -1
100 16 1
100 23 1
100 26 1
100 31 1
100 34 1
100 38 -1
100 40 -1
100 41 1
100 53 -1
100 54 -1
100 57 -1
100 62 -1
100 64 1
100 66 -1
100 76 1
100 86 -1
100 91 -1
100 93 -1
100 104 -1
100 107 1
100 113 -1
100 123 -1
100 124 1
100 127 1
100 130 -1
100 134 -1
100 135 -1
100 140 -1
100 142 1
100 146 1
100 150 -1
100 152 1
100 153 -1
100 154 -1
100 157 -1
100 158 1
100 164 -1
101 2 -1
101 7 -1
101 8 -1
101 9 -1
101 12 -1
101 20 1
101 22 -1
101 23 -1
101 28 -1
101 29 -1
101 30 -1
101 31 -1
101 47 -1
101 48 -1
101 52 -1
101 59 1
101 61 -1
101 62 -1
101 64 -1
101 72 -1
101 73 -1
101 75 1
101 81 1
101 87 1
101 88 -1
101 89 1
101 94 -1
101 95 -1
101 97 -1
101 107 -1
101 115 -1
101 124 -1
101 141 -1
101 142 1
101 144 -1
101 145 1
101 150 -1
101 163 1
101 166 -1
102 2 -1
102 5 -1
102 6 -1
102 17 -1
102 30 -1
102 32 -1
102 33 -1
102 34 -1
102 51 -1
102 52 1
102 65 -1
102 67 -1
102 69 -1
102 72 1
102 75 1
102 82 -1
102 93 -1
102 96 -1
102 98 -1
102 100 1
102 101 -1
102 103 -1
102 105 -1
102 107 1
102 110 1
102 112 1
102 114 1
102 120 -1
102 121 -1
102 124 -1
102 125 -1
102 131 -1
102 133 -1
102 136 -1
102 137 -1
102 141 -1
102 148 -1
102 151 1
102 152 -1
102 167 -1
102 168 -1
103 12 1
103 16 -1
103 17 -1
103 20 -1
103 21 -1
103 36 -1
103 39 -1
103 45 -1
103 47 -1
103 48 -1
103 49 -1
103 51 -1
103 53 1
103 54 -1
103 56 -1
103 63 1
103 70 -1
103 76 -1
103 77 -1
103 78 1
103 79 -1
103 80 -1
103 81 -1
103 84 1
103 87 -1
103 95 -1
103 97 -1
103 100 -1
103 101 -1
103 106 -1
103 112 -1
103 113 -1
103 115 -1
103 124 -1
103 125 -1
103 126 -1
103 128 -1
103 140 -1
103 142 1
103 153 -1
103 157 -1
103 160 -1
103 161 -1
103 166 -1
103 167 -1
104 1 -1
104 5 -1
104 9 -1
104 14 -1
104 18 -1
104 22 -1
104 23 -1
104 25 -1
104 26 -1
104 28 1
104 33 1
104 34 -1
104 39 -1
104 42 -1
104 43 -1
104 45 -1
104 51 -1
104 53 1
104 58 -1
104 59 -1
104 62 -1
104 67 -1
104 71 -1
104 78 -1
104 79 -1
104 81 -1
104 83 -1
104 86 -1
104 88 -1
104 92 -1
104 97 -1
104 102 1
104 108 -1
104 114 -1
104 121 -1
104 123 -1
104 124 -1
104 128 1
104 131 -1
104 133 -1
104 135 -1
104 138 -1
104 142 -1
104 144 -1
104 150 1
104 152 -1
104 157 -1
104 162 -1
104 164 -1
104 166 -1
104 167 -1
104 170 -1
105 3 -1
105 9 -1
105 17 -1
105 18 -1
105 24 -1
105 26 1
105 28 1
105 38 1
105 39 1
105 49 -1
105 52 1
105 67 -1
105 71 -1
105 75 1
105 78 1
105 79 -1
105 91 -1
105 96 -1
105 98 -1
105 123 1
105 130 1
105 132 1
105 135 -1
105 142 -1
105 152 -1
105 153 -1
105 154 -1
105 163 1
105 165 1
105 166 1
105 168 -1
105 169 1
106 4 -1
106 7 -1
106 12 -1
106 17 -1
106 32 -1
106 36 1
106 37 1
106 43 -1
106 44 -1
106 49 1
106 53 -1
106 57 -1
106 63 -1
106 64 -1
106 67 -1
106 69 -1
106 71 1
106 73 -1
106 75 -1
106 77 1
106 82 -1
106 90 -1
106 98 -1
106 100 -1
106 101 1
106 102 1
106 115 1
106 121 -1
106 131 -1
106 133 -1
106 136 1
106 137 -1
106 139 -1
106 143 -1
106 150 -1
106 153 1
106 154 -1
106 160 1
106 164 1
106 166 1
107 1 1
107 2 -1
107 11 -1
107 32 -1
107 33 -1
107 35 1
107 39 -1
107 41 -1
107 44 -1
107 49 1
107 52 -1
107 53 -1
107 55 -1
107 60 1
107 62 1
107 66 -1
107 69 -1
107 70 -1
107 93 1
107 94 -1
107 96 -1
107 98 -1
107 103 -1
107 108 -1
107 113 1
107 115 1
107 124 -1
107 125 -1
107 127 -1
107 135 -1
107 142 -1
107 160 -1
108 1 1
108 3 -1
108 5 -1
108 20 -1
108 23 -1
108 24 -1
108 27 -1
108 32 -1
108 33 -1
108 36 -1
108 40 -1
108 43 -1
108 44 -1
108 53 -1
108 55 -1
108 61 -1
108 64 -1
108 68 -1
108 70 -1
108 73 -1
108 93 -1
108 95 -1
108 97 -1
108 98 -1
108 101 -1
108 109 -1
108 116 1
108 117 -1
108 119 -1
108 123 -1
108 130 -1
108 134 -1
108 139 1
108 141 -1
108 144 -1
108 150 1
108 154 -1
108 157 -1
108 159 -1
108 162 -1
108 164 -1
108 169 -1
109 8 1
109 10 1
109 12 -1
109 15 1
109 18 -1
109 24 -1
109 25 -1
109 29 -1
109 30 1
109 37 -1
109 38 -1
109 51 -1
109 55 -1
109 58 -1
109 59 -1
109 62 -1
109 66 1
109 85 1
109 90 -1
109 92 -1
109 101 -1
109 102 -1
109 104 -1
109 106 -1
109 110 -1
109 113 -1
109 115 1
109 119 -1
109 123 -1
109 125 -1
109 127 -1
109 130 -1
109 135 -1
109 145 -1
109 146 1
109 147 -1
109 153 -1
109 156 1
109 160 -1
109 163 -1
109 170 -1
110 6 -1
110 11 -1
110 13 -1
110 15 -1
110 17 1
110 24 -1
110 25 -1
110 26 -1
110 30 -1
110 34 1
110 47 1
110 50 -1
110 57 -1
110 58 -1
110 60 -1
110 75 -1
110 84 -1
110 93 -1
110 95 -1
110 96 -1
110 98 -1
110 99 -1
110 107 -1
110 108 -1
110 111 -1
110 112 -1
110 114 -1
110 123 -1
110 124 -1
110 129 -1
110 131 -1
110 138 -1
110 154 -1
110 156 -1
110 158 -1
111 5 -1
111 7 -1
111 16 -1
111 24 -1
111 32 1
111 35 -1
111 44 -1
111 51 -1
111 62 1
111 63 -1
111 64 -1
111 67 -1
111 70 1
111 71 -1
111 74 -1
111 77 1
111 79 -1
111 80 -1
111 82 -1
111 86 -1
111 87 -1
111 88 -1
111 92 -1
111 93 -1
111 96 -1
111 98 -1
111 99 -1
111 100 -1
111 104 -1
111 108 -1
111 112 -1
111 113 -1
111 116 -1
111 117 -1
111 132 -1
111 149 -1
111 154 -1
111 159 -1
111 160 1
111 162 -1
111 166 -1
112 2 1
112 3 -1
112 10 -1
112 15 -1
112 18 -1
112 21 -1
112 26 -1
112 36 1
112 37 -1
112 39 -1
112 43 -1
112 51 -1
112 56 1
112 61 -1
112 62 1
112 63 1
112 70 -1
112 72 -1
112 78 -1
112 81 -1
112 91 1
112 97 1
112 104 -1
112 107 -1
112 108 -1
112 109 -1
112 115 -1
112 116 -1
112 118 -1
112 119 -1
112 122 1
112 123 1
112 128 -1
112 129 -1
112 132 1
112 135 -1
112 136 1
112 137 -1
112 140 -1
112 141 -1
112 145 -1
112 147 -1
112 149 -1
112 150 1
112 161 -1
113 2 -1
113 3 -1
113 6 -1
113 9 1
113 12 1
113 14 -1
113 16 -1
113 18 1
113 19 1
113 20 -1
113 28 -1
113 38 -1
113 39 -1
113 41 1
113 47 -1
113 50 -1
113 54 -1
113 56 1
113 59 -1
113 68 -1
113 69 1
113 70 1
113 72 -1
113 84 -1
113 85 -1
113 86 -1
113 87 -1
113 92 -1
113 102 -1
113 104 -1
113 105 1
113 106 -1
113 115 -1
113 120 -1
113 122 1
113 124 -1
113 130 -1
113 132 -1
113 139 -1
113 140 -1
113 141 -1
113 142 -1
113 145 -1
113 149 -1
113 154 -1
113 158 -1
113 160 1
113 164 -1
113 167 -1
114 3 -1
114 5 -1
114 10 -1
114 12 -1
114 13 -1
114 14 -1
114 15 -1
114 16 1
114 23 -1
114 24 -1
114 28 -1
114 33 -1
114 38 1
114 39 -1
114 41 -1
114 47 -1
114 49 -1
114 50 -1
114 51 -1
114 53 -1
114 55 1
114 56 -1
114 61 -1
114 62 -1
114 64 -1
114 68 -1
114 69 1
114 70 1
114 74 -1
114 85 1
114 95 -1
114 96 1
114 100 -1
114 101 -1
114 103 1
114 105 -1
114 107 -1
114 109 -1
114 111 1
114 112 -1
114 118 -1
114 128 1
114 134 -1
114 139 -1
114 141 1
114 147 -1
114 148 -1
114 157 -1
114 166 -1
114 168 -1
115 6 -1
115 13 -1
115 19 1
115 41 -1
115 42 -1
115 45 -1
115 50 -1
115 54 -1
115 58 1
115 66 1
115 69 1
115 71 -1
115 74 -1
115 80 1
115 81 -1
115 84 -1
115 85 1
115 87 1
115 89 -1
115 92 -1
115 95 -1
115 96 -1
115 97 -1
115 102 -1
115 105 1
115 111 -1
115 117 -1
115 120 1
115 127 -1
115 128 -1
115 129 -1
115 131 -1
115 132 -1
115 133 -1
115 139 1
115 142 -1
115 145 -1
115 153 1
115 159 -1
115 160 1
115 161 1
115 163 1
116 9 -1
116 20 1
116 24 -1
116 27 -1
116 32 -1
116 38 -1
116 42 -1
116 44 -1
116 46 -1
116 49 -1
116 55 1
116 58 1
116 62 -1
116 63 -1
116 65 -1
116 72 -1
116 78 -1
116 82 -1
116 87 -1
116 89 -1
116 92 1
116 93 -1
116 94 -1
116 95 1
116 104 -1
116 110 -1
116 113 -1
116 114 -1
116 115 1
116 118 -1
116 121 1
116 128 1
116 130 -1
116 136 -1
116 137 -1
116 141 1
116 150 -1
116 158 -1
116 163 1
116 166 -1
116 168 1
116 169 -1
117 1 -1
117 2 1
117 3 -1
117 4 1
117 11 -1
117 14 -1
117 18 -1
117 26 -1
117 30 -1
117 33 -1
117 34 -1
117 39 -1
117 40 -1
117 42 -1
117 51 -1
117 57 -1
117 58 -1
117 64 -1
117 73 -1
117 74 1
117 77 -1
117 82 -1
117 84 1
117 86 -1
117 93 -1
117 95 -1
117 99 -1
117 102 1
117 105 -1
117 106 -1
117 109 -1
117 112 -1
117 114 -1
117 123 -1
117 126 -1
117 129 1
117 134 -1
117 146 -1
117 167 -1
117 170 -1
118 3 -1
118 6 -1
118 14 -1
118 18 -1
118 20 -1
118 21 -1
118 22 1
118 29 -1
118 30 -1
118 31 1
118 37 -1
118 41 -1
118 42 -1
118 52 -1
118 57 1
118 63 -1
118 67 -1
118 68 -1
118 70 -1
118 76 -1
118 77 -1
118 78 -1
118 83 -1
118 90 -1
118 91 -1
118 93 -1
118 95 -1
118 103 -1
118 108 -1
118 111 -1
118 119 -1
118 120 -1
118 122 -1
118 123 -1
118 124 -1
118 125 -1
118 129 -1
118 134 -1
118 138 -1
118 141 -1
118 150 -1
118 151 -1
118 161 1
118 165 -1
118 168 -1
118 169 -1
119 2 1
119 4 -1
119 8 -1
119 25 -1
119 32 -1
119 36 -1
119 38 1
119 40 -1
119 44 -1
119 47 -1
119 48 -1
119 57 -1
119 66 -1
119 77 -1
119 92 -1
119 93 -1
119 99 -1
119 100 -1
119 107 -1
119 111 -1
119 113 -1
119 114 -1
119 120 -1
119 127 -1
119 136 -1
119 140 -1
119 141 -1
119 144 -1
119 151 1
119 154 -1
119 156 -1
119 164 -1
119 166 -1
119 170 1
120 3 1
120 4 -1
120 8 -1
120 12 -1
120 15 -1
120 23 -1
120 24 -1
120 30 1
120 34 -1
120 35 1
120 41 -1
120 42 1
120 43 -1
120 44 -1
120 51 -1
120 53 -1
120 56 1
120 57 -1
120 66 -1
120 67 -1
120 72 -1
120 73 -1
120 78 -1
120 84 -1
120 85 -1
120 86 1
120 89 -1
120 90 -1
120 91 -1
120 93 -1
120 97 -1
120 98 1
120 100 -1
120 103 -1
120 107 -1
120 111 -1
120 114 -1
120 116 1
120 122 1
120 134 -1
120 135 1
120 138 1
120 139 1
120 143 -1
120 145 -1
120 158 -1
120 166 1
120 168 -1
120 169 -1
120 170 -1
121 2 1
121 3 -1
121 4 -1
121 5 -1
121 7 1
121 10 -1
121 12 -1
121 13 -1
121 18 -1
121 21 -1
121 22 -1
121 28 -1
121 29 -1
121 32 1
121 41 -1
121 44 -1
121 51 -1
121 53 -1
121 61 -1
121 62 1
121 65 -1
121 67 -1
121 81 -1
121 86 -1
121 88 -1
121 89 1
121 93 1
121 98 -1
121 105 -1
121 107 1
121 113 -1
121 114 -1
121 123 -1
121 124 -1
121 132 -1
121 133 -1
121 138 1
121 139 1
121 143 1
121 147 1
121 148 -1
121 150 -1
121 159 -1
121 160 -1
121 163 -1
121 167 -1
121 170 -1
122 7 -1
122 15 -1
122 17 -1
122 18 -1
122 27 -1
122 30 -1
122 36 -1
122 37 -1
122 39 -1
122 40 -1
122 41 -1
122 42 -1
122 48 1
122 50 1
122 52 -1
122 55 -1
122 58 -1
122 61 -1
122 68 -1
122 69 -1
122 74 -1
122 79 -1
122 80 -1
122 92 -1
122 94 1
122 108 1
122 109 -1
122 115 -1
122 117 1
122 124 -1
122 138 -1
122 143 -1
122 145 1
122 148 -1
122 155 -1
122 157 1
122 159 -1
122 165 -1
122 169 -1
123 3 1
123 6 -1
123 14 -1
123 22 -1
123 28 -1
123 33 -1
123 39 -1
123 46 1
123 61 -1
123 65 -1
123 66 -1
123 73 -1
123 76 -1
123 77 -1
123 79 -1
123 83 1
123 86 1
123 88 1
123 97 -1
123 99 -1
123 102 -1
123 107 -1
123 114 -1
123 120 -1
123 122 -1
123 133 1
123 134 1
123 135 -1
123 138 1
123 141 1
123 142 -1
123 150 -1
123 151 -1
123 152 -1
123 153 -1
123 156 -1
123 157 -1
123 159 -1
123 160 -1
123 165 -1
123 169 -1
123 170 -1
124 4 -1
124 5 1
124 8 -1
124 9 -1
124 10 -1
124 14 -1
124 24 -1
124 28 1
124 33 -1
124 37 -1
124 38 1
124 52 -1
124 57 -1
124 58 1
124 62 1
124 63 -1
124 70 -1
124 72 -1
124 75 -1
124 83 -1
124 86 -1
124 91 -1
124 96 -1
124 98 -1
124 105 1
124 106 -1
124 114 -1
124 117 -1
124 130 -1
124 132 -1
124 135 -1
124 144 -1
124 145 -1
124 155 -1
124 158 -1
124 162 -1
124 164 -1
124 170 -1
125 3 -1
125 5 -1
125 8 -1
125 15 1
125 23 -1
125 24 -1
125 28 -1
125 30 -1
125 37 -1
125 39 1
125 45 -1
125 51 -1
125 52 -1
125 53 -1
125 54 -1
125 57 -1
125 61 1
125 63 -1
125 64 -1
125 65 1
125 66 -1
125 70 -1
125 71 1
125 75 -1
125 76 1
125 79 -1
125 81 -1
125 82 1
125 93 -1
125 99 -1
125 104 -1
125 105 -1
125 108 -1
125 111 -1
125 115 -1
125 122 -1
125 124 -1
125 127 -1
125 128 1
125 129 -1
125 130 1
125 133 -1
125 137 -1
125 142 -1
125 144 -1
125 145 1
125 146 -1
125 148 -1
125 150 -1
125 153 1
125 155 -1
125 157 -1
125 161 -1
125 167 -1
125 169 -1
125 170 1
126 2 -1
126 8 -1
126 10 -1
126 16 1
126 17 -1
126 26 -1
126 27 1
126 28 -1
126 31 -1
126 36 1
126 44 -1
126 49 -1
126 50 -1
126 51 1
126 52 -1
126 55 -1
126 58 -1
126 60 -1
126 65 -1
126 70 -1
126 73 -1
126 74 -1
126 77 1
126 80 1
126 82 1
126 85 -1
126 94 -1
126 96 1
126 97 -1
126 98 -1
126 100 -1
126 104 1
126 105 -1
126 106 -1
126 108 -1
126 112 -1
126 115 -1
126 116 1
126 124 1
126 129 -1
126 133 -1
126 145 1
126 153 -1
126 157 1
126 158 -1
126 167 1
126 170 -1
127 2 -1
127 5 -1
127 7 -1
127 10 -1
127 11 -1
127 12 1
127 16 -1
127 17 -1
127 18 -1
127 24 1
127 28 -1
127 38 -1
127 40 1
127 42 -1
127 45 -1
127 51 -1
127 56 -1
127 61 -1
127 62 1
127 71 -1
127 80 -1
127 83 -1
127 85 1
127 86 -1
127 90 1
127 91 -1
127 94 -1
127 96 -1
127 113 -1
127 117 -1
127 118 -1
127 121 1
127 122 1
127 124 -1
127 126 -1
127 128 -1
127 131 -1
127 137 1
127 139 -1
127 141 1
127 142 1
127 144 -1
127 152 -1
127 157 -1
127 161 -1
127 164 -1
128 7 1
128 9 1
128 13 -1
128 15 -1
128 20 -1
128 25 -1
128 26 1
128 27 -1
128 34 -1
128 38 -1
128 40 -1
128 47 -1
128 48 1
128 55 1
128 66 -1
128 67 1
128 68 -1
128 71 1
128 74 -1
128 80 -1
128 84 -1
128 89 -1
128 92 -1
128 98 -1
128 106 -1
128 109 -1
128 110 -1
128 111 -1
128 113 -1
128 121 -1
128 123 -1
128 124 1
128 138 -1
128 140 -1
128 141 1
128 151 -1
128 153 -1
128 154 -1
128 155 -1
128 158 -1
128 162 1
128 169 1
129 4 1
129 8 1
129 14 1
129 16 -1
129 17 -1
129 19 -1
129 26 -1
129 28 -1
129 29 -1
129 30 -1
129 35 1
129 39 -1
129 45 -1
129 46 -1
129 49 -1
129 55 -1
129 57 -1
129 62 -1
129 67 -1
129 73 -1
129 74 -1
129 79 -1
129 82 -1
129 83 1
129 84 1
129 85 -1
129 86 -1
129 92 -1
129 97 -1
129 100 -1
129 105 -1
129 106 -1
129 107 1
129 108 -1
129 116 -1
129 119 -1
129 121 -1
129 131 -1
129 135 1
129 137 -1
129 139 -1
129 142 1
129 144 -1
129 149 1
129 151 -1
129 165 -1
129 167 -1
130 2 -1
130 7 -1
130 14 -1
130 15 -1
130 18 -1
130 19 -1
130 23 -1
130 27 -1
130 33 -1
130 39 -1
130 41 -1
130 56 1
130 68 -1
130 78 -1
130 83 -1
130 89 -1
130 92 -1
130 101 1
130 104 -1
130 107 1
130 117 -1
130 132 -1
130 134 -1
130 142 1
130 144 -1
130 148 -1
130 150 -1
130 152 -1
130 154 -1
130 157 -1
130 163 1
130 166 -1
131 4 -1
131 5 -1
131 8 -1
131 11 -1
131 14 -1
131 16 -1
131 17 1
131 18 -1
131 29 -1
131 59 -1
131 63 -1
131 68 -1
131 70 -1
131 76 -1
131 86 -1
131 87 -1
131 99 -1
131 100 1
131 112 -1
131 116 -1
131 124 1
131 133 -1
131 134 -1
131 135 -1
131 142 -1
131 148 -1
131 151 -1
131 154 -1
131 159 -1
131 167 -1
131 168 -1
132 1 -1
132 3 1
132 15 1
132 23 -1
132 25 1
132 26 -1
132 36 -1
132 39 1
132 44 -1
132 50 -1
132 53 1
132 59 -1
132 61 -1
132 65 -1
132 66 -1
132 67 -1
132 69 -1
132 71 1
132 73 -1
132 77 -1
132 81 -1
132 83 -1
132 84 -1
132 87 1
132 89 1
132 100 -1
132 101 1
132 102 -1
132 103 -1
132 110 -1
132 118 -1
132 120 -1
132 123 -1
132 125 -1
132 127 -1
132 131 -1
132 142 -1
132 144 -1
132 146 -1
132 150 -1
132 158 -1
132 164 1
132 165 -1
133 3 -1
133 6 -1
133 9 -1
133 15 -1
133 21 -1
133 24 1
133 28 -1
133 32 -1
133 35 1
133 42 -1
133 44 -1
133 45 1
133 51 -1
133 52 -1
133 63 1
133 65 -1
133 70 -1
133 71 -1
133 77 -1
133 85 -1
133 86 -1
133 87 1
133 92 -1
133 96 1
133 101 -1
133 107 -1
133 108 -1
133 111 -1
133 116 -1
133 117 -1
133 120 -1
133 127 1
133 130 -1
133 134 1
133 146 -1
133 152 1
133 154 -1
133 156 1
133 167 -1
133 168 -1
134 5 -1
134 8 -1
134 11 -1
134 14 -1
134 15 -1
134 28 -1
134 30 1
134 31 1
134 32 -1
134 34 -1
134 38 1
134 44 -1
134 53 -1
134 60 -1
134 61 -1
134 64 -1
134 70 -1
134 74 -1
134 80 1
134 81 -1
134 84 -1
134 85 -1
134 86 -1
134 90 -1
134 93 1
134 98 -1
134 103 -1
134 111 -1
134 112 -1
134 113 1
134 115 -1
134 127 -1
134 136 1
134 137 1
134 146 -1
134 154 -1
134 157 -1
134 164 -1
134 165 -1
134 168 -1
134 169 -1
135 1 -1
135 2 -1
135 5 1
135 14 -1
135 17 1
135 25 -1
135 26 -1
135 27 -1
135 29 1
135 31 1
135 33 1
135 38 -1
135 39 -1
135 41 -1
135 42 -1
135 45 -1
135 53 -1
135 58 -1
135 59 -1
135 63 -1
135 71 -1
135 74 -1
135 80 -1
135 86 -1
135 89 1
135 94 1
135 97 1
135 103 -1
135 108 -1
135 116 1
135 121 1
135 125 1
135 130 -1
135 133 1
135 137 -1
135 143 -1
135 149 -1
135 155 -1
135 156 -1
135 157 -1
135 159 -1
135 160 -1
135 162 -1
135 165 -1
136 2 1
136 3 -1
136 5 -1
136 10 -1
136 12 -1
136 16 -1
136 18 -1
136 21 -1
136 33 -1
136 34 -1
136 36 -1
136 37 -1
136 43 1
136 45 -1
136 48 1
136 49 -1
136 50 -1
136 51 -1
136 67 -1
136 75 -1
136 76 -1
136 79 -1
136 80 1
136 84 -1
136 88 -1
136 90 -1
136 94 -1
136 95 -1
136 100 -1
136 107 -1
136 109 -1
136 114 -1
136 120 -1
136 126 -1
136 129 -1
136 131 -1
136 138 1
136 140 -1
136 141 -1
136 143 -1
136 155 -1
136 159 1
136 161 1
136 163 1
137 1 -1
137 7 -1
137 8 -1
137 10 -1
137 12 -1
137 14 1
137 24 -1
137 26 -1
137 29 -1
137 34 1
137 35 -1
137 38 -1
137 42 -1
137 44 -1
137 45 -1
137 48 1
137 51 -1
137 54 -1
137 62 -1
137 68 1
137 69 -1
137 71 -1
137 72 -1
137 76 -1
137 77 -1
137 78 -1
137 81 -1
137 82 -1
137 111 -1
137 113 -1
137 115 -1
137 118 -1
137 119 -1
137 121 1
137 126 -1
137 128 -1
137 130 1
137 133 -1
137 136 -1
137 151 -1
137 157 -1
137 160 1
137 161 1
137 164 1
137 167 -1
137 170 1
138 2 -1
138 3 -1
138 7 -1
138 12 -1
138 18 -1
138 23 -1
138 24 -1
138 32 -1
138 42 1
138 43 -1
138 57 -1
138 58 1
138 60 1
138 62 -1
138 64 -1
138 70 -1
138 74 -1
138 75 -1
138 76 -1
138 77 -1
138 84 -1
138 85 -1
138 94 -1
138 95 -1
138 99 1
138 103 1
138 107 1
138 114 -1
138 115 -1
138 117 -1
138 124 -1
138 129 -1
138 135 1
138 137 -1
138 140 -1
138 145 -1
138 157 -1
138 163 -1
138 165 -1
138 167 -1
138 168 -1
138 169 -1
139 2 -1
139 8 -1
139 12 -1
139 15 -1
139 16 -1
139 17 -1
139 25 -1
139 26 -1
139 28 -1
139 33 -1
139 39 -1
139 47 1
139 58 -1
139 59 -1
139 62 -1
139 66 -1
139 73 -1
139 83 -1
139 98 -1
139 101 1
139 102 -1
139 109 -1
139 116 -1
139 119 1
139 122 -1
139 126 -1
139 128 1
139 130 -1
139 133 -1
139 136 -1
139 138 -1
139 143 -1
139 145 1
139 146 -1
139 150 -1
139 151 -1
139 159 -1
139 160 -1
139 165 1
140 5 1
140 16 -1
140 18 -1
140 21 1
140 25 -1
140 28 -1
140 29 1
140 30 -1
140 32 -1
140 45 -1
140 52 -1
140 54 -1
140 62 1
140 65 -1
140 66 -1
140 67 -1
140 71 -1
140 72 -1
140 78 1
140 80 -1
140 81 -1
140 83 -1
140 85 -1
140 87 1
140 91 -1
140 93 -1
140 105 -1
140 106 -1
140 110 1
140 116 1
140 120 1
140 127 -1
140 129 -1
140 130 -1
140 134 -1
140 137 -1
140 143 1
140 149 -1
140 151 -1
140 160 1
140 162 1
140 165 1
140 166 -1
140 170 -1
141 10 1
141 11 -1
141 17 -1
141 25 1
141 27 -1
141 45 -1
141 54 -1
141 56 -1
141 61 -1
141 63 -1
141 64 -1
141 74 -1
141 75 -1
141 76 1
141 77 -1
141 80 -1
141 82 -1
141 87 1
141 93 -1
141 98 1
141 100 -1
141 104 1
141 106 -1
141 107 -1
141 110 -1
141 124 -1
141 130 -1
141 131 1
141 133 -1
141 134 -1
141 135 -1
141 146 -1
141 148 -1
141 153 -1
141 156 -1
141 157 -1
141 158 1
141 163 -1
141 168 -1
141 169 -1
142 18 -1
142 26 1
142 37 -1
142 42 -1
142 44 -1
142 47 -1
142 49 -1
142 50 -1
142 56 -1
142 60 1
142 62 1
142 63 -1
142 71 -1
142 76 -1
142 78 -1
142 80 -1
142 82 -1
142 84 -1
142 87 -1
142 89 -1
142 92 -1
142 93 -1
142 102 -1
142 108 -1
142 109 -1
142 111 -1
142 117 -1
142 118 -1
142 122 -1
142 140 -1
142 143 -1
142 144 -1
142 149 1
142 150 1
142 154 -1
142 162 -1
142 164 -1
142 166 -1
142 168 -1
143 1 -1
143 3 -1
143 5 -1
143 16 -1
143 17 -1
143 18 -1
143 19 -1
143 23 -1
143 25 -1
143 35 1
143 40 -1
143 47 1
143 51 -1
143 53 -1
143 58 1
143 60 -1
143 63 -1
143 70 -1
143 74 -1
143 75 -1
143 83 -1
143 85 -1
143 88 -1
143 89 -1
143 92 -1
143 95 -1
143 97 -1
143 100 -1
143 102 -1
143 105 1
143 109 -1
143 115 -1
143 124 -1
143 126 -1
143 132 -1
143 138 -1
143 147 -1
143 148 -1
143 149 -1
143 152 -1
143 153 -1
143 163 1
143 168 -1
143 170 -1
144 5 -1
144 8 -1
144 10 -1
144 16 -1
144 18 -1
144 24 -1
144 34 -1
144 37 -1
144 46 1
144 50 1
144 55 -1
144 56 1
144 57 -1
144 58 -1
144 59 -1
144 62 -1
144 63 1
144 79 -1
144 80 -1
144 86 -1
144 93 -1
144 96 -1
144 105 1
144 115 1
144 116 -1
144 120 -1
144 123 -1
144 126 -1
144 128 -1
144 134 -1
144 135 -1
144 138 -1
144 153 -1
144 154 -1
144 155 -1
144 158 -1
144 160 -1
144 162 -1
144 166 -1
144 168 -1
144 169 -1
145 10 1
145 11 -1
145 13 -1
145 16 -1
145 19 1
145 22 1
145 23 -1
145 25 -1
145 26 -1
145 28 -1
145 34 -1
145 35 -1
145 36 -1
145 38 -1
145 41 -1
145 46 1
145 48 -1
145 49 -1
145 50 -1
145 53 -1
145 54 -1
145 57 -1
145 65 -1
145 71 -1
145 72 -1
145 78 -1
145 79 1
145 80 -1
145 85 -1
145 87 -1
145 89 -1
145 91 -1
145 92 -1
145 99 -1
145 106 -1
145 116 -1
145 123 -1
145 127 1
145 130 -1
145 132 -1
145 134 -1
145 141 -1
145 142 -1
145 143 -1
145 146 -1
145 147 1
145 148 -1
145 149 -1
145 154 -1
145 156 -1
145 157 -1
145 159 -1
145 160 -1
145 167 -1
145 168 1
145 170 -1
146 12 -1
146 13 -1
146 16 -1
146 25 -1
146 26 -1
146 31 1
146 33 -1
146 38 -1
146 41 -1
146 49 -1
146 56 -1
146 61 -1
146 62 -1
146 77 -1
146 81 -1
146 85 -1
146 97 -1
146 103 -1
146 104 -1
146 106 -1
146 107 -1
146 108 -1
146 116 1
146 122 -1
146 124 -1
146 136 -1
146 143 -1
146 147 -1
146 148 -1
146 149 -1
146 150 -1
146 152 -1
146 156 -1
146 158 1
146 163 -1
146 168 1
146 170 -1
147 1 -1
147 2 -1
147 8 -1
147 26 1
147 27 -1
147 29 -1
147 31 -1
147 36 1
147 38 -1
147 39 1
147 51 -1
147 64 1
147 66 -1
147 70 -1
147 71 -1
147 89 1
147 90 -1
147 92 -1
147 96 -1
147 105 -1
147 107 -1
147 110 -1
147 116 1
147 117 -1
147 123 -1
147 128 1
147 134 1
147 140 -1
147 144 -1
147 156 -1
147 159 1
147 160 -1
147 162 -1
147 164 -1
147 167 -1
147 168 1
147 170 -1
148 3 -1
148 6 -1
148 7 -1
148 9 1
148 11 -1
148 13 -1
148 15 -1
148 19 -1
148 25 -1
148 26 -1
148 30 -1
148 31 -1
148 38 -1
148 41 -1
148 50 -1
148 52 -1
148 55 -1
148 59 1
148 77 -1
148 87 -1
148 88 1
148 97 -1
148 99 -1
148 104 1
148 107 -1
148 113 1
148 119 -1
148 137 -1
148 138 1
148 142 1
148 151 -1
148 157 -1
148 158 -1
148 165 -1
148 167 -1
148 169 -1
148 170 -1
149 2 -1
149 3 1
149 14 -1
149 24 -1
149 32 1
149 37 -1
149 39 1
149 43 -1
149 47 -1
149 49 -1
149 57 -1
149 58 -1
149 68 -1
149 74 -1
149 77 -1
149 79 -1
149 81 -1
149 85 -1
149 86 1
149 87 -1
149 92 -1
149 93 -1
149 96 -1
149 98 -1
149 103 -1
149 104 -1
149 106 1
149 114 -1
149 115 -1
149 116 1
149 118 1
149 131 -1
149 132 -1
149 138 -1
149 144 -1
149 153 1
149 157 -1
149 159 -1
149 164 -1
149 167 -1
149 169 -1
150 4 -1
150 7 -1
150 12 -1
150 16 1
150 17 1
150 18 -1
150 23 1
150 35 -1
150 41 -1
150 42 -1
150 49 -1
150 50 -1
150 53 -1
150 56 -1
150 57 -1
150 62 -1
150 73 -1
150 81 -1
150 84 -1
150 103 -1
150 113 -1
150 114 -1
150 115 -1
150 117 -1
150 120 -1
150 122 1
150 127 -1
150 129 -1
150 133 -1
150 136 -1
150 140 -1
150 141 -1
150 144 -1
150 162 -1
150 163 -1
150 170 -1
151 3 -1
151 4 -1
151 11 1
151 16 -1
151 21 -1
151 22 -1
151 26 -1
151 30 1
151 32 -1
151 33 -1
151 40 -1
151 44 1
151 57 -1
151 61 -1
151 64 1
151 68 -1
151 75 1
151 79 -1
151 85 -1
151 89 -1
151 91 -1
151 92 -1
151 93 1
151 97 -1
151 100 -1
151 104 -1
151 109 -1
151 110 1
151 111 -1
151 113 -1
151 120 -1
151 125 -1
151 135 -1
151 138 1
151 143 1
151 149 -1
151 164 -1
151 165 -1
151 166 -1
151 167 -1
152 1 -1
152 2 -1
152 8 -1
152 13 -1
152 16 -1
152 17 -1
152 29 -1
152 32 1
152 37 1
152 38 -1
152 40 -1
152 48 -1
152 53 1
152 54 -1
152 57 -1
152 58 -1
152 59 -1
152 63 1
152 70 1
152 71 -1
152 73 -1
152 74 -1
152 77 1
152 82 -1
152 85 -1
152 87 1
152 91 -1
152 94 1
152 97 -1
152 99 -1
152 101 -1
152 111 -1
152 121 -1
152 122 -1
152 124 -1
152 126 -1
152 129 -1
152 131 -1
152 135 1
152 137 -1
152 138 -1
152 141 -1
152 145 -1
152 147 -1
152 153 -1
152 154 -1
152 155 1
152 158 -1
152 163 -1
152 164 -1
152 167 -1
152 170 -1
153 1 -1
153 2 -1
153 3 1
153 10 -1
153 11 1
153 12 1
153 15 -1
153 18 -1
153 19 -1
153 20 -1
153 29 -1
153 37 -1
153 39 -1
153 41 -1
153 46 -1
153 57 -1
153 61 -1
153 62 -1
153 67 -1
153 71 1
153 72 -1
153 73 -1
153 76 -1
153 77 -1
153 86 -1
153 92 -1
153 94 -1
153 99 -1
153 102 1
153 107 1
153 110 -1
153 111 -1
153 117 1
153 121 1
153 131 -1
153 134 1
153 136 -1
153 138 1
153 140 -1
153 150 -1
153 155 -1
153 162 -1
153 164 -1
153 167 -1
153 168 -1
154 1 -1
154 5 -1
154 7 -1
154 9 -1
154 11 -1
154 14 -1
154 19 -1
154 26 -1
154 27 -1
154 28 -1
154 31 -1
154 37 1
154 39 1
154 41 -1
154 44 -1
154 46 -1
154 49 -1
154 57 -1
154 58 1
154 59 -1
154 66 -1
154 75 1
154 78 -1
154 79 -1
154 80 -1
154 81 -1
154 84 -1
154 85 -1
154 86 -1
154 91 -1
154 101 1
154 102 -1
154 103 -1
154 107 1
154 116 -1
154 117 -1
154 118 -1
154 122 -1
154 124 -1
154 132 -1
154 138 -1
154 146 1
154 148 -1
154 151 -1
154 153 -1
154 158 -1
154 160 1
154 163 -1
154 164 -1
154 165 -1
154 168 -1
155 7 -1
155 13 -1
155 16 -1
155 19 1
155 22 -1
155 23 -1
155 25 -1
155 29 -1
155 30 -1
155 35 -1
155 36 1
155 37 1
155 44 -1
155 49 -1
155 50 -1
155 59 -1
155 63 -1
155 64 -1
155 65 -1
155 68 -1
155 70 1
155 72 -1
155 74 -1
155 77 1
155 79 -1
155 80 -1
155 81 1
155 84 -1
155 85 -1
155 88 -1
155 97 -1
155 98 -1
155 99 1
155 100 -1
155 101 -1
155 112 -1
155 114 -1
155 115 1
155 120 1
155 126 1
155 130 -1
155 131 -1
155 132 -1
155 134 -1
155 138 -1
155 140 -1
155 141 1
155 142 1
155 147 -1
155 148 -1
155 170 -1
156 7 -1
156 20 -1
156 24 -1
156 25 -1
156 27 -1
156 29 -1
156 30 -1
156 32 1
156 35 -1
156 38 -1
156 40 -1
156 41 -1
156 42 -1
156 56 -1
156 65 -1
156 75 1
156 80 -1
156 83 -1
156 87 -1
156 97 -1
156 99 -1
156 100 -1
156 102 -1
156 103 -1
156 105 -1
156 108 -1
156 113 -1
156 114 -1
156 115 -1
156 117 -1
156 126 -1
156 128 -1
156 129 -1
156 130 -1
156 131 1
156 137 -1
156 138 1
156 140 -1
156 142 -1
156 151 -1
156 152 -1
156 154 -1
156 159 -1
156 162 1
156 165 -1
156 168 -1
156 170 -1
157 10 -1
157 13 -1
157 15 -1
157 20 -1
157 26 1
157 27 -1
157 29 -1
157 37 -1
157 40 -1
157 41 -1
157 50 -1
157 52 -1
157 53 -1
157 56 -1
157 63 -1
157 70 1
157 75 -1
157 77 -1
157 87 -1
157 93 -1
157 94 -1
157 95 -1
157 101 -1
157 106 1
157 117 -1
157 119 -1
157 124 1
157 133 -1
157 139 -1
157 146 -1
157 147 -1
157 151 -1
157 152 1
157 154 -1
157 158 -1
157 159 -1
157 162 -1
157 165 -1
157 168 -1
158 1 1
158 3 -1
158 6 -1
158 7 -1
158 8 -1
158 9 -1
158 12 -1
158 13 -1
158 14 -1
158 17 -1
158 24 -1
158 26 -1
158 34 -1
158 35 -1
158 43 -1
158 46 1
158 52 -1
158 55 -1
158 56 -1
158 58 -1
158 63 1
158 64 -1
158 66 -1
158 81 1
158 83 -1
158 87 -1
158 95 -1
158 99 1
158 115 -1
158 129 1
158 137 -1
158 138 1
158 145 -1
158 147 -1
158 149 -1
158 150 1
158 156 -1
158 161 -1
158 164 -1
158 165 -1
158 167 1
159 1 -1
159 3 -1
159 8 -1
159 12 -1
159 13 1
159 19 -1
159 24 1
159 25 -1
159 27 1
159 40 -1
159 57 -1
159 61 -1
159 62 -1
159 68 1
159 78 -1
159 81 -1
159 82 -1
159 85 -1
159 92 -1
159 103 -1
159 104 -1
159 109 -1
159 113 -1
159 114 -1
159 117 1
159 127 -1
159 132 -1
159 142 -1
159 143 -1
159 144 -1
159 148 -1
159 150 -1
159 153 -1
159 154 -1
159 155 -1
159 158 -1
159 162 1
159 166 -1
159 167 -1
160 11 -1
160 12 -1
160 17 -1
160 19 -1
160 41 -1
160 43 1
160 46 -1
160 48 1
160 55 -1
160 56 -1
160 62 -1
160 66 -1
160 67 -1
160 78 -1
160 81 -1
160 85 -1
160 86 -1
160 93 -1
160 101 -1
160 104 -1
160 112 -1
160 119 -1
160 124 1
160 125 -1
160 127 1
160 130 -1
160 132 -1
160 134 -1
160 138 -1
160 146 -1
160 149 1
160 153 1
160 159 -1
160 169 -1
160 170 -1
161 8 -1
161 14 -1
161 16 -1
161 18 -1
161 21 -1
161 23 -1
161 24 -1
161 28 -1
161 33 1
161 48 -1
161 49 -1
161 55 -1
161 59 -1
161 60 -1
161 62 -1
161 66 -1
161 69 1
161 70 -1
161 72 1
161 84 -1
161 89 -1
161 92 -1
161 96 -1
161 99 -1
161 101 -1
161 102 1
161 104 -1
161 106 1
161 110 1
161 111 1
161 119 -1
161 121 -1
161 122 1
161 128 -1
161 129 -1
161 132 -1
161 133 -1
161 134 -1
161 135 -1
161 138 -1
161 146 -1
161 147 -1
161 151 -1
161 156 1
161 160 -1
161 164 -1
161 165 -1
161 166 -1
161 169 -1
162 1 -1
162 3 1
162 7 -1
162 12 -1
162 14 -1
162 16 -1
162 18 1
162 21 -1
162 27 -1
162 28 -1
162 29 -1
162 34 -1
162 40 1
162 41 -1
162 44 -1
162 48 -1
162 50 -1
162 57 -1
162 58 -1
162 61 -1
162 64 -1
162 66 -1
162 69 1
162 73 -1
162 80 1
162 84 -1
162 87 1
162 90 -1
162 94 -1
162 99 1
162 105 -1
162 106 -1
162 114 -1
162 117 1
162 118 -1
162 127 -1
162 133 1
162 138 -1
162 141 -1
162 145 -1
162 146 -1
162 148 1
162 154 -1
162 163 -1
162 166 1
163 3 -1
163 7 -1
163 10 -1
163 14 -1
163 25 -1
163 26 -1
163 28 -1
163 38 -1
163 47 -1
163 51 -1
163 54 -1
163 57 -1
163 62 -1
163 63 -1
163 68 -1
163 73 -1
163 76 -1
163 85 -1
163 104 -1
163 107 -1
163 108 1
163 111 -1
163 113 1
163 122 -1
163 123 -1
163 126 -1
163 131 -1
163 135 1
163 148 -1
163 155 -1
163 157 -1
163 164 -1
163 166 -1
164 3 -1
164 7 1
164 8 -1
164 9 -1
164 14 -1
164 17 -1
164 19 -1
164 26 -1
164 27 -1
164 28 -1
164 31 -1
164 34 -1
164 42 -1
164 44 -1
164 52 -1
164 57 -1
164 60 -1
164 87 -1
164 89 1
164 92 -1
164 93 -1
164 98 -1
164 101 1
164 105 -1
164 116 1
164 118 -1
164 121 -1
164 123 1
164 130 -1
164 133 -1
164 135 -1
164 141 -1
164 143 -1
164 162 -1
164 167 -1
164 170 -1
165 4 -1
165 7 1
165 13 -1
165 14 -1
165 17 -1
165 32 1
165 42 -1
165 44 -1
165 46 -1
165 49 -1
165 56 -1
165 59 -1
165 60 -1
165 61 -1
165 65 -1
165 67 1
165 70 1
165 71 1
165 77 -1
165 79 -1
165 98 -1
165 100 1
165 106 -1
165 115 -1
165 116 -1
165 125 -1
165 127 -1
165 133 -1
165 136 -1
165 137 -1
165 141 -1
165 143 -1
165 145 -1
165 149 -1
165 150 -1
165 152 -1
165 164 -1
165 170 -1
166 3 -1
166 11 -1
166 23 -1
166 35 -1
166 43 -1
166 45 -1
166 47 1
166 50 1
166 52 -1
166 54 1
166 60 -1
166 61 -1
166 66 -1
166 71 -1
166 81 -1
166 83 -1
166 84 -1
166 89 -1
166 99 -1
166 108 -1
166 112 -1
166 118 -1
166 122 -1
166 126 1
166 127 -1
166 128 -1
166 132 -1
166 133 -1
166 135 -1
166 136 -1
166 139 1
166 141 -1
166 146 -1
166 149 -1
166 153 -1
166 155 -1
166 156 -1
166 157 -1
166 160 -1
166 169 -1
167 1 -1
167 3 -1
167 4 -1
167 6 -1
167 20 -1
167 22 -1
167 30 -1
167 42 1
167 44 1
167 56 -1
167 59 -1
167 62 -1
167 66 1
167 67 -1
167 68 -1
167 70 1
167 73 -1
167 75 1
167 82 -1
167 84 -1
167 89 -1
167 106 -1
167 108 1
167 109 -1
167 110 -1
167 111 -1
167 114 -1
167 115 -1
167 118 -1
167 124 -1
167 135 -1
167 136 -1
167 141 1
167 150 -1
167 162 -1
167 163 -1
167 165 -1
167 166 -1
167 170 -1
168 2 -1
168 5 -1
168 7 -1
168 21 -1
168 22 1
168 26 -1
168 27 -1
168 30 -1
168 40 -1
168 43 -1
168 46 1
168 54 -1
168 55 -1
168 60 -1
168 63 -1
168 65 1
168 66 -1
168 69 -1
168 88 -1
168 89 -1
168 95 -1
168 97 -1
168 106 -1
168 107 -1
168 108 -1
168 111 -1
168 115 -1
168 119 -1
168 121 -1
168 122 -1
168 125 -1
168 128 -1
168 132 -1
168 136 -1
168 150 -1
168 152 -1
168 158 -1
168 159 -1
168 162 -1
168 166 -1
169 4 1
169 7 -1
169 8 -1
169 9 -1
169 16 -1
169 20 -1
169 32 -1
169 36 -1
169 38 -1
169 40 -1
169 42 -1
169 46 -1
169 53 -1
169 55 -1
169 57 -1
169 60 -1
169 61 -1
169 68 -1
169 69 -1
169 70 -1
169 71 1
169 72 -1
169 76 -1
169 88 -1
169 89 -1
169 91 -1
169 93 1
169 97 1
169 101 1
169 102 -1
169 106 -1
169 111 -1
169 112 -1
169 117 -1
169 121 -1
169 131 -1
169 133 -1
169 135 -1
169 137 -1
169 153 1
169 156 -1
169 163 -1
169 165 1
170 7 -1
170 8 -1
170 11 -1
170 12 -1
170 19 -1
170 20 1
170 22 -1
170 25 1
170 26 -1
170 29 -1
170 35 -1
170 36 -1
170 38 -1
170 40 -1
170 44 -1
170 49 1
170 52 -1
170 58 -1
170 67 1
170 75 1
170 77 -1
170 80 -1
170 82 -1
170 83 -1
170 86 -1
170 91 -1
170 94 1
170 96 -1
170 105 1
170 108 -1
170 111 -1
170 113 -1
170 122 -1
170 127 -1
170 129 -1
170 130 1
170 132 -1
170 133 -1
170 134 -1
170 135 -1
170 138 -1
170 139 -1
170 149 -1
170 157 -1
170 159 1
170 162 -1
170 168 -1
170 169 -1
