vertices: 150 edges: 8940
1 4 1
1 5 1
1 7 1
1 9 1
1 14 1
1 15 1
1 18 1
1 19 1
1 20 1
1 21 -1
1 22 1
1 23 1
1 26 1
1 27 1
1 35 1
1 38 1
1 42 1
1 46 1
1 48 1
1 50 1
1 51 1
1 59 1
1 62 1
1 63 -1
1 65 1
1 66 1
1 69 -1
1 70 1
1 71 1
1 72 1
1 73 -1
1 75 1
1 76 1
1 80 1
1 94 1
1 95 1
1 98 -1
1 99 1
1 102 1
1 103 1
1 104 -1
1 108 1
1 109 1
1 112 1
1 113 1
1 114 1
1 117 1
1 118 1
1 119 -1
1 120 1
1 124 1
1 125 -1
1 129 1
1 130 1
1 131 1
1 134 -1
1 135 1
1 137 1
1 139 1
1 142 -1
1 143 1
1 144 1
1 150 1
2 5 1
2 6 -1
2 11 1
2 16 1
2 22 1
2 23 1
2 25 1
2 30 1
2 32 1
2 33 1
2 34 1
2 38 1
2 40 -1
2 41 1
2 42 -1
2 43 1
2 49 1
2 52 1
2 54 1
2 55 1
2 58 1
2 62 1
2 64 1
2 65 1
2 68 1
2 69 1
2 71 1
2 77 1
2 79 1
2 80 1
2 82 1
2 84 -1
2 87 1
2 97 1
2 105 1
2 107 1
2 112 -1
2 114 1
2 115 1
2 117 1
2 122 1
2 123 -1
2 126 1
2 128 1
2 129 -1
2 130 1
2 131 1
2 132 1
2 134 1
2 137 -1
2 138 -1
2 141 1
2 142 1
2 146 -1
2 147 1
2 150 1
3 2 1
3 6 1
3 8 -1
3 12 1
3 13 -1
3 16 1
3 21 1
3 24 1
3 25 1
3 27 1
3 30 1
3 31 1
3 34 1
3 35 1
3 36 1
3 38 1
3 39 1
3 40 1
3 41 1
3 43 -1
3 45 1
3 47 1
3 55 1
3 58 1
3 68 -1
3 69 1
3 77 1
3 78 1
3 81 1
3 82 1
3 89 1
3 90 -1
3 91 1
3 92 1
3 94 -1
3 97 1
3 98 -1
3 102 1
3 103 1
3 105 1
3 106 1
3 108 -1
3 110 1
3 114 1
3 118 -1
3 119 -1
3 124 1
3 126 1
3 127 1
3 129 1
3 134 -1
3 135 1
3 136 -1
3 138 1
3 139 1
3 140 1
3 142 1
3 144 1
3 147 1
3 148 1
3 149 1
3 150 1
4 3 1
4 6 1
4 8 1
4 11 1
4 14 1
4 15 -1
4 16 -1
4 20 1
4 22 1
4 23 1
4 24 1
4 25 1
4 26 1
4 27 1
4 30 1
4 34 1
4 38 1
4 39 1
4 40 1
4 43 1
4 44 -1
4 45 1
4 46 1
4 47 1
4 54 1
4 55 1
4 58 1
4 60 1
4 61 1
4 62 -1
4 65 1
4 66 1
4 69 1
4 70 1
4 71 1
4 74 -1
4 75 1
4 76 1
4 79 1
4 82 1
4 84 -1
4 86 1
4 92 1
4 93 1
4 96 -1
4 99 1
4 102 1
4 106 1
4 111 1
4 113 1
4 114 1
4 117 1
4 120 1
4 121 1
4 122 1
4 123 1
4 124 1
4 125 1
4 128 1
4 130 1
4 132 1
4 137 1
4 139 1
4 141 1
4 142 1
4 145 1
4 148 1
5 3 -1
5 9 1
5 13 1
5 14 -1
5 16 -1
5 21 1
5 24 1
5 30 1
5 36 -1
5 38 1
5 42 1
5 43 1
5 46 1
5 47 1
5 50 1
5 57 -1
5 60 1
5 65 1
5 67 1
5 68 1
5 69 1
5 72 1
5 78 1
5 79 -1
5 82 1
5 83 1
5 85 -1
5 87 -1
5 88 -1
5 89 1
5 91 1
5 94 1
5 95 1
5 98 1
5 101 1
5 105 -1
5 108 1
5 109 1
5 110 -1
5 111 1
5 121 1
5 122 1
5 123 -1
5 124 1
5 127 1
5 130 1
5 131 1
5 132 1
5 133 1
5 135 1
5 137 1
5 138 1
5 140 -1
5 141 1
5 146 -1
5 147 1
5 150 1
6 1 1
6 7 1
6 12 1
6 13 1
6 14 1
6 15 1
6 19 1
6 21 1
6 24 1
6 28 1
6 29 1
6 34 1
6 36 1
6 39 1
6 43 1
6 47 1
6 48 1
6 50 1
6 55 1
6 56 1
6 59 1
6 60 1
6 64 -1
6 67 1
6 72 1
6 73 1
6 77 1
6 78 1
6 82 -1
6 83 1
6 84 1
6 86 1
6 87 1
6 90 1
6 95 -1
6 96 -1
6 102 1
6 106 1
6 107 1
6 108 1
6 109 -1
6 111 1
6 113 -1
6 116 1
6 121 1
6 122 1
6 123 1
6 125 1
6 129 1
6 131 1
6 133 1
6 134 1
6 135 1
6 136 1
6 140 1
6 144 1
6 145 1
6 149 1
7 3 1
7 4 -1
7 5 1
7 10 1
7 14 1
7 17 1
7 20 1
7 21 1
7 26 1
7 28 -1
7 29 1
7 32 1
7 33 1
7 34 1
7 35 -1
7 39 -1
7 43 1
7 44 1
7 45 1
7 48 1
7 49 1
7 52 -1
7 56 1
7 61 1
7 63 1
7 64 1
7 65 1
7 70 1
7 71 -1
7 73 1
7 74 1
7 75 1
7 77 1
7 78 1
7 82 1
7 87 1
7 89 -1
7 90 1
7 91 1
7 93 1
7 94 1
7 99 1
7 104 1
7 110 -1
7 113 1
7 114 -1
7 115 1
7 116 1
7 118 1
7 121 1
7 123 1
7 124 -1
7 125 1
7 127 1
7 128 1
7 133 1
7 134 -1
7 136 1
7 141 -1
7 142 1
8 1 1
8 2 1
8 5 -1
8 6 1
8 9 1
8 12 1
8 15 1
8 16 1
8 17 1
8 18 1
8 19 1
8 20 1
8 25 1
8 29 1
8 30 1
8 36 1
8 39 1
8 43 1
8 54 -1
8 56 1
8 60 1
8 63 -1
8 66 1
8 70 1
8 71 1
8 73 1
8 77 1
8 78 1
8 82 -1
8 89 1
8 94 1
8 98 -1
8 102 1
8 103 1
8 104 1
8 105 1
8 108 1
8 109 1
8 111 1
8 112 -1
8 113 1
8 114 -1
8 115 1
8 123 -1
8 128 1
8 130 1
8 131 1
8 134 1
8 140 1
8 145 1
8 146 -1
8 147 1
9 2 1
9 4 -1
9 7 1
9 10 1
9 14 -1
9 16 -1
9 22 1
9 23 -1
9 26 1
9 31 1
9 32 1
9 33 -1
9 34 -1
9 35 1
9 40 1
9 44 1
9 46 -1
9 50 1
9 52 -1
9 53 1
9 61 -1
9 64 1
9 66 1
9 67 -1
9 76 -1
9 77 1
9 79 1
9 80 1
9 83 -1
9 87 1
9 94 1
9 95 1
9 96 -1
9 97 1
9 98 -1
9 99 1
9 100 -1
9 102 1
9 106 -1
9 107 1
9 109 1
9 111 1
9 112 1
9 115 1
9 116 1
9 119 1
9 126 1
9 127 1
9 128 -1
9 129 1
9 130 -1
9 133 1
9 137 1
9 138 1
9 139 1
9 142 -1
9 144 -1
9 150 1
10 1 1
10 3 -1
10 4 -1
10 5 1
10 8 1
10 18 1
10 22 -1
10 25 1
10 30 1
10 32 1
10 35 1
10 36 1
10 37 1
10 40 -1
10 43 1
10 47 1
10 48 1
10 49 -1
10 50 -1
10 53 1
10 56 -1
10 57 1
10 59 -1
10 61 -1
10 63 1
10 64 1
10 66 1
10 74 1
10 79 1
10 81 1
10 82 1
10 87 1
10 92 1
10 95 -1
10 96 1
10 98 1
10 99 1
10 100 1
10 101 -1
10 104 1
10 107 1
10 108 1
10 110 1
10 115 1
10 119 1
10 124 1
10 129 1
10 131 1
10 132 1
10 134 -1
10 135 -1
10 141 1
10 148 1
10 149 1
10 150 1
11 3 1
11 5 1
11 7 -1
11 9 1
11 22 1
11 23 1
11 26 1
11 27 1
11 32 1
11 33 1
11 35 1
11 41 1
11 43 -1
11 46 1
11 48 -1
11 51 1
11 52 1
11 56 1
11 58 1
11 59 1
11 65 -1
11 67 1
11 68 1
11 71 1
11 72 1
11 78 1
11 84 1
11 86 1
11 88 1
11 93 1
11 100 1
11 101 1
11 102 1
11 105 1
11 113 1
11 116 -1
11 118 1
11 119 1
11 121 1
11 123 1
11 125 1
11 128 1
11 129 -1
11 131 1
11 132 1
11 133 1
11 135 1
11 139 1
11 140 1
11 143 1
11 144 -1
11 147 -1
11 148 1
12 2 1
12 5 1
12 9 1
12 10 1
12 14 1
12 18 1
12 19 1
12 21 1
12 22 1
12 24 1
12 29 1
12 30 1
12 34 1
12 36 1
12 37 1
12 38 1
12 39 1
12 40 1
12 41 1
12 44 1
12 47 1
12 48 1
12 50 1
12 60 1
12 61 1
12 62 1
12 66 1
12 68 1
12 69 1
12 70 -1
12 73 1
12 74 -1
12 79 1
12 82 1
12 84 -1
12 87 -1
12 91 1
12 95 1
12 96 1
12 102 1
12 103 1
12 105 -1
12 108 1
12 109 -1
12 110 1
12 113 1
12 115 1
12 124 1
12 126 1
12 128 1
12 130 1
12 145 -1
12 147 1
12 148 1
12 149 1
13 2 1
13 4 -1
13 7 1
13 8 1
13 10 1
13 12 1
13 15 1
13 16 -1
13 17 1
13 19 -1
13 21 -1
13 25 1
13 27 1
13 28 1
13 34 1
13 37 1
13 38 1
13 39 -1
13 45 1
13 46 1
13 51 1
13 53 1
13 59 1
13 62 1
13 64 1
13 65 1
13 70 1
13 71 1
13 80 1
13 82 1
13 83 1
13 86 -1
13 90 1
13 92 1
13 94 1
13 95 1
13 96 -1
13 102 1
13 103 1
13 104 1
13 105 1
13 106 1
13 108 1
13 109 1
13 112 -1
13 120 1
13 121 1
13 122 1
13 129 1
13 133 1
13 136 -1
13 137 1
13 141 1
13 143 -1
13 144 1
13 145 1
13 150 1
14 2 1
14 3 1
14 10 1
14 11 1
14 16 1
14 18 1
14 19 1
14 20 1
14 22 1
14 23 1
14 25 1
14 27 1
14 30 1
14 34 1
14 38 1
14 41 -1
14 42 1
14 46 1
14 47 1
14 53 1
14 54 1
14 56 -1
14 57 1
14 58 1
14 61 1
14 64 1
14 66 1
14 67 1
14 68 -1
14 69 1
14 70 1
14 72 1
14 74 -1
14 75 1
14 77 1
14 78 1
14 79 1
14 81 1
14 85 -1
14 87 1
14 88 1
14 90 -1
14 92 1
14 95 1
14 97 1
14 98 1
14 100 1
14 103 -1
14 104 1
14 105 1
14 106 1
14 109 -1
14 111 -1
14 116 1
14 123 1
14 126 1
14 132 -1
14 136 1
14 137 1
14 139 1
14 141 -1
14 143 -1
14 144 1
14 145 1
14 147 1
14 149 1
15 2 1
15 3 -1
15 5 1
15 7 1
15 9 1
15 10 1
15 11 1
15 21 -1
15 22 1
15 25 -1
15 26 1
15 27 1
15 33 1
15 35 1
15 37 1
15 38 1
15 42 1
15 43 -1
15 47 1
15 48 -1
15 50 1
15 53 -1
15 58 -1
15 59 1
15 60 -1
15 62 1
15 64 1
15 68 1
15 69 1
15 70 -1
15 71 1
15 73 1
15 77 1
15 81 1
15 85 1
15 89 1
15 91 1
15 92 1
15 95 1
15 97 1
15 101 1
15 102 -1
15 109 1
15 110 -1
15 111 1
15 114 1
15 119 -1
15 123 1
15 124 1
15 126 1
15 130 -1
15 135 1
15 137 1
15 141 1
15 144 1
15 146 -1
15 149 1
16 1 -1
16 7 -1
16 11 1
16 15 1
16 17 1
16 21 1
16 23 -1
16 25 1
16 26 1
16 29 1
16 30 1
16 31 1
16 32 1
16 33 1
16 37 1
16 39 -1
16 43 -1
16 46 1
16 47 1
16 48 1
16 52 -1
16 55 1
16 56 1
16 57 1
16 65 1
16 69 1
16 70 1
16 78 1
16 81 -1
16 84 1
16 89 1
16 90 1
16 94 1
16 95 1
16 98 1
16 100 1
16 101 1
16 103 1
16 108 1
16 109 -1
16 111 1
16 113 1
16 115 1
16 116 1
16 117 -1
16 118 1
16 124 1
16 127 1
16 128 -1
16 132 -1
16 134 1
16 136 1
16 141 1
16 142 1
16 143 1
16 144 1
16 145 1
16 146 1
16 149 1
16 150 1
17 1 -1
17 6 1
17 9 1
17 11 1
17 12 -1
17 14 1
17 22 1
17 34 1
17 36 1
17 39 1
17 41 1
17 42 1
17 46 1
17 50 -1
17 51 1
17 54 1
17 56 -1
17 57 1
17 59 1
17 61 1
17 63 1
17 70 1
17 72 -1
17 76 -1
17 77 -1
17 78 1
17 80 1
17 84 1
17 85 1
17 87 1
17 94 1
17 96 1
17 98 1
17 105 1
17 106 1
17 110 1
17 111 1
17 112 1
17 113 1
17 114 1
17 117 1
17 119 1
17 121 1
17 122 1
17 131 1
17 136 1
17 138 1
17 140 1
17 141 1
17 143 1
17 144 1
17 146 1
17 148 1
18 2 -1
18 3 1
18 4 -1
18 5 -1
18 6 -1
18 7 -1
18 9 1
18 13 1
18 17 1
18 21 1
18 22 1
18 23 1
18 24 1
18 29 1
18 31 1
18 33 1
18 39 1
18 42 1
18 43 1
18 48 1
18 50 1
18 51 1
18 52 1
18 55 -1
18 58 1
18 61 1
18 65 1
18 66 1
18 67 1
18 70 -1
18 71 1
18 76 1
18 78 -1
18 80 1
18 81 1
18 85 1
18 89 1
18 90 1
18 91 -1
18 95 1
18 96 1
18 102 1
18 103 1
18 109 1
18 117 1
18 119 1
18 122 1
18 127 1
18 128 1
18 131 -1
18 140 1
18 144 1
18 145 1
18 147 1
18 148 -1
18 150 1
19 2 1
19 3 1
19 4 1
19 5 1
19 7 1
19 10 1
19 11 1
19 15 1
19 16 1
19 17 -1
19 20 1
19 21 1
19 22 -1
19 28 -1
19 29 -1
19 30 -1
19 34 1
19 36 1
19 39 -1
19 42 1
19 49 1
19 51 1
19 55 1
19 58 1
19 59 1
19 60 1
19 65 1
19 66 -1
19 67 1
19 69 1
19 70 1
19 71 1
19 72 1
19 73 1
19 74 1
19 75 1
19 76 1
19 77 1
19 82 1
19 84 1
19 85 1
19 92 1
19 97 -1
19 98 1
19 101 1
19 103 -1
19 106 1
19 107 1
19 109 1
19 112 -1
19 116 1
19 120 1
19 121 1
19 123 1
19 124 1
19 128 -1
19 130 1
19 131 -1
19 134 1
19 137 1
19 143 -1
19 144 1
19 147 1
19 150 1
20 2 1
20 5 1
20 6 1
20 10 1
20 11 1
20 12 1
20 13 -1
20 15 1
20 16 1
20 17 1
20 21 1
20 22 -1
20 30 1
20 32 1
20 33 1
20 37 1
20 39 1
20 40 1
20 41 1
20 42 1
20 47 1
20 51 -1
20 53 1
20 58 1
20 60 -1
20 65 1
20 67 1
20 69 1
20 70 1
20 72 1
20 73 1
20 74 1
20 77 1
20 79 1
20 82 1
20 83 1
20 88 1
20 89 1
20 91 1
20 93 1
20 94 1
20 95 -1
20 96 1
20 97 1
20 98 1
20 100 1
20 101 1
20 104 1
20 105 1
20 111 1
20 115 1
20 119 1
20 120 1
20 122 -1
20 124 1
20 127 1
20 129 1
20 133 1
20 138 1
20 143 1
20 145 -1
20 146 1
20 147 1
20 148 1
21 2 1
21 4 -1
21 9 1
21 10 1
21 11 1
21 17 1
21 22 1
21 23 1
21 25 1
21 31 1
21 32 1
21 33 1
21 34 -1
21 35 1
21 40 -1
21 46 1
21 47 1
21 48 1
21 51 1
21 53 1
21 59 -1
21 61 1
21 62 1
21 63 1
21 64 1
21 65 1
21 66 1
21 69 1
21 72 1
21 74 1
21 75 1
21 77 1
21 80 1
21 82 1
21 83 1
21 89 1
21 90 1
21 92 1
21 94 -1
21 95 -1
21 96 1
21 97 1
21 99 1
21 101 1
21 104 -1
21 106 1
21 107 1
21 110 1
21 111 -1
21 112 -1
21 113 1
21 114 1
21 117 1
21 118 1
21 122 1
21 125 1
21 127 1
21 128 1
21 129 1
21 130 1
21 131 -1
21 134 1
21 135 1
21 137 1
21 142 1
21 148 1
21 150 1
22 5 1
22 6 1
22 7 1
22 8 1
22 24 1
22 30 1
22 34 -1
22 36 1
22 44 1
22 51 1
22 56 1
22 57 1
22 60 1
22 68 -1
22 69 1
22 70 1
22 71 1
22 72 -1
22 75 1
22 76 1
22 77 1
22 79 -1
22 85 1
22 88 1
22 89 -1
22 90 1
22 92 1
22 93 1
22 95 1
22 96 1
22 100 1
22 102 1
22 103 -1
22 104 -1
22 105 1
22 106 1
22 107 1
22 111 -1
22 112 1
22 113 1
22 116 1
22 119 1
22 120 1
22 123 1
22 125 1
22 127 1
22 128 1
22 130 1
22 131 1
22 137 1
22 138 -1
22 140 -1
22 142 1
22 150 1
23 3 1
23 6 1
23 7 -1
23 10 1
23 12 1
23 13 1
23 15 1
23 22 1
23 30 1
23 31 1
23 38 1
23 40 -1
23 43 -1
23 48 1
23 50 1
23 53 1
23 57 1
23 58 -1
23 62 1
23 63 1
23 67 1
23 72 1
23 74 1
23 75 1
23 77 -1
23 81 1
23 82 1
23 85 1
23 86 1
23 87 -1
23 89 -1
23 90 1
23 92 1
23 94 1
23 95 1
23 96 1
23 98 1
23 101 1
23 104 1
23 105 1
23 106 1
23 107 1
23 108 -1
23 109 1
23 110 1
23 112 1
23 117 1
23 119 -1
23 120 1
23 121 1
23 126 1
23 127 1
23 131 1
23 132 1
23 133 -1
23 140 1
23 141 1
23 149 1
24 1 1
24 2 1
24 9 1
24 13 1
24 14 1
24 15 1
24 17 -1
24 19 1
24 20 -1
24 21 1
24 23 1
24 29 1
24 35 -1
24 37 1
24 38 1
24 40 1
24 48 -1
24 51 1
24 53 1
24 56 -1
24 57 1
24 59 -1
24 60 1
24 62 1
24 66 1
24 67 1
24 69 1
24 71 1
24 74 1
24 76 1
24 77 1
24 83 1
24 86 1
24 88 1
24 93 1
24 95 1
24 99 -1
24 100 1
24 102 1
24 104 1
24 105 1
24 106 1
24 107 -1
24 112 1
24 117 -1
24 125 1
24 127 1
24 132 1
24 133 1
24 134 -1
24 136 1
24 140 1
24 142 1
24 143 1
24 146 1
25 1 -1
25 5 1
25 6 1
25 9 1
25 11 1
25 18 1
25 19 1
25 20 1
25 22 -1
25 26 1
25 28 -1
25 32 1
25 33 1
25 36 1
25 38 -1
25 40 1
25 47 1
25 48 1
25 50 1
25 52 -1
25 61 -1
25 67 1
25 68 1
25 69 1
25 70 1
25 71 1
25 76 1
25 78 1
25 87 1
25 88 1
25 91 1
25 95 1
25 97 1
25 101 1
25 103 1
25 105 1
25 106 1
25 108 1
25 111 -1
25 113 -1
25 119 -1
25 122 1
25 124 1
25 125 1
25 126 1
25 130 1
25 131 1
25 133 1
25 140 1
25 141 1
25 143 -1
25 146 1
26 2 1
26 3 1
26 8 1
26 10 1
26 12 1
26 14 -1
26 17 1
26 19 -1
26 20 1
26 23 -1
26 33 -1
26 38 1
26 41 1
26 43 1
26 44 1
26 49 1
26 52 1
26 53 -1
26 55 -1
26 58 1
26 59 1
26 60 1
26 62 1
26 64 1
26 68 1
26 70 1
26 74 1
26 75 1
26 76 1
26 78 -1
26 79 1
26 82 1
26 83 1
26 84 1
26 85 1
26 87 1
26 88 1
26 98 1
26 101 1
26 102 1
26 105 -1
26 107 1
26 109 1
26 116 -1
26 118 1
26 119 -1
26 129 1
26 131 1
26 136 1
26 139 1
26 140 1
26 141 1
26 143 1
26 144 -1
26 146 -1
26 147 1
26 148 1
26 150 1
27 2 1
27 7 1
27 8 -1
27 10 1
27 16 1
27 17 1
27 18 -1
27 19 -1
27 24 1
27 26 1
27 30 -1
27 32 1
27 33 1
27 35 -1
27 40 1
27 43 1
27 53 1
27 60 1
27 62 1
27 63 1
27 64 1
27 65 1
27 69 1
27 72 1
27 73 1
27 74 1
27 75 1
27 78 1
27 79 1
27 80 1
27 81 1
27 84 -1
27 90 1
27 92 1
27 93 1
27 94 1
27 95 1
27 96 1
27 99 1
27 103 1
27 104 1
27 105 -1
27 107 1
27 109 -1
27 111 1
27 113 -1
27 115 -1
27 116 1
27 119 1
27 123 1
27 125 1
27 131 1
27 138 1
27 140 1
27 141 1
27 143 1
27 144 1
27 145 1
27 147 -1
27 149 1
28 3 -1
28 4 1
28 8 1
28 11 1
28 12 1
28 14 1
28 15 -1
28 17 1
28 18 1
28 20 1
28 21 1
28 22 1
28 23 1
28 24 1
28 26 -1
28 27 -1
28 29 -1
28 32 1
28 35 -1
28 38 1
28 43 -1
28 44 1
28 45 1
28 48 1
28 50 1
28 53 1
28 55 1
28 56 1
28 59 1
28 61 -1
28 63 1
28 64 1
28 67 -1
28 69 1
28 70 1
28 72 1
28 74 1
28 75 -1
28 79 1
28 80 1
28 81 -1
28 85 1
28 87 1
28 89 1
28 90 -1
28 91 1
28 92 1
28 94 1
28 96 1
28 97 1
28 99 -1
28 100 -1
28 102 -1
28 103 1
28 108 -1
28 110 1
28 111 1
28 112 -1
28 113 1
28 115 1
28 116 1
28 117 -1
28 124 -1
28 128 -1
28 130 1
28 131 -1
28 135 1
28 137 1
28 145 1
29 2 1
29 5 1
29 10 1
29 11 -1
29 14 1
29 17 1
29 23 1
29 26 -1
29 30 1
29 32 1
29 33 1
29 34 -1
29 40 1
29 41 1
29 43 1
29 45 1
29 46 1
29 47 1
29 53 1
29 55 -1
29 57 1
29 60 1
29 63 -1
29 68 1
29 72 -1
29 73 -1
29 74 1
29 79 -1
29 83 1
29 84 1
29 85 1
29 88 -1
29 90 1
29 92 1
29 94 1
29 106 1
29 109 1
29 111 1
29 114 1
29 116 1
29 117 1
29 124 1
29 126 1
29 129 1
29 131 1
29 132 1
29 135 1
29 138 1
29 142 1
29 145 1
29 147 1
29 148 1
30 1 1
30 6 1
30 7 1
30 9 1
30 13 1
30 15 1
30 17 -1
30 21 1
30 24 1
30 25 1
30 28 1
30 36 1
30 39 1
30 40 1
30 41 1
30 42 1
30 43 1
30 48 -1
30 53 1
30 56 1
30 57 1
30 59 -1
30 60 1
30 61 1
30 62 1
30 63 1
30 64 -1
30 66 1
30 72 1
30 76 1
30 79 1
30 80 1
30 81 1
30 83 1
30 84 1
30 86 1
30 92 -1
30 93 1
30 94 -1
30 96 1
30 97 1
30 98 -1
30 99 1
30 101 1
30 103 1
30 107 1
30 108 1
30 109 1
30 111 1
30 113 1
30 114 1
30 116 1
30 123 1
30 124 1
30 127 1
30 131 -1
30 134 1
30 135 1
30 137 -1
30 140 1
30 141 -1
30 142 1
30 144 1
30 146 1
30 148 1
31 4 -1
31 5 1
31 6 1
31 7 -1
31 8 -1
31 10 1
31 11 1
31 13 1
31 14 1
31 15 1
31 17 1
31 19 1
31 20 1
31 22 1
31 24 1
31 28 -1
31 29 1
31 30 1
31 32 1
31 35 1
31 36 1
31 38 -1
31 40 1
31 41 -1
31 42 1
31 43 -1
31 49 1
31 50 1
31 54 -1
31 56 1
31 61 1
31 65 1
31 72 -1
31 74 1
31 75 1
31 76 1
31 77 1
31 78 1
31 80 1
31 81 1
31 83 -1
31 85 1
31 91 1
31 97 1
31 100 1
31 103 1
31 104 1
31 105 -1
31 113 1
31 115 1
31 117 1
31 119 -1
31 122 1
31 128 1
31 132 1
31 138 1
31 142 -1
31 145 1
31 147 1
32 1 1
32 3 1
32 4 1
32 5 1
32 6 -1
32 8 -1
32 12 1
32 14 1
32 15 -1
32 18 1
32 19 1
32 22 -1
32 24 -1
32 26 1
32 30 -1
32 34 1
32 37 1
32 44 1
32 45 1
32 47 1
32 48 1
32 54 1
32 55 -1
32 61 1
32 63 -1
32 67 1
32 68 1
32 71 1
32 73 1
32 76 1
32 78 -1
32 80 1
32 81 -1
32 83 -1
32 84 -1
32 87 1
32 90 -1
32 103 1
32 104 -1
32 105 1
32 106 -1
32 107 1
32 108 1
32 111 1
32 112 1
32 114 -1
32 115 1
32 121 1
32 125 1
32 132 1
32 135 1
32 136 1
32 146 1
32 149 1
33 1 1
33 4 1
33 5 1
33 6 1
33 8 1
33 10 1
33 12 1
33 13 1
33 14 1
33 22 1
33 23 1
33 28 1
33 31 1
33 32 1
33 36 1
33 40 1
33 45 -1
33 46 1
33 48 1
33 49 1
33 53 1
33 58 1
33 59 1
33 60 1
33 61 1
33 64 1
33 65 -1
33 66 1
33 69 -1
33 70 1
33 72 1
33 77 1
33 78 -1
33 81 1
33 82 -1
33 85 1
33 91 1
33 92 1
33 95 -1
33 96 1
33 97 1
33 98 1
33 99 1
33 100 1
33 101 1
33 103 1
33 105 1
33 107 1
33 111 1
33 112 1
33 116 1
33 117 1
33 119 1
33 120 1
33 123 1
33 124 1
33 132 1
33 134 1
33 136 1
33 138 1
33 140 -1
33 141 1
33 145 1
34 1 1
34 10 1
34 11 1
34 16 -1
34 18 1
34 20 1
34 23 1
34 25 1
34 26 1
34 27 1
34 28 1
34 30 1
34 31 -1
34 41 -1
34 43 -1
34 48 1
34 52 -1
34 55 -1
34 57 1
34 62 1
34 63 1
34 64 1
34 66 1
34 67 -1
34 68 -1
34 70 1
34 72 1
34 78 1
34 85 1
34 88 1
34 94 1
34 97 -1
34 98 -1
34 105 1
34 106 1
34 108 -1
34 109 1
34 112 -1
34 113 1
34 115 -1
34 117 1
34 118 1
34 120 -1
34 122 1
34 124 1
34 125 1
34 129 1
34 135 1
34 136 -1
34 141 1
34 147 1
34 148 -1
34 150 1
35 4 1
35 5 1
35 8 1
35 12 1
35 13 1
35 16 -1
35 17 1
35 19 -1
35 20 1
35 22 1
35 26 1
35 29 1
35 32 1
35 33 1
35 34 1
35 38 1
35 42 1
35 45 -1
35 48 1
35 52 1
35 54 1
35 58 -1
35 62 1
35 64 -1
35 65 -1
35 67 1
35 70 -1
35 71 1
35 72 1
35 73 1
35 76 1
35 79 1
35 82 1
35 83 -1
35 84 1
35 85 1
35 89 1
35 90 1
35 93 1
35 100 1
35 102 1
35 103 1
35 105 1
35 109 1
35 111 1
35 115 1
35 122 1
35 130 1
35 133 1
35 144 -1
35 145 1
35 146 1
35 147 1
35 149 1
36 1 1
36 2 -1
36 4 1
36 9 1
36 13 1
36 14 -1
36 18 1
36 20 1
36 21 1
36 24 1
36 26 1
36 27 1
36 28 1
36 32 1
36 34 1
36 35 -1
36 40 1
36 41 1
36 42 1
36 45 1
36 50 1
36 51 1
36 53 1
36 55 1
36 56 1
36 57 1
36 58 1
36 59 1
36 60 1
36 61 -1
36 62 1
36 67 1
36 70 1
36 73 1
36 74 1
36 78 1
36 85 1
36 86 1
36 90 -1
36 99 1
36 100 1
36 101 1
36 103 1
36 114 1
36 116 1
36 118 1
36 120 -1
36 124 1
36 127 1
36 129 -1
36 130 1
36 137 1
36 138 1
36 139 1
36 141 1
36 143 1
36 146 1
36 147 1
36 149 1
37 1 1
37 2 1
37 3 1
37 5 1
37 6 1
37 9 -1
37 11 -1
37 14 1
37 21 1
37 22 -1
37 23 1
37 26 1
37 27 1
37 29 1
37 30 1
37 33 -1
37 35 1
37 39 1
37 41 1
37 46 1
37 50 1
37 52 1
37 57 1
37 59 1
37 60 1
37 62 1
37 65 1
37 70 1
37 75 1
37 78 1
37 82 1
37 83 1
37 87 -1
37 91 1
37 96 1
37 97 1
37 98 1
37 101 1
37 102 1
37 105 1
37 106 1
37 107 1
37 108 1
37 109 1
37 112 1
37 113 1
37 125 1
37 128 1
37 132 1
37 135 1
37 140 1
37 144 1
37 147 1
37 148 1
37 149 1
38 7 1
38 8 1
38 9 1
38 10 1
38 11 1
38 17 1
38 19 -1
38 20 -1
38 21 1
38 22 -1
38 27 -1
38 29 1
38 30 1
38 32 1
38 33 1
38 36 1
38 37 1
38 40 1
38 41 -1
38 45 1
38 46 -1
38 48 1
38 49 1
38 50 1
38 51 -1
38 53 1
38 57 1
38 60 1
38 61 -1
38 63 -1
38 65 -1
38 71 1
38 72 1
38 74 1
38 80 1
38 81 1
38 83 1
38 86 1
38 87 1
38 88 1
38 93 1
38 97 1
38 98 -1
38 101 1
38 103 1
38 112 1
38 113 1
38 115 1
38 116 1
38 122 1
38 123 -1
38 124 -1
38 125 1
38 126 1
38 127 -1
38 130 1
38 132 1
38 133 -1
38 134 -1
38 136 1
38 138 1
38 141 1
38 145 1
38 148 -1
38 150 1
39 1 1
39 2 1
39 5 1
39 10 1
39 11 1
39 23 1
39 25 1
39 26 -1
39 28 -1
39 34 -1
39 35 1
39 38 1
39 40 1
39 41 -1
39 43 1
39 44 1
39 47 1
39 53 1
39 54 1
39 55 1
39 59 1
39 61 1
39 63 1
39 64 -1
39 65 1
39 70 1
39 72 1
39 73 -1
39 74 1
39 77 1
39 79 -1
39 80 1
39 81 1
39 84 1
39 85 1
39 86 1
39 88 -1
39 94 1
39 96 -1
39 97 1
39 98 1
39 100 1
39 101 -1
39 102 1
39 104 1
39 107 -1
39 108 1
39 109 1
39 112 -1
39 113 1
39 114 1
39 120 -1
39 121 1
39 122 1
39 127 -1
39 131 1
39 133 1
39 134 1
39 135 1
39 140 1
39 143 1
39 144 1
39 147 1
39 149 1
40 1 1
40 6 -1
40 11 1
40 14 1
40 16 1
40 18 1
40 22 1
40 28 1
40 35 1
40 37 1
40 42 -1
40 43 1
40 45 -1
40 48 -1
40 49 1
40 54 1
40 59 -1
40 72 1
40 75 1
40 76 -1
40 78 1
40 79 1
40 80 1
40 86 -1
40 89 -1
40 92 1
40 98 1
40 99 1
40 103 1
40 104 1
40 107 1
40 110 -1
40 112 1
40 118 1
40 120 1
40 121 1
40 122 1
40 124 1
40 126 1
40 127 1
40 128 1
40 129 1
40 132 1
40 134 1
40 137 1
40 143 1
40 145 -1
40 146 1
40 147 -1
40 148 1
41 1 1
41 4 1
41 5 1
41 6 1
41 7 -1
41 13 1
41 15 -1
41 18 1
41 22 1
41 24 1
41 25 -1
41 27 1
41 28 1
41 32 -1
41 33 -1
41 43 1
41 47 1
41 50 1
41 52 1
41 55 1
41 56 1
41 60 1
41 61 -1
41 62 1
41 63 -1
41 75 1
41 76 1
41 77 1
41 78 1
41 80 1
41 82 1
41 87 1
41 89 1
41 95 1
41 96 1
41 97 1
41 101 1
41 102 1
41 106 1
41 110 1
41 112 1
41 113 1
41 114 1
41 115 -1
41 116 1
41 117 1
41 120 1
41 123 -1
41 127 -1
41 128 1
41 134 1
41 136 1
41 137 1
41 139 1
41 140 1
41 144 1
42 4 -1
42 6 1
42 8 1
42 9 1
42 11 1
42 16 1
42 21 -1
42 23 1
42 24 1
42 27 1
42 28 1
42 29 1
42 32 1
42 33 1
42 49 1
42 50 -1
42 51 -1
42 56 1
42 59 1
42 61 1
42 62 1
42 63 1
42 64 1
42 68 1
42 71 1
42 73 1
42 74 1
42 77 1
42 78 1
42 81 1
42 82 1
42 83 1
42 84 -1
42 88 1
42 90 1
42 92 1
42 99 1
42 101 1
42 105 1
42 107 1
42 109 1
42 110 1
42 114 1
42 116 -1
42 119 1
42 120 1
42 121 1
42 124 -1
42 128 1
42 129 1
42 130 1
42 134 1
42 139 1
42 141 1
42 142 1
42 144 1
42 145 1
42 146 1
42 147 1
42 148 1
42 150 1
43 1 -1
43 9 1
43 14 -1
43 20 1
43 21 1
43 25 1
43 32 1
43 37 1
43 38 1
43 42 1
43 48 -1
43 50 -1
43 53 1
43 55 1
43 60 1
43 61 1
43 62 1
43 63 1
43 64 -1
43 65 1
43 69 1
43 70 1
43 73 -1
43 74 1
43 75 1
43 76 1
43 77 1
43 80 1
43 84 1
43 85 1
43 89 1
43 90 1
43 95 1
43 96 1
43 100 1
43 101 1
43 102 1
43 103 1
43 105 -1
43 108 1
43 111 1
43 113 -1
43 116 -1
43 118 1
43 122 1
43 134 1
43 136 1
43 137 1
43 141 1
43 142 1
43 144 1
43 149 1
43 150 -1
44 1 -1
44 3 1
44 5 1
44 10 -1
44 11 1
44 13 1
44 14 1
44 15 1
44 16 1
44 18 1
44 19 1
44 20 1
44 21 1
44 24 1
44 25 1
44 29 1
44 30 1
44 34 1
44 35 1
44 37 1
44 38 1
44 40 1
44 41 1
44 43 1
44 45 -1
44 47 1
44 52 1
44 53 -1
44 54 1
44 57 1
44 58 1
44 60 1
44 76 1
44 77 -1
44 78 1
44 79 -1
44 80 1
44 82 1
44 83 -1
44 86 1
44 87 -1
44 89 1
44 91 -1
44 96 1
44 97 1
44 102 1
44 103 -1
44 104 1
44 106 1
44 108 1
44 109 1
44 111 -1
44 113 1
44 116 1
44 120 1
44 122 1
44 124 1
44 125 1
44 133 -1
44 137 1
44 138 1
44 139 1
44 142 1
44 149 1
45 1 1
45 2 1
45 5 1
45 6 1
45 8 1
45 9 -1
45 11 -1
45 12 -1
45 14 1
45 15 1
45 16 1
45 17 1
45 18 1
45 23 1
45 25 1
45 26 1
45 27 -1
45 30 1
45 31 1
45 34 1
45 37 1
45 47 1
45 48 -1
45 49 1
45 51 1
45 52 1
45 54 1
45 61 1
45 65 1
45 68 1
45 69 1
45 70 1
45 74 1
45 76 1
45 77 1
45 83 1
45 84 1
45 88 1
45 89 -1
45 90 -1
45 91 1
45 98 1
45 99 1
45 100 1
45 107 1
45 108 1
45 109 1
45 116 -1
45 120 1
45 129 1
45 130 1
45 132 1
45 135 -1
45 137 1
45 142 1
45 143 1
45 144 1
45 147 1
45 148 1
45 149 -1
46 2 1
46 3 1
46 8 1
46 10 1
46 12 1
46 15 1
46 18 1
46 19 1
46 20 1
46 22 1
46 23 -1
46 24 1
46 25 1
46 26 1
46 27 1
46 28 -1
46 30 1
46 31 1
46 32 -1
46 35 1
46 36 -1
46 39 -1
46 40 1
46 41 1
46 42 1
46 44 1
46 48 1
46 53 1
46 54 1
46 55 1
46 57 1
46 58 1
46 62 1
46 63 1
46 66 1
46 68 1
46 70 1
46 73 1
46 74 1
46 75 1
46 79 1
46 82 -1
46 88 -1
46 90 1
46 93 1
46 95 1
46 96 1
46 98 1
46 101 1
46 106 1
46 107 1
46 113 1
46 115 1
46 116 1
46 121 -1
46 122 1
46 129 -1
46 136 1
46 138 -1
46 140 1
46 144 1
46 146 1
46 147 1
46 148 1
47 2 1
47 7 1
47 8 1
47 9 1
47 19 -1
47 22 1
47 23 1
47 26 1
47 30 1
47 33 1
47 35 1
47 36 1
47 37 1
47 40 1
47 42 1
47 43 -1
47 46 1
47 48 1
47 49 1
47 50 1
47 51 1
47 56 1
47 58 1
47 60 1
47 62 1
47 64 1
47 65 -1
47 67 1
47 69 1
47 70 1
47 72 1
47 76 -1
47 79 1
47 81 1
47 86 1
47 87 -1
47 89 1
47 93 -1
47 94 1
47 100 1
47 105 -1
47 107 1
47 110 -1
47 111 1
47 112 1
47 115 1
47 122 1
47 124 1
47 126 1
47 130 1
47 131 1
47 132 1
47 133 1
47 135 1
47 139 -1
47 140 1
47 144 1
47 145 1
47 147 1
47 149 1
47 150 1
48 2 1
48 3 1
48 9 1
48 13 1
48 14 1
48 19 1
48 20 1
48 22 1
48 26 1
48 27 1
48 29 1
48 31 1
48 42 1
48 44 1
48 49 1
48 51 1
48 53 1
48 54 -1
48 57 1
48 60 1
48 62 1
48 63 1
48 64 1
48 73 1
48 74 1
48 75 1
48 80 1
48 85 1
48 86 1
48 89 1
48 91 -1
48 92 -1
48 93 1
48 98 -1
48 100 1
48 107 1
48 117 1
48 120 1
48 121 -1
48 122 1
48 124 1
48 126 1
48 127 1
48 129 -1
48 133 1
48 134 1
48 136 1
48 141 1
48 143 1
48 144 1
48 145 1
48 146 1
48 147 1
48 150 1
49 3 -1
49 4 1
49 5 -1
49 6 1
49 8 1
49 9 1
49 12 1
49 14 1
49 16 1
49 17 1
49 18 1
49 20 1
49 23 1
49 25 1
49 27 1
49 28 1
49 29 1
49 30 1
49 32 1
49 35 1
49 36 1
49 37 -1
49 43 -1
49 44 1
49 46 1
49 52 1
49 56 1
49 57 1
49 60 1
49 61 1
49 64 1
49 67 -1
49 70 -1
49 72 1
49 74 1
49 76 1
49 77 1
49 81 1
49 87 -1
49 91 1
49 92 1
49 96 1
49 100 1
49 106 1
49 116 1
49 117 -1
49 121 -1
49 127 1
49 129 1
49 130 1
49 131 1
49 132 1
49 133 -1
49 136 1
49 139 1
49 140 1
49 142 1
49 144 1
49 149 1
50 2 1
50 3 -1
50 4 -1
50 7 1
50 8 1
50 13 -1
50 14 1
50 16 1
50 22 -1
50 27 1
50 29 -1
50 30 1
50 35 1
50 39 1
50 40 -1
50 45 -1
50 46 1
50 49 1
50 51 -1
50 52 1
50 54 1
50 57 1
50 58 -1
50 71 1
50 72 1
50 74 1
50 76 1
50 78 1
50 81 -1
50 83 1
50 88 1
50 95 -1
50 96 1
50 103 1
50 104 1
50 105 -1
50 106 1
50 109 1
50 119 -1
50 120 1
50 122 1
50 126 1
50 128 1
50 136 1
50 138 1
50 139 1
50 148 1
50 149 1
50 150 -1
51 3 1
51 4 1
51 5 -1
51 8 1
51 10 1
51 12 1
51 14 1
51 15 1
51 26 1
51 27 -1
51 28 1
51 29 1
51 32 -1
51 33 1
51 35 -1
51 37 1
51 40 1
51 41 -1
51 43 1
51 44 1
51 49 1
51 52 1
51 53 1
51 54 1
51 57 1
51 59 1
51 62 -1
51 63 1
51 66 -1
51 67 1
51 68 1
51 73 1
51 74 1
51 75 1
51 77 1
51 81 1
51 82 1
51 83 1
51 87 -1
51 92 1
51 94 1
51 95 -1
51 96 1
51 99 -1
51 106 1
51 110 -1
51 113 1
51 114 1
51 115 1
51 116 1
51 118 -1
51 119 1
51 120 1
51 126 1
51 127 1
51 128 1
51 129 1
51 131 1
51 132 1
51 133 1
51 134 1
51 135 1
51 141 1
51 142 1
51 145 1
51 148 1
51 150 1
52 5 -1
52 6 -1
52 10 1
52 12 1
52 13 -1
52 14 1
52 15 1
52 20 1
52 21 1
52 22 1
52 24 1
52 28 1
52 29 1
52 30 -1
52 31 1
52 33 -1
52 36 1
52 39 1
52 40 1
52 42 1
52 43 1
52 46 -1
52 47 -1
52 48 1
52 53 1
52 56 1
52 57 1
52 59 1
52 63 -1
52 70 1
52 71 1
52 75 1
52 79 -1
52 80 1
52 81 -1
52 82 1
52 84 1
52 85 1
52 90 1
52 92 1
52 95 -1
52 100 1
52 104 1
52 105 1
52 106 1
52 110 1
52 111 1
52 113 1
52 115 1
52 116 1
52 119 1
52 124 1
52 127 1
52 132 1
52 135 1
52 136 1
52 138 1
52 139 1
52 141 1
52 144 1
52 146 1
52 148 1
52 149 1
53 3 -1
53 7 1
53 8 1
53 11 1
53 12 1
53 18 1
53 19 1
53 25 1
53 31 1
53 32 -1
53 34 1
53 35 1
53 37 1
53 41 1
53 45 1
53 47 -1
53 57 1
53 58 -1
53 59 -1
53 62 1
53 63 -1
53 65 1
53 66 1
53 67 1
53 68 1
53 71 1
53 72 1
53 73 1
53 75 1
53 77 1
53 82 -1
53 88 1
53 90 1
53 91 -1
53 96 -1
53 97 1
53 98 -1
53 99 1
53 101 1
53 102 1
53 109 1
53 112 1
53 113 1
53 116 -1
53 117 -1
53 118 1
53 119 -1
53 121 -1
53 123 -1
53 128 1
53 129 1
53 130 1
53 131 1
53 132 -1
53 136 1
53 137 -1
53 139 1
53 140 1
53 143 1
53 145 1
53 146 1
53 148 1
53 149 1
53 150 1
54 3 -1
54 5 1
54 6 1
54 10 1
54 13 1
54 15 1
54 16 1
54 18 1
54 19 1
54 21 -1
54 22 -1
54 24 1
54 25 -1
54 26 1
54 28 1
54 29 1
54 30 1
54 34 1
54 37 1
54 38 -1
54 42 1
54 47 1
54 49 1
54 53 1
54 62 1
54 64 1
54 65 1
54 66 1
54 68 1
54 69 -1
54 70 1
54 72 1
54 73 1
54 75 1
54 76 1
54 77 1
54 79 1
54 82 1
54 83 1
54 85 1
54 96 1
54 98 1
54 104 1
54 108 1
54 110 1
54 113 1
54 114 1
54 120 1
54 125 1
54 129 1
54 130 1
54 131 1
54 132 1
54 133 1
54 135 1
54 138 1
54 141 -1
54 143 1
54 144 -1
54 146 -1
54 148 1
54 150 1
55 7 -1
55 10 1
55 11 1
55 13 1
55 14 1
55 15 1
55 17 1
55 20 1
55 21 1
55 22 1
55 23 -1
55 24 -1
55 25 1
55 27 -1
55 30 -1
55 31 -1
55 33 -1
55 35 1
55 37 -1
55 38 -1
55 40 1
55 42 -1
55 44 1
55 47 1
55 48 1
55 49 1
55 50 1
55 52 1
55 53 1
55 54 1
55 57 1
55 58 1
55 59 1
55 63 1
55 66 1
55 67 1
55 68 -1
55 69 1
55 80 1
55 82 1
55 84 1
55 86 1
55 90 -1
55 92 1
55 99 1
55 101 1
55 104 -1
55 108 1
55 109 1
55 111 1
55 112 1
55 118 1
55 119 1
55 120 1
55 123 1
55 125 1
55 127 1
55 130 1
55 133 1
55 137 1
55 140 -1
55 146 1
56 2 1
56 3 1
56 4 1
56 5 1
56 9 -1
56 13 -1
56 18 1
56 19 1
56 23 1
56 25 1
56 26 -1
56 27 1
56 29 1
56 33 1
56 40 1
56 43 -1
56 45 -1
56 46 -1
56 48 1
56 51 1
56 54 1
56 55 1
56 57 -1
56 58 1
56 62 1
56 64 1
56 66 1
56 69 1
56 73 -1
56 76 1
56 81 1
56 83 1
56 84 1
56 85 -1
56 87 1
56 95 1
56 98 1
56 99 1
56 102 1
56 115 1
56 118 1
56 125 1
56 127 1
56 128 1
56 129 1
56 131 -1
56 132 -1
56 138 1
56 142 1
56 145 1
56 146 1
56 150 1
57 1 -1
57 4 1
57 6 1
57 7 -1
57 8 -1
57 9 1
57 11 -1
57 12 1
57 18 1
57 19 -1
57 20 -1
57 25 -1
57 27 1
57 31 1
57 32 1
57 35 1
57 39 1
57 40 1
57 41 1
57 42 1
57 43 1
57 59 1
57 61 1
57 64 1
57 68 -1
57 71 1
57 72 1
57 77 1
57 78 1
57 79 1
57 80 1
57 81 1
57 83 1
57 85 1
57 86 1
57 87 1
57 90 -1
57 96 1
57 100 1
57 102 1
57 103 1
57 104 -1
57 105 1
57 106 1
57 107 1
57 108 1
57 112 -1
57 113 1
57 114 1
57 115 1
57 117 1
57 119 1
57 121 1
57 122 -1
57 123 1
57 124 -1
57 125 1
57 126 1
57 133 1
57 134 1
57 136 1
57 139 -1
57 140 1
57 141 1
57 142 1
57 144 1
57 146 1
57 147 1
57 149 1
57 150 1
58 1 1
58 5 1
58 6 1
58 7 -1
58 8 1
58 10 1
58 16 1
58 21 1
58 22 -1
58 24 1
58 25 1
58 27 1
58 29 1
58 31 -1
58 32 1
58 34 1
58 37 1
58 38 -1
58 39 1
58 40 1
58 41 1
58 42 1
58 43 1
58 45 1
58 48 1
58 49 -1
58 51 1
58 52 1
58 54 1
58 57 1
58 60 1
58 63 1
58 65 1
58 67 1
58 68 -1
58 70 1
58 71 -1
58 73 1
58 74 1
58 75 1
58 76 1
58 77 1
58 83 1
58 85 -1
58 86 1
58 89 1
58 90 1
58 92 1
58 94 1
58 99 1
58 100 1
58 101 1
58 104 1
58 107 1
58 109 1
58 110 1
58 111 -1
58 119 1
58 120 1
58 122 1
58 126 1
58 133 1
58 134 1
58 136 1
58 138 1
58 139 1
58 140 1
58 141 1
58 145 1
58 147 1
59 3 1
59 7 -1
59 8 1
59 9 1
59 14 1
59 18 1
59 20 1
59 22 -1
59 29 1
59 31 1
59 32 -1
59 38 1
59 41 1
59 43 -1
59 44 1
59 45 1
59 46 1
59 48 -1
59 49 1
59 54 1
59 56 1
59 58 1
59 60 1
59 63 -1
59 64 1
59 65 1
59 66 1
59 68 1
59 71 1
59 73 -1
59 76 1
59 78 1
59 80 1
59 82 -1
59 83 1
59 84 1
59 85 -1
59 86 1
59 87 1
59 91 1
59 92 1
59 93 1
59 97 1
59 100 1
59 109 1
59 111 1
59 112 1
59 114 1
59 117 1
59 118 1
59 119 1
59 121 1
59 122 1
59 124 -1
59 125 1
59 126 1
59 127 1
59 128 1
59 129 1
59 134 1
59 135 1
59 136 1
59 137 1
59 138 1
59 143 -1
59 146 1
59 149 -1
60 1 1
60 2 1
60 3 1
60 7 1
60 9 1
60 11 1
60 13 -1
60 14 1
60 16 -1
60 18 1
60 23 1
60 25 1
60 31 -1
60 32 -1
60 34 1
60 39 -1
60 40 1
60 45 1
60 50 1
60 51 1
60 52 1
60 55 1
60 56 1
60 57 -1
60 64 1
60 67 -1
60 69 1
60 71 -1
60 80 1
60 84 1
60 86 1
60 87 -1
60 89 1
60 94 1
60 95 1
60 99 1
60 101 -1
60 104 1
60 106 1
60 107 -1
60 108 1
60 109 1
60 110 1
60 112 1
60 114 -1
60 115 -1
60 121 -1
60 122 1
60 124 1
60 126 1
60 127 1
60 128 1
60 129 1
60 131 1
60 135 1
60 138 1
60 149 1
60 150 1
61 1 1
61 2 1
61 3 1
61 5 1
61 6 1
61 15 1
61 16 1
61 20 1
61 22 -1
61 26 1
61 29 1
61 34 -1
61 37 1
61 40 1
61 44 1
61 46 1
61 47 -1
61 48 1
61 51 -1
61 53 1
61 54 -1
61 56 1
61 58 1
61 59 1
61 60 1
61 62 1
61 63 1
61 67 1
61 69 1
61 71 1
61 78 1
61 79 -1
61 80 1
61 81 -1
61 82 1
61 85 1
61 88 1
61 90 1
61 92 1
61 93 -1
61 94 1
61 95 1
61 96 1
61 97 1
61 100 1
61 104 -1
61 106 1
61 108 1
61 111 1
61 114 1
61 117 1
61 120 1
61 123 1
61 126 1
61 136 -1
61 137 1
61 138 1
61 140 1
61 141 1
61 146 1
61 147 1
61 148 1
62 3 1
62 8 1
62 10 1
62 11 1
62 17 -1
62 18 -1
62 20 1
62 22 -1
62 25 -1
62 28 1
62 31 -1
62 33 1
62 39 1
62 40 1
62 44 -1
62 45 1
62 49 -1
62 50 1
62 52 -1
62 55 -1
62 57 -1
62 59 1
62 63 -1
62 69 -1
62 70 1
62 71 1
62 72 -1
62 74 1
62 77 -1
62 78 -1
62 81 -1
62 86 1
62 90 1
62 91 -1
62 92 1
62 95 1
62 96 1
62 99 1
62 100 -1
62 101 1
62 103 -1
62 107 1
62 110 1
62 111 1
62 114 1
62 118 -1
62 119 1
62 122 1
62 123 -1
62 124 1
62 129 1
62 136 1
62 138 1
62 139 1
62 141 1
62 144 1
62 145 1
62 147 -1
62 148 1
62 150 1
63 2 1
63 3 1
63 4 1
63 5 1
63 6 1
63 11 1
63 12 1
63 14 1
63 16 1
63 18 1
63 19 1
63 20 1
63 22 -1
63 25 1
63 26 1
63 33 -1
63 35 1
63 37 1
63 40 1
63 45 1
63 47 1
63 49 1
63 50 1
63 54 1
63 57 1
63 60 1
63 64 1
63 67 1
63 70 1
63 74 1
63 77 1
63 78 -1
63 79 -1
63 82 -1
63 83 1
63 84 1
63 87 1
63 99 1
63 101 1
63 102 1
63 103 1
63 104 1
63 106 1
63 110 1
63 111 -1
63 112 -1
63 114 1
63 116 1
63 120 1
63 122 1
63 124 1
63 125 1
63 126 1
63 127 -1
63 129 1
63 132 1
63 133 1
63 135 -1
63 138 1
63 139 -1
63 141 1
63 142 -1
63 143 1
63 149 1
64 3 1
64 4 1
64 5 1
64 8 1
64 11 -1
64 12 1
64 16 1
64 20 -1
64 22 1
64 23 1
64 24 1
64 25 -1
64 29 1
64 32 1
64 37 1
64 44 1
64 45 -1
64 46 1
64 50 1
64 51 1
64 52 1
64 53 1
64 55 1
64 62 1
64 67 -1
64 69 1
64 70 1
64 73 1
64 74 1
64 79 -1
64 82 1
64 86 1
64 87 1
64 89 1
64 93 1
64 94 1
64 95 1
64 98 1
64 102 1
64 104 1
64 105 1
64 106 1
64 108 1
64 109 1
64 110 1
64 117 1
64 118 -1
64 119 -1
64 129 1
64 130 1
64 131 1
64 133 1
64 137 -1
64 138 -1
64 140 1
64 144 -1
65 3 -1
65 8 -1
65 9 -1
65 10 1
65 12 1
65 14 -1
65 15 1
65 17 1
65 22 -1
65 24 1
65 26 -1
65 28 -1
65 30 -1
65 32 1
65 34 1
65 36 -1
65 44 -1
65 46 1
65 48 -1
65 49 1
65 50 1
65 51 -1
65 55 1
65 56 1
65 57 1
65 61 1
65 62 -1
65 63 1
65 64 -1
65 66 1
65 67 1
65 72 1
65 75 1
65 77 1
65 78 1
65 79 1
65 81 1
65 82 1
65 83 1
65 87 1
65 89 1
65 90 1
65 91 -1
65 92 1
65 93 1
65 97 1
65 100 -1
65 101 1
65 102 1
65 106 1
65 108 1
65 110 1
65 111 -1
65 119 1
65 121 1
65 124 -1
65 126 1
65 131 1
65 134 1
65 140 1
65 142 1
65 143 1
65 144 1
65 145 1
65 146 1
65 149 -1
65 150 1
66 3 -1
66 7 -1
66 11 -1
66 15 -1
66 16 1
66 17 1
66 26 1
66 27 1
66 28 1
66 31 -1
66 36 1
66 37 -1
66 39 1
66 40 1
66 41 1
66 43 -1
66 44 1
66 47 1
66 48 1
66 49 1
66 50 1
66 52 1
66 57 1
66 58 1
66 60 1
66 62 1
66 63 1
66 68 1
66 69 1
66 72 1
66 74 1
66 76 1
66 84 1
66 88 1
66 90 1
66 92 1
66 93 1
66 96 1
66 97 -1
66 98 1
66 99 1
66 102 1
66 104 1
66 105 -1
66 107 1
66 108 1
66 109 1
66 110 -1
66 112 1
66 115 1
66 118 1
66 122 1
66 123 1
66 126 1
66 127 1
66 128 -1
66 132 1
66 133 1
66 135 -1
66 137 1
66 138 1
66 140 1
66 142 1
66 146 1
66 147 1
66 148 1
67 4 1
67 7 -1
67 8 -1
67 10 1
67 12 1
67 13 -1
67 17 1
67 21 1
67 22 1
67 26 1
67 27 1
67 29 1
67 30 -1
67 31 1
67 37 1
67 38 1
67 39 1
67 40 1
67 45 1
67 46 1
67 52 1
67 57 1
67 59 -1
67 62 -1
67 66 1
67 70 1
67 73 1
67 78 1
67 81 1
67 82 1
67 87 1
67 88 1
67 89 -1
67 90 1
67 95 1
67 96 1
67 97 -1
67 98 -1
67 101 1
67 104 1
67 106 1
67 109 1
67 112 1
67 113 1
67 116 -1
67 118 -1
67 120 -1
67 121 1
67 127 1
67 130 1
67 132 1
67 133 1
67 140 -1
67 141 1
67 142 1
68 1 1
68 4 1
68 6 1
68 7 1
68 8 1
68 9 1
68 13 1
68 18 1
68 19 1
68 20 1
68 21 1
68 23 1
68 24 -1
68 28 -1
68 30 1
68 31 1
68 33 1
68 37 1
68 38 1
68 39 1
68 41 1
68 43 1
68 44 -1
68 47 1
68 48 1
68 49 1
68 52 1
68 60 1
68 61 1
68 62 -1
68 67 1
68 70 -1
68 71 1
68 78 1
68 79 -1
68 90 1
68 91 1
68 98 1
68 99 1
68 102 1
68 103 1
68 106 1
68 107 -1
68 108 1
68 112 -1
68 115 1
68 123 -1
68 124 1
68 127 1
68 131 1
68 133 1
68 134 1
68 140 1
68 141 1
68 143 1
69 6 1
69 8 1
69 9 -1
69 11 -1
69 13 1
69 17 1
69 18 1
69 23 -1
69 26 1
69 29 -1
69 30 -1
69 31 -1
69 32 1
69 34 1
69 35 1
69 36 1
69 37 1
69 38 -1
69 40 1
69 41 1
69 44 1
69 46 1
69 48 1
69 50 1
69 51 1
69 57 1
69 58 -1
69 59 1
69 63 1
69 65 1
69 67 -1
69 68 1
69 71 1
69 72 1
69 73 1
69 75 1
69 76 1
69 77 1
69 81 1
69 82 1
69 84 1
69 85 1
69 86 1
69 87 1
69 88 1
69 89 1
69 93 -1
69 96 1
69 102 1
69 105 1
69 108 1
69 112 1
69 113 -1
69 114 1
69 115 -1
69 117 1
69 119 1
69 121 1
69 122 1
69 123 1
69 126 1
69 129 1
69 141 -1
69 148 1
69 150 1
70 2 1
70 3 1
70 5 -1
70 9 1
70 10 1
70 11 1
70 21 1
70 31 -1
70 32 1
70 38 -1
70 41 -1
70 42 1
70 44 1
70 50 -1
70 55 -1
70 56 -1
70 57 1
70 59 1
70 60 1
70 61 1
70 65 1
70 66 1
70 69 1
70 72 1
70 76 1
70 83 -1
70 84 -1
70 88 1
70 90 -1
70 96 1
70 97 -1
70 100 1
70 101 1
70 103 1
70 104 -1
70 105 1
70 108 -1
70 110 1
70 113 1
70 115 1
70 116 1
70 118 1
70 120 1
70 124 1
70 126 1
70 133 -1
70 134 1
70 135 1
70 136 1
70 137 1
70 139 1
70 140 1
70 144 1
70 145 1
70 149 1
70 150 1
71 3 1
71 6 1
71 9 1
71 10 -1
71 12 -1
71 14 1
71 16 1
71 17 1
71 21 1
71 23 1
71 26 -1
71 27 1
71 28 -1
71 29 -1
71 30 1
71 31 1
71 33 1
71 34 1
71 36 1
71 37 1
71 39 -1
71 40 1
71 43 1
71 45 1
71 46 1
71 47 1
71 49 1
71 54 1
71 55 1
71 56 1
71 67 1
71 74 1
71 77 1
71 79 1
71 80 1
71 83 1
71 84 -1
71 87 1
71 90 1
71 91 1
71 92 1
71 93 1
71 94 1
71 95 1
71 97 1
71 100 1
71 101 1
71 103 1
71 104 -1
71 106 1
71 107 1
71 108 1
71 113 1
71 114 1
71 115 1
71 118 1
71 120 1
71 126 1
71 129 1
71 134 1
71 135 1
71 137 1
71 138 1
71 144 1
71 145 1
71 147 1
72 7 1
72 8 1
72 9 -1
72 10 1
72 12 1
72 13 1
72 18 1
72 24 1
72 25 -1
72 32 1
72 36 1
72 37 1
72 41 1
72 42 1
72 44 1
72 45 1
72 51 1
72 58 1
72 59 1
72 60 1
72 61 1
72 63 1
72 64 1
72 68 1
72 71 1
72 73 1
72 74 1
72 75 1
72 77 -1
72 78 1
72 79 1
72 80 1
72 81 1
72 82 1
72 83 -1
72 86 1
72 87 -1
72 89 -1
72 90 1
72 93 1
72 103 1
72 104 -1
72 106 1
72 107 1
72 109 -1
72 111 1
72 112 -1
72 114 1
72 115 1
72 116 1
72 119 1
72 121 1
72 122 1
72 128 -1
72 129 -1
72 130 1
72 133 1
72 134 1
72 135 -1
72 137 1
72 138 1
72 139 1
72 144 1
72 147 1
72 150 1
73 2 1
73 3 1
73 5 1
73 9 -1
73 10 1
73 11 1
73 13 1
73 16 1
73 17 1
73 18 1
73 21 -1
73 22 1
73 23 1
73 24 1
73 25 1
73 26 1
73 28 -1
73 31 -1
73 33 1
73 34 1
73 38 1
73 40 1
73 41 1
73 45 1
73 47 1
73 49 -1
73 50 -1
73 52 1
73 57 1
73 60 1
73 61 -1
73 62 1
73 63 1
73 66 1
73 70 1
73 77 1
73 80 1
73 85 1
73 92 1
73 93 1
73 94 1
73 96 1
73 97 1
73 99 1
73 101 1
73 103 1
73 105 1
73 110 1
73 113 1
73 114 1
73 117 1
73 120 1
73 123 1
73 125 -1
73 127 1
73 131 1
73 135 1
73 138 1
73 148 1
73 150 1
74 1 -1
74 3 1
74 6 1
74 9 1
74 11 -1
74 13 -1
74 15 1
74 16 1
74 22 1
74 25 1
74 32 1
74 34 1
74 35 1
74 37 1
74 40 1
74 41 -1
74 44 1
74 47 1
74 54 1
74 55 -1
74 57 1
74 59 1
74 60 1
74 61 1
74 65 1
74 67 1
74 68 1
74 69 1
74 76 -1
74 77 1
74 78 1
74 82 1
74 84 1
74 85 1
74 88 1
74 91 -1
74 101 1
74 102 1
74 103 1
74 105 1
74 107 1
74 110 1
74 112 1
74 113 -1
74 114 1
74 115 1
74 118 1
74 119 1
74 120 1
74 121 1
74 123 1
74 124 1
74 126 1
74 127 1
74 133 1
74 135 1
74 137 1
74 140 -1
74 141 1
74 147 1
74 148 1
74 149 -1
75 2 1
75 3 1
75 6 1
75 8 1
75 9 1
75 11 1
75 12 1
75 13 1
75 18 1
75 20 1
75 24 1
75 25 1
75 29 1
75 34 1
75 36 1
75 38 1
75 39 1
75 42 1
75 45 1
75 47 1
75 49 1
75 63 1
75 67 -1
75 70 1
75 71 1
75 73 1
75 74 1
75 78 1
75 79 1
75 83 1
75 85 1
75 86 -1
75 88 1
75 93 1
75 94 1
75 98 1
75 103 1
75 106 1
75 115 -1
75 118 1
75 119 1
75 121 -1
75 122 1
75 126 1
75 129 1
75 130 -1
75 131 1
75 136 1
75 139 1
75 142 1
75 143 1
75 144 1
75 149 1
75 150 1
76 2 1
76 3 -1
76 5 1
76 13 1
76 14 -1
76 20 1
76 21 1
76 23 1
76 27 1
76 29 1
76 33 1
76 36 1
76 37 1
76 38 1
76 46 1
76 48 1
76 51 1
76 52 1
76 57 1
76 60 -1
76 62 1
76 63 1
76 64 1
76 67 1
76 68 1
76 71 1
76 73 1
76 75 -1
76 78 -1
76 81 1
76 82 1
76 83 1
76 86 1
76 90 1
76 92 1
76 95 1
76 101 1
76 106 1
76 108 -1
76 109 1
76 110 1
76 111 1
76 114 1
76 116 1
76 122 1
76 125 1
76 126 1
76 128 1
76 130 1
76 133 1
76 135 1
76 137 1
76 138 -1
76 143 1
76 144 1
76 147 1
76 149 -1
77 1 1
77 5 1
77 10 1
77 11 1
77 12 1
77 16 1
77 18 1
77 25 1
77 26 1
77 28 1
77 29 -1
77 32 1
77 35 -1
77 36 1
77 37 1
77 40 1
77 46 1
77 47 1
77 50 1
77 52 1
77 55 1
77 56 1
77 59 1
77 60 -1
77 61 1
77 66 1
77 67 -1
77 70 1
77 80 -1
77 82 1
77 83 -1
77 85 1
77 86 1
77 87 -1
77 89 1
77 90 -1
77 91 1
77 93 1
77 98 1
77 109 1
77 111 1
77 112 1
77 114 -1
77 115 1
77 116 1
77 117 -1
77 120 1
77 123 1
77 126 1
77 133 1
77 136 1
77 137 1
77 144 1
77 146 1
78 1 1
78 2 -1
78 4 1
78 10 1
78 12 1
78 13 1
78 15 1
78 19 1
78 21 -1
78 28 1
78 29 1
78 30 1
78 35 1
78 38 1
78 39 1
78 46 1
78 52 1
78 53 -1
78 54 1
78 55 1
78 56 1
78 58 1
78 60 -1
78 64 1
78 69 1
78 71 1
78 73 -1
78 77 1
78 80 1
78 81 1
78 83 1
78 84 -1
78 86 1
78 87 1
78 95 1
78 96 1
78 98 1
78 99 1
78 100 -1
78 104 1
78 107 1
78 110 1
78 111 1
78 120 -1
78 122 1
78 125 1
78 126 -1
78 127 1
78 128 1
78 131 -1
78 134 1
78 135 1
78 136 1
78 137 1
78 138 -1
78 144 1
78 145 1
78 148 -1
79 3 1
79 6 1
79 7 -1
79 8 1
79 11 1
79 21 1
79 23 1
79 25 -1
79 32 -1
79 33 1
79 34 1
79 36 1
79 37 1
79 38 -1
79 43 1
79 48 1
79 49 -1
79 50 1
79 51 -1
79 53 1
79 55 1
79 59 1
79 60 1
79 62 -1
79 69 1
79 70 1
79 73 -1
79 74 1
79 76 1
79 77 1
79 78 1
79 80 1
79 83 1
79 87 1
79 89 1
79 91 1
79 92 1
79 96 1
79 99 -1
79 102 1
79 103 -1
79 104 -1
79 105 1
79 106 1
79 107 -1
79 110 1
79 112 1
79 115 1
79 117 1
79 118 1
79 120 1
79 121 1
79 123 1
79 124 1
79 128 1
79 129 1
79 130 1
79 135 1
79 136 1
79 139 1
79 141 1
79 143 1
79 145 1
79 149 1
80 3 1
80 6 1
80 7 1
80 8 -1
80 10 1
80 12 1
80 19 1
80 23 1
80 24 -1
80 25 -1
80 29 -1
80 33 1
80 34 1
80 35 -1
80 36 1
80 37 1
80 42 1
80 45 1
80 46 -1
80 47 -1
80 49 1
80 50 1
80 51 1
80 54 -1
80 58 1
80 62 -1
80 63 -1
80 64 1
80 65 -1
80 66 1
80 67 1
80 68 -1
80 69 1
80 74 -1
80 83 1
80 89 1
80 92 1
80 93 1
80 97 1
80 100 1
80 102 1
80 103 -1
80 104 1
80 111 -1
80 114 1
80 115 -1
80 118 1
80 121 -1
80 124 -1
80 127 1
80 133 1
80 134 1
80 138 1
80 139 1
80 143 1
80 144 -1
80 147 1
80 149 1
81 4 1
81 6 1
81 8 -1
81 11 -1
81 12 1
81 13 -1
81 17 1
81 19 -1
81 20 1
81 22 -1
81 24 1
81 26 1
81 34 1
81 36 1
81 40 1
81 43 1
81 45 -1
81 46 1
81 53 1
81 54 1
81 59 -1
81 60 1
81 63 -1
81 64 1
81 66 1
81 68 -1
81 71 1
81 73 1
81 74 -1
81 75 1
81 79 1
81 85 1
81 87 -1
81 93 1
81 97 1
81 100 1
81 101 1
81 102 1
81 104 1
81 105 1
81 109 1
81 110 1
81 111 1
81 112 1
81 113 1
81 116 1
81 117 1
81 120 -1
81 121 1
81 129 1
81 130 1
81 131 1
81 133 1
81 138 1
81 140 1
81 141 1
81 143 1
81 146 1
81 149 1
82 1 1
82 9 1
82 11 -1
82 14 1
82 15 1
82 17 1
82 18 1
82 22 1
82 24 -1
82 25 1
82 28 -1
82 29 -1
82 30 1
82 31 -1
82 32 1
82 34 1
82 38 1
82 45 1
82 47 1
82 48 1
82 49 1
82 50 1
82 56 1
82 57 1
82 66 1
82 68 -1
82 70 1
82 71 1
82 90 1
82 98 1
82 99 1
82 101 1
82 104 1
82 105 1
82 109 -1
82 111 1
82 112 1
82 115 1
82 116 1
82 120 1
82 121 1
82 123 1
82 124 -1
82 125 -1
82 129 1
82 130 1
82 132 1
82 133 -1
82 137 1
82 138 -1
82 139 1
82 140 1
82 143 1
82 144 1
83 3 1
83 4 1
83 7 -1
83 8 1
83 10 1
83 12 1
83 14 1
83 15 1
83 17 1
83 22 -1
83 23 1
83 28 1
83 33 1
83 34 1
83 36 1
83 43 1
83 53 1
83 55 1
83 60 1
83 64 -1
83 66 1
83 67 1
83 68 1
83 74 1
83 81 -1
83 82 1
83 86 1
83 87 1
83 89 1
83 92 1
83 97 1
83 99 1
83 104 1
83 108 1
83 109 -1
83 110 -1
83 114 1
83 116 1
83 117 -1
83 121 1
83 122 1
83 123 1
83 124 1
83 127 1
83 130 1
83 132 -1
83 134 1
83 135 1
83 137 1
83 140 -1
83 141 -1
83 142 1
83 144 1
83 146 -1
83 149 1
84 1 1
84 3 1
84 5 1
84 7 1
84 8 1
84 9 1
84 13 1
84 14 1
84 15 1
84 22 1
84 23 1
84 24 1
84 28 1
84 31 1
84 33 1
84 36 1
84 40 -1
84 41 1
84 46 1
84 47 -1
84 49 -1
84 50 -1
84 51 1
84 53 1
84 57 1
84 58 1
84 61 1
84 62 1
84 65 -1
84 67 -1
84 68 1
84 72 -1
84 73 1
84 75 1
84 80 1
84 81 1
84 83 1
84 89 1
84 94 1
84 96 1
84 99 1
84 100 1
84 102 1
84 107 1
84 114 1
84 117 1
84 118 -1
84 120 -1
84 124 -1
84 127 1
84 129 -1
84 130 1
84 132 1
84 134 1
84 137 1
84 138 1
84 141 1
84 142 1
85 2 1
85 3 1
85 6 1
85 10 1
85 11 1
85 12 1
85 13 1
85 16 -1
85 20 -1
85 21 1
85 25 1
85 32 1
85 37 1
85 38 1
85 45 1
85 46 1
85 49 1
85 50 1
85 51 1
85 55 1
85 60 1
85 62 1
85 63 1
85 64 -1
85 65 -1
85 66 1
85 67 1
85 72 1
85 78 1
85 79 1
85 80 -1
85 82 1
85 83 1
85 91 1
85 95 1
85 96 1
85 97 1
85 98 1
85 100 1
85 101 1
85 102 -1
85 106 1
85 107 1
85 109 1
85 110 1
85 112 1
85 114 -1
85 115 1
85 119 1
85 120 1
85 121 1
85 123 1
85 125 1
85 128 1
85 129 1
85 132 1
85 136 1
85 137 -1
85 148 1
86 2 1
86 3 -1
86 5 1
86 7 1
86 9 1
86 14 1
86 15 1
86 16 1
86 18 1
86 19 1
86 21 1
86 22 1
86 26 1
86 27 1
86 28 1
86 29 -1
86 32 1
86 33 1
86 35 1
86 41 1
86 42 -1
86 43 -1
86 45 1
86 46 1
86 49 -1
86 50 -1
86 52 1
86 53 1
86 56 1
86 63 1
86 65 1
86 67 -1
86 68 1
86 70 1
86 71 1
86 74 1
86 79 1
86 80 1
86 81 -1
86 82 1
86 85 1
86 87 1
86 91 1
86 94 1
86 95 1
86 97 1
86 98 1
86 107 1
86 114 1
86 115 1
86 118 1
86 121 1
86 122 1
86 123 1
86 127 1
86 129 1
86 131 1
86 132 -1
86 135 1
86 138 1
86 139 -1
86 147 1
86 150 1
87 1 1
87 4 1
87 8 1
87 11 1
87 15 1
87 18 1
87 20 1
87 21 1
87 22 1
87 27 1
87 30 1
87 31 1
87 35 1
87 36 1
87 39 1
87 40 1
87 42 1
87 43 1
87 45 1
87 48 1
87 52 1
87 53 1
87 55 1
87 61 1
87 68 -1
87 70 -1
87 73 1
87 74 1
87 75 1
87 80 1
87 82 1
87 84 1
87 85 1
87 88 -1
87 90 1
87 91 1
87 92 1
87 97 1
87 99 1
87 100 1
87 101 1
87 102 1
87 105 -1
87 108 1
87 109 1
87 111 1
87 115 1
87 117 -1
87 118 1
87 119 1
87 120 1
87 124 1
87 125 1
87 133 1
87 135 -1
87 136 1
87 137 1
87 138 1
87 140 1
87 145 1
87 146 1
87 149 1
88 1 -1
88 3 1
88 4 1
88 6 1
88 7 1
88 8 1
88 9 1
88 16 1
88 18 1
88 21 1
88 23 1
88 27 1
88 28 -1
88 30 1
88 32 1
88 35 1
88 36 1
88 37 1
88 40 1
88 41 1
88 43 1
88 44 1
88 47 1
88 48 1
88 51 1
88 52 1
88 55 -1
88 56 1
88 63 1
88 65 1
88 68 1
88 71 1
88 72 1
88 73 1
88 76 1
88 77 1
88 78 1
88 81 1
88 82 1
88 83 1
88 84 1
88 86 1
88 90 1
88 93 1
88 94 1
88 102 1
88 105 -1
88 106 1
88 107 -1
88 108 1
88 110 1
88 111 1
88 112 -1
88 114 -1
88 119 -1
88 122 1
88 123 -1
88 124 1
88 127 1
88 128 -1
88 132 1
88 135 1
88 138 1
88 139 1
88 140 1
88 148 1
88 149 1
89 2 1
89 4 1
89 6 1
89 9 1
89 10 1
89 11 1
89 13 1
89 14 1
89 25 1
89 26 1
89 27 1
89 29 1
89 31 1
89 32 -1
89 33 -1
89 36 1
89 38 1
89 39 1
89 42 1
89 46 1
89 49 1
89 50 1
89 51 1
89 52 1
89 53 1
89 56 1
89 59 1
89 61 -1
89 62 -1
89 68 -1
89 71 1
89 74 1
89 75 1
89 76 1
89 78 1
89 81 1
89 82 1
89 85 -1
89 87 1
89 88 1
89 91 1
89 95 -1
89 97 1
89 99 1
89 104 1
89 107 -1
89 108 -1
89 109 1
89 111 1
89 112 1
89 115 1
89 116 1
89 122 1
89 123 1
89 124 1
89 126 1
89 127 -1
89 128 -1
89 130 1
89 131 1
89 132 1
89 135 1
89 137 1
89 138 1
89 139 1
89 140 1
89 141 1
89 143 1
89 146 1
89 147 -1
89 149 1
89 150 -1
90 1 1
90 4 1
90 9 1
90 10 1
90 11 1
90 12 -1
90 17 1
90 20 -1
90 24 1
90 25 1
90 26 1
90 30 1
90 37 1
90 38 1
90 39 1
90 40 1
90 41 -1
90 44 -1
90 47 1
90 48 1
90 49 -1
90 50 -1
90 51 1
90 56 1
90 73 1
90 75 1
90 78 -1
90 79 1
90 80 1
90 81 1
90 84 1
90 85 -1
90 86 1
90 89 1
90 91 1
90 96 1
90 106 -1
90 107 -1
90 109 1
90 111 1
90 116 1
90 117 1
90 120 1
90 122 1
90 123 1
90 125 1
90 127 -1
90 128 -1
90 130 -1
90 131 1
90 136 1
90 137 1
90 143 1
90 144 -1
90 145 -1
90 146 1
90 148 1
90 150 1
91 1 1
91 2 1
91 4 1
91 6 1
91 8 1
91 11 1
91 14 -1
91 17 1
91 19 -1
91 22 1
91 24 1
91 26 1
91 29 1
91 30 -1
91 34 1
91 35 1
91 39 -1
91 42 1
91 43 1
91 46 1
91 47 1
91 50 1
91 52 -1
91 54 -1
91 55 1
91 56 1
91 57 -1
91 58 1
91 60 -1
91 63 -1
91 67 1
91 69 1
91 72 1
91 73 1
91 75 1
91 78 -1
91 80 -1
91 93 1
91 94 1
91 97 1
91 98 -1
91 99 1
91 104 1
91 107 1
91 109 1
91 110 1
91 113 1
91 114 1
91 115 1
91 116 1
91 117 1
91 118 1
91 121 1
91 126 1
91 128 1
91 129 1
91 135 1
91 139 -1
91 148 1
91 150 -1
92 1 -1
92 6 1
92 7 -1
92 8 1
92 9 1
92 11 1
92 16 -1
92 18 1
92 24 1
92 25 -1
92 26 1
92 31 1
92 32 1
92 34 1
92 36 1
92 37 1
92 39 -1
92 41 1
92 43 -1
92 46 1
92 47 -1
92 54 1
92 63 -1
92 64 -1
92 68 1
92 70 1
92 72 -1
92 75 1
92 78 1
92 81 1
92 82 1
92 84 1
92 85 1
92 86 1
92 89 1
92 98 1
92 100 1
92 101 1
92 103 -1
92 104 1
92 107 -1
92 109 1
92 111 1
92 112 1
92 113 -1
92 114 1
92 116 -1
92 117 1
92 122 1
92 125 1
92 128 1
92 132 1
92 136 1
92 138 -1
92 139 1
92 144 1
92 149 -1
92 150 1
93 1 1
93 2 1
93 3 1
93 5 1
93 8 1
93 9 1
93 10 1
93 12 1
93 13 1
93 14 1
93 15 -1
93 23 1
93 25 -1
93 28 1
93 29 1
93 31 1
93 32 1
93 36 1
93 39 1
93 41 1
93 45 1
93 49 1
93 50 1
93 51 1
93 52 1
93 53 1
93 54 1
93 55 1
93 57 1
93 58 1
93 60 1
93 62 1
93 67 1
93 68 1
93 70 1
93 74 1
93 76 1
93 78 -1
93 79 1
93 83 -1
93 84 1
93 85 1
93 86 1
93 87 1
93 90 -1
93 92 1
93 97 1
93 99 1
93 100 1
93 101 -1
93 103 1
93 104 -1
93 107 1
93 108 1
93 109 1
93 110 -1
93 114 -1
93 116 -1
93 118 1
93 123 1
93 126 -1
93 128 1
93 129 -1
93 131 1
93 134 1
93 142 1
93 143 1
93 145 1
93 146 -1
93 147 -1
93 149 1
93 150 1
94 2 1
94 6 -1
94 11 -1
94 14 1
94 22 1
94 24 1
94 25 -1
94 31 1
94 33 1
94 36 1
94 37 1
94 38 -1
94 40 -1
94 41 1
94 42 1
94 43 1
94 44 1
94 46 1
94 48 1
94 49 -1
94 50 1
94 52 1
94 53 1
94 56 1
94 59 1
94 62 1
94 65 -1
94 68 1
94 72 1
94 74 1
94 76 1
94 78 1
94 79 1
94 80 1
94 81 1
94 82 1
94 83 1
94 85 -1
94 87 1
94 89 1
94 90 -1
94 92 1
94 93 1
94 95 1
94 97 -1
94 98 -1
94 99 1
94 102 1
94 106 1
94 108 1
94 109 1
94 113 1
94 116 1
94 118 1
94 119 1
94 120 1
94 124 1
94 127 1
94 128 1
94 130 -1
94 133 1
94 135 1
94 141 1
94 143 1
94 148 1
95 3 1
95 4 -1
95 7 1
95 8 1
95 11 1
95 19 -1
95 26 1
95 28 1
95 29 1
95 30 1
95 31 1
95 32 1
95 34 1
95 35 -1
95 36 -1
95 38 1
95 39 1
95 40 1
95 44 1
95 47 1
95 48 -1
95 49 1
95 55 1
95 58 1
95 59 1
95 63 1
95 66 -1
95 69 -1
95 73 1
95 74 1
95 77 1
95 79 -1
95 80 -1
95 81 -1
95 82 1
95 83 1
95 88 1
95 90 1
95 92 1
95 93 1
95 97 1
95 98 1
95 99 1
95 100 1
95 101 1
95 102 1
95 103 1
95 109 1
95 111 1
95 112 1
95 113 -1
95 117 1
95 121 1
95 123 1
95 124 1
95 125 1
95 126 -1
95 133 1
95 134 1
95 135 1
95 136 1
95 139 1
95 140 1
95 142 1
95 143 -1
95 144 1
95 149 1
95 150 1
96 1 -1
96 7 1
96 8 1
96 11 1
96 14 1
96 15 -1
96 16 -1
96 19 1
96 24 1
96 25 1
96 26 1
96 29 1
96 32 1
96 34 -1
96 45 1
96 47 1
96 52 1
96 55 -1
96 58 1
96 59 -1
96 64 1
96 65 1
96 71 1
96 72 1
96 74 1
96 76 1
96 80 -1
96 81 -1
96 83 1
96 87 1
96 88 1
96 89 1
96 92 -1
96 94 -1
96 95 -1
96 97 1
96 98 1
96 103 1
96 105 1
96 106 1
96 107 -1
96 111 1
96 112 1
96 113 1
96 114 1
96 115 1
96 117 1
96 120 -1
96 121 1
96 122 1
96 123 1
96 127 1
96 133 1
96 134 1
96 140 1
96 144 -1
96 145 1
96 146 1
96 150 1
97 1 1
97 4 1
97 5 1
97 8 1
97 11 1
97 13 1
97 22 1
97 23 -1
97 24 1
97 26 1
97 32 1
97 35 1
97 36 1
97 42 1
97 43 -1
97 45 1
97 46 1
97 47 1
97 48 -1
97 49 -1
97 50 1
97 51 1
97 54 1
97 55 1
97 56 1
97 57 1
97 60 1
97 62 -1
97 69 1
97 74 -1
97 75 -1
97 76 1
97 82 -1
97 84 1
97 88 -1
97 92 -1
97 99 1
97 103 -1
97 106 1
97 112 1
97 113 1
97 115 -1
97 117 1
97 124 -1
97 128 1
97 129 -1
97 130 1
97 131 1
97 135 1
97 141 -1
97 142 1
97 143 1
97 148 1
97 149 -1
98 4 1
98 7 1
98 12 -1
98 13 1
98 15 1
98 18 -1
98 25 1
98 27 1
98 28 1
98 29 1
98 32 -1
98 35 1
98 36 1
98 41 -1
98 42 1
98 47 1
98 49 1
98 50 1
98 51 1
98 52 1
98 55 1
98 58 1
98 59 1
98 61 1
98 62 1
98 69 -1
98 70 1
98 71 1
98 72 1
98 73 1
98 74 1
98 76 1
98 79 1
98 80 1
98 81 1
98 83 1
98 84 1
98 87 1
98 88 1
98 90 1
98 93 -1
98 100 1
98 102 -1
98 106 1
98 108 -1
98 109 1
98 110 1
98 112 1
98 114 1
98 115 1
98 122 1
98 123 1
98 126 1
98 130 1
98 136 1
98 137 1
98 143 1
98 145 -1
98 146 1
98 147 1
98 148 1
98 150 1
99 2 1
99 5 -1
99 8 1
99 13 1
99 15 1
99 16 1
99 17 1
99 18 -1
99 19 1
99 22 -1
99 23 1
99 26 -1
99 32 1
99 35 1
99 37 1
99 38 1
99 39 -1
99 41 -1
99 43 1
99 44 1
99 46 -1
99 48 1
99 49 1
99 50 -1
99 57 1
99 59 1
99 61 1
99 64 1
99 65 -1
99 69 1
99 71 1
99 72 1
99 74 1
99 75 1
99 76 1
99 80 1
99 81 -1
99 85 1
99 86 1
99 90 -1
99 92 1
99 96 1
99 100 1
99 103 -1
99 107 1
99 108 1
99 109 -1
99 110 1
99 113 1
99 115 1
99 117 1
99 118 -1
99 119 -1
99 120 -1
99 125 1
99 129 1
99 130 1
99 132 1
99 137 1
99 140 1
99 144 1
99 145 -1
99 146 1
99 147 1
99 148 1
99 149 1
99 150 1
100 1 1
100 2 -1
100 3 1
100 5 1
100 6 -1
100 7 1
100 8 -1
100 12 1
100 15 1
100 17 1
100 18 1
100 19 -1
100 21 1
100 25 1
100 26 1
100 29 1
100 30 1
100 32 -1
100 34 1
100 37 1
100 38 1
100 42 -1
100 44 1
100 50 1
100 51 1
100 53 1
100 54 1
100 55 1
100 56 1
100 64 1
100 69 1
100 75 1
100 77 1
100 79 1
100 82 1
100 86 1
100 89 1
100 90 1
100 91 -1
100 96 -1
100 97 1
100 105 1
100 108 1
100 109 -1
100 110 1
100 114 1
100 119 1
100 120 -1
100 123 1
100 124 1
100 129 -1
100 133 1
100 138 1
100 141 1
100 144 1
100 145 1
100 146 1
100 148 1
100 150 1
101 1 1
101 2 1
101 6 1
101 8 1
101 12 1
101 13 1
101 14 -1
101 17 1
101 18 1
101 24 1
101 27 1
101 29 1
101 31 -1
101 32 1
101 34 1
101 40 -1
101 47 1
101 49 1
101 50 1
101 51 1
101 52 1
101 54 1
101 59 1
101 72 1
101 75 1
101 77 1
101 83 1
101 86 1
101 89 1
101 90 -1
101 91 1
101 96 1
101 97 1
101 98 1
101 103 1
101 104 1
101 105 1
101 107 1
101 110 1
101 111 1
101 112 1
101 113 -1
101 117 1
101 118 1
101 119 1
101 121 1
101 123 1
101 125 1
101 132 1
101 136 1
101 137 -1
101 142 1
101 146 1
101 147 1
102 2 -1
102 5 1
102 17 1
102 19 1
102 20 1
102 21 1
102 23 1
102 25 1
102 27 1
102 30 1
102 31 1
102 36 1
102 38 1
102 40 1
102 50 1
102 51 1
102 55 1
102 58 -1
102 59 -1
102 61 -1
102 62 -1
102 67 1
102 70 1
102 72 1
102 76 1
102 77 1
102 86 1
102 89 1
102 92 -1
102 97 1
102 100 1
102 101 1
102 107 1
102 109 1
102 111 1
102 112 1
102 114 -1
102 115 1
102 116 1
102 117 -1
102 119 1
102 120 1
102 122 1
102 123 1
102 129 1
102 134 -1
102 137 -1
102 140 1
102 141 -1
102 142 1
102 144 1
102 146 1
102 147 1
102 148 1
102 149 1
103 2 -1
103 15 1
103 20 1
103 24 1
103 26 1
103 34 1
103 39 1
103 41 1
103 42 1
103 48 1
103 49 1
103 51 -1
103 54 1
103 55 1
103 59 1
103 60 1
103 64 1
103 65 1
103 66 1
103 67 1
103 69 1
103 76 1
103 77 1
103 83 1
103 85 1
103 86 1
103 87 1
103 89 1
103 98 -1
103 100 -1
103 105 1
103 109 -1
103 110 -1
103 111 1
103 112 1
103 114 1
103 115 -1
103 124 1
103 132 1
103 139 1
103 140 1
103 141 1
103 142 1
103 143 -1
103 144 1
103 148 1
103 149 1
104 3 -1
104 4 -1
104 5 1
104 6 1
104 11 1
104 12 1
104 15 1
104 16 1
104 17 1
104 18 1
104 19 1
104 28 -1
104 29 -1
104 33 1
104 36 1
104 38 1
104 41 1
104 42 1
104 43 1
104 45 1
104 47 1
104 49 -1
104 53 -1
104 59 -1
104 68 1
104 69 -1
104 74 1
104 75 1
104 76 1
104 77 1
104 84 1
104 85 -1
104 90 1
104 94 -1
104 95 1
104 98 -1
104 99 -1
104 100 -1
104 102 -1
104 106 1
104 107 1
104 108 1
104 113 1
104 118 -1
104 120 -1
104 121 1
104 122 1
104 123 1
104 127 -1
104 130 1
104 131 1
104 132 1
104 135 1
104 136 -1
104 138 1
104 139 1
104 141 1
104 142 -1
104 143 1
104 145 1
104 147 1
104 149 -1
104 150 1
105 6 1
105 10 1
105 16 -1
105 18 1
105 21 -1
105 29 1
105 38 1
105 39 -1
105 41 1
105 44 1
105 45 -1
105 49 1
105 51 1
105 53 1
105 54 1
105 56 1
105 58 1
105 60 1
105 62 1
105 63 1
105 65 1
105 68 1
105 72 1
105 75 1
105 77 1
105 80 1
105 83 -1
105 84 1
105 85 1
105 89 1
105 92 1
105 97 -1
105 98 1
105 99 1
105 102 -1
105 109 1
105 115 1
105 118 1
105 119 1
105 121 1
105 125 1
105 127 -1
105 133 1
105 134 1
105 138 1
105 142 1
105 143 1
105 144 1
105 146 -1
105 149 1
106 1 1
106 2 1
106 5 -1
106 7 1
106 8 -1
106 10 1
106 12 -1
106 15 1
106 16 1
106 26 1
106 28 1
106 30 1
106 31 1
106 33 1
106 35 1
106 36 1
106 39 1
106 40 1
106 42 1
106 43 1
106 47 1
106 53 1
106 54 1
106 55 1
106 56 -1
106 58 1
106 59 1
106 62 1
106 69 -1
106 70 1
106 73 1
106 74 -1
106 77 1
106 78 1
106 80 1
106 81 1
106 84 1
106 86 -1
106 87 1
106 89 1
106 91 1
106 92 1
106 93 -1
106 95 -1
106 101 -1
106 102 1
106 108 -1
106 109 -1
106 110 1
106 112 -1
106 113 1
106 117 1
106 118 1
106 119 1
106 120 1
106 123 1
106 129 1
106 136 1
106 139 -1
106 141 1
106 143 1
106 145 1
106 146 1
106 150 1
107 3 1
107 4 1
107 7 1
107 8 -1
107 12 -1
107 14 1
107 15 1
107 16 1
107 17 1
107 25 1
107 28 1
107 29 1
107 31 1
107 34 -1
107 36 1
107 41 1
107 44 -1
107 49 1
107 50 -1
107 51 1
107 52 1
107 53 1
107 54 1
107 55 1
107 56 1
107 59 1
107 61 1
107 63 1
107 64 1
107 65 1
107 69 1
107 73 1
107 75 -1
107 80 1
107 82 1
107 87 -1
107 95 1
107 97 1
107 98 1
107 100 1
107 106 1
107 108 1
107 114 1
107 116 1
107 119 1
107 125 -1
107 127 1
107 129 1
107 137 1
107 139 1
107 142 -1
107 143 1
107 144 1
107 145 1
107 147 1
107 149 1
107 150 1
108 2 1
108 4 1
108 7 -1
108 9 -1
108 11 1
108 14 1
108 17 1
108 18 1
108 19 -1
108 20 1
108 21 -1
108 22 1
108 24 -1
108 27 1
108 29 1
108 31 1
108 33 1
108 35 -1
108 36 1
108 38 1
108 40 1
108 41 1
108 42 -1
108 46 1
108 47 -1
108 48 1
108 50 1
108 56 1
108 58 1
108 59 1
108 62 -1
108 63 1
108 72 -1
108 73 -1
108 74 1
108 77 1
108 80 1
108 90 -1
108 91 1
108 95 1
108 96 1
108 102 -1
108 103 -1
108 109 1
108 110 1
108 113 1
108 114 1
108 115 1
108 116 1
108 118 1
108 120 1
108 121 1
108 123 1
108 124 1
108 126 1
108 129 1
108 130 1
108 133 1
108 135 1
108 136 1
108 139 1
108 140 1
108 142 1
108 144 1
108 146 -1
109 2 1
109 3 1
109 4 1
109 11 1
109 17 1
109 21 1
109 22 1
109 24 1
109 25 1
109 28 1
109 33 1
109 36 1
109 40 1
109 41 1
109 43 -1
109 46 1
109 48 1
109 49 1
109 51 -1
109 56 1
109 57 -1
109 61 1
109 63 1
109 65 -1
109 69 1
109 73 1
109 74 1
109 75 1
109 78 1
109 80 1
109 86 -1
109 88 -1
109 97 1
109 101 1
109 104 1
109 107 -1
109 110 1
109 113 1
109 114 1
109 117 1
109 120 -1
109 121 1
109 125 1
109 134 1
109 137 1
109 146 1
109 148 -1
110 4 1
110 6 1
110 11 1
110 14 -1
110 16 1
110 19 1
110 20 1
110 22 1
110 25 1
110 26 1
110 27 1
110 29 1
110 31 1
110 32 1
110 33 -1
110 34 1
110 35 1
110 38 -1
110 39 1
110 45 1
110 46 1
110 49 1
110 50 1
110 56 -1
110 59 1
110 61 -1
110 69 1
110 71 1
110 75 1
110 77 1
110 80 1
110 82 1
110 84 -1
110 87 1
110 89 -1
110 92 1
110 95 1
110 102 1
110 105 1
110 112 1
110 115 -1
110 117 1
110 118 1
110 121 1
110 122 1
110 124 1
110 127 1
110 128 -1
110 131 1
110 134 1
110 139 -1
110 140 -1
110 146 1
110 147 1
110 150 1
111 1 1
111 2 1
111 10 -1
111 11 1
111 13 -1
111 19 -1
111 23 1
111 26 1
111 31 1
111 36 1
111 38 1
111 39 1
111 40 1
111 42 -1
111 45 1
111 48 -1
111 49 1
111 50 1
111 51 1
111 53 1
111 56 1
111 57 1
111 67 1
111 69 -1
111 70 -1
111 75 1
111 79 -1
111 83 1
111 85 -1
111 91 -1
111 93 1
111 97 -1
111 98 1
111 100 1
111 105 1
111 107 -1
111 108 1
111 109 1
111 112 1
111 115 1
111 117 1
111 119 -1
111 120 -1
111 121 1
111 124 1
111 125 1
111 127 -1
111 130 1
111 134 -1
111 139 -1
111 141 1
111 143 1
111 144 -1
111 145 1
111 146 1
111 147 1
112 4 -1
112 5 1
112 6 1
112 10 1
112 11 1
112 12 1
112 14 1
112 16 1
112 18 -1
112 25 -1
112 27 1
112 30 1
112 36 1
112 42 -1
112 43 -1
112 46 1
112 48 1
112 49 1
112 51 1
112 52 1
112 54 1
112 56 1
112 58 1
112 61 1
112 62 -1
112 64 1
112 65 1
112 71 -1
112 75 1
112 76 -1
112 78 1
112 84 1
112 86 1
112 87 1
112 91 1
112 93 1
112 94 1
112 99 -1
112 104 1
112 105 1
112 107 1
112 108 1
112 109 1
112 114 -1
112 115 -1
112 120 -1
112 124 -1
112 130 1
112 131 1
112 132 -1
112 133 1
112 136 1
112 146 1
112 148 1
112 149 1
113 5 1
113 9 1
113 15 1
113 18 1
113 19 1
113 23 1
113 26 1
113 29 1
113 33 1
113 35 1
113 36 1
113 45 -1
113 48 1
113 55 1
113 56 1
113 59 -1
113 61 1
113 62 1
113 63 1
113 64 -1
113 65 1
113 66 1
113 68 -1
113 72 1
113 76 1
113 77 1
113 79 1
113 82 1
113 83 1
113 84 1
113 85 1
113 86 1
113 88 1
113 89 1
113 90 1
113 98 1
113 100 1
113 102 -1
113 103 1
113 105 1
113 107 -1
113 115 -1
113 116 -1
113 121 1
113 123 1
113 126 -1
113 128 1
113 130 1
113 131 1
113 134 1
113 135 1
113 137 1
113 139 -1
113 142 1
113 143 1
113 144 -1
113 145 -1
113 146 -1
114 6 1
114 9 -1
114 10 1
114 11 1
114 12 -1
114 14 1
114 18 1
114 19 1
114 24 1
114 25 1
114 26 1
114 27 1
114 28 1
114 31 -1
114 33 1
114 34 1
114 35 1
114 37 1
114 38 -1
114 40 1
114 43 1
114 45 1
114 46 -1
114 47 1
114 48 1
114 52 1
114 55 -1
114 56 -1
114 58 1
114 64 1
114 66 1
114 67 1
114 68 1
114 70 1
114 75 1
114 78 1
114 81 1
114 82 1
114 87 1
114 89 1
114 95 1
114 97 1
114 104 1
114 105 1
114 110 1
114 111 -1
114 113 1
114 115 -1
114 117 1
114 119 1
114 120 1
114 121 -1
114 124 1
114 125 1
114 126 1
114 127 1
114 129 1
114 138 1
114 140 1
114 142 1
114 143 1
114 146 1
114 150 -1
115 1 1
115 4 1
115 6 1
115 13 1
115 14 1
115 18 1
115 19 1
115 21 1
115 22 -1
115 24 1
115 29 1
115 30 1
115 33 1
115 36 1
115 37 1
115 39 1
115 40 1
115 42 1
115 43 1
115 44 1
115 45 -1
115 48 1
115 54 -1
115 55 1
115 61 1
115 64 1
115 65 1
115 67 -1
115 76 1
115 78 1
115 83 1
115 84 1
115 88 1
115 90 1
115 93 1
115 94 1
115 100 1
115 101 1
115 104 1
115 107 1
115 109 1
115 116 1
115 122 -1
115 126 -1
115 129 1
115 130 1
115 131 1
115 133 1
115 137 -1
115 139 1
115 140 1
115 141 1
115 145 1
115 146 1
115 147 1
115 150 1
116 1 1
116 5 1
116 10 1
116 12 1
116 13 1
116 15 -1
116 18 1
116 20 1
116 21 1
116 25 -1
116 31 1
116 34 1
116 35 1
116 37 1
116 39 1
116 48 1
116 54 -1
116 58 1
116 59 -1
116 60 1
116 61 1
116 64 1
116 66 1
116 68 -1
116 71 1
116 74 1
116 79 1
116 80 1
116 84 1
116 95 -1
116 98 1
116 101 1
116 103 1
116 104 1
116 110 1
116 111 -1
116 114 1
116 129 -1
116 134 1
116 135 1
116 136 -1
116 138 -1
116 140 1
116 141 -1
116 143 1
116 145 1
116 150 -1
117 5 1
117 6 1
117 7 1
117 8 1
117 9 1
117 11 1
117 12 1
117 13 1
117 15 1
117 19 1
117 20 1
117 22 1
117 25 1
117 27 1
117 30 1
117 32 -1
117 35 1
117 36 1
117 37 -1
117 38 1
117 40 -1
117 42 -1
117 43 1
117 44 -1
117 46 -1
117 47 -1
117 50 1
117 51 -1
117 52 1
117 55 1
117 56 1
117 58 -1
117 60 1
117 62 1
117 63 1
117 65 1
117 66 1
117 67 1
117 68 -1
117 70 1
117 71 -1
117 72 1
117 74 1
117 75 1
117 76 1
117 78 1
117 80 1
117 82 -1
117 85 1
117 86 1
117 93 -1
117 94 1
117 98 -1
117 100 1
117 103 1
117 104 1
117 105 1
117 107 1
117 108 1
117 112 1
117 113 1
117 115 -1
117 116 1
117 120 1
117 123 -1
117 127 1
117 128 1
117 133 1
117 134 1
117 135 1
117 141 1
117 142 1
117 144 1
117 148 1
118 2 1
118 5 1
118 9 1
118 10 1
118 13 1
118 14 -1
118 17 -1
118 18 1
118 20 1
118 22 1
118 23 1
118 24 1
118 25 1
118 28 1
118 29 1
118 30 -1
118 32 1
118 33 1
118 35 -1
118 41 1
118 42 1
118 44 1
118 45 1
118 47 1
118 48 1
118 49 -1
118 54 1
118 58 1
118 60 1
118 61 1
118 76 -1
118 77 1
118 78 1
118 82 1
118 83 1
118 85 -1
118 89 1
118 90 -1
118 95 1
118 96 -1
118 97 1
118 98 -1
118 100 1
118 102 1
118 103 1
118 107 1
118 109 1
118 113 -1
118 114 1
118 115 1
118 116 1
118 117 1
118 119 -1
118 120 1
118 127 -1
118 133 -1
118 135 1
118 136 -1
118 138 1
118 140 1
118 141 -1
118 143 1
118 145 -1
118 147 1
118 148 1
118 149 1
118 150 1
119 2 1
119 6 1
119 12 1
119 13 1
119 14 1
119 16 1
119 24 1
119 28 -1
119 29 1
119 30 1
119 35 1
119 36 1
119 37 1
119 40 1
119 41 -1
119 44 1
119 45 1
119 46 1
119 54 1
119 56 -1
119 63 1
119 66 -1
119 67 1
119 68 1
119 70 1
119 71 1
119 73 1
119 76 1
119 77 1
119 80 1
119 81 1
119 82 1
119 83 1
119 84 1
119 90 1
119 91 -1
119 93 1
119 95 1
119 96 1
119 98 1
119 110 1
119 112 1
119 113 -1
119 115 1
119 124 -1
119 127 -1
119 128 1
119 129 1
119 142 1
119 145 -1
119 146 1
119 149 1
119 150 -1
120 2 -1
120 5 -1
120 6 1
120 10 1
120 11 1
120 15 1
120 16 1
120 17 1
120 18 1
120 21 1
120 24 1
120 26 1
120 27 -1
120 32 1
120 37 1
120 38 1
120 47 1
120 53 1
120 56 -1
120 59 -1
120 68 -1
120 69 1
120 75 1
120 83 1
120 88 1
120 89 1
120 91 1
120 92 -1
120 93 1
120 95 -1
120 97 -1
120 98 1
120 105 1
120 107 1
120 110 -1
120 113 1
120 115 1
120 116 1
120 119 1
120 123 1
120 124 1
120 125 1
120 127 1
120 131 -1
120 132 1
120 133 1
120 134 1
120 136 -1
120 140 1
120 141 1
120 142 -1
120 144 1
120 145 -1
120 147 1
120 148 1
120 150 1
121 1 1
121 2 1
121 8 1
121 12 1
121 14 -1
121 16 1
121 18 -1
121 20 1
121 25 1
121 26 1
121 27 1
121 28 1
121 29 -1
121 30 1
121 33 -1
121 34 1
121 35 1
121 41 -1
121 43 1
121 44 1
121 45 1
121 47 1
121 54 1
121 58 1
121 61 -1
121 62 1
121 63 -1
121 66 1
121 68 1
121 70 1
121 71 1
121 76 1
121 77 1
121 78 1
121 87 1
121 88 1
121 89 1
121 90 -1
121 92 -1
121 94 1
121 97 1
121 98 1
121 99 1
121 102 1
121 103 1
121 107 1
121 112 1
121 115 1
121 118 1
121 123 1
121 126 -1
121 133 1
121 134 1
121 146 1
121 149 -1
121 150 1
122 3 1
122 8 1
122 11 1
122 12 -1
122 14 1
122 15 1
122 19 -1
122 22 -1
122 24 -1
122 26 1
122 28 1
122 29 1
122 30 -1
122 32 -1
122 33 1
122 41 -1
122 42 1
122 45 -1
122 51 -1
122 52 -1
122 53 -1
122 54 1
122 55 1
122 56 1
122 61 -1
122 64 1
122 65 -1
122 67 -1
122 71 1
122 74 1
122 77 1
122 80 1
122 81 1
122 82 1
122 84 1
122 85 1
122 91 1
122 95 -1
122 97 1
122 99 1
122 100 -1
122 101 1
122 103 1
122 105 1
122 106 -1
122 108 1
122 109 1
122 112 -1
122 113 -1
122 114 1
122 116 1
122 118 -1
122 120 1
122 127 1
122 128 -1
122 131 1
122 132 1
122 135 1
122 136 1
122 137 1
122 139 1
122 143 1
122 144 1
122 146 1
122 148 1
122 149 1
123 9 -1
123 10 -1
123 13 1
123 17 -1
123 18 1
123 20 1
123 24 1
123 25 1
123 26 1
123 28 1
123 29 1
123 31 -1
123 36 1
123 37 1
123 40 1
123 42 1
123 43 1
123 45 -1
123 46 1
123 47 1
123 49 1
123 50 1
123 52 1
123 54 1
123 58 1
123 60 1
123 63 1
123 71 -1
123 72 1
123 75 1
123 78 -1
123 80 1
123 84 1
123 91 1
123 92 1
123 97 1
123 99 1
123 103 1
123 109 1
123 111 1
123 114 1
123 115 1
123 116 -1
123 118 -1
123 126 1
123 128 -1
123 129 1
123 132 1
123 137 1
123 142 1
123 144 1
123 145 1
123 147 1
123 150 1
124 2 1
124 8 1
124 9 1
124 11 1
124 14 1
124 18 1
124 21 1
124 22 1
124 23 1
124 24 1
124 26 1
124 27 1
124 31 -1
124 32 1
124 35 1
124 37 1
124 41 -1
124 43 1
124 49 1
124 53 1
124 54 1
124 55 1
124 56 1
124 61 1
124 66 -1
124 67 1
124 69 -1
124 72 1
124 76 -1
124 77 -1
124 78 -1
124 81 -1
124 85 1
124 91 1
124 92 1
124 93 1
124 96 1
124 98 1
124 99 1
124 101 1
124 104 1
124 106 1
124 109 1
124 113 1
124 115 -1
124 118 1
124 121 1
124 122 1
124 123 1
124 127 1
124 129 1
124 130 1
124 132 -1
124 134 1
124 136 1
124 140 1
124 144 1
124 145 1
124 146 -1
124 148 1
124 150 1
125 3 1
125 5 -1
125 8 -1
125 10 1
125 14 1
125 16 1
125 19 1
125 23 -1
125 28 1
125 29 1
125 30 1
125 31 -1
125 39 1
125 40 1
125 41 1
125 45 1
125 47 -1
125 49 1
125 51 1
125 52 -1
125 53 1
125 58 1
125 64 -1
125 65 1
125 66 1
125 67 1
125 68 1
125 69 1
125 71 -1
125 72 1
125 74 1
125 75 -1
125 81 -1
125 83 1
125 84 1
125 86 -1
125 91 -1
125 96 -1
125 100 1
125 102 -1
125 108 -1
125 110 -1
125 113 1
125 115 1
125 116 1
125 117 1
125 118 -1
125 119 -1
125 123 1
125 131 1
125 132 1
125 133 -1
125 146 1
125 147 1
126 5 1
126 7 -1
126 8 1
126 10 1
126 13 1
126 17 1
126 18 1
126 19 1
126 20 1
126 21 1
126 22 1
126 27 1
126 30 1
126 31 1
126 32 1
126 34 1
126 35 1
126 37 1
126 39 1
126 42 1
126 44 1
126 46 1
126 49 1
126 52 -1
126 53 -1
126 56 1
126 62 1
126 64 1
126 68 1
126 73 1
126 80 1
126 81 1
126 83 1
126 84 1
126 85 1
126 86 1
126 88 1
126 90 1
126 92 1
126 94 1
126 96 1
126 97 1
126 99 1
126 100 1
126 101 1
126 102 1
126 103 1
126 104 1
126 105 1
126 106 1
126 109 1
126 110 1
126 111 1
126 112 -1
126 116 1
126 118 1
126 119 -1
126 120 1
126 122 1
126 124 1
126 125 1
126 127 1
126 131 1
126 132 1
126 133 -1
126 134 1
126 137 1
126 140 1
126 149 1
127 1 1
127 4 1
127 8 1
127 11 1
127 13 1
127 14 1
127 15 1
127 17 1
127 19 1
127 25 1
127 26 1
127 27 1
127 28 1
127 29 -1
127 34 1
127 42 -1
127 43 1
127 44 1
127 45 1
127 46 1
127 50 -1
127 53 1
127 54 -1
127 57 1
127 58 1
127 61 1
127 64 1
127 69 1
127 70 1
127 71 1
127 72 1
127 75 1
127 76 1
127 77 1
127 79 1
127 81 1
127 82 1
127 93 1
127 95 1
127 98 1
127 99 1
127 102 1
127 106 1
127 108 1
127 112 1
127 113 1
127 116 1
127 123 1
127 125 1
127 131 1
127 134 1
127 136 1
127 137 1
127 139 1
127 140 1
128 1 -1
128 6 1
128 10 1
128 20 1
128 24 -1
128 25 1
128 26 -1
128 30 1
128 33 -1
128 34 -1
128 35 1
128 36 -1
128 38 1
128 39 -1
128 43 1
128 44 1
128 46 1
128 47 1
128 48 -1
128 49 1
128 54 1
128 55 1
128 57 -1
128 58 1
128 61 1
128 62 1
128 63 -1
128 64 1
128 65 -1
128 67 1
128 68 -1
128 71 1
128 73 1
128 80 1
128 82 1
128 86 -1
128 87 1
128 96 1
128 98 1
128 100 1
128 101 1
128 103 -1
128 106 1
128 114 1
128 116 1
128 118 1
128 120 1
128 124 -1
128 125 1
128 127 -1
128 132 1
128 134 1
128 135 1
128 138 1
128 139 -1
128 140 1
128 141 1
128 143 1
128 148 1
129 4 1
129 5 1
129 7 1
129 8 1
129 12 1
129 15 1
129 16 1
129 17 1
129 18 1
129 19 1
129 22 1
129 24 1
129 30 -1
129 31 1
129 33 1
129 35 1
129 38 -1
129 39 1
129 41 1
129 43 1
129 44 1
129 47 1
129 50 -1
129 55 1
129 58 1
129 61 1
129 65 -1
129 68 -1
129 70 1
129 73 -1
129 74 1
129 76 1
129 77 -1
129 80 1
129 87 1
129 89 1
129 92 1
129 94 1
129 96 1
129 98 1
129 101 1
129 103 1
129 104 1
129 105 1
129 110 -1
129 111 1
129 117 1
129 118 -1
129 121 -1
129 122 1
129 125 -1
129 126 1
129 133 1
129 136 1
129 143 1
129 145 1
129 148 -1
130 3 1
130 6 1
130 7 1
130 11 1
130 17 1
130 18 -1
130 20 1
130 23 1
130 26 -1
130 27 1
130 29 1
130 31 -1
130 33 -1
130 37 1
130 41 1
130 44 1
130 48 1
130 50 1
130 52 -1
130 56 1
130 57 1
130 58 1
130 61 1
130 62 -1
130 63 1
130 66 1
130 68 -1
130 69 1
130 70 1
130 71 1
130 77 1
130 78 1
130 80 1
130 85 -1
130 86 1
130 87 1
130 91 1
130 93 1
130 95 1
130 101 1
130 102 1
130 105 1
130 106 1
130 107 -1
130 109 1
130 110 1
130 116 1
130 119 1
130 120 1
130 123 1
130 125 1
130 126 -1
130 127 1
130 128 1
130 129 1
130 133 1
130 137 1
130 138 1
130 140 1
130 142 1
130 145 1
130 149 1
131 3 1
131 9 1
131 12 1
131 14 1
131 15 1
131 24 1
131 31 1
131 32 1
131 33 1
131 34 -1
131 35 1
131 36 1
131 37 1
131 38 -1
131 40 1
131 41 1
131 42 1
131 43 1
131 45 -1
131 46 1
131 48 1
131 55 1
131 57 1
131 58 1
131 59 1
131 63 1
131 70 1
131 77 1
131 80 -1
131 82 1
131 83 1
131 84 1
131 87 1
131 91 1
131 92 1
131 94 1
131 95 1
131 96 -1
131 100 1
131 102 1
131 103 1
131 105 1
131 106 1
131 107 1
131 108 -1
131 114 -1
131 117 -1
131 118 1
131 119 1
131 121 -1
131 123 1
131 124 1
131 135 1
131 138 1
131 140 1
131 141 1
131 143 1
131 145 -1
131 147 -1
131 148 -1
131 149 1
132 3 1
132 6 1
132 7 1
132 8 1
132 9 1
132 12 1
132 13 -1
132 15 -1
132 17 1
132 19 1
132 22 -1
132 25 1
132 26 1
132 27 1
132 28 1
132 34 1
132 39 1
132 43 1
132 44 1
132 46 1
132 50 1
132 55 -1
132 57 1
132 58 1
132 59 1
132 61 1
132 62 1
132 64 1
132 65 -1
132 69 1
132 70 1
132 73 -1
132 74 1
132 76 -1
132 77 -1
132 79 -1
132 80 1
132 87 -1
132 91 1
132 94 1
132 95 -1
132 96 1
132 102 1
132 105 1
132 106 1
132 107 -1
132 108 1
132 109 1
132 111 1
132 113 -1
132 114 -1
132 115 -1
132 116 1
132 117 -1
132 118 1
132 129 1
132 131 1
132 135 1
132 139 1
132 140 1
132 145 1
132 146 1
132 147 1
132 149 1
133 1 1
133 2 1
133 3 1
133 4 -1
133 8 1
133 10 1
133 14 1
133 15 -1
133 17 1
133 18 1
133 19 1
133 22 1
133 26 -1
133 27 1
133 28 1
133 29 1
133 30 1
133 31 -1
133 33 1
133 36 1
133 42 -1
133 43 -1
133 46 1
133 50 1
133 52 -1
133 53 1
133 56 -1
133 59 1
133 60 1
133 62 1
133 65 1
133 69 1
133 71 1
133 73 1
133 78 1
133 79 1
133 83 -1
133 84 1
133 85 1
133 88 1
133 89 1
133 90 1
133 91 -1
133 92 1
133 93 -1
133 99 -1
133 101 1
133 102 1
133 103 1
133 104 1
133 106 1
133 110 1
133 111 1
133 113 -1
133 114 -1
133 122 -1
133 124 1
133 128 1
133 131 1
133 132 1
133 137 -1
133 140 1
133 142 -1
133 143 1
133 144 1
133 146 1
133 148 -1
133 150 -1
134 4 1
134 5 1
134 9 1
134 11 1
134 12 1
134 13 1
134 14 1
134 15 1
134 17 1
134 18 1
134 22 1
134 23 -1
134 25 -1
134 26 1
134 28 1
134 31 1
134 32 1
134 34 1
134 35 1
134 44 -1
134 45 1
134 46 -1
134 49 1
134 50 -1
134 52 1
134 55 1
134 56 1
134 60 1
134 61 1
134 64 1
134 66 -1
134 67 1
134 73 1
134 74 1
134 76 -1
134 85 -1
134 86 1
134 87 1
134 88 1
134 90 1
134 92 1
134 94 1
134 98 -1
134 99 1
134 100 1
134 103 1
134 104 1
134 108 1
134 112 1
134 119 1
134 122 1
134 123 1
134 125 1
134 129 1
134 131 1
134 133 1
134 136 1
134 140 -1
134 141 1
134 144 1
134 148 -1
135 2 1
135 7 1
135 8 1
135 9 1
135 13 -1
135 14 1
135 18 1
135 19 1
135 22 1
135 23 1
135 25 1
135 27 1
135 33 1
135 35 1
135 36 1
135 38 1
135 41 1
135 43 1
135 44 1
135 46 1
135 48 1
135 50 1
135 55 1
135 56 1
135 58 -1
135 64 1
135 65 -1
135 67 1
135 68 1
135 77 -1
135 81 1
135 82 1
135 84 1
135 85 1
135 90 1
135 92 1
135 93 -1
135 96 1
135 98 -1
135 99 1
135 100 1
135 102 1
135 106 1
135 107 1
135 109 1
135 110 1
135 111 1
135 112 -1
135 119 1
135 120 1
135 121 -1
135 123 1
135 125 1
135 127 1
135 129 -1
135 130 1
135 133 1
135 136 1
135 137 1
135 138 -1
135 141 1
135 144 -1
135 145 1
135 150 1
136 2 1
136 4 1
136 5 -1
136 8 1
136 10 1
136 12 -1
136 15 1
136 19 1
136 20 -1
136 25 1
136 27 1
136 30 -1
136 35 1
136 36 1
136 37 1
136 40 1
136 44 1
136 45 1
136 54 -1
136 55 1
136 56 1
136 60 1
136 64 1
136 65 1
136 67 1
136 68 1
136 69 1
136 71 1
136 72 1
136 73 -1
136 74 -1
136 80 1
136 82 1
136 84 -1
136 88 1
136 89 1
136 93 1
136 99 1
136 100 1
136 102 1
136 103 1
136 105 1
136 107 1
136 109 1
136 110 1
136 111 1
136 113 1
136 114 1
136 115 1
136 117 1
136 119 -1
136 121 1
136 123 1
136 125 1
136 126 1
136 128 1
136 130 1
136 131 1
136 132 1
136 133 1
136 137 1
136 144 -1
136 148 1
137 7 1
137 8 1
137 10 1
137 11 -1
137 12 1
137 16 1
137 17 1
137 18 1
137 23 -1
137 24 1
137 25 1
137 26 1
137 29 1
137 31 1
137 32 1
137 33 1
137 35 -1
137 37 -1
137 38 -1
137 39 1
137 47 1
137 48 1
137 49 1
137 50 1
137 51 -1
137 52 -1
137 54 1
137 57 -1
137 62 -1
137 67 -1
137 68 1
137 73 1
137 81 1
137 86 1
137 91 1
137 92 -1
137 93 -1
137 94 1
137 96 -1
137 97 1
137 100 1
137 105 1
137 111 1
137 116 1
137 118 1
137 119 1
137 120 1
137 121 1
137 125 1
137 128 -1
137 129 1
137 132 1
137 138 -1
137 141 1
137 143 1
137 146 1
137 147 1
138 1 -1
138 4 1
138 6 1
138 7 1
138 8 1
138 10 1
138 11 1
138 12 1
138 13 1
138 14 1
138 15 1
138 18 1
138 19 1
138 21 1
138 23 1
138 25 1
138 28 1
138 32 -1
138 34 -1
138 40 1
138 41 1
138 42 1
138 43 1
138 45 1
138 47 1
138 48 1
138 49 1
138 51 1
138 53 -1
138 55 1
138 57 1
138 65 1
138 67 1
138 68 1
138 69 1
138 70 1
138 74 1
138 79 1
138 85 1
138 91 1
138 93 1
138 94 1
138 95 1
138 96 1
138 97 1
138 99 -1
138 101 1
138 103 1
138 106 1
138 107 1
138 108 1
138 109 1
138 110 1
138 111 1
138 112 -1
138 113 1
138 115 1
138 117 1
138 122 1
138 123 -1
138 124 -1
138 125 1
138 126 1
138 129 1
138 132 -1
138 133 1
138 136 1
138 140 1
138 141 1
138 142 -1
138 145 1
138 149 1
139 5 1
139 7 1
139 8 1
139 12 1
139 13 1
139 15 1
139 16 1
139 18 1
139 19 1
139 20 1
139 21 1
139 22 1
139 23 1
139 24 -1
139 25 1
139 27 1
139 28 1
139 31 1
139 32 -1
139 33 1
139 34 1
139 35 1
139 37 1
139 38 1
139 43 1
139 45 1
139 46 1
139 48 1
139 51 1
139 55 1
139 56 1
139 59 1
139 60 1
139 65 1
139 66 1
139 67 -1
139 68 -1
139 69 1
139 71 1
139 73 1
139 74 1
139 77 1
139 78 -1
139 83 1
139 84 1
139 87 1
139 90 1
139 93 1
139 96 1
139 97 1
139 99 1
139 100 1
139 101 1
139 102 1
139 105 1
139 116 -1
139 118 -1
139 121 1
139 123 1
139 124 1
139 126 1
139 129 -1
139 130 -1
139 131 1
139 133 1
139 135 1
139 136 1
139 137 1
139 138 1
139 143 1
139 144 1
139 146 1
139 147 -1
140 2 1
140 4 1
140 7 1
140 9 1
140 10 1
140 12 1
140 13 1
140 15 1
140 16 1
140 21 1
140 29 1
140 32 1
140 36 1
140 38 1
140 40 1
140 42 1
140 43 1
140 44 -1
140 48 1
140 50 1
140 51 1
140 54 1
140 56 1
140 60 1
140 63 1
140 71 1
140 72 1
140 77 -1
140 79 -1
140 80 -1
140 84 1
140 90 -1
140 91 1
140 92 1
140 93 -1
140 94 1
140 98 1
140 100 1
140 101 1
140 104 1
140 106 1
140 109 1
140 111 1
140 119 1
140 122 1
140 123 1
140 129 -1
140 135 1
140 136 1
140 139 1
140 143 1
140 144 1
140 145 1
140 146 1
140 147 -1
141 3 1
141 6 1
141 9 1
141 18 -1
141 21 1
141 22 1
141 24 1
141 28 1
141 29 1
141 31 1
141 35 1
141 39 1
141 41 1
141 44 1
141 45 -1
141 47 -1
141 49 1
141 50 1
141 53 1
141 55 1
141 59 1
141 60 -1
141 65 1
141 70 1
141 71 1
141 72 -1
141 73 1
141 75 1
141 76 1
141 77 1
141 80 -1
141 82 -1
141 86 1
141 87 1
141 91 1
141 92 1
141 96 1
141 101 1
141 107 1
141 108 1
141 110 -1
141 112 1
141 113 1
141 119 1
141 123 1
141 126 1
141 130 -1
141 132 -1
141 133 1
141 136 1
141 139 -1
141 140 -1
141 144 1
141 146 1
141 149 1
141 150 1
142 5 1
142 12 -1
142 15 1
142 17 1
142 18 -1
142 19 1
142 23 1
142 27 1
142 28 1
142 32 1
142 33 1
142 34 1
142 35 1
142 36 1
142 38 -1
142 39 1
142 40 1
142 41 1
142 46 1
142 47 1
142 50 1
142 53 -1
142 54 1
142 58 1
142 61 1
142 62 1
142 68 1
142 69 1
142 71 1
142 73 -1
142 74 1
142 79 -1
142 81 1
142 85 1
142 86 1
142 87 1
142 88 1
142 89 -1
142 90 -1
142 91 1
142 96 1
142 98 1
142 100 -1
142 110 1
142 115 1
142 118 1
142 121 -1
142 122 1
142 129 1
142 131 1
142 132 1
142 134 -1
142 139 1
142 145 1
143 2 1
143 3 1
143 5 -1
143 6 -1
143 7 1
143 8 1
143 9 1
143 15 1
143 21 1
143 22 1
143 28 1
143 31 1
143 33 1
143 34 1
143 35 1
143 38 1
143 41 1
143 44 1
143 49 1
143 50 1
143 51 1
143 56 1
143 57 -1
143 62 1
143 64 1
143 66 1
143 67 -1
143 69 -1
143 70 1
143 71 1
143 72 1
143 73 1
143 74 -1
143 78 1
143 83 1
143 85 1
143 87 1
143 88 -1
143 91 1
143 92 1
143 100 -1
143 101 -1
143 102 1
143 109 -1
143 110 1
143 112 1
143 115 1
143 119 1
143 120 -1
143 121 1
143 124 1
143 125 -1
143 126 1
143 127 -1
143 130 1
143 134 1
143 136 1
143 138 1
143 141 1
143 142 1
143 149 -1
144 2 -1
144 4 1
144 7 1
144 10 1
144 20 -1
144 21 1
144 22 1
144 23 1
144 28 1
144 29 -1
144 32 1
144 33 -1
144 36 -1
144 38 1
144 40 1
144 44 1
144 58 -1
144 59 1
144 61 -1
144 63 1
144 66 -1
144 67 1
144 69 1
144 79 1
144 81 -1
144 84 1
144 85 1
144 87 1
144 89 1
144 91 1
144 93 1
144 94 1
144 97 1
144 98 1
144 101 1
144 104 -1
144 106 1
144 109 -1
144 110 -1
144 112 1
144 115 1
144 118 1
144 119 -1
144 125 1
144 128 1
144 129 1
144 131 1
144 132 -1
144 137 1
144 138 1
144 149 -1
145 1 1
145 5 1
145 10 -1
145 11 1
145 15 1
145 17 1
145 21 1
145 22 1
145 23 1
145 24 1
145 25 1
145 26 1
145 34 1
145 37 1
145 39 1
145 41 1
145 43 1
145 44 1
145 45 1
145 49 1
145 50 -1
145 55 1
145 57 1
145 59 -1
145 60 1
145 64 1
145 66 1
145 68 1
145 69 1
145 72 1
145 73 1
145 74 1
145 75 1
145 76 -1
145 77 -1
145 81 1
145 83 1
145 84 1
145 85 1
145 89 1
145 91 1
145 92 1
145 94 1
145 95 1
145 97 1
145 101 -1
145 102 1
145 103 1
145 108 -1
145 109 1
145 114 1
145 121 -1
145 122 1
145 125 -1
145 126 1
145 127 -1
145 128 1
145 134 1
145 137 -1
145 139 -1
145 141 1
145 143 1
145 144 1
145 146 1
145 148 1
146 1 1
146 6 1
146 7 1
146 10 1
146 12 1
146 14 1
146 21 -1
146 22 1
146 23 1
146 27 1
146 28 1
146 29 -1
146 37 1
146 38 1
146 39 1
146 41 1
146 44 -1
146 45 1
146 47 -1
146 51 -1
146 62 1
146 63 -1
146 64 1
146 67 1
146 68 -1
146 69 1
146 71 -1
146 73 1
146 76 1
146 79 -1
146 82 1
146 85 1
146 86 1
146 91 -1
146 94 1
146 95 -1
146 97 1
146 103 -1
146 107 -1
146 117 1
146 118 1
146 120 1
146 126 1
146 128 -1
146 129 1
146 134 1
146 135 1
146 136 1
146 138 1
146 142 1
146 148 -1
146 149 1
146 150 1
147 1 1
147 9 -1
147 16 -1
147 17 1
147 21 1
147 22 1
147 23 1
147 28 -1
147 30 -1
147 33 -1
147 38 1
147 41 1
147 43 1
147 44 1
147 50 1
147 52 1
147 53 1
147 54 1
147 55 1
147 56 1
147 59 1
147 60 -1
147 64 1
147 65 1
147 67 1
147 69 1
147 70 1
147 73 1
147 75 1
147 77 1
147 79 1
147 81 1
147 83 1
147 84 -1
147 85 -1
147 87 1
147 88 1
147 91 1
147 92 1
147 94 1
147 95 1
147 96 -1
147 103 1
147 105 -1
147 109 1
147 112 1
147 121 1
147 122 1
147 124 1
147 126 1
147 127 1
147 128 -1
147 129 1
147 130 1
147 133 1
147 134 1
147 136 1
147 138 1
147 141 -1
147 142 1
147 144 -1
147 145 1
147 146 1
148 2 1
148 5 1
148 6 1
148 7 1
148 8 1
148 9 1
148 14 1
148 15 1
148 22 -1
148 23 1
148 24 -1
148 27 1
148 28 -1
148 32 -1
148 33 1
148 35 1
148 36 -1
148 41 -1
148 43 1
148 47 -1
148 48 1
148 49 1
148 55 1
148 59 1
148 63 1
148 64 -1
148 67 1
148 68 1
148 70 1
148 71 1
148 75 1
148 79 1
148 80 -1
148 81 1
148 82 1
148 83 -1
148 87 1
148 89 1
148 92 1
148 93 1
148 95 -1
148 101 1
148 104 1
148 106 1
148 107 -1
148 110 1
148 111 1
148 113 -1
148 119 1
148 121 1
148 125 1
148 126 1
148 127 1
148 130 1
148 137 1
148 138 1
148 139 -1
148 142 1
148 143 1
148 144 1
148 147 1
148 150 1
149 2 -1
149 5 1
149 8 1
149 9 1
149 11 1
149 17 1
149 19 -1
149 20 1
149 24 -1
149 26 1
149 29 1
149 31 -1
149 38 -1
149 41 1
149 46 1
149 51 1
149 54 1
149 61 1
149 62 1
149 64 1
149 66 1
149 68 1
149 69 1
149 71 1
149 77 -1
149 78 1
149 84 1
149 86 1
149 90 1
149 91 1
149 94 1
149 96 1
149 98 -1
149 100 1
149 106 1
149 109 -1
149 110 1
149 113 1
149 114 -1
149 116 1
149 117 -1
149 120 1
149 123 1
149 124 1
149 128 1
149 133 1
149 135 1
149 136 1
149 137 1
149 140 1
149 142 1
149 145 1
149 147 -1
150 6 1
150 7 -1
150 8 1
150 11 -1
150 12 1
150 14 -1
150 17 1
150 23 1
150 24 1
150 25 1
150 28 1
150 29 1
150 33 1
150 35 1
150 36 1
150 37 1
150 39 1
150 44 -1
150 45 1
150 46 -1
150 52 1
150 55 -1
150 63 1
150 64 -1
150 66 1
150 67 1
150 68 1
150 71 -1
150 74 1
150 76 1
150 77 1
150 78 -1
150 79 -1
150 80 1
150 81 1
150 83 1
150 85 1
150 87 1
150 88 1
150 94 -1
150 97 1
150 102 1
150 103 1
150 108 1
150 109 1
150 112 1
150 122 1
150 125 1
150 126 1
150 127 1
150 129 1
150 132 1
150 134 1
150 136 1
150 138 -1
150 139 1
150 140 1
150 142 1
150 145 -1
