vertices: 70 edges: 1932
1 2 1
1 10 1
1 11 1
1 12 1
1 18 1
1 21 1
1 23 1
1 27 1
1 29 1
1 31 1
1 32 1
1 33 1
1 35 1
1 36 1
1 39 -1
1 41 1
1 42 1
1 43 1
1 47 1
1 49 1
1 51 1
1 52 1
1 54 1
1 57 1
1 59 1
1 60 1
1 63 1
1 67 1
1 69 1
2 3 1
2 4 -1
2 5 1
2 7 1
2 10 1
2 11 1
2 12 -1
2 16 1
2 18 1
2 19 -1
2 21 1
2 23 1
2 24 1
2 25 1
2 26 1
2 30 1
2 31 1
2 34 1
2 35 1
2 36 -1
2 37 -1
2 45 1
2 46 1
2 48 1
2 49 1
2 51 1
2 53 1
2 57 -1
2 59 1
2 62 1
2 63 -1
2 69 1
2 70 1
3 4 1
3 6 1
3 8 1
3 9 1
3 16 1
3 19 1
3 20 1
3 21 1
3 25 1
3 35 1
3 38 1
3 39 1
3 43 1
3 46 -1
3 47 1
3 48 1
3 49 1
3 50 -1
3 52 -1
3 53 1
3 54 1
3 56 1
3 57 1
3 61 1
3 62 1
3 64 1
3 66 1
4 5 1
4 6 1
4 8 -1
4 10 1
4 11 1
4 13 1
4 15 1
4 16 -1
4 21 1
4 22 -1
4 26 1
4 27 1
4 31 1
4 32 1
4 33 -1
4 38 1
4 40 -1
4 43 1
4 46 1
4 54 1
4 55 1
4 56 1
4 61 1
4 65 1
4 66 1
5 1 -1
5 6 1
5 9 -1
5 12 -1
5 13 1
5 17 1
5 18 1
5 19 1
5 20 1
5 21 1
5 22 1
5 26 1
5 30 1
5 31 -1
5 32 1
5 33 -1
5 34 1
5 40 1
5 42 1
5 43 1
5 44 1
5 46 -1
5 47 1
5 51 1
5 52 1
5 56 -1
5 57 1
5 60 1
5 62 1
5 63 1
5 64 -1
5 65 1
5 67 -1
5 68 1
5 69 1
6 2 1
6 8 1
6 10 1
6 11 1
6 14 1
6 18 1
6 21 1
6 22 1
6 26 1
6 27 -1
6 30 1
6 33 1
6 37 1
6 46 1
6 47 1
6 48 1
6 50 1
6 59 -1
6 60 1
6 65 -1
6 66 1
6 68 1
7 3 1
7 4 1
7 8 1
7 9 1
7 12 1
7 15 -1
7 16 1
7 18 1
7 20 -1
7 24 -1
7 29 1
7 31 1
7 32 1
7 37 1
7 38 -1
7 42 -1
7 50 1
7 53 1
7 55 -1
7 56 1
7 58 1
7 67 1
7 69 1
8 1 1
8 9 1
8 10 1
8 12 1
8 13 1
8 14 1
8 15 1
8 19 1
8 21 1
8 26 1
8 29 1
8 30 1
8 31 1
8 36 1
8 37 -1
8 38 1
8 39 1
8 41 1
8 42 -1
8 43 1
8 45 1
8 46 1
8 47 1
8 52 1
8 54 -1
8 58 1
8 62 1
8 64 1
8 65 -1
8 67 1
8 69 1
9 1 -1
9 2 1
9 4 -1
9 6 1
9 12 1
9 13 1
9 14 -1
9 15 1
9 19 1
9 22 -1
9 24 1
9 25 1
9 26 1
9 28 1
9 30 1
9 32 -1
9 33 1
9 35 1
9 39 1
9 40 1
9 41 1
9 44 1
9 46 -1
9 49 1
9 50 1
9 54 -1
9 55 1
9 56 1
9 58 1
9 59 1
9 60 1
9 62 1
9 63 1
9 64 1
9 65 1
9 66 1
9 67 1
9 69 -1
9 70 1
10 5 -1
10 9 1
10 12 1
10 13 1
10 14 1
10 15 1
10 16 1
10 18 -1
10 21 1
10 22 1
10 23 1
10 25 1
10 26 1
10 27 1
10 28 1
10 30 1
10 33 -1
10 36 1
10 38 1
10 39 1
10 40 -1
10 43 1
10 44 1
10 45 1
10 46 1
10 47 1
10 55 1
10 62 1
10 64 -1
10 66 1
10 67 1
10 68 1
11 3 1
11 5 1
11 7 1
11 12 1
11 18 1
11 19 1
11 21 1
11 23 -1
11 24 1
11 25 1
11 26 1
11 27 1
11 28 -1
11 31 1
11 36 1
11 37 1
11 39 1
11 40 -1
11 42 1
11 43 1
11 45 -1
11 46 1
11 48 1
11 50 1
11 52 -1
11 57 1
11 58 1
11 59 1
11 60 1
11 62 -1
11 69 1
12 3 1
12 4 1
12 13 1
12 15 1
12 18 1
12 21 1
12 23 1
12 24 1
12 27 -1
12 28 1
12 30 1
12 31 1
12 41 1
12 43 1
12 44 1
12 45 1
12 46 -1
12 47 1
12 49 1
12 51 -1
12 57 1
12 58 1
12 61 1
12 64 1
12 65 -1
12 69 1
13 1 1
13 2 -1
13 6 -1
13 7 1
13 14 1
13 16 -1
13 19 1
13 21 1
13 23 1
13 28 1
13 29 1
13 35 1
13 36 1
13 41 1
13 43 1
13 45 1
13 47 1
13 48 1
13 50 1
13 51 1
13 55 1
13 56 1
13 57 -1
13 58 1
13 62 1
13 65 1
13 67 1
13 70 1
14 1 -1
14 2 -1
14 4 1
14 5 1
14 7 1
14 11 1
14 12 1
14 16 -1
14 18 -1
14 20 1
14 21 -1
14 22 -1
14 23 1
14 24 1
14 27 1
14 28 1
14 35 -1
14 36 1
14 41 1
14 44 1
14 45 1
14 48 1
14 49 1
14 55 1
14 56 1
14 57 1
14 59 1
14 63 -1
14 65 1
14 66 1
15 1 1
15 2 1
15 3 1
15 6 1
15 14 1
15 17 1
15 18 1
15 22 1
15 25 1
15 28 1
15 29 1
15 32 1
15 38 1
15 40 1
15 41 1
15 42 1
15 43 1
15 44 1
15 45 -1
15 46 1
15 47 1
15 48 1
15 54 1
15 62 1
15 63 -1
15 64 1
16 6 -1
16 8 1
16 9 1
16 11 -1
16 12 -1
16 17 1
16 18 1
16 20 1
16 27 1
16 29 1
16 30 1
16 33 1
16 35 -1
16 36 1
16 39 1
16 44 1
16 45 1
16 48 1
16 49 1
16 53 1
16 55 1
16 56 1
16 60 -1
16 68 1
16 69 -1
17 1 1
17 4 -1
17 6 1
17 8 1
17 10 -1
17 13 1
17 14 1
17 21 1
17 25 1
17 27 -1
17 29 -1
17 31 -1
17 35 1
17 36 1
17 38 1
17 40 1
17 51 1
17 53 -1
17 54 1
17 55 -1
17 57 1
17 61 -1
17 63 1
17 64 1
17 66 1
17 68 1
18 4 1
18 8 1
18 13 1
18 17 1
18 20 1
18 21 1
18 22 1
18 26 1
18 30 1
18 33 1
18 34 1
18 36 1
18 37 1
18 40 1
18 42 1
18 43 1
18 44 1
18 48 -1
18 49 1
18 51 -1
18 55 1
18 56 1
18 57 -1
18 58 -1
18 59 1
18 60 1
18 69 1
19 1 -1
19 4 1
19 6 1
19 7 -1
19 14 1
19 15 1
19 16 1
19 17 1
19 18 1
19 20 1
19 24 -1
19 29 1
19 35 1
19 38 1
19 42 1
19 43 1
19 45 1
19 50 1
19 51 1
19 53 1
19 55 -1
19 57 1
19 59 1
19 60 1
19 62 1
19 63 1
19 67 1
19 68 1
19 70 1
20 1 1
20 4 1
20 9 1
20 10 1
20 13 1
20 15 1
20 22 -1
20 23 -1
20 24 1
20 27 1
20 28 1
20 30 1
20 36 1
20 37 1
20 44 -1
20 45 1
20 46 1
20 47 1
20 50 1
20 52 1
20 56 1
20 57 1
20 59 1
20 67 1
20 70 -1
21 7 -1
21 9 1
21 19 -1
21 22 1
21 29 1
21 36 1
21 38 1
21 40 1
21 41 1
21 43 1
21 54 1
21 56 1
21 57 1
21 59 1
21 64 1
21 68 1
22 1 -1
22 2 -1
22 3 1
22 7 -1
22 8 1
22 11 1
22 12 1
22 13 1
22 16 -1
22 17 -1
22 19 -1
22 24 1
22 26 -1
22 31 -1
22 32 1
22 39 -1
22 40 1
22 41 1
22 45 -1
22 46 1
22 50 -1
22 52 1
22 58 1
22 60 1
22 62 1
22 63 1
22 65 1
22 67 1
23 5 1
23 6 -1
23 8 1
23 9 1
23 15 1
23 16 1
23 18 1
23 19 -1
23 22 1
23 27 1
23 28 1
23 29 1
23 30 1
23 32 1
23 34 1
23 35 1
23 39 1
23 43 1
23 45 1
23 48 -1
23 49 1
23 50 1
23 52 -1
23 53 1
23 55 1
23 56 1
23 60 -1
23 61 1
23 64 -1
23 65 1
23 67 1
23 68 1
24 1 1
24 3 1
24 4 1
24 5 -1
24 6 -1
24 8 1
24 16 1
24 17 1
24 23 1
24 31 1
24 34 1
24 36 1
24 37 1
24 42 1
24 44 1
24 45 1
24 53 -1
24 54 -1
24 55 1
24 56 1
24 60 -1
24 61 1
24 64 1
24 66 -1
24 69 1
25 1 1
25 4 -1
25 13 1
25 14 -1
25 18 1
25 19 -1
25 20 1
25 23 1
25 27 1
25 29 -1
25 31 1
25 32 1
25 38 1
25 50 1
25 56 1
25 58 1
25 63 1
25 68 -1
26 1 1
26 7 1
26 12 1
26 13 -1
26 15 1
26 20 1
26 21 -1
26 23 1
26 24 1
26 25 -1
26 28 1
26 29 1
26 30 -1
26 35 1
26 37 -1
26 42 -1
26 43 1
26 45 1
26 46 1
26 47 -1
26 49 1
26 50 1
26 51 1
26 52 1
26 62 1
26 63 1
26 64 1
26 67 -1
26 69 1
26 70 1
27 5 -1
27 7 1
27 8 -1
27 9 1
27 13 -1
27 15 1
27 19 1
27 22 1
27 24 1
27 26 1
27 29 1
27 31 -1
27 36 -1
27 37 1
27 39 -1
27 41 1
27 42 1
27 46 1
27 47 1
27 48 1
27 49 -1
27 51 1
27 52 1
27 53 1
27 54 1
27 56 1
27 57 1
27 58 1
27 60 -1
27 62 1
27 64 1
27 65 1
27 67 1
28 1 -1
28 3 -1
28 5 1
28 7 1
28 8 1
28 16 1
28 17 1
28 18 1
28 19 1
28 24 1
28 27 1
28 31 -1
28 37 1
28 41 -1
28 42 1
28 43 1
28 44 1
28 46 1
28 47 1
28 52 1
28 56 1
28 57 1
28 62 1
28 63 1
28 64 1
28 67 1
28 68 1
29 2 1
29 4 -1
29 6 1
29 9 1
29 11 1
29 12 1
29 14 -1
29 22 1
29 24 1
29 28 1
29 31 1
29 37 1
29 39 1
29 40 1
29 41 1
29 42 1
29 45 1
29 49 1
29 50 1
29 61 -1
29 63 1
29 66 -1
29 67 1
30 1 1
30 3 1
30 7 1
30 11 1
30 15 -1
30 17 1
30 19 1
30 21 1
30 27 1
30 28 1
30 32 1
30 39 1
30 40 1
30 48 -1
30 50 -1
30 53 1
30 58 1
30 59 1
30 61 1
30 68 1
30 69 1
30 70 1
31 3 1
31 6 1
31 9 1
31 10 1
31 13 1
31 16 1
31 18 1
31 20 1
31 21 1
31 23 1
31 26 1
31 32 1
31 33 1
31 36 -1
31 37 1
31 39 1
31 42 -1
31 45 1
31 52 1
31 53 1
31 54 1
31 57 1
31 66 1
31 69 -1
32 2 1
32 3 1
32 6 1
32 8 1
32 10 1
32 11 1
32 12 1
32 13 1
32 14 1
32 17 1
32 20 -1
32 24 1
32 26 1
32 28 1
32 34 1
32 35 1
32 40 1
32 41 1
32 43 1
32 44 -1
32 45 1
32 47 1
32 48 1
32 49 1
32 51 1
32 53 -1
32 56 1
32 57 -1
32 58 1
32 59 1
32 60 -1
32 61 1
32 62 1
32 64 -1
32 67 1
32 68 1
32 69 1
32 70 1
33 2 1
33 3 -1
33 7 1
33 8 -1
33 11 1
33 12 1
33 14 -1
33 21 -1
33 22 1
33 25 1
33 26 1
33 28 1
33 29 -1
33 30 1
33 32 1
33 34 1
33 35 1
33 36 1
33 37 1
33 38 1
33 40 1
33 41 1
33 42 1
33 43 1
33 49 1
33 53 1
33 55 1
33 56 1
33 60 1
33 63 1
33 69 -1
33 70 -1
34 1 1
34 3 1
34 4 -1
34 6 1
34 7 1
34 9 -1
34 10 1
34 11 1
34 12 1
34 20 1
34 22 -1
34 28 1
34 29 1
34 30 1
34 36 1
34 37 1
34 46 1
34 50 1
34 51 1
34 52 1
34 54 1
34 55 1
34 61 -1
34 62 1
34 63 1
34 64 1
34 66 1
34 70 1
35 4 1
35 5 1
35 6 1
35 7 -1
35 8 -1
35 10 -1
35 11 1
35 12 1
35 15 1
35 18 1
35 20 1
35 22 1
35 25 1
35 27 1
35 28 1
35 29 1
35 30 -1
35 31 1
35 34 1
35 36 1
35 38 1
35 40 1
35 43 1
35 44 1
35 49 1
35 52 1
35 53 1
35 56 1
35 57 -1
35 61 1
35 67 1
35 68 1
36 3 1
36 4 1
36 6 1
36 7 1
36 15 1
36 19 1
36 23 1
36 25 1
36 26 1
36 29 1
36 37 1
36 38 1
36 39 1
36 41 -1
36 42 1
36 45 -1
36 46 -1
36 47 1
36 49 1
36 50 1
36 51 -1
36 53 1
36 55 1
36 57 -1
36 59 1
36 63 1
36 65 1
36 68 1
36 69 1
36 70 1
37 3 1
37 5 1
37 9 1
37 10 1
37 14 1
37 15 -1
37 17 1
37 21 1
37 22 1
37 25 1
37 30 -1
37 32 1
37 35 1
37 42 1
37 45 -1
37 51 1
37 61 1
37 66 1
37 67 1
38 1 1
38 2 1
38 5 -1
38 9 -1
38 11 1
38 13 -1
38 16 1
38 18 1
38 20 1
38 22 1
38 24 1
38 26 1
38 27 1
38 28 1
38 29 -1
38 34 1
38 39 1
38 40 1
38 48 1
38 53 1
38 55 -1
38 57 1
38 61 1
39 2 1
39 7 1
39 12 -1
39 14 1
39 17 -1
39 18 1
39 19 -1
39 20 1
39 24 -1
39 25 1
39 26 1
39 28 1
39 35 -1
39 37 1
39 43 1
39 44 1
39 46 1
39 49 1
39 50 1
39 55 -1
39 56 -1
39 58 1
39 59 1
39 64 1
39 65 1
39 68 1
40 1 -1
40 2 1
40 6 1
40 8 -1
40 12 1
40 14 -1
40 16 1
40 20 -1
40 23 1
40 25 1
40 26 1
40 27 1
40 28 1
40 31 1
40 36 1
40 39 1
40 46 1
40 48 1
40 49 1
40 54 1
40 56 1
40 58 1
40 59 -1
40 61 1
40 63 1
40 65 -1
40 68 -1
41 2 1
41 3 -1
41 4 1
41 5 1
41 6 1
41 7 1
41 10 1
41 11 -1
41 16 -1
41 17 1
41 18 -1
41 20 1
41 24 1
41 25 1
41 26 1
41 30 1
41 34 1
41 38 1
41 39 -1
41 40 1
41 44 -1
41 46 1
41 52 1
41 56 1
41 58 1
41 59 1
41 66 1
41 67 -1
41 69 1
41 70 1
42 2 1
42 3 1
42 4 1
42 10 -1
42 13 1
42 14 1
42 16 1
42 17 -1
42 21 1
42 22 1
42 25 -1
42 34 1
42 35 1
42 38 1
42 39 1
42 41 -1
42 43 1
42 44 1
42 46 1
42 51 1
42 52 1
42 53 1
42 54 1
42 55 1
42 58 1
42 59 -1
42 63 -1
42 65 -1
42 66 -1
42 67 1
43 2 1
43 9 1
43 14 1
43 16 -1
43 17 1
43 20 1
43 22 1
43 24 1
43 25 1
43 30 -1
43 31 1
43 36 1
43 37 1
43 40 1
43 41 1
43 44 1
43 47 1
43 48 -1
43 49 1
43 50 1
43 55 1
43 61 1
43 62 1
43 63 -1
43 67 1
43 69 -1
44 1 1
44 2 -1
44 3 1
44 4 1
44 6 1
44 11 1
44 13 1
44 17 -1
44 19 1
44 21 1
44 22 1
44 23 1
44 25 -1
44 26 1
44 27 -1
44 29 1
44 30 -1
44 31 -1
44 33 1
44 34 1
44 36 1
44 37 1
44 38 1
44 40 1
44 46 1
44 47 1
44 48 1
44 50 1
44 52 1
44 56 1
44 58 1
44 63 1
44 65 1
44 68 -1
44 70 1
45 3 1
45 5 1
45 9 -1
45 18 1
45 21 -1
45 25 1
45 27 1
45 33 1
45 34 -1
45 38 1
45 40 1
45 41 -1
45 43 1
45 44 1
45 46 1
45 49 1
45 50 1
45 54 1
45 55 -1
45 57 -1
45 59 1
45 61 -1
45 67 1
45 68 -1
46 1 1
46 7 1
46 13 -1
46 14 1
46 18 -1
46 19 1
46 24 1
46 25 1
46 30 1
46 31 1
46 32 -1
46 33 1
46 35 1
46 37 1
46 38 1
46 43 1
46 47 1
46 51 1
46 52 1
46 53 -1
46 56 1
46 57 1
46 58 1
46 62 1
46 66 1
47 2 -1
47 4 1
47 7 1
47 9 1
47 11 1
47 14 1
47 17 -1
47 18 -1
47 19 1
47 21 -1
47 22 1
47 23 -1
47 25 1
47 29 -1
47 30 1
47 31 -1
47 33 1
47 35 1
47 38 1
47 41 1
47 45 1
47 50 -1
47 52 1
47 54 1
47 55 1
47 58 -1
47 61 1
48 1 1
48 4 1
48 7 1
48 10 -1
48 17 1
48 19 -1
48 20 1
48 21 1
48 22 1
48 25 -1
48 26 1
48 29 1
48 31 -1
48 33 1
48 36 1
48 37 -1
48 39 -1
48 41 1
48 42 1
48 45 1
48 46 1
48 47 1
48 49 1
48 52 1
48 54 1
48 55 -1
48 57 1
48 58 1
48 63 1
48 64 1
49 5 1
49 7 1
49 8 1
49 11 -1
49 15 -1
49 20 1
49 21 1
49 25 1
49 30 1
49 31 1
49 38 -1
49 41 1
49 44 -1
49 47 -1
49 53 1
49 58 1
49 59 1
49 64 1
49 69 1
50 2 1
50 4 -1
50 5 -1
50 8 1
50 12 1
50 14 1
50 16 1
50 17 -1
50 18 -1
50 24 1
50 31 1
50 32 1
50 33 1
50 38 1
50 41 1
50 42 1
50 52 -1
50 54 1
50 57 1
50 58 1
50 59 1
50 61 -1
50 64 1
50 69 1
51 3 1
51 8 1
51 10 -1
51 11 -1
51 16 1
51 20 1
51 21 -1
51 22 1
51 23 1
51 28 1
51 29 1
51 30 1
51 31 1
51 33 1
51 35 1
51 39 1
51 43 1
51 44 1
51 45 1
51 47 1
51 48 1
51 49 1
51 50 1
51 53 -1
51 54 -1
51 62 -1
51 63 -1
51 65 1
51 67 -1
52 4 -1
52 6 1
52 7 1
52 9 -1
52 12 1
52 13 1
52 14 1
52 16 -1
52 17 1
52 18 1
52 21 1
52 29 1
52 30 1
52 32 1
52 33 -1
52 36 1
52 37 1
52 38 -1
52 39 1
52 43 1
52 45 1
52 51 -1
52 55 1
52 61 1
52 62 -1
52 68 1
52 69 1
52 70 -1
53 1 1
53 4 1
53 5 1
53 6 1
53 9 1
53 11 1
53 13 1
53 14 1
53 15 1
53 18 1
53 20 1
53 22 1
53 26 1
53 28 1
53 37 1
53 39 1
53 41 1
53 45 1
53 48 -1
53 50 1
53 52 1
53 55 1
53 63 1
53 64 1
53 68 1
53 69 1
54 6 1
54 7 -1
54 11 1
54 12 1
54 13 1
54 14 1
54 19 1
54 20 -1
54 26 1
54 28 1
54 29 1
54 30 1
54 32 1
54 36 1
54 37 1
54 38 1
54 39 1
54 41 1
54 43 1
54 44 1
54 49 1
54 52 1
54 53 1
54 55 1
54 56 1
54 57 1
54 58 1
54 59 1
54 63 1
54 64 -1
54 65 -1
54 67 1
54 70 1
55 1 -1
55 2 1
55 3 1
55 6 1
55 8 1
55 15 -1
55 20 1
55 21 1
55 22 -1
55 30 -1
55 31 1
55 35 1
55 37 1
55 40 1
55 49 -1
55 50 1
55 51 1
55 59 1
55 61 1
55 67 1
55 70 1
56 1 1
56 2 1
56 10 -1
56 12 1
56 17 1
56 19 1
56 22 1
56 26 1
56 29 -1
56 30 1
56 31 1
56 34 1
56 36 1
56 42 1
56 45 1
56 47 1
56 49 -1
56 50 1
56 51 -1
56 52 1
56 53 1
56 59 -1
56 60 -1
56 61 1
56 65 1
56 68 1
56 69 1
56 70 1
57 4 1
57 6 1
57 15 1
57 16 1
57 23 1
57 24 -1
57 26 -1
57 29 1
57 33 1
57 37 1
57 39 1
57 42 1
57 43 1
57 44 1
57 49 1
57 52 1
57 55 1
57 56 -1
57 58 1
57 60 1
57 70 -1
58 2 1
58 6 1
58 14 1
58 19 1
58 20 1
58 21 1
58 24 1
58 26 1
58 29 1
58 31 1
58 33 1
58 34 1
58 35 1
58 37 -1
58 43 1
58 45 1
58 51 1
58 52 -1
58 53 -1
58 59 1
58 61 -1
58 63 1
58 66 1
58 69 -1
59 7 1
59 8 1
59 10 -1
59 12 1
59 13 -1
59 15 -1
59 16 1
59 17 -1
59 24 -1
59 25 1
59 26 1
59 27 1
59 28 1
59 29 1
59 35 1
59 38 1
59 43 1
59 46 1
59 47 1
59 48 1
59 51 -1
59 52 1
59 53 1
59 57 -1
59 60 1
59 62 1
59 66 -1
59 67 1
59 68 1
59 69 -1
60 8 1
60 10 1
60 12 1
60 14 1
60 15 1
60 17 1
60 20 1
60 25 1
60 26 1
60 35 1
60 36 1
60 38 -1
60 39 -1
60 40 1
60 41 1
60 42 -1
60 43 1
60 44 1
60 47 1
60 48 1
60 50 1
60 51 1
60 52 1
60 53 1
60 58 -1
60 64 1
60 69 1
61 2 1
61 5 -1
61 6 -1
61 7 1
61 8 1
61 14 1
61 15 1
61 19 1
61 20 1
61 21 1
61 27 1
61 28 1
61 33 -1
61 44 1
61 57 1
61 59 -1
61 60 1
61 65 -1
61 66 1
61 69 1
61 70 1
62 1 1
62 6 1
62 12 1
62 16 1
62 17 1
62 18 1
62 20 1
62 24 1
62 25 1
62 29 1
62 30 1
62 33 1
62 35 -1
62 36 -1
62 38 1
62 39 1
62 41 1
62 42 1
62 44 1
62 47 -1
62 48 -1
62 50 1
62 54 1
62 55 1
62 56 1
62 57 1
62 58 1
62 66 1
62 70 1
63 3 1
63 6 1
63 7 -1
63 10 1
63 11 1
63 12 1
63 13 1
63 16 1
63 20 1
63 21 1
63 23 1
63 24 1
63 27 1
63 31 1
63 35 1
63 37 -1
63 38 1
63 39 1
63 47 1
63 52 1
63 56 1
63 57 -1
63 60 -1
63 62 1
64 1 1
64 2 -1
64 6 1
64 11 1
64 13 1
64 14 1
64 16 1
64 18 1
64 19 1
64 25 -1
64 30 1
64 31 1
64 33 1
64 41 1
64 42 1
64 44 1
64 45 -1
64 46 1
64 47 1
64 51 1
64 52 1
64 58 1
64 62 1
64 63 1
64 67 1
64 70 1
65 1 1
65 2 1
65 3 -1
65 10 1
65 11 1
65 16 1
65 17 1
65 20 1
65 24 1
65 26 -1
65 28 1
65 29 1
65 31 -1
65 32 1
65 33 1
65 34 1
65 35 1
65 38 -1
65 41 -1
65 45 1
65 46 1
65 47 1
65 48 1
65 49 -1
65 52 -1
65 55 1
65 57 1
65 59 1
65 60 1
65 62 1
65 63 1
65 64 1
65 67 1
65 69 1
66 1 1
66 2 1
66 7 1
66 8 1
66 11 1
66 12 1
66 13 1
66 15 1
66 16 1
66 18 1
66 19 1
66 25 1
66 27 1
66 30 1
66 35 1
66 36 -1
66 38 1
66 39 -1
66 40 1
66 43 1
66 44 1
66 45 1
66 47 1
66 48 1
66 49 1
66 50 -1
66 51 1
66 52 1
66 53 -1
66 54 1
66 56 1
66 57 1
66 60 1
66 63 1
66 65 -1
66 70 1
67 2 1
67 3 -1
67 4 1
67 11 1
67 12 1
67 14 1
67 15 1
67 17 1
67 21 -1
67 24 1
67 25 1
67 30 1
67 31 1
67 33 -1
67 38 1
67 39 1
67 40 1
67 44 1
67 47 1
67 48 -1
67 49 1
67 50 1
67 60 1
67 61 1
67 63 1
67 66 1
68 1 1
68 2 -1
68 3 1
68 4 -1
68 8 1
68 9 1
68 11 1
68 12 1
68 13 -1
68 14 1
68 15 1
68 18 1
68 20 -1
68 22 1
68 24 1
68 27 1
68 29 1
68 31 1
68 33 1
68 37 1
68 41 1
68 42 1
68 43 1
68 46 1
68 47 1
68 51 1
68 54 -1
68 55 1
68 57 1
68 61 -1
68 62 -1
68 63 1
68 64 1
68 66 -1
68 67 -1
68 69 1
68 70 1
69 3 -1
69 4 1
69 6 -1
69 10 1
69 13 1
69 14 1
69 15 -1
69 20 1
69 21 1
69 22 1
69 23 1
69 25 1
69 29 1
69 34 -1
69 35 1
69 37 -1
69 38 1
69 39 -1
69 40 1
69 44 1
69 45 1
69 46 -1
69 48 1
69 57 1
69 62 1
69 63 1
69 67 1
69 70 1
70 1 1
70 3 1
70 7 1
70 10 1
70 11 1
70 12 1
70 15 -1
70 16 1
70 17 1
70 18 1
70 21 1
70 23 1
70 27 1
70 28 1
70 29 1
70 31 1
70 37 1
70 38 1
70 42 -1
70 43 1
70 45 1
70 46 1
70 47 1
70 48 1
70 49 1
70 51 1
70 58 -1
70 59 1
70 60 -1
70 63 1
70 65 1
70 67 1
