vertices: 130 edges: 6708
1 6 -1
1 12 1
1 15 -1
1 16 1
1 18 -1
1 19 1
1 22 -1
1 24 1
1 27 1
1 29 -1
1 33 1
1 37 -1
1 38 -1
1 41 -1
1 43 -1
1 47 1
1 50 1
1 51 -1
1 58 1
1 60 1
1 61 1
1 66 -1
1 68 1
1 71 -1
1 72 -1
1 74 1
1 75 1
1 76 1
1 78 -1
1 82 -1
1 85 -1
1 86 -1
1 89 1
1 90 1
1 100 1
1 102 -1
1 107 1
1 110 1
1 116 -1
1 117 1
1 118 1
1 120 1
1 124 1
1 128 -1
1 129 -1
1 130 -1
2 5 1
2 9 -1
2 10 -1
2 11 -1
2 14 -1
2 16 -1
2 18 -1
2 20 1
2 27 1
2 28 1
2 29 1
2 32 1
2 33 1
2 39 1
2 42 1
2 44 -1
2 49 1
2 51 1
2 53 1
2 59 -1
2 60 -1
2 63 -1
2 64 1
2 67 -1
2 70 1
2 72 -1
2 73 -1
2 75 -1
2 76 1
2 79 1
2 80 1
2 82 1
2 83 -1
2 84 1
2 87 -1
2 89 -1
2 90 -1
2 94 -1
2 98 1
2 99 1
2 100 1
2 101 1
2 102 1
2 103 1
2 107 1
2 108 1
2 109 -1
2 111 1
2 112 -1
2 113 1
2 115 -1
2 117 1
2 118 -1
2 119 -1
2 121 -1
2 124 -1
2 128 -1
2 130 1
3 2 1
3 4 1
3 5 -1
3 8 1
3 10 1
3 11 1
3 13 1
3 17 -1
3 21 -1
3 22 1
3 23 1
3 25 1
3 26 -1
3 27 1
3 29 -1
3 33 -1
3 34 1
3 36 -1
3 37 1
3 42 1
3 46 -1
3 50 -1
3 52 -1
3 54 1
3 58 1
3 60 1
3 61 -1
3 64 1
3 66 -1
3 69 -1
3 72 1
3 74 1
3 78 1
3 79 1
3 82 1
3 84 1
3 87 -1
3 95 -1
3 96 1
3 98 1
3 100 1
3 101 1
3 105 -1
3 106 1
3 107 -1
3 109 -1
3 110 -1
3 115 1
3 116 -1
3 119 -1
3 123 1
3 127 -1
3 128 -1
4 1 1
4 5 1
4 8 -1
4 10 -1
4 11 1
4 17 -1
4 21 1
4 23 1
4 24 1
4 25 1
4 28 -1
4 30 -1
4 36 1
4 38 1
4 39 -1
4 41 -1
4 42 1
4 45 -1
4 47 1
4 48 1
4 52 -1
4 56 -1
4 57 -1
4 58 1
4 59 1
4 60 -1
4 63 1
4 65 -1
4 67 1
4 78 -1
4 79 1
4 83 1
4 88 -1
4 89 -1
4 90 1
4 94 -1
4 97 -1
4 103 -1
4 104 -1
4 106 1
4 107 -1
4 112 -1
4 113 -1
4 115 -1
4 116 1
4 122 1
4 123 -1
4 124 -1
4 125 1
4 126 1
4 127 1
4 130 -1
5 6 1
5 10 1
5 14 -1
5 16 -1
5 17 1
5 21 1
5 22 -1
5 23 -1
5 24 -1
5 26 -1
5 28 -1
5 29 1
5 30 -1
5 31 1
5 33 -1
5 35 1
5 36 1
5 50 -1
5 51 1
5 53 1
5 59 1
5 60 -1
5 64 1
5 65 1
5 71 -1
5 72 -1
5 73 -1
5 75 -1
5 76 -1
5 78 -1
5 79 1
5 80 1
5 83 -1
5 85 1
5 88 1
5 89 1
5 92 1
5 96 -1
5 98 1
5 100 -1
5 101 1
5 103 1
5 104 1
5 105 -1
5 107 1
5 109 1
5 110 -1
5 118 -1
5 122 1
5 123 -1
5 125 1
5 127 -1
5 128 1
6 2 -1
6 3 1
6 4 -1
6 12 -1
6 14 -1
6 24 -1
6 26 1
6 28 -1
6 30 1
6 33 1
6 36 -1
6 39 -1
6 41 1
6 42 1
6 43 1
6 45 1
6 46 -1
6 53 -1
6 56 -1
6 58 -1
6 62 1
6 63 -1
6 66 -1
6 67 1
6 70 1
6 71 1
6 72 -1
6 73 1
6 74 1
6 75 -1
6 78 1
6 81 1
6 83 1
6 85 -1
6 86 1
6 90 -1
6 94 -1
6 95 1
6 99 1
6 101 1
6 103 1
6 105 1
6 108 -1
6 111 1
6 118 1
6 123 1
6 125 -1
6 127 1
7 1 1
7 2 1
7 3 -1
7 4 -1
7 6 1
7 8 -1
7 9 1
7 11 -1
7 12 1
7 16 -1
7 18 1
7 19 -1
7 22 1
7 24 -1
7 25 1
7 30 1
7 31 -1
7 33 1
7 34 1
7 35 1
7 36 -1
7 37 1
7 39 1
7 41 1
7 46 1
7 47 -1
7 48 1
7 50 1
7 52 1
7 55 -1
7 56 1
7 61 -1
7 65 -1
7 66 1
7 67 -1
7 68 1
7 69 1
7 71 1
7 72 1
7 75 -1
7 78 1
7 79 1
7 80 1
7 91 1
7 92 -1
7 93 -1
7 98 -1
7 101 -1
7 102 1
7 103 -1
7 108 1
7 110 1
7 111 1
7 113 -1
7 115 1
7 116 -1
7 118 -1
7 120 1
7 121 1
7 122 -1
7 124 -1
7 125 1
7 127 1
8 1 1
8 2 1
8 5 1
8 6 1
8 11 -1
8 12 -1
8 13 -1
8 16 -1
8 17 1
8 18 1
8 21 -1
8 29 1
8 30 -1
8 33 -1
8 37 -1
8 38 1
8 40 -1
8 41 -1
8 42 1
8 44 -1
8 48 -1
8 51 1
8 52 1
8 55 1
8 56 1
8 57 -1
8 58 -1
8 59 -1
8 60 -1
8 65 1
8 68 1
8 71 1
8 74 1
8 75 -1
8 79 1
8 81 1
8 84 -1
8 90 -1
8 93 -1
8 94 -1
8 99 1
8 103 -1
8 104 1
8 106 -1
8 108 -1
8 110 1
8 116 -1
8 119 1
8 120 1
8 121 -1
8 123 -1
8 124 1
8 127 -1
8 130 1
9 1 -1
9 3 -1
9 4 -1
9 5 1
9 6 -1
9 8 -1
9 11 1
9 15 1
9 20 -1
9 21 1
9 22 1
9 23 -1
9 25 1
9 27 1
9 28 1
9 29 1
9 30 1
9 31 1
9 33 1
9 34 -1
9 35 -1
9 41 1
9 45 -1
9 46 1
9 52 -1
9 53 -1
9 54 1
9 59 -1
9 64 1
9 65 -1
9 67 1
9 68 1
9 71 1
9 72 -1
9 73 1
9 77 1
9 79 -1
9 80 1
9 82 1
9 83 -1
9 84 -1
9 88 -1
9 91 1
9 94 -1
9 96 -1
9 97 1
9 98 1
9 100 1
9 104 1
9 105 -1
9 106 1
9 108 -1
9 109 -1
9 110 -1
9 113 1
9 114 -1
9 116 -1
9 118 1
9 119 1
9 123 -1
9 125 -1
9 127 -1
9 128 -1
10 1 -1
10 6 1
10 7 1
10 8 1
10 12 1
10 13 1
10 15 1
10 17 -1
10 18 1
10 24 1
10 26 -1
10 27 -1
10 29 -1
10 30 -1
10 32 -1
10 36 -1
10 39 1
10 40 1
10 42 -1
10 49 -1
10 51 1
10 54 1
10 55 1
10 56 -1
10 57 -1
10 58 -1
10 59 -1
10 62 -1
10 63 -1
10 66 1
10 67 1
10 70 -1
10 71 1
10 73 1
10 76 1
10 77 -1
10 79 1
10 83 -1
10 85 -1
10 87 -1
10 89 -1
10 90 -1
10 93 -1
10 94 1
10 95 -1
10 96 1
10 97 -1
10 98 1
10 99 -1
10 100 -1
10 104 1
10 106 1
10 111 -1
10 114 1
10 115 -1
10 118 1
10 119 1
10 120 1
10 124 -1
10 125 -1
10 126 -1
10 128 1
10 130 -1
11 1 -1
11 5 1
11 10 -1
11 12 -1
11 13 1
11 16 1
11 19 1
11 23 -1
11 25 1
11 26 1
11 27 -1
11 31 -1
11 32 -1
11 34 -1
11 36 1
11 38 -1
11 40 1
11 41 -1
11 42 1
11 43 1
11 49 1
11 53 1
11 54 1
11 55 1
11 56 1
11 58 -1
11 62 -1
11 63 1
11 64 1
11 65 1
11 66 -1
11 68 1
11 70 -1
11 71 -1
11 74 1
11 75 1
11 77 1
11 87 1
11 95 1
11 96 -1
11 98 -1
11 102 -1
11 106 1
11 108 -1
11 110 1
11 113 -1
11 114 -1
11 115 1
11 120 1
11 122 1
11 124 1
11 125 -1
11 127 -1
12 2 -1
12 4 -1
12 5 -1
12 9 1
12 14 -1
12 17 -1
12 18 -1
12 20 -1
12 22 -1
12 23 -1
12 27 1
12 29 1
12 30 -1
12 31 -1
12 36 1
12 39 1
12 45 -1
12 46 -1
12 49 1
12 52 -1
12 54 -1
12 57 1
12 62 1
12 64 1
12 66 -1
12 67 -1
12 74 -1
12 77 1
12 81 1
12 82 1
12 85 -1
12 90 1
12 91 -1
12 92 1
12 93 -1
12 94 1
12 100 1
12 101 1
12 102 1
12 103 -1
12 105 1
12 107 -1
12 108 1
12 114 -1
12 115 -1
12 116 1
12 117 -1
12 119 -1
12 121 1
12 122 -1
12 123 1
13 1 -1
13 4 -1
13 5 -1
13 6 -1
13 7 -1
13 9 -1
13 16 -1
13 17 1
13 23 -1
13 25 -1
13 28 -1
13 34 -1
13 36 1
13 37 -1
13 39 -1
13 40 -1
13 42 -1
13 43 -1
13 44 -1
13 45 1
13 46 -1
13 47 -1
13 49 -1
13 50 -1
13 52 1
13 56 1
13 58 1
13 62 -1
13 64 1
13 68 -1
13 72 -1
13 75 1
13 76 -1
13 79 1
13 80 1
13 88 1
13 91 -1
13 94 -1
13 96 1
13 97 1
13 98 1
13 100 -1
13 105 1
13 106 1
13 109 1
13 110 1
13 113 1
13 116 -1
13 125 -1
13 129 1
14 3 1
14 4 -1
14 7 -1
14 9 -1
14 10 1
14 11 1
14 13 1
14 16 -1
14 17 1
14 19 1
14 20 -1
14 22 1
14 25 -1
14 26 -1
14 27 -1
14 31 -1
14 37 -1
14 38 1
14 40 1
14 42 1
14 45 1
14 46 -1
14 51 1
14 52 1
14 54 -1
14 56 -1
14 58 -1
14 60 -1
14 62 -1
14 65 -1
14 70 1
14 83 1
14 85 -1
14 92 -1
14 93 1
14 94 -1
14 95 1
14 99 1
14 100 1
14 101 1
14 103 1
14 107 -1
14 109 1
14 110 -1
14 111 -1
14 114 -1
14 117 -1
14 118 -1
14 119 -1
14 128 -1
15 3 -1
15 4 1
15 6 1
15 11 -1
15 12 -1
15 14 -1
15 20 -1
15 21 1
15 24 -1
15 27 1
15 28 -1
15 29 -1
15 30 1
15 31 -1
15 33 -1
15 35 1
15 37 -1
15 51 -1
15 57 1
15 58 -1
15 60 -1
15 62 -1
15 64 1
15 68 -1
15 71 1
15 74 -1
15 75 1
15 76 -1
15 77 -1
15 87 1
15 89 1
15 90 1
15 95 1
15 97 1
15 100 1
15 101 -1
15 102 1
15 103 -1
15 106 1
15 107 1
15 109 -1
15 111 1
15 113 -1
15 117 -1
15 118 1
15 120 -1
15 121 1
15 122 1
15 125 -1
16 6 -1
16 9 1
16 12 1
16 17 1
16 19 -1
16 22 -1
16 25 -1
16 35 -1
16 42 1
16 52 1
16 53 1
16 58 1
16 63 1
16 64 1
16 66 -1
16 69 -1
16 70 -1
16 71 1
16 73 1
16 80 -1
16 81 1
16 82 1
16 83 1
16 88 1
16 92 -1
16 93 1
16 97 1
16 98 -1
16 106 1
16 110 1
16 111 1
16 112 -1
16 113 -1
16 114 -1
16 116 -1
16 119 -1
16 120 -1
16 122 -1
16 123 1
16 124 -1
16 125 -1
17 2 1
17 6 -1
17 7 1
17 9 1
17 15 -1
17 19 1
17 27 -1
17 28 -1
17 31 1
17 32 -1
17 36 1
17 39 1
17 40 1
17 42 -1
17 45 1
17 48 -1
17 53 -1
17 54 -1
17 58 1
17 60 -1
17 61 1
17 62 -1
17 64 -1
17 65 -1
17 69 1
17 71 1
17 76 1
17 77 -1
17 81 1
17 86 -1
17 88 1
17 89 -1
17 91 1
17 93 -1
17 95 -1
17 96 1
17 98 1
17 100 -1
17 103 -1
17 106 -1
17 107 1
17 111 -1
17 116 1
17 117 1
17 119 1
17 121 -1
17 123 -1
17 124 1
17 125 1
17 126 1
17 128 1
17 129 1
17 130 1
18 4 -1
18 5 1
18 13 1
18 14 1
18 16 1
18 23 -1
18 25 -1
18 27 1
18 29 -1
18 32 1
18 34 1
18 40 1
18 46 -1
18 47 1
18 50 1
18 51 1
18 53 1
18 54 -1
18 56 1
18 62 1
18 64 -1
18 72 -1
18 73 -1
18 77 1
18 78 -1
18 79 -1
18 91 1
18 94 1
18 95 1
18 97 -1
18 98 -1
18 99 1
18 102 -1
18 104 1
18 113 1
18 114 1
18 115 -1
18 117 -1
18 119 1
18 121 1
18 122 1
18 123 1
18 124 -1
18 126 1
18 127 -1
18 130 1
19 2 -1
19 3 1
19 4 1
19 6 -1
19 10 -1
19 13 1
19 15 -1
19 18 1
19 20 1
19 21 1
19 24 1
19 25 1
19 29 1
19 30 -1
19 32 1
19 35 1
19 38 -1
19 42 -1
19 45 -1
19 50 1
19 51 1
19 52 -1
19 54 1
19 55 -1
19 57 -1
19 60 -1
19 63 1
19 64 1
19 65 -1
19 67 1
19 69 -1
19 72 -1
19 73 -1
19 75 -1
19 77 1
19 78 -1
19 82 1
19 86 -1
19 87 -1
19 89 -1
19 90 -1
19 91 1
19 92 1
19 96 1
19 100 1
19 109 -1
19 111 1
19 113 -1
19 116 -1
19 117 -1
19 118 1
19 119 -1
19 120 -1
19 121 -1
19 127 -1
19 129 1
20 1 1
20 3 -1
20 4 -1
20 7 -1
20 8 -1
20 10 -1
20 11 -1
20 13 1
20 17 -1
20 18 1
20 24 1
20 25 -1
20 27 -1
20 28 -1
20 29 1
20 32 -1
20 33 -1
20 36 1
20 37 1
20 39 1
20 40 -1
20 41 1
20 42 1
20 49 1
20 50 1
20 52 1
20 53 1
20 55 -1
20 58 1
20 64 1
20 66 -1
20 67 1
20 73 -1
20 74 -1
20 76 1
20 78 -1
20 85 1
20 86 1
20 87 -1
20 88 1
20 89 -1
20 92 1
20 94 1
20 97 -1
20 101 -1
20 103 1
20 105 1
20 109 1
20 111 -1
20 112 1
20 115 -1
20 116 1
20 120 1
20 121 1
20 123 -1
20 124 1
20 126 -1
20 128 1
20 129 1
20 130 1
21 2 -1
21 6 -1
21 7 1
21 10 1
21 11 -1
21 12 -1
21 13 1
21 14 -1
21 17 -1
21 20 1
21 23 1
21 26 -1
21 27 1
21 29 -1
21 31 -1
21 37 1
21 40 -1
21 44 1
21 45 -1
21 47 -1
21 49 1
21 50 1
21 51 1
21 52 1
21 55 -1
21 56 1
21 57 1
21 61 -1
21 63 1
21 64 -1
21 68 1
21 70 1
21 74 -1
21 84 -1
21 87 1
21 90 -1
21 91 -1
21 92 -1
21 93 -1
21 95 -1
21 99 1
21 101 1
21 102 1
21 103 -1
21 104 1
21 107 1
21 108 1
21 109 -1
21 110 -1
21 112 1
21 114 -1
21 121 -1
21 126 -1
21 127 -1
21 128 1
22 2 1
22 4 -1
22 6 1
22 8 1
22 10 -1
22 15 -1
22 17 -1
22 18 -1
22 19 1
22 20 1
22 21 1
22 23 1
22 25 -1
22 31 1
22 32 1
22 38 -1
22 42 1
22 43 1
22 50 -1
22 51 -1
22 52 -1
22 56 1
22 57 1
22 58 1
22 60 -1
22 62 1
22 64 -1
22 66 -1
22 69 -1
22 70 1
22 79 -1
22 83 1
22 86 1
22 88 1
22 89 1
22 90 -1
22 91 1
22 94 1
22 98 1
22 100 1
22 102 -1
22 103 -1
22 105 -1
22 106 1
22 107 1
22 109 -1
22 113 1
22 115 -1
22 118 1
22 120 1
22 125 -1
22 127 -1
22 128 1
22 129 1
22 130 1
23 1 -1
23 6 1
23 10 -1
23 19 1
23 25 1
23 26 1
23 29 -1
23 31 1
23 33 -1
23 36 -1
23 37 1
23 39 1
23 40 -1
23 45 1
23 46 -1
23 50 -1
23 56 -1
23 64 -1
23 67 -1
23 68 1
23 69 1
23 71 1
23 72 -1
23 76 1
23 78 1
23 79 1
23 82 1
23 87 -1
23 89 -1
23 93 1
23 94 -1
23 96 1
23 97 -1
23 98 -1
23 99 -1
23 102 1
23 106 -1
23 107 1
23 109 -1
23 110 -1
23 111 1
23 112 -1
23 113 1
23 117 -1
23 118 -1
23 121 1
23 122 -1
23 123 -1
23 127 1
23 129 -1
23 130 1
24 2 -1
24 8 1
24 9 1
24 11 1
24 13 1
24 14 -1
24 17 -1
24 18 1
24 22 1
24 23 -1
24 27 -1
24 28 1
24 29 1
24 34 1
24 37 1
24 39 -1
24 41 -1
24 46 1
24 47 -1
24 52 -1
24 57 1
24 59 -1
24 60 1
24 63 -1
24 65 -1
24 68 -1
24 71 -1
24 73 1
24 74 1
24 76 1
24 77 1
24 79 -1
24 81 -1
24 82 1
24 84 1
24 86 -1
24 88 -1
24 89 1
24 91 1
24 92 -1
24 93 1
24 96 -1
24 97 1
24 98 1
24 99 -1
24 100 1
24 104 -1
24 105 1
24 106 1
24 107 -1
24 112 -1
24 115 -1
24 116 -1
24 117 1
24 119 1
24 120 -1
24 123 -1
24 124 1
24 125 -1
24 129 1
24 130 -1
25 1 -1
25 2 -1
25 5 -1
25 6 1
25 8 1
25 10 -1
25 12 1
25 21 1
25 26 1
25 27 -1
25 28 -1
25 31 -1
25 33 1
25 35 -1
25 39 -1
25 41 -1
25 45 1
25 52 -1
25 54 1
25 57 1
25 58 1
25 61 1
25 62 1
25 65 1
25 66 -1
25 67 -1
25 70 1
25 71 1
25 75 1
25 77 1
25 81 1
25 83 1
25 87 -1
25 89 1
25 90 1
25 93 -1
25 94 -1
25 95 -1
25 96 -1
25 99 -1
25 100 1
25 103 1
25 104 -1
25 105 1
25 106 1
25 111 1
25 112 -1
25 113 1
25 117 -1
25 118 1
25 123 -1
25 124 1
25 126 -1
25 128 -1
25 129 -1
25 130 -1
26 1 1
26 2 -1
26 8 1
26 9 1
26 12 -1
26 13 1
26 19 1
26 22 -1
26 24 -1
26 28 -1
26 29 1
26 30 -1
26 32 1
26 33 1
26 34 -1
26 36 -1
26 41 1
26 46 -1
26 47 -1
26 48 1
26 52 1
26 54 -1
26 55 1
26 58 -1
26 60 1
26 65 -1
26 72 1
26 75 -1
26 80 -1
26 82 1
26 84 -1
26 87 -1
26 89 1
26 97 1
26 99 1
26 100 1
26 107 1
26 108 1
26 109 -1
26 111 -1
26 115 1
26 116 1
26 117 -1
26 125 1
26 127 -1
26 128 1
26 130 -1
27 4 1
27 5 1
27 6 -1
27 8 -1
27 13 -1
27 16 1
27 19 -1
27 22 -1
27 26 1
27 30 -1
27 35 -1
27 36 1
27 39 -1
27 41 -1
27 44 -1
27 45 1
27 51 1
27 55 1
27 56 1
27 57 -1
27 59 -1
27 65 1
27 67 -1
27 68 1
27 69 1
27 72 1
27 74 1
27 76 -1
27 79 -1
27 81 -1
27 83 -1
27 84 -1
27 85 1
27 86 -1
27 88 -1
27 89 1
27 97 -1
27 98 -1
27 99 1
27 106 1
27 108 1
27 109 -1
27 110 1
27 113 -1
27 114 -1
27 116 -1
27 120 1
27 126 -1
27 127 1
27 128 -1
28 3 1
28 7 1
28 14 -1
28 16 1
28 18 -1
28 19 -1
28 22 -1
28 30 1
28 32 1
28 33 -1
28 37 -1
28 43 -1
28 56 1
28 61 1
28 65 1
28 66 -1
28 72 -1
28 75 1
28 76 1
28 79 -1
28 81 -1
28 83 1
28 85 -1
28 89 1
28 93 -1
28 99 -1
28 101 -1
28 102 -1
28 105 -1
28 106 -1
28 107 1
28 108 1
28 109 1
28 110 -1
28 111 1
28 114 1
28 120 -1
28 121 1
28 124 -1
28 125 -1
28 130 -1
29 11 1
29 13 1
29 14 -1
29 25 1
29 27 1
29 31 1
29 33 1
29 35 -1
29 36 1
29 38 -1
29 40 1
29 42 -1
29 46 1
29 48 1
29 53 1
29 54 -1
29 56 1
29 65 -1
29 67 -1
29 70 1
29 73 1
29 74 1
29 75 -1
29 77 -1
29 81 1
29 83 1
29 86 1
29 94 1
29 95 -1
29 99 -1
29 100 1
29 103 -1
29 105 1
29 106 1
29 110 1
29 114 -1
29 118 -1
29 126 1
29 127 1
30 1 -1
30 11 -1
30 13 1
30 16 -1
30 22 -1
30 23 -1
30 24 1
30 25 -1
30 29 1
30 32 1
30 37 -1
30 39 1
30 40 -1
30 44 1
30 45 -1
30 46 1
30 50 -1
30 51 -1
30 55 1
30 56 1
30 58 1
30 61 1
30 63 1
30 65 -1
30 66 1
30 69 1
30 70 -1
30 73 1
30 75 1
30 76 -1
30 79 1
30 81 -1
30 82 1
30 90 -1
30 92 1
30 95 -1
30 97 -1
30 98 -1
30 100 -1
30 102 1
30 103 1
30 105 -1
30 107 -1
30 108 1
30 112 -1
30 116 -1
30 118 1
30 122 -1
30 124 -1
30 126 1
30 129 1
30 130 1
31 2 -1
31 3 -1
31 4 1
31 16 1
31 18 -1
31 19 -1
31 20 1
31 24 -1
31 26 1
31 27 1
31 30 -1
31 32 -1
31 35 -1
31 37 1
31 38 -1
31 41 -1
31 47 1
31 48 1
31 55 1
31 56 1
31 58 -1
31 59 -1
31 61 -1
31 63 1
31 64 -1
31 65 1
31 76 -1
31 80 -1
31 81 1
31 85 -1
31 86 -1
31 89 -1
31 91 -1
31 92 1
31 98 1
31 101 1
31 102 1
31 105 1
31 109 1
31 113 1
31 114 -1
31 122 1
31 127 -1
31 128 1
32 1 1
32 4 1
32 5 1
32 6 1
32 8 -1
32 9 -1
32 13 -1
32 14 -1
32 15 -1
32 21 -1
32 23 1
32 25 1
32 27 1
32 29 1
32 34 -1
32 35 -1
32 36 -1
32 39 -1
32 40 1
32 44 1
32 45 1
32 49 1
32 50 1
32 52 1
32 54 1
32 55 -1
32 60 -1
32 61 -1
32 62 1
32 63 1
32 64 1
32 65 1
32 66 -1
32 67 1
32 69 -1
32 74 -1
32 76 1
32 77 -1
32 78 1
32 83 -1
32 94 1
32 97 1
32 98 -1
32 104 -1
32 106 -1
32 107 -1
32 112 1
32 115 1
32 118 1
32 123 1
32 124 -1
32 127 -1
32 128 -1
32 129 1
33 4 -1
33 10 -1
33 11 1
33 12 -1
33 14 1
33 16 1
33 17 -1
33 18 -1
33 19 -1
33 24 -1
33 30 -1
33 32 1
33 34 -1
33 36 1
33 40 -1
33 45 -1
33 46 1
33 52 1
33 55 1
33 57 -1
33 59 1
33 60 -1
33 61 -1
33 64 1
33 66 -1
33 71 1
33 72 -1
33 76 1
33 78 1
33 81 1
33 82 1
33 87 -1
33 88 -1
33 93 -1
33 94 -1
33 95 -1
33 99 -1
33 102 1
33 109 1
33 113 1
33 114 1
33 116 -1
33 117 -1
33 119 1
33 124 1
33 125 -1
33 130 -1
34 1 -1
34 4 -1
34 6 1
34 8 1
34 10 1
34 14 -1
34 15 1
34 16 1
34 17 1
34 21 1
34 23 1
34 25 -1
34 28 -1
34 30 1
34 35 1
34 37 -1
34 43 -1
34 46 1
34 47 -1
34 49 -1
34 53 1
34 55 -1
34 56 1
34 57 1
34 59 -1
34 60 1
34 61 1
34 62 -1
34 63 -1
34 69 -1
34 70 1
34 71 1
34 78 -1
34 79 -1
34 82 -1
34 84 1
34 85 -1
34 90 -1
34 95 1
34 101 1
34 102 1
34 104 -1
34 106 1
34 108 1
34 114 -1
34 119 1
34 120 -1
34 125 1
34 130 -1
35 1 -1
35 2 1
35 3 1
35 4 -1
35 6 1
35 8 1
35 10 1
35 12 1
35 13 -1
35 14 1
35 17 1
35 18 1
35 21 1
35 22 1
35 23 1
35 24 -1
35 26 -1
35 28 -1
35 30 -1
35 33 1
35 37 1
35 38 -1
35 39 1
35 43 -1
35 45 1
35 47 1
35 49 1
35 50 1
35 52 -1
35 54 1
35 55 -1
35 57 -1
35 60 1
35 61 1
35 62 1
35 63 1
35 68 1
35 71 1
35 73 1
35 76 1
35 77 -1
35 80 -1
35 82 -1
35 88 -1
35 90 1
35 93 -1
35 94 -1
35 96 -1
35 98 1
35 101 1
35 103 -1
35 107 1
35 108 1
35 110 1
35 112 -1
35 114 1
35 119 -1
35 121 1
35 128 1
36 1 1
36 2 1
36 14 1
36 15 -1
36 21 -1
36 22 1
36 24 -1
36 34 1
36 39 1
36 42 1
36 44 1
36 51 -1
36 53 1
36 54 1
36 55 -1
36 56 -1
36 58 1
36 61 1
36 64 1
36 65 1
36 67 1
36 69 1
36 70 1
36 71 1
36 72 1
36 74 1
36 77 1
36 78 -1
36 83 1
36 85 -1
36 88 1
36 89 1
36 91 -1
36 92 1
36 96 1
36 97 1
36 103 1
36 105 1
36 107 -1
36 108 1
36 110 -1
36 111 1
36 112 1
36 115 1
36 116 1
36 121 -1
36 122 1
36 123 -1
36 128 -1
36 130 -1
37 2 -1
37 4 -1
37 6 1
37 9 1
37 10 1
37 11 1
37 12 -1
37 16 -1
37 18 1
37 22 -1
37 26 1
37 27 1
37 32 1
37 42 1
37 44 1
37 45 1
37 48 -1
37 49 1
37 50 1
37 51 1
37 57 -1
37 60 1
37 64 -1
37 68 -1
37 71 1
37 73 -1
37 77 1
37 81 1
37 83 1
37 87 -1
37 90 -1
37 92 -1
37 96 -1
37 97 1
37 99 1
37 100 1
37 101 1
37 102 -1
37 104 1
37 109 -1
37 113 -1
37 114 -1
37 117 1
37 118 -1
37 119 -1
37 120 -1
37 121 -1
37 122 1
37 126 -1
37 127 -1
37 129 -1
38 5 1
38 6 -1
38 7 -1
38 13 1
38 16 1
38 18 -1
38 20 1
38 21 1
38 25 -1
38 26 1
38 27 -1
38 30 -1
38 32 1
38 33 1
38 34 -1
38 36 1
38 37 -1
38 39 1
38 43 1
38 47 -1
38 48 -1
38 50 -1
38 52 -1
38 55 1
38 56 1
38 59 1
38 61 -1
38 62 1
38 64 -1
38 65 -1
38 66 1
38 68 1
38 69 -1
38 71 -1
38 72 1
38 73 -1
38 74 -1
38 75 -1
38 77 -1
38 78 -1
38 79 -1
38 80 -1
38 81 1
38 85 1
38 87 -1
38 91 -1
38 92 -1
38 93 -1
38 94 1
38 96 -1
38 97 1
38 98 -1
38 104 -1
38 105 1
38 106 1
38 110 1
38 114 -1
38 116 -1
38 117 1
38 120 1
38 122 -1
38 123 1
38 124 -1
38 127 1
38 129 -1
39 3 1
39 5 1
39 11 -1
39 15 -1
39 16 1
39 18 1
39 21 1
39 29 1
39 31 1
39 34 1
39 37 1
39 40 1
39 41 1
39 42 -1
39 45 1
39 47 1
39 48 -1
39 50 1
39 55 -1
39 56 -1
39 60 1
39 63 -1
39 68 -1
39 71 -1
39 75 1
39 76 -1
39 77 1
39 80 1
39 84 -1
39 87 1
39 88 -1
39 89 1
39 91 1
39 92 -1
39 94 1
39 95 1
39 97 1
39 99 1
39 100 1
39 104 -1
39 105 -1
39 109 -1
39 116 -1
39 118 -1
39 120 1
39 122 -1
39 124 -1
39 128 -1
40 1 1
40 3 -1
40 4 1
40 5 -1
40 6 1
40 9 1
40 12 -1
40 15 1
40 19 -1
40 25 1
40 26 -1
40 27 1
40 34 -1
40 36 1
40 38 -1
40 42 1
40 48 1
40 52 -1
40 54 1
40 59 -1
40 60 1
40 62 1
40 63 1
40 64 -1
40 66 1
40 67 1
40 70 1
40 71 1
40 76 -1
40 80 -1
40 85 1
40 86 1
40 88 -1
40 90 -1
40 92 -1
40 93 -1
40 96 -1
40 97 -1
40 100 -1
40 107 -1
40 109 -1
40 110 1
40 112 1
40 113 -1
40 119 -1
40 122 1
40 125 1
40 127 1
40 128 -1
40 129 -1
40 130 1
41 2 -1
41 3 1
41 5 1
41 10 -1
41 13 -1
41 14 -1
41 17 -1
41 21 1
41 22 -1
41 23 -1
41 28 -1
41 30 -1
41 32 -1
41 33 1
41 34 1
41 35 -1
41 36 -1
41 37 -1
41 38 -1
41 40 -1
41 47 1
41 52 1
41 56 -1
41 61 -1
41 62 -1
41 63 -1
41 66 -1
41 67 1
41 68 -1
41 75 1
41 76 1
41 77 -1
41 78 1
41 79 1
41 82 1
41 87 -1
41 88 -1
41 90 1
41 94 1
41 96 1
41 97 1
41 102 -1
41 103 1
41 106 -1
41 108 1
41 111 1
41 114 1
41 117 -1
41 121 1
41 128 -1
41 129 1
41 130 -1
42 7 -1
42 9 1
42 15 1
42 18 1
42 21 1
42 23 1
42 26 -1
42 27 1
42 28 -1
42 31 1
42 32 1
42 35 -1
42 38 -1
42 41 1
42 46 1
42 48 1
42 51 -1
42 54 -1
42 56 -1
42 57 -1
42 58 1
42 59 1
42 67 1
42 70 -1
42 72 -1
42 75 -1
42 76 1
42 78 1
42 79 1
42 80 -1
42 81 1
42 83 1
42 86 1
42 90 -1
42 91 1
42 96 -1
42 101 1
42 102 -1
42 104 -1
42 105 1
42 109 -1
42 110 1
42 112 1
42 115 -1
42 117 1
42 122 -1
42 123 1
42 124 1
42 130 -1
43 2 -1
43 3 -1
43 4 -1
43 15 1
43 16 -1
43 23 1
43 24 1
43 26 1
43 27 1
43 29 1
43 30 -1
43 32 1
43 33 1
43 36 -1
43 39 1
43 41 1
43 45 -1
43 46 1
43 48 1
43 50 1
43 53 1
43 54 -1
43 56 1
43 60 1
43 63 -1
43 64 1
43 71 -1
43 73 1
43 74 -1
43 75 1
43 76 -1
43 77 -1
43 79 -1
43 87 -1
43 88 1
43 90 -1
43 91 1
43 96 -1
43 97 -1
43 98 -1
43 103 -1
43 106 1
43 108 -1
43 109 -1
43 111 1
43 112 -1
43 114 -1
43 116 -1
43 120 1
43 121 1
43 122 1
43 123 -1
43 125 -1
43 126 -1
43 129 -1
44 4 1
44 5 -1
44 6 1
44 7 -1
44 9 1
44 10 1
44 11 -1
44 12 -1
44 16 1
44 17 -1
44 19 -1
44 20 1
44 22 -1
44 25 -1
44 29 1
44 34 -1
44 35 1
44 38 1
44 39 -1
44 40 1
44 41 -1
44 42 1
44 48 -1
44 52 1
44 54 1
44 57 -1
44 58 -1
44 59 1
44 61 -1
44 65 -1
44 67 1
44 71 -1
44 72 1
44 74 -1
44 75 1
44 82 1
44 86 -1
44 87 1
44 95 -1
44 97 1
44 100 1
44 101 1
44 105 -1
44 108 1
44 118 1
44 120 1
44 121 1
44 122 1
44 123 -1
44 129 1
45 2 1
45 3 1
45 5 -1
45 7 1
45 8 -1
45 10 1
45 15 -1
45 16 1
45 18 1
45 20 1
45 26 1
45 28 1
45 31 -1
45 36 1
45 40 -1
45 41 1
45 42 -1
45 44 -1
45 46 -1
45 48 -1
45 49 -1
45 50 1
45 55 1
45 59 1
45 60 1
45 66 -1
45 69 -1
45 71 -1
45 76 -1
45 80 1
45 83 -1
45 84 1
45 88 1
45 92 1
45 93 -1
45 94 1
45 95 1
45 98 -1
45 100 1
45 103 1
45 104 -1
45 106 -1
45 108 -1
45 110 1
45 114 1
45 123 -1
45 126 1
45 128 1
45 129 1
45 130 1
46 2 1
46 4 -1
46 11 -1
46 15 1
46 16 1
46 21 1
46 22 -1
46 25 -1
46 27 1
46 31 1
46 32 -1
46 35 1
46 37 -1
46 39 1
46 41 -1
46 44 -1
46 47 1
46 50 -1
46 55 -1
46 57 1
46 58 1
46 59 1
46 60 -1
46 61 1
46 63 1
46 66 1
46 68 1
46 70 1
46 71 1
46 75 -1
46 76 1
46 84 1
46 86 1
46 90 -1
46 93 1
46 94 -1
46 95 1
46 98 -1
46 103 1
46 104 1
46 108 -1
46 109 -1
46 110 1
46 111 1
46 116 1
46 118 -1
46 120 -1
46 123 -1
46 125 -1
46 126 -1
47 3 -1
47 5 1
47 6 -1
47 9 -1
47 10 1
47 11 -1
47 12 -1
47 14 1
47 15 1
47 16 -1
47 17 -1
47 19 -1
47 20 -1
47 22 1
47 23 1
47 28 1
47 29 1
47 40 1
47 44 1
47 45 1
47 48 1
47 57 -1
47 58 -1
47 59 -1
47 60 -1
47 61 -1
47 65 1
47 69 1
47 70 1
47 71 -1
47 72 1
47 73 -1
47 75 1
47 81 1
47 84 1
47 87 1
47 88 -1
47 90 1
47 91 -1
47 97 1
47 99 -1
47 100 1
47 103 1
47 108 -1
47 115 1
47 118 1
47 119 1
47 120 1
47 122 -1
47 123 -1
47 124 -1
47 125 -1
47 126 1
47 128 -1
47 130 1
48 2 -1
48 3 1
48 5 -1
48 10 1
48 11 -1
48 15 -1
48 18 1
48 19 -1
48 20 1
48 25 1
48 27 -1
48 30 -1
48 32 -1
48 33 -1
48 34 -1
48 35 -1
48 36 -1
48 41 -1
48 46 -1
48 59 1
48 62 1
48 67 1
48 69 -1
48 70 -1
48 73 1
48 78 1
48 82 -1
48 85 1
48 88 -1
48 89 1
48 91 1
48 97 1
48 103 -1
48 106 1
48 109 -1
48 111 1
48 113 1
48 115 1
48 118 1
48 119 -1
48 121 -1
48 124 1
48 129 -1
49 5 -1
49 6 1
49 7 -1
49 9 -1
49 14 1
49 15 1
49 16 1
49 17 1
49 18 -1
49 22 -1
49 23 -1
49 25 -1
49 29 -1
49 33 1
49 38 1
49 40 1
49 41 1
49 42 1
49 43 -1
49 44 -1
49 47 -1
49 52 1
49 56 1
49 57 -1
49 59 1
49 60 -1
49 62 1
49 63 1
49 66 -1
49 67 -1
49 68 -1
49 71 1
49 72 1
49 73 1
49 79 1
49 86 -1
49 87 1
49 88 1
49 91 -1
49 93 -1
49 94 -1
49 96 -1
49 98 -1
49 100 -1
49 104 1
49 107 -1
49 108 1
49 110 1
49 113 -1
49 115 -1
49 121 1
49 126 -1
49 128 1
49 129 1
50 2 -1
50 4 1
50 6 -1
50 8 -1
50 10 -1
50 11 -1
50 12 -1
50 14 1
50 15 -1
50 16 1
50 17 1
50 26 -1
50 27 -1
50 28 1
50 29 1
50 34 -1
50 36 -1
50 40 1
50 41 1
50 48 -1
50 49 1
50 52 -1
50 53 1
50 54 -1
50 55 -1
50 60 -1
50 62 1
50 63 -1
50 65 -1
50 67 -1
50 68 1
50 70 -1
50 71 -1
50 72 1
50 73 1
50 76 1
50 78 -1
50 79 -1
50 81 1
50 83 -1
50 84 1
50 86 1
50 89 -1
50 90 -1
50 92 1
50 93 1
50 96 1
50 98 -1
50 103 -1
50 104 1
50 105 -1
50 108 -1
50 113 1
50 114 -1
50 116 1
50 122 1
50 124 1
50 125 -1
50 128 1
50 129 -1
51 3 1
51 4 1
51 6 -1
51 7 1
51 9 1
51 11 -1
51 12 1
51 16 -1
51 17 1
51 23 -1
51 24 -1
51 26 -1
51 28 1
51 29 -1
51 34 1
51 35 1
51 39 -1
51 40 -1
51 43 1
51 45 1
51 46 -1
51 47 -1
51 48 -1
51 49 1
51 50 1
51 52 1
51 55 1
51 60 1
51 63 1
51 64 1
51 65 -1
51 69 -1
51 70 1
51 71 -1
51 72 1
51 74 1
51 75 -1
51 76 1
51 78 1
51 81 1
51 84 -1
51 87 -1
51 90 -1
51 93 -1
51 98 -1
51 102 -1
51 103 1
51 105 1
51 106 1
51 113 -1
51 114 1
51 118 1
51 121 1
51 128 -1
51 129 1
52 2 -1
52 5 1
52 6 1
52 10 1
52 15 1
52 23 1
52 27 1
52 28 -1
52 30 1
52 34 1
52 36 -1
52 39 -1
52 42 1
52 43 1
52 46 1
52 48 -1
52 53 1
52 54 1
52 55 1
52 59 1
52 60 1
52 64 -1
52 66 -1
52 69 1
52 70 1
52 71 -1
52 72 -1
52 73 1
52 74 -1
52 76 -1
52 80 -1
52 86 -1
52 87 1
52 92 -1
52 94 1
52 98 1
52 100 -1
52 101 1
52 103 -1
52 109 -1
52 110 1
52 112 1
52 114 1
52 117 -1
52 118 1
52 119 1
52 121 -1
52 124 -1
52 126 1
52 127 -1
52 130 -1
53 1 1
53 3 1
53 4 1
53 7 -1
53 10 -1
53 14 1
53 19 1
53 22 1
53 23 1
53 24 -1
53 25 1
53 28 1
53 30 -1
53 33 -1
53 35 -1
53 37 1
53 38 1
53 39 1
53 40 1
53 42 -1
53 44 -1
53 45 -1
53 46 1
53 47 -1
53 49 -1
53 51 1
53 60 1
53 61 -1
53 64 -1
53 66 1
53 67 1
53 68 -1
53 78 -1
53 84 -1
53 87 1
53 90 -1
53 91 1
53 92 1
53 99 1
53 100 1
53 102 1
53 103 1
53 104 -1
53 105 1
53 110 1
53 111 -1
53 112 -1
53 113 1
53 114 -1
53 115 1
53 125 1
53 126 -1
53 127 1
53 128 1
53 129 -1
53 130 1
54 1 1
54 2 1
54 4 1
54 5 -1
54 6 1
54 7 1
54 8 -1
54 15 1
54 20 -1
54 21 -1
54 24 -1
54 27 1
54 28 1
54 30 1
54 33 1
54 37 1
54 38 1
54 39 -1
54 41 1
54 45 1
54 46 -1
54 48 1
54 53 1
54 55 1
54 56 -1
54 57 -1
54 58 -1
54 59 1
54 60 1
54 61 -1
54 64 1
54 65 -1
54 66 -1
54 67 -1
54 68 -1
54 69 1
54 70 1
54 75 1
54 76 1
54 78 -1
54 81 1
54 86 1
54 88 1
54 89 -1
54 92 1
54 93 1
54 96 1
54 103 1
54 105 1
54 108 -1
54 112 1
54 115 1
54 116 1
54 120 1
54 122 -1
54 126 -1
54 128 1
54 129 1
55 2 -1
55 5 1
55 9 1
55 12 1
55 13 1
55 16 -1
55 17 1
55 18 -1
55 22 -1
55 23 1
55 24 1
55 25 -1
55 28 1
55 29 1
55 37 1
55 40 -1
55 42 1
55 43 1
55 44 -1
55 48 -1
55 49 1
55 53 1
55 57 1
55 61 -1
55 63 1
55 64 -1
55 68 -1
55 69 -1
55 70 1
55 71 -1
55 72 -1
55 75 1
55 77 -1
55 78 -1
55 80 1
55 88 1
55 90 1
55 93 1
55 96 -1
55 97 1
55 98 -1
55 99 -1
55 106 -1
55 107 1
55 108 1
55 109 -1
55 110 -1
55 114 1
55 121 1
55 122 -1
55 125 1
55 126 -1
55 130 1
56 1 -1
56 2 -1
56 3 -1
56 12 1
56 16 -1
56 19 -1
56 20 -1
56 24 -1
56 25 1
56 26 1
56 32 1
56 33 -1
56 35 -1
56 40 1
56 45 1
56 46 -1
56 47 -1
56 52 -1
56 55 1
56 60 1
56 66 1
56 69 1
56 74 -1
56 79 -1
56 85 1
56 86 -1
56 89 1
56 91 1
56 96 1
56 99 1
56 101 1
56 108 -1
56 115 -1
56 116 -1
56 119 1
56 122 -1
56 123 -1
56 125 1
56 130 -1
57 1 -1
57 2 -1
57 3 -1
57 5 -1
57 7 1
57 11 -1
57 13 1
57 16 -1
57 17 -1
57 18 1
57 20 -1
57 23 -1
57 26 -1
57 29 -1
57 31 -1
57 32 -1
57 38 1
57 41 1
57 45 1
57 48 -1
57 50 1
57 51 -1
57 56 1
57 59 -1
57 64 -1
57 65 -1
57 67 1
57 68 -1
57 70 -1
57 71 -1
57 73 1
57 74 1
57 80 1
57 86 -1
57 87 -1
57 89 1
57 90 -1
57 92 1
57 97 1
57 99 -1
57 100 -1
57 105 1
57 107 1
57 108 1
57 113 -1
57 114 -1
57 117 1
57 121 -1
57 123 -1
57 124 -1
57 126 1
57 127 -1
57 128 1
57 129 1
58 2 -1
58 5 1
58 7 -1
58 9 1
58 18 1
58 19 1
58 21 -1
58 24 1
58 27 -1
58 29 -1
58 33 1
58 34 1
58 35 -1
58 37 1
58 38 1
58 39 -1
58 41 -1
58 43 1
58 45 1
58 48 1
58 49 1
58 51 -1
58 52 1
58 53 1
58 55 1
58 60 -1
58 63 -1
58 66 -1
58 68 1
58 69 -1
58 71 -1
58 73 -1
58 75 1
58 82 1
58 85 1
58 88 -1
58 89 -1
58 90 1
58 91 -1
58 92 1
58 93 1
58 97 -1
58 99 1
58 101 -1
58 102 1
58 105 1
58 107 -1
58 108 -1
58 110 -1
58 111 -1
58 112 1
58 114 -1
58 115 1
58 116 -1
58 117 -1
58 118 -1
58 120 -1
58 123 -1
58 125 1
58 126 -1
58 127 1
58 128 1
59 1 1
59 6 1
59 11 1
59 12 1
59 14 -1
59 15 -1
59 16 1
59 17 -1
59 18 1
59 19 1
59 21 1
59 23 1
59 25 -1
59 29 -1
59 32 1
59 35 -1
59 36 1
59 39 1
59 41 1
59 50 -1
59 53 -1
59 55 1
59 58 -1
59 61 -1
59 65 1
59 67 -1
59 68 -1
59 74 1
59 76 -1
59 77 -1
59 80 -1
59 82 -1
59 85 -1
59 90 1
59 94 1
59 96 -1
59 97 -1
59 98 -1
59 101 -1
59 102 -1
59 104 1
59 114 1
59 115 1
59 123 -1
59 124 1
59 127 -1
59 128 -1
59 129 1
60 6 1
60 9 1
60 10 1
60 12 1
60 13 -1
60 16 1
60 20 1
60 23 -1
60 27 1
60 28 -1
60 29 1
60 30 -1
60 31 -1
60 36 -1
60 38 -1
60 41 1
60 42 -1
60 48 -1
60 55 1
60 57 1
60 59 -1
60 62 -1
60 63 1
60 65 -1
60 66 1
60 70 1
60 73 1
60 75 1
60 76 -1
60 78 -1
60 82 1
60 86 -1
60 88 -1
60 91 1
60 93 1
60 94 1
60 97 -1
60 102 -1
60 104 -1
60 105 1
60 108 1
60 116 -1
60 117 1
60 119 -1
60 123 -1
60 130 1
61 4 -1
61 5 -1
61 8 -1
61 9 1
61 14 -1
61 15 1
61 16 -1
61 18 -1
61 19 1
61 23 -1
61 24 -1
61 26 1
61 27 -1
61 37 1
61 39 -1
61 42 1
61 45 -1
61 49 -1
61 50 -1
61 51 1
61 57 1
61 58 -1
61 60 1
61 64 -1
61 65 -1
61 66 1
61 72 1
61 73 -1
61 75 -1
61 76 -1
61 79 1
61 81 1
61 83 -1
61 85 -1
61 86 -1
61 92 1
61 94 1
61 99 -1
61 101 -1
61 103 1
61 108 1
61 109 -1
61 110 1
61 114 -1
61 115 1
61 117 1
61 124 1
61 125 1
61 126 1
61 130 1
62 1 1
62 3 1
62 4 -1
62 8 -1
62 19 1
62 20 -1
62 21 1
62 23 -1
62 26 1
62 27 1
62 28 -1
62 30 1
62 31 -1
62 33 1
62 36 -1
62 37 1
62 39 1
62 43 -1
62 44 -1
62 45 1
62 51 -1
62 52 -1
62 53 -1
62 56 1
62 57 1
62 58 1
62 61 1
62 63 1
62 64 -1
62 65 -1
62 66 1
62 67 1
62 71 -1
62 73 1
62 74 1
62 76 -1
62 77 1
62 79 1
62 81 -1
62 82 -1
62 83 1
62 84 -1
62 85 1
62 87 -1
62 88 -1
62 89 1
62 92 1
62 95 1
62 98 -1
62 100 1
62 106 -1
62 107 -1
62 108 -1
62 111 1
62 114 1
62 117 1
62 118 1
62 119 -1
62 123 -1
62 124 1
62 126 1
62 129 -1
62 130 -1
63 1 -1
63 7 -1
63 12 -1
63 13 1
63 15 -1
63 17 1
63 18 -1
63 22 -1
63 23 -1
63 27 -1
63 29 -1
63 33 1
63 37 1
63 38 -1
63 44 1
63 45 -1
63 47 -1
63 52 -1
63 54 1
63 57 1
63 59 1
63 61 -1
63 65 -1
63 66 1
63 67 1
63 69 -1
63 72 1
63 81 -1
63 86 1
63 88 1
63 89 1
63 92 -1
63 96 1
63 100 1
63 101 1
63 103 1
63 105 1
63 108 1
63 111 1
63 113 -1
63 117 -1
63 118 -1
63 120 1
63 122 1
63 124 1
63 127 1
63 130 -1
64 4 1
64 8 -1
64 10 1
64 14 1
64 24 -1
64 25 1
64 26 -1
64 27 1
64 29 -1
64 30 -1
64 35 1
64 39 1
64 42 1
64 46 -1
64 47 1
64 48 -1
64 49 -1
64 50 -1
64 56 -1
64 58 1
64 59 1
64 60 -1
64 66 1
64 68 -1
64 71 1
64 74 1
64 75 1
64 76 -1
64 83 -1
64 85 1
64 86 -1
64 90 -1
64 92 -1
64 95 1
64 97 1
64 100 -1
64 105 -1
64 110 -1
64 118 -1
64 121 1
64 123 1
64 126 1
64 128 1
64 129 -1
64 130 -1
65 2 -1
65 3 -1
65 6 -1
65 10 -1
65 12 -1
65 15 -1
65 18 1
65 20 -1
65 22 -1
65 33 1
65 35 -1
65 42 1
65 43 -1
65 45 -1
65 53 -1
65 55 1
65 56 -1
65 58 -1
65 64 -1
65 68 1
65 69 -1
65 72 1
65 73 1
65 77 1
65 78 1
65 86 -1
65 88 -1
65 93 -1
65 94 1
65 96 1
65 97 -1
65 98 1
65 101 -1
65 102 1
65 103 1
65 105 1
65 106 1
65 111 -1
65 118 -1
65 119 -1
65 120 -1
65 122 1
65 126 1
65 128 1
65 129 1
66 2 1
66 5 -1
66 13 -1
66 15 1
66 17 1
66 18 1
66 19 -1
66 21 1
66 26 1
66 27 1
66 29 1
66 31 1
66 35 -1
66 36 1
66 37 -1
66 42 -1
66 44 -1
66 47 -1
66 50 1
66 51 -1
66 57 1
66 59 -1
66 65 1
66 72 -1
66 73 1
66 77 1
66 78 -1
66 79 1
66 82 1
66 83 1
66 84 -1
66 87 -1
66 93 -1
66 94 -1
66 98 -1
66 100 1
66 101 1
66 103 -1
66 105 1
66 106 1
66 107 1
66 109 1
66 112 1
66 115 1
66 121 1
66 122 -1
66 126 1
66 129 -1
66 130 1
67 1 -1
67 3 1
67 5 1
67 11 -1
67 13 1
67 14 -1
67 15 -1
67 18 -1
67 21 -1
67 22 -1
67 26 -1
67 28 -1
67 31 -1
67 33 -1
67 34 1
67 35 1
67 37 -1
67 38 -1
67 39 -1
67 43 1
67 51 1
67 52 -1
67 55 1
67 58 -1
67 61 -1
67 64 -1
67 65 1
67 68 -1
67 69 1
67 71 1
67 75 -1
67 76 -1
67 79 -1
67 80 1
67 81 1
67 83 -1
67 84 1
67 85 1
67 88 -1
67 90 -1
67 96 -1
67 106 -1
67 107 1
67 108 -1
67 112 1
67 113 1
67 114 1
67 115 -1
67 119 -1
67 121 1
67 122 -1
67 124 -1
67 127 -1
68 2 1
68 4 1
68 5 -1
68 10 -1
68 14 -1
68 16 1
68 17 -1
68 18 1
68 19 1
68 20 -1
68 22 1
68 26 -1
68 28 1
68 30 1
68 31 -1
68 32 1
68 33 -1
68 34 1
68 36 1
68 40 -1
68 43 -1
68 44 1
68 47 1
68 51 -1
68 56 -1
68 60 -1
68 62 -1
68 63 1
68 66 1
68 73 1
68 78 1
68 79 1
68 81 -1
68 83 -1
68 86 -1
68 87 -1
68 89 -1
68 90 1
68 98 1
68 101 1
68 104 1
68 105 -1
68 107 1
68 110 1
68 115 -1
68 118 -1
68 122 -1
68 123 -1
68 126 -1
68 129 -1
69 2 1
69 4 1
69 6 -1
69 9 -1
69 10 1
69 12 1
69 13 1
69 14 1
69 15 -1
69 18 -1
69 20 1
69 21 -1
69 24 -1
69 26 -1
69 28 -1
69 29 -1
69 31 1
69 33 -1
69 35 1
69 37 1
69 40 -1
69 43 -1
69 44 -1
69 46 1
69 49 -1
69 50 -1
69 60 1
69 61 1
69 62 -1
69 64 1
69 66 -1
69 68 -1
69 73 -1
69 76 1
69 78 -1
69 82 -1
69 84 1
69 86 1
69 87 -1
69 88 -1
69 89 1
69 90 1
69 91 1
69 93 -1
69 94 -1
69 96 1
69 97 -1
69 98 -1
69 102 1
69 104 1
69 110 1
69 111 -1
69 114 1
69 115 1
69 116 -1
69 118 1
69 119 -1
69 120 1
69 123 -1
69 124 -1
69 128 1
70 3 1
70 4 -1
70 5 -1
70 7 1
70 9 1
70 12 1
70 13 1
70 15 -1
70 17 1
70 18 -1
70 19 -1
70 20 1
70 24 -1
70 26 1
70 27 1
70 28 -1
70 31 -1
70 39 1
70 43 1
70 45 -1
70 53 1
70 56 -1
70 58 1
70 59 -1
70 61 -1
70 62 -1
70 63 1
70 66 1
70 67 1
70 68 -1
70 71 -1
70 72 1
70 76 1
70 79 1
70 80 -1
70 83 1
70 86 1
70 90 1
70 91 1
70 94 -1
70 95 -1
70 96 1
70 98 1
70 99 -1
70 101 1
70 102 1
70 103 -1
70 104 1
70 105 1
70 106 -1
70 107 1
70 108 -1
70 109 -1
70 110 1
70 112 1
70 118 -1
70 120 -1
70 125 1
70 127 -1
70 130 -1
71 2 -1
71 3 -1
71 4 -1
71 13 -1
71 14 -1
71 18 1
71 19 1
71 20 1
71 21 -1
71 27 -1
71 28 1
71 29 -1
71 30 1
71 32 -1
71 42 1
71 48 -1
71 53 1
71 54 1
71 56 -1
71 59 1
71 60 1
71 61 1
71 65 1
71 68 1
71 69 1
71 72 -1
71 76 1
71 78 -1
71 80 -1
71 81 1
71 82 1
71 86 -1
71 90 1
71 92 1
71 93 1
71 94 1
71 104 -1
71 106 -1
71 110 1
71 111 -1
71 112 -1
71 121 -1
71 123 1
71 126 1
71 129 1
72 4 1
72 8 1
72 11 -1
72 15 1
72 16 -1
72 20 1
72 22 -1
72 25 1
72 29 -1
72 30 -1
72 31 1
72 32 1
72 34 -1
72 35 -1
72 43 -1
72 45 -1
72 46 -1
72 48 -1
72 53 -1
72 57 -1
72 58 -1
72 62 1
72 64 1
72 67 1
72 69 -1
72 74 1
72 79 1
72 80 1
72 81 1
72 83 -1
72 85 1
72 87 1
72 89 -1
72 90 -1
72 94 1
72 98 1
72 99 1
72 100 -1
72 101 -1
72 102 1
72 106 -1
72 108 1
72 112 1
72 113 1
72 116 1
72 117 1
72 120 1
72 122 -1
72 126 1
72 127 1
73 3 1
73 7 1
73 8 1
73 11 -1
73 12 1
73 13 1
73 14 -1
73 15 -1
73 17 -1
73 22 1
73 23 -1
73 25 -1
73 31 -1
73 32 -1
73 40 1
73 41 -1
73 44 -1
73 45 -1
73 51 1
73 53 1
73 54 1
73 55 -1
73 56 -1
73 59 1
73 63 -1
73 64 -1
73 67 -1
73 70 -1
73 75 -1
73 77 -1
73 82 -1
73 85 -1
73 86 1
73 90 1
73 94 -1
73 99 1
73 100 1
73 104 1
73 109 1
73 110 1
73 120 -1
73 122 -1
73 123 1
73 129 -1
73 130 1
74 2 -1
74 4 -1
74 7 -1
74 9 1
74 10 -1
74 13 1
74 16 1
74 17 -1
74 18 1
74 19 1
74 22 1
74 26 -1
74 30 1
74 33 1
74 37 1
74 39 -1
74 40 1
74 42 -1
74 46 -1
74 49 -1
74 50 1
74 53 1
74 54 -1
74 55 1
74 60 1
74 61 -1
74 65 1
74 66 -1
74 67 1
74 68 1
74 69 1
74 70 1
74 71 -1
74 73 -1
74 75 1
74 82 1
74 83 1
74 88 -1
74 92 -1
74 95 1
74 96 -1
74 97 1
74 99 -1
74 102 1
74 104 -1
74 105 -1
74 106 1
74 109 -1
74 111 -1
74 113 -1
74 118 -1
74 120 1
74 122 -1
74 124 1
74 125 -1
74 129 1
74 130 1
75 4 -1
75 9 -1
75 10 -1
75 12 1
75 14 -1
75 16 1
75 17 1
75 18 -1
75 20 -1
75 21 1
75 22 -1
75 27 1
75 31 -1
75 32 -1
75 33 1
75 35 1
75 36 1
75 40 -1
75 48 1
75 49 -1
75 50 -1
75 53 1
75 56 -1
75 57 -1
75 59 1
75 62 1
75 63 1
75 65 -1
75 66 -1
75 69 1
75 70 -1
75 71 -1
75 72 1
75 76 1
75 77 1
75 79 -1
75 80 1
75 83 -1
75 89 1
75 90 1
75 91 1
75 96 -1
75 98 1
75 101 1
75 103 1
75 106 1
75 108 1
75 113 -1
75 116 1
75 120 -1
75 125 -1
75 128 1
75 130 -1
76 4 -1
76 6 1
76 7 -1
76 8 1
76 9 -1
76 12 1
76 14 1
76 16 1
76 18 -1
76 19 -1
76 21 -1
76 22 -1
76 25 -1
76 29 -1
76 36 -1
76 37 -1
76 38 1
76 44 1
76 47 -1
76 48 -1
76 49 1
76 55 1
76 56 1
76 57 1
76 63 1
76 65 1
76 66 1
76 68 1
76 72 -1
76 73 -1
76 74 1
76 77 1
76 78 -1
76 79 1
76 82 1
76 84 -1
76 85 1
76 88 -1
76 89 -1
76 91 1
76 93 1
76 102 1
76 105 1
76 106 -1
76 107 -1
76 108 1
76 109 -1
76 110 1
76 112 1
76 115 -1
76 116 -1
76 117 1
76 118 -1
76 119 1
76 121 1
76 122 1
76 123 1
76 125 1
76 128 1
76 130 1
77 4 -1
77 5 1
77 7 -1
77 8 1
77 14 -1
77 21 1
77 23 1
77 26 -1
77 27 -1
77 28 1
77 31 -1
77 33 1
77 40 1
77 44 1
77 45 1
77 46 -1
77 48 -1
77 51 1
77 52 -1
77 53 1
77 54 -1
77 57 -1
77 60 -1
77 63 -1
77 64 -1
77 68 -1
77 69 1
77 72 -1
77 74 1
77 80 1
77 81 1
77 83 1
77 84 1
77 86 -1
77 88 -1
77 89 -1
77 94 1
77 96 1
77 98 1
77 103 1
77 104 1
77 106 -1
77 110 -1
77 116 1
77 119 1
77 129 1
77 130 1
78 2 -1
78 8 -1
78 9 1
78 11 1
78 12 1
78 13 1
78 16 1
78 17 1
78 27 -1
78 30 1
78 31 -1
78 35 -1
78 37 -1
78 39 -1
78 40 1
78 43 -1
78 44 -1
78 46 -1
78 47 1
78 49 1
78 52 1
78 57 -1
78 59 1
78 62 1
78 63 -1
78 67 1
78 70 -1
78 72 -1
78 73 1
78 74 1
78 75 1
78 77 1
78 80 -1
78 87 -1
78 88 -1
78 91 -1
78 92 -1
78 93 -1
78 98 1
78 99 -1
78 100 1
78 110 1
78 112 -1
78 116 1
78 117 -1
78 121 1
78 128 -1
79 1 -1
79 6 1
79 11 -1
79 12 1
79 17 -1
79 21 -1
79 25 -1
79 32 -1
79 33 1
79 35 -1
79 36 -1
79 37 1
79 45 1
79 46 1
79 47 -1
79 48 1
79 53 -1
79 55 1
79 57 1
79 58 1
79 59 -1
79 63 -1
79 65 1
79 73 1
79 78 -1
79 81 -1
79 83 1
79 84 -1
79 85 1
79 86 1
79 91 -1
79 94 -1
79 95 1
79 99 -1
79 101 -1
79 104 -1
79 109 1
79 111 -1
79 116 1
79 119 1
79 123 -1
79 126 -1
79 127 -1
79 130 1
80 1 1
80 3 1
80 8 -1
80 11 -1
80 15 1
80 17 1
80 19 1
80 21 -1
80 23 -1
80 24 1
80 27 -1
80 29 1
80 32 1
80 34 1
80 36 1
80 37 1
80 41 -1
80 46 1
80 47 1
80 49 1
80 50 1
80 56 -1
80 62 1
80 64 -1
80 65 -1
80 68 1
80 69 -1
80 73 -1
80 76 1
80 81 -1
80 84 -1
80 86 -1
80 89 -1
80 91 1
80 93 -1
80 94 -1
80 96 -1
80 98 -1
80 101 1
80 107 1
80 108 1
80 109 1
80 111 -1
80 118 1
80 120 -1
80 125 -1
80 126 -1
80 127 1
80 128 1
80 129 -1
80 130 -1
81 1 -1
81 2 -1
81 5 1
81 9 -1
81 10 1
81 13 -1
81 15 -1
81 20 -1
81 21 -1
81 22 1
81 32 1
81 35 -1
81 39 1
81 40 -1
81 41 -1
81 43 1
81 45 -1
81 46 1
81 48 1
81 49 1
81 52 1
81 58 -1
81 59 -1
81 60 -1
81 64 1
81 65 -1
81 66 1
81 69 -1
81 70 1
81 73 1
81 76 1
81 78 1
81 82 1
81 83 -1
81 85 1
81 86 1
81 87 1
81 89 -1
81 91 -1
81 95 -1
81 98 -1
81 104 -1
81 105 1
81 107 1
81 109 1
81 110 -1
81 111 -1
81 119 -1
81 120 -1
81 121 1
81 125 -1
81 129 1
81 130 -1
82 4 1
82 5 1
82 6 1
82 7 1
82 10 1
82 11 -1
82 14 1
82 17 1
82 18 -1
82 20 -1
82 28 -1
82 29 1
82 31 1
82 32 1
82 36 -1
82 37 1
82 38 1
82 40 -1
82 46 -1
82 47 -1
82 49 1
82 50 1
82 51 -1
82 52 -1
82 54 1
82 55 -1
82 56 1
82 57 1
82 65 1
82 67 1
82 68 1
82 70 1
82 77 1
82 78 1
82 79 1
82 80 1
82 85 -1
82 86 1
82 87 -1
82 88 -1
82 94 1
82 95 1
82 97 -1
82 98 -1
82 105 -1
82 110 -1
82 111 -1
82 112 -1
82 113 -1
82 114 -1
82 119 1
82 121 1
82 125 1
82 126 1
82 128 1
82 129 -1
83 1 -1
83 7 1
83 8 -1
83 11 -1
83 19 1
83 20 1
83 23 -1
83 26 -1
83 30 1
83 31 -1
83 34 1
83 35 -1
83 38 -1
83 39 1
83 41 1
83 46 1
83 47 1
83 48 1
83 49 -1
83 51 -1
83 53 -1
83 54 -1
83 56 -1
83 57 -1
83 59 1
83 63 -1
83 65 1
83 71 1
83 78 1
83 80 -1
83 84 -1
83 86 -1
83 88 -1
83 89 1
83 96 1
83 98 -1
83 100 -1
83 102 1
83 103 -1
83 104 -1
83 106 1
83 108 1
83 109 1
83 111 -1
83 112 1
83 116 1
83 117 -1
83 120 -1
83 121 1
83 122 -1
83 123 -1
83 124 -1
83 125 -1
83 126 1
83 129 1
84 4 -1
84 5 1
84 6 1
84 10 1
84 13 1
84 14 1
84 15 -1
84 17 -1
84 18 -1
84 19 -1
84 20 1
84 23 -1
84 25 -1
84 28 -1
84 29 1
84 30 1
84 31 -1
84 32 -1
84 33 -1
84 35 1
84 36 1
84 38 1
84 41 -1
84 42 1
84 43 -1
84 48 -1
84 52 -1
84 54 -1
84 55 -1
84 56 1
84 57 1
84 58 1
84 59 -1
84 61 -1
84 63 1
84 64 -1
84 68 1
84 72 1
84 73 -1
84 74 1
84 75 -1
84 81 1
84 82 1
84 86 1
84 87 -1
84 88 1
84 91 1
84 92 -1
84 94 1
84 100 -1
84 101 -1
84 104 -1
84 105 -1
84 107 1
84 108 1
84 109 1
84 110 1
84 113 1
84 114 1
84 115 1
84 117 -1
84 120 -1
84 121 -1
84 122 1
84 125 -1
84 126 1
84 128 1
85 11 1
85 13 -1
85 15 1
85 16 1
85 18 -1
85 22 1
85 23 1
85 24 1
85 25 1
85 35 1
85 37 -1
85 39 -1
85 45 1
85 46 1
85 47 -1
85 49 -1
85 51 1
85 52 -1
85 53 -1
85 54 1
85 60 1
85 63 -1
85 65 -1
85 66 -1
85 68 1
85 69 1
85 70 -1
85 77 1
85 78 1
85 86 -1
85 88 -1
85 89 1
85 91 -1
85 92 1
85 93 -1
85 96 -1
85 97 1
85 98 1
85 100 -1
85 103 -1
85 104 1
85 105 1
85 106 -1
85 110 -1
85 111 -1
85 112 1
85 114 1
85 115 -1
85 126 -1
85 127 -1
85 128 1
85 129 1
86 3 1
86 5 1
86 8 -1
86 9 1
86 10 -1
86 11 1
86 12 -1
86 13 1
86 14 -1
86 15 -1
86 16 1
86 18 -1
86 21 -1
86 23 -1
86 26 -1
86 28 1
86 30 1
86 32 -1
86 33 -1
86 34 -1
86 35 1
86 38 -1
86 39 -1
86 41 1
86 43 -1
86 45 1
86 47 1
86 48 1
86 53 1
86 55 1
86 58 1
86 59 -1
86 72 -1
86 74 1
86 76 -1
86 78 1
86 87 -1
86 88 -1
86 89 1
86 92 1
86 93 -1
86 95 -1
86 96 -1
86 105 -1
86 107 1
86 108 1
86 110 -1
86 112 1
86 113 1
86 116 1
86 120 1
86 122 -1
86 123 1
86 124 1
86 125 -1
86 127 -1
87 1 -1
87 4 -1
87 12 -1
87 16 -1
87 17 1
87 18 -1
87 22 -1
87 28 1
87 30 -1
87 31 1
87 34 1
87 35 -1
87 36 -1
87 45 -1
87 46 1
87 48 1
87 50 1
87 54 1
87 56 -1
87 58 -1
87 59 -1
87 60 1
87 61 1
87 64 1
87 70 -1
87 71 -1
87 73 1
87 75 -1
87 76 -1
87 77 1
87 80 1
87 83 1
87 85 -1
87 90 1
87 91 1
87 92 1
87 93 -1
87 94 1
87 96 1
87 97 -1
87 98 1
87 102 1
87 105 -1
87 108 -1
87 109 -1
87 111 -1
87 112 -1
87 114 1
87 116 -1
87 117 -1
87 121 1
87 122 -1
87 124 -1
87 126 -1
88 1 1
88 2 1
88 3 1
88 6 -1
88 7 -1
88 10 -1
88 11 -1
88 14 -1
88 15 1
88 19 -1
88 21 1
88 25 -1
88 26 1
88 28 1
88 29 -1
88 30 1
88 31 -1
88 32 -1
88 37 1
88 38 -1
88 42 -1
88 44 -1
88 46 -1
88 51 1
88 52 1
88 53 1
88 56 1
88 61 -1
88 64 1
88 66 1
88 68 -1
88 70 1
88 71 1
88 73 -1
88 79 -1
88 81 -1
88 87 1
88 92 1
88 94 1
88 97 -1
88 99 1
88 100 -1
88 101 -1
88 107 1
88 108 -1
88 121 1
88 123 -1
88 124 -1
88 125 1
88 127 1
88 128 1
88 129 1
88 130 -1
89 3 1
89 9 -1
89 11 1
89 12 -1
89 16 1
89 18 -1
89 29 1
89 30 1
89 34 1
89 35 -1
89 37 -1
89 38 -1
89 40 -1
89 41 1
89 44 -1
89 45 1
89 46 1
89 49 -1
89 52 1
89 53 -1
89 59 -1
89 61 1
89 64 1
89 65 1
89 67 1
89 71 -1
89 73 1
89 74 1
89 78 -1
89 79 -1
89 82 1
89 84 -1
89 88 1
89 92 1
89 93 -1
89 94 1
89 95 -1
89 98 1
89 106 -1
89 108 1
89 112 -1
89 114 -1
89 115 -1
89 116 1
89 117 1
89 118 1
89 119 1
89 120 1
89 121 -1
89 124 1
89 125 1
89 129 -1
90 3 -1
90 5 1
90 13 -1
90 14 1
90 17 -1
90 18 -1
90 20 -1
90 24 1
90 27 -1
90 29 1
90 33 1
90 36 -1
90 38 1
90 45 1
90 48 1
90 49 -1
90 52 -1
90 56 1
90 60 1
90 61 -1
90 62 -1
90 65 -1
90 66 1
90 76 1
90 78 1
90 79 1
90 80 1
90 83 1
90 84 1
90 88 1
90 91 -1
90 95 -1
90 98 -1
90 99 1
90 100 1
90 104 1
90 105 -1
90 110 1
90 111 1
90 114 -1
90 115 1
90 118 1
90 121 1
90 122 1
90 124 1
90 126 1
90 127 1
91 1 -1
91 2 1
91 3 1
91 5 -1
91 8 1
91 10 1
91 11 1
91 14 1
91 23 1
91 26 -1
91 27 1
91 28 1
91 29 -1
91 30 -1
91 32 1
91 34 1
91 37 -1
91 40 -1
91 41 -1
91 44 1
91 45 -1
91 46 1
91 50 1
91 51 1
91 54 -1
91 55 1
91 57 1
91 63 -1
91 64 1
91 65 -1
91 66 1
91 67 -1
91 68 -1
91 71 -1
91 73 1
91 74 -1
91 82 1
91 83 1
91 86 1
91 88 -1
91 89 -1
91 95 1
91 101 -1
91 105 -1
91 110 1
91 113 1
91 116 1
91 118 1
91 121 1
91 122 1
91 123 1
91 127 -1
91 128 1
92 2 -1
92 3 1
92 4 -1
92 6 1
92 8 1
92 9 1
92 11 -1
92 22 -1
92 23 -1
92 25 1
92 27 -1
92 28 1
92 32 1
92 33 1
92 35 -1
92 42 -1
92 43 1
92 48 -1
92 49 1
92 51 -1
92 55 -1
92 59 -1
92 60 -1
92 65 1
92 66 -1
92 67 1
92 68 -1
92 70 1
92 72 -1
92 73 -1
92 75 1
92 76 1
92 77 1
92 80 -1
92 81 -1
92 82 -1
92 90 -1
92 91 -1
92 94 1
92 102 1
92 103 -1
92 107 1
92 111 -1
92 113 -1
92 116 -1
92 122 -1
92 123 1
92 126 -1
92 130 1
93 2 1
93 4 1
93 6 -1
93 9 -1
93 18 -1
93 19 1
93 20 -1
93 22 1
93 30 -1
93 31 -1
93 32 -1
93 34 1
93 42 1
93 43 -1
93 47 -1
93 48 1
93 52 1
93 53 1
93 57 -1
93 61 -1
93 63 1
93 64 -1
93 67 1
93 70 1
93 72 -1
93 74 -1
93 77 1
93 79 -1
93 81 -1
93 83 1
93 84 1
93 90 1
93 91 1
93 97 -1
93 99 -1
93 101 -1
93 106 -1
93 109 -1
93 113 -1
93 114 1
93 115 1
93 116 1
93 117 -1
93 121 -1
93 124 1
93 125 1
94 1 1
94 5 1
94 7 -1
94 11 1
94 19 1
94 21 1
94 24 -1
94 26 -1
94 27 1
94 28 1
94 30 -1
94 31 1
94 40 -1
94 42 1
94 43 1
94 44 -1
94 47 1
94 48 -1
94 51 -1
94 53 1
94 54 -1
94 56 1
94 57 -1
94 64 1
94 67 -1
94 74 -1
94 75 -1
94 76 -1
94 78 -1
94 83 1
94 90 -1
94 91 1
94 93 1
94 99 1
94 100 1
94 102 -1
94 105 1
94 106 -1
94 108 -1
94 111 -1
94 112 -1
94 113 -1
94 116 -1
94 117 1
94 119 1
94 121 1
94 125 -1
94 127 -1
94 128 1
95 1 1
95 8 1
95 9 1
95 12 1
95 16 -1
95 19 -1
95 20 -1
95 22 -1
95 23 1
95 27 -1
95 31 1
95 32 -1
95 36 -1
95 37 1
95 42 1
95 43 -1
95 47 1
95 48 1
95 49 -1
95 50 -1
95 53 -1
95 54 1
95 55 -1
95 57 -1
95 58 1
95 61 1
95 63 1
95 65 1
95 68 -1
95 72 -1
95 73 -1
95 75 1
95 77 -1
95 80 -1
95 83 1
95 85 1
95 87 1
95 92 1
95 93 -1
95 96 -1
95 97 -1
95 102 1
95 106 1
95 108 -1
95 111 1
95 112 1
95 114 1
95 116 1
95 117 -1
95 120 1
95 123 -1
95 124 -1
95 125 -1
95 129 -1
96 1 1
96 8 -1
96 14 1
96 16 1
96 18 -1
96 20 1
96 21 1
96 28 -1
96 29 -1
96 30 1
96 31 1
96 34 1
96 39 -1
96 44 -1
96 45 1
96 46 -1
96 47 -1
96 48 1
96 51 -1
96 53 -1
96 57 -1
96 62 1
96 68 -1
96 72 1
96 76 -1
96 82 -1
96 84 -1
96 88 1
96 91 -1
96 92 1
96 99 -1
96 108 -1
96 109 -1
96 110 1
96 112 -1
96 118 1
96 119 1
96 120 -1
96 122 -1
96 129 1
96 130 -1
97 1 -1
97 3 -1
97 5 1
97 6 1
97 12 -1
97 14 1
97 17 -1
97 19 -1
97 22 -1
97 29 -1
97 31 1
97 33 1
97 35 1
97 42 1
97 46 1
97 50 1
97 52 1
97 53 -1
97 54 1
97 56 -1
97 62 -1
97 66 -1
97 67 -1
97 68 -1
97 70 1
97 71 -1
97 72 1
97 73 1
97 75 -1
97 76 -1
97 79 -1
97 80 -1
97 81 1
97 83 1
97 84 1
97 89 1
97 92 1
97 96 -1
97 98 1
97 100 1
97 101 1
97 103 1
97 105 -1
97 108 1
97 111 1
97 113 1
97 117 1
97 118 -1
97 119 1
97 120 -1
97 125 1
97 126 1
97 129 1
98 4 -1
98 6 -1
98 8 1
98 12 -1
98 14 1
98 15 1
98 20 -1
98 21 1
98 25 1
98 28 1
98 29 -1
98 33 -1
98 36 1
98 39 -1
98 41 1
98 42 1
98 44 -1
98 47 -1
98 48 1
98 53 1
98 54 1
98 57 -1
98 58 1
98 60 1
98 61 1
98 63 -1
98 64 1
98 67 1
98 71 -1
98 73 -1
98 74 -1
98 84 -1
98 92 -1
98 95 1
98 96 1
98 104 1
98 105 1
98 109 1
98 114 1
98 120 -1
98 121 1
98 123 -1
98 127 1
98 128 -1
98 129 1
99 1 1
99 3 1
99 4 -1
99 5 -1
99 7 -1
99 11 1
99 12 1
99 13 1
99 19 1
99 20 -1
99 22 1
99 30 1
99 31 1
99 32 -1
99 34 -1
99 35 1
99 36 -1
99 38 1
99 40 1
99 41 -1
99 43 -1
99 46 -1
99 48 -1
99 49 1
99 50 -1
99 52 1
99 59 -1
99 60 -1
99 62 1
99 63 1
99 64 1
99 65 1
99 69 -1
99 75 1
99 76 -1
99 77 1
99 84 1
99 86 -1
99 89 -1
99 92 1
99 95 1
99 98 1
99 100 -1
99 101 -1
99 102 -1
99 103 1
99 107 -1
99 111 1
99 116 1
99 117 1
99 120 -1
99 121 -1
99 123 1
100 4 -1
100 6 -1
100 16 1
100 21 -1
100 28 1
100 31 -1
100 32 1
100 34 1
100 35 -1
100 36 1
100 41 1
100 42 -1
100 46 -1
100 51 -1
100 55 1
100 56 1
100 58 1
100 59 1
100 60 -1
100 65 -1
100 68 1
100 69 1
100 70 -1
100 71 1
100 76 1
100 77 1
100 79 1
100 80 -1
100 81 1
100 82 -1
100 86 -1
100 87 -1
100 89 -1
100 93 -1
100 95 1
100 98 1
100 101 -1
100 104 -1
100 106 -1
100 108 -1
100 109 1
100 110 -1
100 113 -1
100 114 -1
100 115 1
100 123 -1
100 125 -1
100 127 -1
100 128 1
100 129 1
100 130 -1
101 1 -1
101 4 1
101 9 -1
101 18 1
101 19 1
101 22 -1
101 23 -1
101 24 -1
101 29 -1
101 30 1
101 32 -1
101 33 -1
101 36 -1
101 38 -1
101 43 1
101 45 1
101 46 1
101 47 -1
101 49 1
101 55 1
101 57 -1
101 60 1
101 64 1
101 67 1
101 69 1
101 71 1
101 73 1
101 74 1
101 77 -1
101 78 1
101 81 -1
101 83 1
101 85 -1
101 86 1
101 89 1
101 90 1
101 92 1
101 94 -1
101 95 -1
101 96 -1
101 98 -1
101 102 -1
101 103 -1
101 110 -1
101 114 -1
101 117 1
101 118 -1
101 119 -1
101 121 -1
101 123 1
101 126 1
101 127 1
101 129 1
102 3 1
102 4 -1
102 8 -1
102 9 1
102 19 -1
102 25 1
102 26 -1
102 35 1
102 36 -1
102 39 -1
102 40 -1
102 44 -1
102 45 1
102 47 1
102 49 1
102 54 1
102 55 -1
102 56 1
102 57 -1
102 63 1
102 64 -1
102 66 -1
102 67 1
102 73 -1
102 75 1
102 77 1
102 78 -1
102 81 1
102 82 -1
102 84 1
102 88 1
102 93 1
102 96 1
102 98 1
102 100 1
102 104 -1
102 108 -1
102 117 -1
102 120 -1
102 122 1
102 125 1
103 3 1
103 10 -1
103 18 1
103 19 1
103 24 -1
103 26 -1
103 27 -1
103 28 1
103 31 -1
103 32 -1
103 33 -1
103 34 1
103 44 -1
103 49 1
103 55 1
103 57 1
103 59 1
103 62 1
103 64 -1
103 72 1
103 74 -1
103 76 -1
103 78 1
103 79 -1
103 80 -1
103 81 -1
103 86 -1
103 87 1
103 96 1
103 98 -1
103 100 1
103 104 -1
103 107 -1
103 110 -1
103 114 1
103 118 1
103 120 -1
103 122 -1
103 126 1
103 129 -1
103 130 1
104 3 1
104 11 1
104 12 -1
104 13 1
104 14 1
104 15 1
104 16 -1
104 17 1
104 19 1
104 22 -1
104 23 1
104 26 1
104 28 1
104 30 1
104 33 -1
104 40 1
104 47 1
104 51 1
104 54 1
104 55 1
104 56 -1
104 57 -1
104 58 1
104 61 1
104 64 1
104 65 -1
104 72 1
104 76 -1
104 78 -1
104 80 -1
104 82 -1
104 86 -1
104 88 1
104 89 1
104 93 1
104 94 -1
104 95 1
104 99 1
104 101 1
104 105 1
104 107 1
104 108 -1
104 109 -1
104 110 -1
104 117 -1
104 121 -1
104 123 1
105 1 1
105 2 1
105 8 -1
105 10 -1
105 11 -1
105 15 -1
105 16 -1
105 17 -1
105 23 -1
105 34 1
105 35 1
105 37 1
105 41 -1
105 43 -1
105 45 1
105 47 -1
105 48 -1
105 56 1
105 59 1
105 61 -1
105 67 1
105 71 1
105 72 1
105 73 -1
105 79 1
105 80 1
105 89 -1
105 92 -1
105 95 1
105 99 1
105 106 -1
105 107 -1
105 112 -1
105 113 1
105 118 1
105 119 -1
105 127 1
105 128 1
105 129 -1
105 130 -1
106 1 -1
106 2 -1
106 5 -1
106 6 -1
106 7 -1
106 18 1
106 19 1
106 20 1
106 26 1
106 30 1
106 31 1
106 33 1
106 36 -1
106 37 -1
106 42 1
106 44 1
106 46 1
106 49 -1
106 50 1
106 52 1
106 53 -1
106 54 -1
106 56 1
106 57 -1
106 58 1
106 59 1
106 60 -1
106 61 1
106 63 -1
106 69 1
106 78 1
106 79 1
106 81 -1
106 82 -1
106 84 -1
106 86 1
106 88 -1
106 90 1
106 91 -1
106 92 1
106 99 1
106 101 -1
106 102 1
106 103 1
106 104 -1
106 107 -1
106 108 -1
106 113 1
106 114 -1
106 118 1
106 120 1
106 122 -1
106 123 -1
106 125 1
106 126 1
106 127 -1
107 6 1
107 8 1
107 16 1
107 18 -1
107 19 -1
107 20 -1
107 25 -1
107 33 1
107 34 -1
107 37 1
107 39 -1
107 41 -1
107 42 1
107 43 1
107 44 -1
107 45 -1
107 47 1
107 48 1
107 50 -1
107 51 1
107 53 1
107 56 1
107 59 -1
107 60 -1
107 61 -1
107 63 1
107 64 1
107 69 1
107 71 -1
107 72 1
107 73 1
107 74 1
107 77 -1
107 78 -1
107 79 -1
107 82 -1
107 83 1
107 85 1
107 87 1
107 89 1
107 90 -1
107 91 1
107 93 -1
107 94 1
107 96 1
107 97 -1
107 98 1
107 100 -1
107 101 1
107 113 1
107 115 -1
107 116 -1
107 118 -1
107 121 1
107 122 1
107 128 -1
107 129 -1
107 130 -1
108 1 1
108 3 -1
108 4 -1
108 5 -1
108 10 -1
108 13 -1
108 14 1
108 16 1
108 17 -1
108 18 1
108 20 1
108 22 -1
108 23 1
108 25 -1
108 29 1
108 31 -1
108 33 1
108 38 -1
108 39 -1
108 40 -1
108 42 -1
108 48 1
108 51 -1
108 53 1
108 64 1
108 66 1
108 69 1
108 71 -1
108 78 1
108 79 -1
108 82 1
108 85 -1
108 90 1
108 91 1
108 92 1
108 93 1
108 98 1
108 99 -1
108 101 -1
108 107 -1
108 111 -1
108 113 -1
108 115 -1
108 119 1
108 120 -1
108 122 -1
108 124 1
108 129 -1
108 130 1
109 6 1
109 10 -1
109 12 -1
109 16 -1
109 17 -1
109 30 -1
109 32 -1
109 34 -1
109 35 1
109 36 1
109 38 -1
109 44 1
109 49 -1
109 50 -1
109 53 -1
109 54 -1
109 56 -1
109 57 -1
109 58 1
109 59 -1
109 62 -1
109 63 1
109 65 -1
109 67 1
109 68 -1
109 69 1
109 71 1
109 72 1
109 75 -1
109 78 -1
109 82 1
109 86 -1
109 88 -1
109 89 1
109 90 -1
109 92 -1
109 94 -1
109 95 1
109 97 -1
109 99 1
109 101 -1
109 103 1
109 106 1
109 108 -1
109 111 1
109 115 1
109 116 -1
109 117 -1
109 118 -1
109 120 1
109 121 1
109 124 1
109 125 -1
109 127 1
110 2 -1
110 4 1
110 6 -1
110 12 -1
110 15 1
110 17 -1
110 18 -1
110 19 -1
110 20 1
110 24 1
110 25 1
110 26 1
110 31 -1
110 34 1
110 41 1
110 43 1
110 44 -1
110 47 1
110 48 -1
110 50 -1
110 56 1
110 57 -1
110 59 -1
110 60 1
110 62 -1
110 63 -1
110 65 -1
110 66 -1
110 67 1
110 72 1
110 75 -1
110 79 1
110 80 1
110 83 1
110 89 1
110 92 1
110 94 -1
110 95 1
110 97 1
110 102 1
110 105 -1
110 106 1
110 107 1
110 111 -1
110 113 -1
110 115 1
110 116 1
110 122 1
110 127 -1
110 128 -1
110 129 1
111 3 1
111 5 -1
111 9 -1
111 12 -1
111 18 -1
111 21 1
111 22 1
111 24 1
111 27 1
111 30 1
111 32 -1
111 33 -1
111 34 1
111 37 1
111 38 -1
111 39 1
111 40 1
111 42 -1
111 44 -1
111 45 -1
111 49 1
111 50 -1
111 52 1
111 54 -1
111 57 1
111 59 1
111 60 1
111 61 1
111 64 1
111 70 1
111 73 -1
111 75 -1
111 76 -1
111 77 1
111 78 1
111 84 -1
111 86 -1
111 89 -1
111 91 1
111 93 -1
111 96 1
111 98 -1
111 100 -1
111 101 -1
111 102 1
111 104 1
111 106 1
111 107 -1
111 112 1
111 113 1
111 115 1
111 116 -1
111 123 -1
111 125 -1
111 126 -1
111 128 -1
111 129 -1
112 1 1
112 3 -1
112 5 -1
112 6 -1
112 7 -1
112 8 1
112 9 1
112 10 -1
112 11 1
112 14 -1
112 15 -1
112 17 -1
112 18 -1
112 26 1
112 29 1
112 31 1
112 33 -1
112 34 -1
112 38 -1
112 39 1
112 44 1
112 45 -1
112 47 1
112 48 1
112 49 1
112 56 -1
112 59 -1
112 60 1
112 61 1
112 62 1
112 63 -1
112 65 -1
112 68 -1
112 69 1
112 73 1
112 74 1
112 75 1
112 79 1
112 80 -1
112 81 -1
112 84 -1
112 88 1
112 91 1
112 92 1
112 93 1
112 97 1
112 98 1
112 102 1
112 106 -1
112 107 1
112 108 -1
112 109 1
112 113 1
112 114 -1
112 119 1
112 120 1
112 126 -1
112 129 1
113 3 1
113 5 1
113 8 1
113 10 1
113 12 1
113 14 -1
113 17 1
113 26 -1
113 28 1
113 29 1
113 30 -1
113 34 -1
113 35 -1
113 36 1
113 39 -1
113 41 1
113 42 1
113 43 1
113 45 -1
113 46 -1
113 47 -1
113 52 -1
113 54 -1
113 55 -1
113 58 -1
113 59 1
113 61 -1
113 62 1
113 64 -1
113 65 -1
113 66 -1
113 69 -1
113 76 -1
113 78 1
113 79 1
113 80 1
113 81 -1
113 87 -1
113 90 1
113 95 -1
113 96 -1
113 98 1
113 101 -1
113 102 1
113 103 -1
113 104 1
113 114 -1
113 115 -1
113 116 1
113 118 -1
113 122 -1
113 127 -1
113 129 1
114 4 -1
114 5 -1
114 8 -1
114 13 -1
114 15 1
114 19 -1
114 23 1
114 24 -1
114 26 1
114 30 1
114 32 1
114 39 1
114 40 -1
114 42 1
114 44 -1
114 46 1
114 47 1
114 48 1
114 49 -1
114 54 -1
114 56 -1
114 63 -1
114 65 1
114 66 1
114 68 1
114 70 -1
114 71 -1
114 72 -1
114 73 -1
114 75 1
114 76 -1
114 77 -1
114 78 -1
114 79 1
114 80 1
114 83 -1
114 86 -1
114 91 -1
114 92 1
114 97 -1
114 102 1
114 104 1
114 105 1
114 107 1
114 109 -1
114 111 -1
114 116 1
114 118 1
114 119 -1
114 121 1
114 122 1
114 124 1
114 126 -1
114 128 1
115 1 1
115 5 -1
115 8 1
115 9 1
115 13 -1
115 14 -1
115 15 1
115 16 -1
115 19 -1
115 23 -1
115 25 1
115 27 -1
115 28 -1
115 30 -1
115 31 -1
115 34 -1
115 35 1
115 39 1
115 40 1
115 41 1
115 46 -1
115 51 1
115 52 -1
115 57 1
115 60 -1
115 62 -1
115 63 1
115 64 -1
115 65 1
115 71 -1
115 72 1
115 73 1
115 78 -1
115 79 -1
115 80 -1
115 81 -1
115 82 1
115 83 -1
115 86 -1
115 87 1
115 88 1
115 91 -1
115 92 -1
115 94 1
115 95 1
115 96 -1
115 97 1
115 98 1
115 99 -1
115 101 1
115 104 1
115 106 1
115 114 -1
115 121 -1
115 123 1
115 127 1
115 128 -1
115 129 -1
116 2 1
116 5 1
116 6 -1
116 10 1
116 11 -1
116 14 -1
116 21 1
116 22 -1
116 23 1
116 25 1
116 28 1
116 29 -1
116 32 -1
116 34 -1
116 35 1
116 37 1
116 41 -1
116 42 -1
116 44 -1
116 45 1
116 47 1
116 48 -1
116 49 1
116 51 -1
116 53 -1
116 55 -1
116 57 1
116 61 -1
116 63 1
116 65 1
116 66 1
116 70 1
116 71 -1
116 80 -1
116 84 1
116 90 1
116 96 1
116 97 -1
116 98 -1
116 100 -1
116 101 -1
116 105 -1
116 106 -1
116 112 -1
116 115 -1
116 119 -1
116 122 1
116 130 1
117 3 1
117 4 1
117 7 1
117 8 -1
117 11 1
117 13 1
117 16 -1
117 21 1
117 22 1
117 28 -1
117 29 1
117 30 -1
117 31 1
117 32 -1
117 34 1
117 39 1
117 40 -1
117 43 -1
117 44 1
117 46 1
117 47 -1
117 53 1
117 54 -1
117 55 1
117 56 1
117 65 1
117 66 -1
117 68 1
117 69 -1
117 73 -1
117 75 -1
117 77 -1
117 79 1
117 80 -1
117 81 1
117 82 -1
117 85 -1
117 86 -1
117 91 1
117 92 -1
117 96 -1
117 98 1
117 100 1
117 105 1
117 106 1
117 108 -1
117 110 -1
117 115 1
117 120 1
117 122 -1
117 125 1
117 127 1
117 128 1
117 129 1
117 130 -1
118 3 1
118 4 1
118 8 -1
118 11 1
118 12 -1
118 17 -1
118 24 -1
118 31 -1
118 33 1
118 34 1
118 41 -1
118 42 -1
118 43 1
118 45 -1
118 49 -1
118 50 -1
118 53 -1
118 57 -1
118 60 1
118 61 1
118 66 -1
118 72 1
118 73 -1
118 77 -1
118 78 -1
118 79 1
118 82 -1
118 83 1
118 84 1
118 85 -1
118 86 1
118 87 1
118 88 1
118 93 1
118 98 1
118 99 1
118 100 1
118 102 1
118 104 -1
118 110 1
118 111 -1
118 120 1
118 125 -1
118 126 1
118 127 1
118 128 -1
118 130 -1
119 1 -1
119 6 -1
119 7 -1
119 11 1
119 13 1
119 15 -1
119 20 1
119 21 -1
119 22 -1
119 23 -1
119 26 1
119 28 -1
119 29 1
119 30 -1
119 31 -1
119 32 1
119 36 1
119 38 -1
119 42 -1
119 43 1
119 45 1
119 46 -1
119 49 1
119 51 1
119 54 1
119 55 1
119 57 -1
119 58 -1
119 59 1
119 63 1
119 68 -1
119 70 1
119 71 1
119 72 -1
119 73 -1
119 74 -1
119 75 -1
119 84 -1
119 88 -1
119 90 1
119 91 -1
119 93 -1
119 95 1
119 98 1
119 99 1
119 100 -1
119 103 1
119 104 1
119 106 1
119 109 1
119 110 -1
119 113 1
119 115 1
119 117 1
119 120 1
119 122 1
119 129 1
119 130 1
120 2 1
120 4 1
120 5 1
120 6 -1
120 12 -1
120 14 1
120 18 -1
120 21 -1
120 26 1
120 31 -1
120 32 1
120 33 -1
120 35 -1
120 36 1
120 40 1
120 41 1
120 42 -1
120 45 -1
120 48 1
120 49 1
120 50 1
120 51 1
120 52 1
120 53 -1
120 55 -1
120 57 1
120 59 -1
120 60 -1
120 62 1
120 66 1
120 67 -1
120 68 -1
120 77 1
120 79 -1
120 82 -1
120 85 1
120 87 1
120 91 -1
120 93 -1
120 94 1
120 100 -1
120 104 -1
120 105 -1
120 111 -1
120 113 1
120 114 1
120 121 1
120 122 -1
120 125 -1
120 126 1
120 129 -1
121 4 1
121 6 1
121 9 1
121 13 1
121 22 -1
121 24 1
121 26 -1
121 27 1
121 29 -1
121 30 1
121 31 -1
121 32 1
121 33 -1
121 38 1
121 39 -1
121 42 -1
121 46 1
121 56 1
121 60 1
121 61 1
121 62 1
121 68 1
121 70 1
121 75 1
121 77 -1
121 79 1
121 86 1
121 92 1
121 96 1
121 97 -1
121 102 -1
121 103 -1
121 110 1
121 113 -1
121 117 -1
121 118 1
121 122 1
121 123 1
121 126 -1
121 127 -1
121 130 1
122 2 -1
122 3 1
122 6 1
122 8 1
122 9 -1
122 13 1
122 17 -1
122 20 1
122 21 1
122 24 1
122 26 -1
122 27 1
122 29 1
122 32 1
122 33 1
122 34 -1
122 35 -1
122 41 1
122 45 -1
122 48 1
122 49 -1
122 51 1
122 53 1
122 59 1
122 60 -1
122 62 -1
122 64 1
122 71 -1
122 75 1
122 77 -1
122 80 1
122 81 -1
122 82 -1
122 85 1
122 88 1
122 89 1
122 93 1
122 94 -1
122 95 -1
122 97 -1
122 101 -1
122 109 -1
122 112 1
122 115 -1
122 118 1
122 123 1
122 127 1
123 7 1
123 10 1
123 11 1
123 14 -1
123 15 1
123 22 1
123 26 1
123 27 1
123 28 -1
123 29 1
123 33 -1
123 34 -1
123 37 1
123 39 -1
123 41 1
123 48 1
123 51 -1
123 52 1
123 53 -1
123 55 -1
123 65 -1
123 67 -1
123 70 -1
123 72 -1
123 77 1
123 82 1
123 84 1
123 85 1
123 89 1
123 93 -1
123 94 -1
123 97 1
123 103 -1
123 105 -1
123 107 -1
123 108 1
123 110 1
123 113 -1
123 114 1
123 116 -1
123 117 1
123 118 -1
123 119 1
123 120 1
123 125 -1
123 126 -1
123 127 -1
123 130 1
124 3 1
124 5 -1
124 6 -1
124 15 1
124 19 -1
124 21 -1
124 22 1
124 23 1
124 26 1
124 29 -1
124 31 -1
124 34 -1
124 35 1
124 40 -1
124 41 1
124 43 -1
124 44 -1
124 46 -1
124 49 1
124 51 -1
124 53 -1
124 55 1
124 58 1
124 60 -1
124 64 -1
124 65 -1
124 66 1
124 68 -1
124 72 -1
124 75 1
124 76 1
124 78 -1
124 79 -1
124 80 -1
124 81 1
124 84 -1
124 85 1
124 91 1
124 92 1
124 94 -1
124 96 1
124 97 -1
124 99 -1
124 100 -1
124 102 -1
124 104 -1
124 105 1
124 106 -1
124 107 -1
124 111 1
124 112 1
124 113 1
124 115 -1
124 116 1
124 117 -1
124 118 -1
124 120 -1
124 121 -1
124 122 -1
124 123 -1
124 126 -1
125 1 1
125 2 1
125 8 1
125 12 -1
125 18 1
125 19 1
125 20 -1
125 25 -1
125 29 -1
125 30 1
125 31 1
125 32 -1
125 35 1
125 37 -1
125 38 1
125 39 1
125 41 -1
125 42 1
125 45 1
125 48 -1
125 49 1
125 52 -1
125 54 -1
125 57 -1
125 59 1
125 60 1
125 62 -1
125 66 -1
125 67 1
125 69 1
125 71 -1
125 72 -1
125 73 -1
125 77 -1
125 78 1
125 79 -1
125 85 -1
125 87 -1
125 90 -1
125 99 -1
125 101 -1
125 103 -1
125 105 -1
125 107 1
125 108 -1
125 110 -1
125 114 1
125 116 1
125 119 1
125 121 -1
125 124 1
125 126 -1
125 127 1
125 128 1
125 129 -1
125 130 1
126 3 1
126 5 -1
126 6 -1
126 7 1
126 8 1
126 9 -1
126 11 -1
126 13 -1
126 14 1
126 15 -1
126 16 -1
126 19 -1
126 22 -1
126 23 -1
126 26 -1
126 28 -1
126 35 -1
126 36 1
126 38 1
126 41 1
126 48 -1
126 50 -1
126 51 -1
126 56 -1
126 59 -1
126 60 -1
126 63 -1
126 67 1
126 70 -1
126 73 -1
126 76 -1
126 78 -1
126 81 1
126 89 1
126 93 -1
126 94 1
126 96 1
126 98 1
126 100 -1
126 102 -1
126 104 -1
126 105 -1
126 107 1
126 108 -1
126 109 1
126 113 1
126 115 -1
126 116 -1
126 119 -1
126 122 1
126 128 1
126 130 1
127 1 -1
127 13 -1
127 14 1
127 15 1
127 16 1
127 17 -1
127 24 1
127 25 -1
127 28 1
127 30 -1
127 33 1
127 35 1
127 36 1
127 39 1
127 41 -1
127 42 1
127 43 -1
127 44 1
127 45 -1
127 48 -1
127 50 1
127 55 -1
127 60 -1
127 62 1
127 64 -1
127 65 -1
127 68 -1
127 71 1
127 73 -1
127 75 -1
127 76 -1
127 77 1
127 82 -1
127 83 1
127 84 -1
127 89 1
127 92 -1
127 93 1
127 95 1
127 96 -1
127 97 -1
127 102 1
127 103 1
127 104 1
127 107 -1
127 111 -1
127 112 1
127 114 1
127 119 1
127 120 -1
127 124 -1
127 126 -1
127 130 -1
128 4 1
128 6 -1
128 7 -1
128 8 -1
128 11 1
128 12 -1
128 15 1
128 18 1
128 19 1
128 23 1
128 30 1
128 34 -1
128 37 1
128 42 -1
128 43 -1
128 44 -1
128 52 -1
128 60 1
128 61 -1
128 63 -1
128 66 -1
128 67 1
128 68 -1
128 77 -1
128 81 -1
128 83 -1
128 87 1
128 89 -1
128 90 1
128 93 -1
128 95 1
128 97 -1
128 101 -1
128 102 1
128 103 1
128 104 -1
128 106 1
128 108 1
128 109 -1
128 113 -1
128 120 1
128 121 1
128 122 -1
128 123 -1
128 124 1
129 2 1
129 3 -1
129 5 1
129 6 1
129 7 -1
129 9 1
129 10 1
129 11 -1
129 14 1
129 15 1
129 18 1
129 21 1
129 29 -1
129 33 1
129 35 -1
129 39 -1
129 55 -1
129 58 1
129 60 -1
129 63 -1
129 67 -1
129 72 -1
129 76 1
129 78 -1
129 84 1
129 86 -1
129 87 1
129 90 -1
129 91 1
129 94 -1
129 99 1
129 104 1
129 106 -1
129 109 -1
129 114 1
129 116 -1
129 118 -1
129 123 -1
129 124 1
129 126 1
129 127 1
129 128 1
130 3 -1
130 5 1
130 6 -1
130 7 -1
130 11 -1
130 13 1
130 14 -1
130 19 1
130 31 1
130 32 1
130 35 -1
130 38 1
130 39 1
130 43 -1
130 46 1
130 48 1
130 49 -1
130 54 1
130 58 1
130 67 -1
130 68 1
130 69 1
130 71 -1
130 72 -1
130 82 1
130 83 -1
130 84 -1
130 89 1
130 90 1
130 91 -1
130 93 1
130 94 -1
130 95 1
130 97 1
130 98 -1
130 102 -1
130 104 1
130 106 1
130 109 1
130 110 1
130 113 -1
130 115 -1
130 120 -1
130 122 -1
130 124 -1
130 128 1
