vertices: 230 edges: 5267
1 2 -1
1 3 1
1 9 1
1 19 -1
1 49 1
1 50 -1
1 53 1
1 70 -1
1 73 -1
1 75 -1
1 78 1
1 81 -1
1 88 -1
1 89 -1
1 96 -1
1 102 -1
1 108 -1
1 113 -1
1 116 1
1 120 -1
1 135 -1
1 142 -1
1 144 -1
1 152 -1
1 174 -1
1 195 -1
1 197 -1
1 205 1
1 211 -1
2 16 1
2 29 1
2 31 -1
2 37 -1
2 57 -1
2 69 1
2 70 -1
2 94 -1
2 102 1
2 128 -1
2 131 -1
2 133 -1
2 141 1
2 142 -1
2 171 -1
2 172 -1
2 185 -1
2 187 -1
2 191 -1
2 193 -1
2 199 -1
2 201 -1
2 212 -1
2 220 1
3 21 1
3 35 -1
3 38 -1
3 56 -1
3 67 -1
3 69 -1
3 79 -1
3 96 1
3 106 -1
3 128 -1
3 137 -1
3 154 -1
3 155 1
3 157 -1
3 162 1
3 172 -1
3 188 -1
3 226 -1
3 227 -1
4 3 1
4 6 -1
4 8 -1
4 15 -1
4 25 -1
4 28 1
4 31 1
4 35 -1
4 46 -1
4 51 -1
4 89 -1
4 90 -1
4 91 1
4 107 -1
4 118 -1
4 124 -1
4 128 -1
4 147 -1
4 151 -1
4 152 -1
4 155 -1
4 156 -1
4 158 1
4 164 1
4 175 -1
4 177 -1
4 181 -1
4 193 -1
4 201 -1
4 203 -1
4 212 -1
4 224 1
4 228 -1
5 2 -1
5 12 -1
5 16 -1
5 57 -1
5 60 -1
5 73 -1
5 114 -1
5 147 -1
5 149 1
5 185 1
5 186 -1
5 191 1
5 199 -1
5 205 -1
5 221 -1
6 2 -1
6 10 -1
6 13 -1
6 14 -1
6 34 -1
6 72 -1
6 83 1
6 88 1
6 105 -1
6 134 -1
6 143 1
6 171 -1
6 190 -1
6 199 -1
6 202 -1
6 210 -1
6 212 -1
6 226 1
7 5 -1
7 42 -1
7 53 1
7 56 1
7 60 -1
7 63 -1
7 69 -1
7 138 -1
7 145 -1
7 151 -1
7 160 -1
7 174 -1
7 196 -1
7 199 -1
7 200 -1
7 201 -1
7 210 -1
7 214 1
7 223 -1
7 226 1
8 27 1
8 74 -1
8 78 -1
8 91 -1
8 93 -1
8 99 -1
8 104 -1
8 110 1
8 122 -1
8 128 -1
8 141 -1
8 160 -1
8 175 -1
8 178 1
8 221 -1
8 228 -1
9 4 1
9 10 -1
9 24 -1
9 42 -1
9 59 -1
9 84 -1
9 89 -1
9 97 -1
9 98 -1
9 113 1
9 116 -1
9 122 -1
9 145 1
9 175 -1
9 186 -1
9 190 -1
9 202 1
9 225 -1
10 7 -1
10 15 -1
10 35 -1
10 44 -1
10 62 1
10 67 -1
10 71 1
10 79 -1
10 80 -1
10 84 -1
10 101 -1
10 106 -1
10 107 -1
10 109 -1
10 118 1
10 119 -1
10 130 1
10 140 -1
10 141 -1
10 149 -1
10 153 -1
10 159 1
10 161 -1
10 162 -1
10 169 -1
10 171 -1
10 190 -1
10 191 1
10 192 -1
10 198 1
10 203 -1
10 208 1
10 211 -1
10 212 -1
10 217 -1
10 218 -1
10 222 -1
11 2 -1
11 4 -1
11 26 -1
11 37 -1
11 41 -1
11 44 -1
11 60 -1
11 67 1
11 77 -1
11 82 -1
11 100 -1
11 101 -1
11 107 -1
11 108 -1
11 120 -1
11 134 -1
11 138 -1
11 140 -1
11 171 -1
11 172 1
11 205 -1
11 208 1
11 224 -1
11 225 -1
12 15 -1
12 36 -1
12 42 -1
12 65 -1
12 66 1
12 72 1
12 85 -1
12 96 -1
12 100 1
12 110 -1
12 114 -1
12 124 -1
12 132 -1
12 137 -1
12 138 1
12 168 -1
12 191 -1
12 205 -1
12 215 1
13 3 1
13 9 -1
13 10 -1
13 12 -1
13 23 -1
13 46 -1
13 50 -1
13 54 -1
13 60 -1
13 84 -1
13 97 -1
13 101 -1
13 103 -1
13 108 1
13 109 -1
13 119 -1
13 122 1
13 130 -1
13 138 -1
13 139 -1
13 145 -1
13 150 -1
13 161 -1
13 162 1
13 176 -1
13 182 -1
13 183 -1
13 186 -1
13 190 -1
13 210 -1
13 212 -1
13 215 -1
14 2 -1
14 8 -1
14 11 -1
14 13 -1
14 48 -1
14 49 -1
14 51 -1
14 59 1
14 69 -1
14 102 1
14 103 -1
14 114 -1
14 138 -1
14 155 -1
14 160 -1
14 171 -1
14 173 -1
14 187 -1
14 204 -1
14 206 -1
14 210 -1
14 218 -1
14 222 1
14 224 -1
15 13 -1
15 25 -1
15 29 -1
15 56 -1
15 61 -1
15 77 -1
15 80 -1
15 83 -1
15 91 -1
15 105 -1
15 106 -1
15 119 -1
15 126 1
15 132 -1
15 135 -1
15 143 -1
15 147 -1
15 151 -1
15 156 -1
15 204 -1
15 206 -1
15 224 -1
16 7 -1
16 19 1
16 23 -1
16 72 -1
16 84 1
16 94 -1
16 106 -1
16 114 -1
16 117 -1
16 127 -1
16 133 -1
16 150 -1
16 153 -1
16 175 -1
16 183 -1
16 189 -1
16 193 1
16 210 -1
16 213 -1
17 12 1
17 31 -1
17 32 -1
17 41 -1
17 45 -1
17 46 -1
17 47 -1
17 55 -1
17 87 -1
17 106 -1
17 111 -1
17 115 1
17 131 -1
17 146 -1
17 151 -1
17 158 -1
17 165 -1
17 177 -1
17 205 -1
17 227 -1
18 7 -1
18 21 1
18 26 -1
18 41 -1
18 72 -1
18 80 -1
18 99 -1
18 104 -1
18 113 -1
18 121 -1
18 125 1
18 131 -1
18 134 -1
18 143 1
18 154 -1
18 175 1
18 199 -1
18 214 -1
18 215 -1
18 228 -1
18 230 -1
19 2 -1
19 7 -1
19 8 -1
19 11 -1
19 22 -1
19 23 -1
19 41 -1
19 72 -1
19 84 -1
19 96 1
19 102 -1
19 113 -1
19 140 -1
19 148 -1
19 152 -1
19 158 -1
19 161 -1
19 164 -1
19 171 -1
19 179 -1
19 184 1
19 188 -1
19 198 -1
19 221 -1
19 224 -1
19 228 -1
20 4 -1
20 7 1
20 14 -1
20 27 -1
20 28 1
20 29 -1
20 41 1
20 42 1
20 51 -1
20 65 1
20 71 -1
20 85 -1
20 98 -1
20 101 -1
20 102 -1
20 108 1
20 116 -1
20 121 1
20 136 -1
20 138 -1
20 142 1
20 148 -1
20 150 -1
20 153 1
20 186 -1
20 192 1
20 193 -1
20 209 -1
20 225 -1
20 230 -1
21 13 -1
21 17 1
21 29 1
21 32 -1
21 36 -1
21 45 -1
21 60 -1
21 71 -1
21 76 -1
21 82 -1
21 88 -1
21 126 -1
21 148 -1
21 150 -1
21 165 1
21 185 1
21 190 -1
21 208 -1
21 209 -1
21 219 -1
21 220 -1
22 7 -1
22 8 -1
22 11 -1
22 42 1
22 43 -1
22 45 -1
22 52 1
22 53 -1
22 54 -1
22 79 -1
22 80 -1
22 81 -1
22 97 -1
22 99 1
22 104 1
22 108 1
22 115 -1
22 117 -1
22 131 -1
22 155 1
22 156 1
22 158 -1
22 163 1
22 173 1
22 182 1
22 187 -1
22 199 -1
22 205 -1
22 206 -1
22 216 1
23 31 -1
23 50 1
23 54 -1
23 91 1
23 131 1
23 143 -1
23 145 -1
23 149 -1
23 151 -1
23 155 -1
23 161 -1
23 176 -1
23 189 1
23 190 -1
23 201 -1
23 216 -1
24 1 -1
24 44 -1
24 48 1
24 57 -1
24 66 -1
24 67 -1
24 69 -1
24 97 -1
24 106 1
24 107 -1
24 111 -1
24 115 1
24 119 -1
24 120 1
24 121 -1
24 143 1
24 147 1
24 163 -1
24 165 -1
24 169 -1
24 171 -1
24 172 -1
24 175 -1
24 181 1
24 200 1
24 201 -1
24 230 -1
25 3 1
25 19 -1
25 24 1
25 30 -1
25 67 -1
25 85 -1
25 108 -1
25 132 1
25 136 -1
25 153 -1
25 164 -1
25 177 -1
25 179 -1
25 184 -1
25 186 1
25 213 1
25 223 -1
26 2 -1
26 16 -1
26 20 1
26 23 -1
26 37 -1
26 46 -1
26 49 -1
26 67 -1
26 70 -1
26 82 -1
26 83 -1
26 91 1
26 103 -1
26 112 -1
26 122 1
26 175 -1
26 188 1
26 194 1
26 195 -1
26 226 -1
27 22 -1
27 25 -1
27 34 1
27 40 -1
27 65 -1
27 73 -1
27 85 -1
27 90 -1
27 92 -1
27 98 -1
27 108 -1
27 116 1
27 121 -1
27 140 1
27 147 -1
27 154 1
27 157 -1
27 159 -1
27 166 -1
27 174 -1
27 179 1
27 207 1
27 211 1
27 212 -1
27 228 -1
28 5 -1
28 14 1
28 15 -1
28 16 -1
28 19 -1
28 30 -1
28 32 1
28 71 -1
28 84 -1
28 93 -1
28 94 1
28 100 -1
28 105 -1
28 110 -1
28 123 -1
28 124 1
28 126 -1
28 134 1
28 164 1
28 178 -1
28 209 -1
28 220 -1
28 221 -1
29 4 -1
29 6 -1
29 30 1
29 35 -1
29 90 1
29 91 -1
29 95 -1
29 97 1
29 100 1
29 108 -1
29 110 -1
29 117 1
29 119 -1
29 128 -1
29 131 -1
29 136 -1
29 147 -1
29 167 1
29 172 -1
29 174 -1
29 186 -1
29 187 -1
29 188 -1
29 209 -1
29 211 -1
29 215 -1
29 216 -1
30 46 -1
30 52 -1
30 60 -1
30 75 1
30 84 -1
30 86 -1
30 91 -1
30 113 -1
30 116 -1
30 140 -1
30 180 -1
30 189 1
30 194 -1
30 210 -1
30 226 -1
30 227 -1
30 230 -1
31 7 -1
31 12 -1
31 43 -1
31 45 -1
31 51 -1
31 65 -1
31 75 -1
31 76 1
31 78 -1
31 83 -1
31 88 -1
31 94 1
31 99 -1
31 126 -1
31 127 -1
31 131 1
31 142 -1
31 148 -1
31 157 1
31 161 -1
31 201 -1
31 204 -1
32 10 -1
32 12 -1
32 22 -1
32 36 -1
32 37 -1
32 43 -1
32 62 -1
32 73 -1
32 75 1
32 79 -1
32 80 -1
32 90 -1
32 102 -1
32 104 -1
32 111 -1
32 115 1
32 186 1
32 195 -1
32 203 -1
32 227 -1
33 15 -1
33 25 -1
33 31 -1
33 43 -1
33 53 -1
33 57 1
33 65 -1
33 71 -1
33 85 -1
33 89 -1
33 91 -1
33 95 -1
33 97 -1
33 102 1
33 112 -1
33 127 -1
33 131 -1
33 138 -1
33 151 -1
33 153 1
33 157 1
33 169 -1
33 172 -1
33 174 -1
33 187 -1
33 189 -1
33 200 1
33 212 -1
33 213 -1
33 221 -1
34 7 1
34 8 -1
34 16 1
34 23 1
34 24 -1
34 41 -1
34 54 1
34 59 -1
34 61 -1
34 69 -1
34 86 -1
34 89 -1
34 98 1
34 101 -1
34 152 -1
34 169 -1
34 178 -1
34 179 -1
34 192 -1
34 195 -1
34 201 1
34 212 1
34 222 -1
35 5 -1
35 19 -1
35 28 1
35 33 -1
35 38 -1
35 40 -1
35 46 -1
35 71 -1
35 83 -1
35 84 -1
35 90 -1
35 97 -1
35 121 1
35 129 -1
35 159 -1
35 166 -1
35 175 1
35 184 1
35 191 -1
35 197 -1
35 211 -1
35 217 -1
36 6 -1
36 9 -1
36 29 -1
36 37 -1
36 39 -1
36 59 1
36 64 1
36 67 -1
36 70 -1
36 78 -1
36 91 1
36 103 -1
36 114 -1
36 125 -1
36 133 -1
36 134 -1
36 147 -1
36 158 1
36 160 -1
36 166 -1
36 174 -1
36 176 1
36 179 -1
36 180 -1
36 186 -1
36 187 -1
36 194 -1
36 197 1
36 198 1
36 215 -1
36 219 1
36 221 1
36 227 -1
37 7 -1
37 21 -1
37 33 -1
37 34 -1
37 39 1
37 57 -1
37 71 -1
37 81 -1
37 82 -1
37 92 -1
37 98 -1
37 108 -1
37 113 -1
37 118 1
37 132 1
37 134 -1
37 143 -1
37 146 -1
37 157 -1
37 158 -1
37 163 -1
37 192 -1
37 200 -1
37 203 -1
37 211 1
37 223 -1
37 228 1
38 6 -1
38 13 -1
38 16 -1
38 19 -1
38 24 -1
38 33 -1
38 36 -1
38 51 -1
38 66 -1
38 99 -1
38 106 -1
38 116 1
38 123 1
38 125 1
38 137 1
38 152 -1
38 153 -1
38 163 1
38 169 -1
38 187 -1
38 197 1
38 209 -1
38 219 -1
39 4 -1
39 14 1
39 16 -1
39 25 -1
39 26 -1
39 30 -1
39 62 -1
39 70 1
39 72 -1
39 75 -1
39 94 -1
39 110 -1
39 119 -1
39 133 -1
39 142 -1
39 150 -1
39 155 -1
39 165 -1
39 166 -1
39 177 1
39 179 -1
39 184 -1
39 190 -1
39 208 1
39 228 -1
40 6 -1
40 7 -1
40 30 -1
40 34 -1
40 41 -1
40 57 -1
40 66 -1
40 67 1
40 74 -1
40 76 -1
40 87 -1
40 89 -1
40 90 -1
40 101 1
40 121 -1
40 124 -1
40 125 -1
40 127 -1
40 131 -1
40 133 1
40 144 -1
40 174 -1
40 185 -1
40 192 1
40 209 -1
40 221 -1
40 228 -1
40 229 1
41 7 -1
41 10 -1
41 36 -1
41 48 -1
41 49 -1
41 51 1
41 63 -1
41 67 1
41 69 -1
41 79 -1
41 80 1
41 82 -1
41 85 1
41 89 -1
41 93 -1
41 95 -1
41 107 -1
41 109 1
41 140 -1
41 161 -1
41 182 -1
41 185 -1
41 196 -1
41 204 -1
41 216 -1
42 3 1
42 26 -1
42 30 -1
42 43 -1
42 56 1
42 76 -1
42 86 -1
42 89 -1
42 110 -1
42 116 -1
42 121 -1
42 139 -1
42 140 -1
42 142 -1
42 150 -1
42 153 -1
42 158 -1
42 159 -1
42 182 -1
42 185 -1
42 186 -1
42 187 -1
42 205 -1
42 209 -1
42 211 -1
42 223 -1
42 226 -1
43 2 -1
43 11 -1
43 18 1
43 27 -1
43 28 -1
43 29 1
43 62 -1
43 71 -1
43 73 1
43 91 -1
43 94 -1
43 100 -1
43 108 -1
43 109 -1
43 123 -1
43 128 -1
43 134 -1
43 149 -1
43 150 -1
43 169 -1
43 182 -1
43 189 -1
43 194 -1
43 196 1
43 197 -1
43 227 -1
44 6 -1
44 31 -1
44 39 -1
44 66 -1
44 67 -1
44 68 -1
44 92 -1
44 95 -1
44 106 -1
44 107 -1
44 115 -1
44 119 -1
44 124 -1
44 132 1
44 134 -1
44 142 1
44 158 -1
44 188 -1
44 194 -1
44 201 1
44 205 -1
44 213 1
45 3 -1
45 7 1
45 14 -1
45 15 -1
45 20 -1
45 34 -1
45 39 1
45 52 -1
45 72 -1
45 80 -1
45 93 -1
45 115 1
45 125 -1
45 126 -1
45 132 1
45 151 -1
45 157 1
45 168 -1
45 177 -1
45 191 1
45 220 1
45 224 -1
46 14 -1
46 64 -1
46 67 -1
46 70 -1
46 91 -1
46 94 -1
46 116 -1
46 134 -1
46 157 1
46 191 1
46 211 -1
46 213 1
46 218 -1
46 219 1
46 221 -1
46 223 -1
47 12 -1
47 15 -1
47 18 -1
47 32 -1
47 44 -1
47 48 -1
47 57 -1
47 63 -1
47 73 -1
47 85 -1
47 88 -1
47 89 -1
47 94 -1
47 103 -1
47 108 -1
47 111 -1
47 125 1
47 127 -1
47 129 -1
47 139 -1
47 147 -1
47 152 -1
47 166 1
47 183 -1
47 185 -1
47 191 -1
47 196 -1
47 206 -1
47 214 -1
47 226 -1
47 227 -1
48 11 1
48 19 -1
48 30 1
48 36 -1
48 42 -1
48 43 -1
48 51 -1
48 72 -1
48 74 -1
48 76 1
48 78 -1
48 81 -1
48 102 -1
48 104 -1
48 122 -1
48 130 -1
48 142 -1
48 155 -1
48 179 1
48 219 -1
48 220 -1
48 222 1
48 224 -1
49 2 1
49 4 -1
49 15 1
49 29 -1
49 43 1
49 53 -1
49 67 1
49 76 -1
49 77 1
49 78 -1
49 94 -1
49 112 -1
49 152 -1
49 155 -1
49 156 -1
49 181 1
49 193 -1
49 195 1
49 198 1
49 207 -1
49 209 -1
49 211 -1
49 218 -1
49 222 -1
50 19 -1
50 26 -1
50 29 -1
50 31 -1
50 36 -1
50 39 -1
50 42 -1
50 62 -1
50 65 -1
50 68 -1
50 73 -1
50 75 1
50 92 -1
50 93 1
50 99 -1
50 102 -1
50 104 1
50 112 -1
50 116 1
50 122 -1
50 136 -1
50 141 1
50 152 -1
50 159 1
50 165 -1
50 179 -1
50 183 -1
50 190 -1
50 211 -1
50 221 1
50 222 -1
50 225 1
50 227 -1
51 5 1
51 11 -1
51 12 1
51 17 -1
51 18 -1
51 19 -1
51 60 -1
51 98 -1
51 105 -1
51 119 1
51 122 -1
51 153 -1
51 156 -1
51 177 -1
51 181 -1
51 192 -1
51 210 -1
51 215 -1
51 217 -1
52 11 -1
52 21 -1
52 31 1
52 34 -1
52 48 -1
52 51 -1
52 54 -1
52 85 -1
52 89 1
52 92 -1
52 98 -1
52 113 1
52 146 -1
52 166 -1
52 169 -1
52 174 -1
52 194 -1
52 218 -1
52 225 1
53 4 -1
53 9 -1
53 29 1
53 38 -1
53 41 -1
53 59 -1
53 60 -1
53 67 -1
53 83 -1
53 87 -1
53 100 -1
53 131 -1
53 132 1
53 151 -1
53 154 -1
53 155 1
53 160 1
53 173 -1
53 177 -1
53 179 1
53 197 -1
53 198 -1
53 207 -1
53 211 -1
53 220 1
54 6 -1
54 14 -1
54 19 -1
54 30 -1
54 35 -1
54 39 -1
54 57 -1
54 86 -1
54 92 -1
54 108 -1
54 109 -1
54 132 -1
54 141 -1
54 151 1
54 169 -1
54 183 -1
54 195 -1
54 200 -1
54 206 -1
54 216 1
54 219 -1
54 220 -1
54 224 1
55 23 -1
55 83 -1
55 86 -1
55 93 1
55 106 -1
55 115 -1
55 126 -1
55 130 -1
55 137 1
55 149 1
55 161 -1
55 166 -1
55 186 -1
55 193 -1
55 194 -1
55 196 -1
55 198 -1
55 221 -1
56 1 1
56 9 -1
56 22 -1
56 26 -1
56 30 -1
56 39 -1
56 45 -1
56 66 -1
56 78 1
56 89 -1
56 92 -1
56 96 -1
56 98 1
56 101 -1
56 102 -1
56 132 -1
56 136 -1
56 149 -1
56 156 -1
56 173 -1
56 175 -1
56 176 -1
56 184 -1
56 208 -1
56 227 -1
57 4 -1
57 10 -1
57 13 1
57 38 1
57 62 -1
57 68 -1
57 74 -1
57 81 1
57 88 -1
57 92 -1
57 101 -1
57 124 1
57 129 -1
57 130 -1
57 141 -1
57 143 -1
57 157 1
57 161 -1
57 198 -1
57 204 1
57 229 1
58 8 -1
58 13 -1
58 16 -1
58 18 -1
58 40 1
58 62 -1
58 69 -1
58 73 1
58 75 -1
58 79 -1
58 82 1
58 100 -1
58 139 1
58 141 -1
58 143 -1
58 156 -1
58 158 -1
58 160 -1
58 169 -1
58 196 1
58 198 -1
58 201 1
58 214 1
58 229 -1
59 7 -1
59 12 -1
59 15 -1
59 18 -1
59 25 -1
59 35 -1
59 40 -1
59 54 -1
59 57 -1
59 66 -1
59 81 -1
59 90 1
59 116 -1
59 125 -1
59 151 -1
59 152 1
59 154 -1
59 161 -1
59 164 -1
59 184 -1
59 188 -1
59 189 -1
59 204 -1
59 211 -1
59 213 -1
59 218 -1
60 2 1
60 4 -1
60 9 -1
60 16 -1
60 25 -1
60 27 -1
60 33 -1
60 38 -1
60 58 -1
60 85 -1
60 87 -1
60 91 -1
60 92 1
60 104 -1
60 110 1
60 113 -1
60 114 1
60 118 1
60 120 -1
60 125 -1
60 126 -1
60 132 -1
60 143 -1
60 158 1
60 166 -1
60 175 -1
60 180 -1
60 183 -1
60 191 -1
60 216 -1
60 220 1
61 23 -1
61 29 -1
61 30 -1
61 32 -1
61 43 -1
61 45 -1
61 56 -1
61 60 -1
61 66 -1
61 71 -1
61 78 -1
61 79 -1
61 82 -1
61 96 -1
61 100 -1
61 122 -1
61 140 1
61 171 -1
61 172 -1
61 178 -1
61 195 -1
61 205 -1
61 214 -1
61 215 -1
61 228 -1
62 4 -1
62 8 -1
62 16 -1
62 21 -1
62 48 -1
62 65 -1
62 73 -1
62 101 1
62 102 -1
62 124 -1
62 126 -1
62 130 1
62 142 -1
62 160 -1
62 175 -1
62 197 -1
62 210 -1
62 213 -1
62 221 -1
62 223 1
62 230 1
63 6 1
63 9 -1
63 11 -1
63 19 -1
63 32 -1
63 35 -1
63 36 -1
63 44 1
63 51 1
63 53 -1
63 62 -1
63 65 -1
63 70 1
63 71 -1
63 76 -1
63 81 -1
63 86 -1
63 102 -1
63 112 -1
63 116 -1
63 121 -1
63 127 1
63 156 -1
63 161 -1
63 192 -1
63 200 -1
63 214 -1
63 217 -1
64 3 -1
64 9 -1
64 11 -1
64 29 -1
64 34 -1
64 37 -1
64 42 1
64 43 -1
64 49 -1
64 54 1
64 55 -1
64 73 1
64 76 1
64 82 -1
64 83 1
64 88 -1
64 110 -1
64 137 1
64 138 1
64 140 -1
64 142 -1
64 162 -1
64 171 -1
64 196 -1
64 210 -1
64 211 -1
64 212 -1
64 220 -1
64 228 -1
65 1 1
65 2 -1
65 5 -1
65 45 -1
65 49 -1
65 53 -1
65 64 -1
65 66 -1
65 80 -1
65 86 -1
65 101 1
65 136 -1
65 143 -1
65 149 1
65 153 1
65 163 -1
65 170 -1
65 179 -1
65 199 -1
65 206 -1
65 214 -1
65 217 -1
66 9 -1
66 20 -1
66 23 1
66 35 1
66 52 1
66 53 -1
66 83 -1
66 95 -1
66 108 -1
66 112 -1
66 118 1
66 128 -1
66 133 -1
66 142 -1
66 150 -1
66 152 -1
66 172 -1
66 177 -1
66 180 -1
66 182 -1
66 199 -1
66 213 -1
66 226 -1
67 30 -1
67 42 -1
67 52 1
67 61 1
67 68 -1
67 77 -1
67 83 -1
67 92 1
67 95 1
67 96 -1
67 97 -1
67 105 -1
67 109 -1
67 110 1
67 122 -1
67 126 1
67 130 -1
67 140 -1
67 144 -1
67 168 1
67 175 -1
67 197 -1
67 200 -1
67 203 -1
67 211 -1
67 214 1
67 218 -1
67 224 -1
67 227 -1
68 14 -1
68 20 -1
68 22 -1
68 31 -1
68 35 -1
68 39 -1
68 42 1
68 48 -1
68 62 -1
68 70 1
68 77 -1
68 95 -1
68 103 -1
68 104 -1
68 122 -1
68 130 -1
68 146 -1
68 149 -1
68 152 -1
68 154 -1
68 166 -1
68 177 -1
68 192 1
68 200 -1
68 219 -1
68 223 1
69 1 -1
69 4 -1
69 12 1
69 15 -1
69 19 -1
69 38 -1
69 60 -1
69 61 1
69 78 -1
69 81 -1
69 82 -1
69 83 -1
69 96 1
69 119 -1
69 135 -1
69 151 -1
69 154 -1
69 161 1
69 198 -1
69 199 -1
69 216 -1
69 227 1
70 5 -1
70 12 -1
70 16 -1
70 34 -1
70 41 1
70 47 -1
70 48 -1
70 50 -1
70 89 1
70 90 -1
70 104 -1
70 109 1
70 123 -1
70 130 1
70 131 -1
70 134 -1
70 135 -1
70 151 -1
70 162 -1
70 164 -1
70 170 -1
70 172 -1
70 197 -1
70 198 -1
70 202 -1
70 206 -1
71 12 1
71 31 -1
71 38 1
71 47 -1
71 51 -1
71 60 -1
71 83 -1
71 86 -1
71 93 -1
71 98 1
71 110 -1
71 112 -1
71 121 1
71 124 -1
71 136 1
71 147 -1
71 153 -1
71 194 -1
71 195 -1
71 198 -1
71 199 -1
71 202 -1
71 211 -1
72 35 -1
72 36 1
72 46 -1
72 49 -1
72 84 1
72 87 -1
72 90 -1
72 113 -1
72 119 -1
72 133 1
72 151 -1
72 155 1
72 158 -1
72 162 -1
72 172 1
72 181 1
72 196 -1
72 204 -1
72 205 1
72 229 -1
73 34 1
73 70 1
73 90 -1
73 98 -1
73 102 -1
73 107 -1
73 114 1
73 179 -1
73 191 1
73 200 -1
73 203 -1
73 208 -1
73 218 -1
73 224 -1
73 225 -1
74 7 1
74 9 -1
74 10 1
74 14 -1
74 30 -1
74 55 -1
74 58 -1
74 63 -1
74 72 -1
74 81 -1
74 90 -1
74 104 -1
74 117 1
74 127 -1
74 129 -1
74 130 -1
74 141 -1
74 171 -1
74 177 -1
74 199 1
74 201 -1
74 211 -1
74 213 -1
74 224 -1
75 20 -1
75 24 -1
75 28 -1
75 33 -1
75 44 -1
75 46 1
75 56 -1
75 77 -1
75 86 1
75 104 1
75 111 -1
75 116 -1
75 118 -1
75 121 -1
75 128 -1
75 141 1
75 145 -1
75 148 -1
75 149 1
75 152 -1
75 154 -1
75 155 -1
75 166 -1
75 172 1
75 198 1
75 206 -1
75 217 -1
75 218 -1
75 227 -1
76 12 -1
76 27 -1
76 43 1
76 44 1
76 53 -1
76 60 -1
76 79 -1
76 107 -1
76 134 -1
76 141 1
76 156 -1
76 159 -1
76 165 -1
76 170 -1
76 171 -1
76 194 -1
76 197 -1
76 211 -1
77 3 -1
77 24 -1
77 31 -1
77 32 -1
77 36 -1
77 37 1
77 38 1
77 42 -1
77 44 1
77 61 -1
77 69 -1
77 81 -1
77 87 -1
77 94 1
77 98 -1
77 99 -1
77 107 -1
77 114 -1
77 129 -1
77 146 -1
77 163 1
77 180 -1
77 183 -1
77 199 1
77 207 -1
77 208 -1
77 216 1
78 2 1
78 3 -1
78 39 -1
78 51 -1
78 53 1
78 87 -1
78 88 -1
78 103 -1
78 104 -1
78 125 -1
78 140 -1
78 171 -1
78 187 -1
78 192 -1
78 194 -1
78 212 -1
78 220 -1
78 229 -1
79 11 -1
79 14 -1
79 16 -1
79 17 -1
79 20 -1
79 28 1
79 35 -1
79 50 -1
79 81 1
79 107 1
79 117 -1
79 147 -1
79 162 -1
79 181 1
79 204 -1
79 212 1
79 216 -1
79 221 -1
79 225 -1
80 2 -1
80 3 -1
80 6 -1
80 34 1
80 35 -1
80 53 -1
80 57 -1
80 71 -1
80 73 -1
80 75 1
80 83 1
80 100 1
80 102 -1
80 111 -1
80 112 -1
80 113 -1
80 143 1
80 148 -1
80 150 -1
80 156 -1
80 157 -1
80 180 -1
80 188 -1
80 191 -1
80 193 -1
80 194 -1
80 215 -1
81 23 -1
81 25 -1
81 35 -1
81 52 -1
81 55 1
81 58 -1
81 68 -1
81 73 -1
81 82 -1
81 96 -1
81 101 -1
81 114 -1
81 117 -1
81 127 1
81 129 1
81 153 -1
81 161 -1
81 162 -1
81 167 -1
81 178 -1
81 205 -1
81 206 -1
81 207 1
81 214 -1
81 215 -1
82 12 -1
82 30 1
82 40 -1
82 47 1
82 49 -1
82 60 1
82 76 -1
82 83 1
82 84 -1
82 99 -1
82 104 -1
82 110 -1
82 122 -1
82 128 1
82 129 -1
82 130 -1
82 138 -1
82 144 -1
82 151 1
82 170 -1
82 188 -1
82 190 -1
82 195 -1
82 198 -1
82 205 1
82 223 -1
82 225 -1
83 20 1
83 24 -1
83 37 -1
83 48 -1
83 54 -1
83 59 -1
83 63 1
83 72 -1
83 77 -1
83 86 -1
83 91 -1
83 108 -1
83 120 1
83 132 -1
83 135 1
83 142 -1
83 153 -1
83 194 -1
83 204 1
83 225 -1
84 20 1
84 24 -1
84 38 -1
84 54 -1
84 55 -1
84 65 -1
84 89 1
84 92 -1
84 94 -1
84 95 -1
84 98 -1
84 106 -1
84 111 -1
84 119 -1
84 129 1
84 131 -1
84 148 -1
84 175 -1
84 180 -1
84 181 -1
84 183 1
84 185 -1
84 186 -1
84 214 -1
85 7 -1
85 13 -1
85 15 -1
85 22 -1
85 30 -1
85 42 1
85 43 1
85 46 -1
85 53 -1
85 55 -1
85 59 1
85 61 -1
85 64 -1
85 67 -1
85 72 -1
85 97 -1
85 100 -1
85 115 -1
85 117 -1
85 120 1
85 121 -1
85 124 1
85 126 -1
85 138 -1
85 145 -1
85 153 -1
85 163 -1
85 185 1
85 196 -1
85 201 -1
85 204 1
85 210 -1
85 214 -1
85 219 1
85 222 1
85 230 -1
86 16 -1
86 29 -1
86 31 -1
86 35 -1
86 43 -1
86 56 -1
86 64 -1
86 72 -1
86 76 -1
86 101 -1
86 103 -1
86 105 -1
86 129 -1
86 133 -1
86 134 -1
86 145 1
86 148 -1
86 150 1
86 159 -1
86 175 1
86 187 1
86 202 -1
86 205 -1
86 212 -1
86 215 -1
87 5 -1
87 6 -1
87 15 1
87 27 -1
87 33 -1
87 34 -1
87 35 -1
87 39 -1
87 43 -1
87 48 -1
87 58 -1
87 59 1
87 65 -1
87 75 1
87 76 1
87 83 -1
87 103 -1
87 108 -1
87 116 -1
87 129 -1
87 137 1
87 148 1
87 150 -1
87 158 -1
87 166 1
87 174 1
87 175 -1
87 183 1
87 191 1
87 197 -1
87 203 -1
87 209 -1
87 216 -1
87 219 -1
87 222 -1
87 229 -1
88 5 -1
88 8 1
88 23 -1
88 35 -1
88 41 -1
88 74 -1
88 82 -1
88 89 -1
88 97 1
88 100 -1
88 104 -1
88 112 -1
88 131 1
88 133 -1
88 169 -1
88 171 -1
88 173 -1
88 174 1
88 192 -1
88 195 -1
88 202 -1
88 217 -1
88 223 1
88 226 1
88 227 -1
89 18 -1
89 35 -1
89 61 -1
89 94 -1
89 102 -1
89 107 -1
89 122 -1
89 129 -1
89 149 -1
89 151 -1
89 173 -1
89 192 1
89 194 -1
89 195 1
89 205 -1
89 207 -1
89 220 1
90 28 1
90 33 -1
90 48 -1
90 49 -1
90 54 -1
90 57 -1
90 66 -1
90 77 -1
90 99 -1
90 101 1
90 104 -1
90 129 1
90 133 -1
90 134 -1
90 140 -1
90 174 -1
90 185 -1
90 187 -1
90 198 -1
90 205 -1
90 223 -1
90 230 -1
91 7 -1
91 70 -1
91 71 -1
91 80 -1
91 89 -1
91 92 1
91 93 -1
91 97 -1
91 99 -1
91 112 -1
91 126 -1
91 134 -1
91 136 -1
91 141 -1
91 165 1
91 169 -1
91 171 -1
91 187 -1
91 209 -1
92 15 1
92 53 -1
92 71 1
92 73 1
92 89 -1
92 96 -1
92 106 1
92 111 -1
92 116 -1
92 133 -1
92 138 1
92 140 -1
92 155 1
92 164 1
92 169 1
92 175 -1
92 177 1
92 180 1
92 185 -1
92 190 -1
92 194 -1
92 201 -1
93 7 -1
93 29 1
93 90 -1
93 117 -1
93 150 -1
93 154 -1
93 155 -1
93 161 -1
93 162 -1
93 170 -1
93 178 -1
93 194 -1
93 204 -1
93 210 1
93 214 -1
93 218 -1
93 222 -1
94 12 -1
94 27 1
94 48 -1
94 55 -1
94 57 -1
94 59 1
94 67 -1
94 70 1
94 74 -1
94 82 1
94 113 -1
94 124 -1
94 128 -1
94 155 -1
94 174 1
94 175 -1
94 188 -1
94 202 -1
94 203 -1
94 208 -1
94 215 -1
94 222 -1
94 225 -1
94 227 1
94 228 1
95 8 -1
95 23 -1
95 27 -1
95 35 -1
95 54 -1
95 56 -1
95 61 1
95 62 -1
95 73 -1
95 75 1
95 79 -1
95 83 1
95 87 -1
95 94 -1
95 97 -1
95 107 -1
95 113 -1
95 117 -1
95 118 -1
95 125 -1
95 163 -1
95 184 -1
95 188 -1
95 204 -1
95 205 -1
95 215 -1
95 222 -1
95 225 -1
96 13 -1
96 36 1
96 59 -1
96 79 -1
96 101 -1
96 104 -1
96 110 1
96 111 -1
96 157 -1
96 186 1
96 197 1
96 199 -1
96 214 1
96 221 -1
96 222 -1
96 225 -1
97 21 -1
97 27 -1
97 30 -1
97 31 -1
97 38 -1
97 39 -1
97 40 -1
97 55 1
97 58 1
97 64 -1
97 76 -1
97 80 1
97 83 -1
97 100 -1
97 136 -1
97 143 -1
97 155 1
97 159 -1
97 189 -1
97 194 1
97 203 1
97 212 1
97 214 -1
97 219 1
97 221 -1
97 227 -1
98 6 -1
98 32 -1
98 35 -1
98 67 -1
98 70 1
98 78 -1
98 79 -1
98 96 -1
98 97 -1
98 121 -1
98 122 -1
98 123 1
98 147 -1
98 149 -1
98 164 1
98 187 -1
98 208 1
98 211 -1
98 218 -1
98 220 -1
99 9 -1
99 28 -1
99 42 -1
99 46 -1
99 51 1
99 55 -1
99 56 1
99 58 -1
99 65 -1
99 74 -1
99 78 -1
99 79 -1
99 80 -1
99 84 1
99 92 -1
99 100 -1
99 102 1
99 131 -1
99 151 -1
99 153 -1
99 167 -1
99 173 -1
99 188 -1
99 199 -1
99 230 -1
100 2 -1
100 13 -1
100 22 -1
100 30 -1
100 37 -1
100 62 -1
100 67 -1
100 72 1
100 114 1
100 142 -1
100 148 -1
100 150 -1
100 151 1
100 158 -1
100 160 -1
100 182 -1
100 198 -1
101 4 -1
101 5 -1
101 12 -1
101 46 1
101 49 1
101 52 -1
101 59 -1
101 61 -1
101 75 -1
101 80 1
101 83 -1
101 97 -1
101 98 -1
101 104 -1
101 121 1
101 122 -1
101 128 1
101 172 -1
101 197 -1
101 228 -1
102 17 -1
102 41 -1
102 55 -1
102 68 -1
102 69 -1
102 70 -1
102 77 -1
102 78 -1
102 88 -1
102 93 -1
102 95 1
102 96 -1
102 105 1
102 107 1
102 147 1
102 149 -1
102 159 -1
102 182 -1
102 196 -1
102 229 -1
103 6 -1
103 21 -1
103 29 -1
103 56 -1
103 64 -1
103 84 1
103 93 -1
103 115 1
103 134 -1
103 137 1
103 141 -1
103 150 -1
103 152 -1
103 166 -1
103 167 -1
103 171 -1
103 179 -1
103 194 -1
103 215 -1
103 224 1
104 2 -1
104 20 -1
104 21 -1
104 42 1
104 54 -1
104 59 1
104 66 -1
104 83 -1
104 99 -1
104 110 -1
104 118 -1
104 129 -1
104 131 -1
104 132 1
104 135 1
104 141 1
104 144 -1
104 151 -1
104 153 -1
104 168 1
104 191 -1
104 220 -1
104 223 1
105 4 -1
105 23 1
105 30 -1
105 36 -1
105 45 -1
105 49 1
105 54 1
105 59 -1
105 62 -1
105 68 -1
105 69 -1
105 71 -1
105 85 -1
105 94 -1
105 101 -1
105 109 -1
105 119 -1
105 121 1
105 142 -1
105 152 -1
105 166 -1
105 170 -1
105 185 1
105 188 -1
105 200 1
105 201 1
105 203 -1
105 213 -1
105 217 -1
106 11 -1
106 27 1
106 30 -1
106 31 -1
106 37 -1
106 39 -1
106 43 -1
106 47 -1
106 48 -1
106 70 -1
106 82 -1
106 128 -1
106 139 -1
106 152 -1
106 160 -1
106 172 -1
106 179 -1
106 190 -1
106 196 -1
106 207 -1
106 208 1
106 210 -1
106 219 1
106 226 -1
106 230 1
107 22 -1
107 25 1
107 46 -1
107 67 1
107 71 -1
107 93 -1
107 94 -1
107 97 -1
107 101 -1
107 138 -1
107 160 1
107 162 -1
107 163 -1
107 169 -1
107 183 -1
107 184 -1
107 192 1
107 193 -1
107 205 -1
107 212 -1
107 228 -1
108 10 1
108 24 1
108 30 -1
108 38 -1
108 58 -1
108 75 -1
108 76 -1
108 84 -1
108 92 -1
108 95 -1
108 103 -1
108 109 1
108 124 -1
108 125 -1
108 128 -1
108 145 -1
108 152 1
108 156 1
108 177 -1
108 181 -1
108 182 -1
108 193 -1
108 218 -1
108 221 -1
109 3 -1
109 22 -1
109 45 -1
109 47 1
109 51 -1
109 68 -1
109 83 -1
109 96 -1
109 99 1
109 116 -1
109 117 -1
109 129 1
109 130 -1
109 134 -1
109 141 -1
109 147 -1
109 150 1
109 173 -1
109 179 -1
109 186 -1
109 187 -1
109 203 -1
109 204 -1
109 210 -1
109 216 1
109 217 1
109 221 -1
109 223 -1
109 226 -1
109 227 -1
110 5 -1
110 10 -1
110 21 -1
110 40 -1
110 44 -1
110 56 1
110 90 -1
110 94 -1
110 115 -1
110 119 -1
110 122 -1
110 124 -1
110 132 -1
110 133 -1
110 145 1
110 160 -1
110 161 -1
110 163 -1
110 165 -1
110 186 -1
110 206 -1
110 218 -1
111 12 -1
111 56 -1
111 71 1
111 72 1
111 78 -1
111 95 -1
111 99 -1
111 116 -1
111 125 -1
111 166 -1
111 168 -1
111 176 -1
111 181 -1
111 189 -1
111 211 -1
111 215 -1
111 226 -1
112 13 -1
112 16 -1
112 22 -1
112 32 -1
112 36 -1
112 37 -1
112 43 -1
112 44 -1
112 47 -1
112 55 -1
112 62 -1
112 77 -1
112 89 1
112 98 -1
112 111 -1
112 137 -1
112 149 -1
112 157 -1
112 158 -1
112 160 -1
112 176 -1
112 185 -1
112 188 -1
112 212 -1
112 214 1
113 5 -1
113 12 -1
113 24 -1
113 33 -1
113 39 1
113 47 1
113 78 1
113 85 -1
113 102 -1
113 109 -1
113 111 -1
113 117 1
113 118 -1
113 127 -1
113 133 1
113 146 -1
113 148 -1
113 158 -1
113 164 1
113 183 1
113 196 -1
113 206 -1
113 211 -1
114 2 -1
114 9 -1
114 19 1
114 22 -1
114 41 -1
114 45 -1
114 48 1
114 54 -1
114 64 -1
114 80 -1
114 97 -1
114 104 -1
114 115 -1
114 118 -1
114 125 1
114 135 -1
114 138 -1
114 142 1
114 167 -1
114 171 -1
114 173 1
114 179 1
114 187 -1
114 199 -1
114 201 -1
114 208 -1
115 31 -1
115 36 -1
115 42 -1
115 58 1
115 61 -1
115 74 -1
115 75 1
115 84 1
115 87 -1
115 107 -1
115 109 -1
115 131 -1
115 134 -1
115 135 1
115 136 -1
115 141 -1
115 147 -1
115 148 -1
115 151 -1
115 152 -1
115 157 -1
115 195 1
115 202 1
116 34 -1
116 43 -1
116 57 -1
116 62 -1
116 68 1
116 101 -1
116 103 -1
116 107 -1
116 124 1
116 133 -1
116 151 1
116 169 -1
116 178 -1
116 188 -1
116 189 -1
116 193 -1
116 206 1
116 216 1
116 225 -1
117 11 1
117 14 1
117 53 -1
117 68 -1
117 75 -1
117 77 -1
117 80 -1
117 83 -1
117 84 -1
117 90 -1
117 97 -1
117 118 -1
117 138 -1
117 142 -1
117 151 -1
117 152 1
117 162 -1
117 164 -1
117 176 -1
117 177 -1
117 180 1
117 181 -1
117 185 -1
117 209 1
117 222 -1
118 8 -1
118 9 -1
118 26 -1
118 42 -1
118 53 -1
118 54 -1
118 55 -1
118 58 -1
118 76 -1
118 84 1
118 99 -1
118 121 -1
118 135 1
118 155 1
118 167 -1
118 172 -1
118 184 -1
118 193 -1
118 194 -1
118 216 -1
118 219 -1
119 12 -1
119 22 1
119 36 -1
119 37 -1
119 40 1
119 42 -1
119 52 -1
119 59 -1
119 67 -1
119 68 -1
119 71 -1
119 83 -1
119 91 1
119 92 1
119 127 -1
119 138 -1
119 147 -1
119 152 1
119 176 -1
119 195 -1
119 205 -1
119 224 -1
119 230 -1
120 22 -1
120 44 -1
120 53 -1
120 63 -1
120 69 -1
120 70 -1
120 77 -1
120 89 -1
120 118 -1
120 130 -1
120 133 1
120 153 -1
120 160 -1
120 163 -1
120 179 -1
120 185 -1
120 196 -1
120 203 -1
120 206 -1
121 12 -1
121 33 -1
121 37 -1
121 46 -1
121 55 1
121 62 -1
121 79 -1
121 83 -1
121 87 1
121 91 1
121 103 -1
121 107 -1
121 114 1
121 138 1
121 146 -1
121 158 -1
121 176 -1
121 197 1
121 206 1
121 207 -1
121 222 -1
122 17 -1
122 19 1
122 37 -1
122 53 -1
122 60 -1
122 66 -1
122 77 -1
122 78 -1
122 84 -1
122 88 -1
122 105 1
122 106 -1
122 107 -1
122 116 -1
122 143 1
122 154 -1
122 166 1
122 176 1
122 182 1
122 188 -1
122 194 -1
122 216 -1
122 224 -1
122 228 -1
123 11 1
123 20 -1
123 24 -1
123 36 1
123 37 -1
123 57 -1
123 67 -1
123 69 -1
123 71 -1
123 85 -1
123 89 -1
123 94 1
123 105 -1
123 116 -1
123 120 -1
123 126 -1
123 144 -1
123 145 -1
123 153 -1
123 161 -1
123 174 1
123 176 -1
123 203 -1
123 210 -1
123 218 1
124 15 -1
124 25 1
124 42 -1
124 43 -1
124 48 -1
124 63 -1
124 67 -1
124 72 -1
124 81 -1
124 130 -1
124 147 1
124 170 -1
124 173 -1
124 175 -1
124 192 -1
124 198 1
124 207 -1
124 209 -1
124 221 -1
124 226 -1
125 11 -1
125 22 -1
125 28 -1
125 33 -1
125 44 -1
125 53 -1
125 63 -1
125 64 1
125 97 -1
125 104 -1
125 105 -1
125 109 -1
125 110 -1
125 118 -1
125 120 -1
125 133 1
125 157 -1
125 158 1
125 161 -1
125 173 -1
125 189 -1
125 191 1
125 192 -1
125 210 -1
125 215 -1
126 7 -1
126 24 -1
126 38 -1
126 54 -1
126 83 -1
126 149 -1
126 150 1
126 159 -1
126 170 -1
126 174 -1
126 191 -1
126 195 -1
126 199 -1
126 201 1
126 209 -1
126 212 -1
126 214 1
127 7 -1
127 32 1
127 36 -1
127 59 1
127 70 1
127 71 -1
127 73 1
127 78 -1
127 95 1
127 109 -1
127 112 -1
127 114 -1
127 121 1
127 134 -1
127 137 -1
127 147 -1
127 150 -1
127 151 -1
127 158 -1
127 193 -1
127 194 1
127 197 1
127 223 -1
127 230 1
128 10 -1
128 23 -1
128 24 -1
128 26 -1
128 45 -1
128 51 -1
128 54 -1
128 58 -1
128 85 -1
128 87 -1
128 89 1
128 90 -1
128 99 -1
128 100 -1
128 121 -1
128 130 -1
128 161 -1
128 183 -1
128 203 -1
128 215 -1
129 6 -1
129 13 -1
129 23 -1
129 25 -1
129 31 -1
129 76 -1
129 98 -1
129 117 -1
129 122 -1
129 125 -1
129 127 -1
129 139 -1
129 145 -1
129 146 -1
129 151 -1
129 157 1
129 159 1
129 175 1
129 192 -1
129 195 -1
129 201 -1
129 211 -1
129 223 -1
130 12 -1
130 24 -1
130 38 1
130 40 -1
130 49 -1
130 103 -1
130 112 1
130 126 1
130 144 -1
130 146 -1
130 157 -1
130 179 1
130 187 -1
130 189 1
130 206 -1
130 207 -1
130 212 -1
130 216 -1
130 221 -1
130 225 -1
131 6 -1
131 12 1
131 16 -1
131 20 -1
131 32 -1
131 43 -1
131 44 -1
131 61 -1
131 105 1
131 120 -1
131 129 -1
131 147 -1
131 155 -1
131 169 -1
131 204 -1
131 210 -1
131 211 -1
131 221 -1
132 6 -1
132 20 -1
132 21 1
132 30 1
132 38 -1
132 43 1
132 59 1
132 62 1
132 68 -1
132 69 -1
132 76 -1
132 78 -1
132 84 -1
132 86 -1
132 91 -1
132 103 -1
132 112 -1
132 115 1
132 138 -1
132 187 -1
132 206 1
132 218 1
132 221 -1
132 229 1
133 20 1
133 35 1
133 63 1
133 71 -1
133 78 -1
133 91 -1
133 94 -1
133 119 1
133 131 -1
133 141 -1
133 149 1
133 157 -1
133 168 1
133 174 -1
133 192 -1
133 194 1
133 200 -1
133 203 -1
133 206 -1
133 217 -1
133 220 -1
133 229 1
134 13 -1
134 22 -1
134 32 -1
134 33 -1
134 39 -1
134 58 -1
134 67 -1
134 72 -1
134 77 -1
134 93 -1
134 94 -1
134 100 -1
134 148 -1
134 163 -1
134 167 -1
134 189 -1
134 192 -1
134 209 -1
134 210 -1
134 215 -1
134 220 -1
135 9 -1
135 25 -1
135 27 -1
135 41 -1
135 47 1
135 49 -1
135 71 -1
135 76 -1
135 86 1
135 105 1
135 106 -1
135 107 1
135 111 -1
135 127 -1
135 138 1
135 143 -1
135 149 -1
135 152 -1
135 153 -1
135 176 -1
135 191 -1
135 195 -1
135 204 -1
135 207 -1
135 214 -1
135 227 -1
135 230 -1
136 1 1
136 2 -1
136 16 -1
136 17 -1
136 37 -1
136 41 -1
136 47 -1
136 51 -1
136 53 1
136 70 1
136 76 -1
136 77 -1
136 78 1
136 89 -1
136 111 1
136 112 -1
136 120 -1
136 123 1
136 157 -1
136 166 -1
136 167 -1
136 176 -1
136 180 1
136 187 1
136 208 1
137 5 -1
137 7 -1
137 9 -1
137 27 -1
137 52 -1
137 54 -1
137 57 1
137 63 -1
137 68 -1
137 81 -1
137 89 -1
137 100 -1
137 116 1
137 119 1
137 133 -1
137 145 -1
137 149 -1
137 153 1
137 157 -1
137 158 -1
137 165 -1
137 191 -1
137 202 -1
137 204 -1
137 206 1
137 226 -1
138 5 1
138 15 -1
138 27 -1
138 28 -1
138 34 -1
138 44 -1
138 66 -1
138 75 -1
138 78 -1
138 89 1
138 93 -1
138 96 1
138 125 -1
138 140 -1
138 152 1
138 181 -1
138 182 -1
138 184 -1
138 193 -1
139 11 -1
139 15 1
139 28 -1
139 35 -1
139 72 -1
139 110 -1
139 118 -1
139 123 -1
139 134 -1
139 141 -1
139 145 -1
139 153 -1
139 155 -1
139 166 -1
139 167 1
139 171 -1
139 182 -1
139 196 1
139 198 -1
139 219 1
139 221 -1
139 225 -1
140 15 -1
140 18 -1
140 44 -1
140 49 -1
140 53 1
140 56 1
140 59 -1
140 70 -1
140 81 -1
140 85 -1
140 86 -1
140 103 -1
140 107 -1
140 115 -1
140 120 -1
140 122 1
140 130 -1
140 137 -1
140 156 1
140 160 -1
140 193 -1
140 201 -1
140 204 -1
140 218 -1
140 227 -1
140 228 -1
140 230 -1
141 46 -1
141 60 -1
141 73 -1
141 88 -1
141 97 -1
141 102 1
141 117 -1
141 134 -1
141 136 -1
141 168 -1
141 181 -1
141 184 -1
141 188 -1
141 199 -1
141 212 -1
141 216 -1
141 223 -1
141 224 -1
142 9 -1
142 10 1
142 14 -1
142 16 -1
142 21 1
142 36 -1
142 38 1
142 78 -1
142 79 1
142 85 1
142 88 -1
142 110 -1
142 118 -1
142 124 -1
142 147 -1
142 161 -1
142 167 -1
142 177 -1
142 189 -1
142 207 -1
142 211 -1
142 212 -1
142 224 -1
143 2 1
143 4 1
143 9 -1
143 17 -1
143 21 -1
143 28 -1
143 30 -1
143 31 -1
143 51 -1
143 54 -1
143 81 1
143 84 -1
143 86 -1
143 87 1
143 94 -1
143 100 -1
143 105 1
143 112 1
143 115 1
143 116 -1
143 123 -1
143 127 -1
143 132 -1
143 147 -1
143 149 -1
143 167 -1
143 171 -1
143 190 -1
143 192 -1
143 204 -1
143 214 -1
143 216 1
143 220 -1
143 228 1
144 18 -1
144 34 1
144 47 -1
144 56 -1
144 76 -1
144 138 -1
144 148 -1
144 168 -1
144 178 -1
144 212 -1
144 215 -1
144 226 -1
145 6 -1
145 12 -1
145 14 -1
145 27 1
145 29 -1
145 34 -1
145 35 -1
145 47 -1
145 48 -1
145 49 1
145 54 -1
145 57 1
145 67 1
145 87 -1
145 93 -1
145 101 -1
145 105 -1
145 106 -1
145 134 -1
145 147 -1
145 159 -1
145 165 -1
145 167 1
145 172 -1
145 199 -1
145 203 1
145 219 -1
145 225 -1
146 4 -1
146 15 -1
146 18 -1
146 25 -1
146 32 -1
146 39 1
146 44 -1
146 45 -1
146 60 -1
146 61 1
146 64 -1
146 87 -1
146 102 -1
146 108 -1
146 111 -1
146 116 -1
146 119 1
146 133 -1
146 149 -1
146 174 1
146 175 -1
146 177 -1
146 184 1
146 187 -1
146 196 -1
146 199 -1
146 220 -1
147 9 -1
147 13 -1
147 55 -1
147 63 -1
147 66 1
147 67 -1
147 97 1
147 103 1
147 125 -1
147 130 -1
147 141 -1
147 158 -1
147 165 -1
147 170 -1
147 175 -1
147 184 -1
147 191 -1
147 196 -1
147 202 -1
147 206 -1
147 210 -1
148 9 -1
148 12 -1
148 38 -1
148 39 -1
148 43 -1
148 44 -1
148 51 -1
148 67 1
148 112 -1
148 122 -1
148 133 -1
148 140 1
148 143 -1
148 146 -1
148 149 -1
148 155 1
148 167 -1
148 171 -1
148 173 -1
148 174 -1
148 175 -1
148 187 -1
148 194 1
148 204 -1
148 215 -1
149 3 -1
149 15 1
149 20 -1
149 35 -1
149 37 1
149 110 -1
149 129 1
149 138 -1
149 147 -1
149 151 -1
149 156 -1
149 157 -1
149 178 -1
149 190 -1
149 205 -1
149 209 1
150 10 1
150 14 -1
150 18 1
150 23 -1
150 25 -1
150 28 -1
150 38 -1
150 40 1
150 53 -1
150 67 -1
150 68 -1
150 69 -1
150 71 1
150 75 -1
150 82 -1
150 89 1
150 99 1
150 110 -1
150 112 1
150 116 -1
150 130 -1
150 141 -1
150 147 -1
150 149 -1
150 154 -1
150 161 -1
150 162 1
150 180 -1
150 182 1
150 184 -1
150 204 -1
150 205 -1
150 215 -1
150 217 -1
151 3 -1
151 9 -1
151 18 -1
151 27 -1
151 41 -1
151 44 -1
151 46 1
151 50 -1
151 62 -1
151 63 -1
151 119 -1
151 162 -1
151 166 -1
151 175 -1
151 178 -1
151 184 1
151 185 1
151 196 -1
151 218 -1
152 11 1
152 14 -1
152 18 -1
152 22 1
152 35 1
152 39 -1
152 74 -1
152 79 -1
152 93 -1
152 113 1
152 118 -1
152 121 -1
152 124 -1
152 125 -1
152 133 -1
152 143 -1
152 163 -1
152 166 1
152 189 1
152 197 -1
152 204 -1
152 222 1
153 23 -1
153 29 -1
153 40 -1
153 41 -1
153 44 -1
153 58 -1
153 60 1
153 75 1
153 98 -1
153 127 -1
153 142 -1
153 144 -1
153 151 -1
153 154 -1
153 161 -1
153 177 -1
153 178 -1
153 185 1
153 188 -1
153 203 -1
153 227 -1
154 30 -1
154 40 -1
154 47 -1
154 71 -1
154 80 -1
154 84 -1
154 88 -1
154 121 -1
154 125 -1
154 133 -1
154 134 -1
154 157 -1
154 168 1
154 184 -1
154 188 -1
154 192 -1
154 195 1
154 213 -1
154 214 -1
154 220 -1
154 226 -1
155 20 -1
155 33 -1
155 34 -1
155 37 -1
155 50 -1
155 59 -1
155 68 -1
155 87 1
155 89 -1
155 96 -1
155 99 -1
155 102 -1
155 115 1
155 132 -1
155 133 -1
155 140 -1
155 142 1
155 146 -1
155 147 -1
155 158 -1
155 160 -1
155 161 -1
155 166 -1
155 176 -1
155 181 -1
155 182 -1
155 195 -1
155 199 -1
155 206 -1
155 216 -1
155 217 -1
155 223 -1
155 228 -1
156 1 -1
156 8 -1
156 23 -1
156 24 -1
156 33 -1
156 35 -1
156 47 -1
156 66 -1
156 77 -1
156 81 1
156 83 -1
156 90 -1
156 96 -1
156 99 1
156 109 -1
156 123 -1
156 128 -1
156 141 -1
156 179 -1
156 189 -1
156 192 -1
156 207 -1
156 210 -1
156 214 -1
157 4 -1
157 12 -1
157 13 -1
157 16 -1
157 39 -1
157 42 -1
157 43 1
157 94 -1
157 104 -1
157 110 -1
157 114 1
157 126 -1
157 145 -1
157 155 -1
157 159 -1
157 177 -1
157 183 -1
157 204 -1
157 221 1
157 230 -1
158 13 -1
158 29 -1
158 31 -1
158 39 -1
158 51 -1
158 74 -1
158 78 -1
158 82 -1
158 86 -1
158 101 -1
158 105 -1
158 143 -1
158 149 -1
158 162 -1
158 178 -1
158 181 1
158 183 -1
158 197 -1
158 199 1
158 202 -1
158 205 -1
158 208 -1
158 209 -1
158 210 -1
158 211 -1
158 225 -1
158 226 1
159 6 -1
159 23 -1
159 26 1
159 43 -1
159 60 1
159 72 -1
159 82 -1
159 83 -1
159 95 1
159 103 -1
159 108 -1
159 112 1
159 121 1
159 134 1
159 137 1
159 143 1
159 150 -1
159 164 -1
159 177 1
159 188 -1
159 199 -1
159 200 1
159 214 -1
159 218 1
159 226 1
160 25 -1
160 46 1
160 48 -1
160 55 -1
160 88 -1
160 103 -1
160 105 -1
160 118 -1
160 159 -1
160 171 -1
160 173 -1
160 201 1
160 203 -1
160 208 1
160 228 -1
161 4 -1
161 14 -1
161 35 -1
161 37 -1
161 105 -1
161 107 -1
161 126 -1
161 129 -1
161 131 -1
161 143 -1
161 162 -1
161 174 -1
161 178 -1
161 192 -1
161 202 -1
161 206 -1
161 216 -1
161 221 -1
161 225 -1
161 227 -1
162 2 -1
162 5 -1
162 16 -1
162 23 1
162 24 -1
162 26 1
162 32 -1
162 37 -1
162 39 -1
162 45 -1
162 46 -1
162 68 1
162 84 1
162 95 -1
162 101 -1
162 110 -1
162 113 -1
162 114 -1
162 116 -1
162 120 1
162 137 -1
162 139 -1
162 147 1
162 155 -1
162 159 -1
162 163 -1
162 164 -1
162 176 -1
162 179 -1
162 181 -1
162 187 -1
162 216 -1
162 219 1
163 4 -1
163 8 -1
163 26 -1
163 40 -1
163 41 -1
163 61 -1
163 63 1
163 68 -1
163 69 -1
163 70 -1
163 76 1
163 79 1
163 88 -1
163 93 -1
163 99 -1
163 129 -1
163 136 -1
163 151 -1
163 169 -1
163 172 -1
163 174 -1
163 188 1
163 191 -1
163 204 1
163 209 1
163 214 -1
163 220 -1
164 11 -1
164 12 1
164 17 1
164 32 -1
164 34 -1
164 71 -1
164 87 -1
164 97 -1
164 122 -1
164 128 -1
164 138 -1
164 155 -1
164 161 -1
164 192 -1
164 195 -1
165 1 -1
165 2 -1
165 4 -1
165 59 -1
165 67 -1
165 86 -1
165 95 -1
165 106 -1
165 141 1
165 154 -1
165 159 -1
165 177 1
165 178 -1
165 187 -1
165 192 -1
165 205 1
166 5 -1
166 28 -1
166 32 -1
166 46 1
166 49 -1
166 58 -1
166 59 -1
166 67 -1
166 73 -1
166 82 -1
166 86 -1
166 113 1
166 126 1
166 130 -1
166 154 -1
166 181 -1
166 213 -1
166 221 -1
167 1 -1
167 33 -1
167 42 1
167 47 -1
167 54 1
167 55 -1
167 80 -1
167 102 -1
167 124 -1
167 129 -1
167 138 -1
167 155 -1
167 156 1
167 179 -1
167 192 1
167 197 -1
167 199 -1
167 220 -1
167 225 -1
168 5 -1
168 26 -1
168 36 1
168 39 -1
168 46 -1
168 85 1
168 86 -1
168 89 -1
168 112 -1
168 114 -1
168 117 -1
168 153 -1
168 157 -1
168 159 -1
168 161 -1
168 165 -1
168 171 -1
168 172 -1
168 178 -1
168 186 -1
168 199 -1
168 204 -1
168 224 1
168 225 -1
169 11 -1
169 18 -1
169 31 -1
169 36 -1
169 40 -1
169 75 -1
169 87 -1
169 100 -1
169 101 -1
169 102 -1
169 108 -1
169 153 1
169 155 -1
169 172 -1
169 188 -1
169 216 1
169 228 1
170 1 1
170 14 1
170 22 -1
170 24 -1
170 26 1
170 33 -1
170 69 -1
170 96 -1
170 101 -1
170 106 -1
170 109 1
170 122 1
170 125 -1
170 130 -1
170 134 -1
170 137 1
170 143 -1
170 175 -1
170 196 -1
170 209 1
170 210 -1
171 35 -1
171 51 -1
171 53 -1
171 54 -1
171 75 1
171 90 -1
171 96 -1
171 97 1
171 98 -1
171 116 -1
171 128 -1
171 129 -1
171 134 -1
171 151 1
171 161 -1
171 164 -1
171 173 -1
171 181 -1
171 193 -1
171 229 -1
172 4 -1
172 9 -1
172 16 -1
172 20 -1
172 39 -1
172 50 1
172 58 -1
172 76 -1
172 95 -1
172 110 -1
172 128 1
172 130 1
172 155 -1
172 209 -1
172 213 1
172 224 -1
173 9 -1
173 12 -1
173 37 -1
173 51 -1
173 72 -1
173 96 -1
173 102 -1
173 115 -1
173 145 -1
173 147 -1
173 149 -1
173 162 -1
173 179 -1
173 195 -1
173 226 -1
174 70 -1
174 99 1
174 112 1
174 116 1
174 118 -1
174 120 -1
174 122 1
174 127 -1
174 128 -1
174 138 -1
174 140 -1
174 141 -1
174 147 -1
174 149 -1
174 156 -1
174 168 -1
174 176 1
174 196 1
174 211 -1
174 216 -1
174 221 -1
174 222 -1
175 5 -1
175 11 -1
175 20 -1
175 29 1
175 49 -1
175 51 -1
175 54 1
175 61 -1
175 70 1
175 73 -1
175 74 -1
175 121 -1
175 127 -1
175 178 -1
175 187 -1
175 194 -1
175 197 1
175 203 -1
176 33 1
176 50 1
176 59 1
176 63 -1
176 65 -1
176 77 -1
176 92 1
176 127 -1
176 129 1
176 131 -1
176 143 -1
176 145 -1
176 153 -1
176 172 -1
176 179 -1
176 190 -1
176 199 -1
176 212 -1
176 220 -1
176 225 -1
176 227 -1
176 228 -1
177 11 -1
177 12 -1
177 16 -1
177 27 1
177 37 -1
177 61 1
177 71 -1
177 72 1
177 73 -1
177 77 -1
177 96 -1
177 104 -1
177 124 1
177 132 -1
177 138 -1
177 154 -1
177 167 -1
177 185 -1
177 192 -1
177 209 1
177 220 -1
178 15 -1
178 19 -1
178 25 -1
178 39 1
178 41 -1
178 57 1
178 58 -1
178 66 -1
178 78 -1
178 85 -1
178 101 -1
178 138 -1
178 148 -1
178 163 -1
178 182 1
178 206 -1
178 216 -1
178 222 -1
178 228 1
178 230 -1
179 4 1
179 16 1
179 21 -1
179 23 -1
179 40 1
179 45 -1
179 52 -1
179 58 -1
179 67 -1
179 74 1
179 78 -1
179 82 -1
179 88 -1
179 97 -1
179 100 -1
179 102 -1
179 112 -1
179 122 -1
179 127 -1
179 145 1
179 146 -1
179 168 1
179 199 -1
179 203 -1
180 32 -1
180 43 1
180 56 -1
180 101 -1
180 109 -1
180 125 -1
180 127 -1
180 130 -1
180 178 -1
180 183 -1
180 188 -1
180 194 -1
180 202 -1
180 206 -1
180 223 -1
180 230 -1
181 11 -1
181 17 -1
181 20 -1
181 26 -1
181 37 -1
181 38 1
181 50 -1
181 61 -1
181 70 -1
181 81 1
181 90 -1
181 105 -1
181 106 -1
181 128 -1
181 137 -1
181 153 -1
181 154 1
181 159 -1
181 163 -1
181 193 1
181 228 -1
182 4 -1
182 5 -1
182 16 -1
182 33 1
182 38 1
182 75 1
182 107 -1
182 110 -1
182 119 -1
182 123 -1
182 125 -1
182 128 -1
182 136 -1
182 163 -1
182 173 -1
182 194 -1
182 206 1
182 211 -1
183 5 -1
183 9 -1
183 14 -1
183 27 -1
183 34 -1
183 40 -1
183 44 -1
183 64 -1
183 69 -1
183 71 -1
183 86 -1
183 92 -1
183 119 -1
183 138 1
183 144 1
183 153 -1
183 161 -1
183 179 -1
183 209 -1
184 5 -1
184 6 1
184 11 -1
184 18 -1
184 66 -1
184 77 1
184 78 -1
184 81 -1
184 84 -1
184 86 -1
184 87 -1
184 89 -1
184 98 -1
184 99 1
184 101 -1
184 119 -1
184 135 1
184 140 -1
184 149 -1
184 153 -1
184 160 -1
184 167 1
184 171 -1
184 180 1
184 206 -1
185 1 -1
185 6 -1
185 17 1
185 18 -1
185 37 -1
185 38 -1
185 45 -1
185 70 -1
185 74 -1
185 79 -1
185 102 -1
185 147 -1
185 148 -1
185 173 1
185 186 1
185 187 -1
185 214 1
185 224 -1
185 227 -1
185 229 1
186 7 -1
186 28 -1
186 31 1
186 44 -1
186 50 -1
186 52 1
186 53 -1
186 62 -1
186 65 -1
186 81 -1
186 97 -1
186 115 1
186 122 -1
186 132 1
186 137 1
186 151 -1
186 177 -1
186 197 1
186 204 1
186 205 1
186 222 -1
186 227 -1
186 230 -1
187 1 1
187 20 -1
187 25 1
187 26 -1
187 28 -1
187 54 -1
187 62 -1
187 74 -1
187 102 -1
187 106 -1
187 108 -1
187 117 -1
187 129 -1
187 147 -1
187 151 -1
187 158 -1
187 177 -1
187 186 -1
187 195 -1
187 199 -1
187 201 -1
187 202 -1
187 203 -1
187 230 -1
188 1 1
188 4 -1
188 33 -1
188 39 -1
188 43 -1
188 50 -1
188 83 -1
188 86 -1
188 87 -1
188 88 -1
188 100 1
188 102 -1
188 104 -1
188 110 1
188 119 -1
188 132 -1
188 133 -1
188 135 -1
188 137 -1
188 172 1
188 173 -1
188 183 -1
188 222 -1
188 223 1
188 227 -1
189 21 -1
189 22 -1
189 24 1
189 29 -1
189 31 -1
189 48 -1
189 86 1
189 87 -1
189 93 -1
189 96 -1
189 100 -1
189 107 -1
189 113 -1
189 166 -1
189 178 -1
189 179 -1
189 183 -1
189 224 -1
189 230 -1
190 29 -1
190 30 1
190 37 -1
190 44 -1
190 63 -1
190 67 -1
190 69 1
190 87 -1
190 104 -1
190 121 -1
190 132 -1
190 134 -1
190 151 -1
190 155 -1
190 164 -1
190 167 -1
190 181 1
190 182 -1
190 191 -1
190 205 -1
190 213 -1
190 225 -1
191 31 -1
191 40 -1
191 48 -1
191 55 -1
191 74 -1
191 78 -1
191 102 1
191 109 -1
191 111 -1
191 117 -1
191 122 -1
191 130 -1
191 140 -1
191 144 -1
191 151 1
191 154 -1
191 155 -1
191 164 -1
191 167 -1
191 168 -1
191 169 1
191 171 -1
191 187 -1
191 194 -1
191 221 -1
192 12 -1
192 13 -1
192 44 -1
192 76 1
192 80 -1
192 92 -1
192 103 1
192 115 -1
192 117 -1
192 119 1
192 144 1
192 179 -1
192 180 -1
192 183 -1
192 193 -1
192 217 -1
192 224 -1
192 226 -1
193 9 -1
193 10 -1
193 15 -1
193 23 1
193 29 -1
193 50 1
193 51 -1
193 57 -1
193 60 -1
193 87 -1
193 102 -1
193 106 -1
193 109 -1
193 122 -1
193 133 -1
193 147 1
193 150 1
193 151 1
193 152 -1
193 154 -1
193 161 -1
193 166 -1
193 172 -1
193 176 -1
193 183 1
193 186 1
193 190 -1
193 214 -1
193 218 -1
193 222 -1
193 223 1
194 3 -1
194 10 -1
194 13 -1
194 16 -1
194 50 -1
194 58 -1
194 65 -1
194 85 -1
194 95 -1
194 106 -1
194 112 -1
194 130 -1
194 131 -1
194 164 -1
194 165 -1
194 172 -1
194 174 -1
194 184 -1
194 210 -1
194 223 -1
194 226 -1
195 2 1
195 5 -1
195 6 -1
195 8 1
195 9 -1
195 12 -1
195 14 1
195 25 1
195 27 1
195 29 -1
195 72 -1
195 92 -1
195 98 -1
195 101 -1
195 114 -1
195 124 -1
195 134 -1
195 157 -1
195 161 -1
195 168 1
195 198 -1
195 201 -1
195 214 -1
195 220 1
196 49 1
196 62 -1
196 90 -1
196 107 -1
196 112 -1
196 137 -1
196 143 -1
196 144 -1
196 145 -1
196 148 -1
196 152 -1
196 160 -1
196 178 -1
196 206 -1
196 207 1
196 209 -1
196 210 -1
196 211 -1
196 216 1
196 229 -1
196 230 -1
197 6 -1
197 11 -1
197 16 -1
197 29 -1
197 56 -1
197 65 -1
197 74 -1
197 89 -1
197 107 -1
197 118 1
197 129 -1
197 148 -1
197 156 -1
197 161 -1
197 171 -1
197 188 -1
197 198 -1
197 209 -1
197 220 -1
197 230 -1
198 6 -1
198 52 -1
198 56 -1
198 59 -1
198 61 1
198 63 -1
198 65 -1
198 74 -1
198 86 -1
198 93 1
198 102 -1
198 104 1
198 106 -1
198 111 -1
198 112 -1
198 121 -1
198 129 -1
198 155 1
198 159 -1
198 177 -1
198 208 -1
198 209 1
198 211 1
198 214 -1
198 219 1
198 226 1
199 17 -1
199 24 -1
199 35 -1
199 41 -1
199 76 -1
199 86 1
199 88 -1
199 98 -1
199 100 -1
199 129 -1
199 157 -1
199 173 -1
199 174 1
199 183 -1
199 184 -1
199 215 -1
199 219 -1
200 9 1
200 16 -1
200 18 -1
200 26 -1
200 36 -1
200 58 -1
200 59 1
200 72 -1
200 83 -1
200 100 -1
200 109 -1
200 110 -1
200 111 -1
200 116 -1
200 124 -1
200 146 1
200 162 -1
200 178 -1
200 193 -1
200 195 1
200 205 -1
201 6 -1
201 15 -1
201 17 -1
201 42 1
201 54 -1
201 71 -1
201 116 -1
201 118 -1
201 122 -1
201 123 -1
201 127 -1
201 133 1
201 135 -1
201 142 -1
201 148 -1
201 152 -1
201 196 1
201 199 -1
201 206 -1
201 208 -1
201 227 1
202 3 -1
202 10 -1
202 20 -1
202 36 -1
202 49 -1
202 55 -1
202 69 1
202 120 -1
202 129 -1
202 132 -1
202 135 -1
202 145 -1
202 174 1
202 177 -1
202 183 -1
202 189 -1
202 194 -1
202 215 -1
202 225 -1
202 226 -1
203 12 -1
203 27 1
203 30 1
203 46 -1
203 50 1
203 51 1
203 76 1
203 82 1
203 102 -1
203 107 1
203 112 -1
203 114 1
203 148 -1
203 158 -1
203 165 1
203 173 -1
203 191 -1
203 227 -1
203 229 -1
204 7 -1
204 21 -1
204 32 -1
204 34 -1
204 36 -1
204 45 -1
204 54 -1
204 61 -1
204 73 -1
204 74 -1
204 88 1
204 90 -1
204 94 -1
204 112 -1
204 134 -1
204 165 -1
204 167 1
204 191 -1
204 210 -1
204 224 -1
205 9 1
205 10 1
205 18 -1
205 28 -1
205 29 -1
205 32 -1
205 33 -1
205 47 1
205 55 1
205 60 -1
205 63 -1
205 71 -1
205 75 1
205 80 -1
205 84 1
205 88 -1
205 92 -1
205 98 1
205 101 -1
205 113 -1
205 118 -1
205 127 -1
205 132 1
205 135 -1
205 143 1
205 151 -1
205 155 -1
205 167 -1
205 168 -1
205 177 -1
205 189 -1
205 191 -1
205 226 -1
205 229 1
206 4 -1
206 6 -1
206 7 1
206 9 -1
206 20 -1
206 28 -1
206 30 -1
206 53 1
206 57 -1
206 58 1
206 64 -1
206 66 -1
206 76 -1
206 83 -1
206 92 -1
206 134 -1
206 136 -1
206 138 -1
206 159 -1
207 4 -1
207 11 -1
207 19 -1
207 22 -1
207 23 -1
207 57 1
207 61 -1
207 66 1
207 67 -1
207 78 1
207 80 1
207 90 -1
207 108 -1
207 110 -1
207 119 -1
207 125 -1
207 126 -1
207 134 -1
207 146 -1
207 148 -1
207 149 1
207 152 -1
207 157 -1
207 171 -1
207 198 -1
207 208 -1
207 222 -1
208 18 -1
208 27 -1
208 36 -1
208 53 -1
208 70 1
208 75 -1
208 78 -1
208 89 -1
208 102 -1
208 105 -1
208 108 -1
208 111 -1
208 115 -1
208 130 -1
208 140 -1
208 144 -1
208 165 -1
208 175 -1
208 178 -1
208 204 1
208 216 -1
208 218 -1
208 225 -1
209 26 -1
209 93 -1
209 122 -1
209 125 -1
209 159 1
209 161 -1
209 162 -1
209 182 -1
209 184 -1
209 199 -1
209 205 -1
209 212 -1
210 2 -1
210 8 -1
210 9 -1
210 10 -1
210 69 -1
210 75 -1
210 110 -1
210 116 1
210 122 -1
210 148 -1
210 151 -1
210 154 -1
210 177 -1
210 193 -1
210 200 -1
210 205 -1
210 209 -1
210 220 -1
210 225 1
211 19 1
211 24 -1
211 33 1
211 54 -1
211 69 -1
211 73 -1
211 90 -1
211 93 -1
211 126 -1
211 128 -1
211 135 1
211 136 1
211 137 1
211 153 -1
211 155 -1
211 164 -1
211 167 1
211 172 -1
211 175 -1
211 212 1
211 213 -1
211 224 -1
212 12 1
212 14 -1
212 20 -1
212 25 1
212 30 -1
212 42 1
212 43 1
212 45 -1
212 48 -1
212 51 1
212 52 -1
212 94 -1
212 99 -1
212 110 -1
212 113 -1
212 146 -1
212 155 1
212 156 -1
212 157 -1
212 169 -1
212 170 -1
212 180 1
212 182 -1
212 192 1
212 198 -1
212 202 -1
212 206 -1
212 214 -1
212 220 -1
212 221 -1
212 222 -1
212 225 1
213 5 -1
213 13 -1
213 20 -1
213 31 -1
213 48 -1
213 54 -1
213 63 -1
213 64 -1
213 71 -1
213 76 1
213 83 -1
213 84 -1
213 97 -1
213 118 -1
213 126 -1
213 183 1
213 184 -1
213 185 -1
213 191 -1
213 194 -1
213 205 -1
213 210 -1
214 23 -1
214 24 -1
214 34 -1
214 36 -1
214 49 -1
214 62 -1
214 66 1
214 71 -1
214 91 1
214 139 -1
214 141 -1
214 142 1
214 152 -1
214 155 -1
214 175 1
214 205 -1
214 217 1
215 4 -1
215 33 -1
215 34 -1
215 45 -1
215 52 -1
215 54 -1
215 55 -1
215 58 1
215 59 -1
215 64 -1
215 68 1
215 74 -1
215 88 -1
215 101 -1
215 102 -1
215 108 -1
215 113 1
215 126 -1
215 133 -1
215 138 -1
215 165 -1
215 168 -1
215 169 -1
215 174 -1
215 195 -1
215 205 -1
216 6 1
216 15 -1
216 27 -1
216 33 -1
216 47 -1
216 61 -1
216 64 -1
216 67 -1
216 70 -1
216 72 -1
216 80 -1
216 97 -1
216 101 -1
216 111 -1
216 113 -1
216 115 1
216 125 -1
216 133 -1
216 136 -1
216 139 -1
216 148 -1
216 152 -1
216 153 1
216 158 1
216 167 -1
216 190 -1
216 193 -1
216 199 1
216 210 -1
216 227 1
217 7 -1
217 28 -1
217 32 -1
217 48 -1
217 49 -1
217 78 -1
217 90 -1
217 94 -1
217 98 1
217 121 1
217 138 -1
217 159 -1
217 161 -1
217 168 -1
217 184 -1
217 187 -1
217 213 1
217 230 -1
218 33 -1
218 38 1
218 39 -1
218 63 -1
218 66 1
218 69 -1
218 77 -1
218 89 -1
218 102 1
218 113 -1
218 122 -1
218 126 -1
218 134 1
218 146 -1
218 152 -1
218 170 -1
218 185 -1
218 215 1
218 227 -1
219 1 -1
219 12 -1
219 14 -1
219 28 -1
219 33 1
219 40 1
219 45 -1
219 60 -1
219 78 -1
219 90 -1
219 92 -1
219 99 1
219 105 -1
219 110 -1
219 112 -1
219 113 -1
219 132 1
219 133 -1
219 141 -1
219 154 1
219 160 -1
219 165 -1
219 168 -1
219 175 -1
219 176 -1
219 184 -1
219 190 -1
219 193 -1
219 211 -1
219 215 -1
219 217 -1
219 222 -1
219 226 -1
220 3 -1
220 7 -1
220 8 -1
220 10 -1
220 12 -1
220 18 -1
220 19 1
220 23 -1
220 27 1
220 43 -1
220 52 1
220 55 -1
220 57 -1
220 59 -1
220 91 -1
220 92 -1
220 170 -1
220 188 -1
220 196 -1
220 205 -1
220 209 1
220 213 -1
220 217 -1
221 7 -1
221 9 1
221 13 -1
221 15 -1
221 30 1
221 31 -1
221 43 -1
221 45 -1
221 47 -1
221 59 1
221 74 -1
221 90 -1
221 91 -1
221 121 1
221 141 -1
221 198 1
221 211 -1
221 222 -1
222 8 -1
222 13 1
222 16 -1
222 22 -1
222 41 -1
222 64 -1
222 68 -1
222 75 -1
222 84 -1
222 101 -1
222 108 1
222 110 -1
222 133 -1
222 149 1
222 161 -1
222 177 -1
222 180 1
223 15 -1
223 31 -1
223 44 -1
223 56 -1
223 63 1
223 79 -1
223 86 -1
223 87 1
223 91 1
223 96 -1
223 102 -1
223 107 -1
223 112 -1
223 114 -1
223 117 -1
223 118 -1
223 130 -1
223 131 -1
223 133 1
223 139 -1
223 144 -1
223 147 -1
223 154 -1
223 166 -1
223 169 -1
223 178 1
223 179 -1
223 189 -1
223 206 -1
224 26 -1
224 31 -1
224 37 -1
224 42 -1
224 56 -1
224 78 -1
224 88 -1
224 94 -1
224 101 -1
224 123 -1
224 126 -1
224 136 -1
224 143 -1
224 154 -1
224 171 -1
224 178 -1
224 230 -1
225 17 -1
225 31 -1
225 35 1
225 37 1
225 43 1
225 49 -1
225 54 -1
225 64 1
225 65 -1
225 69 1
225 75 -1
225 81 1
225 86 1
225 98 -1
225 152 1
225 159 -1
225 163 -1
225 171 -1
225 180 -1
225 186 -1
225 215 -1
225 220 -1
226 5 -1
226 18 -1
226 21 -1
226 40 -1
226 68 -1
226 74 -1
226 77 1
226 89 -1
226 93 1
226 95 -1
226 99 -1
226 112 -1
226 132 -1
226 133 1
226 136 -1
226 155 -1
226 161 -1
226 169 -1
226 174 -1
226 193 -1
226 201 1
226 203 -1
226 221 -1
226 225 -1
226 229 1
227 1 1
227 7 -1
227 12 -1
227 13 -1
227 16 -1
227 19 1
227 23 -1
227 25 -1
227 27 1
227 29 -1
227 54 -1
227 62 -1
227 77 1
227 80 -1
227 89 -1
227 98 -1
227 103 -1
227 104 -1
227 105 -1
227 107 -1
227 108 -1
227 115 -1
227 119 -1
227 129 1
227 130 -1
227 143 -1
227 148 -1
227 155 -1
227 206 -1
227 208 1
227 213 -1
227 220 -1
227 222 1
228 25 -1
228 47 1
228 67 -1
228 76 1
228 77 -1
228 79 -1
228 82 -1
228 85 -1
228 87 -1
228 90 -1
228 100 1
228 118 -1
228 123 -1
228 127 -1
228 128 -1
228 129 1
228 133 -1
228 151 -1
228 159 -1
228 163 -1
228 192 -1
228 195 1
228 205 -1
228 215 -1
228 230 -1
229 26 -1
229 29 -1
229 41 -1
229 47 1
229 56 1
229 73 -1
229 99 -1
229 105 -1
229 107 -1
229 115 -1
229 120 -1
229 143 -1
229 146 -1
229 151 -1
229 176 1
229 179 -1
229 190 1
229 199 -1
229 206 -1
229 228 1
230 2 1
230 6 -1
230 21 -1
230 25 -1
230 88 -1
230 95 1
230 97 -1
230 100 -1
230 103 -1
230 110 -1
230 113 -1
230 114 -1
230 115 1
230 116 -1
230 139 -1
230 158 -1
230 175 -1
230 188 -1
230 191 -1
230 201 -1
230 202 -1
230 204 -1
230 208 1
230 211 1
230 212 -1
230 213 -1
