vertices: 190 edges: 3601
1 23 1
1 40 -1
1 45 1
1 48 -1
1 66 1
1 81 1
1 84 -1
1 86 1
1 113 -1
1 122 -1
1 126 -1
1 132 -1
1 135 1
1 137 1
1 140 -1
1 141 1
1 148 -1
1 160 -1
1 161 1
1 162 1
1 165 1
1 172 -1
1 181 1
1 187 -1
2 3 1
2 4 -1
2 7 1
2 8 -1
2 9 1
2 10 -1
2 12 -1
2 19 1
2 27 -1
2 28 1
2 35 1
2 40 -1
2 42 -1
2 43 1
2 47 -1
2 52 1
2 56 -1
2 59 -1
2 68 1
2 69 1
2 71 1
2 73 -1
2 76 1
2 78 1
2 85 -1
2 88 -1
2 90 -1
2 92 -1
2 97 -1
2 98 -1
2 100 -1
2 102 1
2 106 -1
2 110 1
2 113 -1
2 118 -1
2 120 -1
2 125 -1
2 128 1
2 141 -1
2 145 1
2 146 1
2 153 1
2 157 -1
2 161 -1
2 166 -1
2 168 1
2 171 -1
2 173 -1
2 179 -1
2 180 1
2 182 1
2 183 1
2 187 1
3 7 1
3 9 1
3 14 -1
3 16 -1
3 25 -1
3 28 1
3 29 1
3 31 1
3 38 -1
3 43 1
3 57 -1
3 60 1
3 69 -1
3 71 1
3 73 -1
3 76 1
3 78 -1
3 85 -1
3 96 -1
3 102 1
3 103 -1
3 107 1
3 109 -1
3 110 1
3 113 1
3 116 -1
3 119 1
3 128 1
3 131 1
3 137 -1
3 145 1
3 146 1
3 150 -1
3 152 1
3 153 1
3 157 -1
3 159 -1
3 163 -1
3 168 1
3 178 -1
3 180 1
3 182 1
3 187 1
4 8 -1
4 13 -1
4 15 -1
4 17 -1
4 18 1
4 22 1
4 24 -1
4 27 1
4 32 1
4 33 1
4 40 1
4 42 -1
4 44 -1
4 52 -1
4 54 1
4 59 -1
4 62 1
4 67 1
4 69 -1
4 74 -1
4 76 -1
4 77 1
4 80 1
4 85 -1
4 96 1
4 100 -1
4 114 1
4 120 1
4 124 -1
4 126 1
4 127 1
4 130 1
4 134 -1
4 136 1
4 148 -1
4 149 1
4 152 -1
4 159 1
4 163 -1
4 164 -1
4 173 -1
4 175 1
4 182 -1
4 189 -1
5 6 -1
5 19 1
5 24 -1
5 29 -1
5 34 1
5 35 1
5 38 -1
5 51 1
5 52 1
5 56 1
5 57 -1
5 59 1
5 63 -1
5 67 -1
5 68 1
5 69 1
5 71 -1
5 74 1
5 75 1
5 78 1
5 94 1
5 97 1
5 99 -1
5 103 1
5 110 -1
5 112 -1
5 115 -1
5 119 -1
5 132 1
5 134 -1
5 143 1
5 153 -1
5 154 1
5 160 1
5 162 -1
5 163 -1
5 173 -1
5 176 -1
5 183 1
5 188 1
6 12 1
6 15 -1
6 17 1
6 26 -1
6 30 -1
6 38 1
6 47 1
6 53 -1
6 61 1
6 68 -1
6 69 -1
6 71 -1
6 82 1
6 92 1
6 94 -1
6 101 -1
6 104 -1
6 105 -1
6 106 1
6 108 1
6 129 1
6 147 -1
6 150 -1
6 164 -1
6 171 -1
6 175 -1
6 178 -1
6 185 -1
6 186 1
6 187 -1
6 190 1
7 8 -1
7 9 1
7 14 -1
7 19 1
7 23 -1
7 28 1
7 29 -1
7 31 1
7 43 1
7 52 1
7 68 1
7 69 1
7 71 1
7 76 1
7 78 1
7 79 -1
7 91 -1
7 96 -1
7 100 -1
7 102 1
7 110 1
7 113 -1
7 124 -1
7 128 1
7 133 -1
7 135 -1
7 140 -1
7 145 1
7 146 1
7 153 1
7 168 1
7 180 1
7 182 1
7 183 1
7 187 1
8 10 1
8 11 1
8 19 -1
8 21 1
8 22 -1
8 24 -1
8 27 1
8 29 -1
8 35 -1
8 37 1
8 40 -1
8 43 -1
8 46 1
8 56 -1
8 57 1
8 62 1
8 63 1
8 65 -1
8 71 -1
8 77 1
8 83 1
8 101 1
8 102 -1
8 105 1
8 109 -1
8 111 -1
8 117 1
8 118 1
8 120 -1
8 122 -1
8 123 1
8 128 -1
8 138 -1
8 140 -1
8 158 1
8 168 -1
8 170 1
8 174 1
8 175 1
8 181 -1
8 182 -1
8 185 -1
9 19 1
9 20 -1
9 26 -1
9 28 1
9 29 1
9 31 1
9 42 -1
9 43 1
9 49 -1
9 60 1
9 68 1
9 69 1
9 71 1
9 76 1
9 95 -1
9 102 1
9 110 1
9 113 1
9 128 1
9 131 1
9 143 -1
9 144 -1
9 145 1
9 146 1
9 151 -1
9 152 1
9 153 1
9 166 -1
9 168 1
9 173 -1
9 180 1
9 182 1
9 186 -1
9 187 1
10 11 1
10 12 -1
10 21 1
10 23 -1
10 27 1
10 40 1
10 46 1
10 57 1
10 62 1
10 63 1
10 67 1
10 77 1
10 78 -1
10 81 -1
10 83 1
10 84 -1
10 86 -1
10 93 -1
10 95 -1
10 102 -1
10 104 -1
10 105 1
10 118 1
10 119 -1
10 121 -1
10 123 1
10 127 -1
10 128 -1
10 136 1
10 158 1
10 164 -1
10 166 -1
10 170 1
10 171 -1
10 175 1
10 176 -1
10 182 -1
11 13 -1
11 21 1
11 27 1
11 33 1
11 39 -1
11 40 1
11 41 -1
11 43 -1
11 46 1
11 52 -1
11 54 -1
11 57 1
11 62 1
11 63 1
11 67 1
11 77 1
11 83 1
11 89 -1
11 90 -1
11 95 -1
11 105 1
11 110 -1
11 118 1
11 123 1
11 136 1
11 137 -1
11 149 -1
11 151 -1
11 158 1
11 159 -1
11 164 -1
11 169 -1
11 170 -1
11 175 1
11 188 -1
12 17 1
12 19 -1
12 28 -1
12 36 -1
12 38 1
12 41 -1
12 47 1
12 49 1
12 54 -1
12 60 -1
12 61 1
12 64 -1
12 67 -1
12 70 -1
12 72 -1
12 73 1
12 76 -1
12 79 -1
12 81 -1
12 82 1
12 92 1
12 96 -1
12 98 1
12 106 1
12 108 1
12 112 1
12 118 -1
12 122 1
12 129 1
12 131 -1
12 137 -1
12 163 1
12 179 -1
12 186 1
12 190 1
13 51 1
13 55 -1
13 56 1
13 59 1
13 64 -1
13 65 1
13 70 1
13 72 -1
13 74 1
13 75 1
13 83 -1
13 84 1
13 85 -1
13 87 1
13 91 1
13 94 1
13 103 1
13 106 -1
13 117 -1
13 134 -1
13 139 1
13 140 1
13 143 1
13 148 1
13 154 1
13 155 -1
13 171 -1
13 173 -1
13 178 1
13 179 -1
13 187 -1
13 189 1
14 16 -1
14 20 1
14 21 -1
14 34 -1
14 36 1
14 39 1
14 42 1
14 45 -1
14 48 -1
14 50 -1
14 58 1
14 65 -1
14 70 -1
14 81 -1
14 87 -1
14 89 1
14 90 -1
14 93 1
14 103 -1
14 108 -1
14 110 -1
14 115 1
14 125 -1
14 135 1
14 137 1
14 138 -1
14 141 1
14 142 -1
14 144 -1
14 151 -1
14 162 1
14 165 1
14 167 -1
14 169 1
14 173 1
14 179 -1
14 188 -1
15 16 1
15 25 1
15 29 1
15 30 1
15 31 1
15 42 -1
15 48 1
15 50 1
15 58 -1
15 60 1
15 70 -1
15 78 -1
15 80 -1
15 85 -1
15 89 -1
15 96 -1
15 100 1
15 107 1
15 113 1
15 116 -1
15 119 1
15 123 -1
15 128 -1
15 129 -1
15 131 1
15 133 -1
15 139 -1
15 140 -1
15 150 1
15 152 1
15 153 -1
15 154 -1
15 155 1
15 161 -1
15 172 1
16 19 -1
16 22 1
16 25 -1
16 30 1
16 32 1
16 40 -1
16 44 -1
16 48 1
16 50 1
16 54 1
16 55 -1
16 62 -1
16 71 -1
16 75 -1
16 79 -1
16 90 -1
16 96 1
16 100 1
16 113 -1
16 127 1
16 128 -1
16 130 1
16 139 -1
16 140 -1
16 149 1
16 150 1
16 155 1
16 158 -1
16 159 1
16 167 -1
16 172 1
17 23 -1
17 25 -1
17 34 -1
17 36 -1
17 38 1
17 47 1
17 49 1
17 50 -1
17 51 -1
17 61 1
17 64 -1
17 76 -1
17 82 1
17 92 1
17 93 -1
17 98 1
17 103 -1
17 106 1
17 108 1
17 112 1
17 113 -1
17 122 1
17 129 1
17 153 -1
17 164 -1
17 170 -1
17 176 -1
17 179 -1
17 186 1
17 189 -1
17 190 1
18 22 1
18 32 1
18 33 1
18 40 1
18 45 -1
18 51 -1
18 54 1
18 62 1
18 67 1
18 77 1
18 80 1
18 82 -1
18 94 -1
18 96 1
18 109 -1
18 111 -1
18 113 -1
18 114 1
18 115 -1
18 120 1
18 126 1
18 127 1
18 130 1
18 136 1
18 138 -1
18 149 1
18 159 1
18 168 -1
18 170 -1
18 172 -1
18 174 -1
18 175 1
18 182 -1
18 183 -1
18 184 -1
18 185 -1
19 24 -1
19 25 -1
19 26 -1
19 34 1
19 35 1
19 43 1
19 48 -1
19 52 1
19 54 -1
19 57 -1
19 66 -1
19 67 -1
19 68 1
19 69 1
19 71 1
19 76 1
19 78 1
19 80 -1
19 86 -1
19 88 -1
19 89 -1
19 95 -1
19 96 -1
19 102 1
19 110 1
19 115 -1
19 132 1
19 135 -1
19 137 -1
19 145 1
19 146 1
19 147 -1
19 153 1
19 157 -1
19 159 -1
19 161 -1
19 169 -1
19 172 -1
19 177 -1
19 183 1
19 187 1
20 32 -1
20 36 1
20 39 1
20 42 1
20 48 -1
20 51 -1
20 58 1
20 64 -1
20 79 -1
20 89 1
20 93 1
20 112 -1
20 115 1
20 124 -1
20 133 -1
20 135 1
20 136 -1
20 137 1
20 141 1
20 160 -1
20 161 -1
20 162 1
20 163 -1
20 165 1
20 169 1
20 170 -1
20 173 1
20 178 -1
20 179 -1
20 184 -1
21 24 1
21 27 1
21 29 -1
21 37 1
21 45 -1
21 46 1
21 47 -1
21 52 -1
21 57 1
21 58 -1
21 63 1
21 77 1
21 83 1
21 89 -1
21 92 -1
21 101 1
21 103 -1
21 105 1
21 117 1
21 118 1
21 120 -1
21 123 1
21 124 -1
21 134 1
21 138 1
21 139 -1
21 153 -1
21 157 1
21 158 1
21 169 -1
21 170 1
21 174 1
21 181 -1
21 186 -1
21 190 -1
22 24 -1
22 30 1
22 32 1
22 33 1
22 36 -1
22 45 -1
22 50 1
22 54 1
22 57 -1
22 58 -1
22 59 -1
22 60 -1
22 62 -1
22 66 -1
22 80 1
22 84 -1
22 90 -1
22 92 -1
22 96 1
22 100 1
22 105 -1
22 114 1
22 120 1
22 125 -1
22 126 1
22 127 1
22 130 1
22 136 1
22 143 -1
22 149 1
22 159 1
22 172 1
22 184 -1
22 190 -1
23 28 -1
23 37 -1
23 39 -1
23 45 1
23 55 -1
23 66 1
23 70 -1
23 73 -1
23 78 -1
23 80 -1
23 81 1
23 86 1
23 88 -1
23 107 -1
23 108 -1
23 117 -1
23 128 -1
23 135 1
23 137 1
23 141 1
23 142 -1
23 143 -1
23 146 -1
23 155 -1
23 161 1
23 162 1
23 164 -1
23 165 1
23 175 -1
23 181 1
23 184 -1
24 26 -1
24 29 -1
24 30 -1
24 37 1
24 39 -1
24 46 1
24 50 -1
24 54 -1
24 57 1
24 72 -1
24 79 1
24 83 1
24 91 -1
24 95 1
24 101 1
24 106 -1
24 117 1
24 120 -1
24 123 1
24 127 -1
24 134 1
24 137 -1
24 138 1
24 140 -1
24 147 1
24 151 1
24 156 1
24 157 1
24 158 -1
24 167 1
24 170 1
24 174 1
24 176 1
24 178 -1
24 179 -1
24 181 -1
24 185 1
25 28 1
25 29 1
25 30 1
25 31 1
25 32 -1
25 48 1
25 50 1
25 55 -1
25 60 1
25 66 -1
25 75 -1
25 76 -1
25 78 -1
25 96 -1
25 100 1
25 101 -1
25 107 1
25 113 1
25 119 1
25 122 -1
25 128 1
25 131 1
25 133 -1
25 137 -1
25 143 -1
25 150 1
25 152 1
25 155 1
25 162 -1
25 164 -1
25 166 -1
25 167 -1
25 168 1
25 172 1
25 180 1
25 182 1
25 189 -1
26 41 1
26 44 1
26 48 -1
26 52 -1
26 53 1
26 64 1
26 69 -1
26 70 -1
26 76 -1
26 85 1
26 86 -1
26 88 1
26 90 1
26 91 -1
26 93 -1
26 96 -1
26 100 -1
26 104 1
26 109 1
26 111 1
26 114 -1
26 116 1
26 124 1
26 130 -1
26 132 -1
26 133 1
26 138 -1
26 142 1
26 144 1
26 147 -1
26 155 -1
26 159 -1
26 166 1
26 167 -1
26 171 1
26 175 -1
26 177 1
26 179 1
26 184 -1
26 189 -1
27 29 -1
27 33 1
27 40 1
27 42 -1
27 46 1
27 54 -1
27 61 -1
27 62 1
27 63 1
27 67 1
27 72 -1
27 77 1
27 83 -1
27 86 -1
27 92 -1
27 97 -1
27 104 -1
27 105 1
27 114 1
27 118 1
27 120 1
27 121 -1
27 123 -1
27 127 -1
27 128 -1
27 129 -1
27 134 -1
27 136 1
27 138 -1
27 149 -1
27 156 -1
27 158 1
27 163 -1
27 170 -1
27 171 -1
27 175 1
28 29 1
28 31 1
28 33 -1
28 36 -1
28 42 -1
28 43 1
28 48 -1
28 60 1
28 64 -1
28 71 1
28 76 1
28 81 -1
28 84 -1
28 86 -1
28 98 -1
28 102 1
28 103 -1
28 107 1
28 110 1
28 113 1
28 117 -1
28 119 1
28 128 1
28 131 1
28 132 -1
28 145 1
28 146 1
28 151 -1
28 152 1
28 153 1
28 162 -1
28 168 1
28 180 1
28 182 1
28 187 1
29 31 1
29 41 -1
29 43 1
29 48 1
29 60 1
29 71 -1
29 75 -1
29 77 -1
29 83 -1
29 97 -1
29 102 1
29 107 1
29 109 -1
29 110 1
29 111 -1
29 112 -1
29 113 1
29 116 -1
29 119 1
29 125 -1
29 128 1
29 131 1
29 134 -1
29 139 -1
29 140 -1
29 145 1
29 146 1
29 152 1
29 155 1
29 156 -1
29 163 -1
29 168 1
29 177 -1
29 180 1
29 182 1
29 184 -1
29 188 -1
30 31 -1
30 32 1
30 48 1
30 50 1
30 52 -1
30 54 1
30 66 -1
30 75 -1
30 82 -1
30 96 1
30 97 -1
30 100 1
30 113 -1
30 119 -1
30 124 -1
30 127 1
30 130 1
30 149 1
30 150 1
30 151 -1
30 155 1
30 157 -1
30 159 1
30 168 -1
30 172 1
31 33 -1
31 36 -1
31 39 -1
31 41 -1
31 43 1
31 51 -1
31 59 -1
31 60 1
31 71 1
31 81 -1
31 102 1
31 103 -1
31 107 1
31 110 1
31 112 -1
31 113 1
31 119 1
31 124 -1
31 128 1
31 130 -1
31 131 1
31 138 -1
31 140 -1
31 145 1
31 146 1
31 152 1
31 155 1
31 168 1
31 170 -1
31 173 -1
31 180 1
31 182 1
31 184 -1
31 189 -1
32 45 -1
32 48 1
32 50 1
32 54 1
32 60 -1
32 62 -1
32 68 -1
32 80 1
32 96 1
32 100 1
32 105 -1
32 112 -1
32 120 1
32 123 -1
32 126 1
32 127 1
32 130 1
32 140 -1
32 149 1
32 150 1
32 159 1
32 161 -1
32 165 -1
32 168 -1
32 172 1
32 181 -1
32 184 -1
32 188 -1
33 40 1
33 44 -1
33 47 -1
33 54 1
33 57 -1
33 58 -1
33 59 -1
33 61 -1
33 62 1
33 67 1
33 71 -1
33 72 -1
33 75 -1
33 77 1
33 80 1
33 81 -1
33 82 -1
33 92 -1
33 96 1
33 100 -1
33 108 -1
33 109 -1
33 114 1
33 120 1
33 126 1
33 127 1
33 130 1
33 134 -1
33 136 1
33 148 -1
33 149 1
33 160 -1
33 175 1
33 182 -1
33 186 -1
34 35 1
34 51 1
34 52 1
34 56 1
34 59 1
34 65 -1
34 68 1
34 69 1
34 74 1
34 75 1
34 78 1
34 93 -1
34 94 1
34 97 1
34 103 1
34 130 -1
34 132 1
34 133 -1
34 143 1
34 144 -1
34 151 -1
34 152 -1
34 154 1
34 160 1
34 163 -1
34 178 -1
34 183 1
34 188 1
35 50 -1
35 52 1
35 56 1
35 60 -1
35 63 -1
35 64 -1
35 68 1
35 69 1
35 75 1
35 76 1
35 78 1
35 97 1
35 100 -1
35 101 -1
35 103 1
35 107 -1
35 111 -1
35 112 -1
35 116 -1
35 121 -1
35 132 1
35 137 -1
35 151 -1
35 153 1
35 160 1
35 174 -1
35 179 -1
35 183 1
35 187 1
35 188 1
36 39 1
36 46 -1
36 50 -1
36 53 -1
36 55 1
36 58 1
36 59 -1
36 65 -1
36 70 -1
36 72 1
36 76 -1
36 89 1
36 92 -1
36 93 1
36 99 1
36 102 -1
36 115 1
36 117 -1
36 121 1
36 125 1
36 137 -1
36 138 -1
36 142 -1
36 150 -1
36 156 -1
36 164 1
36 169 1
36 171 -1
36 173 1
36 174 -1
36 180 -1
36 184 1
36 185 1
37 38 -1
37 41 -1
37 46 1
37 50 -1
37 52 -1
37 57 1
37 63 1
37 72 -1
37 73 -1
37 80 -1
37 83 1
37 92 -1
37 95 1
37 101 1
37 103 -1
37 104 -1
37 105 1
37 110 -1
37 117 1
37 118 1
37 123 1
37 125 -1
37 132 -1
37 134 1
37 138 1
37 144 -1
37 147 1
37 151 1
37 157 1
37 158 1
37 166 -1
37 167 1
37 170 1
37 174 1
37 176 1
37 180 -1
37 183 -1
38 41 -1
38 47 1
38 49 1
38 54 -1
38 59 -1
38 61 1
38 74 -1
38 82 1
38 92 1
38 97 -1
38 98 1
38 106 1
38 108 1
38 122 1
38 129 1
38 156 -1
38 159 -1
38 174 -1
38 178 -1
38 186 1
38 190 1
39 42 1
39 56 -1
39 58 1
39 64 -1
39 72 1
39 84 -1
39 85 -1
39 89 1
39 90 -1
39 93 1
39 101 -1
39 105 -1
39 115 1
39 119 -1
39 125 -1
39 135 1
39 137 1
39 141 1
39 147 -1
39 154 -1
39 156 -1
39 165 1
39 169 1
39 173 1
39 190 -1
40 62 1
40 63 1
40 64 -1
40 67 1
40 72 -1
40 77 1
40 80 1
40 84 -1
40 86 -1
40 109 -1
40 111 -1
40 114 1
40 120 1
40 126 1
40 127 -1
40 130 -1
40 136 1
40 146 -1
40 149 1
40 151 -1
40 158 1
40 160 -1
40 162 -1
40 165 -1
40 175 1
41 47 -1
41 53 1
41 60 -1
41 64 1
41 73 -1
41 81 1
41 89 -1
41 90 1
41 104 1
41 106 -1
41 111 1
41 113 -1
41 114 -1
41 124 1
41 131 -1
41 133 1
41 144 1
41 166 1
41 171 1
41 174 -1
41 177 1
41 179 1
41 180 -1
41 181 1
41 188 -1
42 46 -1
42 58 1
42 61 -1
42 78 -1
42 79 -1
42 84 -1
42 85 -1
42 89 1
42 90 -1
42 91 -1
42 92 -1
42 93 1
42 101 -1
42 112 -1
42 115 1
42 117 -1
42 123 -1
42 126 -1
42 134 -1
42 135 1
42 137 1
42 141 1
42 146 -1
42 158 -1
42 162 1
42 165 1
42 167 -1
42 169 1
42 173 1
42 188 -1
42 190 -1
43 57 -1
43 60 1
43 68 1
43 69 1
43 71 1
43 76 1
43 84 -1
43 88 -1
43 100 -1
43 101 -1
43 102 1
43 106 -1
43 110 1
43 111 -1
43 113 1
43 116 -1
43 128 1
43 131 1
43 134 -1
43 145 1
43 146 1
43 152 1
43 153 1
43 154 -1
43 168 1
43 172 -1
43 173 -1
43 180 1
43 182 1
43 187 1
43 189 -1
44 57 -1
44 64 1
44 66 -1
44 69 -1
44 71 -1
44 82 -1
44 85 1
44 88 1
44 104 1
44 109 1
44 114 -1
44 116 1
44 121 -1
44 122 -1
44 124 1
44 133 1
44 137 -1
44 141 -1
44 142 1
44 145 -1
44 148 -1
44 149 -1
44 159 -1
44 169 -1
44 171 1
44 177 1
44 179 1
44 181 -1
44 185 -1
45 53 1
45 62 -1
45 66 1
45 81 1
45 86 1
45 94 -1
45 99 -1
45 124 -1
45 131 -1
45 135 1
45 137 1
45 141 1
45 142 -1
45 143 -1
45 155 -1
45 161 1
45 162 1
45 166 1
45 171 -1
45 177 -1
45 181 1
45 184 -1
46 47 -1
46 57 1
46 63 1
46 64 -1
46 71 -1
46 83 1
46 91 -1
46 99 -1
46 100 -1
46 101 1
46 105 1
46 117 1
46 118 1
46 121 -1
46 123 1
46 126 -1
46 130 -1
46 132 -1
46 134 1
46 138 1
46 155 -1
46 157 1
46 158 1
46 170 1
46 174 1
46 179 -1
47 49 1
47 50 -1
47 61 1
47 62 -1
47 69 -1
47 73 1
47 82 1
47 85 -1
47 92 1
47 98 1
47 101 -1
47 106 1
47 108 1
47 112 1
47 122 1
47 124 -1
47 129 1
47 131 -1
47 137 -1
47 146 -1
47 155 -1
47 163 -1
47 170 -1
47 172 -1
47 182 -1
47 186 1
47 190 1
48 50 1
48 54 -1
48 60 1
48 65 -1
48 73 -1
48 82 -1
48 89 -1
48 100 1
48 104 -1
48 106 -1
48 107 1
48 113 1
48 114 -1
48 119 1
48 131 1
48 135 -1
48 145 -1
48 146 -1
48 149 -1
48 150 1
48 152 1
48 155 1
48 157 -1
48 159 1
48 162 -1
48 166 -1
48 168 -1
48 172 1
48 179 -1
49 63 -1
49 65 1
49 70 1
49 71 -1
49 73 1
49 76 -1
49 83 -1
49 84 1
49 87 1
49 89 -1
49 91 1
49 92 1
49 98 1
49 105 -1
49 106 1
49 108 1
49 112 1
49 122 1
49 127 -1
49 137 -1
49 138 -1
49 140 1
49 148 -1
49 152 -1
49 161 -1
49 163 1
49 170 -1
49 177 -1
49 178 -1
49 181 -1
49 186 1
49 190 1
50 54 1
50 62 -1
50 69 -1
50 78 -1
50 88 -1
50 90 -1
50 93 -1
50 96 1
50 97 -1
50 99 -1
50 100 1
50 101 -1
50 102 -1
50 111 -1
50 112 -1
50 113 -1
50 119 -1
50 122 -1
50 127 1
50 130 1
50 135 -1
50 139 -1
50 143 -1
50 149 1
50 150 1
50 155 1
50 159 1
50 162 -1
50 172 1
50 174 -1
50 179 -1
50 189 -1
51 56 1
51 59 1
51 74 1
51 75 1
51 84 1
51 90 -1
51 91 1
51 94 1
51 97 1
51 98 -1
51 102 -1
51 103 1
51 111 -1
51 113 -1
51 117 -1
51 138 -1
51 139 1
51 143 1
51 148 1
51 154 1
51 160 1
51 170 -1
51 171 -1
51 172 -1
51 178 1
51 179 -1
51 180 -1
51 188 1
51 189 1
52 61 -1
52 64 -1
52 68 1
52 69 1
52 71 1
52 76 1
52 78 1
52 92 -1
52 97 1
52 98 -1
52 109 -1
52 129 -1
52 132 1
52 140 -1
52 146 1
52 152 -1
52 153 1
52 159 -1
52 160 1
52 163 -1
52 179 -1
52 181 -1
52 182 -1
52 183 1
52 184 -1
52 187 1
52 188 1
53 56 -1
53 69 -1
53 75 -1
53 79 -1
53 80 -1
53 81 1
53 86 1
53 90 1
53 95 -1
53 104 1
53 111 1
53 124 1
53 133 1
53 138 -1
53 139 -1
53 144 1
53 147 -1
53 150 -1
53 153 -1
53 161 1
53 166 1
53 167 -1
53 171 1
53 174 -1
53 176 -1
53 179 1
53 181 1
54 68 -1
54 77 -1
54 80 1
54 82 -1
54 90 -1
54 96 1
54 100 1
54 105 -1
54 114 1
54 115 -1
54 118 -1
54 120 1
54 126 1
54 127 1
54 129 -1
54 130 1
54 136 1
54 139 -1
54 149 1
54 151 -1
54 155 -1
54 159 1
54 164 -1
54 165 -1
54 168 -1
54 172 1
54 179 -1
55 62 -1
55 72 1
55 74 -1
55 79 1
55 81 -1
55 83 -1
55 84 -1
55 94 -1
55 95 1
55 99 1
55 102 -1
55 115 1
55 121 1
55 123 -1
55 125 1
55 126 -1
55 128 -1
55 134 -1
55 142 -1
55 147 1
55 151 1
55 156 1
55 161 -1
55 164 1
55 167 1
55 172 -1
55 176 1
55 177 -1
55 180 -1
55 184 1
55 185 1
56 59 1
56 74 1
56 75 1
56 85 -1
56 92 -1
56 94 1
56 97 1
56 103 1
56 125 -1
56 129 -1
56 132 1
56 139 1
56 140 -1
56 143 1
56 148 1
56 154 1
56 160 1
56 168 -1
56 177 -1
56 178 1
56 183 1
56 187 -1
56 188 1
56 189 1
57 60 -1
57 63 1
57 67 -1
57 73 -1
57 83 1
57 85 -1
57 89 -1
57 93 -1
57 94 -1
57 101 1
57 102 -1
57 105 1
57 117 1
57 118 1
57 123 1
57 134 1
57 136 -1
57 138 1
57 147 1
57 151 1
57 154 -1
57 157 1
57 158 1
57 169 -1
57 170 1
57 174 1
57 175 -1
57 176 -1
57 181 -1
57 184 -1
58 62 -1
58 78 -1
58 81 -1
58 82 -1
58 84 -1
58 89 1
58 93 1
58 108 -1
58 115 1
58 118 -1
58 128 -1
58 133 -1
58 134 -1
58 135 1
58 137 1
58 141 1
58 142 -1
58 151 -1
58 155 -1
58 156 -1
58 157 -1
58 161 -1
58 162 1
58 165 1
58 168 -1
58 169 1
58 173 1
58 183 -1
58 185 -1
59 66 -1
59 74 1
59 75 1
59 77 -1
59 85 -1
59 91 1
59 94 1
59 97 1
59 103 1
59 126 -1
59 127 -1
59 128 -1
59 130 -1
59 132 1
59 139 1
59 141 -1
59 143 1
59 148 1
59 152 -1
59 153 -1
59 154 1
59 157 -1
59 160 1
59 166 -1
59 172 -1
59 178 1
59 186 -1
59 188 1
59 189 1
60 68 -1
60 83 -1
60 91 -1
60 94 -1
60 102 1
60 107 1
60 110 1
60 113 1
60 117 -1
60 119 1
60 120 -1
60 128 1
60 130 -1
60 131 1
60 145 1
60 146 1
60 152 1
60 155 1
60 157 -1
60 164 -1
60 165 -1
60 168 1
60 175 -1
60 180 1
60 181 -1
60 182 1
60 189 -1
61 67 -1
61 76 -1
61 77 -1
61 78 -1
61 82 1
61 88 -1
61 89 -1
61 92 1
61 101 -1
61 106 1
61 108 1
61 109 -1
61 122 1
61 129 1
61 134 -1
61 157 -1
61 162 -1
61 169 -1
61 175 -1
61 184 -1
61 186 1
61 190 1
62 63 1
62 66 -1
62 67 1
62 71 -1
62 77 1
62 80 1
62 85 -1
62 86 -1
62 87 -1
62 88 -1
62 97 -1
62 105 1
62 114 1
62 118 1
62 120 1
62 126 1
62 136 1
62 138 -1
62 142 -1
62 151 -1
62 158 1
62 165 -1
62 175 1
62 180 -1
63 65 -1
63 67 1
63 69 -1
63 76 -1
63 77 1
63 79 -1
63 83 1
63 89 -1
63 104 -1
63 105 1
63 117 -1
63 118 1
63 123 1
63 136 1
63 140 -1
63 142 -1
63 156 -1
63 158 1
63 161 -1
63 166 -1
63 170 1
63 175 1
63 184 -1
63 186 -1
64 67 -1
64 77 -1
64 82 -1
64 85 1
64 88 1
64 90 1
64 97 -1
64 98 -1
64 104 1
64 109 1
64 116 1
64 124 1
64 130 -1
64 132 -1
64 133 1
64 137 -1
64 138 -1
64 141 -1
64 142 1
64 153 -1
64 155 -1
64 157 -1
64 171 1
64 177 1
64 179 1
64 181 -1
65 69 -1
65 70 1
65 73 1
65 77 -1
65 78 -1
65 83 -1
65 84 1
65 87 1
65 91 1
65 97 -1
65 98 1
65 101 -1
65 102 -1
65 103 -1
65 108 -1
65 112 1
65 122 1
65 124 -1
65 130 -1
65 139 1
65 140 1
65 143 -1
65 148 1
65 163 1
65 164 -1
65 178 1
65 184 -1
65 188 -1
65 189 1
66 77 -1
66 81 1
66 86 1
66 89 -1
66 94 -1
66 95 -1
66 102 -1
66 105 -1
66 112 -1
66 126 -1
66 129 -1
66 135 1
66 137 1
66 141 1
66 153 -1
66 157 -1
66 161 1
66 162 1
66 165 1
66 181 1
66 184 -1
67 71 -1
67 77 1
67 80 1
67 95 -1
67 101 -1
67 105 -1
67 114 1
67 116 -1
67 118 -1
67 120 1
67 126 1
67 136 1
67 141 -1
67 147 -1
67 149 1
67 158 1
67 164 -1
67 175 1
67 176 -1
67 186 -1
67 188 -1
68 69 1
68 71 1
68 76 1
68 78 1
68 86 -1
68 98 -1
68 102 1
68 108 -1
68 110 1
68 114 -1
68 124 -1
68 127 -1
68 132 1
68 133 -1
68 145 1
68 146 1
68 153 1
68 154 -1
68 156 -1
68 183 1
68 186 -1
68 187 1
68 188 -1
69 71 1
69 75 -1
69 76 1
69 78 1
69 82 -1
69 84 -1
69 86 -1
69 95 -1
69 98 -1
69 102 1
69 110 1
69 112 -1
69 129 -1
69 132 1
69 140 -1
69 145 1
69 146 1
69 147 -1
69 153 1
69 156 -1
69 162 -1
69 163 -1
69 175 -1
69 183 1
69 187 1
69 188 -1
69 189 -1
70 73 1
70 84 1
70 87 1
70 91 1
70 92 -1
70 97 -1
70 98 1
70 112 1
70 117 -1
70 118 -1
70 122 1
70 124 -1
70 134 -1
70 139 1
70 140 1
70 141 -1
70 148 1
70 163 1
70 178 1
70 189 1
71 76 1
71 78 1
71 79 -1
71 84 -1
71 102 1
71 103 -1
71 109 -1
71 110 1
71 111 -1
71 128 1
71 132 -1
71 133 -1
71 139 -1
71 145 1
71 146 1
71 151 -1
71 153 1
71 164 -1
71 168 1
71 169 -1
71 178 -1
71 180 1
71 181 -1
71 182 1
71 183 1
71 185 -1
71 187 1
72 74 -1
72 79 1
72 89 1
72 93 1
72 99 1
72 101 -1
72 115 1
72 117 -1
72 121 1
72 125 1
72 129 -1
72 147 -1
72 156 1
72 157 -1
72 164 1
72 181 -1
72 184 1
72 185 1
73 76 -1
73 84 1
73 87 1
73 88 -1
73 91 1
73 92 1
73 98 1
73 100 -1
73 104 -1
73 106 1
73 108 1
73 112 1
73 120 -1
73 122 1
73 140 1
73 146 -1
73 150 -1
73 155 -1
73 158 -1
73 163 1
73 164 -1
73 173 -1
73 184 -1
73 186 1
73 190 1
74 75 1
74 84 1
74 91 1
74 92 -1
74 93 -1
74 94 1
74 97 1
74 103 1
74 122 -1
74 123 -1
74 126 -1
74 136 -1
74 139 1
74 143 1
74 148 1
74 154 1
74 160 1
74 169 -1
74 174 -1
74 178 1
74 180 -1
74 188 1
74 189 1
75 86 -1
75 92 -1
75 94 1
75 97 1
75 98 -1
75 103 1
75 107 -1
75 112 -1
75 126 -1
75 132 1
75 139 1
75 143 1
75 151 -1
75 154 1
75 160 1
75 164 -1
75 172 -1
75 178 1
75 183 1
75 187 -1
75 188 1
75 189 1
76 77 -1
76 78 1
76 80 -1
76 100 -1
76 102 1
76 110 1
76 113 -1
76 122 -1
76 128 1
76 134 -1
76 142 -1
76 145 1
76 146 1
76 148 -1
76 149 -1
76 153 1
76 161 -1
76 167 -1
76 168 1
76 172 -1
76 180 1
76 182 1
76 183 1
76 186 -1
76 187 1
77 91 -1
77 93 -1
77 95 -1
77 97 -1
77 103 -1
77 105 1
77 106 -1
77 109 -1
77 114 1
77 118 1
77 120 1
77 123 -1
77 126 -1
77 136 1
77 137 -1
77 155 -1
77 157 -1
77 158 1
77 164 -1
77 170 -1
77 175 1
77 183 -1
77 186 -1
77 188 -1
77 189 -1
78 79 -1
78 80 -1
78 97 1
78 99 -1
78 103 -1
78 104 -1
78 128 -1
78 132 1
78 133 -1
78 134 -1
78 143 -1
78 153 1
78 160 1
78 183 1
78 187 1
78 188 1
79 82 -1
79 92 -1
79 95 1
79 99 1
79 100 -1
79 108 -1
79 117 1
79 121 1
79 125 1
79 134 1
79 138 1
79 147 1
79 148 -1
79 151 1
79 155 -1
79 156 1
79 157 1
79 163 -1
79 164 1
79 167 1
79 174 1
79 176 1
79 184 1
79 185 1
80 85 -1
80 95 -1
80 96 1
80 102 -1
80 108 -1
80 112 -1
80 114 1
80 117 -1
80 120 1
80 124 -1
80 125 -1
80 126 1
80 127 1
80 130 1
80 131 -1
80 136 1
80 141 -1
80 142 -1
80 146 -1
80 149 1
80 157 -1
80 159 1
80 161 -1
80 175 1
80 176 -1
80 187 -1
81 86 1
81 88 -1
81 90 1
81 104 1
81 111 1
81 114 -1
81 143 -1
81 144 1
81 161 1
81 166 1
81 168 -1
81 169 -1
81 173 -1
81 176 -1
81 179 1
81 181 1
81 185 -1
82 85 -1
82 87 -1
82 92 1
82 99 -1
82 104 -1
82 106 1
82 107 -1
82 108 1
82 114 -1
82 119 -1
82 129 1
82 133 -1
82 139 -1
82 147 -1
82 149 -1
82 156 -1
82 164 -1
82 165 -1
82 175 -1
82 182 -1
82 186 1
82 190 1
83 97 -1
83 99 -1
83 101 1
83 104 -1
83 105 1
83 117 1
83 118 1
83 123 1
83 133 -1
83 134 1
83 138 1
83 147 1
83 149 -1
83 151 1
83 157 1
83 158 1
83 170 1
83 174 1
83 176 1
84 85 -1
84 86 -1
84 87 1
84 91 1
84 98 1
84 99 -1
84 112 1
84 120 -1
84 122 1
84 126 -1
84 129 -1
84 133 -1
84 134 -1
84 139 1
84 140 1
84 143 1
84 144 -1
84 148 1
84 156 -1
84 163 1
84 170 -1
84 171 -1
84 178 1
84 180 -1
84 185 -1
84 189 1
85 86 -1
85 88 1
85 95 -1
85 100 -1
85 104 1
85 109 1
85 116 1
85 124 1
85 126 -1
85 127 -1
85 133 1
85 141 -1
85 142 1
85 150 -1
85 152 -1
85 160 -1
85 171 1
85 177 1
85 178 -1
85 179 1
85 185 -1
86 88 -1
86 90 -1
86 96 -1
86 108 -1
86 111 1
86 124 -1
86 126 -1
86 128 -1
86 135 1
86 141 1
86 144 1
86 145 -1
86 153 -1
86 157 -1
86 161 1
86 162 1
86 165 -1
86 166 1
86 172 -1
86 181 1
86 188 -1
87 91 1
87 92 1
87 98 1
87 99 -1
87 106 1
87 112 1
87 121 -1
87 122 1
87 127 -1
87 138 -1
87 140 1
87 141 -1
87 148 1
87 151 -1
87 163 1
87 166 -1
87 178 1
87 186 1
87 189 1
87 190 1
88 104 1
88 108 -1
88 109 1
88 116 1
88 124 1
88 127 -1
88 133 1
88 141 -1
88 142 1
88 143 -1
88 160 -1
88 171 1
88 177 1
88 179 1
88 182 -1
89 93 1
89 95 -1
89 99 1
89 105 -1
89 113 -1
89 115 1
89 120 -1
89 121 1
89 125 1
89 137 1
89 147 -1
89 161 -1
89 162 -1
89 165 1
89 169 1
89 170 -1
89 173 1
89 176 -1
89 179 -1
89 183 -1
89 184 1
90 94 -1
90 101 -1
90 104 1
90 108 -1
90 111 1
90 118 -1
90 123 -1
90 124 1
90 133 1
90 144 1
90 166 1
90 168 -1
90 171 1
90 172 -1
90 175 -1
90 177 1
90 179 1
90 181 1
91 98 1
91 105 -1
91 106 -1
91 109 -1
91 112 1
91 119 -1
91 122 1
91 125 -1
91 135 -1
91 139 1
91 140 1
91 143 1
91 148 1
91 154 1
91 163 1
91 168 -1
91 178 1
91 181 -1
91 189 1
92 98 1
92 100 -1
92 102 -1
92 106 1
92 108 1
92 112 1
92 122 1
92 129 1
92 131 -1
92 134 -1
92 135 -1
92 145 -1
92 148 -1
92 149 -1
92 156 -1
92 163 1
92 167 -1
92 173 -1
92 178 -1
92 184 -1
92 186 1
92 188 -1
92 190 1
93 99 1
93 102 -1
93 110 -1
93 112 -1
93 115 1
93 121 1
93 125 1
93 130 -1
93 137 1
93 141 1
93 150 -1
93 153 -1
93 161 -1
93 165 1
93 169 1
93 173 1
93 184 1
94 97 1
94 98 -1
94 103 1
94 127 -1
94 132 1
94 139 1
94 143 1
94 144 -1
94 148 1
94 154 1
94 160 1
94 171 -1
94 174 -1
94 178 1
94 186 -1
94 188 1
94 189 1
95 96 -1
95 99 1
95 100 -1
95 101 1
95 110 -1
95 114 -1
95 116 -1
95 117 1
95 119 -1
95 121 1
95 125 1
95 126 -1
95 134 1
95 138 1
95 144 -1
95 147 1
95 151 1
95 153 -1
95 156 1
95 157 1
95 164 1
95 167 1
95 170 1
95 174 1
95 176 1
95 184 1
95 185 1
95 188 -1
96 100 1
96 111 -1
96 112 -1
96 114 1
96 116 -1
96 117 -1
96 119 -1
96 120 1
96 126 1
96 127 1
96 130 1
96 134 -1
96 135 -1
96 137 -1
96 149 1
96 150 1
96 154 -1
96 159 1
96 162 -1
96 172 1
96 181 -1
96 187 -1
97 103 1
97 113 -1
97 114 -1
97 130 -1
97 132 1
97 139 1
97 143 1
97 154 1
97 158 -1
97 160 1
97 168 -1
97 176 -1
97 183 1
97 188 1
98 105 -1
98 106 1
98 108 1
98 112 1
98 116 -1
98 122 1
98 133 -1
98 140 1
98 150 -1
98 163 1
98 164 -1
98 165 -1
98 170 -1
98 172 -1
98 176 -1
98 186 1
98 190 1
99 105 -1
99 115 1
99 121 1
99 125 1
99 135 -1
99 154 -1
99 156 1
99 164 1
99 165 -1
99 166 -1
99 167 1
99 170 -1
99 172 -1
99 176 1
99 184 1
99 185 1
99 186 -1
100 105 -1
100 107 1
100 116 -1
100 119 1
100 127 1
100 130 1
100 136 -1
100 142 -1
100 150 1
100 154 -1
100 155 1
100 159 1
100 160 -1
100 167 -1
100 170 -1
100 172 1
100 176 -1
100 180 -1
101 105 1
101 112 -1
101 117 1
101 118 1
101 123 1
101 131 -1
101 134 1
101 137 -1
101 138 1
101 141 -1
101 147 1
101 151 1
101 157 1
101 158 1
101 167 1
101 170 1
101 174 1
101 175 -1
101 176 1
101 179 -1
101 184 -1
102 110 1
102 113 1
102 119 -1
102 128 1
102 131 1
102 135 -1
102 144 -1
102 145 1
102 146 1
102 152 1
102 153 1
102 155 -1
102 161 -1
102 168 1
102 169 -1
102 170 -1
102 178 -1
102 179 -1
102 180 1
102 181 -1
102 182 1
102 187 1
103 104 -1
103 112 -1
103 132 1
103 139 1
103 142 -1
103 143 1
103 154 1
103 160 1
103 169 -1
103 178 1
103 183 1
103 188 1
103 189 1
104 106 -1
104 109 1
104 111 1
104 116 1
104 124 1
104 132 -1
104 133 1
104 142 1
104 143 -1
104 144 1
104 145 -1
104 146 -1
104 147 -1
104 166 1
104 167 -1
104 171 1
104 177 1
104 179 1
104 182 -1
105 113 -1
105 114 -1
105 115 -1
105 117 1
105 118 1
105 121 -1
105 123 1
105 124 -1
105 134 1
105 137 -1
105 138 -1
105 151 -1
105 155 -1
105 157 1
105 158 1
105 159 -1
105 160 -1
105 170 1
105 174 1
105 175 1
106 107 -1
106 108 1
106 110 -1
106 112 1
106 117 -1
106 118 -1
106 122 1
106 129 1
106 162 -1
106 163 1
106 169 -1
106 170 -1
106 173 -1
106 186 1
106 190 1
107 113 1
107 114 -1
107 119 1
107 121 -1
107 124 -1
107 128 1
107 129 -1
107 131 1
107 137 -1
107 140 -1
107 149 -1
107 150 1
107 152 1
107 155 1
107 156 -1
107 157 -1
107 163 -1
107 168 1
107 170 -1
107 172 1
107 173 -1
107 180 1
107 182 1
107 186 -1
108 112 1
108 115 -1
108 119 -1
108 122 1
108 124 -1
108 129 1
108 139 -1
108 141 -1
108 158 -1
108 177 -1
108 185 -1
108 186 1
108 187 -1
108 190 1
109 116 1
109 124 1
109 125 -1
109 133 1
109 142 1
109 151 -1
109 171 1
109 172 -1
109 176 -1
109 177 1
109 178 -1
109 179 1
110 113 1
110 122 -1
110 125 -1
110 128 1
110 131 1
110 145 1
110 146 1
110 149 -1
110 151 -1
110 152 1
110 153 1
110 165 -1
110 168 1
110 180 1
110 182 1
110 184 -1
110 185 -1
110 187 1
111 112 -1
111 113 -1
111 116 -1
111 124 1
111 126 -1
111 133 1
111 144 1
111 145 -1
111 156 -1
111 166 1
111 171 1
111 174 -1
111 179 1
111 181 1
112 114 -1
112 122 1
112 127 -1
112 133 -1
112 137 -1
112 139 -1
112 140 1
112 141 -1
112 148 -1
112 163 1
112 166 -1
112 184 -1
112 186 1
112 188 -1
112 190 1
113 117 -1
113 119 1
113 128 1
113 131 1
113 143 -1
113 145 1
113 146 1
113 147 -1
113 148 -1
113 152 1
113 155 1
113 157 -1
113 159 -1
113 166 -1
113 168 1
113 170 -1
113 171 -1
113 175 -1
113 180 1
113 182 1
113 189 -1
114 118 -1
114 120 1
114 123 -1
114 126 1
114 127 1
114 130 1
114 136 1
114 139 -1
114 140 -1
114 141 -1
114 149 1
114 167 -1
114 175 1
114 185 -1
115 121 1
115 125 1
115 132 -1
115 136 -1
115 138 -1
115 142 -1
115 164 1
115 167 -1
115 169 1
115 173 1
115 181 -1
115 184 1
115 185 1
115 186 -1
115 188 -1
116 124 1
116 126 -1
116 131 -1
116 133 1
116 135 -1
116 142 1
116 158 -1
116 171 1
116 177 1
116 179 1
117 118 1
117 123 1
117 128 -1
117 131 -1
117 134 1
117 138 1
117 141 -1
117 145 -1
117 146 -1
117 147 1
117 148 -1
117 151 1
117 156 1
117 157 1
117 167 1
117 170 1
117 174 1
117 176 1
117 177 -1
117 182 -1
118 123 1
118 134 1
118 138 1
118 140 -1
118 142 -1
118 157 1
118 158 1
118 170 1
118 174 1
118 178 -1
119 124 -1
119 126 -1
119 128 1
119 131 1
119 150 1
119 152 1
119 155 1
119 156 -1
119 159 -1
119 168 1
119 169 -1
119 172 1
119 175 -1
119 180 1
119 181 -1
119 182 1
119 188 -1
120 126 1
120 127 1
120 129 -1
120 130 1
120 135 -1
120 136 1
120 137 -1
120 149 1
120 150 -1
120 159 1
120 163 -1
120 164 -1
120 167 -1
120 169 -1
120 175 1
120 190 -1
121 123 -1
121 125 1
121 139 -1
121 145 -1
121 152 -1
121 156 1
121 164 1
121 167 1
121 176 1
121 178 -1
121 184 1
121 185 1
122 128 -1
122 129 1
122 137 -1
122 139 -1
122 140 1
122 153 -1
122 163 1
122 180 -1
122 186 1
122 190 1
123 124 -1
123 134 1
123 138 1
123 139 -1
123 140 -1
123 147 1
123 151 1
123 157 1
123 158 1
123 170 1
123 174 1
123 177 -1
123 178 -1
123 184 -1
123 187 -1
124 125 -1
124 133 1
124 142 1
124 144 1
124 145 -1
124 148 -1
124 152 -1
124 153 -1
124 155 -1
124 157 -1
124 166 1
124 167 -1
124 168 -1
124 171 1
124 177 1
124 179 1
124 181 -1
125 127 -1
125 135 -1
125 137 -1
125 139 -1
125 145 -1
125 147 -1
125 153 -1
125 155 -1
125 156 1
125 159 -1
125 163 -1
125 164 1
125 167 1
125 170 -1
125 181 -1
125 184 1
125 185 1
126 127 1
126 130 1
126 136 1
126 141 -1
126 143 -1
126 149 1
126 159 1
126 166 -1
126 175 1
126 183 -1
126 189 -1
126 190 -1
127 130 1
127 132 -1
127 136 -1
127 138 -1
127 142 -1
127 149 1
127 153 -1
127 157 -1
127 158 -1
127 159 1
127 172 1
127 175 -1
127 186 -1
128 131 1
128 143 -1
128 145 1
128 146 1
128 148 -1
128 152 1
128 153 1
128 155 -1
128 164 -1
128 165 -1
128 168 1
128 172 -1
128 177 -1
128 180 1
128 181 -1
128 182 1
128 187 1
128 188 -1
129 156 -1
129 174 -1
129 186 1
129 189 -1
129 190 1
130 146 -1
130 149 1
130 156 -1
130 159 1
130 172 1
130 174 -1
130 176 -1
130 182 -1
131 145 1
131 150 1
131 152 1
131 155 1
131 158 -1
131 164 -1
131 167 -1
131 168 1
131 172 -1
131 180 1
131 181 -1
131 182 1
132 142 -1
132 151 -1
132 154 1
132 160 1
132 173 -1
132 174 -1
132 175 -1
132 183 1
132 188 1
133 142 1
133 144 1
133 147 -1
133 162 -1
133 166 1
133 168 -1
133 171 1
133 176 -1
133 177 1
133 179 1
134 138 1
134 145 -1
134 147 1
134 151 1
134 156 1
134 157 1
134 164 -1
134 167 1
134 170 1
134 174 1
134 176 1
134 184 -1
134 185 1
135 136 -1
135 137 1
135 141 1
135 148 -1
135 161 1
135 162 1
135 164 -1
135 165 1
135 169 1
135 173 1
135 181 1
136 143 -1
136 149 1
136 150 -1
136 152 -1
136 158 1
136 169 -1
136 170 -1
136 171 -1
136 175 1
136 179 -1
136 183 -1
136 184 -1
136 188 -1
137 141 1
137 161 1
137 162 1
137 165 1
137 169 1
137 173 1
137 176 -1
137 181 -1
137 184 -1
138 143 -1
138 147 1
138 151 1
138 156 1
138 157 1
138 167 1
138 170 1
138 174 1
138 176 1
138 185 1
139 140 1
139 143 1
139 148 1
139 154 1
139 160 1
139 178 1
139 186 -1
139 188 1
139 189 1
140 148 1
140 153 -1
140 154 -1
140 163 1
140 166 -1
140 178 1
140 187 -1
140 189 1
141 144 -1
141 148 -1
141 149 -1
141 161 1
141 162 1
141 164 -1
141 165 1
141 169 1
141 173 1
141 176 -1
141 187 -1
142 160 -1
142 168 -1
142 171 1
142 177 1
142 179 1
142 184 -1
143 148 1
143 149 -1
143 153 -1
143 154 1
143 160 1
143 170 -1
143 178 1
143 181 -1
143 187 -1
143 188 1
143 189 1
144 151 -1
144 158 -1
144 166 1
144 171 1
144 174 -1
144 177 1
144 179 1
144 181 1
144 184 -1
145 146 1
145 151 -1
145 152 1
145 153 1
145 155 -1
145 156 -1
145 165 -1
145 168 1
145 177 -1
145 179 -1
145 180 1
145 182 1
145 185 -1
145 187 1
146 148 -1
146 152 1
146 153 1
146 157 -1
146 168 1
146 177 -1
146 180 1
146 181 -1
146 182 1
146 187 1
147 151 1
147 154 -1
147 155 -1
147 156 1
147 157 1
147 158 -1
147 164 1
147 167 1
147 170 1
147 172 -1
147 174 1
147 176 1
147 177 -1
147 184 -1
147 185 1
147 189 -1
147 190 -1
148 154 1
148 163 1
148 165 -1
148 178 1
148 184 -1
148 186 -1
148 188 -1
148 189 1
148 190 -1
149 156 -1
149 157 -1
149 159 1
149 169 -1
149 175 -1
149 180 -1
150 155 1
150 159 1
150 162 -1
150 171 -1
150 172 1
150 174 -1
150 179 -1
151 156 1
151 157 1
151 164 1
151 167 1
151 169 -1
151 170 1
151 174 1
151 176 1
151 185 1
151 186 -1
151 188 -1
152 153 -1
152 155 1
152 166 -1
152 168 1
152 180 1
152 182 1
152 186 -1
153 162 -1
153 167 -1
153 168 1
153 174 -1
153 180 1
153 182 1
153 183 1
153 187 1
153 190 -1
154 160 1
154 169 -1
154 178 1
154 188 1
154 189 1
155 165 -1
155 169 -1
155 172 1
155 175 -1
155 184 -1
156 157 1
156 163 -1
156 164 1
156 167 1
156 170 -1
156 176 1
156 184 1
156 185 1
157 166 -1
157 167 1
157 170 1
157 172 -1
157 174 1
157 176 1
157 185 -1
157 188 -1
158 170 1
158 175 1
158 176 -1
158 181 -1
159 161 -1
159 171 -1
159 172 1
159 177 -1
160 168 -1
160 183 1
160 188 1
161 162 1
161 165 1
161 174 -1
161 181 1
161 184 -1
162 163 -1
162 165 1
162 168 -1
162 169 1
162 173 1
162 181 1
163 170 -1
163 179 -1
163 186 1
163 190 1
164 167 1
164 168 -1
164 176 1
164 181 -1
164 184 1
164 185 1
165 166 -1
165 169 1
165 173 1
166 171 1
166 178 -1
166 179 1
166 181 1
166 187 -1
166 188 -1
166 189 -1
167 170 1
167 174 1
167 176 1
167 178 -1
167 180 -1
167 184 1
167 185 1
168 172 -1
168 173 -1
168 180 1
168 182 1
168 187 1
169 173 1
169 175 -1
169 180 -1
169 183 -1
170 174 1
170 176 1
170 183 -1
170 190 -1
171 177 1
171 179 1
173 187 -1
174 176 1
174 188 -1
175 176 -1
175 187 -1
175 190 -1
176 185 1
177 179 1
177 182 -1
177 187 -1
178 180 -1
178 186 -1
178 189 1
178 190 -1
180 182 1
180 183 -1
180 187 1
180 190 -1
181 182 -1
182 187 1
183 186 -1
183 187 1
183 188 1
184 185 1
185 186 -1
185 188 -1
185 189 -1
186 190 1
187 188 -1
