vertices: 150 edges: 5719
1 3 1
1 6 -1
1 10 -1
1 12 -1
1 13 -1
1 14 -1
1 16 1
1 17 1
1 18 1
1 20 1
1 21 1
1 23 1
1 25 1
1 26 1
1 28 -1
1 29 -1
1 30 1
1 33 -1
1 35 -1
1 36 1
1 38 -1
1 39 1
1 40 1
1 41 -1
1 42 1
1 43 -1
1 47 -1
1 48 -1
1 49 1
1 50 1
1 51 1
1 53 -1
1 54 -1
1 57 -1
1 58 -1
1 68 1
1 69 1
1 73 1
1 77 1
1 78 -1
1 79 1
1 80 -1
1 82 1
1 83 -1
1 85 -1
1 86 1
1 87 1
1 89 1
1 91 -1
1 93 1
1 95 1
1 98 1
1 99 -1
1 101 1
1 103 -1
1 104 -1
1 106 -1
1 108 -1
1 109 -1
1 110 1
1 111 1
1 115 1
1 116 1
1 118 1
1 119 1
1 120 -1
1 122 -1
1 123 -1
1 124 -1
1 126 1
1 128 1
1 130 1
1 132 1
1 133 -1
1 134 1
1 136 -1
1 138 -1
1 140 1
1 142 -1
1 143 1
1 144 -1
1 146 1
1 147 1
2 5 -1
2 6 1
2 7 -1
2 9 -1
2 14 1
2 16 1
2 17 1
2 20 -1
2 21 -1
2 22 1
2 23 -1
2 24 -1
2 25 1
2 29 1
2 31 -1
2 32 1
2 33 1
2 37 -1
2 38 1
2 39 -1
2 42 -1
2 44 1
2 45 1
2 46 1
2 48 1
2 50 -1
2 51 -1
2 54 1
2 55 1
2 56 1
2 58 1
2 60 1
2 61 1
2 62 -1
2 63 1
2 66 -1
2 68 -1
2 69 1
2 70 1
2 72 1
2 76 1
2 77 -1
2 78 1
2 80 1
2 81 -1
2 84 1
2 85 1
2 86 1
2 87 -1
2 88 -1
2 89 1
2 92 1
2 94 -1
2 95 1
2 96 1
2 105 1
2 106 -1
2 107 1
2 111 1
2 112 -1
2 113 -1
2 115 -1
2 116 1
2 118 -1
2 120 1
2 121 -1
2 122 1
2 123 -1
2 125 -1
2 126 1
2 127 -1
2 128 1
2 129 -1
2 134 -1
2 135 1
2 136 1
2 139 1
2 140 1
2 142 1
2 144 1
3 4 -1
3 8 -1
3 14 -1
3 15 -1
3 16 1
3 17 1
3 18 1
3 21 1
3 23 1
3 25 1
3 28 -1
3 30 1
3 32 -1
3 36 1
3 37 -1
3 38 -1
3 40 1
3 41 -1
3 42 1
3 43 -1
3 47 -1
3 49 1
3 50 -1
3 51 1
3 53 -1
3 54 -1
3 56 -1
3 66 -1
3 69 1
3 70 -1
3 72 -1
3 73 1
3 75 -1
3 76 -1
3 77 1
3 78 1
3 79 1
3 80 -1
3 81 -1
3 82 1
3 84 -1
3 86 1
3 87 1
3 88 -1
3 89 1
3 91 -1
3 92 1
3 93 1
3 94 -1
3 95 1
3 96 -1
3 98 1
3 101 1
3 107 1
3 108 -1
3 110 1
3 111 1
3 112 -1
3 115 1
3 116 1
3 117 -1
3 118 1
3 119 1
3 126 1
3 128 1
3 130 1
3 132 1
3 134 1
3 135 1
3 140 1
3 141 -1
3 143 1
3 144 -1
3 145 -1
3 146 1
3 148 -1
3 150 -1
4 5 1
4 7 1
4 10 -1
4 11 -1
4 13 1
4 15 1
4 16 -1
4 18 -1
4 19 -1
4 20 1
4 22 -1
4 26 1
4 30 -1
4 33 -1
4 34 1
4 35 1
4 38 -1
4 39 1
4 41 1
4 42 -1
4 43 -1
4 45 -1
4 47 1
4 48 -1
4 49 -1
4 52 -1
4 57 1
4 60 -1
4 61 -1
4 64 1
4 66 -1
4 72 -1
4 74 1
4 77 -1
4 79 -1
4 81 -1
4 82 -1
4 86 -1
4 88 -1
4 91 -1
4 93 -1
4 94 1
4 96 -1
4 97 1
4 99 1
4 100 1
4 102 -1
4 103 1
4 104 1
4 106 1
4 108 -1
4 109 1
4 113 -1
4 116 -1
4 118 -1
4 119 -1
4 121 -1
4 122 -1
4 124 -1
4 127 -1
4 129 -1
4 130 -1
4 131 1
4 135 -1
4 136 -1
4 137 1
4 138 1
4 139 -1
4 140 -1
4 145 -1
4 146 -1
4 147 -1
4 148 1
4 150 -1
5 7 1
5 9 -1
5 13 1
5 15 1
5 17 -1
5 20 1
5 21 -1
5 25 -1
5 26 1
5 28 -1
5 30 1
5 34 1
5 35 1
5 37 -1
5 38 -1
5 39 1
5 40 -1
5 41 1
5 42 -1
5 47 1
5 48 -1
5 50 1
5 52 -1
5 53 -1
5 56 -1
5 57 1
5 62 -1
5 64 1
5 68 1
5 70 -1
5 72 -1
5 74 1
5 79 -1
5 82 1
5 83 -1
5 86 -1
5 91 -1
5 92 -1
5 94 1
5 97 1
5 99 1
5 100 1
5 102 -1
5 103 1
5 104 1
5 106 1
5 109 1
5 110 -1
5 115 1
5 116 -1
5 118 -1
5 120 -1
5 121 -1
5 124 -1
5 130 -1
5 131 1
5 132 1
5 133 -1
5 134 -1
5 136 -1
5 137 1
5 138 1
5 139 -1
5 141 -1
5 142 -1
5 143 -1
5 144 -1
5 146 1
5 147 1
5 148 1
6 7 -1
6 9 -1
6 10 -1
6 13 -1
6 14 1
6 16 1
6 17 1
6 18 -1
6 19 -1
6 21 -1
6 22 1
6 23 -1
6 25 1
6 26 -1
6 29 1
6 30 -1
6 32 1
6 33 1
6 38 1
6 40 -1
6 41 -1
6 44 1
6 45 1
6 46 1
6 48 1
6 49 -1
6 52 -1
6 53 -1
6 54 1
6 55 1
6 56 1
6 57 -1
6 58 1
6 60 1
6 61 1
6 62 -1
6 63 1
6 66 -1
6 68 -1
6 69 1
6 70 1
6 71 -1
6 72 1
6 76 1
6 78 1
6 80 1
6 81 -1
6 84 1
6 85 1
6 86 1
6 89 1
6 90 -1
6 92 1
6 94 -1
6 95 1
6 96 1
6 99 -1
6 105 1
6 106 -1
6 107 1
6 111 1
6 112 -1
6 116 1
6 117 -1
6 118 -1
6 120 1
6 121 -1
6 122 1
6 123 -1
6 124 -1
6 126 1
6 127 -1
6 128 1
6 130 -1
6 132 -1
6 135 1
6 136 1
6 139 1
6 140 1
6 142 1
6 143 -1
6 144 1
6 148 -1
7 8 -1
7 10 -1
7 13 1
7 15 1
7 17 -1
7 18 -1
7 19 -1
7 20 1
7 26 1
7 28 -1
7 33 -1
7 34 1
7 35 1
7 38 -1
7 39 -1
7 41 1
7 42 -1
7 43 -1
7 47 1
7 49 -1
7 54 -1
7 55 -1
7 57 1
7 62 -1
7 64 1
7 71 -1
7 74 1
7 76 -1
7 78 -1
7 81 -1
7 84 -1
7 87 -1
7 92 -1
7 93 -1
7 94 1
7 96 -1
7 97 1
7 99 1
7 100 1
7 101 -1
7 103 1
7 104 1
7 105 -1
7 106 1
7 109 1
7 111 -1
7 116 -1
7 118 -1
7 123 -1
7 125 -1
7 131 1
7 132 -1
7 137 1
7 138 1
7 141 -1
7 147 -1
7 148 1
7 149 -1
8 9 1
8 10 1
8 11 1
8 12 1
8 14 -1
8 15 -1
8 16 -1
8 17 -1
8 19 1
8 21 -1
8 24 -1
8 31 -1
8 32 1
8 35 -1
8 36 -1
8 37 1
8 38 1
8 43 1
8 44 1
8 45 1
8 50 -1
8 51 -1
8 52 1
8 53 1
8 56 1
8 58 1
8 59 -1
8 60 -1
8 61 1
8 62 1
8 63 1
8 65 1
8 66 1
8 68 -1
8 69 -1
8 70 -1
8 71 1
8 75 1
8 76 1
8 78 -1
8 80 1
8 81 -1
8 83 1
8 84 1
8 86 -1
8 88 1
8 90 1
8 91 1
8 96 1
8 100 -1
8 102 1
8 103 -1
8 106 -1
8 109 -1
8 110 -1
8 112 1
8 113 1
8 114 1
8 117 1
8 118 -1
8 120 1
8 121 1
8 122 -1
8 124 -1
8 125 -1
8 127 1
8 129 1
8 133 1
8 135 -1
8 136 1
8 142 1
8 144 1
8 145 -1
8 150 1
9 10 1
9 11 1
9 12 1
9 14 -1
9 16 -1
9 17 -1
9 18 -1
9 19 1
9 21 -1
9 22 -1
9 23 -1
9 24 -1
9 25 -1
9 26 -1
9 27 1
9 28 -1
9 31 -1
9 32 -1
9 33 -1
9 34 -1
9 36 -1
9 37 1
9 43 1
9 52 1
9 53 1
9 59 1
9 62 1
9 63 -1
9 65 1
9 66 1
9 71 1
9 72 -1
9 74 -1
9 75 1
9 76 -1
9 80 -1
9 81 1
9 83 1
9 86 -1
9 87 -1
9 88 1
9 90 1
9 91 1
9 94 -1
9 95 -1
9 98 -1
9 102 1
9 104 -1
9 105 -1
9 108 1
9 112 1
9 113 1
9 114 1
9 116 -1
9 117 1
9 118 -1
9 121 1
9 123 1
9 124 1
9 125 1
9 126 -1
9 127 1
9 129 1
9 133 1
9 135 -1
9 137 -1
9 140 -1
9 141 1
9 142 -1
9 143 -1
9 144 -1
9 147 -1
9 149 1
9 150 1
10 11 1
10 12 1
10 16 -1
10 18 -1
10 19 1
10 22 -1
10 25 -1
10 27 1
10 29 -1
10 34 -1
10 37 1
10 38 1
10 43 1
10 49 -1
10 52 1
10 53 1
10 54 -1
10 55 -1
10 57 -1
10 59 1
10 62 1
10 64 -1
10 65 1
10 66 1
10 67 -1
10 71 1
10 75 1
10 76 -1
10 81 1
10 82 -1
10 83 1
10 84 -1
10 87 -1
10 88 1
10 90 1
10 91 1
10 92 -1
10 98 -1
10 99 -1
10 102 1
10 103 -1
10 108 1
10 110 -1
10 112 1
10 113 1
10 114 1
10 115 -1
10 117 1
10 120 -1
10 121 1
10 123 1
10 124 1
10 125 1
10 127 1
10 128 -1
10 129 1
10 133 1
10 136 -1
10 137 -1
10 141 1
10 144 -1
10 145 -1
10 148 -1
10 149 1
10 150 1
11 12 1
11 14 -1
11 19 1
11 24 1
11 25 -1
11 26 -1
11 27 1
11 31 -1
11 33 -1
11 37 1
11 41 -1
11 43 1
11 45 -1
11 47 -1
11 49 -1
11 50 -1
11 52 1
11 53 1
11 55 -1
11 57 -1
11 59 1
11 62 1
11 65 1
11 66 1
11 68 -1
11 71 1
11 72 -1
11 75 1
11 77 -1
11 81 1
11 82 -1
11 83 1
11 85 -1
11 88 1
11 90 1
11 91 1
11 97 -1
11 102 1
11 105 -1
11 108 1
11 109 -1
11 110 -1
11 112 1
11 113 1
11 114 1
11 115 -1
11 117 1
11 119 -1
11 120 -1
11 121 1
11 123 1
11 124 1
11 125 1
11 127 1
11 129 1
11 133 1
11 134 -1
11 137 -1
11 138 -1
11 141 1
11 142 -1
11 144 -1
11 146 -1
11 149 1
11 150 1
12 19 1
12 25 -1
12 27 -1
12 28 -1
12 35 -1
12 36 -1
12 37 1
12 38 1
12 43 1
12 44 1
12 45 1
12 46 -1
12 52 1
12 53 1
12 56 -1
12 58 1
12 59 1
12 60 -1
12 61 -1
12 62 1
12 63 -1
12 65 1
12 66 1
12 67 -1
12 70 -1
12 71 1
12 72 -1
12 75 1
12 76 1
12 77 -1
12 78 -1
12 79 -1
12 80 -1
12 81 -1
12 82 -1
12 83 1
12 84 1
12 86 -1
12 88 1
12 90 1
12 91 1
12 93 -1
12 96 1
12 99 -1
12 100 -1
12 101 -1
12 102 1
12 112 1
12 113 1
12 114 1
12 116 -1
12 117 1
12 119 -1
12 120 1
12 121 1
12 122 -1
12 125 1
12 126 -1
12 127 1
12 129 1
12 130 -1
12 133 1
12 134 -1
12 136 1
12 137 -1
12 139 -1
12 140 -1
12 142 -1
12 144 1
12 149 1
12 150 1
13 15 1
13 18 -1
13 19 -1
13 23 -1
13 24 -1
13 25 -1
13 28 -1
13 30 -1
13 32 -1
13 33 -1
13 34 1
13 35 1
13 40 -1
13 41 1
13 47 1
13 48 -1
13 49 -1
13 51 -1
13 56 -1
13 57 1
13 63 -1
13 64 1
13 65 -1
13 67 -1
13 68 -1
13 70 -1
13 71 -1
13 73 -1
13 74 1
13 78 -1
13 79 -1
13 81 -1
13 83 -1
13 87 -1
13 88 -1
13 89 -1
13 93 -1
13 94 1
13 95 -1
13 96 -1
13 97 1
13 99 1
13 100 1
13 103 1
13 104 1
13 106 1
13 109 1
13 110 -1
13 115 -1
13 120 -1
13 123 -1
13 124 -1
13 125 -1
13 128 -1
13 129 -1
13 131 1
13 132 -1
13 133 -1
13 135 -1
13 136 -1
13 137 1
13 138 1
13 148 1
13 149 -1
14 16 1
14 17 1
14 18 1
14 19 -1
14 20 -1
14 21 -1
14 22 1
14 24 -1
14 25 1
14 26 -1
14 29 1
14 32 1
14 33 1
14 34 -1
14 37 -1
14 40 -1
14 41 -1
14 44 1
14 45 1
14 46 1
14 48 1
14 49 -1
14 51 -1
14 53 -1
14 54 1
14 55 1
14 56 1
14 58 1
14 60 1
14 61 1
14 63 1
14 69 1
14 70 1
14 71 -1
14 72 1
14 75 -1
14 77 -1
14 78 1
14 80 1
14 82 -1
14 84 1
14 85 1
14 86 1
14 87 -1
14 88 -1
14 89 1
14 90 -1
14 92 1
14 93 -1
14 95 1
14 98 -1
14 99 -1
14 102 -1
14 103 -1
14 104 -1
14 105 1
14 107 1
14 111 1
14 116 1
14 119 -1
14 122 1
14 123 -1
14 126 1
14 127 -1
14 128 1
14 130 1
14 132 -1
14 135 1
14 136 1
14 139 1
14 140 1
14 142 1
14 148 -1
14 150 -1
15 16 -1
15 19 -1
15 20 1
15 22 -1
15 23 -1
15 25 -1
15 26 1
15 27 -1
15 28 -1
15 29 -1
15 30 1
15 34 1
15 35 1
15 39 1
15 41 1
15 46 -1
15 47 1
15 50 1
15 57 1
15 61 -1
15 64 1
15 66 -1
15 68 1
15 70 -1
15 72 -1
15 74 1
15 75 -1
15 77 -1
15 82 1
15 92 -1
15 93 -1
15 94 1
15 95 -1
15 96 -1
15 97 1
15 98 -1
15 99 1
15 100 1
15 102 -1
15 103 1
15 104 1
15 105 -1
15 106 1
15 109 1
15 110 -1
15 113 -1
15 114 -1
15 115 1
15 116 -1
15 117 -1
15 123 -1
15 127 -1
15 128 -1
15 129 -1
15 131 1
15 132 1
15 134 -1
15 137 1
15 138 1
15 140 -1
15 141 -1
15 143 -1
15 145 -1
15 146 1
15 147 1
15 148 1
15 150 -1
16 17 1
16 18 1
16 20 -1
16 21 1
16 22 1
16 23 1
16 25 1
16 28 -1
16 29 1
16 32 -1
16 35 -1
16 36 1
16 38 -1
16 40 1
16 42 1
16 43 -1
16 46 1
16 48 1
16 49 1
16 52 -1
16 55 1
16 60 -1
16 62 -1
16 69 1
16 70 1
16 72 1
16 73 1
16 76 -1
16 77 1
16 78 1
16 79 1
16 83 -1
16 85 1
16 86 1
16 87 1
16 89 1
16 90 -1
16 92 1
16 93 1
16 95 1
16 97 -1
16 98 1
16 99 -1
16 100 -1
16 103 -1
16 105 1
16 107 1
16 110 1
16 111 1
16 115 -1
16 116 1
16 118 1
16 119 1
16 120 -1
16 122 1
16 126 1
16 128 1
16 130 1
16 131 -1
16 134 1
16 135 1
16 138 -1
16 140 1
16 143 1
16 149 -1
16 150 -1
17 18 1
17 19 -1
17 20 -1
17 21 1
17 22 1
17 23 1
17 25 1
17 29 1
17 30 -1
17 31 -1
17 33 1
17 36 1
17 37 -1
17 38 -1
17 40 1
17 42 1
17 45 -1
17 46 1
17 47 -1
17 48 1
17 49 1
17 50 -1
17 51 -1
17 54 1
17 55 1
17 58 -1
17 59 -1
17 62 -1
17 67 -1
17 69 1
17 70 1
17 71 -1
17 72 1
17 73 1
17 75 -1
17 77 1
17 78 1
17 79 1
17 83 -1
17 85 1
17 86 1
17 87 1
17 88 -1
17 89 1
17 91 -1
17 92 1
17 93 1
17 94 -1
17 95 1
17 97 -1
17 98 1
17 102 -1
17 105 1
17 107 1
17 109 -1
17 110 1
17 111 1
17 112 -1
17 113 -1
17 116 1
17 118 1
17 119 1
17 120 -1
17 122 1
17 126 1
17 127 -1
17 128 1
17 130 1
17 133 -1
17 134 1
17 135 1
17 136 -1
17 139 1
17 140 1
17 143 1
17 147 -1
17 148 -1
17 149 -1
18 19 -1
18 21 1
18 22 1
18 23 1
18 25 1
18 29 1
18 31 -1
18 36 1
18 38 -1
18 40 1
18 42 1
18 44 -1
18 45 -1
18 46 1
18 48 1
18 49 1
18 51 -1
18 55 1
18 56 -1
18 64 -1
18 69 1
18 70 1
18 72 1
18 73 1
18 74 -1
18 75 -1
18 77 1
18 78 1
18 79 1
18 80 -1
18 81 -1
18 82 -1
18 85 1
18 86 1
18 87 1
18 89 1
18 92 1
18 93 1
18 94 -1
18 95 1
18 98 1
18 100 -1
18 101 1
18 105 1
18 107 1
18 110 1
18 111 1
18 115 -1
18 116 1
18 118 1
18 119 1
18 122 1
18 126 1
18 127 -1
18 128 1
18 129 -1
18 130 1
18 132 -1
18 134 1
18 135 1
18 140 1
18 143 1
18 148 -1
19 20 -1
19 23 -1
19 24 -1
19 25 -1
19 26 -1
19 31 -1
19 34 -1
19 35 -1
19 36 -1
19 37 1
19 38 1
19 40 -1
19 43 1
19 50 -1
19 51 -1
19 52 1
19 53 1
19 55 -1
19 59 1
19 62 1
19 65 1
19 66 1
19 67 -1
19 69 -1
19 71 1
19 75 1
19 76 1
19 77 -1
19 80 -1
19 83 1
19 88 1
19 90 1
19 91 1
19 93 -1
19 102 1
19 104 -1
19 108 1
19 111 -1
19 112 1
19 113 1
19 114 1
19 117 1
19 121 1
19 123 -1
19 124 1
19 125 1
19 127 1
19 129 1
19 132 -1
19 133 1
19 134 -1
19 136 -1
19 141 1
19 142 -1
19 143 -1
19 144 1
19 146 -1
19 148 -1
19 149 1
19 150 1
20 21 -1
20 24 -1
20 26 1
20 27 -1
20 28 -1
20 29 -1
20 30 1
20 32 -1
20 34 1
20 35 1
20 36 1
20 38 -1
20 39 1
20 40 -1
20 41 1
20 43 -1
20 44 -1
20 45 -1
20 50 1
20 51 1
20 52 -1
20 53 -1
20 57 1
20 62 -1
20 63 -1
20 64 1
20 67 -1
20 68 1
20 71 -1
20 74 1
20 77 -1
20 79 -1
20 80 -1
20 82 1
20 84 -1
20 87 -1
20 90 -1
20 93 -1
20 94 1
20 97 1
20 99 1
20 100 1
20 101 1
20 103 1
20 104 1
20 106 1
20 109 1
20 110 -1
20 112 -1
20 115 1
20 119 -1
20 120 -1
20 121 -1
20 123 -1
20 125 -1
20 127 -1
20 129 -1
20 130 -1
20 131 1
20 132 1
20 133 -1
20 134 -1
20 135 -1
20 137 1
20 138 1
20 142 -1
20 146 1
20 147 1
21 22 -1
21 23 1
21 25 1
21 26 -1
21 30 1
21 31 -1
21 36 1
21 39 -1
21 40 1
21 42 1
21 45 -1
21 46 -1
21 47 -1
21 48 -1
21 49 1
21 50 -1
21 51 1
21 53 -1
21 57 -1
21 61 -1
21 63 -1
21 65 -1
21 66 -1
21 67 -1
21 69 1
21 71 -1
21 73 1
21 77 1
21 78 1
21 79 1
21 81 -1
21 82 1
21 84 -1
21 85 -1
21 86 1
21 87 1
21 89 1
21 92 1
21 93 1
21 95 1
21 97 -1
21 98 1
21 101 1
21 104 -1
21 107 1
21 108 -1
21 110 1
21 111 1
21 113 -1
21 115 1
21 116 1
21 118 1
21 119 1
21 120 -1
21 121 -1
21 125 -1
21 126 1
21 128 1
21 129 -1
21 130 1
21 131 -1
21 132 1
21 134 1
21 135 1
21 137 -1
21 138 -1
21 139 -1
21 140 1
21 141 -1
21 142 -1
21 143 1
21 144 -1
22 23 1
22 25 1
22 27 -1
22 29 1
22 32 1
22 33 1
22 36 -1
22 38 -1
22 39 -1
22 41 -1
22 45 -1
22 46 1
22 47 -1
22 48 1
22 54 1
22 55 1
22 56 1
22 59 -1
22 60 1
22 61 1
22 63 1
22 68 -1
22 69 1
22 70 1
22 72 1
22 74 -1
22 77 -1
22 78 1
22 80 1
22 84 -1
22 85 1
22 86 1
22 87 1
22 89 1
22 90 -1
22 91 -1
22 92 1
22 95 1
22 96 -1
22 98 -1
22 99 -1
22 100 -1
22 101 -1
22 105 1
22 107 1
22 110 -1
22 111 1
22 114 -1
22 115 -1
22 116 1
22 119 1
22 121 -1
22 122 1
22 126 1
22 128 1
22 130 1
22 132 -1
22 135 1
22 137 -1
22 139 1
22 140 1
22 141 -1
22 142 1
22 145 -1
22 148 -1
22 149 -1
22 150 -1
23 25 1
23 28 -1
23 32 -1
23 36 1
23 37 -1
23 38 -1
23 40 1
23 41 -1
23 42 1
23 43 -1
23 46 1
23 48 1
23 49 1
23 51 1
23 56 -1
23 59 -1
23 60 -1
23 62 -1
23 63 -1
23 69 1
23 73 1
23 76 -1
23 77 1
23 78 1
23 79 1
23 83 -1
23 86 1
23 87 1
23 89 1
23 92 1
23 93 1
23 95 1
23 98 1
23 100 -1
23 101 1
23 102 -1
23 103 -1
23 104 -1
23 107 1
23 110 1
23 111 1
23 114 -1
23 116 1
23 118 1
23 119 1
23 122 1
23 123 -1
23 124 -1
23 126 1
23 128 1
23 130 1
23 133 -1
23 134 1
23 135 1
23 136 -1
23 137 -1
23 140 1
23 141 -1
23 142 -1
23 143 1
23 145 -1
24 25 -1
24 26 -1
24 27 1
24 28 1
24 31 1
24 36 -1
24 40 -1
24 42 -1
24 43 1
24 47 -1
24 48 -1
24 50 -1
24 52 -1
24 56 -1
24 57 -1
24 59 1
24 60 -1
24 66 -1
24 67 1
24 68 -1
24 69 -1
24 72 -1
24 76 -1
24 78 -1
24 79 -1
24 80 -1
24 81 1
24 82 -1
24 84 -1
24 85 -1
24 91 1
24 92 -1
24 93 -1
24 95 -1
24 100 -1
24 102 -1
24 106 -1
24 107 -1
24 108 1
24 109 -1
24 114 1
24 119 -1
24 121 1
24 123 1
24 124 1
24 125 1
24 126 -1
24 127 1
24 128 -1
24 130 -1
24 133 -1
24 141 1
24 142 -1
24 143 -1
24 145 1
24 146 -1
24 148 -1
24 149 1
25 27 -1
25 29 1
25 30 -1
25 33 1
25 34 -1
25 36 1
25 37 -1
25 38 -1
25 40 1
25 42 1
25 44 -1
25 46 1
25 48 1
25 49 1
25 54 1
25 55 1
25 58 -1
25 61 -1
25 62 -1
25 69 1
25 70 1
25 72 1
25 73 1
25 75 -1
25 77 1
25 78 1
25 79 1
25 82 -1
25 84 -1
25 85 1
25 86 1
25 87 1
25 89 1
25 92 1
25 93 1
25 95 1
25 97 -1
25 98 1
25 99 -1
25 101 -1
25 105 1
25 107 1
25 110 1
25 111 1
25 115 -1
25 116 1
25 117 -1
25 118 1
25 119 1
25 120 -1
25 122 1
25 123 -1
25 125 -1
25 126 1
25 128 1
25 129 -1
25 130 1
25 134 1
25 135 1
25 136 -1
25 137 -1
25 139 1
25 140 1
25 143 1
25 144 -1
26 27 -1
26 28 -1
26 30 1
26 34 1
26 35 1
26 36 1
26 39 1
26 40 -1
26 41 1
26 45 -1
26 47 -1
26 48 -1
26 50 1
26 51 1
26 57 1
26 58 -1
26 61 -1
26 64 1
26 65 -1
26 66 -1
26 68 1
26 70 -1
26 72 -1
26 73 -1
26 74 1
26 79 -1
26 80 -1
26 81 -1
26 82 1
26 83 -1
26 86 -1
26 92 -1
26 94 1
26 97 1
26 99 1
26 100 1
26 101 1
26 102 -1
26 103 1
26 104 1
26 106 1
26 109 1
26 113 -1
26 115 1
26 116 -1
26 117 -1
26 119 -1
26 126 -1
26 127 -1
26 129 -1
26 131 1
26 132 1
26 136 -1
26 137 1
26 138 1
26 144 -1
26 146 1
26 147 1
27 28 1
27 29 -1
27 30 -1
27 31 1
27 32 -1
27 34 -1
27 37 -1
27 38 -1
27 39 -1
27 40 -1
27 41 -1
27 43 1
27 44 -1
27 51 -1
27 54 -1
27 56 -1
27 59 1
27 61 -1
27 66 1
27 67 1
27 69 -1
27 71 -1
27 72 -1
27 74 -1
27 77 -1
27 79 -1
27 81 1
27 83 -1
27 88 -1
27 90 -1
27 91 1
27 93 -1
27 94 -1
27 104 -1
27 107 -1
27 108 1
27 112 1
27 114 1
27 115 -1
27 116 -1
27 119 -1
27 121 1
27 122 -1
27 123 1
27 124 1
27 125 1
27 127 1
27 130 -1
27 132 -1
27 133 1
27 139 -1
27 141 1
27 145 1
27 147 -1
27 148 -1
27 149 1
28 29 -1
28 31 1
28 34 -1
28 43 1
28 46 -1
28 51 -1
28 53 -1
28 55 -1
28 57 -1
28 58 -1
28 59 1
28 64 -1
28 67 1
28 68 -1
28 70 -1
28 72 -1
28 73 -1
28 75 -1
28 76 -1
28 77 -1
28 81 1
28 87 -1
28 88 -1
28 90 -1
28 91 1
28 92 -1
28 93 -1
28 96 -1
28 97 -1
28 98 -1
28 100 -1
28 106 -1
28 108 1
28 114 -1
28 118 -1
28 119 -1
28 123 1
28 124 1
28 125 1
28 126 -1
28 128 -1
28 129 -1
28 132 -1
28 134 -1
28 136 -1
28 141 1
28 142 -1
28 144 -1
28 145 1
28 148 -1
28 149 1
29 32 1
29 33 1
29 34 -1
29 37 -1
29 38 -1
29 43 -1
29 44 1
29 45 1
29 46 1
29 48 1
29 49 -1
29 52 -1
29 53 -1
29 54 1
29 55 1
29 56 1
29 58 1
29 60 1
29 61 1
29 62 -1
29 63 1
29 64 -1
29 69 1
29 70 1
29 72 1
29 73 -1
29 75 -1
29 76 -1
29 77 -1
29 78 1
29 80 1
29 82 -1
29 84 1
29 85 1
29 86 1
29 89 1
29 90 -1
29 92 1
29 93 -1
29 94 -1
29 95 1
29 96 1
29 99 -1
29 100 -1
29 105 1
29 107 1
29 108 -1
29 110 -1
29 111 1
29 113 -1
29 116 1
29 117 -1
29 120 1
29 122 1
29 123 -1
29 125 -1
29 126 1
29 128 1
29 131 -1
29 132 -1
29 133 -1
29 135 1
29 136 1
29 138 -1
29 139 1
29 140 1
29 142 1
29 143 -1
29 146 -1
29 148 -1
29 150 -1
30 35 1
30 36 1
30 38 -1
30 39 1
30 40 1
30 41 1
30 42 1
30 45 -1
30 47 -1
30 49 1
30 50 1
30 51 1
30 52 -1
30 53 -1
30 57 1
30 58 -1
30 68 1
30 73 1
30 74 1
30 76 -1
30 77 1
30 79 1
30 80 -1
30 81 -1
30 82 1
30 83 -1
30 86 -1
30 87 -1
30 90 -1
30 91 -1
30 93 1
30 94 1
30 96 -1
30 97 1
30 98 1
30 99 1
30 100 1
30 101 1
30 102 -1
30 103 1
30 104 1
30 105 -1
30 109 1
30 110 1
30 111 -1
30 115 1
30 118 1
30 119 1
30 120 -1
30 121 -1
30 123 -1
30 124 -1
30 128 -1
30 132 1
30 134 1
30 135 -1
30 138 1
30 141 -1
30 143 1
30 144 -1
30 146 1
30 147 1
31 35 -1
31 36 -1
31 39 -1
31 42 -1
31 43 1
31 47 -1
31 50 -1
31 51 -1
31 53 -1
31 55 -1
31 57 -1
31 58 -1
31 59 1
31 60 -1
31 65 -1
31 66 -1
31 67 1
31 71 -1
31 72 -1
31 74 -1
31 76 -1
31 81 1
31 82 -1
31 84 -1
31 85 -1
31 86 -1
31 89 -1
31 90 -1
31 91 1
31 99 -1
31 100 -1
31 101 -1
31 103 -1
31 105 -1
31 108 1
31 114 1
31 117 -1
31 118 -1
31 120 -1
31 122 -1
31 123 1
31 124 1
31 125 1
31 127 1
31 129 -1
31 131 -1
31 136 -1
31 137 -1
31 139 -1
31 141 1
31 145 1
31 149 1
32 33 1
32 34 -1
32 36 -1
32 37 -1
32 38 1
32 39 -1
32 42 -1
32 43 -1
32 44 1
32 45 1
32 46 1
32 48 1
32 52 1
32 53 1
32 54 1
32 55 1
32 56 1
32 58 1
32 60 1
32 61 1
32 63 1
32 65 -1
32 68 -1
32 70 1
32 72 1
32 76 1
32 78 1
32 80 1
32 84 1
32 85 1
32 91 -1
32 92 1
32 94 -1
32 95 -1
32 96 1
32 100 -1
32 104 -1
32 105 1
32 106 -1
32 107 1
32 113 1
32 114 -1
32 116 -1
32 117 1
32 120 1
32 122 1
32 123 -1
32 124 -1
32 127 -1
32 129 -1
32 133 -1
32 135 1
32 136 1
32 139 1
32 140 -1
32 141 -1
32 142 1
32 143 -1
32 144 1
32 150 -1
33 36 -1
33 38 1
33 39 -1
33 41 -1
33 44 1
33 45 1
33 46 1
33 48 1
33 49 -1
33 54 1
33 55 1
33 56 1
33 58 1
33 59 -1
33 60 1
33 61 1
33 63 1
33 69 -1
33 70 1
33 72 1
33 76 1
33 78 1
33 79 -1
33 80 1
33 81 -1
33 82 -1
33 84 1
33 85 1
33 87 -1
33 88 -1
33 89 1
33 90 -1
33 92 1
33 94 -1
33 95 1
33 96 1
33 100 -1
33 103 -1
33 105 1
33 107 1
33 109 -1
33 110 -1
33 111 1
33 115 -1
33 116 1
33 117 -1
33 119 -1
33 120 1
33 122 1
33 126 1
33 127 -1
33 128 1
33 131 -1
33 134 -1
33 135 1
33 136 1
33 137 -1
33 139 1
33 140 -1
33 141 -1
33 142 1
33 144 1
33 148 -1
34 35 1
34 36 -1
34 39 1
34 41 1
34 42 -1
34 43 -1
34 44 -1
34 47 1
34 50 1
34 51 -1
34 52 -1
34 55 -1
34 57 1
34 58 -1
34 59 -1
34 63 -1
34 64 1
34 66 -1
34 68 1
34 69 -1
34 74 1
34 82 -1
34 84 -1
34 85 -1
34 86 -1
34 89 -1
34 94 1
34 97 1
34 99 1
34 100 1
34 102 -1
34 103 1
34 104 1
34 106 1
34 109 1
34 114 -1
34 115 1
34 116 -1
34 119 -1
34 124 -1
34 126 -1
34 128 -1
34 129 -1
34 131 1
34 133 -1
34 137 1
34 138 1
34 142 -1
34 146 1
34 147 1
34 148 1
34 150 -1
35 39 1
35 40 -1
35 41 1
35 44 -1
35 47 1
35 50 1
35 51 -1
35 53 -1
35 54 -1
35 55 -1
35 56 -1
35 57 1
35 64 1
35 67 -1
35 68 1
35 72 -1
35 74 1
35 80 -1
35 82 1
35 85 -1
35 86 -1
35 88 -1
35 91 -1
35 94 1
35 95 -1
35 97 1
35 98 -1
35 99 1
35 100 1
35 103 1
35 104 1
35 106 1
35 109 1
35 114 -1
35 115 1
35 120 -1
35 122 -1
35 125 -1
35 128 -1
35 129 -1
35 131 1
35 132 1
35 136 -1
35 137 1
35 138 1
35 140 -1
35 141 -1
35 145 -1
35 146 1
35 147 1
35 148 1
36 37 -1
36 39 1
36 40 1
36 41 -1
36 42 1
36 44 -1
36 49 1
36 50 1
36 51 1
36 56 -1
36 64 -1
36 67 -1
36 68 1
36 69 1
36 72 -1
36 73 1
36 77 1
36 79 1
36 82 1
36 83 -1
36 84 -1
36 86 1
36 87 1
36 88 -1
36 89 1
36 91 -1
36 93 1
36 94 -1
36 95 1
36 98 1
36 99 -1
36 101 1
36 104 -1
36 106 -1
36 108 -1
36 109 -1
36 110 1
36 111 1
36 115 1
36 118 1
36 119 1
36 124 -1
36 126 1
36 128 -1
36 130 1
36 132 1
36 134 1
36 137 -1
36 140 1
36 141 -1
36 143 1
36 145 -1
36 146 1
36 147 1
36 149 -1
37 38 1
37 40 -1
37 43 1
37 44 -1
37 45 -1
37 48 -1
37 50 -1
37 52 1
37 53 1
37 55 -1
37 58 -1
37 59 1
37 62 1
37 65 1
37 66 1
37 67 -1
37 71 1
37 73 -1
37 75 1
37 76 1
37 78 -1
37 80 -1
37 83 1
37 84 -1
37 88 1
37 90 1
37 91 1
37 92 -1
37 93 -1
37 102 1
37 103 -1
37 104 -1
37 106 -1
37 108 1
37 109 -1
37 110 -1
37 112 1
37 113 1
37 114 1
37 115 -1
37 116 -1
37 117 1
37 120 1
37 121 1
37 123 -1
37 124 1
37 125 1
37 127 1
37 128 -1
37 129 1
37 131 -1
37 132 -1
37 133 1
37 141 1
37 142 -1
37 144 1
37 145 -1
37 149 1
37 150 1
38 39 -1
38 41 -1
38 42 -1
38 44 1
38 45 1
38 48 -1
38 51 -1
38 52 1
38 53 1
38 54 1
38 56 1
38 58 1
38 59 -1
38 60 1
38 61 1
38 62 1
38 63 1
38 65 1
38 66 1
38 71 1
38 73 -1
38 74 -1
38 75 1
38 76 1
38 79 -1
38 80 1
38 81 -1
38 83 1
38 84 1
38 86 -1
38 88 1
38 89 -1
38 90 1
38 92 -1
38 93 -1
38 95 -1
38 96 1
38 101 -1
38 102 1
38 109 -1
38 113 1
38 114 -1
38 117 1
38 119 -1
38 120 1
38 122 -1
38 129 1
38 130 -1
38 131 -1
38 133 1
38 136 1
38 139 1
38 142 1
38 144 1
38 145 -1
38 147 -1
38 148 -1
38 150 1
39 41 1
39 42 -1
39 48 -1
39 49 -1
39 50 1
39 51 1
39 53 -1
39 54 -1
39 56 -1
39 57 1
39 59 -1
39 60 -1
39 63 -1
39 64 1
39 66 -1
39 68 1
39 69 -1
39 74 1
39 79 1
39 82 1
39 85 -1
39 89 -1
39 90 -1
39 94 1
39 97 1
39 98 -1
39 99 1
39 100 1
39 101 1
39 103 1
39 104 1
39 106 1
39 107 -1
39 108 -1
39 109 1
39 110 -1
39 111 -1
39 113 -1
39 114 -1
39 115 1
39 116 -1
39 119 -1
39 127 -1
39 129 -1
39 132 1
39 135 -1
39 136 -1
39 137 1
39 138 1
39 139 -1
39 143 -1
39 146 1
39 147 1
39 148 -1
40 42 1
40 44 -1
40 49 1
40 50 1
40 51 1
40 53 -1
40 55 -1
40 65 -1
40 67 -1
40 69 1
40 73 1
40 77 1
40 78 1
40 79 1
40 82 1
40 86 1
40 87 1
40 88 -1
40 89 1
40 90 -1
40 91 -1
40 93 1
40 95 1
40 98 1
40 99 -1
40 101 1
40 102 -1
40 105 -1
40 108 -1
40 110 1
40 111 1
40 113 -1
40 114 -1
40 115 1
40 116 1
40 118 1
40 119 1
40 120 -1
40 121 -1
40 124 -1
40 125 -1
40 126 1
40 128 1
40 130 1
40 132 1
40 133 -1
40 134 1
40 136 -1
40 138 -1
40 140 1
40 143 1
40 144 -1
40 146 1
41 47 1
41 50 1
41 51 1
41 53 -1
41 56 -1
41 57 1
41 59 -1
41 63 -1
41 64 1
41 67 -1
41 68 1
41 69 -1
41 70 -1
41 71 -1
41 74 1
41 77 -1
41 79 -1
41 82 1
41 83 -1
41 84 -1
41 85 -1
41 87 -1
41 89 -1
41 94 1
41 97 1
41 99 1
41 100 1
41 101 1
41 102 -1
41 103 1
41 104 1
41 106 1
41 109 1
41 115 1
41 120 -1
41 123 -1
41 124 -1
41 126 -1
41 127 -1
41 129 -1
41 131 1
41 132 1
41 133 -1
41 135 -1
41 137 1
41 138 1
41 140 -1
41 141 -1
41 146 1
41 147 1
41 148 1
42 43 -1
42 45 -1
42 49 1
42 50 1
42 51 1
42 52 -1
42 59 -1
42 67 -1
42 69 1
42 70 -1
42 73 1
42 77 1
42 78 1
42 79 1
42 81 -1
42 82 1
42 86 1
42 87 1
42 88 -1
42 89 1
42 91 -1
42 93 1
42 95 1
42 98 1
42 99 -1
42 101 1
42 102 -1
42 104 -1
42 107 -1
42 108 -1
42 110 1
42 111 1
42 113 -1
42 115 1
42 116 1
42 118 1
42 119 1
42 126 1
42 128 1
42 130 1
42 131 -1
42 132 1
42 134 1
42 135 -1
42 138 -1
42 139 -1
42 140 1
42 142 -1
42 143 1
42 144 -1
42 146 1
42 148 -1
43 44 -1
43 48 -1
43 49 -1
43 51 -1
43 58 -1
43 59 1
43 62 1
43 64 -1
43 65 1
43 66 1
43 67 1
43 69 -1
43 70 -1
43 71 1
43 72 -1
43 73 -1
43 74 -1
43 75 1
43 77 -1
43 80 -1
43 81 1
43 83 1
43 87 -1
43 88 1
43 90 1
43 91 1
43 93 -1
43 97 -1
43 101 -1
43 102 1
43 104 -1
43 108 1
43 111 -1
43 112 1
43 114 1
43 116 -1
43 120 -1
43 121 1
43 122 -1
43 123 1
43 124 1
43 125 1
43 126 -1
43 127 1
43 129 1
43 130 -1
43 131 -1
43 132 -1
43 133 1
43 139 -1
43 140 -1
43 141 1
43 145 1
43 148 -1
43 149 1
43 150 1
44 45 1
44 47 -1
44 51 -1
44 52 1
44 53 1
44 54 1
44 55 1
44 56 1
44 58 1
44 59 -1
44 60 1
44 61 1
44 63 1
44 65 -1
44 66 -1
44 67 -1
44 68 -1
44 69 -1
44 70 1
44 71 1
44 72 1
44 73 -1
44 75 1
44 76 1
44 77 -1
44 80 1
44 81 -1
44 82 -1
44 84 1
44 85 1
44 86 -1
44 88 1
44 89 -1
44 90 1
44 96 1
44 100 -1
44 102 1
44 104 -1
44 105 1
44 106 -1
44 108 -1
44 113 1
44 116 -1
44 117 1
44 119 -1
44 120 1
44 122 -1
44 124 -1
44 125 -1
44 127 -1
44 128 -1
44 129 1
44 133 -1
44 135 -1
44 136 1
44 139 1
44 142 1
44 143 -1
44 144 1
44 146 -1
44 147 -1
44 150 1
45 46 -1
45 52 1
45 53 1
45 54 1
45 55 -1
45 56 1
45 57 -1
45 58 1
45 60 1
45 61 1
45 62 -1
45 63 1
45 69 -1
45 71 1
45 72 1
45 75 1
45 76 1
45 77 -1
45 80 1
45 83 1
45 84 1
45 86 -1
45 87 -1
45 88 1
45 90 1
45 91 -1
45 96 1
45 98 -1
45 99 -1
45 102 1
45 104 -1
45 108 -1
45 109 -1
45 110 -1
45 113 1
45 115 -1
45 116 -1
45 117 1
45 120 1
45 121 -1
45 122 -1
45 123 -1
45 125 -1
45 126 -1
45 129 1
45 132 -1
45 134 -1
45 136 1
45 137 -1
45 139 1
45 140 -1
45 142 1
45 144 1
45 150 1
46 47 -1
46 48 1
46 50 -1
46 53 -1
46 54 1
46 55 1
46 56 1
46 58 1
46 60 1
46 61 1
46 63 1
46 68 -1
46 69 1
46 70 1
46 71 -1
46 72 1
46 73 -1
46 74 -1
46 75 -1
46 78 1
46 79 -1
46 80 1
46 83 -1
46 84 1
46 85 1
46 86 1
46 87 1
46 89 1
46 91 -1
46 92 1
46 95 1
46 96 -1
46 98 -1
46 99 -1
46 101 -1
46 105 1
46 106 -1
46 107 1
46 109 -1
46 111 1
46 116 1
46 117 -1
46 119 -1
46 122 1
46 123 -1
46 126 1
46 128 1
46 130 1
46 133 -1
46 135 1
46 136 1
46 137 -1
46 139 1
46 140 1
46 142 1
46 143 -1
46 144 -1
47 51 -1
47 53 -1
47 54 -1
47 56 -1
47 57 1
47 58 -1
47 59 -1
47 61 -1
47 62 -1
47 64 1
47 65 -1
47 68 -1
47 73 -1
47 74 1
47 78 -1
47 83 -1
47 87 -1
47 94 1
47 95 -1
47 97 1
47 99 1
47 100 1
47 101 -1
47 102 -1
47 103 1
47 104 1
47 106 1
47 107 -1
47 109 1
47 110 -1
47 111 -1
47 113 -1
47 114 -1
47 119 -1
47 123 -1
47 128 -1
47 129 -1
47 130 -1
47 131 1
47 133 -1
47 136 -1
47 137 1
47 138 1
47 140 -1
47 144 -1
47 146 -1
47 147 -1
47 148 1
48 50 -1
48 51 -1
48 52 -1
48 53 -1
48 54 1
48 55 1
48 56 1
48 57 -1
48 58 -1
48 59 -1
48 60 1
48 61 1
48 62 -1
48 63 1
48 64 -1
48 69 1
48 70 1
48 72 1
48 73 1
48 74 -1
48 76 -1
48 77 -1
48 78 1
48 80 1
48 82 -1
48 84 -1
48 85 1
48 86 1
48 87 1
48 89 1
48 91 -1
48 92 1
48 94 -1
48 95 1
48 98 -1
48 100 -1
48 101 -1
48 105 1
48 106 -1
48 107 1
48 109 -1
48 110 1
48 111 1
48 112 -1
48 116 1
48 119 1
48 121 -1
48 122 1
48 124 -1
48 126 1
48 127 -1
48 128 1
48 130 1
48 131 -1
48 133 -1
48 135 1
48 136 -1
48 138 -1
48 139 1
48 140 1
48 142 1
48 143 1
48 144 -1
48 145 -1
48 146 -1
48 150 -1
49 50 1
49 51 1
49 56 -1
49 60 -1
49 61 -1
49 62 -1
49 64 -1
49 68 -1
49 69 1
49 72 -1
49 73 1
49 76 -1
49 77 1
49 78 1
49 79 1
49 80 -1
49 82 1
49 83 -1
49 84 -1
49 86 1
49 87 1
49 89 1
49 90 -1
49 92 -1
49 93 1
49 94 -1
49 95 1
49 96 -1
49 98 1
49 99 -1
49 101 1
49 102 -1
49 103 -1
49 106 -1
49 110 1
49 111 1
49 114 -1
49 115 1
49 116 1
49 118 1
49 119 1
49 122 -1
49 123 -1
49 124 -1
49 126 1
49 128 1
49 130 1
49 132 1
49 134 1
49 138 -1
49 140 1
49 143 1
49 144 -1
49 145 -1
49 146 1
49 149 -1
50 51 1
50 52 -1
50 57 1
50 58 -1
50 59 -1
50 60 -1
50 68 1
50 71 -1
50 73 -1
50 74 1
50 75 -1
50 76 -1
50 78 -1
50 79 1
50 80 -1
50 82 1
50 83 -1
50 87 -1
50 89 -1
50 93 1
50 94 1
50 95 -1
50 97 1
50 98 -1
50 99 1
50 100 1
50 101 1
50 102 -1
50 103 1
50 104 1
50 109 1
50 110 -1
50 111 -1
50 112 -1
50 114 -1
50 115 1
50 117 -1
50 118 1
50 121 -1
50 124 -1
50 125 -1
50 127 -1
50 132 1
50 134 1
50 137 1
50 138 1
50 144 -1
50 146 1
50 147 1
50 149 -1
51 54 -1
51 55 -1
51 57 1
51 61 -1
51 63 -1
51 65 -1
51 66 -1
51 68 1
51 71 -1
51 73 1
51 74 1
51 76 -1
51 77 1
51 79 1
51 82 1
51 87 1
51 88 -1
51 89 -1
51 92 -1
51 93 1
51 97 1
51 98 1
51 99 1
51 100 1
51 101 1
51 102 -1
51 104 1
51 106 -1
51 109 1
51 110 1
51 114 -1
51 115 1
51 116 -1
51 118 1
51 119 1
51 123 -1
51 127 -1
51 130 1
51 131 -1
51 132 1
51 134 1
51 137 -1
51 138 1
51 143 1
51 144 -1
51 146 1
51 147 1
51 148 -1
52 53 1
52 54 -1
52 56 1
52 58 1
52 60 1
52 61 1
52 62 1
52 63 1
52 65 1
52 66 1
52 71 1
52 75 1
52 76 1
52 77 -1
52 80 1
52 83 1
52 84 1
52 88 1
52 90 1
52 91 -1
52 93 -1
52 95 -1
52 96 1
52 102 1
52 105 -1
52 111 -1
52 112 1
52 113 1
52 114 1
52 115 -1
52 116 -1
52 117 1
52 119 -1
52 120 1
52 121 1
52 124 -1
52 127 1
52 128 -1
52 129 1
52 133 1
52 134 -1
52 136 1
52 142 1
52 143 -1
52 144 1
52 145 -1
52 146 -1
52 150 1
53 56 1
53 58 1
53 60 1
53 61 1
53 62 1
53 63 1
53 64 -1
53 65 1
53 66 1
53 70 -1
53 71 1
53 75 1
53 76 1
53 77 -1
53 79 -1
53 80 1
53 82 -1
53 83 1
53 84 1
53 85 -1
53 88 1
53 90 1
53 92 -1
53 93 -1
53 94 -1
53 96 1
53 97 -1
53 102 1
53 103 -1
53 104 -1
53 105 -1
53 109 -1
53 111 -1
53 112 1
53 113 1
53 114 1
53 116 -1
53 117 1
53 118 -1
53 119 -1
53 120 1
53 121 1
53 122 -1
53 124 -1
53 126 -1
53 127 1
53 128 -1
53 129 1
53 133 1
53 134 -1
53 136 1
53 140 -1
53 142 1
53 144 1
53 145 -1
53 146 -1
53 147 -1
53 149 -1
53 150 1
54 55 1
54 56 1
54 58 1
54 59 -1
54 60 1
54 61 1
54 62 -1
54 63 1
54 65 -1
54 66 -1
54 69 -1
54 70 1
54 72 1
54 73 -1
54 76 1
54 78 1
54 79 -1
54 80 1
54 81 -1
54 82 -1
54 84 1
54 85 1
54 89 1
54 90 -1
54 92 1
54 95 1
54 96 1
54 100 -1
54 101 -1
54 105 1
54 106 -1
54 107 1
54 109 -1
54 111 1
54 113 -1
54 116 1
54 117 -1
54 118 -1
54 119 -1
54 120 1
54 121 -1
54 122 1
54 123 -1
54 124 -1
54 126 1
54 128 1
54 129 -1
54 135 1
54 136 1
54 139 1
54 142 1
54 143 -1
54 144 1
55 56 1
55 57 -1
55 58 1
55 60 1
55 61 1
55 62 -1
55 63 1
55 65 -1
55 67 -1
55 68 -1
55 69 1
55 70 1
55 72 1
55 74 -1
55 78 1
55 79 -1
55 80 1
55 82 -1
55 84 1
55 85 1
55 86 1
55 87 1
55 89 1
55 90 -1
55 92 1
55 93 -1
55 94 -1
55 95 1
55 98 -1
55 99 -1
55 102 -1
55 103 -1
55 105 1
55 107 1
55 109 -1
55 111 1
55 112 -1
55 114 -1
55 115 -1
55 116 1
55 118 -1
55 120 -1
55 122 1
55 123 -1
55 126 1
55 128 1
55 129 -1
55 130 1
55 135 1
55 136 1
55 137 -1
55 139 1
55 140 1
55 141 -1
55 142 1
55 143 -1
55 144 -1
55 148 -1
56 58 1
56 60 1
56 61 1
56 63 1
56 70 1
56 72 1
56 74 -1
56 76 1
56 77 -1
56 80 1
56 82 -1
56 84 1
56 85 1
56 86 -1
56 90 1
56 91 -1
56 92 -1
56 96 1
56 99 -1
56 100 -1
56 102 1
56 105 1
56 108 -1
56 110 -1
56 112 -1
56 113 1
56 114 -1
56 117 1
56 118 -1
56 120 1
56 122 1
56 124 -1
56 129 1
56 130 -1
56 131 -1
56 132 -1
56 133 -1
56 135 -1
56 136 1
56 137 -1
56 139 1
56 140 -1
56 142 1
56 143 -1
56 144 1
56 146 -1
56 147 -1
56 149 -1
57 61 -1
57 63 -1
57 64 1
57 68 1
57 70 -1
57 71 -1
57 72 -1
57 74 1
57 80 -1
57 82 1
57 87 -1
57 90 -1
57 91 -1
57 94 1
57 97 1
57 98 -1
57 99 1
57 100 1
57 101 1
57 103 1
57 104 1
57 106 1
57 107 -1
57 108 -1
57 109 1
57 110 -1
57 112 -1
57 115 1
57 116 -1
57 117 -1
57 118 -1
57 119 -1
57 123 -1
57 127 -1
57 128 -1
57 129 -1
57 131 1
57 132 1
57 137 1
57 138 1
57 139 -1
57 143 -1
57 146 1
57 147 1
57 148 1
57 150 -1
58 60 1
58 61 1
58 63 1
58 65 -1
58 70 1
58 71 1
58 72 1
58 76 1
58 78 -1
58 80 1
58 82 -1
58 84 1
58 85 1
58 88 1
58 89 -1
58 90 1
58 91 -1
58 93 -1
58 96 1
58 99 -1
58 102 1
58 103 -1
58 105 1
58 107 -1
58 111 -1
58 112 -1
58 113 1
58 114 -1
58 115 -1
58 117 1
58 118 -1
58 120 1
58 125 -1
58 129 1
58 132 -1
58 136 1
58 139 1
58 140 -1
58 142 1
58 143 -1
58 144 1
58 145 -1
58 148 -1
58 150 1
59 62 1
59 63 -1
59 65 1
59 66 1
59 67 1
59 70 -1
59 71 1
59 75 1
59 76 -1
59 80 -1
59 81 1
59 82 -1
59 83 1
59 85 -1
59 88 1
59 90 1
59 91 1
59 94 -1
59 102 1
59 103 -1
59 104 -1
59 108 1
59 110 -1
59 112 1
59 114 1
59 116 -1
59 117 -1
59 121 1
59 122 -1
59 123 1
59 124 1
59 125 1
59 127 1
59 129 1
59 132 -1
59 133 1
59 140 -1
59 141 1
59 143 -1
59 145 1
59 148 -1
59 149 1
59 150 1
60 61 1
60 62 -1
60 63 1
60 64 -1
60 65 -1
60 67 -1
60 68 -1
60 70 1
60 71 -1
60 72 1
60 76 1
60 78 1
60 80 1
60 84 1
60 85 1
60 86 -1
60 87 -1
60 89 -1
60 92 1
60 93 -1
60 94 -1
60 96 1
60 99 -1
60 101 -1
60 105 1
60 106 -1
60 107 1
60 109 -1
60 113 1
60 115 -1
60 117 1
60 120 1
60 122 1
60 123 -1
60 124 -1
60 126 -1
60 132 -1
60 135 1
60 136 1
60 139 1
60 142 1
60 144 1
60 145 -1
60 147 -1
60 149 -1
60 150 -1
61 63 1
61 66 -1
61 69 -1
61 70 1
61 72 1
61 74 -1
61 75 -1
61 76 1
61 78 1
61 79 -1
61 80 1
61 84 1
61 85 1
61 86 -1
61 88 -1
61 91 -1
61 92 1
61 94 -1
61 95 -1
61 96 1
61 98 -1
61 100 -1
61 105 1
61 107 1
61 108 -1
61 109 -1
61 113 1
61 115 -1
61 117 1
61 120 1
61 121 -1
61 122 1
61 124 -1
61 125 -1
61 134 -1
61 135 1
61 136 1
61 138 -1
61 139 1
61 141 -1
61 142 1
61 143 -1
61 144 1
61 145 -1
61 148 -1
61 150 -1
62 63 -1
62 65 1
62 66 1
62 69 -1
62 70 -1
62 71 1
62 72 -1
62 74 -1
62 75 1
62 76 1
62 81 -1
62 83 1
62 84 -1
62 86 -1
62 87 -1
62 88 1
62 89 -1
62 90 1
62 91 1
62 92 -1
62 96 1
62 102 1
62 104 -1
62 106 -1
62 112 1
62 113 1
62 114 1
62 115 -1
62 116 -1
62 117 1
62 118 -1
62 120 1
62 121 1
62 122 -1
62 124 -1
62 125 1
62 127 1
62 129 1
62 131 -1
62 132 -1
62 133 1
62 135 -1
62 139 -1
62 141 1
62 144 1
62 146 -1
62 148 -1
62 149 1
62 150 1
63 65 -1
63 67 -1
63 70 1
63 72 1
63 74 -1
63 76 1
63 80 1
63 82 -1
63 83 -1
63 84 1
63 85 1
63 87 -1
63 90 1
63 93 -1
63 96 1
63 99 -1
63 101 -1
63 102 1
63 103 -1
63 104 -1
63 105 1
63 106 -1
63 107 -1
63 108 -1
63 109 -1
63 111 -1
63 113 1
63 114 -1
63 117 1
63 120 1
63 121 -1
63 122 1
63 129 1
63 136 1
63 139 1
63 140 -1
63 141 -1
63 142 1
63 143 -1
63 144 1
63 146 -1
63 150 -1
64 65 -1
64 68 1
64 69 -1
64 71 -1
64 74 1
64 75 -1
64 77 -1
64 83 -1
64 90 -1
64 91 -1
64 93 -1
64 94 1
64 96 -1
64 97 1
64 99 1
64 100 1
64 103 1
64 104 1
64 106 1
64 107 -1
64 109 1
64 110 -1
64 111 -1
64 112 -1
64 113 -1
64 114 -1
64 115 -1
64 121 -1
64 130 -1
64 131 1
64 135 -1
64 137 1
64 138 1
64 143 -1
64 145 -1
64 146 -1
64 148 1
64 149 -1
65 66 1
65 70 -1
65 71 1
65 75 1
65 76 1
65 83 1
65 87 -1
65 88 1
65 90 1
65 91 1
65 95 -1
65 98 -1
65 100 -1
65 102 1
65 108 1
65 109 -1
65 110 -1
65 111 -1
65 112 1
65 113 1
65 114 1
65 115 -1
65 116 -1
65 117 1
65 119 -1
65 121 1
65 122 -1
65 124 1
65 125 1
65 127 1
65 129 1
65 130 -1
65 133 1
65 134 -1
65 135 -1
65 136 -1
65 139 -1
65 140 -1
65 141 1
65 143 -1
65 144 1
65 149 1
65 150 1
66 67 -1
66 68 -1
66 70 -1
66 71 1
66 73 -1
66 75 1
66 77 -1
66 78 -1
66 79 -1
66 80 -1
66 82 -1
66 83 1
66 85 -1
66 88 1
66 90 1
66 91 1
66 93 -1
66 95 -1
66 96 -1
66 98 -1
66 99 -1
66 100 -1
66 102 1
66 106 -1
66 107 -1
66 108 1
66 112 1
66 113 1
66 114 1
66 115 -1
66 117 1
66 118 -1
66 120 -1
66 121 1
66 122 -1
66 123 1
66 124 1
66 125 1
66 127 1
66 129 1
66 131 -1
66 133 1
66 136 -1
66 137 -1
66 138 -1
66 139 -1
66 140 -1
66 141 1
66 145 -1
66 146 -1
66 149 1
66 150 1
67 68 -1
67 72 -1
67 81 1
67 82 -1
67 88 -1
67 91 1
67 93 -1
67 96 -1
67 101 -1
67 103 -1
67 106 -1
67 108 1
67 110 -1
67 115 -1
67 117 -1
67 120 -1
67 122 -1
67 123 1
67 124 1
67 125 1
67 130 -1
67 131 -1
67 132 -1
67 133 -1
67 135 -1
67 139 -1
67 141 1
67 145 1
67 146 -1
67 147 -1
67 149 1
68 69 -1
68 70 -1
68 74 1
68 77 -1
68 79 1
68 80 -1
68 82 1
68 83 -1
68 85 -1
68 88 -1
68 89 -1
68 90 -1
68 91 -1
68 93 -1
68 94 1
68 96 -1
68 97 1
68 99 1
68 100 1
68 101 1
68 103 1
68 104 1
68 106 -1
68 107 -1
68 109 1
68 110 -1
68 114 -1
68 115 1
68 116 -1
68 117 -1
68 124 -1
68 129 -1
68 132 1
68 134 -1
68 137 1
68 138 1
68 139 -1
68 141 -1
68 142 -1
68 143 -1
68 146 1
68 147 1
68 148 -1
68 150 -1
69 70 1
69 71 -1
69 72 1
69 73 1
69 74 -1
69 77 1
69 78 1
69 79 1
69 80 -1
69 81 -1
69 83 -1
69 85 1
69 86 1
69 87 1
69 89 1
69 91 -1
69 92 1
69 93 1
69 95 1
69 96 -1
69 98 1
69 100 -1
69 101 -1
69 102 -1
69 104 -1
69 105 1
69 107 1
69 108 -1
69 109 -1
69 110 1
69 111 1
69 115 -1
69 116 1
69 117 -1
69 118 1
69 119 1
69 120 -1
69 121 -1
69 122 1
69 125 -1
69 126 1
69 127 -1
69 128 1
69 130 1
69 134 1
69 135 1
69 140 1
69 143 1
69 145 -1
69 148 -1
70 72 1
70 73 -1
70 78 1
70 80 1
70 82 -1
70 83 -1
70 84 1
70 85 1
70 86 1
70 87 1
70 88 -1
70 89 1
70 92 1
70 95 1
70 101 -1
70 104 -1
70 105 1
70 106 -1
70 107 1
70 111 1
70 114 -1
70 116 1
70 117 -1
70 119 -1
70 122 1
70 123 -1
70 124 -1
70 126 1
70 127 -1
70 128 1
70 130 1
70 134 -1
70 135 1
70 136 1
70 139 1
70 140 1
70 141 -1
70 142 1
70 144 -1
70 145 -1
70 147 -1
70 148 -1
70 149 -1
71 73 -1
71 74 -1
71 75 1
71 76 1
71 77 -1
71 81 -1
71 82 -1
71 83 1
71 84 1
71 85 -1
71 88 1
71 90 1
71 91 1
71 96 1
71 97 -1
71 102 1
71 103 -1
71 104 -1
71 106 -1
71 108 -1
71 109 -1
71 110 -1
71 112 1
71 113 1
71 114 1
71 117 1
71 120 1
71 121 1
71 125 1
71 127 1
71 128 -1
71 129 1
71 133 1
71 134 -1
71 135 -1
71 136 1
71 137 -1
71 140 -1
71 142 -1
71 144 1
71 145 -1
71 146 -1
71 147 -1
71 148 -1
71 149 1
71 150 1
72 76 1
72 78 1
72 80 1
72 84 1
72 85 1
72 86 1
72 88 -1
72 89 1
72 91 -1
72 92 1
72 93 -1
72 95 1
72 96 1
72 98 -1
72 100 -1
72 104 -1
72 105 1
72 107 1
72 109 -1
72 110 -1
72 111 1
72 112 -1
72 116 1
72 118 -1
72 119 -1
72 120 1
72 121 -1
72 122 1
72 123 -1
72 125 -1
72 126 1
72 128 1
72 129 -1
72 131 -1
72 135 1
72 136 1
72 137 -1
72 139 1
72 140 1
72 142 1
72 144 1
73 75 -1
73 77 1
73 78 1
73 79 1
73 80 -1
73 82 1
73 86 1
73 87 1
73 88 -1
73 89 1
73 90 -1
73 91 -1
73 92 1
73 93 1
73 95 1
73 97 -1
73 98 1
73 100 -1
73 101 1
73 102 -1
73 103 -1
73 107 1
73 108 -1
73 110 1
73 111 1
73 116 1
73 118 1
73 119 1
73 123 -1
73 124 -1
73 126 1
73 128 1
73 130 1
73 132 1
73 133 -1
73 134 1
73 135 1
73 136 -1
73 140 1
73 142 -1
73 143 1
73 145 -1
73 146 -1
74 77 -1
74 80 -1
74 82 1
74 84 -1
74 87 -1
74 94 1
74 97 1
74 99 1
74 100 1
74 101 1
74 102 -1
74 103 1
74 104 1
74 106 1
74 109 1
74 113 -1
74 115 1
74 116 -1
74 119 -1
74 120 -1
74 123 -1
74 124 -1
74 125 -1
74 126 -1
74 128 -1
74 131 1
74 132 1
74 135 -1
74 136 -1
74 137 1
74 138 1
74 146 1
74 147 1
74 148 1
75 76 1
75 83 1
75 84 -1
75 86 -1
75 88 1
75 90 1
75 91 1
75 95 -1
75 96 1
75 102 1
75 105 -1
75 106 -1
75 108 -1
75 110 -1
75 112 1
75 113 1
75 114 1
75 115 -1
75 117 1
75 120 1
75 121 1
75 125 1
75 127 1
75 128 -1
75 129 1
75 133 1
75 134 -1
75 136 1
75 144 1
75 148 -1
75 149 1
75 150 1
76 77 -1
76 80 1
76 83 1
76 84 1
76 85 -1
76 87 -1
76 88 1
76 89 -1
76 90 1
76 93 -1
76 96 1
76 102 1
76 105 -1
76 106 -1
76 107 -1
76 113 1
76 117 1
76 120 1
76 122 -1
76 123 -1
76 126 -1
76 129 1
76 132 -1
76 133 -1
76 135 -1
76 136 1
76 139 1
76 142 1
76 144 1
76 149 -1
76 150 1
77 78 1
77 79 1
77 82 1
77 84 -1
77 86 1
77 87 1
77 88 -1
77 89 1
77 92 1
77 93 1
77 95 1
77 98 1
77 100 -1
77 101 1
77 104 -1
77 106 -1
77 110 1
77 111 1
77 115 1
77 116 1
77 118 1
77 119 1
77 122 -1
77 123 -1
77 124 -1
77 125 -1
77 126 1
77 127 -1
77 128 1
77 130 1
77 132 1
77 133 -1
77 134 1
77 135 1
77 138 -1
77 140 1
77 143 1
77 144 -1
77 145 -1
77 146 1
77 148 -1
78 80 -1
78 81 -1
78 85 1
78 86 1
78 87 1
78 88 -1
78 89 1
78 91 -1
78 92 1
78 93 1
78 94 -1
78 95 1
78 98 1
78 102 -1
78 105 1
78 106 -1
78 107 1
78 110 1
78 111 1
78 112 -1
78 115 -1
78 116 1
78 117 -1
78 118 1
78 119 1
78 122 1
78 126 1
78 128 1
78 130 1
78 131 -1
78 134 1
78 135 1
78 139 1
78 140 1
78 142 1
78 143 1
78 145 -1
79 82 1
79 83 -1
79 85 -1
79 86 1
79 87 1
79 89 1
79 93 1
79 94 -1
79 95 1
79 97 -1
79 98 1
79 100 -1
79 101 1
79 102 -1
79 105 -1
79 106 -1
79 108 -1
79 109 -1
79 110 1
79 111 1
79 115 1
79 116 1
79 117 -1
79 118 1
79 119 1
79 122 -1
79 124 -1
79 126 1
79 128 1
79 130 1
79 132 1
79 134 1
79 136 -1
79 140 1
79 141 -1
79 143 1
79 144 -1
79 146 1
79 147 1
79 149 -1
80 81 -1
80 82 -1
80 84 1
80 85 1
80 87 -1
80 92 1
80 94 -1
80 95 -1
80 96 1
80 98 -1
80 103 -1
80 105 1
80 107 1
80 112 -1
80 113 1
80 117 1
80 120 1
80 121 -1
80 122 1
80 125 -1
80 127 -1
80 129 -1
80 133 -1
80 135 1
80 136 1
80 138 -1
80 139 1
80 140 -1
80 141 -1
80 142 1
80 143 -1
80 144 1
80 147 -1
81 85 -1
81 89 -1
81 91 1
81 94 -1
81 100 -1
81 102 -1
81 104 -1
81 105 -1
81 108 1
81 109 -1
81 110 -1
81 112 1
81 114 1
81 115 -1
81 121 1
81 123 1
81 124 1
81 125 1
81 126 -1
81 127 1
81 131 -1
81 132 -1
81 133 1
81 137 -1
81 140 -1
81 141 1
81 145 1
81 148 -1
81 149 1
82 87 -1
82 89 -1
82 91 -1
82 93 1
82 94 1
82 96 -1
82 97 1
82 98 1
82 99 1
82 100 1
82 101 1
82 103 1
82 104 1
82 107 -1
82 109 1
82 110 1
82 115 1
82 116 -1
82 118 1
82 119 1
82 120 -1
82 121 -1
82 123 -1
82 125 -1
82 126 -1
82 127 -1
82 129 -1
82 131 -1
82 132 1
82 134 1
82 136 -1
82 138 1
82 140 -1
82 143 1
82 145 -1
82 146 1
82 147 1
82 148 -1
83 88 1
83 90 1
83 91 1
83 93 -1
83 96 1
83 99 -1
83 100 -1
83 102 1
83 103 -1
83 105 -1
83 106 -1
83 108 -1
83 111 -1
83 112 1
83 113 1
83 114 1
83 115 -1
83 116 -1
83 117 1
83 118 -1
83 119 -1
83 120 1
83 121 1
83 123 -1
83 125 1
83 126 -1
83 127 1
83 129 1
83 131 -1
83 133 1
83 137 -1
83 140 -1
83 141 1
83 142 -1
83 144 1
83 145 -1
83 149 1
83 150 1
84 85 1
84 87 -1
84 88 1
84 90 1
84 92 -1
84 95 -1
84 96 1
84 98 -1
84 99 -1
84 100 -1
84 101 -1
84 102 1
84 103 -1
84 105 1
84 106 -1
84 113 1
84 114 -1
84 117 1
84 120 1
84 121 -1
84 124 -1
84 127 -1
84 128 -1
84 129 1
84 130 -1
84 132 -1
84 136 1
84 137 -1
84 139 1
84 140 -1
84 142 1
84 144 1
84 147 -1
84 150 1
85 86 1
85 87 1
85 89 1
85 92 1
85 95 1
85 98 -1
85 101 -1
85 102 -1
85 103 -1
85 105 1
85 107 1
85 111 1
85 116 1
85 119 -1
85 122 1
85 123 -1
85 125 -1
85 126 1
85 128 1
85 130 1
85 133 -1
85 135 1
85 136 1
85 137 -1
85 139 1
85 140 1
85 142 1
85 143 -1
85 144 -1
85 146 -1
85 149 -1
86 87 1
86 89 1
86 92 1
86 93 1
86 95 1
86 97 -1
86 98 1
86 100 -1
86 104 -1
86 105 1
86 107 1
86 108 -1
86 109 -1
86 110 1
86 111 1
86 112 -1
86 114 -1
86 115 -1
86 116 1
86 117 -1
86 118 1
86 119 1
86 122 1
86 124 -1
86 125 -1
86 126 1
86 127 -1
86 128 1
86 130 1
86 132 -1
86 133 -1
86 134 1
86 135 1
86 137 -1
86 140 1
86 143 1
86 146 -1
86 148 -1
86 150 -1
87 88 -1
87 89 1
87 90 -1
87 91 -1
87 92 1
87 93 1
87 95 1
87 98 1
87 100 -1
87 101 1
87 105 1
87 106 -1
87 107 1
87 110 1
87 111 1
87 113 -1
87 116 1
87 118 1
87 119 1
87 121 -1
87 122 1
87 126 1
87 128 1
87 130 1
87 134 1
87 135 1
87 136 -1
87 137 -1
87 138 -1
87 140 1
87 143 1
87 144 -1
87 149 -1
88 90 1
88 91 1
88 93 -1
88 96 1
88 100 -1
88 102 1
88 103 -1
88 110 -1
88 112 1
88 113 1
88 114 1
88 115 -1
88 116 -1
88 117 1
88 120 1
88 121 1
88 122 -1
88 125 1
88 126 -1
88 127 1
88 129 1
88 131 -1
88 133 1
88 136 1
88 140 -1
88 141 -1
88 143 -1
88 144 1
88 147 -1
88 148 -1
88 149 1
88 150 1
89 92 1
89 93 1
89 95 1
89 98 1
89 100 -1
89 103 -1
89 104 -1
89 105 1
89 106 -1
89 107 1
89 108 -1
89 110 1
89 111 1
89 114 -1
89 116 1
89 118 1
89 119 1
89 121 -1
89 122 1
89 124 -1
89 126 1
89 128 1
89 129 -1
89 130 1
89 134 1
89 135 1
89 137 -1
89 139 1
89 140 1
89 142 -1
89 143 1
89 144 -1
89 147 -1
89 148 -1
89 150 -1
90 91 1
90 94 -1
90 96 1
90 102 1
90 108 -1
90 110 -1
90 111 -1
90 112 1
90 113 1
90 114 1
90 117 1
90 120 1
90 121 1
90 125 1
90 127 1
90 129 1
90 133 1
90 134 -1
90 136 1
90 140 -1
90 144 1
90 145 -1
90 149 1
90 150 1
91 92 -1
91 94 -1
91 98 -1
91 100 -1
91 102 1
91 105 -1
91 106 -1
91 108 1
91 112 1
91 114 1
91 115 -1
91 116 -1
91 118 -1
91 121 1
91 123 1
91 124 1
91 125 1
91 127 1
91 129 1
91 131 -1
91 133 1
91 136 -1
91 137 -1
91 138 -1
91 139 -1
91 140 -1
91 141 1
91 143 -1
91 144 -1
91 145 1
91 146 -1
91 149 1
91 150 1
92 95 1
92 98 1
92 101 -1
92 102 -1
92 105 1
92 106 -1
92 107 1
92 108 -1
92 110 1
92 111 1
92 115 -1
92 116 1
92 118 -1
92 119 1
92 121 -1
92 122 1
92 125 -1
92 126 1
92 128 1
92 130 1
92 134 -1
92 135 1
92 137 -1
92 138 -1
92 139 1
92 140 1
92 141 -1
92 142 1
92 143 1
92 145 -1
92 146 -1
92 147 -1
93 95 1
93 96 -1
93 97 -1
93 98 1
93 100 -1
93 101 1
93 102 -1
93 104 -1
93 106 -1
93 108 -1
93 110 1
93 111 1
93 114 -1
93 115 1
93 116 1
93 118 1
93 119 1
93 120 -1
93 121 -1
93 123 -1
93 124 -1
93 126 1
93 128 1
93 130 1
93 132 1
93 133 -1
93 134 1
93 136 -1
93 137 -1
93 139 -1
93 140 1
93 142 -1
93 143 1
93 144 -1
93 145 -1
93 146 1
93 147 -1
94 96 -1
94 97 1
94 98 -1
94 99 1
94 100 1
94 101 -1
94 103 1
94 104 1
94 106 1
94 109 1
94 115 1
94 118 -1
94 119 -1
94 121 -1
94 124 -1
94 126 -1
94 131 1
94 132 1
94 135 -1
94 137 1
94 138 1
94 139 -1
94 142 -1
94 143 -1
94 146 1
94 147 1
94 148 1
94 149 -1
94 150 -1
95 98 1
95 99 -1
95 102 -1
95 104 -1
95 105 1
95 107 1
95 109 -1
95 110 1
95 111 1
95 113 -1
95 116 1
95 117 -1
95 118 1
95 119 1
95 120 -1
95 122 1
95 126 1
95 128 1
95 130 1
95 131 -1
95 134 1
95 135 1
95 138 -1
95 139 1
95 140 1
95 141 -1
95 143 1
95 145 -1
95 149 -1
96 97 -1
96 100 -1
96 102 1
96 104 -1
96 105 -1
96 106 -1
96 107 -1
96 113 1
96 114 -1
96 116 -1
96 117 1
96 118 -1
96 119 -1
96 120 1
96 121 -1
96 124 -1
96 125 -1
96 127 -1
96 129 1
96 131 -1
96 136 1
96 138 -1
96 139 1
96 142 1
96 144 1
96 145 -1
96 149 -1
96 150 1
97 98 -1
97 99 1
97 100 1
97 101 -1
97 103 1
97 104 1
97 106 1
97 108 -1
97 109 1
97 115 1
97 117 -1
97 119 -1
97 120 -1
97 122 -1
97 130 -1
97 131 1
97 132 1
97 135 -1
97 137 1
97 138 1
97 144 -1
97 145 -1
97 146 1
97 147 1
97 148 1
97 150 -1
98 101 1
98 102 -1
98 103 -1
98 104 -1
98 105 -1
98 108 -1
98 110 1
98 111 1
98 112 -1
98 113 -1
98 114 -1
98 115 1
98 116 1
98 118 1
98 119 1
98 120 -1
98 122 -1
98 124 -1
98 125 -1
98 126 1
98 128 1
98 129 -1
98 130 1
98 132 1
98 134 1
98 135 1
98 136 -1
98 139 -1
98 140 1
98 143 1
98 146 1
98 150 -1
99 100 1
99 101 -1
99 103 1
99 104 1
99 106 1
99 109 1
99 115 1
99 118 -1
99 120 -1
99 121 -1
99 124 -1
99 125 -1
99 131 1
99 132 1
99 134 -1
99 135 -1
99 137 1
99 138 1
99 140 -1
99 142 -1
99 146 1
99 147 1
99 148 1
100 101 1
100 103 1
100 104 1
100 106 1
100 107 -1
100 109 1
100 113 -1
100 114 -1
100 115 1
100 120 -1
100 122 -1
100 124 -1
100 125 -1
100 128 -1
100 129 -1
100 131 1
100 132 1
100 135 -1
100 137 1
100 138 1
100 142 -1
100 143 -1
100 146 1
100 147 1
100 148 1
100 150 -1
101 103 -1
101 104 1
101 109 1
101 110 1
101 111 -1
101 113 -1
101 114 -1
101 115 1
101 118 1
101 119 1
101 120 -1
101 121 -1
101 122 -1
101 123 -1
101 125 -1
101 128 -1
101 130 1
101 132 1
101 134 1
101 137 -1
101 139 -1
101 141 -1
101 143 1
101 146 1
101 147 1
101 148 -1
101 149 -1
102 104 -1
102 105 -1
102 106 -1
102 107 -1
102 108 -1
102 111 -1
102 112 1
102 113 1
102 114 1
102 116 -1
102 117 1
102 119 -1
102 120 1
102 121 1
102 125 1
102 126 -1
102 127 1
102 128 -1
102 129 1
102 132 -1
102 133 1
102 136 1
102 141 -1
102 144 1
102 147 -1
102 149 1
102 150 1
103 104 1
103 105 -1
103 106 1
103 108 -1
103 109 1
103 111 -1
103 115 1
103 116 -1
103 119 -1
103 120 -1
103 121 -1
103 122 -1
103 123 -1
103 125 -1
103 126 -1
103 129 -1
103 131 1
103 132 1
103 137 1
103 138 1
103 139 -1
103 146 1
103 147 1
103 148 1
103 149 -1
104 106 1
104 108 -1
104 109 1
104 114 -1
104 115 1
104 116 -1
104 119 -1
104 121 -1
104 123 -1
104 126 -1
104 130 -1
104 131 1
104 132 1
104 134 -1
104 135 -1
104 136 -1
104 137 1
104 138 1
104 141 -1
104 142 -1
104 143 -1
104 144 -1
104 146 1
104 147 1
104 148 1
104 150 -1
105 107 1
105 108 -1
105 110 -1
105 111 1
105 112 -1
105 115 -1
105 116 1
105 117 -1
105 118 -1
105 121 -1
105 122 1
105 123 -1
105 126 1
105 127 -1
105 128 1
105 130 1
105 135 1
105 136 1
105 139 1
105 140 1
105 141 -1
105 142 1
105 143 -1
105 144 -1
105 146 -1
105 147 -1
105 149 -1
106 107 -1
106 109 1
106 111 -1
106 115 -1
106 116 -1
106 117 -1
106 128 -1
106 129 -1
106 131 1
106 133 -1
106 137 1
106 138 1
106 139 -1
106 141 -1
106 144 -1
106 148 1
106 149 -1
107 109 -1
107 110 1
107 111 1
107 114 -1
107 116 1
107 117 -1
107 119 1
107 122 1
107 123 -1
107 125 -1
107 126 1
107 128 1
107 129 -1
107 130 1
107 135 1
107 139 1
107 140 1
107 142 1
107 143 1
107 144 -1
107 145 -1
107 147 -1
107 148 -1
107 149 -1
108 112 1
108 113 -1
108 114 1
108 120 -1
108 121 1
108 123 1
108 124 1
108 125 1
108 127 1
108 132 -1
108 133 1
108 136 -1
108 140 -1
108 141 1
108 142 -1
108 145 1
108 147 -1
108 148 -1
108 149 1
109 111 -1
109 112 -1
109 115 1
109 116 -1
109 120 -1
109 122 -1
109 123 -1
109 126 -1
109 131 1
109 132 1
109 136 -1
109 137 1
109 138 1
109 139 -1
109 141 -1
109 142 -1
109 143 -1
109 145 -1
109 146 1
109 147 1
109 148 1
109 149 -1
110 111 1
110 112 -1
110 113 -1
110 114 -1
110 115 1
110 116 1
110 118 1
110 119 1
110 122 -1
110 125 -1
110 126 1
110 128 1
110 130 1
110 131 -1
110 132 1
110 134 1
110 135 1
110 136 -1
110 140 1
110 142 -1
110 143 1
110 148 -1
110 149 -1
111 112 -1
111 113 -1
111 116 1
111 118 1
111 119 1
111 122 1
111 123 -1
111 125 -1
111 126 1
111 128 1
111 130 1
111 133 -1
111 134 1
111 135 1
111 137 -1
111 138 -1
111 139 1
111 140 1
111 142 -1
111 143 1
111 145 -1
111 146 -1
111 150 -1
112 113 1
112 114 1
112 117 1
112 120 -1
112 121 1
112 123 1
112 124 1
112 125 1
112 127 1
112 129 1
112 133 1
112 140 -1
112 141 1
112 145 -1
112 148 -1
112 149 1
112 150 1
113 115 -1
113 116 -1
113 117 1
113 119 -1
113 120 1
113 121 1
113 125 -1
113 127 -1
113 129 1
113 130 -1
113 133 1
113 134 -1
113 136 1
113 139 -1
113 142 1
113 144 1
113 147 -1
113 150 1
114 115 -1
114 117 1
114 118 -1
114 119 -1
114 120 -1
114 121 1
114 122 -1
114 123 1
114 124 1
114 125 1
114 126 -1
114 127 1
114 129 1
114 130 -1
114 131 -1
114 132 -1
114 133 1
114 136 -1
114 137 -1
114 141 1
114 142 -1
114 143 -1
114 146 -1
114 147 -1
114 148 -1
114 149 1
114 150 1
115 118 1
115 121 -1
115 123 -1
115 124 -1
115 125 -1
115 129 -1
115 132 1
115 133 -1
115 134 1
115 135 -1
115 136 -1
115 138 1
115 142 -1
115 143 1
115 144 -1
115 146 1
115 147 1
115 149 -1
116 117 -1
116 118 1
116 119 1
116 120 -1
116 122 1
116 126 1
116 127 -1
116 128 1
116 130 1
116 133 -1
116 134 1
116 135 1
116 137 -1
116 139 1
116 140 1
116 141 -1
116 143 1
116 145 -1
116 146 -1
116 150 -1
117 118 -1
117 120 1
117 121 1
117 124 -1
117 126 -1
117 127 -1
117 129 1
117 132 -1
117 133 1
117 134 -1
117 136 1
117 138 -1
117 140 -1
117 142 1
117 144 1
117 145 -1
117 146 -1
117 148 -1
117 150 1
118 119 1
118 124 -1
118 126 1
118 128 1
118 130 1
118 132 1
118 133 -1
118 134 1
118 137 -1
118 138 -1
118 140 1
118 143 1
118 144 -1
118 146 1
118 149 -1
118 150 -1
119 120 -1
119 121 -1
119 122 1
119 125 -1
119 126 1
119 127 -1
119 128 1
119 130 1
119 131 -1
119 134 1
119 135 1
119 136 -1
119 140 1
119 143 1
119 150 -1
120 121 -1
120 126 -1
120 127 -1
120 128 -1
120 129 1
120 134 -1
120 135 -1
120 136 1
120 137 -1
120 139 1
120 140 -1
120 142 1
120 144 1
120 146 -1
120 150 1
121 123 1
121 124 1
121 125 1
121 126 -1
121 127 1
121 129 1
121 133 1
121 134 -1
121 135 -1
121 139 -1
121 141 1
121 146 -1
121 148 -1
121 149 1
121 150 1
122 125 -1
122 126 1
122 128 1
122 130 1
122 131 -1
122 134 -1
122 135 1
122 136 -1
122 138 -1
122 139 1
122 140 1
122 142 1
122 145 -1
122 146 -1
123 124 1
123 125 1
123 127 1
123 128 -1
123 129 -1
123 133 1
123 139 -1
123 141 1
123 142 -1
123 145 1
123 146 -1
123 149 1
124 125 1
124 126 -1
124 127 1
124 133 1
124 135 -1
124 136 -1
124 138 -1
124 140 -1
124 141 1
124 144 -1
124 145 1
124 146 -1
124 149 1
125 127 1
125 129 1
125 131 -1
125 133 1
125 134 -1
125 135 -1
125 137 -1
125 138 -1
125 140 -1
125 141 1
125 145 1
125 146 -1
125 148 -1
125 149 1
125 150 1
126 127 -1
126 128 1
126 130 1
126 132 -1
126 133 -1
126 134 1
126 135 1
126 137 -1
126 138 -1
126 139 1
126 140 1
126 143 1
127 129 1
127 131 -1
127 133 1
127 140 -1
127 141 1
127 142 -1
127 145 1
127 149 1
127 150 1
128 130 1
128 134 1
128 135 1
128 138 -1
128 139 1
128 140 1
128 141 -1
128 143 1
128 145 -1
128 149 -1
128 150 -1
129 131 -1
129 132 -1
129 133 1
129 136 1
129 138 -1
129 139 -1
129 140 -1
129 143 -1
129 144 1
129 149 1
129 150 1
130 133 -1
130 134 1
130 135 1
130 139 -1
130 140 1
130 143 1
130 144 -1
130 149 -1
130 150 -1
131 134 -1
131 137 1
131 138 1
131 139 -1
131 140 -1
131 142 -1
131 143 -1
131 144 -1
131 147 -1
131 148 1
131 150 -1
132 133 -1
132 134 1
132 135 -1
132 136 -1
132 138 1
132 143 1
132 144 -1
132 145 -1
132 146 1
132 147 1
132 148 -1
132 150 -1
133 136 -1
133 138 -1
133 139 -1
133 140 -1
133 141 1
133 143 -1
133 145 -1
133 146 -1
133 149 1
133 150 1
134 135 -1
134 136 -1
134 140 1
134 141 -1
134 143 1
134 146 1
134 147 -1
134 148 -1
134 149 -1
135 139 1
135 140 1
135 142 1
135 143 1
135 145 -1
135 147 -1
135 150 -1
136 137 -1
136 139 1
136 140 -1
136 141 -1
136 142 1
136 144 1
136 146 -1
136 150 1
137 138 1
137 140 -1
137 142 -1
137 146 1
137 147 1
137 148 1
138 139 -1
138 144 -1
138 146 1
138 147 1
138 148 1
139 142 1
139 144 1
139 145 -1
139 146 -1
139 148 -1
140 141 -1
140 143 1
140 146 -1
140 149 -1
141 145 1
141 149 1
141 150 -1
142 143 -1
142 144 1
143 144 -1
143 148 -1
143 149 -1
144 147 -1
144 150 1
145 149 1
145 150 -1
146 147 1
148 150 -1
149 150 1
