vertices: 230 edges: 5304
1 5 1
1 12 -1
1 14 -1
1 19 1
1 23 -1
1 25 -1
1 27 -1
1 30 -1
1 41 -1
1 43 -1
1 45 -1
1 53 -1
1 54 -1
1 60 -1
1 65 -1
1 66 1
1 78 -1
1 81 1
1 82 -1
1 94 -1
1 96 1
1 99 -1
1 100 -1
1 115 -1
1 128 -1
1 130 -1
1 135 -1
1 144 -1
1 145 -1
1 146 1
1 148 -1
1 149 -1
1 157 -1
1 160 -1
1 169 -1
1 183 -1
1 187 -1
1 188 -1
1 189 -1
1 192 -1
1 194 -1
1 209 -1
1 216 -1
1 217 1
1 219 -1
1 221 -1
1 228 -1
2 5 -1
2 6 1
2 9 -1
2 12 -1
2 14 1
2 15 -1
2 17 -1
2 22 -1
2 25 1
2 30 -1
2 31 -1
2 33 -1
2 39 -1
2 42 -1
2 44 -1
2 47 -1
2 49 -1
2 53 1
2 58 -1
2 61 1
2 65 1
2 66 -1
2 67 -1
2 74 -1
2 82 -1
2 85 1
2 100 -1
2 115 -1
2 120 -1
2 124 -1
2 141 -1
2 152 -1
2 157 -1
2 164 -1
2 179 -1
2 182 1
2 186 -1
2 188 -1
2 192 1
2 193 -1
2 194 -1
2 195 -1
2 200 -1
2 214 -1
2 219 -1
2 223 -1
2 226 1
3 9 -1
3 17 -1
3 18 -1
3 19 -1
3 20 -1
3 29 -1
3 31 -1
3 35 1
3 43 -1
3 44 -1
3 52 1
3 54 -1
3 66 -1
3 69 -1
3 70 -1
3 73 -1
3 90 1
3 103 1
3 118 -1
3 119 -1
3 123 -1
3 126 -1
3 127 -1
3 128 -1
3 133 -1
3 155 -1
3 156 -1
3 169 -1
3 182 -1
3 183 -1
3 184 -1
3 193 1
3 201 -1
3 203 -1
3 214 -1
3 217 -1
3 220 -1
3 222 -1
3 225 -1
3 226 -1
3 227 1
4 11 1
4 22 -1
4 26 -1
4 29 -1
4 30 -1
4 39 -1
4 42 -1
4 44 -1
4 46 -1
4 49 -1
4 68 -1
4 73 -1
4 82 -1
4 86 -1
4 89 -1
4 93 -1
4 94 -1
4 101 1
4 103 -1
4 104 -1
4 110 -1
4 113 1
4 122 -1
4 128 -1
4 129 -1
4 131 1
4 148 -1
4 151 -1
4 159 -1
4 164 -1
4 166 -1
4 167 -1
4 170 -1
4 172 1
4 175 -1
4 178 -1
4 181 -1
4 185 1
4 186 -1
4 199 -1
4 204 1
4 209 -1
4 214 -1
4 218 -1
4 221 1
4 223 -1
4 224 -1
5 17 -1
5 18 -1
5 19 1
5 22 -1
5 25 -1
5 31 -1
5 39 -1
5 50 -1
5 60 -1
5 69 1
5 78 -1
5 81 1
5 83 -1
5 85 -1
5 91 -1
5 94 -1
5 96 1
5 117 -1
5 119 -1
5 126 -1
5 127 -1
5 129 -1
5 130 -1
5 143 -1
5 146 1
5 153 -1
5 159 -1
5 161 -1
5 163 -1
5 164 -1
5 172 -1
5 176 -1
5 196 -1
5 198 -1
5 200 -1
5 202 1
5 206 1
5 207 -1
5 211 -1
5 217 1
5 221 -1
5 223 -1
5 229 -1
6 9 -1
6 13 1
6 18 -1
6 22 -1
6 33 -1
6 38 -1
6 45 -1
6 51 -1
6 53 1
6 55 -1
6 58 -1
6 61 1
6 65 1
6 66 -1
6 69 -1
6 83 -1
6 92 -1
6 104 -1
6 106 -1
6 112 -1
6 114 1
6 117 1
6 121 -1
6 138 -1
6 141 -1
6 155 -1
6 156 -1
6 157 -1
6 159 -1
6 164 -1
6 167 -1
6 176 -1
6 182 1
6 186 -1
6 192 1
6 210 1
6 212 1
6 216 -1
6 219 -1
6 221 -1
6 228 -1
7 14 -1
7 15 1
7 21 -1
7 22 -1
7 26 -1
7 31 -1
7 38 -1
7 57 -1
7 61 -1
7 63 -1
7 64 1
7 67 -1
7 70 -1
7 82 -1
7 89 -1
7 91 -1
7 94 -1
7 99 -1
7 104 1
7 110 -1
7 111 -1
7 120 1
7 123 -1
7 155 -1
7 157 -1
7 158 1
7 160 -1
7 162 -1
7 170 -1
7 174 -1
7 176 -1
7 178 -1
7 179 1
7 185 -1
7 186 -1
7 189 -1
7 196 -1
7 201 -1
7 205 -1
7 206 -1
7 208 1
7 209 -1
7 229 1
8 9 -1
8 17 -1
8 20 1
8 21 1
8 26 1
8 29 -1
8 34 1
8 41 -1
8 47 1
8 55 -1
8 63 -1
8 68 -1
8 69 -1
8 72 -1
8 77 -1
8 82 -1
8 84 -1
8 85 -1
8 88 -1
8 89 -1
8 91 1
8 97 -1
8 101 -1
8 109 -1
8 111 -1
8 118 -1
8 126 -1
8 131 -1
8 132 -1
8 133 -1
8 134 -1
8 135 -1
8 136 -1
8 146 -1
8 148 -1
8 153 -1
8 155 1
8 161 1
8 174 -1
8 176 -1
8 183 -1
8 191 -1
8 195 -1
8 196 1
8 202 -1
8 217 -1
8 219 -1
9 13 -1
9 15 -1
9 17 -1
9 20 -1
9 25 -1
9 31 -1
9 38 -1
9 46 -1
9 53 -1
9 59 -1
9 60 -1
9 70 -1
9 85 -1
9 86 -1
9 87 -1
9 88 -1
9 106 -1
9 108 1
9 123 -1
9 124 -1
9 125 -1
9 126 -1
9 127 1
9 138 1
9 142 -1
9 148 -1
9 151 -1
9 153 -1
9 154 -1
9 157 -1
9 160 -1
9 164 1
9 172 -1
9 173 -1
9 177 -1
9 179 -1
9 186 1
9 188 -1
9 189 -1
9 190 -1
9 209 -1
9 211 -1
9 213 -1
9 216 -1
9 218 -1
9 222 -1
10 15 -1
10 24 -1
10 33 -1
10 35 -1
10 50 1
10 59 -1
10 60 -1
10 63 -1
10 64 -1
10 72 1
10 79 -1
10 84 -1
10 91 -1
10 94 -1
10 96 -1
10 98 1
10 99 -1
10 100 -1
10 102 -1
10 105 1
10 106 -1
10 109 -1
10 110 1
10 119 1
10 125 -1
10 130 1
10 134 -1
10 135 1
10 136 -1
10 137 -1
10 140 -1
10 147 -1
10 150 -1
10 151 1
10 153 -1
10 154 1
10 161 -1
10 170 1
10 177 1
10 181 -1
10 190 1
10 192 -1
10 200 -1
10 203 -1
10 210 -1
10 213 -1
10 219 -1
10 227 -1
10 230 -1
11 15 -1
11 20 -1
11 22 1
11 24 -1
11 30 -1
11 33 -1
11 36 -1
11 41 1
11 45 1
11 48 -1
11 52 -1
11 53 -1
11 65 -1
11 68 -1
11 75 -1
11 85 -1
11 89 -1
11 92 -1
11 95 -1
11 101 1
11 109 -1
11 112 -1
11 113 1
11 129 -1
11 131 1
11 132 -1
11 133 1
11 136 1
11 139 -1
11 151 -1
11 156 -1
11 157 -1
11 166 -1
11 178 -1
11 181 -1
11 184 -1
11 185 1
11 192 -1
11 200 -1
11 201 -1
11 202 -1
11 203 -1
11 205 -1
11 213 -1
11 214 -1
11 219 -1
11 221 1
11 223 1
12 13 1
12 15 -1
12 19 -1
12 23 -1
12 27 -1
12 29 1
12 48 1
12 62 -1
12 63 -1
12 66 -1
12 69 1
12 70 -1
12 73 -1
12 82 -1
12 83 1
12 92 -1
12 93 -1
12 98 -1
12 103 -1
12 107 -1
12 113 -1
12 114 1
12 117 -1
12 121 -1
12 126 -1
12 134 -1
12 139 -1
12 143 -1
12 153 -1
12 154 -1
12 155 -1
12 157 -1
12 161 -1
12 164 -1
12 172 -1
12 176 1
12 186 -1
12 194 -1
12 204 -1
12 207 -1
12 210 1
12 212 1
12 222 -1
13 16 -1
13 17 -1
13 20 -1
13 29 1
13 36 -1
13 48 1
13 56 -1
13 57 -1
13 63 -1
13 83 1
13 88 -1
13 92 -1
13 93 -1
13 94 -1
13 108 -1
13 110 -1
13 114 1
13 117 1
13 118 -1
13 119 -1
13 121 -1
13 131 -1
13 133 -1
13 137 -1
13 138 -1
13 142 -1
13 143 -1
13 157 -1
13 161 -1
13 164 -1
13 170 -1
13 171 -1
13 178 -1
13 187 -1
13 190 -1
13 191 -1
13 194 -1
13 196 -1
13 199 -1
13 204 -1
13 210 1
13 211 -1
13 212 1
13 213 -1
13 215 -1
14 20 -1
14 23 -1
14 24 -1
14 25 1
14 31 -1
14 35 -1
14 46 -1
14 52 -1
14 65 1
14 66 -1
14 67 1
14 72 -1
14 75 1
14 81 -1
14 85 1
14 95 -1
14 98 -1
14 100 -1
14 114 -1
14 122 -1
14 126 -1
14 127 -1
14 132 -1
14 136 -1
14 153 -1
14 158 -1
14 163 -1
14 166 -1
14 167 -1
14 169 -1
14 174 -1
14 182 1
14 184 -1
14 199 -1
14 210 -1
14 212 -1
14 219 -1
14 224 -1
14 225 -1
14 226 1
14 230 -1
15 31 -1
15 35 -1
15 47 -1
15 51 -1
15 58 -1
15 62 -1
15 64 1
15 71 -1
15 74 -1
15 79 1
15 86 -1
15 91 -1
15 104 1
15 106 -1
15 112 -1
15 117 -1
15 120 1
15 127 -1
15 131 -1
15 135 -1
15 136 -1
15 150 -1
15 152 -1
15 153 -1
15 155 -1
15 158 1
15 163 -1
15 172 -1
15 186 -1
15 187 -1
15 188 -1
15 197 -1
15 198 -1
15 208 1
15 214 -1
15 218 -1
15 223 -1
15 224 -1
15 227 -1
15 229 1
16 20 -1
16 21 -1
16 24 -1
16 25 -1
16 33 -1
16 35 -1
16 36 -1
16 37 1
16 45 -1
16 55 -1
16 56 1
16 57 -1
16 58 1
16 59 -1
16 61 -1
16 65 -1
16 69 -1
16 73 1
16 75 -1
16 76 1
16 77 1
16 82 -1
16 93 -1
16 96 -1
16 108 -1
16 109 -1
16 112 -1
16 120 -1
16 121 1
16 123 -1
16 136 -1
16 137 -1
16 145 -1
16 148 -1
16 150 -1
16 169 1
16 173 -1
16 183 1
16 187 1
16 188 1
16 191 -1
16 195 1
16 203 -1
16 211 1
16 218 -1
16 222 1
16 223 -1
16 227 -1
16 229 -1
16 230 -1
17 18 1
17 24 -1
17 26 -1
17 28 1
17 32 -1
17 36 1
17 37 -1
17 40 1
17 44 -1
17 46 -1
17 50 1
17 61 -1
17 65 -1
17 68 1
17 80 -1
17 84 1
17 92 -1
17 93 1
17 95 1
17 98 1
17 100 -1
17 116 1
17 118 -1
17 119 -1
17 121 -1
17 128 1
17 130 -1
17 131 -1
17 136 -1
17 139 -1
17 146 -1
17 149 -1
17 151 -1
17 168 1
17 169 -1
17 190 1
17 201 1
17 208 -1
17 209 -1
17 212 -1
17 215 -1
17 225 -1
18 23 -1
18 27 -1
18 28 1
18 30 -1
18 33 -1
18 36 1
18 40 1
18 48 -1
18 50 1
18 55 -1
18 57 -1
18 68 1
18 69 -1
18 70 -1
18 84 1
18 86 -1
18 93 1
18 95 1
18 96 -1
18 97 -1
18 98 1
18 115 -1
18 116 1
18 123 -1
18 125 -1
18 126 -1
18 128 1
18 134 -1
18 135 -1
18 136 -1
18 141 -1
18 143 -1
18 145 -1
18 159 -1
18 168 1
18 170 -1
18 177 -1
18 181 -1
18 190 1
18 198 -1
18 201 1
18 209 -1
18 213 -1
18 215 -1
18 216 -1
18 220 1
18 223 -1
18 224 -1
18 228 -1
19 25 -1
19 29 -1
19 30 -1
19 31 -1
19 37 -1
19 38 -1
19 52 -1
19 54 -1
19 56 -1
19 64 -1
19 66 1
19 77 -1
19 78 -1
19 81 1
19 94 -1
19 96 1
19 101 -1
19 102 -1
19 108 -1
19 118 1
19 120 -1
19 138 -1
19 139 -1
19 146 1
19 153 -1
19 158 -1
19 163 -1
19 166 -1
19 180 -1
19 181 -1
19 182 -1
19 183 -1
19 187 -1
19 191 -1
19 197 -1
19 200 -1
19 205 -1
19 207 -1
19 216 -1
19 217 1
19 227 -1
19 228 -1
19 230 -1
20 21 1
20 26 1
20 29 -1
20 31 -1
20 33 -1
20 34 1
20 37 -1
20 39 -1
20 47 1
20 58 -1
20 61 -1
20 63 -1
20 66 -1
20 68 -1
20 71 -1
20 77 -1
20 79 -1
20 93 -1
20 105 -1
20 113 -1
20 114 -1
20 117 -1
20 125 -1
20 127 -1
20 128 -1
20 129 -1
20 132 -1
20 134 -1
20 137 -1
20 141 1
20 151 -1
20 152 -1
20 153 -1
20 155 1
20 157 -1
20 161 1
20 162 -1
20 164 -1
20 170 -1
20 182 -1
20 184 -1
20 186 -1
20 189 -1
20 191 -1
20 196 1
20 203 -1
20 210 -1
20 222 -1
20 227 -1
20 230 1
21 25 -1
21 26 1
21 32 -1
21 41 -1
21 47 1
21 50 -1
21 53 -1
21 56 -1
21 57 -1
21 68 -1
21 79 -1
21 89 -1
21 111 -1
21 116 -1
21 133 -1
21 141 1
21 142 -1
21 146 -1
21 148 -1
21 149 1
21 150 -1
21 151 -1
21 155 1
21 161 1
21 165 -1
21 167 -1
21 172 -1
21 174 -1
21 175 -1
21 176 -1
21 183 -1
21 189 -1
21 193 -1
21 196 1
21 197 -1
21 210 -1
21 222 -1
21 230 1
22 26 -1
22 27 -1
22 41 1
22 45 1
22 46 1
22 47 -1
22 63 -1
22 64 -1
22 67 -1
22 72 -1
22 77 -1
22 80 -1
22 106 -1
22 109 1
22 111 1
22 115 -1
22 123 -1
22 124 -1
22 125 1
22 131 1
22 133 1
22 135 -1
22 136 1
22 141 -1
22 145 1
22 152 -1
22 160 1
22 163 -1
22 164 -1
22 168 -1
22 176 -1
22 180 -1
22 184 -1
22 185 1
22 189 -1
22 194 -1
22 199 -1
22 206 -1
22 209 -1
22 215 -1
22 221 1
22 222 -1
22 223 1
22 224 -1
22 226 -1
23 31 -1
23 32 -1
23 53 -1
23 58 -1
23 65 -1
23 68 -1
23 73 -1
23 74 -1
23 83 -1
23 84 -1
23 85 -1
23 92 1
23 101 -1
23 104 -1
23 110 -1
23 119 -1
23 122 -1
23 127 -1
23 133 -1
23 144 -1
23 147 -1
23 148 -1
23 161 -1
23 175 1
23 176 -1
23 198 -1
23 204 -1
23 213 -1
23 226 -1
24 25 -1
24 26 -1
24 30 -1
24 32 -1
24 37 -1
24 38 1
24 39 -1
24 49 -1
24 51 -1
24 59 -1
24 62 -1
24 63 1
24 64 -1
24 66 -1
24 69 -1
24 72 -1
24 87 1
24 91 1
24 94 1
24 98 -1
24 112 -1
24 119 -1
24 132 -1
24 134 -1
24 136 -1
24 137 1
24 154 -1
24 156 -1
24 158 -1
24 164 -1
24 169 -1
24 172 -1
24 175 -1
24 177 -1
24 180 -1
24 183 -1
24 192 -1
24 200 -1
24 204 -1
24 215 -1
24 216 -1
24 219 1
25 27 -1
25 28 -1
25 36 -1
25 41 -1
25 53 1
25 63 -1
25 65 1
25 68 -1
25 75 1
25 77 -1
25 80 -1
25 85 1
25 86 -1
25 88 -1
25 91 -1
25 92 -1
25 96 -1
25 100 -1
25 115 -1
25 127 -1
25 132 -1
25 133 -1
25 146 -1
25 153 -1
25 156 -1
25 159 -1
25 160 -1
25 164 -1
25 173 -1
25 182 1
25 185 -1
25 188 -1
25 192 1
25 193 -1
25 196 -1
25 201 -1
25 202 -1
25 207 -1
25 214 -1
25 217 -1
25 219 -1
25 226 1
26 33 -1
26 37 -1
26 38 -1
26 42 -1
26 43 -1
26 47 1
26 60 -1
26 64 -1
26 69 -1
26 80 -1
26 88 -1
26 91 -1
26 108 -1
26 110 -1
26 111 -1
26 115 -1
26 117 -1
26 134 -1
26 141 1
26 144 -1
26 146 -1
26 149 1
26 150 -1
26 155 1
26 157 -1
26 158 -1
26 161 1
26 168 -1
26 170 -1
26 173 -1
26 178 -1
26 189 -1
26 196 1
26 197 -1
26 200 -1
26 206 -1
26 211 -1
26 215 -1
26 217 -1
26 218 -1
26 225 -1
26 226 -1
26 230 1
27 30 1
27 34 -1
27 40 -1
27 50 -1
27 53 -1
27 55 1
27 58 -1
27 61 -1
27 65 -1
27 66 -1
27 68 -1
27 70 -1
27 72 -1
27 85 -1
27 87 -1
27 97 -1
27 100 1
27 102 -1
27 103 -1
27 108 -1
27 109 -1
27 113 -1
27 117 -1
27 119 -1
27 121 -1
27 122 1
27 124 1
27 132 1
27 145 -1
27 149 -1
27 151 -1
27 153 1
27 155 -1
27 158 -1
27 178 -1
27 188 -1
27 191 -1
27 193 -1
27 195 -1
27 202 -1
27 203 1
27 204 -1
27 209 1
27 213 1
27 217 -1
27 220 -1
27 224 1
28 32 -1
28 40 1
28 46 -1
28 47 -1
28 61 -1
28 65 -1
28 68 1
28 82 -1
28 84 1
28 85 -1
28 89 1
28 92 -1
28 95 1
28 98 -1
28 112 -1
28 115 -1
28 116 1
28 117 -1
28 126 -1
28 128 1
28 132 -1
28 140 -1
28 148 -1
28 160 -1
28 164 -1
28 168 1
28 171 -1
28 173 -1
28 180 1
28 182 -1
28 190 -1
28 199 -1
28 201 1
28 204 -1
28 214 -1
28 220 1
28 225 -1
28 228 -1
29 33 -1
29 45 -1
29 47 -1
29 48 1
29 55 -1
29 59 -1
29 62 -1
29 63 -1
29 70 -1
29 75 -1
29 82 -1
29 83 1
29 84 -1
29 94 -1
29 96 -1
29 97 -1
29 102 -1
29 106 -1
29 109 -1
29 111 -1
29 114 1
29 118 -1
29 121 -1
29 131 -1
29 132 -1
29 135 -1
29 136 -1
29 137 -1
29 139 -1
29 142 -1
29 159 -1
29 160 -1
29 162 -1
29 173 -1
29 176 1
29 177 -1
29 185 -1
29 193 -1
29 196 -1
29 206 -1
29 210 1
29 212 1
29 216 -1
29 223 -1
29 226 -1
29 229 -1
30 38 -1
30 39 -1
30 40 -1
30 41 -1
30 42 -1
30 47 -1
30 55 1
30 68 -1
30 72 -1
30 74 -1
30 75 -1
30 85 -1
30 92 -1
30 100 1
30 102 -1
30 108 -1
30 112 -1
30 115 -1
30 117 -1
30 119 -1
30 122 1
30 123 -1
30 124 1
30 132 1
30 133 -1
30 139 -1
30 141 -1
30 146 -1
30 153 1
30 156 -1
30 157 -1
30 159 -1
30 178 -1
30 179 -1
30 187 -1
30 190 -1
30 194 -1
30 203 1
30 209 1
30 213 1
30 216 -1
30 219 -1
30 221 -1
30 223 -1
30 224 -1
30 229 -1
30 230 -1
31 33 1
31 42 -1
31 47 -1
31 51 -1
31 53 -1
31 56 -1
31 59 -1
31 61 -1
31 66 -1
31 67 -1
31 71 1
31 78 1
31 80 1
31 82 1
31 85 -1
31 86 -1
31 89 -1
31 92 -1
31 97 1
31 99 -1
31 100 -1
31 101 -1
31 102 1
31 106 1
31 107 -1
31 108 -1
31 110 -1
31 117 -1
31 118 -1
31 133 -1
31 134 -1
31 137 -1
31 144 1
31 145 -1
31 150 -1
31 152 -1
31 159 -1
31 167 -1
31 179 -1
31 189 -1
31 190 -1
31 196 -1
31 199 1
31 203 -1
31 205 1
31 209 -1
31 219 -1
31 220 -1
31 221 -1
31 226 -1
31 227 -1
32 34 -1
32 38 -1
32 46 1
32 52 -1
32 54 -1
32 62 -1
32 66 -1
32 76 -1
32 78 -1
32 84 -1
32 88 1
32 89 -1
32 97 -1
32 109 1
32 111 1
32 116 -1
32 121 -1
32 125 1
32 127 -1
32 129 1
32 133 -1
32 143 -1
32 144 -1
32 145 1
32 148 -1
32 150 -1
32 152 -1
32 160 1
32 164 -1
32 167 -1
32 168 -1
32 174 -1
32 180 -1
32 184 -1
32 188 -1
32 189 -1
32 192 -1
32 193 -1
32 194 -1
32 211 -1
32 213 -1
32 216 -1
32 222 -1
33 37 -1
33 38 -1
33 42 -1
33 44 -1
33 46 -1
33 53 -1
33 55 -1
33 59 -1
33 64 -1
33 68 -1
33 71 1
33 76 -1
33 77 -1
33 78 1
33 79 -1
33 80 1
33 97 1
33 101 -1
33 102 1
33 106 1
33 107 -1
33 114 -1
33 116 -1
33 119 -1
33 122 -1
33 127 -1
33 136 -1
33 140 -1
33 141 -1
33 143 -1
33 144 1
33 146 -1
33 147 -1
33 161 -1
33 169 -1
33 174 -1
33 185 -1
33 196 -1
33 199 1
33 203 -1
33 209 1
33 211 -1
33 220 -1
34 40 -1
34 45 -1
34 46 -1
34 47 1
34 52 -1
34 73 -1
34 86 -1
34 87 1
34 88 -1
34 91 1
34 96 -1
34 97 -1
34 102 -1
34 122 -1
34 137 1
34 141 -1
34 143 -1
34 148 -1
34 153 -1
34 155 1
34 160 -1
34 163 -1
34 166 -1
34 170 -1
34 173 -1
34 174 -1
34 177 -1
34 180 -1
34 192 -1
34 196 1
34 201 -1
34 203 -1
34 208 -1
34 211 -1
34 213 -1
34 221 -1
34 223 -1
35 47 -1
35 52 1
35 63 -1
35 66 -1
35 69 -1
35 80 -1
35 86 -1
35 101 -1
35 112 -1
35 120 -1
35 125 -1
35 134 -1
35 140 -1
35 141 -1
35 146 -1
35 159 -1
35 160 -1
35 168 -1
35 172 -1
35 179 -1
35 192 -1
35 193 1
35 197 -1
35 202 -1
35 207 -1
35 211 -1
35 212 -1
35 216 -1
35 221 -1
35 222 -1
35 224 -1
36 38 -1
36 39 -1
36 43 -1
36 44 -1
36 50 1
36 56 -1
36 65 -1
36 72 -1
36 75 -1
36 91 -1
36 93 1
36 98 1
36 111 -1
36 112 -1
36 119 1
36 127 -1
36 129 -1
36 130 1
36 132 -1
36 144 -1
36 147 -1
36 148 -1
36 154 1
36 167 -1
36 168 1
36 171 -1
36 186 -1
36 188 -1
36 190 1
36 193 -1
36 201 -1
36 206 -1
36 207 -1
36 212 -1
36 213 -1
36 214 -1
36 219 -1
36 224 -1
36 226 -1
36 227 -1
37 40 -1
37 47 -1
37 48 -1
37 51 -1
37 54 1
37 55 -1
37 57 -1
37 58 1
37 69 -1
37 73 1
37 76 1
37 80 -1
37 88 -1
37 89 -1
37 92 -1
37 101 -1
37 106 -1
37 114 -1
37 121 1
37 128 -1
37 138 -1
37 139 -1
37 145 -1
37 154 -1
37 156 -1
37 157 -1
37 160 -1
37 162 -1
37 169 1
37 175 -1
37 183 1
37 184 1
37 187 1
37 188 1
37 189 -1
37 191 -1
37 193 -1
37 199 -1
37 206 -1
37 217 -1
37 218 1
37 222 1
37 226 -1
37 227 -1
38 41 -1
38 45 -1
38 49 -1
38 54 -1
38 55 -1
38 61 -1
38 63 1
38 75 -1
38 80 -1
38 84 -1
38 87 1
38 91 -1
38 94 1
38 98 -1
38 115 -1
38 117 -1
38 127 -1
38 137 1
38 153 -1
38 157 -1
38 162 -1
38 175 1
38 177 -1
38 183 -1
38 190 -1
38 195 -1
38 198 -1
38 199 -1
38 202 -1
38 219 1
38 221 -1
38 222 -1
38 224 -1
38 228 -1
38 229 -1
38 230 -1
39 51 -1
39 55 -1
39 57 1
39 63 -1
39 67 -1
39 74 1
39 77 -1
39 80 -1
39 96 -1
39 97 -1
39 103 -1
39 105 -1
39 106 -1
39 107 1
39 112 -1
39 126 1
39 130 -1
39 131 -1
39 133 -1
39 142 -1
39 150 -1
39 152 -1
39 154 -1
39 157 1
39 170 -1
39 173 1
39 176 -1
39 188 -1
39 190 -1
39 191 -1
39 192 -1
39 196 -1
39 198 1
39 201 -1
39 203 -1
39 207 -1
39 209 -1
39 211 -1
39 214 1
39 215 1
39 216 1
39 220 -1
40 42 -1
40 46 -1
40 47 -1
40 60 -1
40 68 1
40 76 -1
40 84 1
40 89 1
40 91 -1
40 95 1
40 97 -1
40 101 -1
40 102 -1
40 106 -1
40 108 -1
40 109 -1
40 111 -1
40 114 -1
40 115 -1
40 116 1
40 118 -1
40 128 1
40 136 -1
40 139 -1
40 140 -1
40 141 -1
40 144 -1
40 156 -1
40 158 -1
40 159 -1
40 162 -1
40 168 1
40 172 -1
40 173 -1
40 180 1
40 182 -1
40 184 -1
40 186 -1
40 201 1
40 206 -1
40 213 -1
40 216 -1
40 220 1
40 226 -1
40 228 -1
41 45 1
41 46 1
41 59 -1
41 62 -1
41 76 -1
41 82 -1
41 88 -1
41 109 1
41 111 1
41 118 -1
41 123 -1
41 125 1
41 128 -1
41 130 -1
41 131 1
41 132 -1
41 133 1
41 136 1
41 139 -1
41 144 -1
41 145 1
41 149 -1
41 153 -1
41 159 -1
41 160 1
41 167 -1
41 177 -1
41 183 -1
41 184 -1
41 185 1
41 187 -1
41 188 -1
41 201 -1
41 210 -1
41 221 1
41 223 1
41 228 -1
42 44 1
42 45 -1
42 49 1
42 53 -1
42 56 1
42 59 1
42 66 -1
42 79 -1
42 83 -1
42 84 -1
42 85 -1
42 86 1
42 102 -1
42 105 -1
42 106 -1
42 107 -1
42 112 -1
42 113 -1
42 115 1
42 130 -1
42 140 -1
42 145 -1
42 163 -1
42 167 1
42 173 -1
42 178 1
42 181 1
42 183 -1
42 185 -1
42 188 -1
42 189 -1
42 190 -1
42 196 -1
42 203 -1
42 211 -1
42 223 -1
42 227 -1
43 47 -1
43 48 -1
43 49 -1
43 50 -1
43 51 1
43 52 -1
43 53 -1
43 72 -1
43 80 -1
43 83 -1
43 86 -1
43 90 -1
43 99 1
43 100 -1
43 106 -1
43 113 -1
43 120 -1
43 130 -1
43 132 -1
43 133 -1
43 140 1
43 143 1
43 144 -1
43 145 -1
43 150 1
43 152 -1
43 160 -1
43 163 1
43 165 -1
43 168 -1
43 178 -1
43 182 -1
43 188 -1
43 189 1
43 190 -1
43 191 1
43 194 1
43 200 1
43 203 -1
43 212 -1
43 223 -1
44 47 -1
44 48 -1
44 49 1
44 50 -1
44 59 1
44 62 -1
44 69 -1
44 77 -1
44 86 1
44 95 -1
44 115 1
44 116 -1
44 128 -1
44 140 -1
44 141 -1
44 144 -1
44 151 -1
44 159 -1
44 161 -1
44 167 1
44 178 1
44 181 1
44 184 -1
44 186 -1
44 187 -1
44 188 -1
44 191 -1
44 192 -1
44 198 -1
44 215 -1
44 217 -1
44 220 -1
44 226 -1
45 47 -1
45 48 -1
45 49 -1
45 55 -1
45 60 -1
45 61 -1
45 64 -1
45 73 -1
45 90 -1
45 93 -1
45 100 -1
45 105 -1
45 109 1
45 111 1
45 113 1
45 120 -1
45 121 -1
45 125 1
45 131 1
45 133 1
45 136 1
45 138 -1
45 140 -1
45 141 -1
45 142 -1
45 145 -1
45 146 -1
45 153 -1
45 158 -1
45 160 1
45 169 -1
45 170 -1
45 174 -1
45 185 1
45 188 -1
45 190 -1
45 193 -1
45 198 -1
45 202 -1
45 203 -1
45 204 -1
45 216 -1
45 218 -1
45 221 1
45 223 1
45 224 -1
45 226 -1
46 48 -1
46 53 -1
46 60 -1
46 62 -1
46 81 -1
46 82 -1
46 87 -1
46 88 1
46 94 -1
46 96 -1
46 99 -1
46 103 -1
46 109 1
46 111 1
46 114 -1
46 116 -1
46 117 -1
46 121 -1
46 122 -1
46 125 1
46 130 -1
46 133 1
46 134 -1
46 137 -1
46 145 1
46 148 -1
46 153 -1
46 160 1
46 174 -1
46 187 -1
46 191 -1
46 194 -1
46 195 -1
46 199 -1
46 200 -1
46 216 -1
47 52 -1
47 56 -1
47 63 -1
47 69 -1
47 72 -1
47 74 -1
47 81 -1
47 98 -1
47 105 -1
47 108 -1
47 112 -1
47 123 -1
47 137 -1
47 141 1
47 149 1
47 151 -1
47 155 1
47 158 -1
47 159 -1
47 161 1
47 167 -1
47 172 -1
47 182 -1
47 189 -1
47 192 -1
47 195 -1
47 196 1
47 197 -1
47 198 -1
47 200 -1
47 211 -1
47 218 -1
47 220 -1
47 222 -1
47 227 -1
47 230 1
48 52 -1
48 66 -1
48 68 -1
48 69 1
48 70 -1
48 71 -1
48 75 -1
48 80 -1
48 81 -1
48 83 1
48 84 -1
48 94 -1
48 103 -1
48 107 -1
48 113 -1
48 114 1
48 115 -1
48 116 -1
48 119 -1
48 123 -1
48 130 -1
48 137 -1
48 138 -1
48 151 -1
48 158 -1
48 162 -1
48 168 -1
48 169 -1
48 174 -1
48 176 1
48 179 -1
48 185 -1
48 186 -1
48 194 -1
48 196 -1
48 197 -1
48 199 -1
48 201 -1
48 202 1
48 206 1
48 208 -1
48 211 -1
48 212 1
48 226 -1
49 54 -1
49 56 -1
49 59 1
49 71 -1
49 80 -1
49 86 1
49 88 -1
49 95 -1
49 102 -1
49 103 -1
49 104 -1
49 107 -1
49 118 -1
49 122 -1
49 134 -1
49 136 -1
49 160 -1
49 165 -1
49 167 1
49 178 1
49 185 -1
49 199 -1
49 200 -1
49 201 -1
49 202 -1
49 204 1
50 54 -1
50 61 -1
50 62 -1
50 70 -1
50 72 -1
50 78 -1
50 82 -1
50 93 1
50 98 1
50 101 -1
50 104 -1
50 105 1
50 107 -1
50 119 1
50 124 -1
50 130 1
50 135 1
50 137 -1
50 138 -1
50 142 -1
50 145 -1
50 147 -1
50 148 -1
50 152 -1
50 153 -1
50 154 1
50 160 -1
50 166 -1
50 168 -1
50 172 -1
50 177 1
50 178 -1
50 182 -1
50 190 1
50 193 -1
50 198 -1
50 206 -1
50 211 -1
50 218 -1
50 222 -1
51 52 1
51 57 -1
51 60 -1
51 61 -1
51 65 -1
51 69 -1
51 70 -1
51 79 -1
51 84 -1
51 88 -1
51 89 -1
51 93 -1
51 94 -1
51 99 1
51 101 -1
51 107 -1
51 120 -1
51 129 -1
51 134 -1
51 140 1
51 146 -1
51 149 -1
51 150 1
51 161 -1
51 163 1
51 168 -1
51 170 -1
51 175 -1
51 176 -1
51 185 -1
51 189 1
51 191 1
51 193 -1
51 194 1
51 200 1
51 203 -1
51 212 -1
51 214 -1
51 218 -1
51 220 -1
52 55 -1
52 59 -1
52 61 -1
52 63 -1
52 77 -1
52 85 -1
52 88 -1
52 94 -1
52 99 1
52 102 -1
52 110 -1
52 111 -1
52 113 -1
52 114 -1
52 122 -1
52 142 -1
52 146 -1
52 147 -1
52 149 -1
52 153 -1
52 155 -1
52 158 -1
52 159 -1
52 165 -1
52 167 -1
52 173 -1
52 180 -1
52 184 -1
52 186 -1
52 193 1
52 200 1
52 202 -1
52 211 -1
52 213 -1
52 220 -1
52 225 -1
53 58 -1
53 61 1
53 63 -1
53 65 1
53 67 -1
53 68 -1
53 71 -1
53 72 -1
53 73 -1
53 78 -1
53 85 1
53 89 -1
53 94 -1
53 95 -1
53 98 -1
53 106 -1
53 114 -1
53 117 1
53 118 -1
53 121 -1
53 129 -1
53 131 -1
53 140 -1
53 154 -1
53 162 -1
53 165 -1
53 177 -1
53 182 1
53 188 -1
53 192 1
53 194 -1
53 200 -1
53 210 1
53 215 -1
53 219 -1
53 225 -1
53 227 -1
53 228 -1
53 230 -1
54 56 -1
54 58 -1
54 59 -1
54 71 -1
54 72 1
54 73 1
54 76 1
54 83 -1
54 85 -1
54 108 -1
54 112 -1
54 120 -1
54 121 1
54 122 -1
54 123 1
54 124 -1
54 130 -1
54 132 -1
54 136 -1
54 139 1
54 151 1
54 155 -1
54 160 -1
54 167 -1
54 169 1
54 170 1
54 173 -1
54 174 -1
54 175 -1
54 184 1
54 186 -1
54 187 1
54 188 1
54 195 -1
54 196 -1
54 203 -1
54 204 -1
54 205 -1
54 209 -1
54 210 -1
54 218 1
55 60 -1
55 69 -1
55 70 -1
55 73 -1
55 79 -1
55 91 -1
55 94 -1
55 100 1
55 103 -1
55 106 -1
55 107 -1
55 111 -1
55 112 -1
55 122 1
55 124 1
55 125 -1
55 127 -1
55 144 -1
55 149 -1
55 150 -1
55 153 1
55 166 -1
55 170 -1
55 175 -1
55 181 -1
55 184 -1
55 188 -1
55 203 1
55 205 -1
55 209 1
55 213 1
55 214 -1
55 216 -1
55 219 -1
55 220 -1
55 230 -1
56 57 -1
56 58 1
56 62 -1
56 68 -1
56 76 -1
56 77 1
56 79 -1
56 81 -1
56 82 -1
56 86 1
56 88 -1
56 93 -1
56 94 -1
56 96 -1
56 97 -1
56 98 -1
56 105 -1
56 106 -1
56 107 -1
56 113 -1
56 115 1
56 127 -1
56 134 -1
56 147 -1
56 148 -1
56 149 -1
56 157 -1
56 163 -1
56 168 -1
56 170 -1
56 179 -1
56 181 1
56 183 -1
56 186 -1
56 192 -1
56 195 1
56 200 -1
56 202 -1
56 209 -1
56 210 -1
56 211 1
56 222 1
56 223 -1
57 63 -1
57 66 -1
57 72 -1
57 74 1
57 75 -1
57 80 -1
57 95 -1
57 106 -1
57 107 1
57 115 -1
57 116 -1
57 125 -1
57 126 1
57 135 -1
57 139 -1
57 142 -1
57 143 -1
57 150 -1
57 154 -1
57 156 -1
57 157 1
57 159 -1
57 163 -1
57 173 1
57 178 -1
57 185 -1
57 188 -1
57 191 -1
57 196 -1
57 198 1
57 214 1
57 215 1
57 216 1
57 220 -1
57 221 -1
57 226 -1
57 229 -1
58 63 -1
58 70 -1
58 71 -1
58 73 1
58 76 1
58 77 1
58 79 -1
58 80 -1
58 90 -1
58 97 -1
58 100 -1
58 104 -1
58 107 -1
58 116 -1
58 121 1
58 122 -1
58 124 -1
58 137 -1
58 146 -1
58 150 -1
58 157 -1
58 160 -1
58 169 1
58 171 -1
58 176 -1
58 177 -1
58 182 -1
58 183 1
58 187 1
58 188 1
58 195 1
58 197 -1
58 199 -1
58 200 -1
58 202 -1
58 207 -1
58 210 -1
58 211 1
58 214 -1
58 222 1
59 63 -1
59 69 -1
59 76 -1
59 80 -1
59 86 1
59 87 -1
59 91 -1
59 95 -1
59 100 -1
59 104 -1
59 105 -1
59 106 -1
59 113 -1
59 124 -1
59 139 -1
59 150 -1
59 153 -1
59 160 -1
59 161 -1
59 162 -1
59 163 -1
59 167 1
59 177 -1
59 178 1
59 182 -1
59 185 -1
59 187 -1
59 199 -1
59 200 -1
59 204 1
59 206 -1
59 211 -1
59 216 -1
59 223 -1
59 230 -1
60 65 -1
60 66 -1
60 67 1
60 71 -1
60 72 -1
60 82 -1
60 84 -1
60 87 -1
60 90 -1
60 99 -1
60 101 -1
60 107 -1
60 111 -1
60 112 1
60 115 -1
60 120 -1
60 121 -1
60 125 -1
60 126 -1
60 128 -1
60 131 -1
60 134 1
60 138 -1
60 142 1
60 155 -1
60 156 1
60 159 1
60 165 1
60 171 1
60 175 -1
60 197 1
60 201 -1
60 209 -1
60 213 -1
60 223 -1
60 225 1
61 65 1
61 78 -1
61 86 -1
61 95 -1
61 111 -1
61 117 1
61 120 -1
61 143 -1
61 151 -1
61 163 -1
61 164 -1
61 172 -1
61 182 1
61 184 -1
61 192 1
61 194 -1
61 196 -1
61 202 -1
61 203 -1
61 209 -1
61 210 1
61 212 -1
61 223 -1
61 227 -1
61 230 -1
62 64 -1
62 81 -1
62 88 -1
62 89 1
62 90 1
62 91 -1
62 96 -1
62 103 1
62 105 -1
62 127 -1
62 129 -1
62 132 -1
62 139 -1
62 148 1
62 149 -1
62 150 -1
62 152 1
62 155 -1
62 156 -1
62 159 -1
62 162 -1
62 170 -1
62 180 1
62 191 -1
62 206 -1
62 212 -1
62 220 1
62 221 -1
62 227 1
63 65 -1
63 66 -1
63 77 -1
63 86 -1
63 87 1
63 88 -1
63 91 1
63 94 1
63 107 -1
63 121 -1
63 132 -1
63 137 1
63 142 -1
63 143 -1
63 147 -1
63 149 -1
63 161 -1
63 163 -1
63 164 -1
63 177 -1
63 183 -1
63 184 -1
63 194 -1
63 200 -1
63 201 -1
63 203 -1
63 206 -1
63 213 -1
63 216 -1
63 219 1
63 224 -1
63 228 -1
64 65 -1
64 67 -1
64 70 -1
64 72 -1
64 79 1
64 80 -1
64 81 -1
64 84 -1
64 86 -1
64 87 -1
64 88 -1
64 92 -1
64 94 -1
64 104 1
64 112 -1
64 120 -1
64 131 -1
64 134 -1
64 139 -1
64 141 -1
64 142 -1
64 143 -1
64 146 -1
64 160 -1
64 161 -1
64 163 -1
64 168 -1
64 179 -1
64 187 -1
64 194 -1
64 197 -1
64 201 -1
64 205 -1
64 208 1
64 211 -1
64 213 -1
64 219 -1
64 223 -1
64 228 1
64 229 1
64 230 -1
65 68 -1
65 76 -1
65 77 -1
65 79 -1
65 81 -1
65 85 1
65 87 -1
65 98 -1
65 111 -1
65 117 1
65 122 -1
65 130 -1
65 140 -1
65 148 -1
65 153 -1
65 159 -1
65 166 -1
65 168 -1
65 178 -1
65 182 1
65 192 1
65 196 -1
65 198 -1
65 202 -1
65 211 -1
65 219 -1
65 226 1
65 228 -1
65 229 -1
65 230 -1
66 67 -1
66 77 -1
66 78 -1
66 81 1
66 85 -1
66 92 -1
66 96 1
66 109 -1
66 118 1
66 120 -1
66 123 -1
66 141 -1
66 145 -1
66 146 1
66 151 -1
66 153 -1
66 157 -1
66 162 -1
66 166 -1
66 168 -1
66 186 -1
66 187 -1
66 192 -1
66 196 -1
66 205 -1
66 212 -1
66 217 -1
66 224 -1
66 228 -1
67 71 -1
67 74 -1
67 75 1
67 76 -1
67 87 -1
67 99 -1
67 101 -1
67 108 -1
67 111 -1
67 112 1
67 116 -1
67 119 -1
67 123 -1
67 134 1
67 138 -1
67 140 -1
67 148 -1
67 152 -1
67 155 -1
67 156 1
67 159 1
67 162 -1
67 165 1
67 169 -1
67 177 -1
67 197 1
67 199 -1
67 200 -1
67 201 -1
67 202 -1
67 204 -1
67 205 -1
67 208 -1
67 210 -1
67 224 -1
67 225 1
67 226 1
68 69 -1
68 78 -1
68 82 -1
68 84 1
68 89 1
68 95 1
68 103 -1
68 115 -1
68 116 1
68 122 -1
68 124 -1
68 128 1
68 133 -1
68 140 -1
68 148 1
68 160 -1
68 168 1
68 172 -1
68 178 -1
68 179 -1
68 180 1
68 200 -1
68 201 1
68 210 -1
68 212 -1
68 215 -1
68 220 1
68 225 -1
69 73 -1
69 76 -1
69 91 -1
69 92 -1
69 108 -1
69 110 -1
69 119 -1
69 120 -1
69 125 -1
69 128 -1
69 131 -1
69 134 -1
69 138 -1
69 142 -1
69 145 -1
69 149 -1
69 152 -1
69 154 -1
69 157 -1
69 158 -1
69 160 -1
69 163 -1
69 171 -1
69 174 -1
69 176 1
69 202 1
69 203 -1
69 204 -1
69 206 1
69 209 -1
69 214 -1
69 215 -1
69 217 -1
69 220 -1
69 226 -1
70 75 -1
70 78 -1
70 91 -1
70 94 -1
70 97 -1
70 106 -1
70 114 -1
70 126 -1
70 128 -1
70 130 -1
70 141 1
70 148 -1
70 149 1
70 152 -1
70 162 1
70 166 1
70 176 -1
70 184 -1
70 194 -1
70 198 -1
70 207 1
70 226 -1
70 227 -1
70 230 1
71 74 -1
71 75 -1
71 80 1
71 82 1
71 86 -1
71 90 -1
71 92 -1
71 102 1
71 106 1
71 107 -1
71 123 -1
71 135 -1
71 137 -1
71 141 -1
71 144 -1
71 146 -1
71 147 1
71 151 -1
71 164 -1
71 166 -1
71 171 -1
71 172 -1
71 175 -1
71 178 -1
71 180 -1
71 182 -1
71 194 -1
71 198 -1
71 199 1
71 202 -1
71 205 1
71 217 -1
71 218 -1
71 220 -1
71 221 -1
72 73 -1
72 76 -1
72 79 -1
72 92 -1
72 99 -1
72 105 1
72 106 -1
72 109 -1
72 110 1
72 112 -1
72 113 -1
72 118 -1
72 119 1
72 123 1
72 126 -1
72 127 -1
72 135 1
72 139 1
72 141 -1
72 145 -1
72 146 -1
72 147 -1
72 148 -1
72 151 1
72 152 -1
72 154 1
72 158 -1
72 170 1
72 175 -1
72 176 -1
72 177 1
72 182 -1
72 184 1
72 189 -1
72 194 -1
72 195 -1
72 203 -1
72 208 -1
72 217 -1
72 218 1
72 222 -1
72 223 -1
72 226 -1
72 230 -1
73 74 -1
73 76 1
73 77 -1
73 85 -1
73 92 -1
73 93 -1
73 97 -1
73 98 -1
73 99 -1
73 101 -1
73 111 -1
73 113 -1
73 120 -1
73 121 1
73 127 -1
73 134 -1
73 139 -1
73 143 -1
73 166 -1
73 169 1
73 176 -1
73 177 -1
73 183 1
73 184 1
73 185 -1
73 187 1
73 188 1
73 191 -1
73 200 -1
73 206 -1
73 212 -1
73 218 1
73 221 -1
73 222 1
73 224 -1
73 228 -1
74 77 -1
74 82 1
74 85 -1
74 91 -1
74 105 -1
74 106 -1
74 108 -1
74 113 -1
74 125 -1
74 130 -1
74 137 -1
74 138 -1
74 144 -1
74 147 1
74 148 -1
74 150 -1
74 152 -1
74 154 -1
74 167 -1
74 173 1
74 179 -1
74 188 -1
74 191 -1
74 198 -1
74 205 1
74 206 -1
74 214 1
74 215 1
74 216 1
74 219 -1
74 220 -1
74 227 -1
75 85 1
75 90 -1
75 96 -1
75 104 -1
75 112 1
75 131 -1
75 132 -1
75 133 -1
75 134 1
75 148 -1
75 149 -1
75 154 -1
75 159 1
75 177 -1
75 180 -1
75 181 -1
75 189 -1
75 197 1
75 217 -1
75 220 -1
75 226 1
76 92 -1
76 93 -1
76 95 -1
76 96 -1
76 99 -1
76 101 -1
76 105 -1
76 115 -1
76 116 -1
76 121 1
76 123 1
76 129 -1
76 134 -1
76 135 -1
76 139 1
76 150 -1
76 151 1
76 166 -1
76 169 1
76 174 -1
76 181 -1
76 183 1
76 184 1
76 186 -1
76 187 1
76 188 1
76 192 -1
76 197 -1
76 205 -1
76 206 -1
76 212 -1
76 215 -1
76 218 1
76 222 1
77 78 -1
77 84 -1
77 90 -1
77 98 -1
77 103 -1
77 105 -1
77 109 -1
77 111 -1
77 121 -1
77 122 -1
77 132 -1
77 134 -1
77 142 -1
77 146 -1
77 155 -1
77 161 -1
77 169 1
77 172 -1
77 181 1
77 183 1
77 187 1
77 192 -1
77 195 1
77 196 -1
77 197 -1
77 199 -1
77 205 -1
77 208 -1
77 209 -1
77 211 1
77 214 -1
77 216 -1
77 217 -1
77 218 -1
77 222 1
78 81 -1
78 85 -1
78 86 -1
78 93 -1
78 97 1
78 100 -1
78 102 1
78 110 -1
78 117 -1
78 118 -1
78 122 -1
78 129 -1
78 132 -1
78 144 1
78 147 -1
78 151 -1
78 155 -1
78 167 -1
78 168 -1
78 182 -1
78 202 -1
78 204 -1
78 209 1
78 214 -1
78 216 -1
78 217 -1
78 226 -1
79 95 -1
79 102 -1
79 106 -1
79 115 -1
79 122 -1
79 124 -1
79 134 -1
79 139 -1
79 147 -1
79 151 -1
79 158 -1
79 162 -1
79 166 -1
79 168 -1
79 174 1
79 175 -1
79 180 -1
79 191 -1
79 196 -1
79 202 -1
79 203 -1
79 209 -1
79 211 -1
79 212 -1
79 215 -1
79 219 -1
79 224 -1
79 228 1
79 229 1
79 230 -1
80 82 1
80 86 -1
80 90 -1
80 95 -1
80 99 -1
80 101 -1
80 102 1
80 106 1
80 130 -1
80 132 -1
80 138 -1
80 142 -1
80 147 1
80 155 -1
80 157 -1
80 159 -1
80 167 -1
80 171 -1
80 179 -1
80 190 -1
80 199 1
80 205 1
80 210 -1
80 213 -1
80 221 -1
81 93 -1
81 96 1
81 103 -1
81 113 -1
81 115 -1
81 116 -1
81 121 -1
81 123 -1
81 132 -1
81 146 1
81 153 -1
81 173 -1
81 175 -1
81 195 -1
81 205 -1
81 210 -1
81 217 1
81 225 -1
81 229 -1
81 230 -1
82 87 -1
82 93 -1
82 96 -1
82 97 -1
82 104 -1
82 106 1
82 110 -1
82 114 -1
82 116 -1
82 117 -1
82 122 -1
82 135 -1
82 138 -1
82 144 -1
82 146 -1
82 147 1
82 152 -1
82 156 -1
82 157 -1
82 159 -1
82 161 -1
82 164 -1
82 173 1
82 189 -1
82 191 -1
82 199 1
82 202 -1
82 205 1
82 209 -1
82 216 1
82 219 -1
82 220 -1
82 228 -1
82 230 -1
83 87 -1
83 89 -1
83 93 -1
83 97 -1
83 101 -1
83 111 -1
83 114 1
83 116 -1
83 120 -1
83 127 -1
83 132 -1
83 134 -1
83 138 -1
83 140 -1
83 154 -1
83 170 -1
83 175 -1
83 176 1
83 191 -1
83 197 -1
83 207 -1
83 210 1
83 212 1
83 213 -1
83 218 -1
83 224 -1
83 230 -1
84 89 1
84 90 -1
84 91 -1
84 95 1
84 98 -1
84 113 -1
84 116 1
84 117 -1
84 128 1
84 130 -1
84 139 -1
84 145 -1
84 146 -1
84 149 -1
84 150 -1
84 151 -1
84 163 -1
84 165 -1
84 168 1
84 173 -1
84 179 -1
84 180 1
84 182 -1
84 188 -1
84 192 -1
84 199 -1
84 200 -1
84 201 1
84 208 -1
84 215 -1
84 220 1
84 224 -1
84 229 -1
85 99 -1
85 119 -1
85 136 -1
85 137 -1
85 141 -1
85 142 -1
85 143 -1
85 149 -1
85 159 -1
85 168 -1
85 169 -1
85 182 1
85 184 -1
85 185 -1
85 191 -1
85 192 1
85 193 -1
85 201 -1
85 218 -1
85 220 -1
85 223 -1
85 224 -1
85 226 1
86 88 -1
86 105 -1
86 108 -1
86 115 1
86 144 -1
86 156 -1
86 158 -1
86 161 -1
86 165 -1
86 167 1
86 178 1
86 181 1
86 189 -1
86 195 -1
86 202 -1
86 211 1
86 212 -1
86 220 -1
87 89 -1
87 90 -1
87 91 1
87 94 1
87 98 -1
87 113 -1
87 119 -1
87 122 -1
87 137 1
87 139 -1
87 146 -1
87 151 -1
87 163 -1
87 175 -1
87 176 -1
87 182 -1
87 186 -1
87 197 -1
87 200 -1
87 204 -1
87 212 -1
87 219 1
87 224 -1
87 225 -1
87 226 -1
88 92 -1
88 99 -1
88 100 -1
88 102 -1
88 117 -1
88 129 1
88 130 -1
88 136 -1
88 148 -1
88 151 -1
88 154 -1
88 165 -1
88 169 -1
88 177 -1
88 196 -1
88 215 -1
88 223 -1
88 225 -1
89 91 -1
89 93 -1
89 95 1
89 103 1
89 107 -1
89 113 -1
89 116 1
89 121 -1
89 126 -1
89 128 1
89 134 -1
89 140 -1
89 144 -1
89 148 1
89 150 -1
89 151 -1
89 152 1
89 154 -1
89 161 -1
89 162 -1
89 163 -1
89 171 -1
89 180 1
89 186 -1
89 193 -1
89 201 1
89 203 -1
89 220 1
89 221 -1
90 95 -1
90 103 1
90 113 -1
90 116 -1
90 118 -1
90 123 -1
90 131 -1
90 133 -1
90 139 -1
90 142 -1
90 148 1
90 150 -1
90 151 -1
90 152 1
90 158 -1
90 166 -1
90 172 -1
90 173 -1
90 176 -1
90 184 -1
90 185 -1
90 189 -1
90 190 -1
90 193 1
90 194 -1
90 195 -1
90 198 -1
90 199 -1
90 201 -1
90 208 -1
90 209 -1
90 215 -1
90 220 -1
90 227 1
91 94 1
91 99 -1
91 100 -1
91 104 -1
91 116 -1
91 129 -1
91 131 -1
91 133 -1
91 135 -1
91 137 1
91 145 -1
91 147 -1
91 156 -1
91 163 -1
91 164 -1
91 166 -1
91 172 -1
91 178 -1
91 182 -1
91 184 -1
91 186 -1
91 187 -1
91 196 1
91 201 -1
91 203 -1
91 209 -1
91 210 -1
91 211 -1
91 214 -1
91 215 -1
91 218 -1
92 100 -1
92 114 -1
92 129 -1
92 132 1
92 135 -1
92 145 -1
92 152 -1
92 160 -1
92 163 -1
92 174 -1
92 175 1
92 177 -1
92 182 -1
92 185 -1
92 192 -1
92 196 -1
92 205 -1
92 206 -1
92 208 -1
92 210 -1
92 224 1
92 229 -1
93 95 1
93 98 1
93 100 -1
93 102 -1
93 103 -1
93 106 -1
93 108 -1
93 116 1
93 117 -1
93 119 1
93 126 -1
93 128 -1
93 130 1
93 144 -1
93 145 -1
93 148 -1
93 149 -1
93 155 -1
93 156 -1
93 166 -1
93 168 1
93 173 -1
93 180 -1
93 188 -1
93 189 -1
93 190 1
93 198 -1
93 208 -1
93 209 -1
93 210 -1
93 212 -1
93 222 -1
93 223 -1
93 224 -1
93 230 -1
94 104 -1
94 115 -1
94 125 -1
94 137 1
94 140 -1
94 142 -1
94 151 -1
94 160 -1
94 163 -1
94 166 -1
94 167 -1
94 174 -1
94 179 -1
94 186 -1
94 194 -1
94 198 -1
94 206 -1
94 208 -1
94 215 -1
94 219 1
94 229 -1
95 97 -1
95 104 -1
95 113 -1
95 116 1
95 122 -1
95 126 -1
95 128 1
95 133 -1
95 146 -1
95 168 1
95 171 -1
95 175 -1
95 177 -1
95 178 -1
95 180 1
95 185 -1
95 190 -1
95 196 -1
95 197 -1
95 198 -1
95 200 -1
95 201 1
95 214 -1
95 220 1
95 227 -1
95 228 -1
96 97 -1
96 106 -1
96 110 -1
96 111 -1
96 119 -1
96 126 -1
96 127 -1
96 140 -1
96 146 1
96 152 -1
96 154 -1
96 159 -1
96 164 -1
96 166 -1
96 168 -1
96 172 -1
96 179 -1
96 181 -1
96 196 -1
96 198 -1
96 208 -1
96 212 -1
96 217 1
96 222 -1
97 99 -1
97 100 -1
97 102 1
97 124 1
97 126 -1
97 136 -1
97 144 1
97 145 -1
97 147 -1
97 153 1
97 155 -1
97 157 -1
97 160 -1
97 162 -1
97 165 -1
97 167 -1
97 192 -1
97 201 -1
97 203 -1
97 209 1
97 213 -1
97 214 -1
97 218 -1
97 221 -1
98 105 1
98 109 -1
98 113 -1
98 119 1
98 121 -1
98 126 -1
98 130 1
98 131 -1
98 134 -1
98 135 1
98 142 -1
98 145 -1
98 150 -1
98 151 -1
98 154 1
98 160 -1
98 162 -1
98 166 -1
98 169 -1
98 173 -1
98 177 1
98 184 -1
98 187 -1
98 189 -1
98 190 1
98 201 -1
98 204 -1
98 207 -1
98 211 -1
98 215 -1
99 101 -1
99 110 -1
99 117 -1
99 118 -1
99 126 -1
99 127 -1
99 137 -1
99 138 -1
99 140 1
99 144 -1
99 150 1
99 156 -1
99 157 -1
99 163 1
99 180 -1
99 189 1
99 191 1
99 192 -1
99 194 1
99 200 1
99 201 -1
99 204 -1
99 205 -1
99 207 -1
99 221 -1
99 225 -1
100 104 -1
100 110 -1
100 122 1
100 124 1
100 132 1
100 135 -1
100 142 -1
100 153 1
100 172 -1
100 174 -1
100 179 -1
100 182 -1
100 186 -1
100 192 -1
100 195 -1
100 203 1
100 211 -1
100 213 1
100 223 -1
100 224 1
101 109 -1
101 110 -1
101 113 1
101 117 -1
101 118 -1
101 123 -1
101 130 -1
101 131 1
101 136 1
101 143 -1
101 149 -1
101 150 -1
101 151 -1
101 152 -1
101 171 -1
101 172 1
101 176 -1
101 185 1
101 196 -1
101 204 1
101 212 -1
101 215 -1
101 217 -1
101 218 -1
101 220 -1
101 221 1
101 223 -1
101 225 -1
102 106 1
102 107 -1
102 123 -1
102 144 1
102 173 -1
102 174 -1
102 179 -1
102 183 -1
102 184 -1
102 188 -1
102 195 -1
102 199 1
102 200 -1
102 205 -1
102 206 -1
102 210 -1
102 213 -1
102 217 -1
102 223 -1
102 226 -1
102 227 -1
102 228 -1
103 113 -1
103 119 -1
103 120 -1
103 121 -1
103 125 -1
103 126 -1
103 134 -1
103 140 -1
103 143 -1
103 148 1
103 151 -1
103 152 1
103 157 -1
103 174 -1
103 182 -1
103 193 1
103 203 -1
103 206 -1
103 209 -1
103 213 -1
103 214 -1
103 223 -1
103 225 -1
103 227 1
104 112 -1
104 120 1
104 122 -1
104 140 -1
104 143 -1
104 149 -1
104 158 1
104 160 -1
104 161 -1
104 162 -1
104 175 -1
104 179 1
104 183 -1
104 197 -1
104 207 -1
104 208 1
104 210 -1
104 214 -1
104 219 -1
104 225 -1
104 229 1
105 110 1
105 119 1
105 123 1
105 124 -1
105 125 -1
105 130 1
105 135 1
105 139 -1
105 151 1
105 154 1
105 170 1
105 175 -1
105 177 1
105 190 -1
105 192 -1
105 195 -1
105 206 -1
105 208 -1
105 210 -1
105 211 -1
105 213 -1
105 214 -1
105 216 -1
106 109 -1
106 111 -1
106 117 -1
106 134 -1
106 146 -1
106 147 1
106 160 -1
106 161 -1
106 165 -1
106 176 -1
106 189 -1
106 191 -1
106 192 -1
106 193 -1
106 195 -1
106 199 1
106 201 -1
106 205 1
106 206 -1
106 214 -1
106 217 -1
106 222 -1
106 224 -1
107 108 -1
107 119 -1
107 120 1
107 121 -1
107 122 -1
107 123 -1
107 126 1
107 129 -1
107 130 -1
107 131 -1
107 138 -1
107 143 -1
107 149 -1
107 155 -1
107 157 1
107 158 1
107 159 -1
107 164 -1
107 179 1
107 181 -1
107 194 -1
107 198 1
107 208 1
107 210 -1
107 215 1
107 217 -1
107 230 -1
108 109 -1
108 114 -1
108 117 -1
108 120 -1
108 133 -1
108 138 1
108 143 -1
108 159 -1
108 171 1
108 173 -1
108 183 -1
108 193 -1
108 195 -1
108 201 -1
108 203 -1
108 212 -1
108 216 -1
108 218 -1
108 228 -1
108 230 -1
109 111 1
109 125 1
109 128 -1
109 132 -1
109 133 1
109 142 -1
109 143 -1
109 145 1
109 160 1
109 161 -1
109 162 -1
109 164 -1
109 177 -1
109 182 -1
109 184 -1
109 186 -1
109 188 -1
109 192 -1
109 194 -1
109 195 -1
109 202 -1
109 209 -1
109 210 -1
109 211 -1
109 215 -1
109 227 -1
110 116 -1
110 119 1
110 123 1
110 130 1
110 133 -1
110 134 -1
110 135 1
110 138 -1
110 139 1
110 145 -1
110 149 -1
110 151 1
110 154 1
110 157 -1
110 159 -1
110 160 -1
110 167 -1
110 169 -1
110 170 1
110 176 -1
110 177 1
110 180 -1
110 184 1
110 186 -1
110 189 -1
110 199 -1
110 202 -1
110 203 -1
110 205 -1
110 207 -1
110 208 -1
110 209 -1
110 214 -1
110 217 -1
110 218 1
110 219 -1
110 222 -1
111 125 1
111 127 -1
111 131 -1
111 133 1
111 138 -1
111 139 -1
111 142 -1
111 145 1
111 151 -1
111 160 1
111 169 -1
111 170 -1
111 177 -1
111 184 -1
111 187 -1
111 188 -1
111 195 -1
111 197 -1
111 203 -1
111 208 -1
111 209 -1
111 212 -1
111 215 -1
111 221 -1
111 223 1
111 224 -1
111 225 -1
111 226 -1
111 228 -1
112 126 -1
112 134 1
112 138 -1
112 141 -1
112 147 -1
112 148 -1
112 151 -1
112 156 1
112 158 -1
112 159 1
112 162 -1
112 165 1
112 176 -1
112 184 -1
112 197 1
112 209 -1
112 212 -1
112 216 -1
112 220 -1
112 225 1
112 226 -1
113 116 -1
113 121 -1
113 122 -1
113 126 -1
113 129 -1
113 130 -1
113 131 1
113 133 1
113 136 1
113 146 -1
113 147 -1
113 156 -1
113 167 -1
113 172 1
113 173 -1
113 175 -1
113 182 -1
113 184 -1
113 185 1
113 187 -1
113 210 -1
113 211 -1
113 212 -1
113 221 1
113 223 1
113 225 -1
113 229 -1
114 117 1
114 119 -1
114 128 -1
114 138 -1
114 156 -1
114 163 -1
114 170 -1
114 175 -1
114 176 -1
114 185 -1
114 198 -1
114 204 -1
114 206 -1
114 208 -1
114 210 1
114 211 -1
114 212 1
114 216 -1
114 222 -1
114 230 -1
115 117 -1
115 126 -1
115 143 -1
115 149 -1
115 150 -1
115 154 -1
115 156 -1
115 157 -1
115 165 -1
115 167 1
115 176 -1
115 178 1
115 179 -1
115 181 1
115 185 -1
115 194 -1
115 195 1
115 196 -1
115 211 1
115 222 -1
115 226 -1
116 118 -1
116 128 1
116 132 -1
116 134 -1
116 135 -1
116 140 -1
116 157 -1
116 163 -1
116 167 -1
116 168 1
116 173 -1
116 174 -1
116 180 1
116 184 -1
116 188 -1
116 199 -1
116 201 1
116 204 -1
116 210 -1
116 217 -1
116 220 1
116 225 -1
116 226 -1
117 120 -1
117 123 -1
117 126 -1
117 139 -1
117 153 -1
117 154 -1
117 167 -1
117 168 -1
117 169 -1
117 177 -1
117 182 1
117 183 -1
117 192 1
117 202 -1
117 204 -1
117 205 -1
117 210 1
117 212 1
117 223 -1
117 224 -1
117 227 -1
117 228 -1
118 131 -1
118 133 -1
118 135 -1
118 136 -1
118 137 -1
118 147 -1
118 150 -1
118 163 -1
118 169 -1
118 179 -1
118 191 -1
118 203 -1
118 204 -1
118 207 -1
118 209 -1
118 218 -1
118 222 -1
118 226 -1
118 230 -1
119 130 1
119 133 -1
119 135 1
119 146 -1
119 148 -1
119 154 1
119 158 -1
119 166 -1
119 167 -1
119 170 1
119 177 1
119 182 -1
119 183 -1
119 190 1
119 194 -1
119 195 -1
119 196 -1
119 202 -1
119 206 -1
119 207 -1
120 121 -1
120 123 -1
120 125 -1
120 136 -1
120 145 -1
120 149 -1
120 153 -1
120 158 1
120 167 -1
120 179 1
120 188 -1
120 192 -1
120 194 -1
120 195 -1
120 200 -1
120 208 1
120 222 -1
120 229 1
121 123 -1
121 131 -1
121 138 -1
121 139 1
121 140 -1
121 148 -1
121 151 -1
121 157 -1
121 167 -1
121 168 -1
121 169 1
121 175 -1
121 183 1
121 184 1
121 186 -1
121 187 1
121 188 1
121 201 -1
121 206 -1
121 209 -1
121 210 -1
121 211 -1
121 214 -1
121 217 -1
121 218 1
121 220 -1
121 221 -1
121 222 1
121 229 -1
122 124 1
122 132 1
122 153 -1
122 154 -1
122 159 -1
122 170 -1
122 171 -1
122 172 -1
122 183 -1
122 184 -1
122 186 -1
122 187 -1
122 188 -1
122 190 -1
122 200 -1
122 202 -1
122 203 1
122 204 -1
122 212 -1
122 213 1
122 218 -1
122 219 -1
122 223 -1
122 224 1
122 228 -1
123 129 -1
123 135 1
123 138 -1
123 139 1
123 144 -1
123 151 1
123 167 -1
123 168 -1
123 170 1
123 174 -1
123 177 -1
123 184 1
123 187 -1
123 195 -1
123 198 -1
123 202 -1
123 203 -1
123 206 -1
123 218 1
123 225 -1
124 130 -1
124 132 -1
124 136 -1
124 140 -1
124 145 -1
124 149 -1
124 153 1
124 167 -1
124 170 -1
124 171 -1
124 172 -1
124 189 -1
124 196 -1
124 198 -1
124 201 -1
124 202 -1
124 203 1
124 207 -1
124 209 1
124 213 1
124 218 -1
124 220 -1
124 221 -1
125 127 -1
125 130 -1
125 133 1
125 135 -1
125 137 -1
125 144 -1
125 145 1
125 147 -1
125 149 -1
125 154 -1
125 158 -1
125 160 1
125 161 -1
125 166 -1
125 167 -1
125 169 -1
125 172 -1
125 183 -1
125 213 -1
125 221 -1
125 223 1
125 230 -1
126 128 -1
126 129 -1
126 131 -1
126 135 -1
126 145 -1
126 151 -1
126 153 -1
126 155 -1
126 156 -1
126 157 1
126 171 -1
126 179 1
126 184 -1
126 191 -1
126 193 -1
126 198 1
126 200 -1
126 201 -1
126 206 -1
126 207 -1
126 215 1
126 219 -1
126 224 -1
126 227 -1
127 129 1
127 139 -1
127 141 -1
127 147 -1
127 151 -1
127 157 -1
127 164 1
127 165 -1
127 182 -1
127 186 1
127 195 -1
127 207 -1
127 214 -1
127 216 -1
127 218 -1
128 129 -1
128 134 -1
128 139 -1
128 141 -1
128 143 -1
128 148 1
128 168 1
128 169 -1
128 170 -1
128 180 1
128 195 -1
128 198 -1
128 201 1
128 205 -1
128 207 -1
128 208 -1
128 220 1
128 226 -1
129 142 -1
129 146 -1
129 152 -1
129 153 -1
129 155 -1
129 156 -1
129 160 -1
129 162 -1
129 164 1
129 172 -1
129 173 -1
129 181 -1
129 183 -1
129 185 -1
129 186 1
129 189 -1
129 193 -1
129 195 -1
129 216 -1
129 225 -1
130 133 -1
130 134 -1
130 135 1
130 151 -1
130 152 -1
130 154 1
130 160 -1
130 163 -1
130 164 -1
130 165 -1
130 167 -1
130 169 -1
130 170 -1
130 177 1
130 184 -1
130 186 -1
130 188 -1
130 190 1
130 195 -1
130 203 -1
130 204 -1
130 215 -1
130 216 -1
130 227 -1
131 133 1
131 136 1
131 140 -1
131 141 -1
131 150 -1
131 151 -1
131 161 -1
131 164 -1
131 166 -1
131 170 -1
131 177 -1
131 183 -1
131 185 1
131 188 -1
131 192 -1
131 198 -1
131 209 -1
131 210 -1
131 211 -1
131 221 1
131 223 1
131 228 -1
131 229 -1
132 137 -1
132 139 -1
132 142 -1
132 143 -1
132 144 -1
132 160 -1
132 163 -1
132 164 -1
132 166 -1
132 170 -1
132 185 -1
132 191 -1
132 203 1
132 204 -1
132 205 -1
132 214 -1
132 215 -1
132 217 -1
132 221 -1
132 224 1
132 226 -1
132 229 -1
133 135 -1
133 136 1
133 143 -1
133 145 1
133 151 -1
133 160 1
133 165 -1
133 185 1
133 188 -1
133 191 -1
133 194 -1
133 205 -1
133 206 -1
133 209 -1
133 212 -1
133 221 1
133 223 1
133 224 -1
134 139 -1
134 156 1
134 159 1
134 164 -1
134 165 1
134 182 -1
134 197 1
134 199 -1
134 207 -1
134 216 -1
134 222 -1
134 225 1
134 227 -1
135 151 1
135 154 1
135 167 -1
135 170 1
135 177 1
135 179 -1
135 180 -1
135 185 -1
135 200 -1
135 206 -1
135 213 -1
135 220 -1
135 221 -1
135 226 -1
136 140 -1
136 144 -1
136 150 -1
136 152 -1
136 157 -1
136 159 -1
136 165 -1
136 180 -1
136 181 -1
136 185 1
136 190 -1
136 193 -1
136 200 -1
136 221 1
136 223 1
136 226 -1
137 146 -1
137 149 -1
137 152 -1
137 161 -1
137 167 -1
137 179 -1
137 184 -1
137 192 -1
137 199 -1
137 202 -1
137 213 -1
137 219 1
137 221 -1
137 222 -1
137 226 -1
138 139 -1
138 140 -1
138 142 -1
138 143 -1
138 147 -1
138 156 -1
138 164 1
138 171 -1
138 176 -1
138 178 -1
138 183 -1
138 186 1
138 195 -1
138 196 -1
138 209 -1
138 213 -1
138 215 -1
138 226 -1
138 227 -1
139 144 -1
139 146 -1
139 147 -1
139 149 -1
139 151 1
139 154 -1
139 155 -1
139 160 -1
139 165 -1
139 170 1
139 171 -1
139 177 -1
139 184 1
139 192 -1
139 193 -1
139 199 -1
139 202 -1
139 209 -1
139 213 -1
139 214 -1
139 218 1
139 229 -1
140 142 -1
140 143 1
140 150 1
140 153 -1
140 158 -1
140 162 -1
140 163 1
140 175 -1
140 178 -1
140 180 -1
140 181 -1
140 188 -1
140 189 1
140 191 1
140 192 -1
140 194 1
140 200 1
140 204 -1
140 207 -1
140 223 -1
140 229 -1
140 230 -1
141 143 -1
141 144 -1
141 147 -1
141 148 -1
141 149 1
141 155 1
141 156 -1
141 161 1
141 165 -1
141 166 1
141 176 -1
141 180 -1
141 181 -1
141 185 -1
141 191 -1
141 194 -1
141 197 -1
141 198 -1
141 199 -1
141 200 -1
141 205 -1
141 207 1
141 209 -1
141 215 -1
141 218 -1
141 220 -1
141 221 -1
141 224 -1
141 230 1
142 145 -1
142 156 1
142 160 -1
142 161 -1
142 162 -1
142 165 1
142 171 1
142 179 -1
142 180 -1
142 183 -1
142 194 -1
142 200 -1
142 203 -1
142 207 -1
142 208 -1
142 223 -1
142 224 -1
142 225 1
142 227 -1
143 149 -1
143 150 1
143 159 -1
143 160 -1
143 162 1
143 163 1
143 167 -1
143 169 -1
143 172 -1
143 175 -1
143 177 -1
143 178 -1
143 184 -1
143 185 -1
143 189 1
143 191 1
143 194 1
143 202 -1
143 211 -1
143 221 -1
143 224 -1
144 148 -1
144 156 -1
144 170 -1
144 176 -1
144 189 -1
144 195 -1
144 196 -1
144 199 -1
144 203 -1
144 209 1
144 212 -1
144 213 -1
144 219 -1
144 227 -1
144 230 -1
145 158 -1
145 160 1
145 168 -1
145 170 -1
145 176 -1
145 187 -1
145 198 -1
145 206 -1
145 208 -1
145 209 -1
145 214 -1
145 224 -1
145 229 -1
145 230 -1
146 147 -1
146 148 -1
146 156 -1
146 167 -1
146 172 -1
146 180 -1
146 186 -1
146 197 -1
146 202 1
146 206 1
146 207 -1
146 215 -1
146 216 -1
146 217 1
147 150 -1
147 152 -1
147 160 -1
147 173 1
147 181 -1
147 186 -1
147 196 -1
147 197 -1
147 199 1
147 205 1
147 214 1
147 216 1
147 217 -1
147 219 -1
148 152 1
148 155 -1
148 157 -1
148 158 -1
148 170 -1
148 178 -1
148 180 1
148 187 -1
148 195 -1
148 201 -1
148 206 -1
148 209 -1
148 220 1
148 225 -1
148 227 1
148 229 -1
149 151 -1
149 159 -1
149 160 -1
149 161 1
149 162 1
149 164 -1
149 166 1
149 167 -1
149 171 -1
149 172 -1
149 176 -1
149 178 -1
149 180 -1
149 187 -1
149 200 -1
149 207 1
149 213 -1
149 230 1
150 158 -1
150 161 -1
150 163 1
150 181 -1
150 184 -1
150 189 1
150 191 1
150 194 1
150 200 1
150 210 -1
150 214 -1
150 216 -1
151 160 -1
151 163 -1
151 170 1
151 177 1
151 182 -1
151 184 1
151 190 -1
151 191 -1
151 197 -1
151 201 -1
151 209 -1
151 213 -1
151 215 -1
151 216 -1
151 218 1
152 161 -1
152 166 -1
152 180 1
152 182 -1
152 183 -1
152 184 -1
152 189 -1
152 193 1
152 200 -1
152 203 -1
152 204 -1
152 221 -1
152 223 -1
152 227 1
153 168 -1
153 170 -1
153 174 -1
153 176 -1
153 180 -1
153 191 -1
153 194 -1
153 203 1
153 204 -1
153 205 -1
153 209 1
153 213 1
153 220 -1
154 155 -1
154 156 -1
154 165 -1
154 170 1
154 173 -1
154 177 1
154 178 -1
154 185 -1
154 187 -1
154 190 1
154 192 -1
154 207 -1
154 210 -1
154 213 -1
154 219 -1
154 230 -1
155 160 -1
155 161 1
155 174 -1
155 180 -1
155 181 -1
155 187 -1
155 196 1
155 208 -1
155 210 -1
155 214 -1
155 216 -1
155 224 -1
155 225 -1
155 226 -1
155 230 1
156 157 -1
156 158 -1
156 159 1
156 161 -1
156 162 -1
156 164 -1
156 165 1
156 178 -1
156 192 -1
156 197 1
156 199 -1
156 200 -1
156 201 -1
156 202 -1
156 206 -1
156 223 -1
156 225 1
157 171 -1
157 179 1
157 192 -1
157 193 -1
157 195 -1
157 198 1
157 209 -1
157 214 1
157 215 1
157 216 1
157 221 -1
157 226 -1
157 228 -1
158 159 -1
158 160 -1
158 161 -1
158 172 -1
158 177 -1
158 179 1
158 183 -1
158 184 -1
158 185 -1
158 191 -1
158 201 -1
158 205 -1
158 208 1
158 212 -1
158 218 -1
158 229 1
159 164 -1
159 165 1
159 166 -1
159 172 -1
159 175 -1
159 179 -1
159 180 -1
159 187 -1
159 190 -1
159 194 -1
159 195 -1
159 197 1
159 200 -1
159 201 -1
159 206 -1
159 210 -1
159 211 -1
159 212 -1
159 225 1
160 162 -1
160 165 -1
160 173 -1
160 178 -1
160 180 -1
160 192 -1
160 196 -1
160 199 -1
160 206 -1
160 209 -1
161 163 -1
161 169 -1
161 175 -1
161 183 -1
161 185 -1
161 189 -1
161 194 -1
161 196 1
161 197 -1
161 202 -1
161 205 -1
161 212 -1
161 220 -1
161 222 -1
161 230 1
162 166 1
162 171 -1
162 172 -1
162 173 -1
162 175 -1
162 188 -1
162 189 -1
162 191 -1
162 202 -1
162 203 -1
162 204 -1
162 207 1
162 211 -1
162 213 -1
162 217 -1
162 219 -1
162 230 1
163 180 -1
163 182 -1
163 189 1
163 191 1
163 194 1
163 200 1
163 211 -1
163 222 -1
164 166 -1
164 169 -1
164 171 -1
164 173 -1
164 182 -1
164 186 1
164 214 -1
164 216 -1
164 218 -1
164 221 -1
164 225 -1
165 167 -1
165 169 -1
165 171 1
165 173 -1
165 181 -1
165 189 -1
165 191 -1
165 196 -1
165 197 1
165 202 -1
165 206 -1
165 223 -1
165 224 -1
165 225 1
165 227 -1
165 228 -1
166 168 -1
166 172 -1
166 181 -1
166 184 -1
166 187 -1
166 197 -1
166 203 -1
166 207 1
166 210 -1
166 212 -1
166 213 -1
166 220 -1
166 228 -1
166 230 1
167 175 -1
167 178 1
167 180 -1
167 187 -1
167 191 -1
167 193 -1
167 196 -1
167 210 -1
167 213 -1
167 218 -1
167 220 -1
167 229 -1
168 180 1
168 188 -1
168 190 1
168 201 1
168 205 -1
168 214 -1
168 217 -1
168 220 1
168 223 -1
168 226 -1
169 174 -1
169 177 -1
169 183 1
169 185 -1
169 187 1
169 188 1
169 195 1
169 198 -1
169 200 -1
169 202 -1
169 203 -1
169 212 -1
169 217 -1
169 219 -1
169 222 1
169 226 -1
169 229 -1
170 175 -1
170 177 1
170 178 -1
170 181 -1
170 182 -1
170 184 1
170 186 -1
170 200 -1
170 202 -1
170 208 -1
170 211 -1
170 215 -1
170 216 -1
170 218 1
170 223 -1
170 230 -1
171 199 -1
171 213 -1
171 225 1
171 228 -1
172 182 -1
172 185 -1
172 186 -1
172 202 -1
172 204 1
172 205 -1
172 210 -1
172 223 -1
172 227 -1
172 228 -1
172 229 -1
173 181 -1
173 185 -1
173 195 -1
173 196 -1
173 197 -1
173 205 1
173 206 -1
173 210 -1
173 211 -1
173 213 -1
173 214 1
173 215 1
173 216 1
173 224 -1
173 225 -1
173 227 -1
173 229 -1
174 181 -1
174 183 -1
174 200 -1
174 206 -1
174 207 -1
174 211 -1
174 212 -1
174 227 -1
174 228 1
174 229 -1
175 176 -1
175 187 -1
175 198 -1
175 205 -1
175 207 -1
175 219 1
175 223 -1
175 225 -1
175 227 -1
176 182 -1
176 183 -1
176 188 -1
176 191 -1
176 195 -1
176 202 1
176 206 1
176 208 -1
176 212 1
176 215 -1
176 219 -1
176 223 -1
177 200 -1
177 214 -1
177 221 -1
177 224 -1
177 230 -1
178 181 1
178 186 -1
178 195 -1
178 199 -1
178 205 -1
178 212 -1
178 217 -1
178 227 -1
179 181 -1
179 185 -1
179 188 -1
179 198 1
179 200 -1
179 201 -1
179 208 1
179 211 -1
179 213 -1
179 214 -1
179 220 -1
179 225 -1
179 228 -1
179 229 1
179 230 -1
180 184 -1
180 199 -1
180 201 1
180 203 -1
180 218 -1
180 220 1
180 228 -1
181 195 1
181 196 -1
181 201 -1
181 204 -1
181 206 -1
181 211 1
181 213 -1
181 216 -1
181 224 -1
181 226 -1
182 192 1
182 193 -1
182 196 -1
182 198 -1
182 207 -1
182 210 -1
182 213 -1
182 219 -1
182 226 1
182 229 -1
183 187 1
183 188 1
183 191 -1
183 195 1
183 203 -1
183 214 -1
183 215 -1
183 222 1
183 228 -1
184 187 1
184 188 1
184 192 -1
184 195 -1
184 197 -1
184 206 -1
184 210 -1
184 218 1
184 227 -1
185 195 -1
185 203 -1
185 208 -1
185 213 -1
185 216 -1
185 221 1
185 223 1
185 224 -1
185 227 -1
186 189 -1
186 193 -1
186 202 -1
186 204 -1
186 213 -1
186 218 -1
186 224 -1
186 227 -1
186 228 -1
186 229 -1
186 230 -1
187 188 1
187 194 -1
187 200 -1
187 204 -1
187 209 -1
187 211 -1
187 218 1
187 221 -1
187 222 1
188 190 -1
188 194 -1
188 212 -1
188 218 1
188 222 1
188 226 -1
188 228 -1
188 229 -1
189 191 1
189 192 -1
189 194 1
189 200 1
189 201 -1
189 204 -1
189 207 -1
189 209 -1
189 217 -1
189 224 -1
190 197 -1
190 202 -1
190 203 -1
190 204 -1
190 207 -1
190 212 -1
190 215 -1
191 194 1
191 197 -1
191 198 -1
191 200 1
191 214 -1
191 222 -1
191 228 -1
192 194 -1
192 205 -1
192 207 -1
192 208 -1
192 210 1
192 212 -1
192 215 -1
192 217 -1
192 222 -1
192 224 -1
192 225 -1
192 226 -1
192 228 -1
193 196 -1
193 200 -1
193 202 -1
193 211 -1
193 219 -1
193 221 -1
193 227 1
194 197 -1
194 200 1
194 203 -1
194 215 -1
194 217 -1
195 197 -1
195 210 -1
195 211 1
195 215 -1
195 219 -1
195 222 1
195 224 -1
195 226 -1
195 229 -1
196 200 -1
196 201 -1
196 203 -1
196 207 -1
196 214 -1
196 215 -1
196 224 -1
196 227 -1
197 202 -1
197 206 -1
197 207 -1
197 214 -1
197 225 1
198 199 -1
198 203 -1
198 209 -1
198 210 -1
198 215 1
198 219 -1
198 224 -1
198 226 -1
199 205 1
199 229 -1
200 203 -1
200 205 -1
200 206 -1
200 217 -1
200 221 -1
200 226 -1
201 217 -1
201 219 -1
201 220 1
201 228 -1
202 203 -1
202 206 1
202 217 1
202 221 -1
202 228 -1
203 208 -1
203 209 1
203 213 1
203 222 -1
203 223 -1
203 224 1
203 228 -1
204 218 -1
204 222 -1
204 225 -1
205 217 -1
205 218 -1
205 220 -1
206 212 -1
206 214 -1
206 217 1
206 224 -1
206 229 -1
207 223 -1
207 230 1
208 218 -1
208 229 1
209 213 1
209 217 -1
209 223 -1
209 227 -1
209 229 -1
210 212 1
210 228 -1
211 219 -1
211 222 1
211 224 -1
212 223 -1
213 215 -1
213 217 -1
213 222 -1
214 215 1
214 216 1
214 219 -1
214 221 -1
214 222 -1
214 225 -1
215 216 1
215 218 -1
216 227 -1
217 225 -1
218 219 -1
218 227 -1
219 221 -1
219 228 -1
220 228 -1
221 222 -1
221 223 1
221 228 -1
221 230 -1
222 223 -1
222 225 -1
223 225 -1
223 227 -1
223 228 -1
224 230 -1
226 228 -1
226 229 -1
227 229 -1
