vertices: 70 edges: 482
1 2 1
1 3 -1
1 5 1
1 26 1
1 29 1
1 38 1
1 44 1
1 47 1
1 48 -1
1 51 1
1 54 1
1 59 1
1 60 1
1 62 1
1 64 1
1 65 1
1 67 1
1 70 1
2 5 1
2 8 1
2 17 1
2 24 1
2 29 1
2 30 -1
2 38 1
2 40 -1
2 41 1
2 43 -1
2 47 1
2 54 -1
2 55 1
2 57 1
2 59 1
2 60 1
2 62 1
2 66 -1
2 67 1
2 69 -1
2 70 1
3 5 -1
3 11 1
3 15 1
3 22 1
3 30 1
3 31 1
3 32 1
3 44 -1
3 45 1
3 61 1
4 6 1
4 9 1
4 10 1
4 14 1
4 18 1
4 22 -1
4 37 1
4 43 1
4 46 1
4 50 1
4 52 1
4 53 1
4 63 1
4 68 1
5 26 1
5 29 1
5 38 1
5 39 -1
5 44 1
5 47 1
5 51 1
5 53 -1
5 54 1
5 59 1
5 60 1
5 62 1
5 64 1
5 65 1
5 67 1
5 70 1
6 7 1
6 9 1
6 10 1
6 14 1
6 18 1
6 24 -1
6 27 1
6 30 -1
6 35 1
6 37 1
6 43 1
6 46 1
6 52 1
6 53 1
6 61 -1
6 69 1
7 9 1
7 10 1
7 15 -1
7 18 1
7 27 1
7 35 1
7 43 1
7 46 1
7 49 1
7 53 1
7 69 1
8 12 1
8 17 1
8 24 1
8 29 1
8 38 1
8 41 1
8 42 1
8 55 1
8 57 1
8 59 1
9 10 1
9 14 1
9 18 1
9 27 1
9 35 1
9 36 -1
9 37 1
9 43 1
9 46 1
9 50 1
9 52 1
9 53 1
9 54 -1
9 63 1
9 65 -1
9 67 -1
10 14 1
10 18 1
10 27 1
10 37 1
10 40 -1
10 43 1
10 46 1
10 50 1
10 52 1
10 53 1
10 63 1
10 68 1
11 15 1
11 18 -1
11 22 1
11 30 1
11 31 1
11 32 1
11 45 1
11 47 -1
11 54 -1
11 61 1
12 15 -1
12 17 1
12 24 1
12 30 -1
12 33 1
12 34 1
12 39 1
12 41 1
12 42 1
12 48 1
12 55 1
12 57 1
13 16 1
13 28 1
13 30 -1
13 44 1
13 49 1
13 53 -1
13 58 1
13 67 -1
13 69 1
14 18 1
14 37 1
14 43 1
14 44 -1
14 46 1
14 50 1
14 52 1
14 53 1
14 61 -1
14 63 1
14 64 -1
14 65 -1
14 68 1
15 22 1
15 30 1
15 31 1
15 32 1
15 45 1
15 58 -1
15 61 1
16 18 -1
16 26 1
16 28 1
16 34 -1
16 43 -1
16 44 1
16 49 1
16 53 -1
16 54 1
16 58 1
16 64 1
17 19 -1
17 24 1
17 29 1
17 38 1
17 41 1
17 42 1
17 55 1
17 57 1
17 59 1
18 27 1
18 35 1
18 38 -1
18 39 -1
18 40 -1
18 43 1
18 46 1
18 49 1
18 51 -1
18 53 1
18 59 -1
18 69 1
19 20 1
19 21 1
19 23 1
19 33 1
19 34 1
19 39 1
19 40 1
19 48 1
19 66 1
20 21 1
20 23 1
20 25 1
20 33 1
20 34 1
20 40 1
20 51 -1
20 56 -1
20 66 1
21 23 1
21 24 -1
21 25 1
21 36 1
21 40 1
21 47 -1
21 56 1
21 57 -1
21 66 1
22 25 -1
22 27 -1
22 30 1
22 31 1
22 32 1
22 34 -1
22 37 -1
22 45 1
22 50 -1
22 61 1
23 25 1
23 36 1
23 40 1
23 55 -1
23 56 1
23 66 1
24 33 -1
24 38 1
24 41 1
24 42 1
24 52 -1
24 53 -1
24 55 1
24 57 1
24 59 1
25 36 1
25 40 1
25 56 1
25 62 -1
25 66 1
26 28 1
26 34 -1
26 44 1
26 47 1
26 51 1
26 54 1
26 58 1
26 60 1
26 62 1
26 64 1
26 65 1
26 67 1
26 70 1
27 35 1
27 43 1
27 46 1
27 49 1
27 53 1
27 67 -1
27 69 1
28 32 -1
28 44 1
28 48 -1
28 51 -1
28 54 1
28 58 1
28 64 1
28 65 1
29 38 1
29 43 -1
29 47 1
29 51 1
29 59 1
29 60 1
29 62 1
29 64 1
29 65 1
29 67 1
29 70 1
30 31 1
30 32 1
30 36 1
30 45 1
30 49 -1
30 56 1
30 61 1
31 32 1
31 36 1
31 45 1
31 56 1
32 45 1
32 48 -1
32 61 1
33 34 1
33 35 -1
33 39 1
33 40 1
33 43 -1
33 48 1
33 66 1
34 39 1
34 40 1
34 48 1
34 66 1
34 68 -1
34 70 -1
35 43 1
35 46 1
35 49 1
35 53 1
35 69 1
36 37 -1
36 56 1
37 50 1
37 52 1
37 63 1
37 68 1
38 41 1
38 47 1
38 55 1
38 57 1
38 59 1
38 60 1
38 61 -1
38 62 1
38 67 1
38 70 1
39 40 1
39 42 1
39 48 1
39 61 -1
39 66 1
39 70 -1
40 48 1
40 56 -1
40 66 1
41 42 1
41 48 1
41 55 1
41 57 1
41 59 1
41 60 -1
42 48 1
42 52 -1
42 55 1
42 57 1
43 46 1
43 49 1
43 53 1
43 56 -1
43 61 -1
43 69 1
44 45 -1
44 47 1
44 49 -1
44 51 1
44 54 1
44 58 1
44 60 1
44 62 1
44 64 1
44 65 1
44 67 1
44 70 1
45 61 1
45 63 -1
46 49 1
46 53 1
46 60 -1
46 61 -1
46 69 1
47 51 1
47 54 1
47 56 -1
47 58 -1
47 59 1
47 60 1
47 61 -1
47 62 1
47 64 1
47 65 1
47 67 1
47 70 1
48 56 -1
48 57 1
49 53 1
49 58 1
49 69 1
50 52 1
50 60 -1
50 63 1
50 66 -1
50 68 1
51 54 1
51 60 1
51 62 1
51 64 1
51 65 1
51 67 1
51 70 1
52 63 1
52 68 1
53 60 -1
53 68 -1
53 69 1
54 58 1
54 60 1
54 62 1
54 64 1
54 65 1
54 67 1
54 70 1
55 57 1
55 59 1
57 59 1
58 69 1
59 60 1
59 62 1
59 67 1
59 70 1
60 62 1
60 63 -1
60 64 1
60 65 1
60 67 1
60 70 1
61 63 -1
62 64 1
62 65 1
62 67 1
62 70 1
63 68 1
64 65 1
64 67 1
64 70 1
65 67 1
65 70 1
67 70 1
