vertices: 90 edges: 816
1 5 -1
1 7 -1
1 8 -1
1 13 -1
1 17 -1
1 20 -1
1 22 -1
1 24 -1
1 28 1
1 38 -1
1 40 -1
1 42 -1
1 43 -1
1 51 -1
1 53 -1
1 58 -1
1 62 -1
1 65 -1
1 68 1
1 70 -1
1 74 -1
1 80 -1
1 85 -1
1 88 -1
2 21 -1
2 27 -1
2 32 -1
2 34 -1
2 43 -1
2 50 -1
2 51 -1
2 52 -1
2 55 1
2 59 -1
2 66 -1
2 67 -1
2 80 -1
2 81 -1
2 82 -1
3 17 -1
3 28 1
3 31 -1
3 32 1
3 36 -1
3 37 -1
3 46 -1
3 52 -1
3 54 -1
3 56 1
3 62 -1
3 69 1
3 70 -1
3 76 -1
3 78 -1
3 88 1
4 10 -1
4 19 1
4 20 -1
4 22 -1
4 24 -1
4 32 -1
4 34 -1
4 38 -1
4 43 -1
4 44 1
4 45 -1
4 47 -1
4 56 -1
4 58 -1
4 64 -1
4 67 -1
4 68 1
4 75 1
4 79 -1
4 81 -1
4 86 1
4 88 -1
4 90 -1
5 7 -1
5 8 -1
5 16 -1
5 18 1
5 21 -1
5 25 1
5 36 -1
5 42 -1
5 44 -1
5 46 -1
5 48 -1
5 53 -1
5 56 -1
5 60 -1
5 73 -1
5 74 -1
5 76 -1
6 7 1
6 19 -1
6 27 -1
6 28 -1
6 37 -1
6 49 -1
6 61 -1
6 62 -1
6 63 -1
6 66 -1
6 73 -1
6 76 -1
6 79 -1
6 80 -1
6 87 1
7 9 -1
7 11 -1
7 15 -1
7 16 -1
7 20 1
7 21 -1
7 32 -1
7 44 -1
7 45 -1
7 48 -1
7 50 -1
7 53 -1
7 55 1
7 62 -1
7 63 -1
7 68 -1
7 69 -1
7 77 -1
7 87 1
8 9 1
8 16 1
8 27 1
8 34 -1
8 47 -1
8 51 -1
8 53 -1
8 64 -1
8 67 -1
8 68 -1
8 70 -1
8 71 -1
8 76 -1
8 77 -1
8 81 -1
8 83 -1
8 87 -1
8 90 1
9 16 1
9 19 -1
9 22 -1
9 26 -1
9 27 1
9 38 -1
9 41 -1
9 42 -1
9 53 1
9 60 -1
9 62 1
9 66 -1
9 72 -1
9 84 -1
9 85 -1
9 90 1
10 13 1
10 21 -1
10 27 -1
10 34 -1
10 45 -1
10 47 -1
10 48 -1
10 51 1
10 56 -1
10 64 1
10 65 -1
10 72 1
10 77 1
10 90 -1
11 21 1
11 32 1
11 35 -1
11 46 -1
11 53 -1
11 61 -1
11 69 1
11 71 -1
11 78 -1
11 88 1
11 90 -1
12 35 -1
12 37 -1
12 38 -1
12 39 -1
12 43 1
12 50 1
12 51 -1
12 56 -1
12 57 1
12 58 1
12 66 -1
12 68 -1
12 73 -1
12 77 -1
13 21 -1
13 25 -1
13 31 -1
13 38 -1
13 42 -1
13 44 -1
13 51 1
13 54 1
13 59 -1
13 64 1
13 72 1
13 73 -1
13 74 -1
13 77 1
13 79 -1
13 88 -1
14 17 1
14 18 -1
14 27 -1
14 33 -1
14 41 -1
14 42 -1
14 48 1
14 51 -1
14 63 1
14 65 -1
14 67 -1
14 68 -1
14 71 -1
14 76 -1
14 83 -1
14 84 -1
14 88 -1
15 19 -1
15 20 -1
15 22 -1
15 24 1
15 25 -1
15 26 -1
15 38 -1
15 41 -1
15 46 -1
15 47 -1
15 49 -1
15 50 -1
15 56 -1
15 59 -1
15 65 -1
15 71 -1
15 75 -1
15 78 -1
15 84 1
16 19 -1
16 24 -1
16 27 1
16 28 -1
16 31 -1
16 32 -1
16 37 1
16 39 -1
16 40 -1
16 48 -1
16 50 -1
16 53 1
16 61 -1
16 62 1
16 72 -1
16 76 -1
16 83 1
16 90 1
17 20 -1
17 28 -1
17 29 -1
17 37 -1
17 43 -1
17 48 1
17 52 -1
17 65 -1
17 76 -1
17 79 -1
17 81 -1
17 82 -1
17 89 -1
18 19 -1
18 25 1
18 31 -1
18 40 -1
18 41 -1
18 44 -1
18 57 -1
18 59 -1
18 61 -1
18 64 -1
18 74 -1
18 78 -1
18 83 -1
18 84 -1
18 87 -1
18 89 -1
19 22 -1
19 35 -1
19 40 -1
19 44 1
19 55 -1
19 63 -1
19 69 -1
19 70 -1
19 75 1
19 76 -1
19 78 -1
19 81 -1
19 82 -1
19 85 -1
19 86 1
20 27 -1
20 38 -1
20 48 -1
20 52 -1
20 55 1
20 61 -1
20 72 -1
20 75 -1
20 76 -1
20 84 -1
20 85 -1
20 88 -1
20 89 -1
21 23 -1
21 27 -1
21 32 1
21 35 -1
21 36 -1
21 63 -1
21 69 1
21 70 -1
21 76 -1
21 82 -1
21 88 1
22 24 -1
22 31 1
22 34 1
22 36 -1
22 39 1
22 59 -1
22 60 1
22 62 -1
22 63 -1
22 68 -1
22 70 -1
22 71 -1
22 73 1
22 85 -1
22 89 1
23 31 -1
23 33 1
23 38 1
23 41 -1
23 44 -1
23 49 -1
23 53 -1
23 74 -1
23 75 -1
23 79 -1
24 26 -1
24 31 -1
24 41 -1
24 42 -1
24 47 -1
24 72 -1
24 84 1
25 27 -1
25 28 -1
25 38 -1
25 46 -1
25 52 -1
25 56 -1
25 58 -1
25 66 -1
25 86 -1
26 30 -1
26 33 -1
26 43 -1
26 46 -1
26 54 -1
26 55 -1
26 58 -1
26 59 1
26 61 1
26 67 -1
26 73 -1
26 81 -1
26 82 1
26 85 1
26 89 -1
27 32 -1
27 36 -1
27 37 1
27 40 -1
27 41 -1
27 53 1
27 55 -1
27 62 1
27 65 -1
27 69 -1
27 83 1
27 90 1
28 45 -1
28 53 -1
28 56 1
28 64 -1
28 68 1
28 69 -1
28 75 -1
28 78 -1
28 79 -1
28 81 -1
28 86 -1
28 89 -1
28 90 -1
29 31 -1
29 34 -1
29 36 -1
29 41 -1
29 44 -1
29 46 1
29 50 -1
29 53 -1
29 56 -1
29 58 -1
29 61 -1
29 63 -1
29 66 -1
29 67 1
29 71 -1
29 75 -1
29 76 -1
29 78 -1
29 79 -1
29 80 1
29 84 -1
29 86 -1
29 87 -1
29 89 -1
29 90 -1
30 36 -1
30 39 -1
30 41 -1
30 43 1
30 47 1
30 56 -1
30 57 1
30 58 1
30 59 -1
30 75 -1
30 77 -1
30 78 1
31 39 1
31 40 -1
31 41 -1
31 49 -1
31 53 -1
31 60 1
31 62 -1
31 66 -1
31 67 -1
31 71 -1
31 72 -1
31 89 1
31 90 -1
32 33 -1
32 36 -1
32 41 -1
32 56 1
32 65 -1
32 68 -1
32 69 1
32 79 -1
32 85 -1
32 87 -1
32 88 1
33 38 1
33 39 -1
33 41 -1
33 42 -1
33 44 -1
33 45 1
33 49 -1
33 51 -1
33 52 -1
33 63 -1
33 66 1
33 69 -1
33 72 -1
33 74 -1
33 80 -1
33 81 1
33 90 -1
34 36 -1
34 39 1
34 41 -1
34 51 -1
34 59 -1
34 63 -1
34 71 -1
34 72 -1
34 73 1
34 77 -1
34 83 -1
34 84 -1
34 86 -1
34 87 -1
34 89 1
35 37 1
35 46 -1
35 47 -1
35 50 -1
35 53 1
35 54 -1
35 61 -1
35 62 1
35 70 -1
35 83 1
36 37 -1
36 40 1
36 55 -1
36 58 -1
36 60 -1
36 63 -1
36 68 -1
36 71 1
36 80 -1
36 85 -1
37 38 -1
37 43 -1
37 53 1
37 55 -1
37 57 -1
37 62 1
37 65 -1
37 67 -1
37 71 -1
37 83 1
37 87 -1
37 90 1
38 45 1
38 48 -1
38 66 1
38 69 -1
38 72 -1
38 76 -1
38 78 -1
38 81 1
38 84 -1
38 88 -1
38 89 -1
39 50 -1
39 60 1
39 70 -1
39 74 -1
39 83 -1
39 89 1
40 55 -1
40 62 -1
40 67 -1
40 71 1
40 75 -1
40 79 -1
40 90 -1
41 42 -1
41 47 -1
41 49 1
41 52 1
41 55 -1
41 61 -1
41 70 -1
41 72 -1
41 75 -1
41 86 -1
41 90 -1
42 46 -1
42 51 -1
42 54 1
42 55 -1
42 59 -1
42 76 -1
42 80 -1
43 47 1
43 50 1
43 51 -1
43 57 1
43 58 1
43 61 -1
43 64 -1
43 66 -1
43 76 -1
43 78 1
43 82 -1
43 88 -1
43 90 -1
44 54 -1
44 71 -1
44 75 1
44 86 1
44 89 -1
45 50 -1
45 52 -1
45 66 1
45 68 -1
45 69 -1
45 73 -1
45 75 -1
45 77 -1
45 78 -1
45 81 1
46 55 -1
46 67 1
46 68 -1
46 75 -1
46 77 -1
46 78 -1
46 80 1
46 87 -1
46 89 -1
47 49 -1
47 50 -1
47 56 -1
47 57 1
47 58 1
47 60 -1
47 63 -1
47 64 -1
47 73 -1
47 74 -1
47 77 -1
47 78 1
47 82 -1
47 85 -1
48 55 -1
48 63 1
48 70 -1
48 76 -1
48 80 -1
48 82 -1
48 86 -1
48 88 -1
49 53 -1
49 58 -1
49 65 -1
49 78 -1
49 79 -1
49 81 -1
49 83 -1
49 88 -1
50 57 1
50 58 1
50 65 1
50 87 -1
51 57 -1
51 59 -1
51 61 -1
51 64 1
51 68 -1
51 70 -1
51 72 1
51 77 1
51 82 -1
52 55 -1
52 60 -1
52 70 -1
52 72 -1
52 74 -1
52 76 -1
53 61 -1
53 62 1
53 64 -1
53 67 -1
53 83 1
53 85 -1
53 89 -1
53 90 1
54 55 -1
54 59 -1
54 64 1
54 67 -1
54 70 -1
54 72 -1
54 76 -1
54 77 1
54 79 -1
54 87 -1
55 58 -1
55 65 -1
55 66 -1
55 80 -1
55 82 -1
55 90 -1
56 66 -1
56 69 1
56 74 -1
56 75 -1
56 86 -1
56 88 1
57 58 1
57 61 -1
57 78 1
57 86 -1
58 62 -1
58 66 -1
58 73 -1
58 78 1
58 87 -1
59 61 1
59 72 -1
59 82 1
60 62 -1
60 66 -1
60 69 -1
60 70 -1
60 72 -1
60 74 -1
60 81 -1
60 89 1
61 70 -1
61 75 -1
61 76 -1
61 82 1
61 85 1
61 88 -1
62 63 -1
62 67 -1
62 72 -1
62 74 -1
62 80 -1
62 81 -1
62 82 -1
62 83 1
62 84 -1
62 90 1
63 75 -1
63 77 -1
63 78 -1
63 80 -1
63 81 -1
63 86 -1
63 87 -1
63 88 -1
64 65 -1
64 67 -1
64 77 1
64 78 -1
64 80 -1
64 90 -1
65 66 -1
65 67 -1
65 69 -1
65 71 -1
65 76 -1
65 78 -1
65 80 -1
65 86 -1
66 67 -1
66 70 -1
66 71 -1
66 81 1
66 82 -1
66 85 1
66 88 -1
67 70 -1
67 73 -1
67 80 1
67 85 -1
67 89 -1
68 70 -1
68 78 -1
68 81 -1
69 70 -1
69 72 -1
69 86 -1
69 88 1
70 79 1
71 73 -1
71 74 -1
71 77 -1
71 78 -1
71 81 -1
71 87 -1
71 88 -1
72 77 1
73 83 -1
74 76 1
74 86 -1
74 88 -1
74 90 -1
75 82 -1
75 85 -1
75 86 1
76 78 -1
76 80 -1
76 86 -1
77 78 -1
77 89 -1
78 81 -1
78 82 -1
78 83 -1
78 90 -1
80 85 -1
81 85 1
81 87 -1
82 84 -1
82 88 -1
83 89 -1
83 90 1
84 85 -1
85 88 -1
