vertices: 190 edges: 9057
1 2 1
1 3 1
1 4 1
1 5 -1
1 6 1
1 10 -1
1 11 1
1 12 1
1 13 1
1 19 -1
1 21 -1
1 22 1
1 23 1
1 25 1
1 27 1
1 28 1
1 30 1
1 31 1
1 32 1
1 33 1
1 34 1
1 35 -1
1 38 -1
1 39 1
1 41 1
1 45 1
1 46 -1
1 47 1
1 49 1
1 50 1
1 51 1
1 53 1
1 54 -1
1 55 1
1 56 1
1 58 1
1 62 1
1 64 -1
1 66 1
1 68 1
1 69 1
1 71 1
1 73 1
1 74 1
1 75 1
1 76 1
1 77 -1
1 78 -1
1 79 1
1 82 1
1 83 1
1 85 1
1 87 1
1 88 1
1 89 1
1 90 1
1 91 1
1 92 1
1 95 1
1 96 1
1 97 1
1 98 1
1 100 -1
1 101 -1
1 102 1
1 105 1
1 106 -1
1 108 1
1 109 -1
1 110 1
1 112 -1
1 113 1
1 114 -1
1 116 1
1 117 -1
1 118 1
1 119 1
1 120 1
1 122 1
1 124 1
1 128 1
1 130 1
1 131 1
1 133 1
1 135 1
1 136 1
1 138 -1
1 139 1
1 140 1
1 142 1
1 143 1
1 144 1
1 149 1
1 150 1
1 152 1
1 154 -1
1 157 1
1 158 1
1 160 -1
1 162 1
1 163 1
1 164 1
1 165 1
1 170 -1
1 172 1
1 174 -1
1 176 1
1 179 1
1 180 1
1 183 1
1 185 1
1 187 1
2 3 1
2 4 1
2 5 -1
2 6 1
2 11 1
2 13 1
2 21 -1
2 23 1
2 25 1
2 27 1
2 28 1
2 30 1
2 31 1
2 32 1
2 33 1
2 34 1
2 37 -1
2 41 1
2 45 1
2 47 1
2 48 -1
2 49 1
2 50 1
2 51 1
2 53 1
2 55 1
2 56 1
2 58 1
2 59 1
2 62 -1
2 64 -1
2 66 1
2 68 1
2 69 1
2 71 1
2 73 1
2 75 1
2 76 1
2 79 1
2 80 -1
2 82 1
2 83 1
2 85 1
2 88 1
2 89 1
2 90 1
2 91 1
2 92 1
2 95 1
2 96 1
2 97 1
2 98 1
2 102 1
2 105 1
2 108 1
2 109 -1
2 110 1
2 112 -1
2 113 1
2 116 1
2 118 1
2 120 1
2 122 1
2 124 1
2 125 -1
2 126 -1
2 128 1
2 130 1
2 132 -1
2 135 1
2 136 1
2 137 1
2 139 1
2 140 1
2 142 1
2 143 1
2 144 1
2 145 -1
2 146 1
2 149 1
2 150 1
2 152 1
2 154 -1
2 156 -1
2 157 1
2 158 1
2 160 1
2 161 1
2 163 1
2 164 1
2 166 1
2 171 -1
2 172 1
2 174 1
2 176 1
2 177 -1
2 179 1
2 180 1
2 182 -1
2 185 1
2 187 1
2 188 -1
3 4 1
3 6 1
3 8 1
3 9 1
3 11 1
3 13 1
3 15 1
3 19 1
3 23 1
3 25 1
3 26 1
3 28 1
3 29 1
3 30 1
3 31 1
3 33 1
3 40 1
3 44 1
3 45 1
3 47 1
3 48 1
3 49 1
3 51 1
3 53 1
3 56 1
3 57 1
3 59 1
3 63 1
3 65 -1
3 68 1
3 69 1
3 71 1
3 72 -1
3 73 1
3 75 1
3 76 1
3 77 1
3 79 1
3 80 1
3 82 -1
3 83 1
3 88 1
3 89 1
3 90 -1
3 91 1
3 92 1
3 95 -1
3 96 1
3 97 1
3 98 1
3 100 1
3 101 1
3 102 1
3 103 1
3 104 1
3 105 1
3 106 -1
3 108 1
3 109 1
3 110 1
3 111 1
3 112 1
3 113 1
3 116 1
3 117 1
3 118 -1
3 120 1
3 122 1
3 123 1
3 128 1
3 132 1
3 134 1
3 135 1
3 136 1
3 137 1
3 140 1
3 141 1
3 142 1
3 144 1
3 146 1
3 147 1
3 148 1
3 149 1
3 150 1
3 153 1
3 155 1
3 156 1
3 157 1
3 158 1
3 160 1
3 161 1
3 163 1
3 164 1
3 166 1
3 167 1
3 168 1
3 171 1
3 172 1
3 173 -1
3 174 1
3 176 1
3 177 -1
3 179 1
3 180 1
3 182 1
3 185 1
3 190 1
4 6 1
4 8 1
4 9 1
4 10 -1
4 11 1
4 13 1
4 14 -1
4 15 1
4 18 -1
4 19 1
4 23 1
4 25 1
4 26 1
4 28 1
4 29 1
4 30 1
4 31 1
4 33 1
4 34 -1
4 40 1
4 43 -1
4 44 1
4 45 1
4 46 -1
4 47 1
4 48 1
4 49 1
4 50 1
4 51 1
4 53 1
4 56 1
4 57 1
4 58 -1
4 59 1
4 63 1
4 68 1
4 69 1
4 71 1
4 73 1
4 75 1
4 76 1
4 77 1
4 79 1
4 80 1
4 82 -1
4 83 1
4 86 -1
4 88 1
4 89 1
4 91 1
4 92 1
4 96 1
4 97 1
4 98 1
4 100 1
4 101 1
4 102 1
4 103 1
4 104 1
4 105 1
4 108 1
4 109 1
4 110 1
4 111 1
4 112 1
4 113 1
4 116 1
4 117 1
4 120 1
4 121 -1
4 122 1
4 123 1
4 125 -1
4 128 1
4 132 1
4 135 1
4 136 1
4 137 1
4 140 1
4 141 1
4 142 1
4 144 1
4 146 1
4 147 1
4 148 1
4 149 1
4 150 1
4 152 -1
4 153 1
4 156 1
4 157 1
4 158 1
4 159 -1
4 160 1
4 161 1
4 163 1
4 164 1
4 166 1
4 167 1
4 168 1
4 171 -1
4 172 1
4 174 1
4 176 1
4 177 -1
4 179 1
4 180 1
4 182 1
4 184 -1
4 185 1
4 187 -1
4 190 1
5 14 1
5 16 1
5 17 1
5 20 1
5 23 -1
5 28 -1
5 29 -1
5 34 -1
5 35 1
5 36 1
5 37 1
5 38 1
5 42 1
5 43 1
5 46 1
5 47 -1
5 51 -1
5 52 1
5 54 1
5 59 -1
5 61 1
5 62 -1
5 63 -1
5 64 1
5 67 1
5 69 -1
5 70 1
5 72 1
5 73 -1
5 75 -1
5 78 1
5 81 1
5 84 1
5 86 1
5 93 1
5 94 1
5 99 1
5 102 -1
5 106 1
5 107 1
5 110 -1
5 113 -1
5 114 1
5 115 -1
5 120 -1
5 121 -1
5 125 1
5 126 1
5 127 1
5 129 1
5 138 1
5 149 -1
5 151 1
5 154 1
5 165 -1
5 169 1
5 170 1
5 173 1
5 175 1
5 177 1
5 178 1
5 181 1
5 183 -1
5 184 1
5 188 1
6 7 1
6 8 1
6 9 1
6 11 1
6 15 1
6 19 1
6 20 -1
6 23 1
6 24 1
6 25 1
6 26 1
6 28 1
6 29 1
6 30 1
6 33 1
6 34 -1
6 40 1
6 41 -1
6 44 1
6 48 1
6 49 1
6 51 1
6 53 1
6 56 1
6 57 1
6 58 -1
6 59 1
6 63 1
6 65 1
6 68 1
6 69 1
6 71 1
6 73 1
6 75 1
6 76 -1
6 77 1
6 79 1
6 80 1
6 83 1
6 88 1
6 89 -1
6 91 1
6 96 1
6 97 1
6 98 1
6 100 1
6 101 1
6 102 1
6 103 1
6 104 1
6 105 1
6 109 1
6 110 1
6 111 1
6 112 1
6 113 1
6 115 1
6 116 1
6 117 1
6 120 1
6 121 1
6 122 1
6 123 1
6 128 1
6 130 -1
6 132 1
6 134 1
6 135 1
6 136 1
6 137 1
6 140 1
6 141 1
6 142 -1
6 144 1
6 145 -1
6 146 1
6 147 1
6 148 1
6 149 1
6 150 1
6 153 1
6 155 1
6 156 1
6 157 1
6 158 1
6 159 1
6 160 1
6 161 1
6 163 1
6 164 1
6 166 1
6 167 1
6 168 1
6 169 -1
6 171 1
6 172 1
6 174 1
6 175 -1
6 177 -1
6 179 1
6 180 1
6 182 1
6 185 1
6 186 1
6 189 1
6 190 1
7 8 1
7 9 1
7 15 1
7 17 -1
7 19 1
7 24 1
7 26 1
7 29 1
7 30 1
7 31 -1
7 35 -1
7 38 -1
7 40 1
7 42 -1
7 44 1
7 48 1
7 57 1
7 59 1
7 63 1
7 65 1
7 74 -1
7 77 1
7 78 -1
7 80 1
7 83 -1
7 87 -1
7 88 1
7 100 1
7 101 1
7 103 1
7 104 1
7 109 1
7 111 1
7 112 1
7 115 1
7 117 1
7 121 1
7 123 1
7 132 1
7 134 1
7 135 -1
7 137 1
7 141 1
7 143 -1
7 144 -1
7 146 1
7 147 1
7 148 1
7 153 1
7 154 -1
7 155 1
7 156 1
7 159 1
7 160 1
7 161 1
7 164 1
7 166 1
7 167 1
7 168 1
7 171 1
7 174 1
7 182 1
7 186 1
7 189 1
7 190 1
8 9 1
8 10 -1
8 11 1
8 13 -1
8 15 1
8 16 -1
8 17 -1
8 19 1
8 22 -1
8 24 1
8 25 1
8 26 1
8 28 1
8 29 1
8 30 1
8 35 -1
8 39 -1
8 40 1
8 44 1
8 48 1
8 49 1
8 52 -1
8 56 1
8 57 1
8 59 1
8 61 -1
8 63 1
8 65 1
8 68 1
8 71 -1
8 75 -1
8 76 -1
8 77 1
8 80 1
8 86 -1
8 88 1
8 91 1
8 97 1
8 99 -1
8 100 1
8 101 1
8 103 1
8 104 1
8 105 -1
8 109 1
8 110 1
8 111 1
8 112 1
8 115 1
8 117 1
8 119 -1
8 120 1
8 121 1
8 123 1
8 130 -1
8 132 1
8 134 1
8 135 1
8 136 -1
8 137 1
8 140 1
8 141 1
8 145 -1
8 146 1
8 147 1
8 148 1
8 150 -1
8 153 1
8 154 -1
8 155 1
8 156 1
8 157 1
8 159 1
8 160 1
8 161 1
8 164 1
8 166 1
8 167 1
8 168 1
8 171 1
8 174 1
8 176 -1
8 179 1
8 181 -1
8 182 1
8 186 1
8 189 1
8 190 1
9 10 -1
9 11 1
9 15 1
9 18 -1
9 19 1
9 24 1
9 25 1
9 26 1
9 27 -1
9 28 1
9 29 1
9 30 1
9 32 -1
9 34 -1
9 40 1
9 44 1
9 45 -1
9 48 1
9 49 1
9 52 -1
9 56 1
9 57 1
9 59 1
9 62 -1
9 63 1
9 65 1
9 68 1
9 71 1
9 77 1
9 80 1
9 88 1
9 91 1
9 96 1
9 97 1
9 100 1
9 101 1
9 103 1
9 104 1
9 105 -1
9 109 1
9 110 1
9 111 1
9 112 1
9 115 1
9 117 1
9 120 1
9 121 1
9 123 1
9 124 -1
9 128 1
9 132 1
9 134 1
9 135 1
9 137 1
9 140 1
9 141 1
9 146 1
9 147 1
9 148 1
9 149 1
9 150 -1
9 151 -1
9 152 -1
9 153 1
9 154 -1
9 155 1
9 156 1
9 157 1
9 158 1
9 159 1
9 160 1
9 161 1
9 163 -1
9 164 1
9 166 1
9 167 1
9 168 1
9 170 -1
9 171 1
9 172 -1
9 173 -1
9 174 1
9 179 1
9 180 1
9 182 1
9 183 -1
9 184 -1
9 185 -1
9 186 1
9 189 1
9 190 1
10 12 1
10 13 1
10 17 1
10 18 1
10 20 1
10 21 1
10 22 1
10 27 1
10 29 -1
10 31 1
10 32 1
10 34 1
10 35 1
10 36 1
10 37 1
10 38 1
10 39 1
10 41 1
10 42 1
10 43 1
10 45 1
10 47 1
10 48 -1
10 49 -1
10 50 1
10 52 1
10 54 1
10 55 1
10 56 -1
10 58 1
10 59 -1
10 60 1
10 61 1
10 62 1
10 64 1
10 66 1
10 67 1
10 69 -1
10 70 -1
10 72 1
10 73 -1
10 74 1
10 76 1
10 78 1
10 80 -1
10 81 1
10 82 1
10 84 1
10 85 1
10 87 1
10 89 1
10 90 1
10 92 1
10 94 1
10 95 1
10 100 -1
10 106 -1
10 107 1
10 108 1
10 114 1
10 116 1
10 118 1
10 119 1
10 122 1
10 124 1
10 125 1
10 126 1
10 127 1
10 130 1
10 131 1
10 133 1
10 135 -1
10 138 1
10 139 1
10 140 -1
10 141 -1
10 142 1
10 143 1
10 145 1
10 146 -1
10 150 1
10 151 1
10 152 1
10 154 1
10 155 -1
10 162 1
10 163 -1
10 165 1
10 169 1
10 170 1
10 174 -1
10 175 1
10 176 1
10 177 1
10 178 1
10 179 -1
10 181 1
10 183 1
10 184 1
10 186 -1
10 187 1
11 13 1
11 15 1
11 16 -1
11 19 1
11 21 -1
11 23 1
11 25 1
11 26 1
11 28 1
11 29 1
11 30 1
11 31 1
11 33 1
11 39 -1
11 40 1
11 44 1
11 45 1
11 47 1
11 48 1
11 49 1
11 50 1
11 51 1
11 52 -1
11 53 1
11 56 1
11 57 1
11 59 1
11 60 -1
11 62 -1
11 63 1
11 64 -1
11 66 -1
11 68 1
11 69 1
11 71 1
11 73 1
11 75 1
11 76 1
11 77 1
11 79 1
11 80 1
11 83 1
11 85 -1
11 88 1
11 89 1
11 91 1
11 92 1
11 96 1
11 97 1
11 98 1
11 100 1
11 101 1
11 102 1
11 103 1
11 104 1
11 105 1
11 108 1
11 109 1
11 110 1
11 111 1
11 112 1
11 113 1
11 116 1
11 117 1
11 120 1
11 121 -1
11 122 1
11 123 1
11 124 -1
11 126 -1
11 128 1
11 132 1
11 135 1
11 136 1
11 137 1
11 139 -1
11 140 1
11 141 1
11 142 1
11 144 1
11 146 1
11 147 1
11 148 1
11 149 1
11 150 1
11 153 1
11 156 1
11 157 1
11 158 1
11 160 1
11 161 1
11 163 1
11 164 1
11 166 1
11 167 1
11 168 1
11 172 1
11 173 -1
11 174 1
11 176 1
11 179 1
11 180 1
11 182 1
11 185 1
11 190 1
12 13 1
12 17 1
12 18 1
12 20 1
12 21 1
12 22 1
12 27 1
12 28 -1
12 31 1
12 32 1
12 33 1
12 34 1
12 35 1
12 36 1
12 37 1
12 39 1
12 40 -1
12 41 1
12 43 1
12 45 1
12 47 1
12 50 1
12 52 1
12 54 1
12 55 1
12 58 1
12 60 1
12 61 1
12 62 1
12 64 1
12 66 1
12 67 1
12 69 1
12 71 -1
12 72 1
12 74 1
12 76 1
12 78 1
12 81 1
12 82 1
12 84 1
12 85 1
12 87 1
12 89 1
12 90 1
12 91 -1
12 92 1
12 94 1
12 95 1
12 96 -1
12 98 1
12 103 -1
12 107 1
12 108 1
12 114 1
12 116 1
12 118 1
12 119 1
12 120 -1
12 122 1
12 124 1
12 126 1
12 127 1
12 129 -1
12 130 1
12 131 1
12 132 -1
12 133 1
12 137 -1
12 138 1
12 139 1
12 142 1
12 143 1
12 145 1
12 150 1
12 151 1
12 152 1
12 154 1
12 155 -1
12 156 -1
12 162 1
12 165 1
12 168 -1
12 169 1
12 170 1
12 175 1
12 176 1
12 177 1
12 178 1
12 181 1
12 182 -1
12 183 1
12 184 1
12 185 1
12 187 1
13 14 -1
13 17 -1
13 18 1
13 20 -1
13 21 1
13 22 1
13 23 1
13 25 -1
13 26 -1
13 27 1
13 29 -1
13 31 1
13 32 1
13 33 1
13 34 1
13 39 1
13 41 1
13 45 1
13 46 -1
13 47 1
13 50 1
13 51 1
13 53 1
13 55 1
13 56 1
13 58 1
13 60 1
13 62 1
13 66 1
13 69 1
13 71 1
13 72 -1
13 73 1
13 74 1
13 75 1
13 76 1
13 79 1
13 82 1
13 83 1
13 85 1
13 87 1
13 89 1
13 90 1
13 91 1
13 92 1
13 95 1
13 96 1
13 97 -1
13 98 1
13 102 1
13 105 1
13 106 -1
13 107 -1
13 108 1
13 112 -1
13 113 1
13 116 1
13 118 1
13 119 1
13 120 1
13 121 -1
13 122 1
13 124 1
13 126 1
13 128 1
13 129 -1
13 130 1
13 131 1
13 133 1
13 135 1
13 136 1
13 137 -1
13 139 1
13 140 1
13 142 1
13 143 1
13 144 1
13 145 1
13 149 1
13 150 1
13 152 1
13 153 -1
13 155 -1
13 156 -1
13 158 1
13 159 -1
13 162 1
13 163 1
13 165 1
13 172 1
13 176 1
13 180 1
13 183 1
13 185 1
13 187 1
14 16 1
14 17 1
14 18 -1
14 20 1
14 21 1
14 25 -1
14 34 -1
14 35 1
14 36 1
14 37 1
14 38 1
14 42 1
14 43 1
14 45 -1
14 46 1
14 52 1
14 54 1
14 60 1
14 61 1
14 64 1
14 65 -1
14 67 1
14 70 1
14 72 1
14 76 -1
14 77 -1
14 78 1
14 79 -1
14 81 1
14 84 1
14 86 1
14 93 1
14 94 1
14 99 1
14 101 -1
14 105 -1
14 106 1
14 107 1
14 111 -1
14 113 -1
14 114 1
14 116 -1
14 119 -1
14 121 -1
14 123 -1
14 124 -1
14 125 1
14 126 1
14 127 1
14 129 1
14 130 -1
14 132 -1
14 134 -1
14 138 1
14 140 -1
14 141 -1
14 145 1
14 151 1
14 154 1
14 157 -1
14 167 -1
14 168 -1
14 169 1
14 170 1
14 173 1
14 175 1
14 177 1
14 178 1
14 179 -1
14 181 1
14 182 -1
14 184 1
14 188 1
15 16 -1
15 18 -1
15 19 1
15 23 -1
15 24 1
15 25 1
15 26 1
15 27 -1
15 28 1
15 29 1
15 30 1
15 35 -1
15 40 1
15 42 -1
15 44 1
15 48 1
15 49 1
15 51 -1
15 56 1
15 57 1
15 59 1
15 61 -1
15 63 1
15 65 1
15 68 1
15 71 1
15 73 1
15 77 1
15 80 1
15 88 1
15 90 -1
15 91 1
15 92 -1
15 96 1
15 97 1
15 100 1
15 101 1
15 102 1
15 103 1
15 104 1
15 106 -1
15 109 1
15 110 1
15 111 1
15 112 1
15 114 -1
15 115 1
15 116 -1
15 117 1
15 120 1
15 121 1
15 123 1
15 128 1
15 132 1
15 134 1
15 135 1
15 136 -1
15 137 1
15 140 1
15 141 1
15 143 -1
15 144 1
15 146 1
15 147 1
15 148 1
15 149 1
15 153 1
15 155 1
15 156 1
15 157 1
15 158 1
15 159 1
15 160 1
15 161 1
15 164 1
15 166 1
15 167 1
15 168 1
15 169 -1
15 171 1
15 172 1
15 174 1
15 179 1
15 180 1
15 182 1
15 186 1
15 187 -1
15 189 1
15 190 1
16 17 1
16 18 -1
16 20 1
16 27 -1
16 32 -1
16 33 -1
16 35 1
16 36 1
16 37 1
16 38 1
16 42 1
16 43 1
16 46 1
16 49 -1
16 52 1
16 54 1
16 61 1
16 64 1
16 67 1
16 70 1
16 72 1
16 73 -1
16 78 -1
16 81 1
16 84 1
16 86 1
16 88 -1
16 91 -1
16 93 1
16 94 1
16 96 -1
16 97 -1
16 99 1
16 101 -1
16 106 1
16 107 1
16 108 -1
16 114 1
16 119 -1
16 123 -1
16 125 1
16 126 -1
16 127 1
16 129 1
16 134 -1
16 138 1
16 141 -1
16 144 -1
16 150 -1
16 151 1
16 152 -1
16 154 1
16 158 -1
16 163 -1
16 164 -1
16 165 -1
16 169 1
16 170 1
16 173 1
16 174 -1
16 175 1
16 177 1
16 178 1
16 181 1
16 184 1
16 188 1
16 189 -1
17 18 1
17 20 1
17 21 1
17 22 1
17 27 1
17 32 1
17 34 1
17 35 1
17 36 1
17 37 1
17 38 1
17 39 1
17 42 1
17 43 1
17 46 1
17 51 -1
17 52 1
17 53 -1
17 54 1
17 60 1
17 61 1
17 62 1
17 64 1
17 67 1
17 70 1
17 71 -1
17 72 1
17 74 1
17 75 -1
17 78 1
17 81 1
17 82 1
17 84 1
17 86 1
17 87 1
17 89 -1
17 93 1
17 94 1
17 98 -1
17 99 1
17 105 -1
17 106 1
17 107 1
17 114 1
17 117 -1
17 119 1
17 121 -1
17 122 -1
17 123 -1
17 124 1
17 125 1
17 126 1
17 127 1
17 128 -1
17 129 1
17 130 1
17 131 1
17 133 1
17 138 1
17 141 -1
17 143 1
17 144 -1
17 145 1
17 146 -1
17 151 1
17 153 -1
17 154 1
17 159 -1
17 160 -1
17 161 -1
17 162 1
17 165 1
17 169 1
17 170 1
17 172 -1
17 173 1
17 175 1
17 177 1
17 178 1
17 181 1
17 183 1
17 184 1
17 187 1
17 188 1
18 20 1
18 21 1
18 22 1
18 27 1
18 31 1
18 32 1
18 34 1
18 35 1
18 36 1
18 37 1
18 38 1
18 39 1
18 41 1
18 42 1
18 43 1
18 45 1
18 46 -1
18 47 1
18 49 -1
18 50 1
18 52 1
18 54 1
18 55 1
18 56 -1
18 58 1
18 60 1
18 61 1
18 62 1
18 64 1
18 65 -1
18 66 1
18 67 1
18 72 1
18 74 1
18 76 1
18 78 1
18 81 1
18 82 1
18 84 1
18 85 1
18 87 1
18 89 1
18 90 1
18 91 -1
18 92 1
18 93 -1
18 94 1
18 95 1
18 96 -1
18 103 -1
18 107 1
18 108 1
18 111 -1
18 114 1
18 115 -1
18 116 1
18 118 1
18 119 1
18 121 -1
18 122 1
18 124 1
18 125 1
18 126 1
18 127 1
18 129 -1
18 130 1
18 131 1
18 133 1
18 138 1
18 139 1
18 142 1
18 143 1
18 144 -1
18 145 1
18 147 -1
18 150 1
18 151 1
18 152 1
18 154 1
18 162 1
18 163 -1
18 165 1
18 169 1
18 170 1
18 171 -1
18 175 1
18 176 1
18 177 1
18 178 1
18 181 1
18 182 -1
18 183 1
18 184 1
18 187 1
19 24 1
19 25 1
19 26 1
19 28 1
19 29 1
19 30 1
19 37 -1
19 40 1
19 44 1
19 48 1
19 49 1
19 56 1
19 57 1
19 59 1
19 63 1
19 65 1
19 68 1
19 70 -1
19 73 -1
19 75 -1
19 77 1
19 79 -1
19 80 1
19 88 1
19 91 1
19 96 1
19 97 1
19 99 -1
19 100 1
19 101 1
19 102 -1
19 103 1
19 104 1
19 107 -1
19 109 1
19 110 1
19 111 1
19 112 1
19 115 1
19 117 1
19 120 1
19 121 1
19 123 1
19 127 -1
19 128 1
19 132 1
19 134 1
19 135 1
19 137 1
19 140 1
19 141 1
19 144 -1
19 145 -1
19 146 1
19 147 1
19 148 1
19 153 1
19 155 1
19 156 1
19 157 1
19 158 1
19 159 1
19 160 1
19 161 1
19 164 1
19 165 -1
19 166 1
19 167 1
19 168 1
19 171 1
19 172 -1
19 174 1
19 177 -1
19 179 1
19 180 1
19 182 1
19 186 1
19 188 -1
19 189 1
19 190 1
20 21 1
20 22 1
20 25 -1
20 34 1
20 35 1
20 36 1
20 37 1
20 38 1
20 39 1
20 42 1
20 43 1
20 46 1
20 47 -1
20 52 1
20 54 1
20 58 -1
20 59 -1
20 60 1
20 61 1
20 62 1
20 64 1
20 67 1
20 70 1
20 72 1
20 74 1
20 78 1
20 81 1
20 84 1
20 85 -1
20 86 1
20 87 1
20 93 1
20 94 1
20 99 1
20 102 -1
20 106 1
20 107 1
20 111 -1
20 114 1
20 118 -1
20 119 1
20 124 1
20 125 1
20 126 1
20 127 1
20 129 1
20 131 1
20 133 1
20 138 1
20 141 -1
20 145 1
20 147 -1
20 151 1
20 154 1
20 155 -1
20 162 1
20 164 -1
20 165 1
20 166 -1
20 168 -1
20 169 1
20 170 1
20 173 1
20 175 1
20 177 1
20 178 1
20 181 1
20 182 -1
20 183 1
20 184 1
20 188 1
21 22 1
21 27 1
21 29 -1
21 30 -1
21 32 1
21 34 1
21 35 1
21 36 1
21 37 1
21 38 1
21 39 1
21 41 1
21 42 1
21 43 1
21 45 -1
21 47 1
21 48 -1
21 50 1
21 52 1
21 54 1
21 55 1
21 57 -1
21 58 1
21 60 1
21 61 1
21 62 1
21 64 1
21 66 1
21 67 1
21 72 1
21 74 1
21 76 1
21 78 1
21 81 1
21 82 1
21 84 1
21 85 1
21 86 -1
21 87 1
21 88 -1
21 89 1
21 90 1
21 93 -1
21 94 1
21 95 1
21 101 -1
21 107 1
21 108 1
21 112 -1
21 113 -1
21 114 1
21 118 1
21 119 1
21 124 1
21 125 1
21 126 1
21 127 1
21 128 -1
21 130 1
21 131 1
21 132 -1
21 133 1
21 134 -1
21 138 1
21 139 1
21 140 -1
21 142 1
21 143 1
21 145 1
21 151 1
21 152 1
21 154 1
21 158 -1
21 162 1
21 165 1
21 166 -1
21 169 1
21 170 1
21 172 -1
21 175 1
21 177 1
21 178 1
21 181 1
21 183 1
21 184 1
21 187 1
21 188 -1
22 25 -1
22 27 1
22 31 1
22 32 1
22 33 1
22 34 1
22 36 1
22 37 1
22 38 -1
22 39 1
22 41 1
22 43 1
22 45 1
22 47 1
22 50 1
22 51 1
22 53 1
22 54 1
22 55 1
22 56 -1
22 58 1
22 60 1
22 61 1
22 62 1
22 64 1
22 66 1
22 67 1
22 69 1
22 72 1
22 74 1
22 75 -1
22 76 1
22 78 1
22 79 -1
22 81 1
22 82 1
22 84 1
22 85 1
22 87 1
22 88 -1
22 89 1
22 90 1
22 92 1
22 94 1
22 95 1
22 98 1
22 102 -1
22 105 1
22 108 1
22 114 1
22 116 1
22 118 1
22 119 1
22 122 1
22 124 1
22 126 1
22 127 1
22 130 1
22 131 1
22 133 1
22 139 1
22 142 1
22 143 1
22 144 -1
22 145 1
22 148 -1
22 150 1
22 151 1
22 152 1
22 154 1
22 162 1
22 163 1
22 164 -1
22 165 1
22 169 1
22 170 1
22 171 -1
22 172 -1
22 175 1
22 176 1
22 177 1
22 178 1
22 181 -1
22 183 1
22 184 1
22 185 1
22 187 1
23 25 1
23 27 1
23 28 1
23 30 1
23 31 1
23 32 1
23 33 1
23 36 -1
23 41 1
23 45 1
23 47 1
23 49 1
23 50 1
23 51 1
23 53 1
23 54 -1
23 55 1
23 56 1
23 57 1
23 58 1
23 59 1
23 60 -1
23 66 1
23 68 1
23 69 1
23 71 1
23 73 1
23 75 1
23 76 1
23 79 1
23 83 1
23 84 -1
23 85 1
23 88 1
23 89 1
23 90 1
23 91 1
23 92 1
23 95 1
23 96 1
23 97 1
23 98 1
23 102 1
23 105 1
23 108 1
23 110 1
23 113 1
23 115 -1
23 116 1
23 118 1
23 120 1
23 121 -1
23 122 1
23 123 1
23 128 1
23 130 1
23 135 1
23 136 1
23 137 1
23 139 1
23 140 1
23 142 1
23 144 1
23 146 1
23 148 1
23 149 1
23 150 1
23 152 1
23 157 1
23 158 1
23 160 1
23 161 1
23 162 -1
23 163 1
23 164 1
23 166 1
23 171 -1
23 172 1
23 174 1
23 175 -1
23 176 1
23 178 -1
23 179 1
23 180 1
23 185 1
23 187 1
23 189 -1
24 25 1
24 26 1
24 29 1
24 30 1
24 37 -1
24 39 -1
24 40 1
24 44 1
24 48 1
24 49 1
24 54 -1
24 57 1
24 59 1
24 63 1
24 65 1
24 72 -1
24 75 -1
24 76 -1
24 77 1
24 80 1
24 88 1
24 90 -1
24 96 -1
24 97 1
24 99 -1
24 100 1
24 101 1
24 103 1
24 104 1
24 109 1
24 110 -1
24 111 1
24 112 1
24 115 1
24 117 1
24 118 -1
24 119 -1
24 121 1
24 123 1
24 127 -1
24 132 1
24 134 1
24 137 1
24 141 1
24 146 1
24 147 1
24 148 1
24 149 -1
24 151 -1
24 153 1
24 155 1
24 156 1
24 157 1
24 159 1
24 160 1
24 161 1
24 163 -1
24 164 1
24 166 1
24 167 1
24 168 1
24 171 1
24 174 1
24 179 1
24 182 1
24 184 -1
24 186 1
24 187 -1
24 189 1
24 190 1
25 26 1
25 28 1
25 29 1
25 30 1
25 31 1
25 33 1
25 36 -1
25 40 1
25 44 1
25 45 1
25 46 -1
25 47 1
25 48 1
25 49 1
25 51 1
25 53 1
25 56 1
25 57 1
25 59 1
25 63 1
25 68 1
25 69 1
25 71 1
25 72 -1
25 73 1
25 75 1
25 77 1
25 79 1
25 80 1
25 83 1
25 88 1
25 89 1
25 91 1
25 92 1
25 96 1
25 97 1
25 98 1
25 100 1
25 101 1
25 102 1
25 103 1
25 104 1
25 105 1
25 109 1
25 110 1
25 111 1
25 112 1
25 113 1
25 116 1
25 117 1
25 120 1
25 122 1
25 123 1
25 125 -1
25 128 1
25 130 -1
25 132 1
25 133 -1
25 134 1
25 135 1
25 136 1
25 137 1
25 140 1
25 141 1
25 144 1
25 146 1
25 147 1
25 148 1
25 149 1
25 150 1
25 153 1
25 155 1
25 156 1
25 157 1
25 158 1
25 159 -1
25 160 1
25 161 1
25 163 1
25 164 1
25 166 1
25 167 1
25 168 1
25 170 -1
25 171 1
25 172 1
25 174 1
25 175 -1
25 176 1
25 178 -1
25 179 1
25 180 1
25 182 1
25 185 1
25 186 1
25 189 -1
25 190 1
26 27 -1
26 28 1
26 29 1
26 30 1
26 39 -1
26 40 1
26 44 1
26 45 -1
26 48 1
26 49 1
26 54 -1
26 56 1
26 57 1
26 59 1
26 60 -1
26 63 1
26 65 1
26 68 1
26 69 -1
26 70 -1
26 77 1
26 78 -1
26 80 1
26 85 -1
26 86 -1
26 88 1
26 91 1
26 96 1
26 97 1
26 100 1
26 101 1
26 103 1
26 104 1
26 109 1
26 110 1
26 111 1
26 112 1
26 115 1
26 117 1
26 120 1
26 121 1
26 123 1
26 128 1
26 132 1
26 134 1
26 135 1
26 137 1
26 139 -1
26 140 1
26 141 1
26 146 1
26 147 1
26 148 1
26 153 1
26 155 1
26 156 1
26 157 1
26 158 1
26 159 1
26 160 1
26 161 1
26 162 -1
26 164 1
26 166 1
26 167 1
26 168 1
26 171 1
26 174 1
26 177 -1
26 179 1
26 180 1
26 182 1
26 185 -1
26 186 1
26 187 -1
26 188 -1
26 189 1
26 190 1
27 31 1
27 32 1
27 33 1
27 34 1
27 35 -1
27 36 1
27 37 1
27 39 1
27 40 -1
27 41 1
27 45 1
27 47 1
27 50 1
27 51 1
27 53 1
27 55 1
27 56 -1
27 58 1
27 60 1
27 61 1
27 62 1
27 66 1
27 69 1
27 72 -1
27 74 1
27 75 1
27 76 1
27 78 1
27 79 1
27 82 1
27 83 1
27 84 1
27 85 1
27 87 1
27 89 1
27 90 1
27 92 1
27 94 1
27 95 1
27 98 1
27 100 -1
27 105 1
27 108 1
27 113 1
27 114 1
27 116 1
27 118 1
27 119 1
27 122 1
27 124 1
27 126 1
27 127 1
27 130 1
27 131 1
27 133 1
27 134 -1
27 135 -1
27 136 1
27 138 -1
27 139 1
27 140 -1
27 142 1
27 143 1
27 144 1
27 145 1
27 147 -1
27 150 1
27 151 1
27 152 1
27 154 1
27 161 -1
27 162 1
27 163 1
27 165 1
27 168 -1
27 169 1
27 175 1
27 176 1
27 178 1
27 183 1
27 184 1
27 185 1
27 187 1
28 29 1
28 30 1
28 31 1
28 32 -1
28 33 1
28 36 -1
28 40 1
28 43 -1
28 44 1
28 45 1
28 47 1
28 48 1
28 49 1
28 51 1
28 53 1
28 56 1
28 57 1
28 59 1
28 63 1
28 64 -1
28 68 1
28 69 1
28 70 -1
28 71 1
28 73 1
28 75 1
28 76 1
28 77 1
28 79 1
28 80 1
28 82 -1
28 83 1
28 88 1
28 89 1
28 91 1
28 92 1
28 96 1
28 97 1
28 98 1
28 100 1
28 101 1
28 102 1
28 103 1
28 104 1
28 105 1
28 107 -1
28 108 1
28 109 1
28 110 1
28 111 1
28 112 1
28 113 1
28 116 1
28 117 1
28 120 1
28 122 1
28 123 1
28 128 1
28 132 1
28 134 1
28 135 1
28 136 1
28 137 1
28 139 -1
28 140 1
28 141 1
28 144 1
28 146 1
28 147 1
28 148 1
28 149 1
28 150 1
28 151 -1
28 153 1
28 155 1
28 156 1
28 157 1
28 158 1
28 160 1
28 161 1
28 163 1
28 164 1
28 166 1
28 167 1
28 168 1
28 169 -1
28 171 1
28 172 1
28 174 1
28 176 1
28 178 -1
28 179 1
28 180 1
28 182 1
28 185 1
28 187 -1
28 189 -1
28 190 1
29 30 1
29 31 -1
29 32 -1
29 34 -1
29 40 1
29 44 1
29 47 -1
29 48 1
29 49 1
29 56 1
29 57 1
29 59 1
29 60 -1
29 63 1
29 65 1
29 68 1
29 71 1
29 73 1
29 74 -1
29 77 1
29 80 1
29 85 -1
29 88 1
29 90 -1
29 91 1
29 96 1
29 97 1
29 98 -1
29 100 1
29 101 1
29 102 1
29 103 1
29 104 1
29 105 -1
29 109 1
29 110 1
29 111 1
29 112 1
29 115 1
29 117 1
29 119 -1
29 120 1
29 121 1
29 123 1
29 128 1
29 132 1
29 133 -1
29 134 1
29 135 1
29 137 1
29 140 1
29 141 1
29 146 1
29 147 1
29 148 1
29 149 1
29 150 -1
29 153 1
29 155 1
29 156 1
29 157 1
29 158 1
29 159 1
29 160 1
29 161 1
29 164 1
29 166 1
29 167 1
29 168 1
29 171 1
29 174 1
29 179 1
29 180 1
29 182 1
29 186 1
29 189 1
29 190 1
30 33 1
30 37 -1
30 40 1
30 44 1
30 47 -1
30 48 1
30 49 1
30 50 -1
30 51 1
30 53 1
30 56 1
30 57 1
30 59 1
30 62 -1
30 63 1
30 65 1
30 68 1
30 69 1
30 71 1
30 73 1
30 75 1
30 77 1
30 79 1
30 80 1
30 81 -1
30 83 1
30 84 -1
30 88 1
30 91 1
30 92 -1
30 93 -1
30 96 1
30 97 1
30 98 1
30 100 1
30 101 1
30 102 1
30 103 1
30 104 1
30 105 1
30 109 1
30 110 1
30 111 1
30 112 1
30 113 1
30 115 1
30 116 -1
30 117 1
30 118 -1
30 120 1
30 121 1
30 123 1
30 126 -1
30 128 1
30 132 1
30 134 1
30 135 1
30 136 1
30 137 1
30 140 1
30 141 1
30 144 1
30 146 1
30 147 1
30 148 1
30 149 1
30 150 -1
30 152 -1
30 153 1
30 155 1
30 156 1
30 157 1
30 158 1
30 159 1
30 160 1
30 161 1
30 163 1
30 164 1
30 166 1
30 167 1
30 168 1
30 170 -1
30 171 1
30 172 1
30 174 1
30 179 1
30 180 1
30 182 1
30 185 1
30 186 1
30 189 1
30 190 1
31 32 1
31 33 1
31 34 1
31 35 -1
31 39 1
31 40 -1
31 41 1
31 43 -1
31 45 1
31 47 1
31 49 1
31 50 1
31 51 1
31 53 1
31 55 1
31 56 1
31 57 -1
31 58 1
31 59 -1
31 62 1
31 66 1
31 68 1
31 69 1
31 71 1
31 73 1
31 74 1
31 75 1
31 76 1
31 78 -1
31 79 1
31 82 1
31 83 1
31 85 1
31 87 1
31 89 1
31 90 1
31 91 1
31 92 1
31 95 1
31 96 1
31 97 1
31 98 1
31 101 -1
31 102 1
31 103 -1
31 105 1
31 108 1
31 110 1
31 113 1
31 116 1
31 118 1
31 119 1
31 120 1
31 122 1
31 124 1
31 126 -1
31 128 1
31 130 1
31 131 1
31 133 1
31 135 1
31 136 1
31 138 -1
31 139 1
31 140 1
31 142 1
31 143 1
31 144 1
31 145 1
31 149 1
31 150 1
31 152 1
31 157 1
31 158 1
31 162 1
31 163 1
31 164 -1
31 165 1
31 172 1
31 176 1
31 179 1
31 180 1
31 183 1
31 185 1
31 187 1
32 33 1
32 34 1
32 36 1
32 37 1
32 39 1
32 40 -1
32 41 1
32 44 -1
32 45 1
32 47 1
32 49 -1
32 50 1
32 51 1
32 53 1
32 55 1
32 58 1
32 60 1
32 61 1
32 62 1
32 66 1
32 67 -1
32 69 1
32 70 -1
32 73 -1
32 74 1
32 75 1
32 76 1
32 78 1
32 79 1
32 82 1
32 83 1
32 84 1
32 85 1
32 87 1
32 89 1
32 90 1
32 92 1
32 94 1
32 95 1
32 96 -1
32 98 1
32 99 -1
32 100 -1
32 102 -1
32 105 1
32 108 1
32 110 -1
32 113 1
32 114 1
32 116 1
32 118 1
32 119 1
32 122 1
32 124 1
32 126 1
32 127 1
32 128 -1
32 130 1
32 131 1
32 133 1
32 136 1
32 139 1
32 141 -1
32 142 1
32 143 1
32 144 -1
32 145 1
32 150 1
32 151 1
32 152 1
32 154 1
32 162 1
32 163 1
32 165 1
32 169 1
32 173 -1
32 175 1
32 176 1
32 178 1
32 183 1
32 184 1
32 185 1
32 187 1
33 34 1
33 35 -1
33 39 1
33 41 1
33 45 1
33 47 1
33 49 1
33 50 1
33 51 1
33 53 1
33 55 1
33 56 1
33 58 1
33 61 -1
33 62 1
33 66 1
33 68 1
33 69 1
33 71 1
33 72 -1
33 73 1
33 74 1
33 75 1
33 76 1
33 77 -1
33 79 1
33 82 1
33 83 1
33 84 -1
33 85 1
33 87 1
33 88 1
33 89 1
33 90 1
33 91 1
33 92 1
33 93 -1
33 95 1
33 96 1
33 97 1
33 98 1
33 100 -1
33 102 1
33 103 -1
33 105 1
33 107 -1
33 108 1
33 110 1
33 113 1
33 115 -1
33 116 1
33 118 1
33 119 1
33 120 1
33 122 1
33 123 -1
33 124 1
33 125 -1
33 128 1
33 129 -1
33 130 1
33 131 1
33 135 1
33 136 1
33 139 1
33 140 1
33 141 -1
33 142 1
33 143 1
33 144 1
33 146 1
33 149 1
33 150 1
33 152 1
33 157 1
33 158 1
33 162 1
33 163 1
33 164 1
33 165 1
33 166 1
33 172 1
33 176 1
33 179 1
33 180 1
33 183 1
33 184 -1
33 185 1
33 187 1
33 188 -1
34 36 1
34 37 1
34 39 1
34 41 1
34 45 1
34 47 1
34 48 -1
34 50 1
34 51 1
34 53 1
34 54 -1
34 55 1
34 58 1
34 60 1
34 61 1
34 62 1
34 64 1
34 66 1
34 69 1
34 70 -1
34 74 1
34 75 -1
34 76 1
34 78 1
34 79 1
34 81 1
34 82 1
34 83 -1
34 84 1
34 85 1
34 87 1
34 88 -1
34 89 1
34 90 1
34 92 1
34 93 -1
34 94 1
34 95 1
34 98 1
34 105 1
34 107 -1
34 108 1
34 113 1
34 114 1
34 116 1
34 118 1
34 119 1
34 122 1
34 124 1
34 126 1
34 127 1
34 128 -1
34 130 1
34 131 1
34 133 1
34 135 -1
34 136 1
34 137 -1
34 138 -1
34 139 1
34 142 1
34 143 1
34 144 -1
34 145 1
34 150 1
34 151 1
34 152 1
34 154 1
34 156 -1
34 158 -1
34 160 -1
34 162 1
34 163 1
34 164 -1
34 165 1
34 169 1
34 170 1
34 175 1
34 176 1
34 178 1
34 179 -1
34 181 -1
34 183 1
34 184 1
34 185 1
34 187 1
34 188 -1
34 190 -1
35 36 1
35 37 1
35 38 1
35 42 1
35 43 1
35 44 -1
35 46 1
35 52 1
35 54 1
35 55 -1
35 60 1
35 61 1
35 64 1
35 65 -1
35 67 1
35 68 -1
35 70 1
35 72 1
35 75 -1
35 77 -1
35 78 1
35 79 -1
35 81 1
35 84 1
35 86 1
35 87 1
35 93 1
35 94 1
35 99 1
35 100 -1
35 101 -1
35 106 1
35 107 1
35 108 -1
35 114 1
35 119 1
35 125 1
35 126 1
35 127 1
35 129 1
35 133 1
35 134 -1
35 138 1
35 140 -1
35 141 -1
35 145 1
35 146 -1
35 148 -1
35 151 1
35 154 1
35 155 -1
35 157 -1
35 159 -1
35 160 -1
35 165 1
35 169 1
35 170 1
35 173 1
35 175 1
35 176 -1
35 177 1
35 178 1
35 181 1
35 184 1
35 188 1
36 37 1
36 38 1
36 39 1
36 41 1
36 42 1
36 43 1
36 45 -1
36 46 1
36 52 1
36 54 1
36 60 1
36 61 1
36 62 1
36 64 1
36 67 1
36 70 1
36 72 1
36 74 1
36 78 1
36 81 1
36 82 1
36 83 -1
36 84 1
36 86 1
36 87 1
36 88 -1
36 92 -1
36 93 1
36 94 1
36 95 -1
36 99 1
36 100 -1
36 106 1
36 107 1
36 108 -1
36 110 -1
36 114 1
36 118 1
36 119 1
36 123 -1
36 124 1
36 125 1
36 126 1
36 127 1
36 129 1
36 130 1
36 131 1
36 133 1
36 138 1
36 143 1
36 145 1
36 151 1
36 154 1
36 157 -1
36 160 -1
36 162 1
36 165 1
36 166 -1
36 167 -1
36 169 1
36 170 1
36 173 1
36 175 1
36 177 1
36 178 1
36 180 -1
36 181 1
36 182 -1
36 183 1
36 184 1
36 185 -1
36 187 1
36 188 1
37 38 1
37 39 1
37 41 1
37 42 1
37 43 1
37 46 1
37 47 -1
37 52 1
37 53 -1
37 54 1
37 56 -1
37 58 -1
37 60 1
37 61 1
37 62 1
37 64 1
37 66 1
37 67 1
37 70 1
37 72 1
37 74 1
37 75 -1
37 76 -1
37 77 -1
37 78 1
37 81 1
37 82 1
37 84 1
37 85 1
37 86 1
37 87 1
37 90 1
37 93 1
37 94 1
37 95 1
37 99 1
37 101 -1
37 106 1
37 107 1
37 109 -1
37 111 -1
37 114 1
37 118 1
37 119 1
37 124 1
37 125 1
37 126 1
37 127 1
37 129 1
37 130 1
37 131 1
37 133 1
37 136 -1
37 137 -1
37 138 1
37 143 1
37 145 1
37 151 1
37 152 1
37 154 1
37 162 1
37 163 -1
37 165 1
37 168 -1
37 169 1
37 170 1
37 172 -1
37 173 1
37 175 1
37 177 1
37 178 1
37 181 1
37 183 1
37 184 1
37 185 -1
37 186 -1
37 187 1
37 188 1
37 190 -1
38 42 1
38 43 1
38 46 1
38 49 -1
38 52 1
38 54 1
38 57 -1
38 59 -1
38 60 1
38 61 1
38 63 -1
38 64 1
38 67 1
38 70 1
38 72 1
38 74 -1
38 78 1
38 81 1
38 82 -1
38 84 1
38 85 -1
38 86 1
38 93 1
38 94 1
38 97 -1
38 99 1
38 106 1
38 107 1
38 114 1
38 115 -1
38 116 -1
38 122 -1
38 123 -1
38 125 1
38 126 1
38 127 1
38 129 1
38 134 -1
38 137 -1
38 138 1
38 142 -1
38 143 -1
38 145 1
38 151 1
38 154 1
38 169 1
38 170 1
38 173 1
38 174 -1
38 175 1
38 177 1
38 178 1
38 180 -1
38 181 1
38 184 1
38 188 1
39 41 1
39 43 1
39 45 1
39 46 -1
39 47 1
39 50 1
39 51 1
39 53 1
39 54 1
39 55 1
39 58 1
39 60 1
39 61 1
39 62 1
39 64 1
39 66 1
39 67 1
39 69 1
39 72 1
39 74 1
39 76 1
39 78 1
39 81 1
39 82 1
39 84 1
39 85 1
39 87 1
39 89 1
39 90 1
39 92 1
39 94 1
39 95 1
39 98 1
39 105 1
39 107 1
39 108 1
39 114 1
39 116 1
39 117 -1
39 118 1
39 119 1
39 120 -1
39 122 1
39 124 1
39 126 1
39 127 1
39 129 -1
39 130 1
39 131 1
39 133 1
39 139 1
39 142 1
39 143 1
39 145 1
39 150 1
39 151 1
39 152 1
39 153 -1
39 154 1
39 157 -1
39 162 1
39 165 1
39 169 1
39 170 1
39 175 1
39 176 1
39 177 1
39 178 1
39 179 -1
39 183 1
39 184 1
39 185 1
39 187 1
40 43 -1
40 44 1
40 48 1
40 49 1
40 56 1
40 57 1
40 59 1
40 62 -1
40 63 1
40 65 1
40 68 1
40 69 -1
40 77 1
40 80 1
40 81 -1
40 88 1
40 91 -1
40 94 -1
40 95 -1
40 97 1
40 100 1
40 101 1
40 103 1
40 104 1
40 108 -1
40 109 1
40 110 1
40 111 1
40 112 1
40 115 1
40 117 1
40 120 1
40 121 1
40 123 1
40 130 -1
40 132 1
40 134 1
40 135 -1
40 137 1
40 140 -1
40 141 1
40 143 -1
40 144 -1
40 146 1
40 147 1
40 148 1
40 153 1
40 155 1
40 156 1
40 157 1
40 158 -1
40 159 1
40 160 1
40 161 1
40 164 1
40 166 1
40 167 1
40 168 1
40 171 1
40 174 1
40 179 1
40 180 -1
40 182 1
40 186 1
40 189 1
40 190 1
41 43 -1
41 45 1
41 47 1
41 50 1
41 51 1
41 53 1
41 55 1
41 58 1
41 60 1
41 61 1
41 62 1
41 66 1
41 69 1
41 74 1
41 75 1
41 76 1
41 78 1
41 79 1
41 82 1
41 83 1
41 84 -1
41 85 1
41 87 1
41 88 -1
41 89 1
41 90 1
41 92 1
41 93 -1
41 94 1
41 95 1
41 98 1
41 101 -1
41 105 1
41 108 1
41 111 -1
41 113 1
41 115 -1
41 116 1
41 118 1
41 119 1
41 122 1
41 124 1
41 125 -1
41 126 1
41 127 1
41 128 -1
41 129 -1
41 130 1
41 131 1
41 133 1
41 136 1
41 137 -1
41 138 -1
41 139 1
41 142 1
41 143 1
41 144 1
41 145 1
41 150 1
41 151 1
41 152 1
41 154 1
41 156 -1
41 162 1
41 163 1
41 165 1
41 166 -1
41 169 1
41 170 -1
41 172 1
41 175 1
41 176 1
41 178 1
41 182 -1
41 183 1
41 184 1
41 185 1
41 187 1
42 43 1
42 46 1
42 50 -1
42 52 1
42 53 -1
42 54 1
42 60 1
42 61 1
42 64 1
42 67 1
42 70 1
42 72 1
42 77 -1
42 78 1
42 81 1
42 84 1
42 86 1
42 88 -1
42 90 -1
42 92 -1
42 93 1
42 94 1
42 99 1
42 101 -1
42 102 -1
42 103 -1
42 104 -1
42 105 -1
42 106 1
42 107 1
42 114 1
42 117 -1
42 119 -1
42 125 1
42 126 1
42 127 1
42 129 1
42 133 1
42 138 1
42 145 1
42 148 -1
42 151 1
42 152 -1
42 154 1
42 155 -1
42 157 -1
42 159 -1
42 160 -1
42 169 1
42 170 1
42 173 1
42 175 1
42 177 1
42 178 1
42 179 -1
42 181 1
42 183 -1
42 184 1
42 188 1
43 45 -1
43 46 1
43 50 -1
43 52 1
43 54 1
43 60 1
43 61 1
43 62 1
43 64 1
43 65 -1
43 67 1
43 70 1
43 72 1
43 78 1
43 81 1
43 84 1
43 86 1
43 87 1
43 93 1
43 94 1
43 99 1
43 106 1
43 107 1
43 110 -1
43 114 1
43 118 -1
43 119 1
43 121 -1
43 125 1
43 126 1
43 127 1
43 128 -1
43 129 1
43 131 -1
43 133 1
43 135 -1
43 137 -1
43 138 1
43 141 -1
43 145 1
43 151 1
43 154 1
43 159 -1
43 161 -1
43 162 1
43 165 1
43 166 -1
43 169 1
43 170 1
43 173 1
43 175 1
43 177 1
43 178 1
43 179 -1
43 181 1
43 182 -1
43 184 1
43 188 1
44 45 -1
44 48 1
44 49 1
44 52 -1
44 56 1
44 57 1
44 59 1
44 60 -1
44 63 1
44 65 1
44 68 1
44 70 -1
44 71 1
44 72 -1
44 73 1
44 77 1
44 78 -1
44 79 -1
44 80 1
44 84 -1
44 88 1
44 89 -1
44 91 1
44 95 -1
44 96 1
44 97 1
44 100 1
44 101 1
44 102 1
44 103 1
44 104 1
44 109 1
44 110 1
44 111 1
44 112 1
44 115 1
44 117 1
44 120 1
44 121 1
44 122 -1
44 123 1
44 125 -1
44 128 1
44 132 1
44 133 -1
44 134 1
44 135 1
44 136 -1
44 137 1
44 138 -1
44 139 -1
44 140 1
44 141 1
44 144 1
44 146 1
44 147 1
44 148 1
44 149 1
44 150 -1
44 153 1
44 155 1
44 156 1
44 157 1
44 158 1
44 159 1
44 160 1
44 161 1
44 163 -1
44 164 1
44 166 1
44 167 1
44 168 1
44 171 1
44 172 1
44 174 1
44 175 -1
44 179 1
44 180 1
44 182 1
44 186 1
44 189 1
44 190 1
45 47 1
45 49 1
45 50 1
45 51 1
45 53 1
45 55 1
45 56 1
45 58 1
45 62 1
45 66 1
45 68 1
45 69 1
45 71 1
45 72 -1
45 73 1
45 74 1
45 75 1
45 76 1
45 79 1
45 81 -1
45 82 1
45 83 1
45 85 1
45 87 1
45 89 1
45 90 1
45 91 1
45 92 1
45 94 -1
45 95 1
45 96 1
45 97 1
45 98 1
45 102 1
45 105 1
45 106 -1
45 108 1
45 110 1
45 111 -1
45 113 1
45 115 -1
45 116 1
45 118 1
45 119 1
45 120 1
45 122 1
45 124 1
45 125 -1
45 128 1
45 130 1
45 131 1
45 133 1
45 135 1
45 136 1
45 139 1
45 140 1
45 142 1
45 143 1
45 144 1
45 146 -1
45 149 1
45 150 1
45 152 1
45 157 1
45 158 1
45 160 -1
45 162 1
45 163 1
45 165 1
45 172 1
45 176 1
45 177 -1
45 179 1
45 180 1
45 183 1
45 185 1
45 187 1
45 189 -1
46 49 -1
46 52 1
46 54 1
46 57 -1
46 61 1
46 64 1
46 67 1
46 68 -1
46 70 1
46 72 1
46 73 -1
46 76 -1
46 81 1
46 84 1
46 86 1
46 89 -1
46 90 -1
46 92 -1
46 93 1
46 94 1
46 98 -1
46 99 1
46 101 -1
46 106 1
46 107 1
46 108 -1
46 114 1
46 115 -1
46 116 -1
46 125 1
46 127 1
46 129 1
46 135 -1
46 138 1
46 143 -1
46 148 -1
46 151 1
46 152 -1
46 154 1
46 155 -1
46 158 -1
46 164 -1
46 167 -1
46 169 1
46 170 1
46 172 -1
46 173 1
46 174 -1
46 175 1
46 177 1
46 178 1
46 180 -1
46 181 1
46 182 -1
46 184 1
46 188 1
47 48 -1
47 50 1
47 51 1
47 53 1
47 54 -1
47 55 1
47 56 1
47 58 1
47 60 1
47 61 -1
47 62 1
47 63 -1
47 64 -1
47 66 1
47 68 1
47 69 1
47 71 1
47 73 1
47 74 1
47 75 1
47 76 1
47 77 -1
47 79 1
47 82 1
47 83 1
47 85 1
47 87 1
47 89 1
47 90 1
47 91 1
47 92 1
47 94 -1
47 95 1
47 96 1
47 97 1
47 98 1
47 102 1
47 105 1
47 108 1
47 110 1
47 112 -1
47 113 1
47 115 -1
47 116 1
47 118 1
47 119 1
47 120 1
47 122 1
47 124 1
47 126 -1
47 128 1
47 129 -1
47 130 1
47 131 1
47 133 1
47 135 1
47 136 1
47 139 1
47 140 1
47 142 1
47 143 1
47 144 1
47 145 1
47 147 -1
47 149 1
47 150 1
47 152 1
47 155 -1
47 158 1
47 162 1
47 163 1
47 165 1
47 172 1
47 176 1
47 179 1
47 180 1
47 183 1
47 185 1
47 187 1
47 189 -1
48 49 1
48 52 -1
48 53 -1
48 56 1
48 57 1
48 59 1
48 60 -1
48 63 1
48 65 1
48 68 1
48 77 1
48 80 1
48 86 -1
48 88 1
48 92 -1
48 94 -1
48 97 1
48 100 1
48 101 1
48 103 1
48 104 1
48 105 -1
48 109 1
48 110 1
48 111 1
48 112 1
48 115 1
48 116 -1
48 117 1
48 120 1
48 121 1
48 123 1
48 128 -1
48 132 1
48 134 1
48 135 1
48 137 1
48 141 1
48 143 -1
48 146 1
48 147 1
48 148 1
48 153 1
48 155 1
48 156 1
48 157 1
48 159 1
48 160 1
48 161 1
48 164 1
48 166 1
48 167 1
48 168 1
48 171 1
48 174 1
48 175 -1
48 177 -1
48 179 1
48 182 1
48 184 -1
48 186 1
48 189 1
48 190 1
49 51 1
49 53 1
49 55 -1
49 56 1
49 57 1
49 59 1
49 60 -1
49 63 1
49 64 -1
49 65 1
49 68 1
49 69 1
49 71 1
49 73 1
49 75 1
49 77 1
49 79 1
49 80 1
49 83 1
49 88 1
49 91 1
49 92 1
49 96 1
49 97 1
49 98 1
49 100 1
49 101 1
49 102 1
49 103 1
49 104 1
49 105 1
49 107 -1
49 108 -1
49 109 1
49 110 1
49 111 1
49 112 1
49 113 1
49 116 1
49 117 1
49 120 1
49 121 1
49 122 1
49 123 1
49 124 -1
49 128 1
49 132 1
49 134 1
49 135 1
49 136 1
49 137 1
49 139 -1
49 140 1
49 141 1
49 144 1
49 145 -1
49 146 1
49 147 1
49 148 1
49 149 1
49 150 1
49 153 1
49 155 1
49 156 1
49 157 1
49 158 1
49 160 1
49 161 1
49 163 1
49 164 1
49 166 1
49 167 1
49 168 1
49 171 1
49 172 1
49 174 1
49 176 1
49 179 1
49 180 1
49 182 1
49 185 1
49 186 1
49 190 1
50 51 1
50 53 1
50 55 1
50 56 1
50 57 -1
50 58 1
50 59 -1
50 60 1
50 62 1
50 66 1
50 67 -1
50 69 1
50 71 1
50 72 -1
50 73 1
50 74 1
50 75 1
50 76 1
50 79 1
50 82 1
50 83 1
50 85 1
50 87 1
50 88 -1
50 89 1
50 90 1
50 91 1
50 92 1
50 95 1
50 96 1
50 98 1
50 101 -1
50 102 1
50 105 1
50 108 1
50 111 -1
50 113 1
50 114 -1
50 116 1
50 118 1
50 119 1
50 120 1
50 121 -1
50 122 1
50 123 -1
50 124 1
50 126 1
50 128 1
50 130 1
50 131 1
50 132 -1
50 133 1
50 135 1
50 136 1
50 139 1
50 140 1
50 142 1
50 143 1
50 144 1
50 145 1
50 149 1
50 150 1
50 152 1
50 154 -1
50 158 1
50 162 1
50 163 1
50 165 1
50 172 1
50 176 1
50 180 1
50 183 1
50 185 1
50 187 1
51 53 1
51 55 1
51 56 1
51 58 1
51 59 -1
51 60 -1
51 62 1
51 64 -1
51 66 1
51 67 -1
51 68 1
51 69 1
51 70 -1
51 71 1
51 73 1
51 74 1
51 75 1
51 76 1
51 79 1
51 80 -1
51 82 1
51 83 1
51 85 1
51 87 -1
51 88 1
51 89 1
51 90 1
51 91 1
51 92 1
51 93 -1
51 94 -1
51 95 1
51 96 1
51 97 1
51 98 1
51 102 1
51 105 1
51 108 1
51 110 1
51 113 1
51 116 1
51 118 1
51 120 1
51 121 -1
51 122 1
51 123 -1
51 124 1
51 126 -1
51 128 1
51 130 1
51 131 1
51 135 1
51 136 1
51 137 1
51 139 1
51 140 1
51 142 1
51 143 1
51 144 1
51 146 1
51 149 1
51 150 1
51 152 1
51 157 1
51 158 1
51 163 1
51 164 1
51 166 1
51 169 -1
51 172 1
51 174 -1
51 176 1
51 179 1
51 180 1
51 182 -1
51 183 1
51 185 1
51 187 1
51 189 -1
51 190 -1
52 54 1
52 58 -1
52 60 1
52 61 1
52 64 1
52 67 1
52 70 1
52 72 1
52 78 1
52 79 -1
52 80 -1
52 81 1
52 82 -1
52 84 1
52 86 1
52 87 1
52 93 1
52 94 1
52 99 1
52 102 -1
52 105 -1
52 106 1
52 107 1
52 110 -1
52 114 1
52 119 1
52 125 1
52 126 1
52 127 1
52 128 -1
52 129 1
52 130 -1
52 133 1
52 138 1
52 145 1
52 151 1
52 154 1
52 157 -1
52 159 -1
52 165 1
52 167 -1
52 169 1
52 170 1
52 171 -1
52 173 1
52 174 -1
52 175 1
52 177 1
52 178 1
52 181 1
52 184 1
52 188 1
53 55 1
53 56 1
53 58 1
53 59 -1
53 62 1
53 66 1
53 68 1
53 69 1
53 71 1
53 73 1
53 74 1
53 75 1
53 76 1
53 79 1
53 80 -1
53 82 1
53 83 1
53 85 1
53 88 1
53 89 1
53 90 1
53 91 1
53 92 1
53 95 1
53 96 1
53 97 1
53 98 1
53 102 1
53 103 -1
53 105 1
53 108 1
53 110 1
53 111 -1
53 113 1
53 116 1
53 118 1
53 120 1
53 122 1
53 124 1
53 128 1
53 130 1
53 131 1
53 135 1
53 136 1
53 138 -1
53 139 1
53 140 1
53 141 -1
53 142 1
53 143 1
53 144 1
53 146 1
53 149 1
53 150 1
53 151 -1
53 152 1
53 154 -1
53 156 -1
53 157 1
53 158 1
53 161 -1
53 162 1
53 163 1
53 164 1
53 166 1
53 172 1
53 175 -1
53 176 1
53 177 -1
53 179 1
53 180 1
53 181 -1
53 183 1
53 185 1
53 187 1
53 189 -1
54 60 1
54 61 1
54 62 1
54 64 1
54 67 1
54 70 1
54 72 1
54 74 1
54 78 1
54 79 -1
54 81 1
54 84 1
54 86 1
54 87 1
54 93 1
54 94 1
54 98 -1
54 99 1
54 106 1
54 107 1
54 108 -1
54 114 1
54 116 -1
54 119 1
54 122 -1
54 124 1
54 125 1
54 126 1
54 127 1
54 129 1
54 131 1
54 133 1
54 138 1
54 140 -1
54 144 -1
54 145 1
54 151 1
54 154 1
54 157 -1
54 161 -1
54 162 1
54 165 1
54 166 -1
54 169 1
54 170 1
54 173 1
54 175 1
54 177 1
54 178 1
54 181 1
54 183 1
54 184 1
54 188 1
55 57 -1
55 58 1
55 60 1
55 62 1
55 63 -1
55 66 1
55 67 -1
55 69 1
55 71 1
55 73 1
55 74 1
55 75 1
55 76 1
55 78 1
55 79 1
55 82 1
55 83 1
55 85 1
55 87 1
55 89 1
55 90 1
55 92 1
55 95 1
55 96 1
55 98 1
55 100 -1
55 102 1
55 103 -1
55 104 -1
55 105 1
55 108 1
55 112 -1
55 113 1
55 116 1
55 118 1
55 119 1
55 120 -1
55 122 1
55 124 1
55 125 -1
55 126 1
55 127 1
55 128 1
55 130 1
55 131 1
55 133 1
55 136 1
55 137 -1
55 139 1
55 142 1
55 143 1
55 144 1
55 145 1
55 149 1
55 150 1
55 151 1
55 152 1
55 155 -1
55 158 1
55 162 1
55 163 1
55 165 1
55 166 -1
55 169 1
55 171 -1
55 172 1
55 175 1
55 176 1
55 180 1
55 183 1
55 184 1
55 185 1
55 187 1
56 57 1
56 59 1
56 63 1
56 68 1
56 69 1
56 71 1
56 73 1
56 74 -1
56 75 1
56 76 1
56 77 1
56 79 1
56 80 1
56 81 -1
56 83 1
56 88 1
56 89 1
56 90 -1
56 91 1
56 92 1
56 96 1
56 97 1
56 98 1
56 100 1
56 101 1
56 102 1
56 103 1
56 104 1
56 105 1
56 108 1
56 109 1
56 110 1
56 111 1
56 112 1
56 113 1
56 116 1
56 117 1
56 118 -1
56 119 -1
56 120 1
56 122 1
56 123 1
56 128 1
56 132 1
56 133 -1
56 134 -1
56 135 1
56 136 1
56 137 1
56 140 1
56 141 1
56 142 1
56 144 1
56 146 1
56 147 1
56 148 1
56 149 1
56 150 1
56 153 1
56 155 1
56 156 1
56 157 1
56 158 1
56 160 1
56 161 1
56 163 1
56 164 1
56 166 1
56 167 1
56 168 1
56 172 1
56 174 1
56 175 -1
56 176 1
56 179 1
56 180 1
56 182 1
56 185 1
56 187 -1
56 190 1
57 59 1
57 61 -1
57 63 1
57 65 1
57 68 1
57 71 1
57 73 1
57 75 1
57 77 1
57 79 1
57 80 1
57 83 1
57 84 -1
57 88 1
57 91 1
57 96 1
57 97 1
57 100 1
57 101 1
57 102 1
57 103 1
57 104 1
57 109 1
57 110 1
57 111 1
57 112 1
57 114 -1
57 115 1
57 117 1
57 120 1
57 121 1
57 122 -1
57 123 1
57 128 1
57 132 1
57 134 1
57 135 1
57 136 -1
57 137 1
57 139 -1
57 140 1
57 141 1
57 144 1
57 146 1
57 147 1
57 148 1
57 149 1
57 153 1
57 155 1
57 156 1
57 157 1
57 158 1
57 159 1
57 160 1
57 161 1
57 164 1
57 166 1
57 167 1
57 168 1
57 171 1
57 172 1
57 174 1
57 179 1
57 180 1
57 182 1
57 186 1
57 187 -1
57 189 1
57 190 1
58 60 1
58 62 1
58 66 1
58 68 -1
58 69 1
58 71 1
58 73 1
58 74 1
58 75 1
58 76 1
58 78 1
58 79 1
58 82 1
58 83 1
58 85 1
58 87 1
58 89 1
58 90 1
58 91 1
58 92 1
58 95 1
58 96 1
58 97 -1
58 98 1
58 102 1
58 105 1
58 108 1
58 113 1
58 116 1
58 117 -1
58 118 1
58 119 1
58 122 1
58 123 -1
58 124 1
58 126 1
58 128 1
58 130 1
58 131 1
58 133 1
58 136 1
58 138 -1
58 139 1
58 140 1
58 142 1
58 143 1
58 144 1
58 145 1
58 149 1
58 150 1
58 152 1
58 153 -1
58 158 1
58 162 1
58 163 1
58 165 1
58 169 1
58 172 1
58 176 1
58 178 -1
58 180 1
58 183 1
58 185 1
58 187 1
58 188 -1
59 63 1
59 65 1
59 68 1
59 69 -1
59 71 1
59 73 1
59 75 1
59 77 1
59 79 1
59 80 1
59 83 1
59 88 1
59 91 1
59 96 1
59 97 1
59 100 1
59 101 1
59 102 1
59 103 1
59 104 1
59 109 1
59 110 1
59 111 1
59 112 1
59 113 1
59 115 1
59 117 1
59 120 1
59 121 1
59 123 1
59 128 1
59 131 -1
59 132 1
59 134 1
59 135 1
59 136 1
59 137 1
59 140 1
59 141 1
59 143 -1
59 144 1
59 146 1
59 147 1
59 148 1
59 149 1
59 153 1
59 155 1
59 156 1
59 157 1
59 158 1
59 159 1
59 160 1
59 161 1
59 164 1
59 166 1
59 167 1
59 168 1
59 169 -1
59 171 1
59 172 1
59 174 1
59 176 -1
59 179 1
59 180 1
59 181 -1
59 182 1
59 186 1
59 188 -1
59 189 1
59 190 1
60 61 1
60 62 1
60 64 1
60 65 -1
60 66 1
60 67 1
60 68 -1
60 72 1
60 74 1
60 76 1
60 78 1
60 81 1
60 82 1
60 84 1
60 85 1
60 87 1
60 88 -1
60 90 1
60 91 -1
60 94 1
60 95 1
60 106 1
60 107 1
60 108 1
60 112 -1
60 114 1
60 115 -1
60 117 -1
60 118 1
60 119 1
60 121 -1
60 124 1
60 125 1
60 126 1
60 127 1
60 130 1
60 131 1
60 133 1
60 138 1
60 139 1
60 142 1
60 143 1
60 145 1
60 151 1
60 152 1
60 153 -1
60 154 1
60 161 -1
60 162 1
60 165 1
60 168 -1
60 169 1
60 170 1
60 171 -1
60 175 1
60 177 1
60 178 1
60 181 1
60 183 1
60 184 1
60 185 -1
60 187 1
61 62 1
61 64 1
61 66 1
61 67 1
61 70 1
61 72 1
61 74 1
61 75 -1
61 78 1
61 79 -1
61 81 1
61 82 1
61 84 1
61 85 1
61 86 1
61 87 1
61 90 1
61 93 1
61 94 1
61 95 1
61 96 -1
61 99 1
61 106 1
61 107 1
61 108 -1
61 114 1
61 115 -1
61 116 -1
61 118 1
61 119 1
61 120 -1
61 124 1
61 125 1
61 126 1
61 127 1
61 129 1
61 130 1
61 131 1
61 133 1
61 138 1
61 141 -1
61 143 1
61 144 -1
61 145 1
61 151 1
61 152 1
61 154 1
61 161 -1
61 162 1
61 165 1
61 169 1
61 170 1
61 173 1
61 175 1
61 177 1
61 178 1
61 181 1
61 182 -1
61 183 1
61 184 1
61 187 1
61 188 1
61 190 -1
62 64 1
62 65 -1
62 66 1
62 67 1
62 69 1
62 70 -1
62 72 1
62 73 -1
62 74 1
62 76 1
62 78 1
62 79 -1
62 81 1
62 82 1
62 84 1
62 85 1
62 87 1
62 89 1
62 90 1
62 92 1
62 94 1
62 95 1
62 98 1
62 100 -1
62 101 -1
62 105 1
62 106 -1
62 107 1
62 108 1
62 114 1
62 116 1
62 118 1
62 119 1
62 122 1
62 124 1
62 126 1
62 127 1
62 130 1
62 131 1
62 133 1
62 137 -1
62 139 1
62 142 1
62 143 1
62 145 1
62 150 1
62 151 1
62 152 1
62 154 1
62 157 -1
62 159 -1
62 161 -1
62 162 1
62 165 1
62 166 -1
62 169 1
62 170 1
62 172 -1
62 175 1
62 176 1
62 177 1
62 178 1
62 182 -1
62 183 1
62 184 1
62 185 1
62 187 1
63 65 1
63 68 1
63 71 1
63 73 1
63 77 1
63 78 -1
63 80 1
63 86 -1
63 88 1
63 89 -1
63 91 1
63 96 1
63 97 1
63 98 -1
63 100 1
63 101 1
63 102 1
63 103 1
63 104 1
63 109 1
63 110 1
63 111 1
63 112 1
63 115 1
63 117 1
63 118 -1
63 120 1
63 121 1
63 123 1
63 127 -1
63 128 1
63 132 1
63 133 -1
63 134 1
63 135 1
63 137 1
63 140 1
63 141 1
63 146 1
63 147 1
63 148 1
63 149 1
63 150 -1
63 153 1
63 155 1
63 156 1
63 157 1
63 158 1
63 159 1
63 160 1
63 161 1
63 164 1
63 166 1
63 167 1
63 168 1
63 171 1
63 174 1
63 176 -1
63 177 -1
63 179 1
63 180 1
63 182 1
63 186 1
63 189 1
63 190 1
64 67 1
64 69 -1
64 70 1
64 72 1
64 73 -1
64 74 1
64 78 1
64 81 1
64 82 1
64 84 1
64 86 1
64 87 1
64 93 1
64 94 1
64 96 -1
64 99 1
64 104 -1
64 106 1
64 107 1
64 109 -1
64 114 1
64 119 1
64 124 1
64 125 1
64 126 1
64 127 1
64 129 1
64 131 1
64 133 1
64 134 -1
64 135 -1
64 138 1
64 145 1
64 146 -1
64 151 1
64 153 -1
64 154 1
64 155 -1
64 156 -1
64 162 1
64 165 1
64 166 -1
64 169 1
64 170 1
64 173 1
64 174 -1
64 175 1
64 177 1
64 178 1
64 181 1
64 183 1
64 184 1
64 188 1
65 77 1
65 80 1
65 82 -1
65 88 1
65 91 -1
65 98 -1
65 100 1
65 101 1
65 103 1
65 104 1
65 109 1
65 111 1
65 112 1
65 115 1
65 117 1
65 121 1
65 123 1
65 132 1
65 134 1
65 135 -1
65 137 1
65 141 1
65 146 1
65 147 1
65 148 1
65 153 1
65 155 1
65 156 1
65 159 1
65 160 1
65 161 1
65 164 1
65 166 1
65 167 1
65 168 1
65 171 1
65 174 1
65 175 -1
65 178 -1
65 182 1
65 186 1
65 189 1
65 190 1
66 69 1
66 70 -1
66 72 -1
66 73 1
66 74 1
66 75 1
66 76 1
66 78 1
66 79 1
66 82 1
66 83 1
66 85 1
66 87 1
66 89 1
66 90 1
66 92 1
66 94 1
66 95 1
66 98 1
66 102 1
66 103 -1
66 105 1
66 108 1
66 113 1
66 116 1
66 118 1
66 119 1
66 121 -1
66 122 1
66 124 1
66 125 -1
66 126 1
66 127 1
66 130 1
66 131 1
66 133 1
66 136 1
66 139 1
66 140 -1
66 142 1
66 143 1
66 144 1
66 145 1
66 150 1
66 151 1
66 152 1
66 157 -1
66 159 -1
66 162 1
66 163 1
66 164 -1
66 165 1
66 169 1
66 172 1
66 173 -1
66 175 1
66 176 1
66 177 -1
66 183 1
66 184 1
66 185 1
66 187 1
67 70 1
67 72 1
67 74 1
67 77 -1
67 78 1
67 81 1
67 84 1
67 85 -1
67 86 1
67 87 1
67 93 1
67 94 1
67 97 -1
67 99 1
67 100 -1
67 106 1
67 107 1
67 108 -1
67 114 1
67 119 1
67 125 1
67 126 1
67 127 1
67 129 1
67 131 1
67 132 -1
67 133 1
67 138 1
67 145 1
67 151 1
67 154 1
67 162 1
67 164 -1
67 165 1
67 169 1
67 170 1
67 171 -1
67 173 1
67 174 -1
67 175 1
67 177 1
67 178 1
67 181 1
67 183 1
67 184 1
67 188 1
68 69 1
68 70 -1
68 71 1
68 72 -1
68 73 1
68 75 1
68 76 1
68 77 1
68 79 1
68 80 1
68 82 -1
68 83 1
68 88 1
68 89 1
68 91 1
68 92 1
68 96 1
68 97 1
68 98 1
68 100 1
68 101 1
68 102 1
68 103 1
68 104 1
68 105 1
68 109 1
68 110 1
68 111 1
68 112 1
68 113 1
68 114 -1
68 116 1
68 117 1
68 119 -1
68 120 1
68 121 -1
68 122 1
68 123 1
68 128 1
68 132 1
68 134 1
68 135 1
68 136 1
68 137 1
68 140 1
68 141 1
68 144 1
68 146 1
68 147 1
68 148 1
68 149 1
68 150 1
68 153 1
68 155 1
68 156 1
68 157 1
68 158 1
68 160 1
68 161 1
68 162 -1
68 163 1
68 164 1
68 166 1
68 167 1
68 168 1
68 171 1
68 172 1
68 173 -1
68 174 1
68 176 1
68 179 1
68 180 1
68 182 1
68 185 1
68 188 -1
68 190 1
69 71 1
69 73 1
69 74 1
69 75 1
69 76 1
69 79 1
69 82 1
69 83 1
69 85 1
69 87 1
69 88 1
69 89 1
69 90 1
69 91 1
69 92 1
69 95 1
69 96 1
69 97 1
69 98 1
69 99 -1
69 102 1
69 105 1
69 108 1
69 110 1
69 113 1
69 116 1
69 118 1
69 119 1
69 120 1
69 122 1
69 123 -1
69 124 1
69 128 1
69 130 1
69 131 1
69 135 1
69 136 1
69 138 -1
69 139 1
69 140 1
69 142 1
69 143 1
69 144 1
69 146 1
69 149 1
69 150 1
69 152 1
69 155 -1
69 157 1
69 158 1
69 160 -1
69 161 -1
69 162 1
69 163 1
69 164 1
69 165 1
69 166 1
69 171 -1
69 172 1
69 176 1
69 177 -1
69 179 1
69 180 1
69 183 1
69 185 1
69 187 1
69 188 -1
70 72 1
70 81 1
70 84 1
70 86 1
70 89 -1
70 93 1
70 94 1
70 99 1
70 104 -1
70 106 1
70 107 1
70 114 1
70 125 1
70 127 1
70 129 1
70 138 1
70 141 -1
70 142 -1
70 145 -1
70 148 -1
70 150 -1
70 151 1
70 154 1
70 167 -1
70 169 1
70 170 1
70 173 1
70 175 1
70 177 1
70 178 1
70 179 -1
70 181 1
70 184 1
70 185 -1
70 187 -1
70 188 1
71 72 -1
71 73 1
71 75 1
71 76 1
71 79 1
71 83 1
71 85 1
71 86 -1
71 88 1
71 89 1
71 90 1
71 91 1
71 92 1
71 96 1
71 97 1
71 98 1
71 100 1
71 102 1
71 104 1
71 105 1
71 108 1
71 109 1
71 110 1
71 111 1
71 112 1
71 113 1
71 116 1
71 117 -1
71 120 1
71 122 1
71 123 1
71 128 1
71 132 -1
71 135 1
71 136 1
71 137 1
71 139 1
71 140 1
71 142 1
71 144 1
71 146 1
71 148 1
71 149 1
71 150 1
71 153 1
71 156 1
71 157 1
71 158 1
71 160 1
71 161 1
71 163 1
71 164 1
71 166 1
71 168 1
71 170 -1
71 172 1
71 174 1
71 176 1
71 179 1
71 180 1
71 185 1
71 190 1
72 75 -1
72 78 1
72 80 -1
72 81 1
72 84 1
72 85 -1
72 86 1
72 87 1
72 89 -1
72 91 -1
72 93 1
72 94 1
72 99 1
72 102 -1
72 106 1
72 107 1
72 114 1
72 119 1
72 125 1
72 126 1
72 127 1
72 129 1
72 131 -1
72 133 1
72 138 1
72 142 -1
72 145 1
72 146 -1
72 147 -1
72 150 -1
72 151 1
72 153 -1
72 154 1
72 155 -1
72 157 -1
72 162 1
72 165 1
72 169 1
72 170 1
72 173 1
72 175 1
72 177 1
72 178 1
72 180 -1
72 181 1
72 182 -1
72 184 1
72 188 1
73 75 1
73 76 1
73 77 -1
73 79 1
73 82 -1
73 83 1
73 85 1
73 87 -1
73 88 1
73 89 1
73 90 1
73 91 1
73 92 1
73 93 -1
73 95 1
73 96 1
73 97 1
73 98 1
73 102 1
73 104 1
73 105 1
73 108 1
73 110 1
73 111 1
73 113 1
73 116 1
73 120 1
73 121 -1
73 122 1
73 123 1
73 128 1
73 131 -1
73 135 1
73 136 1
73 137 1
73 139 1
73 140 1
73 142 1
73 143 -1
73 144 1
73 146 1
73 148 1
73 149 1
73 150 1
73 152 1
73 153 1
73 157 1
73 158 1
73 160 1
73 161 1
73 163 1
73 164 1
73 165 -1
73 166 1
73 167 -1
73 168 1
73 172 1
73 174 1
73 176 1
73 179 1
73 180 1
73 184 -1
73 185 1
73 190 1
74 76 1
74 78 1
74 81 1
74 82 1
74 84 1
74 85 1
74 87 1
74 89 1
74 90 1
74 92 1
74 93 -1
74 94 1
74 95 1
74 98 1
74 99 -1
74 102 -1
74 105 1
74 106 -1
74 108 1
74 111 -1
74 114 1
74 115 -1
74 116 1
74 118 1
74 119 1
74 122 1
74 124 1
74 125 -1
74 126 1
74 127 1
74 128 -1
74 129 -1
74 130 1
74 131 1
74 132 -1
74 133 1
74 139 1
74 141 -1
74 142 1
74 143 1
74 144 -1
74 145 1
74 150 1
74 151 1
74 152 1
74 154 1
74 159 -1
74 162 1
74 163 1
74 165 1
74 167 -1
74 169 1
74 170 1
74 174 -1
74 175 1
74 176 1
74 177 1
74 178 1
74 179 -1
74 183 1
74 184 1
74 185 1
74 187 1
75 76 1
75 79 1
75 83 1
75 85 1
75 86 -1
75 88 1
75 89 1
75 90 1
75 91 1
75 92 1
75 95 1
75 96 1
75 97 1
75 98 1
75 102 1
75 105 1
75 106 -1
75 108 1
75 110 1
75 113 1
75 115 -1
75 116 1
75 118 1
75 120 1
75 122 1
75 123 -1
75 127 -1
75 128 1
75 130 1
75 131 -1
75 135 1
75 136 1
75 137 1
75 139 1
75 140 1
75 141 -1
75 142 1
75 143 1
75 144 1
75 146 1
75 148 1
75 149 1
75 150 1
75 152 1
75 157 1
75 158 1
75 159 -1
75 160 1
75 161 1
75 163 1
75 164 1
75 165 -1
75 166 1
75 170 -1
75 172 1
75 174 1
75 176 1
75 178 -1
75 179 1
75 180 1
75 183 -1
75 185 1
75 187 1
75 189 -1
76 79 1
76 82 1
76 83 1
76 85 1
76 86 -1
76 87 1
76 88 -1
76 89 1
76 90 1
76 91 1
76 92 1
76 95 1
76 96 1
76 98 1
76 99 -1
76 100 -1
76 102 1
76 105 1
76 108 1
76 110 1
76 113 1
76 116 1
76 117 -1
76 118 1
76 119 1
76 120 1
76 121 -1
76 122 1
76 124 1
76 126 -1
76 128 1
76 130 1
76 131 1
76 133 1
76 135 1
76 136 1
76 139 1
76 140 1
76 142 1
76 143 1
76 144 1
76 145 1
76 148 -1
76 149 1
76 150 1
76 152 1
76 158 1
76 162 1
76 163 1
76 165 1
76 166 -1
76 172 1
76 174 -1
76 176 1
76 180 1
76 181 -1
76 183 1
76 185 1
76 187 1
77 79 -1
77 80 1
77 88 1
77 91 1
77 95 -1
77 97 1
77 100 1
77 101 1
77 103 1
77 104 1
77 109 1
77 110 1
77 111 1
77 112 1
77 115 1
77 117 1
77 120 1
77 121 1
77 123 1
77 124 -1
77 128 1
77 129 -1
77 132 1
77 134 1
77 135 1
77 137 1
77 138 -1
77 140 1
77 141 1
77 142 -1
77 146 1
77 147 1
77 148 1
77 149 -1
77 153 1
77 155 1
77 156 1
77 157 1
77 158 1
77 159 1
77 160 1
77 161 1
77 164 1
77 166 1
77 167 1
77 168 1
77 171 1
77 174 1
77 179 1
77 181 -1
77 182 1
77 186 1
77 189 1
77 190 1
78 81 1
78 82 1
78 83 -1
78 84 1
78 85 1
78 86 1
78 87 1
78 90 1
78 94 1
78 95 1
78 106 1
78 107 1
78 114 1
78 117 -1
78 118 1
78 119 1
78 124 1
78 125 1
78 126 1
78 127 1
78 129 1
78 130 1
78 131 1
78 133 1
78 134 -1
78 138 1
78 139 1
78 140 -1
78 142 -1
78 143 1
78 144 -1
78 145 1
78 149 -1
78 151 1
78 152 1
78 154 1
78 157 -1
78 161 -1
78 162 1
78 163 -1
78 165 1
78 169 1
78 170 1
78 172 -1
78 175 1
78 177 1
78 178 1
78 181 1
78 183 1
78 184 1
78 187 1
78 188 1
79 82 1
79 83 1
79 85 1
79 88 1
79 89 1
79 90 1
79 91 1
79 92 1
79 94 -1
79 95 1
79 96 1
79 97 1
79 98 1
79 99 -1
79 102 1
79 105 1
79 108 1
79 110 1
79 113 1
79 116 1
79 118 1
79 120 1
79 122 1
79 124 -1
79 128 1
79 129 -1
79 130 1
79 135 1
79 136 1
79 137 1
79 139 1
79 140 1
79 142 1
79 143 1
79 144 1
79 145 -1
79 146 1
79 149 1
79 150 1
79 152 1
79 157 1
79 158 1
79 160 1
79 161 1
79 163 1
79 164 1
79 165 -1
79 166 1
79 171 -1
79 172 1
79 173 -1
79 174 1
79 176 1
79 179 1
79 180 1
79 185 1
79 187 1
79 188 -1
79 189 -1
80 85 -1
80 88 1
80 89 -1
80 91 1
80 96 1
80 97 1
80 100 1
80 101 1
80 103 1
80 104 1
80 105 -1
80 109 1
80 110 1
80 111 1
80 112 1
80 113 -1
80 114 -1
80 115 1
80 117 1
80 118 -1
80 120 1
80 121 1
80 122 -1
80 123 1
80 128 1
80 129 -1
80 132 1
80 133 -1
80 134 1
80 135 1
80 137 1
80 140 1
80 141 1
80 143 -1
80 146 1
80 147 1
80 148 1
80 149 1
80 153 1
80 154 -1
80 155 1
80 156 1
80 157 1
80 158 1
80 159 1
80 160 1
80 161 1
80 164 1
80 165 -1
80 166 1
80 167 1
80 168 1
80 171 1
80 174 1
80 179 1
80 180 1
80 181 -1
80 182 1
80 183 -1
80 186 1
80 189 1
80 190 1
81 84 1
81 86 1
81 87 1
81 88 -1
81 93 1
81 94 1
81 97 -1
81 99 1
81 104 -1
81 106 1
81 107 1
81 114 1
81 117 -1
81 118 -1
81 119 1
81 122 -1
81 124 1
81 125 1
81 126 1
81 127 1
81 128 -1
81 129 1
81 131 1
81 133 1
81 138 1
81 142 -1
81 145 1
81 151 1
81 154 1
81 156 -1
81 162 1
81 165 1
81 167 -1
81 169 1
81 170 1
81 171 -1
81 173 1
81 175 1
81 177 1
81 178 1
81 180 -1
81 181 1
81 183 1
81 184 1
81 188 1
82 83 1
82 84 1
82 85 1
82 87 1
82 89 1
82 90 1
82 92 1
82 94 1
82 95 1
82 96 -1
82 97 -1
82 98 1
82 105 1
82 108 1
82 112 -1
82 113 1
82 114 1
82 116 1
82 118 1
82 119 1
82 122 1
82 124 1
82 126 1
82 127 1
82 130 1
82 131 1
82 133 1
82 136 1
82 138 -1
82 139 1
82 140 -1
82 141 -1
82 142 1
82 143 1
82 145 1
82 149 -1
82 150 1
82 151 1
82 152 1
82 154 1
82 155 -1
82 162 1
82 163 1
82 165 1
82 166 -1
82 169 1
82 175 1
82 176 1
82 178 1
82 183 1
82 184 1
82 185 1
82 187 1
83 85 1
83 88 1
83 89 1
83 90 1
83 91 1
83 92 1
83 95 1
83 96 1
83 97 1
83 98 1
83 100 -1
83 101 -1
83 102 1
83 105 1
83 106 -1
83 108 1
83 110 1
83 111 -1
83 113 1
83 116 1
83 118 1
83 120 1
83 122 1
83 128 1
83 130 1
83 131 -1
83 133 -1
83 135 1
83 136 1
83 137 1
83 138 -1
83 139 1
83 140 1
83 142 1
83 143 1
83 144 1
83 145 -1
83 146 1
83 147 -1
83 148 1
83 149 1
83 150 1
83 152 1
83 154 -1
83 157 1
83 158 1
83 160 1
83 161 1
83 163 1
83 164 1
83 165 -1
83 166 1
83 168 -1
83 169 -1
83 172 1
83 173 -1
83 174 1
83 176 1
83 179 1
83 180 1
83 185 1
83 187 1
83 189 -1
84 85 -1
84 86 1
84 87 1
84 90 -1
84 91 -1
84 93 1
84 94 1
84 99 1
84 101 -1
84 105 -1
84 106 1
84 107 1
84 109 -1
84 110 -1
84 114 1
84 116 -1
84 119 1
84 122 -1
84 124 1
84 125 1
84 126 1
84 127 1
84 129 1
84 130 1
84 131 1
84 132 -1
84 133 1
84 138 1
84 140 -1
84 142 -1
84 143 1
84 144 -1
84 145 1
84 151 1
84 154 1
84 155 -1
84 157 -1
84 162 1
84 164 -1
84 165 1
84 166 -1
84 167 -1
84 168 -1
84 169 1
84 170 1
84 173 1
84 175 1
84 177 1
84 178 1
84 181 1
84 183 1
84 184 1
84 187 1
84 188 1
84 189 -1
85 86 -1
85 87 1
85 89 1
85 90 1
85 92 1
85 94 1
85 95 1
85 98 1
85 102 1
85 103 -1
85 105 1
85 107 -1
85 108 1
85 109 -1
85 113 1
85 114 -1
85 116 1
85 118 1
85 119 1
85 122 1
85 124 1
85 125 -1
85 126 1
85 127 1
85 128 -1
85 130 1
85 131 1
85 133 1
85 136 1
85 139 1
85 140 -1
85 142 1
85 143 1
85 144 1
85 145 1
85 149 1
85 150 1
85 151 1
85 152 1
85 155 -1
85 159 -1
85 162 1
85 163 1
85 165 1
85 166 -1
85 168 -1
85 169 1
85 172 1
85 175 1
85 176 1
85 183 1
85 184 1
85 185 1
85 186 -1
85 187 1
85 189 -1
86 87 -1
86 88 -1
86 92 -1
86 93 1
86 94 1
86 99 1
86 106 1
86 107 1
86 110 -1
86 114 1
86 115 -1
86 117 -1
86 118 -1
86 125 1
86 127 1
86 129 1
86 133 -1
86 138 1
86 140 -1
86 143 -1
86 151 1
86 153 -1
86 154 1
86 155 -1
86 156 -1
86 157 -1
86 158 -1
86 160 -1
86 169 1
86 170 1
86 172 -1
86 173 1
86 175 1
86 177 1
86 178 1
86 181 1
86 184 1
86 188 1
86 189 -1
87 89 1
87 90 1
87 92 1
87 94 1
87 95 1
87 96 -1
87 98 1
87 99 -1
87 102 -1
87 107 1
87 108 1
87 114 1
87 116 1
87 118 1
87 119 1
87 121 -1
87 122 1
87 124 1
87 126 1
87 127 1
87 130 1
87 131 1
87 133 1
87 138 1
87 139 1
87 142 1
87 143 1
87 145 1
87 150 1
87 151 1
87 152 1
87 154 1
87 158 -1
87 162 1
87 165 1
87 169 1
87 170 1
87 171 -1
87 174 -1
87 175 1
87 176 1
87 177 1
87 178 1
87 180 -1
87 181 1
87 182 -1
87 183 1
87 184 1
87 185 1
87 187 1
88 90 -1
88 91 1
88 93 -1
88 96 1
88 97 1
88 98 1
88 100 1
88 101 1
88 102 1
88 103 1
88 104 1
88 105 1
88 109 1
88 110 1
88 111 1
88 112 1
88 113 1
88 115 1
88 117 1
88 120 1
88 121 1
88 123 1
88 125 -1
88 128 1
88 132 1
88 134 1
88 135 1
88 136 1
88 137 1
88 139 -1
88 140 1
88 141 1
88 144 1
88 146 1
88 147 1
88 148 1
88 149 1
88 153 1
88 155 1
88 156 1
88 157 1
88 158 1
88 159 1
88 160 1
88 161 1
88 163 1
88 164 1
88 166 1
88 167 1
88 168 1
88 170 -1
88 171 1
88 172 1
88 174 1
88 177 -1
88 179 1
88 180 1
88 181 -1
88 182 1
88 184 -1
88 185 1
88 186 1
88 189 1
88 190 1
89 90 1
89 91 1
89 92 1
89 94 -1
89 95 1
89 96 1
89 97 1
89 98 1
89 100 -1
89 102 1
89 105 1
89 108 1
89 110 1
89 113 1
89 116 1
89 118 1
89 119 1
89 120 1
89 122 1
89 124 1
89 126 -1
89 128 1
89 130 1
89 131 1
89 133 1
89 135 1
89 136 1
89 139 1
89 140 1
89 142 1
89 143 1
89 144 1
89 145 1
89 149 1
89 150 1
89 152 1
89 156 -1
89 157 1
89 158 1
89 162 1
89 163 1
89 165 1
89 171 -1
89 172 1
89 175 -1
89 176 1
89 179 1
89 180 1
89 181 -1
89 182 -1
89 183 1
89 185 1
89 187 1
89 189 -1
90 92 1
90 93 -1
90 94 1
90 95 1
90 98 1
90 102 1
90 105 1
90 108 1
90 109 -1
90 110 -1
90 111 -1
90 112 -1
90 113 1
90 116 1
90 117 -1
90 118 1
90 119 1
90 122 1
90 124 1
90 126 1
90 127 1
90 128 -1
90 130 1
90 131 1
90 133 1
90 136 1
90 139 1
90 141 -1
90 142 1
90 143 1
90 144 1
90 145 1
90 146 -1
90 149 1
90 150 1
90 151 1
90 152 1
90 160 -1
90 161 -1
90 162 1
90 163 1
90 165 1
90 169 1
90 171 -1
90 172 1
90 173 -1
90 175 1
90 176 1
90 183 1
90 184 1
90 185 1
90 187 1
90 189 -1
91 92 1
91 96 1
91 97 1
91 98 1
91 100 1
91 101 1
91 102 1
91 103 1
91 104 1
91 105 1
91 108 1
91 109 1
91 110 1
91 111 1
91 112 1
91 113 1
91 116 1
91 120 1
91 122 1
91 123 1
91 128 1
91 129 -1
91 131 -1
91 132 1
91 135 1
91 136 1
91 137 1
91 140 1
91 142 1
91 143 -1
91 144 1
91 146 1
91 147 1
91 148 1
91 149 1
91 150 1
91 151 -1
91 152 -1
91 153 1
91 156 1
91 157 1
91 158 1
91 160 1
91 161 1
91 163 1
91 164 1
91 166 1
91 167 1
91 168 1
91 169 -1
91 172 1
91 173 -1
91 174 1
91 175 -1
91 176 1
91 179 1
91 180 1
91 182 1
91 185 1
91 186 -1
91 190 1
92 95 1
92 96 1
92 97 1
92 98 1
92 102 1
92 105 1
92 108 1
92 110 1
92 113 1
92 114 -1
92 116 1
92 118 1
92 119 1
92 120 1
92 122 1
92 124 1
92 127 -1
92 128 1
92 130 1
92 131 1
92 133 1
92 135 1
92 136 1
92 139 1
92 140 1
92 142 1
92 143 1
92 144 1
92 149 1
92 150 1
92 152 1
92 157 1
92 158 1
92 162 1
92 163 1
92 165 1
92 172 1
92 176 1
92 177 -1
92 178 -1
92 179 1
92 180 1
92 183 1
92 185 1
92 186 -1
92 187 1
92 188 -1
93 94 1
93 99 1
93 106 1
93 107 1
93 109 -1
93 110 -1
93 112 -1
93 114 1
93 115 -1
93 116 -1
93 125 1
93 127 1
93 129 1
93 130 -1
93 131 -1
93 133 -1
93 136 -1
93 138 1
93 151 1
93 154 1
93 156 -1
93 157 -1
93 158 -1
93 163 -1
93 170 1
93 173 1
93 174 -1
93 175 1
93 177 1
93 178 1
93 181 1
93 184 1
93 188 1
94 95 1
94 96 -1
94 97 -1
94 99 1
94 106 1
94 107 1
94 114 1
94 118 1
94 119 1
94 124 1
94 125 1
94 126 1
94 127 1
94 129 1
94 130 1
94 131 1
94 132 -1
94 133 1
94 138 1
94 139 -1
94 143 1
94 145 1
94 147 -1
94 151 1
94 152 1
94 153 -1
94 154 1
94 159 -1
94 162 1
94 165 1
94 169 1
94 170 1
94 171 -1
94 173 1
94 175 1
94 177 1
94 178 1
94 179 -1
94 181 1
94 183 1
94 184 1
94 187 1
94 188 1
94 189 -1
95 97 -1
95 98 1
95 102 1
95 105 1
95 108 1
95 113 1
95 116 1
95 118 1
95 119 1
95 122 1
95 124 1
95 126 1
95 127 1
95 128 -1
95 130 1
95 131 1
95 133 1
95 136 1
95 139 1
95 142 1
95 143 1
95 144 1
95 145 1
95 148 -1
95 150 1
95 151 1
95 152 1
95 153 -1
95 156 -1
95 160 -1
95 162 1
95 163 1
95 165 1
95 169 1
95 172 1
95 175 1
95 176 1
95 178 -1
95 179 -1
95 181 -1
95 183 1
95 184 1
95 185 1
95 187 1
96 97 1
96 98 1
96 100 1
96 102 1
96 103 1
96 104 1
96 105 1
96 108 1
96 109 1
96 110 1
96 111 1
96 112 1
96 113 1
96 116 1
96 117 -1
96 118 -1
96 120 1
96 122 1
96 123 1
96 124 -1
96 128 1
96 133 -1
96 135 1
96 136 1
96 137 1
96 139 1
96 140 1
96 142 1
96 144 1
96 146 1
96 147 1
96 148 1
96 149 1
96 150 1
96 153 1
96 156 1
96 157 1
96 158 1
96 160 1
96 161 1
96 162 -1
96 163 1
96 164 1
96 166 1
96 167 1
96 168 1
96 171 -1
96 172 1
96 174 1
96 175 -1
96 176 1
96 177 -1
96 178 -1
96 179 1
96 180 1
96 182 1
96 185 1
96 188 -1
96 190 1
97 98 1
97 100 1
97 101 1
97 102 1
97 103 1
97 104 1
97 105 1
97 106 -1
97 108 -1
97 109 1
97 110 1
97 111 1
97 112 1
97 113 1
97 116 1
97 117 1
97 120 1
97 121 1
97 122 1
97 123 1
97 124 -1
97 128 1
97 129 -1
97 132 1
97 134 1
97 135 1
97 136 1
97 137 1
97 140 1
97 141 1
97 144 1
97 146 1
97 147 1
97 148 1
97 149 1
97 150 1
97 153 1
97 155 1
97 156 1
97 157 1
97 158 1
97 160 1
97 161 1
97 163 1
97 164 1
97 166 1
97 167 1
97 168 1
97 171 1
97 172 1
97 174 1
97 176 1
97 179 1
97 180 1
97 182 1
97 183 -1
97 184 -1
97 185 1
97 186 1
97 190 1
98 102 1
98 105 1
98 108 1
98 110 1
98 113 1
98 114 -1
98 116 1
98 118 1
98 119 1
98 120 1
98 122 1
98 123 -1
98 124 1
98 128 1
98 130 1
98 131 1
98 133 1
98 135 1
98 136 1
98 137 -1
98 139 1
98 140 1
98 142 1
98 143 1
98 144 1
98 149 1
98 150 1
98 152 1
98 157 1
98 158 1
98 162 1
98 163 1
98 164 1
98 165 1
98 167 -1
98 171 -1
98 172 1
98 174 -1
98 176 1
98 178 -1
98 179 1
98 180 1
98 183 1
98 185 1
98 187 1
99 104 -1
99 106 1
99 107 1
99 110 -1
99 111 -1
99 112 -1
99 114 1
99 122 -1
99 125 1
99 127 1
99 129 1
99 133 -1
99 134 -1
99 138 1
99 145 -1
99 149 -1
99 151 1
99 152 -1
99 154 1
99 155 -1
99 157 -1
99 165 -1
99 169 1
99 170 1
99 173 1
99 175 1
99 177 1
99 178 1
99 181 1
99 184 1
99 186 -1
99 188 1
100 101 1
100 102 1
100 103 1
100 104 1
100 109 1
100 110 1
100 111 1
100 112 1
100 115 1
100 117 1
100 120 1
100 121 1
100 123 1
100 128 1
100 132 1
100 134 1
100 135 1
100 137 1
100 140 1
100 141 1
100 142 -1
100 144 -1
100 146 1
100 147 1
100 148 1
100 149 1
100 152 -1
100 153 1
100 155 1
100 156 1
100 157 1
100 158 1
100 159 1
100 160 1
100 161 1
100 162 -1
100 164 1
100 166 1
100 167 1
100 168 1
100 171 1
100 174 1
100 179 1
100 180 1
100 182 1
100 186 1
100 189 1
100 190 1
101 102 -1
101 103 1
101 104 1
101 107 -1
101 109 1
101 110 1
101 111 1
101 112 1
101 115 1
101 116 -1
101 117 1
101 120 1
101 121 1
101 123 1
101 132 1
101 134 1
101 135 1
101 137 1
101 138 -1
101 140 1
101 141 1
101 146 1
101 147 1
101 148 1
101 153 1
101 155 1
101 156 1
101 157 1
101 159 1
101 160 1
101 161 1
101 164 1
101 166 1
101 167 1
101 168 1
101 170 -1
101 171 1
101 174 1
101 179 1
101 182 1
101 186 1
101 189 1
101 190 1
102 104 1
102 105 1
102 108 1
102 110 1
102 111 1
102 112 -1
102 113 1
102 116 1
102 117 -1
102 120 1
102 122 1
102 123 1
102 128 1
102 132 -1
102 135 1
102 136 1
102 137 1
102 139 1
102 140 1
102 142 1
102 144 1
102 145 -1
102 146 1
102 148 1
102 149 1
102 150 1
102 152 1
102 153 1
102 156 -1
102 157 1
102 158 1
102 160 1
102 161 1
102 163 1
102 164 1
102 166 1
102 168 1
102 170 -1
102 172 1
102 174 1
102 176 1
102 179 1
102 180 1
102 182 -1
102 183 -1
102 185 1
102 187 -1
102 190 1
103 104 1
103 105 -1
103 109 1
103 110 1
103 111 1
103 112 1
103 113 -1
103 115 1
103 117 1
103 120 1
103 121 1
103 123 1
103 126 -1
103 128 1
103 130 -1
103 132 1
103 134 1
103 135 1
103 137 1
103 140 1
103 141 1
103 146 1
103 147 1
103 148 1
103 151 -1
103 152 -1
103 153 1
103 155 1
103 156 1
103 157 1
103 158 1
103 159 1
103 160 1
103 161 1
103 163 -1
103 164 1
103 165 -1
103 166 1
103 167 1
103 168 1
103 171 1
103 174 1
103 178 -1
103 179 1
103 181 -1
103 182 1
103 186 1
103 187 -1
103 189 1
103 190 1
104 109 1
104 110 1
104 111 1
104 112 1
104 115 1
104 117 1
104 120 1
104 121 1
104 122 -1
104 123 1
104 128 1
104 130 -1
104 132 1
104 134 1
104 135 1
104 137 1
104 138 -1
104 140 1
104 141 1
104 144 1
104 146 1
104 147 1
104 148 1
104 149 1
104 153 1
104 155 1
104 156 1
104 157 1
104 158 1
104 159 1
104 160 1
104 161 1
104 164 1
104 166 1
104 167 1
104 168 1
104 171 1
104 172 1
104 174 1
104 179 1
104 180 1
104 182 1
104 186 1
104 187 -1
104 188 -1
104 189 1
104 190 1
105 107 -1
105 108 1
105 110 1
105 113 1
105 116 1
105 117 -1
105 118 1
105 120 1
105 121 -1
105 122 1
105 124 1
105 126 -1
105 128 1
105 130 1
105 131 1
105 135 1
105 136 1
105 137 1
105 139 1
105 140 1
105 141 -1
105 142 1
105 143 1
105 144 1
105 146 1
105 147 -1
105 149 1
105 150 1
105 152 1
105 156 -1
105 157 1
105 158 1
105 162 -1
105 163 1
105 164 1
105 165 -1
105 166 1
105 172 1
105 173 -1
105 174 -1
105 176 1
105 177 -1
105 178 -1
105 179 1
105 180 1
105 183 1
105 185 1
105 186 -1
105 187 1
106 107 1
106 109 -1
106 114 1
106 116 -1
106 125 1
106 126 1
106 127 1
106 129 1
106 135 -1
106 137 -1
106 138 1
106 139 -1
106 144 -1
106 146 -1
106 148 -1
106 150 -1
106 151 1
106 152 -1
106 154 1
106 156 -1
106 159 -1
106 169 1
106 170 1
106 171 -1
106 173 1
106 174 -1
106 175 1
106 176 -1
106 177 1
106 178 1
106 181 1
106 184 1
106 188 1
107 114 1
107 119 1
107 124 -1
107 125 1
107 126 1
107 127 1
107 129 1
107 130 -1
107 133 1
107 134 -1
107 138 1
107 144 -1
107 145 1
107 146 -1
107 151 1
107 154 1
107 156 -1
107 157 -1
107 158 -1
107 162 1
107 165 1
107 167 -1
107 169 1
107 170 1
107 173 1
107 175 1
107 177 1
107 178 1
107 179 -1
107 181 1
107 184 1
107 188 1
108 110 1
108 113 1
108 114 -1
108 116 1
108 118 1
108 119 1
108 120 1
108 122 1
108 124 1
108 126 1
108 128 1
108 129 -1
108 130 1
108 131 1
108 132 -1
108 133 1
108 135 1
108 136 1
108 139 1
108 140 1
108 141 -1
108 142 1
108 143 1
108 144 1
108 145 1
108 149 1
108 150 1
108 152 1
108 155 -1
108 158 1
108 162 1
108 163 1
108 165 1
108 166 -1
108 169 -1
108 172 1
108 176 1
108 178 -1
108 179 -1
108 180 1
108 183 1
108 185 1
108 187 1
109 110 1
109 111 1
109 112 1
109 115 1
109 117 1
109 120 1
109 121 1
109 123 1
109 124 -1
109 125 -1
109 127 -1
109 128 1
109 132 1
109 134 1
109 135 1
109 137 1
109 139 -1
109 140 1
109 141 1
109 143 -1
109 146 1
109 147 1
109 148 1
109 149 1
109 152 -1
109 153 1
109 155 1
109 156 1
109 157 1
109 158 1
109 159 1
109 160 1
109 161 1
109 164 1
109 166 1
109 167 1
109 168 1
109 171 1
109 172 -1
109 174 1
109 175 -1
109 179 1
109 180 1
109 181 -1
109 182 1
109 186 1
109 187 -1
109 189 1
109 190 1
110 111 1
110 112 1
110 113 1
110 116 1
110 117 1
110 120 1
110 122 1
110 123 1
110 128 1
110 132 1
110 134 1
110 135 1
110 136 1
110 137 1
110 139 -1
110 140 1
110 141 1
110 142 1
110 144 1
110 146 1
110 147 1
110 148 1
110 149 1
110 150 1
110 153 1
110 154 -1
110 155 1
110 156 1
110 157 1
110 158 1
110 160 1
110 161 1
110 163 1
110 164 1
110 165 -1
110 166 1
110 167 1
110 168 1
110 171 1
110 172 1
110 174 1
110 176 1
110 179 1
110 180 1
110 182 1
110 185 1
110 190 1
111 112 1
111 115 1
111 116 -1
111 117 1
111 120 1
111 121 1
111 123 1
111 124 -1
111 126 -1
111 127 -1
111 128 1
111 130 -1
111 132 1
111 134 1
111 135 1
111 137 1
111 140 1
111 141 1
111 146 1
111 147 1
111 148 1
111 149 1
111 153 1
111 155 1
111 156 1
111 157 1
111 158 1
111 159 1
111 160 1
111 161 1
111 164 1
111 165 -1
111 166 1
111 167 1
111 168 1
111 171 1
111 172 1
111 174 1
111 179 1
111 180 1
111 181 -1
111 182 1
111 186 1
111 189 1
111 190 1
112 115 1
112 117 1
112 118 -1
112 120 1
112 121 1
112 123 1
112 124 -1
112 128 1
112 132 1
112 134 1
112 135 1
112 137 1
112 140 1
112 141 1
112 146 1
112 147 1
112 148 1
112 149 1
112 153 1
112 155 1
112 156 1
112 157 1
112 158 1
112 159 1
112 160 1
112 161 1
112 164 1
112 166 1
112 167 1
112 168 1
112 171 1
112 174 1
112 178 -1
112 179 1
112 180 1
112 182 1
112 183 -1
112 186 1
112 189 1
112 190 1
113 116 1
113 118 1
113 119 -1
113 120 1
113 122 1
113 123 -1
113 124 1
113 128 1
113 130 1
113 131 -1
113 135 1
113 136 1
113 137 1
113 139 1
113 140 1
113 142 1
113 143 1
113 144 1
113 146 1
113 149 1
113 150 1
113 152 1
113 154 -1
113 155 -1
113 157 1
113 158 1
113 160 1
113 161 1
113 163 1
113 164 1
113 166 1
113 169 -1
113 172 1
113 174 1
113 176 1
113 179 1
113 180 1
113 185 1
113 187 1
113 190 -1
114 119 1
114 124 1
114 125 1
114 126 1
114 127 1
114 129 1
114 130 1
114 131 1
114 133 1
114 136 -1
114 138 1
114 141 -1
114 143 1
114 145 1
114 151 1
114 154 1
114 157 -1
114 162 1
114 165 1
114 169 1
114 170 1
114 173 1
114 175 1
114 177 1
114 178 1
114 181 1
114 183 1
114 184 1
114 185 -1
114 187 1
114 188 1
115 117 1
115 120 -1
115 121 1
115 123 1
115 127 -1
115 131 -1
115 132 1
115 134 1
115 137 1
115 141 1
115 146 1
115 147 1
115 148 1
115 151 -1
115 153 1
115 155 1
115 156 1
115 157 -1
115 159 1
115 160 1
115 161 1
115 162 -1
115 164 1
115 166 1
115 167 1
115 168 1
115 169 -1
115 171 1
115 174 1
115 175 -1
115 182 1
115 186 1
115 189 1
115 190 1
116 118 1
116 119 1
116 120 1
116 122 1
116 123 -1
116 124 1
116 128 1
116 130 1
116 131 1
116 133 1
116 134 -1
116 135 1
116 136 1
116 138 -1
116 139 1
116 140 1
116 142 1
116 143 1
116 144 1
116 149 1
116 150 1
116 152 1
116 154 -1
116 157 1
116 158 1
116 162 1
116 163 1
116 165 1
116 172 1
116 176 1
116 179 1
116 180 1
116 181 -1
116 182 -1
116 183 1
116 185 1
116 187 1
117 120 1
117 121 1
117 123 1
117 126 -1
117 132 1
117 134 1
117 135 1
117 137 1
117 138 -1
117 141 1
117 143 -1
117 146 1
117 147 1
117 148 1
117 153 1
117 154 -1
117 155 1
117 156 1
117 157 1
117 159 1
117 160 1
117 161 1
117 164 1
117 166 1
117 167 1
117 168 1
117 171 1
117 173 -1
117 174 1
117 178 -1
117 179 1
117 182 1
117 184 -1
117 186 1
117 189 1
117 190 1
118 119 1
118 121 -1
118 122 1
118 124 1
118 126 1
118 127 1
118 129 -1
118 130 1
118 131 1
118 133 1
118 136 1
118 139 1
118 142 1
118 143 1
118 144 1
118 145 1
118 146 -1
118 148 -1
118 150 1
118 151 1
118 152 1
118 154 1
118 157 -1
118 162 1
118 163 1
118 165 1
118 169 1
118 172 1
118 175 1
118 176 1
118 178 1
118 182 -1
118 183 1
118 184 1
118 185 1
118 187 1
119 122 1
119 124 1
119 126 1
119 127 1
119 128 -1
119 130 1
119 131 1
119 133 1
119 138 1
119 139 1
119 140 -1
119 142 1
119 143 1
119 145 1
119 150 1
119 151 1
119 152 1
119 154 1
119 160 -1
119 162 1
119 163 -1
119 165 1
119 168 -1
119 169 1
119 170 1
119 171 -1
119 174 -1
119 175 1
119 176 1
119 177 1
119 178 1
119 181 1
119 182 -1
119 183 1
119 184 1
119 185 1
119 187 1
120 122 1
120 123 1
120 125 -1
120 127 -1
120 128 1
120 132 1
120 135 1
120 136 1
120 137 1
120 138 -1
120 140 1
120 142 1
120 143 -1
120 144 1
120 146 1
120 147 1
120 148 1
120 149 1
120 150 1
120 152 -1
120 153 1
120 156 1
120 157 1
120 158 1
120 160 1
120 161 1
120 162 -1
120 163 1
120 164 1
120 165 -1
120 166 1
120 167 1
120 168 1
120 172 1
120 174 1
120 176 1
120 179 1
120 180 1
120 182 1
120 183 -1
120 185 1
120 190 1
121 123 1
121 124 -1
121 132 1
121 134 1
121 137 1
121 141 1
121 146 1
121 147 1
121 148 1
121 151 -1
121 153 1
121 155 1
121 156 1
121 157 1
121 158 -1
121 159 1
121 160 1
121 161 1
121 164 1
121 166 1
121 167 1
121 168 1
121 171 1
121 172 -1
121 174 1
121 179 1
121 181 -1
121 182 1
121 184 -1
121 185 -1
121 186 1
121 189 1
121 190 1
122 124 1
122 128 1
122 130 1
122 131 1
122 132 -1
122 133 1
122 135 1
122 136 1
122 139 1
122 140 1
122 142 1
122 143 1
122 144 1
122 145 -1
122 149 1
122 150 1
122 152 1
122 155 -1
122 157 1
122 158 1
122 160 -1
122 161 -1
122 162 1
122 163 1
122 165 1
122 169 -1
122 170 -1
122 172 1
122 175 -1
122 176 1
122 179 1
122 180 1
122 183 1
122 185 1
122 187 1
123 124 -1
123 125 -1
123 126 -1
123 128 1
123 132 1
123 134 1
123 135 1
123 137 1
123 140 1
123 141 1
123 144 1
123 146 1
123 147 1
123 148 1
123 149 1
123 151 -1
123 153 1
123 155 1
123 156 1
123 157 1
123 158 1
123 159 1
123 160 1
123 161 1
123 164 1
123 166 1
123 167 1
123 168 1
123 169 -1
123 170 -1
123 171 1
123 172 1
123 173 -1
123 174 1
123 176 -1
123 179 1
123 180 1
123 181 -1
123 182 1
123 186 1
123 187 -1
123 188 -1
123 189 1
123 190 1
124 126 1
124 127 1
124 130 1
124 131 1
124 132 -1
124 133 1
124 134 -1
124 136 1
124 139 1
124 142 1
124 143 1
124 145 1
124 148 -1
124 149 -1
124 150 1
124 151 1
124 152 1
124 154 1
124 156 -1
124 162 1
124 163 1
124 165 1
124 169 1
124 170 1
124 171 -1
124 175 1
124 176 1
124 177 -1
124 178 1
124 180 -1
124 181 -1
124 183 1
124 184 1
124 185 1
124 187 1
124 188 -1
125 126 1
125 127 1
125 129 1
125 133 1
125 136 -1
125 138 1
125 145 1
125 151 1
125 154 1
125 155 -1
125 163 -1
125 167 -1
125 169 1
125 170 1
125 172 -1
125 173 1
125 175 1
125 176 -1
125 177 1
125 178 1
125 180 -1
125 181 1
125 184 1
125 188 1
125 190 -1
126 127 1
126 128 -1
126 130 1
126 131 1
126 133 1
126 134 -1
126 138 1
126 139 1
126 141 -1
126 142 1
126 143 1
126 145 1
126 151 1
126 152 1
126 154 1
126 155 -1
126 157 -1
126 159 -1
126 162 1
126 165 1
126 166 -1
126 169 1
126 170 1
126 173 -1
126 175 1
126 177 1
126 178 1
126 180 -1
126 181 1
126 183 1
126 184 1
126 187 1
126 188 1
126 189 -1
127 129 1
127 130 1
127 131 1
127 133 1
127 134 -1
127 136 -1
127 138 1
127 139 1
127 140 -1
127 142 -1
127 143 1
127 145 1
127 151 1
127 152 1
127 153 -1
127 154 1
127 158 -1
127 162 1
127 165 1
127 167 -1
127 169 1
127 170 1
127 172 -1
127 173 1
127 175 1
127 177 1
127 178 1
127 180 -1
127 181 1
127 183 1
127 184 1
127 187 1
127 188 1
128 130 -1
128 131 -1
128 133 -1
128 135 1
128 136 1
128 137 1
128 139 1
128 140 1
128 142 1
128 144 1
128 146 1
128 147 1
128 148 1
128 149 1
128 150 1
128 153 1
128 156 1
128 157 1
128 158 1
128 160 1
128 161 1
128 163 1
128 164 1
128 166 1
128 167 1
128 168 1
128 172 1
128 173 -1
128 174 1
128 176 1
128 179 1
128 180 1
128 182 1
128 183 -1
128 185 1
128 186 -1
128 190 1
129 131 -1
129 137 -1
129 138 1
129 141 -1
129 145 -1
129 151 1
129 152 -1
129 154 1
129 160 -1
129 167 -1
129 169 1
129 170 1
129 173 1
129 175 1
129 177 1
129 178 1
129 181 1
129 182 -1
129 184 1
129 188 1
130 131 1
130 133 1
130 136 1
130 139 1
130 142 1
130 143 1
130 144 1
130 145 1
130 146 -1
130 147 -1
130 149 -1
130 150 1
130 151 1
130 152 1
130 154 1
130 155 -1
130 162 1
130 163 1
130 165 1
130 169 1
130 171 -1
130 173 -1
130 175 1
130 176 1
130 178 1
130 180 -1
130 183 1
130 184 1
130 185 1
130 187 1
130 188 -1
130 190 -1
131 132 -1
131 133 1
131 136 -1
131 137 -1
131 139 1
131 141 -1
131 142 1
131 143 1
131 145 1
131 150 1
131 151 1
131 152 1
131 154 1
131 158 -1
131 159 -1
131 160 -1
131 161 -1
131 162 1
131 163 1
131 165 1
131 166 -1
131 169 1
131 170 1
131 175 1
131 176 1
131 177 1
131 178 1
131 183 1
131 184 1
131 185 1
131 187 1
132 133 -1
132 134 1
132 135 1
132 137 1
132 139 -1
132 140 1
132 141 1
132 143 -1
132 145 -1
132 146 1
132 147 1
132 148 1
132 153 1
132 155 1
132 156 1
132 157 1
132 159 1
132 160 1
132 161 1
132 164 1
132 166 1
132 167 1
132 168 1
132 171 1
132 172 -1
132 174 1
132 175 -1
132 179 1
132 182 1
132 183 -1
132 186 1
132 189 1
132 190 1
133 138 1
133 139 1
133 142 1
133 143 1
133 145 1
133 150 1
133 151 1
133 152 1
133 154 1
133 155 -1
133 156 -1
133 160 -1
133 162 1
133 165 1
133 169 1
133 170 1
133 174 -1
133 175 1
133 176 1
133 177 1
133 178 1
133 179 -1
133 181 1
133 183 1
133 184 1
133 185 -1
133 187 1
134 137 1
134 141 1
134 146 1
134 147 1
134 148 1
134 153 1
134 155 1
134 156 1
134 157 1
134 159 1
134 160 1
134 161 1
134 164 1
134 166 1
134 167 1
134 168 1
134 169 -1
134 171 1
134 172 -1
134 174 1
134 175 -1
134 176 -1
134 179 1
134 182 1
134 184 -1
134 185 -1
134 186 1
134 188 -1
134 189 1
134 190 1
135 136 1
135 137 1
135 140 1
135 142 1
135 144 1
135 146 1
135 147 1
135 148 1
135 149 1
135 150 1
135 153 1
135 156 1
135 157 1
135 158 1
135 160 1
135 161 1
135 163 1
135 164 1
135 166 1
135 167 1
135 168 1
135 171 -1
135 172 1
135 174 1
135 176 1
135 179 1
135 180 1
135 181 -1
135 182 1
135 185 1
135 190 1
136 137 1
136 139 1
136 140 1
136 142 1
136 143 1
136 144 1
136 146 1
136 147 -1
136 149 1
136 150 1
136 152 1
136 156 -1
136 157 1
136 158 1
136 163 1
136 164 1
136 165 -1
136 166 1
136 172 1
136 174 1
136 175 -1
136 176 1
136 177 -1
136 179 1
136 180 1
136 183 1
136 185 1
136 187 1
136 189 -1
137 138 -1
137 140 1
137 141 1
137 144 1
137 146 1
137 147 1
137 148 1
137 149 1
137 153 1
137 155 1
137 156 1
137 157 1
137 158 1
137 159 1
137 160 1
137 161 1
137 163 1
137 164 1
137 166 1
137 167 1
137 168 1
137 171 1
137 172 1
137 174 1
137 175 -1
137 179 1
137 180 1
137 182 1
137 186 1
137 187 -1
137 189 1
137 190 1
138 139 -1
138 141 -1
138 145 1
138 151 1
138 154 1
138 162 1
138 163 -1
138 165 1
138 167 -1
138 169 1
138 170 1
138 173 1
138 175 1
138 177 1
138 178 1
138 181 1
138 184 1
138 186 -1
138 188 1
139 142 1
139 143 1
139 144 1
139 145 1
139 149 1
139 150 1
139 151 1
139 152 1
139 158 1
139 160 -1
139 161 -1
139 162 1
139 163 1
139 164 -1
139 165 1
139 166 -1
139 169 1
139 172 1
139 173 -1
139 175 1
139 176 1
139 180 1
139 183 1
139 185 1
139 187 1
139 190 -1
140 141 -1
140 142 1
140 144 1
140 146 1
140 147 1
140 148 1
140 149 1
140 150 1
140 151 -1
140 153 1
140 156 1
140 157 1
140 158 1
140 159 -1
140 160 1
140 161 1
140 163 1
140 164 1
140 166 1
140 167 1
140 168 1
140 171 -1
140 172 1
140 174 1
140 176 1
140 177 -1
140 179 1
140 180 1
140 182 1
140 185 1
140 187 -1
140 190 1
141 146 1
141 147 1
141 148 1
141 153 1
141 155 1
141 156 1
141 157 1
141 159 1
141 160 1
141 161 1
141 164 1
141 165 -1
141 166 1
141 167 1
141 168 1
141 171 1
141 174 1
141 179 1
141 182 1
141 186 1
141 189 1
141 190 1
142 143 1
142 144 1
142 145 1
142 148 -1
142 149 1
142 150 1
142 152 1
142 158 1
142 159 -1
142 161 -1
142 162 1
142 163 1
142 165 1
142 172 1
142 174 -1
142 176 1
142 178 -1
142 180 1
142 183 1
142 185 1
142 187 1
142 188 -1
143 145 1
143 148 -1
143 150 1
143 151 1
143 152 1
143 154 1
143 156 -1
143 162 1
143 163 1
143 165 1
143 169 1
143 175 1
143 176 1
143 178 1
143 179 -1
143 181 -1
143 182 -1
143 183 1
143 184 1
143 185 1
143 187 1
144 146 1
144 148 1
144 149 1
144 150 1
144 152 1
144 153 1
144 157 1
144 158 1
144 160 1
144 161 1
144 163 1
144 164 1
144 166 1
144 169 -1
144 172 1
144 174 1
144 176 1
144 179 1
144 180 1
144 181 -1
144 184 -1
144 185 1
144 187 -1
144 190 1
145 148 -1
145 151 1
145 152 1
145 153 -1
145 154 1
145 156 -1
145 161 -1
145 162 1
145 163 -1
145 164 -1
145 165 1
145 166 -1
145 169 1
145 170 1
145 174 -1
145 175 1
145 176 -1
145 177 1
145 178 1
145 181 1
145 183 1
145 184 1
145 185 -1
145 187 1
145 190 -1
146 147 1
146 148 1
146 149 1
146 153 1
146 155 1
146 156 1
146 157 1
146 158 1
146 159 1
146 160 1
146 161 1
146 163 1
146 164 1
146 166 1
146 167 1
146 168 1
146 169 -1
146 171 1
146 172 1
146 174 1
146 176 -1
146 179 1
146 180 1
146 182 1
146 185 1
146 186 1
146 187 -1
146 189 1
146 190 1
147 148 1
147 150 -1
147 151 -1
147 153 1
147 155 1
147 156 1
147 157 1
147 158 1
147 159 1
147 160 1
147 161 1
147 164 1
147 166 1
147 167 1
147 168 1
147 169 -1
147 170 -1
147 171 1
147 174 1
147 178 -1
147 179 1
147 182 1
147 183 -1
147 186 1
147 187 -1
147 189 1
147 190 1
148 149 1
148 153 1
148 155 1
148 156 1
148 157 1
148 158 1
148 159 1
148 160 1
148 161 1
148 164 1
148 165 -1
148 166 1
148 167 1
148 168 1
148 169 -1
148 170 -1
148 171 1
148 172 1
148 174 1
148 179 1
148 180 1
148 181 -1
148 182 1
148 185 -1
148 186 1
148 189 1
148 190 1
149 150 1
149 152 -1
149 153 1
149 154 -1
149 156 1
149 157 1
149 158 1
149 160 1
149 161 1
149 163 1
149 164 1
149 166 1
149 168 1
149 171 -1
149 172 1
149 173 -1
149 174 1
149 176 1
149 178 -1
149 179 1
149 180 1
149 185 1
149 190 1
150 152 1
150 157 1
150 158 1
150 162 1
150 163 1
150 164 -1
150 165 1
150 172 1
150 174 -1
150 176 1
150 179 1
150 180 1
150 183 1
150 185 1
150 187 1
151 152 1
151 154 1
151 162 1
151 165 1
151 168 -1
151 169 1
151 170 1
151 173 1
151 175 1
151 177 1
151 178 1
151 181 1
151 183 1
151 184 1
151 187 1
151 188 1
152 154 -1
152 162 1
152 163 1
152 164 -1
152 165 1
152 169 1
152 170 -1
152 171 -1
152 172 1
152 175 1
152 176 1
152 181 -1
152 183 1
152 184 1
152 185 1
152 186 -1
152 187 1
152 189 -1
153 155 1
153 156 1
153 157 1
153 158 1
153 159 1
153 160 1
153 161 1
153 164 1
153 166 1
153 167 1
153 168 1
153 171 1
153 172 1
153 174 1
153 176 -1
153 177 -1
153 179 1
153 180 1
153 182 1
153 186 1
153 189 1
153 190 1
154 157 -1
154 162 1
154 165 1
154 167 -1
154 168 -1
154 169 1
154 170 1
154 173 1
154 175 1
154 177 1
154 178 1
154 181 1
154 183 1
154 184 1
154 187 1
154 188 1
154 190 -1
155 156 1
155 157 1
155 159 1
155 160 1
155 161 1
155 164 1
155 166 1
155 167 1
155 168 1
155 171 1
155 174 1
155 176 -1
155 178 -1
155 179 1
155 182 1
155 183 -1
155 185 -1
155 186 1
155 188 -1
155 189 1
155 190 1
156 157 1
156 158 1
156 159 1
156 160 1
156 161 1
156 162 -1
156 164 1
156 166 1
156 167 1
156 168 1
156 171 1
156 174 1
156 179 1
156 180 1
156 181 -1
156 182 1
156 186 1
156 189 1
156 190 1
157 158 1
157 160 1
157 161 1
157 163 1
157 164 1
157 166 1
157 167 1
157 168 1
157 171 1
157 172 1
157 173 -1
157 174 1
157 176 1
157 177 -1
157 179 1
157 180 1
157 182 1
157 185 1
157 186 1
157 187 -1
157 190 1
158 160 1
158 161 1
158 163 1
158 164 1
158 166 1
158 167 1
158 168 1
158 169 -1
158 172 1
158 174 1
158 176 1
158 179 1
158 180 1
158 182 1
158 183 -1
158 185 1
158 190 1
159 160 1
159 161 1
159 162 -1
159 164 1
159 166 1
159 167 1
159 168 1
159 171 1
159 174 1
159 176 -1
159 177 -1
159 182 1
159 186 1
159 188 -1
159 189 1
159 190 1
160 161 1
160 164 1
160 166 1
160 167 1
160 168 1
160 171 1
160 172 1
160 174 1
160 179 1
160 180 1
160 182 1
160 186 1
160 187 -1
160 189 1
160 190 1
161 164 1
161 166 1
161 167 1
161 168 1
161 171 1
161 172 1
161 174 1
161 179 1
161 180 1
161 182 1
161 186 1
161 189 1
161 190 1
162 165 1
162 169 1
162 170 1
162 174 -1
162 175 1
162 176 1
162 177 1
162 178 1
162 181 1
162 183 1
162 184 1
162 185 1
162 187 1
162 189 -1
163 164 1
163 166 1
163 172 1
163 176 1
163 179 1
163 180 1
163 183 1
163 185 1
163 187 1
164 166 1
164 167 1
164 168 1
164 170 -1
164 171 1
164 172 1
164 174 1
164 175 -1
164 178 -1
164 179 1
164 180 1
164 182 1
164 185 1
164 186 1
164 189 1
164 190 1
165 166 -1
165 168 -1
165 169 1
165 170 1
165 175 1
165 176 1
165 177 1
165 178 1
165 181 1
165 183 1
165 184 1
165 185 1
165 187 1
165 188 -1
165 189 -1
165 190 -1
166 167 1
166 168 1
166 169 -1
166 171 1
166 172 1
166 174 1
166 176 -1
166 178 -1
166 179 1
166 180 1
166 182 1
166 184 -1
166 185 1
166 186 1
166 187 -1
166 189 1
166 190 1
167 168 1
167 171 1
167 174 1
167 179 1
167 180 -1
167 182 1
167 185 -1
167 186 1
167 187 -1
167 188 -1
167 189 1
167 190 1
168 171 1
168 174 1
168 177 -1
168 178 -1
168 179 1
168 180 1
168 182 1
168 186 1
168 187 -1
168 189 1
168 190 1
169 170 1
169 172 -1
169 173 1
169 175 1
169 177 1
169 178 1
169 179 -1
169 181 1
169 183 1
169 184 1
169 187 1
169 188 1
170 173 1
170 175 1
170 176 -1
170 177 1
170 178 1
170 181 1
170 183 1
170 184 1
170 187 -1
170 188 1
170 190 -1
171 173 -1
171 174 1
171 176 -1
171 179 1
171 182 1
171 184 -1
171 185 -1
171 186 1
171 187 -1
171 188 -1
171 189 1
171 190 1
172 174 1
172 176 1
172 179 1
172 180 1
172 184 -1
172 185 1
172 188 -1
172 190 1
173 175 1
173 177 1
173 178 1
173 179 -1
173 181 1
173 184 1
173 186 -1
173 187 -1
173 188 1
174 177 -1
174 179 1
174 180 1
174 182 1
174 185 -1
174 186 1
174 189 1
174 190 1
175 176 -1
175 177 1
175 178 1
175 181 1
175 183 1
175 184 1
175 187 1
175 188 1
176 178 -1
176 179 1
176 180 1
176 183 1
176 185 1
176 187 1
176 190 -1
177 178 1
177 181 1
177 184 1
177 188 1
177 190 -1
178 179 -1
178 181 1
178 183 1
178 184 1
178 185 -1
178 186 -1
178 187 1
178 188 1
178 189 -1
179 180 1
179 182 1
179 185 1
179 186 1
179 190 1
180 182 1
180 185 1
180 189 -1
180 190 1
181 184 1
181 188 1
182 186 1
182 189 1
182 190 1
183 184 1
183 185 1
183 187 1
183 190 -1
184 187 1
184 188 1
184 189 -1
185 186 -1
185 187 1
186 189 1
186 190 1
187 188 -1
188 189 -1
189 190 1
