vertices: 70 edges: 1220
1 2 -1
1 3 -1
1 5 -1
1 6 -1
1 7 1
1 8 -1
1 9 -1
1 11 -1
1 13 -1
1 14 -1
1 15 -1
1 17 -1
1 18 -1
1 19 -1
1 22 -1
1 23 -1
1 24 1
1 26 -1
1 30 -1
1 31 1
1 34 -1
1 36 1
1 38 -1
1 39 -1
1 40 -1
1 42 -1
1 43 -1
1 45 -1
1 47 -1
1 52 -1
1 54 -1
1 58 -1
1 63 -1
1 64 -1
1 65 1
1 66 -1
2 3 1
2 4 -1
2 5 -1
2 9 -1
2 13 -1
2 14 -1
2 15 1
2 17 -1
2 19 1
2 20 -1
2 21 -1
2 22 1
2 23 -1
2 25 -1
2 26 -1
2 29 -1
2 30 -1
2 33 -1
2 34 -1
2 35 -1
2 38 -1
2 39 -1
2 41 -1
2 42 -1
2 44 1
2 46 -1
2 47 -1
2 50 1
2 51 -1
2 56 -1
2 57 -1
2 58 -1
2 60 1
2 62 -1
2 64 -1
2 65 -1
2 66 1
2 68 -1
2 69 -1
2 70 -1
3 4 -1
3 9 -1
3 10 -1
3 12 -1
3 14 -1
3 15 1
3 16 -1
3 18 -1
3 19 1
3 22 1
3 24 -1
3 25 -1
3 26 -1
3 28 1
3 30 -1
3 31 -1
3 32 -1
3 33 -1
3 35 -1
3 36 -1
3 38 -1
3 41 -1
3 44 1
3 46 -1
3 48 -1
3 50 1
3 57 -1
3 58 -1
3 60 -1
3 62 -1
3 64 -1
3 65 -1
3 66 1
4 5 -1
4 6 -1
4 7 -1
4 9 -1
4 13 1
4 18 -1
4 19 -1
4 20 -1
4 22 -1
4 23 1
4 24 -1
4 25 -1
4 26 -1
4 29 -1
4 31 -1
4 32 -1
4 34 -1
4 37 -1
4 38 1
4 39 -1
4 42 1
4 43 -1
4 45 -1
4 46 -1
4 48 1
4 49 -1
4 51 -1
4 54 1
4 55 -1
4 57 -1
4 60 -1
4 62 1
4 64 1
4 66 -1
4 70 -1
5 6 -1
5 7 -1
5 8 -1
5 9 1
5 11 -1
5 12 -1
5 14 -1
5 17 1
5 20 1
5 21 -1
5 22 -1
5 26 -1
5 28 -1
5 29 -1
5 30 -1
5 32 -1
5 33 -1
5 43 1
5 53 -1
5 55 1
5 56 1
5 60 -1
5 61 -1
5 65 -1
5 66 -1
5 70 -1
6 7 -1
6 8 -1
6 12 -1
6 15 -1
6 17 -1
6 18 1
6 20 -1
6 25 -1
6 26 -1
6 27 1
6 28 -1
6 31 -1
6 33 1
6 34 -1
6 35 -1
6 36 -1
6 40 1
6 41 1
6 42 -1
6 45 1
6 46 -1
6 49 -1
6 50 -1
6 51 -1
6 53 -1
6 54 -1
6 55 -1
6 56 -1
6 63 -1
6 65 -1
6 69 -1
7 10 -1
7 12 -1
7 23 -1
7 24 1
7 26 -1
7 27 -1
7 30 -1
7 31 1
7 33 -1
7 36 1
7 40 -1
7 41 -1
7 43 -1
7 44 -1
7 46 -1
7 47 -1
7 52 -1
7 55 -1
7 57 -1
7 59 -1
7 60 -1
7 61 -1
7 66 -1
7 67 -1
7 68 -1
8 10 1
8 11 1
8 13 -1
8 14 1
8 16 -1
8 17 -1
8 20 -1
8 22 -1
8 26 1
8 27 -1
8 29 1
8 31 -1
8 32 1
8 33 -1
8 35 1
8 36 -1
8 37 -1
8 38 -1
8 39 -1
8 41 -1
8 42 -1
8 46 -1
8 47 1
8 51 -1
8 57 -1
8 60 -1
8 61 1
8 62 1
8 63 -1
8 66 -1
8 69 1
8 70 -1
9 10 -1
9 14 -1
9 15 1
9 16 -1
9 19 -1
9 21 -1
9 22 -1
9 23 -1
9 26 -1
9 27 -1
9 31 -1
9 32 -1
9 33 -1
9 35 -1
9 41 -1
9 44 -1
9 48 -1
9 49 -1
9 50 1
9 51 -1
9 53 -1
9 55 -1
9 56 1
9 57 -1
9 58 -1
9 60 1
9 61 -1
9 62 -1
9 63 -1
9 64 -1
9 65 -1
9 66 -1
9 70 -1
10 11 1
10 12 -1
10 13 -1
10 14 1
10 17 -1
10 20 -1
10 22 -1
10 23 -1
10 24 -1
10 27 -1
10 28 -1
10 29 1
10 31 -1
10 32 1
10 34 -1
10 35 1
10 36 -1
10 37 -1
10 38 -1
10 40 -1
10 41 -1
10 45 -1
10 47 1
10 49 -1
10 50 -1
10 51 -1
10 56 -1
10 57 -1
10 61 1
10 62 1
10 63 -1
10 64 -1
10 68 -1
10 69 1
11 14 -1
11 18 -1
11 22 -1
11 27 -1
11 29 1
11 30 -1
11 32 1
11 35 1
11 37 -1
11 38 -1
11 42 -1
11 43 -1
11 44 -1
11 47 -1
11 52 -1
11 53 -1
11 54 -1
11 56 -1
11 57 -1
11 58 -1
11 60 -1
11 62 1
11 67 -1
11 68 -1
11 69 1
12 18 -1
12 19 -1
12 22 -1
12 25 1
12 30 1
12 31 -1
12 32 -1
12 37 1
12 38 -1
12 39 1
12 44 -1
12 46 1
12 47 -1
12 48 -1
12 51 -1
12 52 1
12 54 -1
12 56 -1
12 58 1
12 61 -1
12 65 1
12 67 1
12 69 -1
13 15 -1
13 18 -1
13 19 -1
13 20 -1
13 23 1
13 26 -1
13 30 -1
13 32 -1
13 36 -1
13 37 -1
13 38 1
13 41 -1
13 42 -1
13 44 -1
13 47 -1
13 48 1
13 51 -1
13 52 -1
13 54 1
13 56 -1
13 57 -1
13 61 -1
13 63 1
13 66 -1
13 67 -1
13 68 -1
14 16 1
14 17 -1
14 19 -1
14 21 -1
14 22 -1
14 26 1
14 29 1
14 30 -1
14 31 -1
14 32 1
14 33 1
14 34 -1
14 35 1
14 36 -1
14 38 -1
14 41 -1
14 42 -1
14 45 -1
14 47 1
14 48 -1
14 49 1
14 53 -1
14 54 -1
14 55 -1
14 56 -1
14 57 -1
14 59 -1
14 61 1
14 62 -1
14 63 -1
14 65 -1
14 66 -1
14 68 -1
14 69 1
14 70 -1
15 16 -1
15 18 -1
15 19 1
15 20 -1
15 24 -1
15 25 -1
15 26 -1
15 30 -1
15 31 -1
15 33 -1
15 35 -1
15 36 -1
15 41 -1
15 42 -1
15 43 -1
15 44 -1
15 49 -1
15 50 1
15 51 -1
15 52 -1
15 53 -1
15 55 -1
15 56 1
15 58 -1
15 60 1
15 63 -1
15 65 -1
15 66 1
15 69 -1
15 70 -1
16 17 -1
16 18 -1
16 19 -1
16 21 -1
16 22 -1
16 25 -1
16 26 1
16 32 1
16 33 1
16 35 1
16 36 -1
16 41 -1
16 42 -1
16 44 -1
16 47 1
16 48 -1
16 49 1
16 52 -1
16 53 -1
16 54 -1
16 58 -1
16 61 1
16 62 -1
16 66 -1
16 69 1
17 19 -1
17 20 1
17 23 -1
17 28 -1
17 29 -1
17 32 -1
17 33 -1
17 34 1
17 36 -1
17 37 -1
17 39 -1
17 40 -1
17 43 1
17 44 -1
17 45 -1
17 46 -1
17 51 -1
17 55 1
17 65 -1
17 66 -1
17 69 -1
18 20 -1
18 21 1
18 22 -1
18 25 -1
18 27 1
18 29 -1
18 30 -1
18 33 1
18 36 -1
18 40 1
18 41 1
18 44 -1
18 45 1
18 46 -1
18 50 -1
18 53 -1
18 54 -1
18 55 -1
18 56 -1
18 57 -1
18 61 -1
18 62 -1
18 65 -1
18 68 -1
18 69 -1
18 70 -1
19 24 -1
19 25 -1
19 34 -1
19 35 -1
19 37 -1
19 42 -1
19 44 1
19 46 -1
19 48 -1
19 50 1
19 53 -1
19 54 -1
19 55 -1
19 56 1
19 58 -1
19 60 1
19 61 -1
19 62 -1
19 66 1
19 69 -1
20 21 -1
20 24 -1
20 25 -1
20 26 -1
20 27 -1
20 28 -1
20 29 -1
20 30 -1
20 32 -1
20 33 -1
20 34 1
20 36 -1
20 37 -1
20 38 -1
20 40 -1
20 43 1
20 44 -1
20 45 -1
20 46 -1
20 47 -1
20 48 -1
20 51 -1
20 55 1
20 56 -1
20 57 -1
20 58 -1
20 59 -1
20 60 -1
20 61 -1
20 64 -1
20 68 -1
20 69 -1
20 70 -1
21 24 -1
21 25 -1
21 26 -1
21 27 -1
21 29 -1
21 31 -1
21 32 -1
21 33 -1
21 34 -1
21 35 -1
21 36 -1
21 38 -1
21 39 -1
21 40 1
21 41 -1
21 45 1
21 49 -1
21 50 -1
21 52 -1
21 55 -1
21 59 1
21 60 -1
21 61 -1
21 65 -1
21 68 -1
21 69 -1
21 70 1
22 24 -1
22 25 -1
22 27 -1
22 28 1
22 30 -1
22 31 -1
22 32 -1
22 33 -1
22 35 -1
22 37 -1
22 39 -1
22 42 -1
22 43 -1
22 44 1
22 45 -1
22 48 -1
22 49 -1
22 50 -1
22 58 -1
22 61 -1
22 62 -1
22 63 -1
22 66 1
22 67 -1
23 24 -1
23 25 -1
23 26 -1
23 27 -1
23 28 -1
23 33 -1
23 36 -1
23 37 -1
23 38 1
23 41 -1
23 42 -1
23 45 -1
23 48 1
23 53 -1
23 54 1
23 56 -1
23 61 -1
23 62 -1
23 63 1
23 64 -1
23 70 -1
24 25 -1
24 28 -1
24 29 -1
24 31 1
24 32 -1
24 36 1
24 39 -1
24 41 -1
24 44 -1
24 45 -1
24 46 -1
24 49 -1
24 52 -1
24 53 -1
24 57 -1
24 58 -1
24 62 -1
24 63 -1
24 65 1
24 66 -1
24 68 -1
24 69 -1
25 27 -1
25 28 -1
25 30 1
25 31 -1
25 35 -1
25 37 1
25 38 -1
25 39 1
25 40 -1
25 45 -1
25 46 -1
25 51 1
25 52 1
25 53 1
25 54 -1
25 56 -1
25 57 1
25 58 1
25 60 -1
25 64 -1
25 67 1
25 68 -1
25 70 -1
26 27 -1
26 29 -1
26 31 -1
26 32 1
26 33 1
26 35 1
26 36 -1
26 38 -1
26 43 -1
26 46 -1
26 47 1
26 49 1
26 51 -1
26 55 -1
26 60 -1
26 61 1
26 62 -1
26 63 -1
26 66 -1
26 67 -1
26 69 1
27 28 -1
27 31 -1
27 32 -1
27 33 1
27 35 -1
27 37 -1
27 39 -1
27 40 -1
27 41 1
27 42 -1
27 51 -1
27 52 -1
27 53 -1
27 54 -1
27 58 -1
27 63 -1
27 66 -1
27 68 -1
27 70 -1
28 30 -1
28 31 -1
28 32 -1
28 35 -1
28 37 -1
28 38 -1
28 40 -1
28 44 1
28 45 -1
28 46 -1
28 47 -1
28 48 -1
28 49 -1
28 50 -1
28 52 -1
28 53 -1
28 54 -1
28 56 -1
28 59 -1
28 62 -1
28 64 -1
28 65 -1
28 66 1
29 30 -1
29 31 -1
29 32 1
29 34 -1
29 35 1
29 36 -1
29 37 -1
29 39 -1
29 46 -1
29 47 1
29 49 -1
29 50 -1
29 55 -1
29 58 -1
29 59 -1
29 61 1
29 62 1
29 63 -1
29 65 -1
29 66 -1
29 69 1
30 31 -1
30 35 -1
30 36 -1
30 37 1
30 38 -1
30 39 1
30 43 -1
30 44 -1
30 46 1
30 47 -1
30 50 -1
30 51 -1
30 52 1
30 54 -1
30 55 -1
30 56 -1
30 57 -1
30 63 -1
30 64 -1
30 65 1
30 66 -1
30 67 1
30 68 -1
30 70 -1
31 33 -1
31 36 1
31 37 -1
31 38 -1
31 42 -1
31 45 -1
31 46 -1
31 47 -1
31 48 -1
31 50 -1
31 52 -1
31 54 -1
31 56 -1
31 58 -1
31 59 -1
31 60 -1
31 64 -1
31 67 -1
32 35 1
32 39 -1
32 41 -1
32 43 -1
32 44 -1
32 45 -1
32 46 -1
32 47 1
32 49 1
32 52 -1
32 53 -1
32 54 -1
32 56 -1
32 57 -1
32 60 -1
32 61 1
32 69 1
32 70 -1
33 34 -1
33 35 -1
33 36 -1
33 38 -1
33 40 -1
33 41 1
33 44 -1
33 47 1
33 49 1
33 52 -1
33 56 -1
33 59 -1
33 60 -1
33 61 1
33 62 -1
33 65 -1
33 68 -1
33 69 -1
34 35 -1
34 36 -1
34 37 -1
34 38 -1
34 40 -1
34 41 -1
34 43 1
34 44 -1
34 46 -1
34 47 -1
34 48 1
34 52 -1
34 53 -1
34 55 1
34 56 -1
34 58 -1
34 60 -1
34 61 -1
34 62 -1
34 63 1
34 65 -1
34 66 -1
34 67 -1
35 38 -1
35 39 -1
35 40 -1
35 41 -1
35 43 -1
35 46 -1
35 47 1
35 49 1
35 55 -1
35 56 -1
35 58 -1
35 61 1
35 64 -1
35 68 -1
35 69 1
36 38 -1
36 41 -1
36 43 -1
36 45 -1
36 46 -1
36 48 -1
36 65 1
36 66 -1
36 67 -1
36 68 -1
37 38 -1
37 39 1
37 40 -1
37 42 -1
37 43 -1
37 45 -1
37 46 1
37 48 -1
37 49 -1
37 51 1
37 52 1
37 53 -1
37 57 1
37 58 1
37 63 -1
37 64 -1
37 65 -1
37 67 1
37 69 -1
38 39 -1
38 41 -1
38 42 1
38 43 -1
38 44 -1
38 47 -1
38 48 -1
38 51 -1
38 52 -1
38 54 1
38 55 -1
38 57 -1
38 62 1
38 63 -1
38 64 1
38 66 -1
38 67 -1
38 69 -1
39 43 -1
39 44 -1
39 46 1
39 51 1
39 52 1
39 53 -1
39 55 -1
39 57 1
39 58 1
39 60 -1
39 61 -1
39 62 -1
39 63 -1
39 64 -1
39 66 -1
39 67 1
39 69 -1
39 70 -1
40 41 -1
40 42 -1
40 45 1
40 46 -1
40 49 -1
40 50 -1
40 51 -1
40 57 -1
40 58 -1
40 59 1
40 60 -1
40 61 -1
40 63 -1
40 64 -1
40 65 -1
40 66 -1
40 70 1
41 42 -1
41 44 -1
41 45 1
41 49 -1
41 52 -1
41 53 -1
41 54 -1
41 57 -1
41 59 -1
41 61 -1
41 63 -1
41 64 -1
41 65 -1
41 66 -1
41 67 -1
41 68 -1
41 69 -1
41 70 -1
42 46 -1
42 47 -1
42 48 -1
42 52 -1
42 53 -1
42 54 1
42 56 -1
42 60 -1
42 62 1
42 64 1
42 67 -1
42 69 -1
43 44 -1
43 46 -1
43 47 -1
43 48 -1
43 52 -1
43 55 1
43 57 -1
43 58 -1
43 59 -1
43 63 -1
43 64 -1
43 65 -1
43 66 -1
43 67 -1
43 68 -1
44 45 -1
44 47 -1
44 48 -1
44 54 -1
44 55 -1
44 58 -1
44 60 -1
44 61 -1
44 66 1
44 70 -1
45 46 -1
45 49 -1
45 50 -1
45 52 -1
45 53 -1
45 54 -1
45 57 -1
45 58 -1
45 59 1
45 60 -1
45 62 -1
45 66 -1
45 67 -1
45 69 -1
45 70 1
46 47 -1
46 48 -1
46 50 -1
46 52 1
46 53 -1
46 56 -1
46 57 -1
46 60 -1
46 62 -1
46 64 -1
46 65 1
46 67 1
46 68 -1
46 69 -1
47 49 1
47 51 -1
47 54 -1
47 55 -1
47 58 -1
47 60 -1
47 61 1
47 64 -1
47 67 -1
47 69 1
47 70 -1
48 51 -1
48 54 1
48 56 -1
48 59 -1
48 62 -1
48 63 1
48 64 -1
48 66 -1
49 50 -1
49 51 -1
49 53 -1
49 54 -1
49 58 -1
49 61 1
49 63 -1
49 66 -1
49 68 -1
49 69 1
49 70 -1
50 52 -1
50 54 -1
50 55 -1
50 56 1
50 60 1
50 61 -1
50 62 -1
50 63 -1
50 64 -1
50 65 -1
50 66 1
51 52 1
51 53 1
51 54 -1
51 55 -1
51 56 -1
51 57 1
51 58 1
51 59 -1
51 61 -1
51 62 -1
51 64 -1
51 65 -1
51 66 -1
51 67 1
51 68 -1
51 69 -1
52 55 -1
52 57 1
52 58 1
52 59 -1
52 60 -1
52 64 -1
52 65 -1
52 67 1
52 68 -1
52 70 -1
53 54 -1
53 55 -1
53 56 -1
53 57 1
53 58 1
53 60 -1
53 61 -1
53 63 -1
53 68 -1
53 70 -1
54 56 -1
54 62 1
54 63 1
54 64 1
55 56 -1
55 58 -1
55 59 -1
55 61 -1
55 63 -1
55 64 -1
55 68 -1
55 69 -1
56 57 -1
56 58 -1
56 60 1
56 63 -1
56 65 -1
56 67 -1
56 69 -1
57 58 1
57 59 -1
57 60 -1
57 62 -1
57 67 1
57 70 -1
58 62 -1
58 63 -1
58 65 -1
58 66 -1
58 67 1
58 69 -1
58 70 -1
59 60 -1
59 63 -1
59 65 -1
59 67 -1
59 68 1
59 69 -1
59 70 1
60 61 -1
60 62 -1
60 64 -1
60 66 -1
60 67 -1
60 69 -1
61 63 -1
61 64 -1
61 66 -1
61 67 -1
61 68 -1
61 69 1
61 70 -1
62 64 1
62 65 -1
62 67 -1
62 68 -1
62 69 -1
63 64 -1
63 67 -1
63 70 -1
64 65 -1
64 66 -1
64 67 -1
64 70 -1
65 67 -1
66 69 -1
66 70 -1
67 68 -1
68 69 -1
68 70 -1
69 70 -1
