vertices: 170 edges: 2923
1 8 -1
1 14 -1
1 15 -1
1 16 1
1 24 -1
1 31 -1
1 34 -1
1 52 1
1 53 1
1 55 -1
1 71 -1
1 80 -1
1 84 -1
1 89 1
1 99 -1
1 103 -1
1 116 -1
1 119 -1
1 122 -1
1 123 -1
1 124 -1
1 130 1
1 132 1
1 134 -1
1 136 -1
1 140 1
1 148 1
1 149 -1
1 160 1
1 161 -1
1 168 -1
2 15 1
2 18 -1
2 33 -1
2 34 -1
2 42 -1
2 43 -1
2 53 -1
2 64 1
2 69 -1
2 70 -1
2 80 -1
2 87 -1
2 96 -1
2 97 1
2 101 -1
2 102 -1
2 111 -1
2 112 -1
2 113 -1
2 117 1
2 119 -1
2 120 -1
2 134 -1
2 135 -1
2 138 -1
2 139 -1
2 152 1
2 153 1
2 160 -1
2 163 -1
2 164 1
2 166 1
2 167 -1
2 170 -1
3 19 -1
3 21 -1
3 22 -1
3 36 -1
3 40 -1
3 41 -1
3 42 -1
3 47 -1
3 50 -1
3 51 1
3 61 1
3 63 -1
3 71 -1
3 73 1
3 84 -1
3 87 -1
3 108 -1
3 111 -1
3 112 -1
3 118 -1
3 119 -1
3 125 -1
3 132 -1
3 134 -1
3 138 -1
3 139 -1
3 140 -1
3 141 -1
3 143 -1
3 155 -1
3 156 1
3 160 -1
3 163 -1
3 164 -1
3 166 -1
4 6 -1
4 10 -1
4 11 -1
4 12 -1
4 20 -1
4 21 -1
4 22 -1
4 25 -1
4 33 -1
4 34 -1
4 36 -1
4 43 1
4 48 -1
4 56 -1
4 65 -1
4 73 -1
4 79 -1
4 82 -1
4 97 -1
4 98 -1
4 101 -1
4 103 -1
4 110 -1
4 111 -1
4 113 -1
4 122 1
4 125 -1
4 126 -1
4 135 1
4 137 -1
4 142 -1
4 145 -1
4 147 -1
4 151 -1
4 158 -1
4 160 -1
4 166 -1
4 167 -1
4 169 1
4 170 -1
5 14 -1
5 16 1
5 24 -1
5 29 -1
5 43 -1
5 53 -1
5 59 -1
5 68 -1
5 71 -1
5 82 -1
5 84 -1
5 106 -1
5 113 -1
5 130 1
5 131 -1
5 132 -1
5 135 -1
5 147 -1
5 148 1
5 150 -1
5 157 -1
5 158 -1
5 160 1
5 167 -1
6 22 -1
6 27 1
6 29 -1
6 30 -1
6 47 -1
6 51 -1
6 52 -1
6 53 -1
6 60 -1
6 66 -1
6 70 1
6 77 1
6 87 -1
6 91 -1
6 101 -1
6 102 -1
6 104 -1
6 107 -1
6 118 -1
6 124 -1
6 128 -1
6 133 -1
6 137 -1
6 138 -1
6 141 -1
6 147 -1
6 148 -1
6 152 1
6 153 1
6 169 -1
7 10 -1
7 11 -1
7 14 -1
7 15 -1
7 17 -1
7 19 -1
7 21 -1
7 29 -1
7 35 1
7 36 -1
7 39 1
7 40 -1
7 43 -1
7 44 1
7 47 1
7 54 1
7 57 -1
7 64 -1
7 67 1
7 72 -1
7 80 -1
7 83 -1
7 92 1
7 101 1
7 113 -1
7 114 -1
7 116 1
7 123 1
7 133 -1
7 145 -1
7 156 -1
7 163 -1
7 164 -1
7 170 -1
8 20 1
8 24 -1
8 29 1
8 32 -1
8 39 -1
8 45 1
8 47 -1
8 54 -1
8 56 -1
8 57 -1
8 65 1
8 68 1
8 73 -1
8 75 -1
8 78 -1
8 81 -1
8 86 -1
8 88 1
8 90 1
8 95 1
8 97 -1
8 108 -1
8 111 1
8 122 -1
8 125 1
8 129 -1
8 131 -1
8 133 -1
8 134 1
8 142 -1
8 144 -1
8 146 -1
8 151 -1
8 159 -1
8 161 -1
8 169 -1
9 20 -1
9 24 -1
9 27 -1
9 30 -1
9 31 -1
9 33 -1
9 39 -1
9 44 -1
9 45 -1
9 57 -1
9 64 1
9 74 1
9 75 -1
9 90 -1
9 92 -1
9 95 -1
9 97 1
9 106 -1
9 109 -1
9 112 -1
9 116 -1
9 117 1
9 118 -1
9 119 -1
9 124 -1
9 134 -1
9 140 -1
9 143 -1
9 144 -1
9 149 -1
9 154 -1
9 155 1
9 164 1
9 166 1
10 14 -1
10 17 1
10 40 -1
10 46 1
10 49 -1
10 50 -1
10 56 -1
10 58 -1
10 60 1
10 66 1
10 74 -1
10 77 -1
10 85 -1
10 87 1
10 93 -1
10 97 -1
10 102 1
10 109 -1
10 114 -1
10 115 -1
10 117 -1
10 118 -1
10 124 -1
10 125 -1
10 130 -1
10 137 1
10 142 1
10 147 -1
10 150 -1
10 154 1
10 159 1
10 162 -1
11 12 -1
11 13 -1
11 16 -1
11 17 -1
11 25 -1
11 31 1
11 38 -1
11 46 -1
11 55 1
11 58 -1
11 60 -1
11 65 -1
11 101 -1
11 109 -1
11 114 -1
11 115 -1
11 116 -1
11 121 -1
11 124 -1
11 128 1
11 133 -1
11 134 -1
11 136 -1
11 138 -1
11 139 -1
11 147 1
11 152 -1
11 164 -1
11 165 1
12 13 -1
12 22 -1
12 23 -1
12 33 -1
12 37 -1
12 38 1
12 42 -1
12 52 1
12 53 1
12 55 -1
12 56 -1
12 58 -1
12 61 -1
12 64 -1
12 66 -1
12 68 -1
12 69 -1
12 70 -1
12 71 -1
12 77 -1
12 78 -1
12 79 1
12 87 -1
12 89 1
12 90 -1
12 92 -1
12 96 -1
12 98 1
12 102 -1
12 108 -1
12 113 -1
12 114 1
12 115 1
12 116 -1
12 125 -1
12 129 1
12 131 -1
12 132 1
12 133 -1
12 140 1
12 147 -1
12 158 1
13 14 -1
13 18 -1
13 29 -1
13 30 -1
13 32 -1
13 33 1
13 37 -1
13 39 -1
13 42 -1
13 45 -1
13 60 -1
13 62 -1
13 66 -1
13 78 -1
13 79 -1
13 80 -1
13 85 -1
13 96 1
13 99 -1
13 102 -1
13 107 -1
13 110 -1
13 116 -1
13 134 -1
13 136 -1
13 151 -1
13 153 -1
13 163 -1
13 165 -1
13 168 -1
13 169 -1
14 18 -1
14 24 -1
14 27 -1
14 28 -1
14 29 -1
14 30 -1
14 31 -1
14 34 -1
14 37 1
14 38 -1
14 48 -1
14 70 -1
14 81 -1
14 82 -1
14 84 -1
14 86 -1
14 93 -1
14 94 -1
14 97 -1
14 98 -1
14 110 1
14 114 -1
14 115 -1
14 120 1
14 127 -1
14 130 -1
14 131 1
14 138 -1
14 139 -1
14 147 -1
14 148 -1
14 152 -1
14 155 -1
14 157 -1
14 158 -1
14 168 -1
14 170 -1
15 18 -1
15 28 -1
15 30 -1
15 32 -1
15 34 -1
15 38 -1
15 42 -1
15 46 -1
15 50 -1
15 54 -1
15 55 -1
15 61 -1
15 64 1
15 67 -1
15 68 -1
15 79 -1
15 81 -1
15 85 -1
15 86 -1
15 87 -1
15 88 -1
15 89 -1
15 92 -1
15 96 -1
15 97 1
15 99 -1
15 101 -1
15 103 -1
15 106 -1
15 111 -1
15 115 -1
15 117 -1
15 119 -1
15 120 -1
15 126 -1
15 133 -1
15 136 -1
15 141 -1
15 147 -1
15 152 1
15 153 1
15 156 -1
16 17 -1
16 21 -1
16 22 -1
16 28 -1
16 30 -1
16 32 -1
16 44 -1
16 52 1
16 53 1
16 54 -1
16 61 -1
16 63 -1
16 71 -1
16 79 -1
16 86 -1
16 87 -1
16 98 -1
16 99 -1
16 100 -1
16 107 -1
16 109 -1
16 110 -1
16 116 -1
16 120 -1
16 126 -1
16 130 1
16 132 1
16 133 -1
16 134 -1
16 136 -1
16 137 -1
16 145 -1
16 146 -1
16 148 1
16 149 -1
16 160 1
16 163 -1
16 164 -1
16 166 -1
17 25 -1
17 26 -1
17 46 1
17 47 -1
17 49 -1
17 51 -1
17 60 1
17 66 1
17 83 -1
17 84 -1
17 87 1
17 102 1
17 107 -1
17 114 -1
17 118 -1
17 137 1
17 142 1
17 154 1
17 159 1
17 164 -1
17 170 -1
18 20 -1
18 24 1
18 26 -1
18 38 -1
18 42 -1
18 71 1
18 74 -1
18 76 -1
18 82 1
18 95 -1
18 97 -1
18 104 -1
18 106 -1
18 109 -1
18 111 -1
18 112 -1
18 114 -1
18 120 -1
18 126 -1
18 129 -1
18 131 -1
18 143 -1
18 147 -1
18 151 1
18 152 -1
18 163 -1
18 165 -1
18 170 -1
19 31 -1
19 34 -1
19 38 -1
19 40 -1
19 41 -1
19 48 1
19 49 -1
19 67 -1
19 79 -1
19 84 -1
19 89 -1
19 93 1
19 96 -1
19 98 -1
19 100 -1
19 112 -1
19 113 -1
19 114 -1
19 116 -1
19 120 -1
19 123 -1
19 129 -1
19 137 -1
19 146 1
19 149 1
19 158 -1
19 159 -1
19 162 1
19 165 -1
19 169 -1
20 21 -1
20 22 -1
20 31 -1
20 45 1
20 57 -1
20 65 1
20 68 1
20 72 -1
20 75 -1
20 78 -1
20 82 -1
20 84 1
20 90 1
20 95 1
20 100 1
20 103 1
20 105 1
20 111 1
20 114 -1
20 119 -1
20 129 -1
20 134 1
20 135 -1
20 146 -1
20 152 -1
20 153 -1
20 154 -1
20 159 -1
20 161 -1
20 164 -1
20 169 -1
21 22 1
21 31 -1
21 33 -1
21 36 1
21 40 -1
21 51 -1
21 56 1
21 61 -1
21 64 -1
21 65 -1
21 76 -1
21 83 1
21 91 -1
21 97 -1
21 100 -1
21 104 -1
21 113 1
21 116 -1
21 117 -1
21 127 -1
21 136 -1
21 138 -1
21 145 -1
21 156 -1
21 157 -1
21 163 1
21 164 -1
21 169 -1
22 33 -1
22 35 -1
22 36 1
22 41 -1
22 42 -1
22 44 -1
22 49 -1
22 54 -1
22 56 1
22 61 -1
22 69 1
22 80 -1
22 83 1
22 87 -1
22 94 -1
22 96 -1
22 98 -1
22 100 -1
22 101 -1
22 105 -1
22 106 -1
22 110 -1
22 112 1
22 113 1
22 115 -1
22 119 -1
22 127 -1
22 130 -1
22 136 -1
22 138 -1
22 144 -1
22 145 -1
22 162 -1
22 163 1
22 165 -1
22 170 -1
23 35 -1
23 41 -1
23 43 -1
23 59 -1
23 62 -1
23 65 -1
23 74 1
23 86 -1
23 90 -1
23 93 -1
23 107 -1
23 110 -1
23 111 -1
23 119 -1
23 121 -1
23 128 -1
23 132 -1
23 133 -1
23 142 -1
23 148 -1
23 150 -1
23 155 1
23 157 1
23 164 -1
23 166 -1
23 167 -1
23 168 1
24 25 -1
24 28 -1
24 30 1
24 33 -1
24 34 1
24 35 -1
24 57 -1
24 64 -1
24 69 -1
24 70 -1
24 76 -1
24 78 1
24 81 -1
24 82 1
24 102 -1
24 105 -1
24 118 1
24 139 -1
24 145 1
24 146 -1
24 151 1
24 154 -1
24 168 -1
25 29 -1
25 31 1
25 35 -1
25 47 -1
25 48 -1
25 50 -1
25 52 -1
25 53 -1
25 56 -1
25 57 -1
25 58 1
25 64 -1
25 76 1
25 80 -1
25 88 -1
25 94 1
25 102 -1
25 104 -1
25 106 1
25 111 -1
25 117 -1
25 133 1
25 137 -1
25 138 -1
25 139 -1
25 143 -1
25 145 -1
25 147 1
25 155 -1
25 159 -1
25 165 1
25 170 -1
26 35 -1
26 37 -1
26 38 -1
26 41 1
26 43 -1
26 49 1
26 54 -1
26 55 -1
26 57 -1
26 60 -1
26 70 -1
26 72 -1
26 73 -1
26 76 -1
26 86 -1
26 88 -1
26 89 -1
26 91 -1
26 93 -1
26 96 -1
26 101 -1
26 102 -1
26 116 -1
26 120 -1
26 121 1
26 127 1
26 128 -1
26 136 1
26 141 -1
26 144 1
26 145 -1
26 149 -1
26 150 -1
26 157 -1
26 161 -1
26 163 -1
27 28 -1
27 30 -1
27 33 -1
27 44 -1
27 52 -1
27 55 -1
27 58 -1
27 59 -1
27 64 -1
27 70 1
27 72 -1
27 76 -1
27 77 1
27 79 -1
27 80 -1
27 84 -1
27 93 -1
27 100 -1
27 102 -1
27 107 -1
27 119 -1
27 152 1
27 153 -1
27 157 -1
27 164 -1
28 29 -1
28 36 -1
28 38 -1
28 40 -1
28 41 1
28 43 -1
28 47 -1
28 48 -1
28 49 1
28 61 -1
28 63 1
28 68 -1
28 69 1
28 72 -1
28 83 1
28 87 -1
28 93 -1
28 101 -1
28 112 1
28 116 -1
28 119 -1
28 127 1
28 133 -1
28 144 -1
28 150 -1
28 152 -1
28 154 -1
28 157 -1
28 162 -1
28 167 -1
29 45 1
29 51 -1
29 56 -1
29 59 -1
29 65 1
29 67 -1
29 68 1
29 70 -1
29 75 -1
29 88 1
29 90 1
29 91 -1
29 95 1
29 99 1
29 100 -1
29 106 -1
29 109 -1
29 123 -1
29 125 1
29 134 1
29 136 -1
29 138 -1
29 140 -1
29 142 -1
29 147 -1
29 148 -1
29 159 -1
29 163 -1
29 164 -1
30 34 1
30 40 -1
30 44 -1
30 49 -1
30 62 1
30 64 -1
30 69 -1
30 76 -1
30 78 1
30 87 -1
30 88 -1
30 89 -1
30 91 1
30 98 -1
30 100 -1
30 104 1
30 108 1
30 115 -1
30 118 1
30 126 1
30 145 1
30 147 -1
30 167 -1
30 168 -1
30 169 -1
31 32 -1
31 35 -1
31 48 -1
31 49 -1
31 58 1
31 69 -1
31 74 -1
31 76 1
31 80 -1
31 91 -1
31 93 -1
31 94 1
31 100 -1
31 104 -1
31 107 -1
31 108 -1
31 109 -1
31 110 -1
31 112 -1
31 121 -1
31 128 1
31 133 -1
31 137 -1
31 139 -1
31 147 1
31 149 -1
31 159 -1
31 165 1
31 168 -1
32 35 1
32 37 -1
32 39 1
32 47 1
32 51 -1
32 54 1
32 57 1
32 58 -1
32 59 1
32 60 -1
32 65 -1
32 74 -1
32 85 1
32 86 -1
32 93 -1
32 100 -1
32 101 1
32 102 -1
32 104 -1
32 116 1
32 117 -1
32 119 -1
32 123 1
32 128 -1
32 129 -1
32 130 -1
32 132 -1
32 136 -1
32 143 -1
32 153 -1
32 154 -1
32 156 1
32 157 -1
32 164 -1
33 35 -1
33 38 -1
33 45 -1
33 62 -1
33 66 -1
33 69 -1
33 84 -1
33 85 -1
33 93 -1
33 96 1
33 104 -1
33 112 -1
33 126 -1
33 131 -1
33 133 -1
33 135 -1
33 137 -1
33 138 -1
33 142 -1
33 156 -1
33 162 -1
34 37 -1
34 54 -1
34 57 -1
34 58 -1
34 62 1
34 66 -1
34 71 -1
34 78 1
34 84 -1
34 91 1
34 99 -1
34 102 -1
34 104 1
34 108 1
34 109 -1
34 110 -1
34 118 1
34 119 -1
34 126 1
34 128 -1
34 136 -1
34 140 -1
34 142 -1
34 145 1
34 146 -1
34 149 -1
34 154 -1
34 162 -1
34 170 -1
35 39 1
35 40 -1
35 44 1
35 47 1
35 49 -1
35 54 1
35 58 -1
35 59 -1
35 63 -1
35 66 -1
35 67 1
35 73 -1
35 76 -1
35 79 -1
35 80 -1
35 81 -1
35 85 1
35 92 1
35 97 -1
35 101 1
35 106 -1
35 107 -1
35 111 -1
35 114 -1
35 116 1
35 123 1
35 129 -1
35 135 -1
35 145 -1
35 148 -1
35 154 -1
35 155 -1
35 161 -1
35 167 -1
36 38 -1
36 44 -1
36 47 -1
36 50 -1
36 56 1
36 61 -1
36 67 -1
36 69 1
36 71 -1
36 78 -1
36 80 -1
36 83 1
36 84 -1
36 89 -1
36 96 -1
36 100 -1
36 101 -1
36 102 -1
36 108 -1
36 110 -1
36 112 1
36 113 1
36 135 -1
36 139 -1
36 140 -1
36 145 -1
36 146 -1
36 158 -1
36 159 -1
36 163 1
36 165 -1
36 169 -1
37 43 -1
37 58 -1
37 74 -1
37 79 -1
37 80 -1
37 88 -1
37 108 -1
37 110 1
37 112 -1
37 118 -1
37 120 1
37 122 -1
37 124 -1
37 126 -1
37 129 -1
37 131 1
37 133 -1
37 135 -1
37 139 -1
37 141 -1
37 151 -1
37 153 -1
38 40 -1
38 44 -1
38 54 -1
38 56 -1
38 58 -1
38 67 -1
38 68 -1
38 75 -1
38 78 -1
38 79 1
38 87 -1
38 93 -1
38 97 -1
38 98 1
38 99 -1
38 101 -1
38 108 -1
38 114 1
38 115 1
38 116 -1
38 118 -1
38 119 -1
38 129 1
38 132 -1
38 135 -1
38 153 -1
38 154 -1
38 158 1
38 161 -1
38 163 -1
38 170 -1
39 44 1
39 47 1
39 51 -1
39 54 1
39 57 -1
39 59 1
39 67 1
39 76 -1
39 78 -1
39 80 -1
39 83 -1
39 85 1
39 89 -1
39 92 1
39 97 -1
39 101 1
39 109 -1
39 113 -1
39 116 1
39 119 -1
39 123 1
39 128 -1
39 143 -1
39 144 -1
39 146 -1
39 166 -1
39 169 -1
40 48 -1
40 50 -1
40 51 -1
40 57 -1
40 65 -1
40 72 -1
40 74 -1
40 75 1
40 81 1
40 84 -1
40 85 -1
40 91 -1
40 95 -1
40 96 -1
40 109 1
40 113 -1
40 118 -1
40 119 -1
40 121 -1
40 128 -1
40 132 -1
40 134 -1
40 138 -1
40 139 1
40 143 -1
40 144 -1
40 146 -1
40 150 1
40 159 -1
40 167 1
40 169 -1
41 49 1
41 50 -1
41 53 -1
41 56 -1
41 57 -1
41 59 -1
41 60 -1
41 63 1
41 69 1
41 73 -1
41 74 -1
41 95 -1
41 101 -1
41 105 -1
41 119 -1
41 121 1
41 122 -1
41 123 -1
41 124 -1
41 127 1
41 135 -1
41 136 1
41 142 -1
41 144 1
41 149 -1
41 160 -1
41 164 -1
41 168 -1
42 45 -1
42 50 -1
42 51 -1
42 55 1
42 60 -1
42 72 -1
42 86 1
42 88 -1
42 94 -1
42 95 -1
42 101 -1
42 130 -1
42 134 -1
42 144 -1
42 145 -1
42 150 -1
42 153 -1
42 162 -1
42 168 1
42 169 -1
42 170 -1
43 47 -1
43 49 -1
43 59 -1
43 62 -1
43 75 -1
43 76 -1
43 92 -1
43 93 -1
43 94 -1
43 96 -1
43 97 -1
43 104 -1
43 110 -1
43 119 -1
43 122 1
43 123 -1
43 128 -1
43 135 1
43 136 -1
43 146 -1
43 147 -1
43 155 -1
43 166 -1
43 169 1
44 46 -1
44 47 1
44 50 -1
44 51 -1
44 53 -1
44 54 1
44 56 -1
44 62 -1
44 66 -1
44 67 1
44 74 -1
44 76 -1
44 92 1
44 101 1
44 105 -1
44 116 1
44 123 1
44 129 -1
44 135 -1
44 140 -1
44 147 -1
44 151 -1
44 156 -1
44 166 -1
44 167 -1
44 168 -1
44 169 -1
45 48 -1
45 51 -1
45 54 -1
45 55 -1
45 57 -1
45 58 -1
45 65 1
45 66 -1
45 68 1
45 71 -1
45 72 -1
45 74 -1
45 78 -1
45 88 1
45 90 1
45 91 -1
45 92 -1
45 93 -1
45 94 -1
45 95 1
45 102 -1
45 111 1
45 115 -1
45 116 -1
45 123 -1
45 125 -1
45 129 -1
45 134 1
45 135 -1
45 137 -1
45 146 -1
45 159 -1
45 166 -1
46 52 -1
46 60 -1
46 66 1
46 73 -1
46 82 -1
46 83 -1
46 90 -1
46 96 -1
46 98 -1
46 103 -1
46 104 -1
46 110 -1
46 111 -1
46 116 -1
46 119 -1
46 120 -1
46 138 -1
46 144 -1
46 159 1
46 160 -1
46 163 -1
46 166 -1
46 167 -1
46 169 -1
46 170 -1
47 48 -1
47 49 -1
47 53 -1
47 54 1
47 55 -1
47 57 1
47 59 1
47 63 -1
47 67 1
47 72 -1
47 73 -1
47 74 -1
47 84 -1
47 85 1
47 86 -1
47 88 -1
47 92 1
47 101 1
47 108 -1
47 112 -1
47 113 -1
47 115 -1
47 116 1
47 118 -1
47 119 -1
47 123 1
47 124 -1
47 135 -1
47 150 -1
47 157 -1
47 159 -1
47 160 -1
47 169 -1
48 53 -1
48 54 -1
48 57 -1
48 62 -1
48 67 -1
48 81 -1
48 86 -1
48 93 1
48 97 -1
48 98 -1
48 100 -1
48 104 -1
48 112 -1
48 113 -1
48 127 -1
48 130 -1
48 131 -1
48 135 -1
48 136 -1
48 143 -1
48 144 -1
48 146 1
48 149 1
48 152 -1
48 153 -1
48 162 1
48 165 -1
49 54 -1
49 55 -1
49 56 -1
49 57 -1
49 59 -1
49 62 -1
49 63 1
49 64 -1
49 67 -1
49 68 -1
49 69 1
49 77 -1
49 89 -1
49 91 -1
49 92 -1
49 99 -1
49 102 -1
49 111 -1
49 112 1
49 113 -1
49 118 -1
49 121 1
49 123 -1
49 127 1
49 131 -1
49 136 1
49 144 1
49 159 -1
50 54 -1
50 57 -1
50 66 -1
50 67 -1
50 68 -1
50 72 1
50 76 -1
50 102 -1
50 109 -1
50 117 -1
50 138 1
50 140 -1
50 141 -1
50 142 -1
50 143 1
50 146 1
50 161 1
50 168 -1
50 169 -1
51 58 -1
51 61 1
51 64 -1
51 68 -1
51 75 -1
51 79 -1
51 82 -1
51 93 -1
51 107 -1
51 114 -1
51 120 -1
51 129 -1
51 132 -1
51 134 -1
51 164 -1
51 168 -1
51 170 1
52 53 1
52 56 -1
52 70 -1
52 72 -1
52 83 -1
52 84 -1
52 89 1
52 94 -1
52 97 -1
52 98 -1
52 114 -1
52 115 -1
52 117 -1
52 132 1
52 140 1
52 146 -1
52 148 1
52 154 -1
52 159 -1
52 160 1
53 56 -1
53 62 -1
53 74 -1
53 79 -1
53 82 -1
53 83 -1
53 87 -1
53 89 1
53 90 -1
53 96 -1
53 122 -1
53 126 -1
53 130 1
53 132 1
53 133 -1
53 134 -1
53 137 -1
53 139 -1
53 140 1
53 148 1
53 160 1
53 164 -1
53 165 -1
54 55 -1
54 57 1
54 59 1
54 62 -1
54 67 -1
54 72 -1
54 83 -1
54 85 1
54 87 -1
54 90 -1
54 94 -1
54 101 1
54 103 -1
54 111 -1
54 112 -1
54 116 1
54 118 -1
54 119 -1
54 123 1
54 128 -1
54 129 -1
54 150 -1
54 154 -1
54 160 -1
54 164 -1
55 56 -1
55 57 -1
55 62 -1
55 65 -1
55 73 -1
55 77 -1
55 82 -1
55 85 -1
55 86 1
55 96 -1
55 97 -1
55 104 -1
55 105 -1
55 107 -1
55 111 -1
55 117 -1
55 119 -1
55 120 -1
55 121 -1
55 123 -1
55 127 -1
55 128 1
55 130 -1
55 136 -1
55 137 -1
55 141 -1
55 151 -1
55 153 -1
55 158 -1
55 161 -1
55 166 -1
55 168 1
55 169 -1
56 65 -1
56 70 -1
56 71 -1
56 79 -1
56 83 1
56 93 -1
56 104 -1
56 109 -1
56 113 1
56 120 -1
56 128 -1
56 142 -1
56 147 -1
56 156 -1
56 158 -1
56 163 1
57 59 1
57 67 -1
57 73 1
57 75 -1
57 81 -1
57 85 1
57 86 -1
57 87 -1
57 88 -1
57 90 -1
57 95 -1
57 102 -1
57 107 -1
57 118 -1
57 123 1
57 133 -1
57 138 -1
57 153 -1
57 154 -1
57 156 1
57 158 -1
57 162 -1
58 61 -1
58 73 -1
58 74 -1
58 76 1
58 80 1
58 82 -1
58 83 -1
58 86 -1
58 93 -1
58 94 1
58 101 -1
58 106 1
58 108 -1
58 122 -1
58 123 -1
58 124 1
58 126 -1
58 129 -1
58 132 -1
58 133 1
58 139 -1
58 140 -1
58 153 -1
58 165 1
58 166 -1
59 62 -1
59 73 1
59 84 -1
59 85 1
59 92 -1
59 93 -1
59 97 -1
59 100 -1
59 101 1
59 108 -1
59 111 -1
59 114 -1
59 116 1
59 117 -1
59 121 -1
59 123 1
59 130 -1
59 133 -1
59 140 -1
59 142 -1
59 154 -1
59 156 1
59 158 -1
60 64 -1
60 66 1
60 68 -1
60 73 -1
60 80 -1
60 81 -1
60 85 -1
60 87 1
60 94 -1
60 102 1
60 103 -1
60 122 1
60 137 1
60 141 1
60 142 1
60 154 1
60 164 -1
61 69 -1
61 73 -1
61 82 -1
61 83 -1
61 84 -1
61 95 -1
61 102 -1
61 114 -1
61 117 -1
61 121 -1
61 124 -1
61 127 -1
61 140 -1
61 144 -1
61 153 -1
61 155 -1
61 156 -1
61 160 -1
61 164 -1
61 168 -1
61 169 -1
61 170 1
62 65 -1
62 75 -1
62 78 1
62 80 -1
62 91 1
62 104 1
62 108 1
62 112 -1
62 116 -1
62 118 1
62 125 -1
62 126 1
62 133 -1
62 144 -1
62 145 1
62 146 -1
62 150 -1
62 153 -1
62 166 -1
63 67 -1
63 69 1
63 73 -1
63 82 -1
63 83 1
63 103 -1
63 105 -1
63 106 -1
63 111 -1
63 112 1
63 118 -1
63 121 1
63 127 1
63 136 1
63 138 -1
63 143 -1
63 147 -1
63 162 -1
63 165 -1
63 166 -1
64 74 1
64 75 -1
64 93 -1
64 97 1
64 111 -1
64 114 -1
64 117 1
64 121 -1
64 126 -1
64 127 -1
64 129 -1
64 132 -1
64 139 -1
64 140 -1
64 142 -1
64 155 1
64 164 1
64 166 1
64 170 -1
65 66 -1
65 68 1
65 76 -1
65 82 -1
65 85 -1
65 88 1
65 90 1
65 95 1
65 100 -1
65 111 1
65 116 -1
65 125 1
65 127 -1
65 128 -1
65 129 -1
65 130 -1
65 133 -1
65 134 1
65 136 -1
65 144 -1
65 150 -1
65 158 -1
66 70 -1
66 78 -1
66 79 -1
66 81 -1
66 82 -1
66 87 1
66 94 -1
66 102 1
66 113 -1
66 120 -1
66 121 -1
66 124 -1
66 134 -1
66 137 1
66 138 -1
66 140 -1
66 141 -1
66 142 1
66 146 -1
66 148 -1
66 151 -1
66 153 -1
66 154 1
66 157 -1
66 158 -1
66 159 1
66 170 -1
67 72 -1
67 73 -1
67 77 -1
67 78 -1
67 82 -1
67 83 -1
67 92 1
67 93 -1
67 95 -1
67 96 -1
67 98 -1
67 101 1
67 109 -1
67 116 1
67 122 -1
67 123 1
67 137 -1
67 159 -1
67 160 -1
68 69 -1
68 72 -1
68 76 -1
68 88 1
68 90 1
68 95 1
68 96 -1
68 102 -1
68 104 -1
68 110 -1
68 111 1
68 113 -1
68 117 -1
68 124 -1
68 125 -1
68 131 -1
68 134 1
68 142 -1
68 143 -1
68 151 -1
68 157 -1
68 162 -1
68 165 -1
69 71 -1
69 83 1
69 91 -1
69 94 -1
69 100 -1
69 101 -1
69 112 1
69 118 -1
69 121 -1
69 127 1
69 128 -1
69 139 -1
69 145 -1
69 153 -1
69 169 -1
70 71 1
70 77 1
70 79 -1
70 80 -1
70 82 1
70 84 -1
70 93 -1
70 102 -1
70 110 -1
70 117 -1
70 118 -1
70 130 -1
70 134 -1
70 137 -1
70 138 -1
70 139 -1
70 151 1
70 168 -1
70 170 -1
71 76 -1
71 82 1
71 83 -1
71 109 -1
71 111 -1
71 114 -1
71 121 -1
71 122 -1
71 134 -1
71 139 -1
71 147 -1
71 149 -1
71 151 1
71 154 -1
71 156 -1
71 160 -1
71 164 -1
71 168 -1
71 169 -1
72 76 -1
72 78 -1
72 91 -1
72 98 -1
72 116 -1
72 124 -1
72 127 -1
72 128 -1
72 138 1
72 143 1
72 146 1
72 147 -1
72 161 1
72 163 -1
72 164 -1
72 168 -1
73 85 -1
73 105 -1
73 106 -1
73 109 -1
73 114 -1
73 118 -1
73 120 -1
73 121 -1
73 128 -1
73 129 -1
73 132 -1
73 133 -1
73 136 -1
73 145 -1
73 155 -1
73 156 1
73 158 -1
73 165 -1
73 166 -1
73 167 -1
74 90 -1
74 92 -1
74 94 -1
74 97 -1
74 113 -1
74 117 1
74 119 -1
74 127 -1
74 137 -1
74 143 -1
74 155 1
74 156 -1
74 157 1
74 164 1
74 166 1
75 76 -1
75 81 1
75 82 -1
75 83 -1
75 88 -1
75 89 -1
75 91 -1
75 93 -1
75 102 -1
75 107 1
75 109 1
75 120 -1
75 125 -1
75 130 -1
75 131 -1
75 133 -1
75 139 1
75 140 -1
75 141 -1
75 146 -1
75 149 -1
75 150 1
75 152 -1
75 156 -1
75 159 -1
75 162 -1
75 167 1
76 86 -1
76 88 -1
76 91 -1
76 94 1
76 106 1
76 107 -1
76 110 -1
76 125 -1
76 133 1
76 143 -1
76 145 -1
76 147 1
76 160 -1
76 165 1
77 81 -1
77 84 -1
77 86 -1
77 88 -1
77 91 -1
77 103 -1
77 104 -1
77 115 -1
77 129 -1
77 132 -1
77 134 -1
77 136 -1
77 141 -1
77 144 -1
77 146 -1
77 152 1
77 160 -1
77 170 -1
78 86 -1
78 91 1
78 99 -1
78 104 1
78 110 -1
78 118 1
78 119 -1
78 125 -1
78 141 -1
78 145 1
78 146 -1
79 83 -1
79 91 -1
79 98 1
79 105 -1
79 109 -1
79 113 -1
79 114 1
79 115 1
79 127 -1
79 129 1
79 153 -1
79 158 1
79 168 -1
79 170 -1
80 81 -1
80 85 -1
80 91 -1
80 92 -1
80 94 1
80 97 -1
80 106 1
80 110 1
80 119 1
80 124 1
80 133 1
80 135 -1
80 137 -1
80 144 -1
80 152 -1
80 158 -1
80 163 -1
80 164 -1
80 167 -1
80 169 -1
81 84 -1
81 93 -1
81 96 -1
81 107 1
81 109 1
81 113 -1
81 114 -1
81 120 -1
81 133 -1
81 136 -1
81 139 1
81 143 -1
81 148 -1
81 149 -1
81 150 1
81 152 -1
81 158 -1
81 164 -1
81 167 1
82 88 -1
82 96 -1
82 103 -1
82 110 -1
82 111 -1
82 114 -1
82 118 -1
82 119 -1
82 128 -1
82 129 -1
82 139 -1
82 140 -1
82 147 -1
82 151 1
82 153 -1
82 156 -1
82 161 -1
83 94 -1
83 112 1
83 113 1
83 114 -1
83 115 -1
83 121 -1
83 123 -1
83 125 -1
83 130 -1
83 136 -1
83 138 -1
83 148 -1
83 154 -1
83 155 -1
83 159 -1
83 163 1
83 165 -1
83 166 -1
84 89 -1
84 90 -1
84 100 1
84 103 1
84 105 1
84 108 -1
84 111 1
84 114 -1
84 119 -1
84 125 -1
84 132 -1
84 139 -1
84 142 -1
84 144 -1
84 146 -1
84 153 -1
84 154 -1
84 163 -1
85 98 -1
85 99 -1
85 101 1
85 108 -1
85 116 1
85 122 -1
85 123 1
85 124 -1
85 125 -1
85 139 -1
85 143 -1
85 144 -1
85 147 -1
85 150 -1
85 170 -1
86 87 -1
86 88 -1
86 90 -1
86 91 -1
86 107 -1
86 109 -1
86 117 -1
86 118 -1
86 119 -1
86 136 -1
86 141 -1
86 160 -1
86 168 1
87 88 -1
87 90 -1
87 102 1
87 105 -1
87 107 -1
87 110 -1
87 112 -1
87 114 -1
87 115 -1
87 118 -1
87 122 1
87 125 -1
87 133 -1
87 135 -1
87 137 1
87 141 1
87 142 1
87 146 -1
87 154 1
87 158 -1
87 159 1
87 164 -1
88 89 -1
88 90 1
88 95 1
88 97 -1
88 98 -1
88 99 1
88 108 -1
88 113 -1
88 118 -1
88 120 -1
88 125 1
88 126 -1
88 132 -1
88 134 1
88 144 -1
88 148 -1
88 154 -1
88 155 -1
88 161 -1
89 91 -1
89 95 -1
89 107 -1
89 115 -1
89 119 -1
89 127 -1
89 132 1
89 140 1
89 143 -1
89 148 1
89 150 -1
89 152 -1
90 95 1
90 99 -1
90 107 -1
90 111 1
90 112 -1
90 115 -1
90 119 -1
90 122 -1
90 125 1
90 131 -1
90 133 -1
90 134 1
90 137 -1
90 138 -1
90 142 -1
90 149 -1
90 153 -1
90 155 -1
90 157 -1
90 160 -1
90 168 -1
91 92 -1
91 94 -1
91 99 -1
91 104 1
91 105 -1
91 108 1
91 110 -1
91 113 -1
91 115 -1
91 118 1
91 124 -1
91 126 1
91 128 -1
91 129 -1
91 135 -1
91 138 -1
91 145 1
91 147 -1
91 158 -1
91 162 -1
91 164 -1
91 168 -1
92 95 -1
92 96 -1
92 99 -1
92 101 1
92 104 -1
92 105 -1
92 111 -1
92 116 1
92 123 1
92 126 -1
92 132 -1
92 135 -1
92 144 -1
92 156 -1
92 168 -1
93 96 -1
93 97 -1
93 101 -1
93 112 -1
93 113 -1
93 116 -1
93 118 -1
93 120 -1
93 123 -1
93 129 -1
93 132 -1
93 133 -1
93 134 -1
93 146 1
93 149 1
93 150 -1
93 161 -1
93 162 1
93 164 -1
93 166 -1
93 169 -1
93 170 1
94 106 1
94 113 -1
94 122 -1
94 124 1
94 125 -1
94 129 -1
94 133 1
94 148 -1
94 158 -1
94 159 -1
94 160 -1
94 163 -1
94 165 1
95 98 -1
95 101 -1
95 105 -1
95 108 -1
95 111 1
95 112 -1
95 124 -1
95 126 -1
95 131 -1
95 134 1
95 135 -1
95 140 -1
95 146 -1
95 153 -1
95 154 -1
95 157 -1
95 161 -1
95 167 -1
95 169 -1
95 170 -1
96 104 -1
96 113 -1
96 114 -1
96 116 -1
96 117 -1
96 121 -1
96 126 -1
96 127 -1
96 138 -1
96 145 -1
96 149 -1
96 152 -1
96 169 -1
97 98 -1
97 114 -1
97 117 1
97 118 -1
97 133 -1
97 141 -1
97 144 -1
97 150 -1
97 152 1
97 153 1
97 158 -1
97 159 -1
97 163 -1
97 164 1
97 166 1
98 100 -1
98 102 -1
98 109 -1
98 114 1
98 115 1
98 124 -1
98 128 -1
98 129 1
98 134 -1
98 136 -1
98 143 -1
98 145 -1
98 147 -1
98 150 -1
98 152 -1
98 158 1
98 165 -1
99 100 -1
99 109 -1
99 115 -1
99 118 -1
99 125 1
99 126 -1
99 134 -1
99 140 -1
99 142 -1
99 151 -1
99 152 -1
100 103 1
100 105 1
100 109 -1
100 110 -1
100 111 1
100 121 -1
100 128 -1
100 132 -1
100 137 -1
100 138 -1
100 140 -1
100 150 -1
100 151 -1
100 152 -1
100 153 -1
100 157 -1
100 164 -1
100 168 -1
100 170 -1
101 116 1
101 118 -1
101 121 -1
101 122 -1
101 123 1
101 124 -1
101 127 -1
101 135 -1
101 137 -1
101 145 -1
101 146 -1
101 163 -1
102 104 -1
102 105 -1
102 113 -1
102 115 -1
102 117 -1
102 120 -1
102 121 -1
102 122 1
102 126 -1
102 128 -1
102 133 -1
102 137 1
102 141 1
102 142 1
102 144 -1
102 150 -1
102 154 1
102 159 1
103 105 1
103 112 -1
103 113 -1
103 133 -1
103 138 -1
103 148 -1
103 154 -1
103 156 -1
103 165 -1
103 170 -1
104 106 -1
104 108 1
104 118 1
104 124 -1
104 125 -1
104 126 1
104 133 -1
104 136 -1
104 139 -1
104 142 -1
104 145 1
104 147 -1
104 150 -1
104 156 -1
105 111 1
105 113 -1
105 121 -1
105 149 -1
105 151 -1
105 156 -1
105 164 -1
105 166 -1
105 170 -1
106 112 -1
106 119 1
106 124 1
106 125 -1
106 127 -1
106 129 -1
106 131 -1
106 132 -1
106 133 1
106 135 -1
106 138 -1
106 139 -1
106 149 -1
106 150 -1
106 167 -1
106 169 -1
106 170 -1
107 109 1
107 110 -1
107 112 -1
107 122 -1
107 123 -1
107 130 -1
107 136 -1
107 137 -1
107 139 1
107 140 -1
107 141 -1
107 143 -1
107 144 -1
107 146 -1
107 150 1
107 157 -1
107 166 -1
107 167 1
108 118 1
108 120 -1
108 126 1
108 133 -1
108 143 -1
108 145 1
108 146 -1
108 148 -1
108 149 -1
108 156 -1
108 158 -1
108 161 -1
109 114 -1
109 117 -1
109 118 -1
109 126 -1
109 127 -1
109 133 -1
109 139 1
109 140 -1
109 141 -1
109 144 -1
109 145 -1
109 150 1
109 157 -1
109 164 -1
109 167 1
110 114 -1
110 117 -1
110 119 1
110 120 1
110 124 1
110 126 -1
110 127 -1
110 143 -1
110 156 -1
111 116 -1
111 119 -1
111 120 -1
111 121 -1
111 134 1
111 141 -1
111 145 -1
111 146 -1
111 148 -1
111 149 -1
111 159 -1
112 113 1
112 116 -1
112 121 -1
112 122 -1
112 127 1
112 133 -1
112 134 -1
112 137 -1
112 142 -1
112 146 -1
112 147 -1
112 152 -1
112 153 -1
112 155 -1
112 161 -1
112 164 -1
113 128 -1
113 129 -1
113 142 -1
113 144 -1
113 146 -1
113 153 -1
113 163 1
114 115 1
114 123 -1
114 129 1
114 140 -1
114 143 -1
114 144 -1
114 145 -1
114 147 -1
114 151 -1
114 153 -1
114 158 1
114 168 -1
114 169 -1
115 118 -1
115 122 -1
115 129 1
115 130 -1
115 133 -1
115 136 -1
115 137 -1
115 158 1
115 166 -1
115 169 -1
116 123 1
116 124 -1
116 128 -1
116 130 -1
116 132 -1
116 133 -1
116 134 -1
116 137 -1
116 138 -1
116 152 -1
116 158 -1
116 160 -1
117 119 -1
117 125 -1
117 130 -1
117 138 -1
117 147 -1
117 149 -1
117 153 -1
117 155 1
117 164 1
117 166 1
117 170 -1
118 126 1
118 128 -1
118 131 -1
118 134 -1
118 138 -1
118 145 1
118 146 -1
118 152 -1
118 153 -1
118 155 -1
118 160 -1
119 124 1
119 126 -1
119 128 -1
119 129 -1
119 132 -1
119 133 1
119 141 -1
119 145 -1
119 146 -1
119 153 -1
119 155 -1
119 157 -1
119 162 -1
120 131 1
120 135 -1
120 138 -1
120 142 -1
120 144 -1
120 155 -1
120 161 -1
121 123 -1
121 124 -1
121 127 1
121 133 -1
121 136 1
121 144 1
121 149 -1
121 155 -1
121 158 -1
122 123 -1
122 125 -1
122 126 -1
122 127 -1
122 132 -1
122 135 1
122 137 1
122 141 1
122 142 1
122 150 -1
122 155 -1
122 162 -1
122 165 -1
122 166 -1
122 167 -1
123 133 -1
123 134 -1
123 136 -1
123 149 -1
123 154 -1
123 163 -1
123 167 -1
124 127 -1
124 128 -1
124 133 1
124 140 -1
124 145 -1
124 146 -1
124 149 -1
124 158 -1
124 159 -1
124 163 -1
125 130 -1
125 150 -1
125 162 -1
126 130 -1
126 133 -1
126 137 -1
126 145 1
126 150 -1
126 152 -1
126 156 -1
126 159 -1
126 167 -1
127 132 -1
127 133 -1
127 136 1
127 141 -1
127 143 -1
127 144 1
127 151 -1
128 142 -1
128 144 -1
128 147 1
128 152 -1
128 165 1
128 166 -1
128 167 -1
129 131 -1
129 140 -1
129 142 -1
129 143 -1
129 148 -1
129 158 1
129 166 -1
130 132 1
130 145 -1
130 148 1
130 153 -1
130 160 1
130 161 -1
131 143 -1
131 148 -1
131 158 -1
131 164 -1
131 166 -1
131 169 -1
132 133 -1
132 137 -1
132 140 1
132 144 -1
132 148 1
132 149 -1
132 151 -1
132 156 -1
132 160 1
132 162 -1
132 167 -1
133 137 -1
133 138 -1
133 151 -1
134 137 -1
134 141 -1
134 146 -1
134 148 -1
134 150 -1
134 153 -1
134 157 -1
134 158 -1
134 160 -1
134 164 -1
134 167 -1
135 141 1
135 145 -1
135 153 -1
135 161 -1
135 166 -1
135 169 1
135 170 -1
136 138 -1
136 144 1
136 157 -1
136 167 -1
137 141 1
137 142 1
137 148 -1
137 154 1
137 157 -1
137 159 1
137 162 -1
138 143 1
138 145 -1
138 147 -1
138 148 -1
138 150 -1
138 151 -1
138 161 1
138 162 -1
138 165 -1
138 167 -1
139 140 -1
139 145 -1
139 150 1
139 154 -1
139 163 -1
139 166 -1
139 167 1
140 144 -1
140 147 -1
140 148 1
140 159 -1
140 164 -1
140 167 -1
140 170 -1
141 142 1
141 148 -1
141 153 -1
141 154 1
141 159 -1
141 165 -1
141 167 -1
142 143 -1
142 147 -1
142 151 -1
142 152 -1
142 154 1
142 155 -1
142 158 -1
143 144 -1
143 154 -1
143 156 -1
143 161 1
144 149 -1
144 154 -1
144 159 -1
144 161 -1
144 162 -1
144 165 -1
144 166 -1
145 158 -1
145 162 -1
145 163 -1
145 166 -1
146 149 1
146 157 -1
146 160 -1
146 162 1
147 150 -1
147 153 -1
147 164 -1
147 165 1
148 149 -1
148 159 -1
148 160 1
148 164 -1
148 166 -1
149 152 -1
149 154 -1
149 159 -1
149 162 1
149 164 -1
150 158 -1
150 167 1
151 152 -1
151 169 -1
152 153 1
152 165 -1
153 170 -1
154 155 -1
154 159 1
154 165 -1
154 167 -1
155 157 1
155 158 -1
155 160 -1
155 161 -1
155 164 1
155 166 1
156 158 -1
156 163 -1
157 158 -1
157 167 -1
157 168 1
157 170 -1
161 164 -1
161 165 -1
161 166 -1
164 166 1
165 166 -1
165 169 -1
166 168 -1
169 170 -1
