vertices: 30 edges: 83
1 4 -1
1 13 -1
1 21 -1
1 27 -1
2 17 -1
2 22 -1
2 24 1
2 25 -1
3 10 1
3 12 -1
3 13 -1
3 24 -1
3 27 -1
4 7 1
4 8 1
4 9 -1
4 10 -1
4 17 -1
4 20 -1
4 24 -1
5 24 -1
6 9 -1
6 14 1
6 18 -1
6 19 -1
7 8 1
7 13 1
7 14 -1
7 18 -1
8 13 1
8 18 -1
8 25 -1
8 26 -1
9 14 -1
9 17 -1
9 21 -1
9 22 -1
9 26 1
10 16 -1
10 17 -1
10 21 -1
10 27 -1
10 29 -1
10 30 -1
11 15 -1
11 19 -1
11 22 -1
11 26 -1
11 27 -1
12 17 -1
12 24 -1
12 25 -1
12 26 -1
13 17 -1
13 24 -1
13 30 -1
14 21 -1
14 22 -1
14 23 -1
14 27 1
15 28 -1
15 29 -1
15 30 -1
16 19 1
16 20 1
16 24 -1
17 27 -1
18 22 -1
18 24 -1
19 20 1
19 21 -1
19 25 1
19 29 -1
20 30 -1
21 27 -1
22 26 -1
22 28 -1
23 28 -1
23 29 -1
24 30 -1
26 29 -1
27 29 -1
28 30 -1
