vertices: 90 edges: 2014
1 2 1
1 4 1
1 8 1
1 10 1
1 12 1
1 16 -1
1 19 1
1 20 -1
1 21 1
1 26 -1
1 27 1
1 28 1
1 31 1
1 32 1
1 33 1
1 34 -1
1 37 1
1 40 1
1 41 1
1 42 1
1 43 1
1 44 1
1 45 1
1 46 1
1 47 -1
1 52 1
1 54 1
1 55 1
1 59 1
1 60 1
1 61 1
1 62 1
1 67 1
1 68 -1
1 74 1
1 76 1
1 79 1
1 81 1
1 88 1
1 89 1
2 7 1
2 10 1
2 12 1
2 14 1
2 15 1
2 20 -1
2 21 1
2 25 1
2 26 1
2 27 -1
2 28 1
2 29 1
2 32 1
2 37 1
2 39 -1
2 41 1
2 44 1
2 47 -1
2 50 1
2 51 -1
2 52 1
2 54 1
2 55 1
2 56 1
2 57 1
2 59 1
2 60 1
2 61 1
2 68 1
2 71 1
2 74 -1
2 76 1
2 78 1
2 79 1
2 81 1
2 84 -1
2 88 1
2 89 1
2 90 1
3 4 1
3 5 1
3 6 1
3 9 1
3 10 -1
3 11 1
3 12 -1
3 14 -1
3 16 1
3 17 1
3 18 1
3 19 1
3 20 1
3 22 1
3 23 1
3 24 1
3 29 -1
3 30 1
3 31 1
3 33 1
3 34 1
3 35 1
3 38 1
3 39 1
3 40 1
3 42 1
3 43 1
3 46 -1
3 47 -1
3 48 1
3 49 1
3 51 1
3 53 1
3 54 -1
3 56 -1
3 58 1
3 59 -1
3 63 1
3 64 1
3 65 1
3 69 1
3 70 1
3 72 1
3 73 1
3 74 1
3 75 1
3 77 1
3 80 1
3 82 1
3 83 1
3 84 1
3 85 1
3 86 1
4 5 1
4 6 1
4 8 1
4 9 -1
4 12 1
4 14 -1
4 17 -1
4 18 1
4 19 1
4 20 1
4 23 1
4 24 1
4 26 -1
4 27 1
4 31 1
4 32 -1
4 33 1
4 37 1
4 39 1
4 40 1
4 41 1
4 42 1
4 43 1
4 45 1
4 46 1
4 48 -1
4 49 1
4 51 1
4 52 1
4 54 1
4 55 1
4 57 -1
4 58 1
4 59 1
4 60 -1
4 61 -1
4 62 1
4 63 1
4 65 1
4 67 1
4 69 1
4 70 1
4 72 1
4 73 -1
4 74 1
4 75 1
4 76 1
4 77 1
4 78 -1
4 82 1
4 83 -1
4 86 -1
4 88 1
4 90 -1
5 6 1
5 7 -1
5 9 1
5 10 -1
5 11 1
5 16 1
5 17 1
5 18 1
5 19 1
5 20 1
5 22 1
5 23 1
5 24 1
5 30 1
5 31 1
5 33 1
5 34 1
5 35 1
5 38 1
5 39 1
5 40 1
5 42 1
5 43 1
5 45 -1
5 48 1
5 49 1
5 50 -1
5 51 1
5 52 -1
5 53 1
5 57 -1
5 58 1
5 59 -1
5 63 1
5 64 1
5 65 1
5 69 1
5 70 1
5 72 1
5 73 1
5 74 1
5 75 1
5 77 1
5 80 1
5 82 1
5 83 1
5 84 1
5 85 1
5 86 1
6 8 1
6 9 1
6 11 1
6 14 -1
6 16 1
6 18 1
6 19 1
6 20 1
6 22 1
6 23 1
6 24 1
6 25 -1
6 26 -1
6 27 1
6 28 -1
6 30 1
6 31 1
6 33 1
6 34 1
6 37 1
6 38 1
6 39 1
6 40 1
6 42 1
6 43 1
6 44 -1
6 45 1
6 46 1
6 49 1
6 51 1
6 53 1
6 55 1
6 58 1
6 61 -1
6 62 1
6 63 1
6 64 1
6 65 1
6 67 1
6 69 1
6 70 1
6 72 1
6 74 1
6 75 1
6 77 1
6 79 -1
6 80 1
6 82 1
6 84 1
6 85 1
6 88 1
7 10 1
7 12 1
7 13 1
7 14 1
7 15 1
7 21 1
7 25 1
7 26 1
7 28 1
7 29 1
7 32 1
7 36 1
7 44 1
7 46 -1
7 47 1
7 49 -1
7 50 1
7 54 -1
7 55 -1
7 56 1
7 57 1
7 59 -1
7 60 1
7 61 1
7 66 1
7 68 1
7 71 1
7 78 1
7 79 1
7 81 1
7 87 1
7 89 1
7 90 1
8 10 -1
8 12 1
8 16 -1
8 18 1
8 19 1
8 21 1
8 23 1
8 27 1
8 31 1
8 33 1
8 35 -1
8 37 1
8 39 1
8 40 1
8 41 1
8 42 1
8 43 1
8 45 1
8 46 1
8 49 1
8 52 1
8 54 1
8 55 1
8 58 1
8 59 1
8 61 -1
8 62 1
8 63 -1
8 65 1
8 67 1
8 70 1
8 72 1
8 74 1
8 75 1
8 76 1
8 79 -1
8 81 1
8 82 -1
8 84 -1
8 88 1
9 11 1
9 13 -1
9 16 1
9 17 1
9 18 1
9 19 1
9 20 1
9 21 -1
9 22 1
9 23 1
9 24 1
9 30 1
9 31 1
9 33 -1
9 34 1
9 35 1
9 36 -1
9 38 1
9 39 1
9 43 -1
9 48 1
9 49 1
9 51 1
9 53 1
9 58 1
9 59 -1
9 63 1
9 64 1
9 65 1
9 67 -1
9 69 1
9 70 1
9 72 1
9 73 1
9 74 1
9 75 1
9 77 1
9 80 1
9 82 1
9 83 1
9 84 1
9 85 1
9 86 1
9 87 -1
10 12 1
10 13 1
10 14 1
10 15 1
10 21 1
10 25 1
10 26 1
10 28 1
10 29 1
10 32 1
10 36 1
10 41 1
10 43 -1
10 44 1
10 47 1
10 50 1
10 51 -1
10 52 1
10 56 1
10 57 1
10 59 1
10 60 1
10 61 1
10 66 1
10 67 -1
10 68 1
10 71 1
10 72 -1
10 73 -1
10 74 -1
10 76 1
10 78 1
10 79 1
10 81 1
10 83 -1
10 87 1
10 89 1
10 90 1
11 16 1
11 17 1
11 18 1
11 19 1
11 20 1
11 22 1
11 23 1
11 24 1
11 27 -1
11 30 1
11 31 1
11 33 1
11 34 1
11 35 1
11 38 1
11 39 1
11 41 -1
11 43 1
11 48 1
11 49 1
11 51 1
11 52 -1
11 53 1
11 57 -1
11 58 1
11 63 1
11 64 1
11 65 1
11 69 1
11 70 1
11 72 1
11 73 1
11 74 1
11 75 1
11 76 -1
11 77 1
11 78 -1
11 80 1
11 81 -1
11 82 1
11 83 1
11 84 1
11 85 1
11 86 1
11 89 -1
12 14 1
12 15 1
12 17 -1
12 21 1
12 27 1
12 28 1
12 31 -1
12 32 1
12 37 1
12 40 1
12 41 1
12 42 1
12 43 1
12 44 1
12 45 1
12 46 1
12 47 -1
12 48 -1
12 50 1
12 52 1
12 54 1
12 55 1
12 56 -1
12 59 1
12 60 1
12 61 1
12 62 1
12 64 -1
12 67 1
12 76 1
12 79 1
12 81 1
12 84 -1
12 88 1
12 89 1
13 14 1
13 15 1
13 25 1
13 26 1
13 28 1
13 29 1
13 32 1
13 33 -1
13 34 -1
13 36 1
13 40 -1
13 47 1
13 50 1
13 56 1
13 57 1
13 60 1
13 62 -1
13 64 -1
13 66 1
13 68 1
13 70 -1
13 71 1
13 78 1
13 81 -1
13 84 -1
13 87 1
13 90 1
14 15 1
14 21 1
14 25 1
14 26 1
14 28 1
14 29 1
14 32 1
14 33 -1
14 36 1
14 38 -1
14 44 1
14 47 1
14 50 1
14 56 1
14 57 1
14 60 1
14 61 1
14 66 1
14 68 1
14 71 1
14 73 -1
14 78 1
14 79 1
14 81 1
14 87 1
14 89 1
14 90 1
15 21 1
15 25 1
15 26 1
15 28 1
15 29 1
15 32 1
15 33 -1
15 36 1
15 41 1
15 43 -1
15 44 1
15 47 1
15 50 1
15 53 -1
15 56 1
15 57 1
15 60 1
15 61 1
15 66 1
15 67 -1
15 68 1
15 71 1
15 73 -1
15 76 1
15 78 1
15 79 1
15 81 1
15 82 -1
15 87 1
15 89 1
15 90 1
16 17 1
16 18 1
16 19 1
16 20 1
16 21 -1
16 22 1
16 23 1
16 24 1
16 26 -1
16 27 -1
16 30 1
16 31 1
16 33 1
16 34 1
16 35 1
16 37 -1
16 38 1
16 39 1
16 42 -1
16 48 1
16 49 1
16 51 1
16 53 1
16 55 -1
16 56 -1
16 58 1
16 63 1
16 64 1
16 65 1
16 68 -1
16 69 1
16 70 1
16 72 1
16 73 1
16 74 1
16 75 1
16 77 1
16 79 -1
16 80 1
16 81 -1
16 82 1
16 83 1
16 84 1
16 85 1
16 86 1
16 88 -1
16 89 -1
17 18 1
17 19 -1
17 20 1
17 22 1
17 23 1
17 24 1
17 27 -1
17 28 -1
17 30 1
17 34 1
17 35 1
17 38 1
17 40 -1
17 41 -1
17 44 -1
17 48 1
17 49 1
17 51 1
17 52 -1
17 53 1
17 57 -1
17 63 1
17 64 1
17 65 1
17 69 1
17 70 1
17 71 -1
17 72 1
17 73 1
17 77 1
17 80 1
17 82 1
17 83 1
17 84 1
17 85 1
17 86 1
17 88 -1
18 19 1
18 20 1
18 22 1
18 23 1
18 24 1
18 28 -1
18 30 1
18 31 1
18 32 -1
18 33 1
18 34 1
18 35 1
18 38 1
18 39 1
18 40 1
18 42 1
18 43 1
18 47 -1
18 48 1
18 49 1
18 51 1
18 53 1
18 54 -1
18 58 1
18 62 -1
18 63 1
18 64 1
18 65 1
18 66 -1
18 69 1
18 70 1
18 72 1
18 73 1
18 74 1
18 75 1
18 77 1
18 78 -1
18 80 1
18 82 1
18 83 1
18 84 1
18 85 1
18 86 1
18 88 -1
19 20 1
19 23 1
19 24 1
19 27 1
19 30 -1
19 31 1
19 32 -1
19 33 1
19 34 1
19 37 1
19 39 1
19 40 1
19 42 1
19 43 1
19 45 1
19 46 1
19 49 1
19 51 1
19 53 1
19 54 1
19 55 1
19 58 1
19 59 1
19 60 -1
19 62 1
19 63 1
19 65 1
19 67 1
19 69 1
19 70 1
19 72 1
19 74 1
19 75 1
19 77 1
19 78 -1
19 80 1
19 82 1
19 84 1
19 85 1
19 88 1
19 90 -1
20 22 1
20 23 1
20 24 1
20 30 1
20 31 1
20 33 1
20 34 1
20 35 1
20 38 1
20 39 1
20 42 1
20 43 1
20 45 -1
20 48 1
20 49 1
20 51 1
20 53 1
20 58 1
20 63 1
20 64 1
20 65 1
20 69 1
20 70 1
20 72 1
20 73 1
20 74 1
20 75 1
20 76 -1
20 77 1
20 80 1
20 82 1
20 83 1
20 84 1
20 85 1
20 86 1
20 90 -1
21 24 -1
21 26 1
21 27 1
21 28 1
21 29 1
21 32 1
21 37 1
21 39 -1
21 40 1
21 41 1
21 43 -1
21 44 1
21 45 1
21 46 1
21 48 -1
21 50 1
21 52 1
21 54 1
21 55 1
21 56 -1
21 59 1
21 60 1
21 61 1
21 62 1
21 65 -1
21 67 1
21 70 -1
21 71 -1
21 74 -1
21 76 1
21 78 1
21 79 1
21 81 1
21 87 -1
21 88 1
21 89 1
22 23 1
22 24 1
22 25 -1
22 30 1
22 34 1
22 35 1
22 38 1
22 40 -1
22 48 1
22 49 1
22 51 1
22 53 1
22 56 -1
22 58 1
22 60 -1
22 63 1
22 64 1
22 65 1
22 68 -1
22 69 1
22 70 1
22 72 1
22 73 1
22 74 -1
22 75 1
22 77 1
22 80 1
22 82 1
22 83 1
22 84 1
22 85 1
22 86 1
22 90 -1
23 24 1
23 29 -1
23 30 1
23 31 1
23 33 1
23 34 1
23 35 1
23 38 1
23 39 1
23 40 1
23 42 1
23 43 1
23 48 1
23 49 1
23 50 -1
23 51 1
23 53 1
23 55 -1
23 58 1
23 63 1
23 64 1
23 65 1
23 69 1
23 70 1
23 72 1
23 73 1
23 74 1
23 75 1
23 77 1
23 78 -1
23 80 1
23 82 1
23 83 1
23 84 1
23 85 1
23 86 1
23 87 -1
23 90 -1
24 30 1
24 31 1
24 33 1
24 34 1
24 35 1
24 38 1
24 39 1
24 40 -1
24 42 1
24 43 1
24 44 -1
24 48 1
24 49 1
24 51 1
24 52 -1
24 53 1
24 58 1
24 63 1
24 64 1
24 65 1
24 67 -1
24 69 1
24 70 1
24 72 1
24 73 1
24 74 1
24 75 1
24 77 1
24 79 -1
24 80 1
24 82 1
24 83 1
24 84 1
24 85 1
24 86 1
24 88 -1
25 26 1
25 28 1
25 29 1
25 32 1
25 36 1
25 40 -1
25 43 -1
25 44 1
25 46 -1
25 47 1
25 50 1
25 51 -1
25 52 -1
25 56 1
25 57 1
25 59 -1
25 60 1
25 61 1
25 62 -1
25 63 -1
25 66 1
25 68 1
25 69 -1
25 71 1
25 76 -1
25 78 1
25 79 1
25 87 1
25 89 1
25 90 1
26 28 1
26 29 1
26 32 1
26 34 -1
26 36 1
26 44 1
26 47 1
26 50 1
26 51 -1
26 54 -1
26 55 -1
26 56 1
26 57 1
26 60 1
26 61 1
26 62 -1
26 66 1
26 68 1
26 71 1
26 78 1
26 79 1
26 81 1
26 86 -1
26 87 1
26 89 1
26 90 1
27 28 -1
27 29 -1
27 31 1
27 33 1
27 34 -1
27 35 -1
27 37 1
27 39 1
27 40 1
27 41 1
27 42 1
27 43 1
27 45 1
27 46 1
27 52 1
27 54 1
27 55 1
27 58 1
27 59 1
27 60 -1
27 61 1
27 62 1
27 65 1
27 67 1
27 69 -1
27 74 1
27 75 1
27 76 1
27 79 1
27 81 1
27 82 -1
27 88 1
27 90 -1
28 29 1
28 30 -1
28 32 1
28 34 -1
28 36 1
28 38 -1
28 39 -1
28 41 1
28 44 1
28 47 1
28 50 1
28 52 1
28 54 1
28 55 -1
28 56 1
28 57 1
28 59 1
28 60 1
28 61 1
28 62 -1
28 66 1
28 68 1
28 70 -1
28 71 1
28 74 -1
28 76 1
28 78 1
28 79 1
28 81 1
28 85 -1
28 86 -1
28 87 1
28 89 1
28 90 1
29 30 -1
29 32 1
29 33 -1
29 36 1
29 41 -1
29 43 -1
29 44 1
29 47 1
29 50 1
29 56 1
29 57 1
29 60 1
29 61 1
29 66 1
29 68 1
29 71 1
29 76 -1
29 78 1
29 79 1
29 81 1
29 82 -1
29 83 -1
29 87 1
29 89 1
29 90 1
30 34 1
30 35 1
30 38 1
30 40 -1
30 44 -1
30 48 1
30 49 1
30 51 1
30 53 1
30 58 1
30 63 1
30 64 1
30 65 1
30 67 -1
30 69 1
30 70 1
30 72 1
30 73 1
30 75 1
30 77 1
30 80 1
30 82 1
30 83 1
30 84 1
30 85 1
30 86 1
30 90 -1
31 33 1
31 34 1
31 37 1
31 39 1
31 40 1
31 41 1
31 42 1
31 43 1
31 45 1
31 46 1
31 49 1
31 51 1
31 52 1
31 54 1
31 55 1
31 58 1
31 59 1
31 62 1
31 63 1
31 65 1
31 67 1
31 68 -1
31 69 1
31 70 1
31 72 1
31 74 1
31 75 1
31 77 1
31 80 1
31 82 1
31 85 1
31 88 1
32 33 -1
32 36 1
32 41 1
32 44 1
32 47 1
32 50 1
32 51 -1
32 52 1
32 54 1
32 55 -1
32 56 1
32 57 1
32 58 -1
32 59 1
32 60 1
32 61 1
32 63 -1
32 66 1
32 68 1
32 71 1
32 76 1
32 78 1
32 79 1
32 81 1
32 82 -1
32 85 -1
32 86 -1
32 87 1
32 89 1
32 90 1
33 34 1
33 37 1
33 39 1
33 40 1
33 41 1
33 42 1
33 43 1
33 45 1
33 46 1
33 49 1
33 51 1
33 52 1
33 53 -1
33 54 1
33 55 1
33 58 1
33 59 1
33 61 -1
33 62 1
33 63 1
33 65 1
33 67 1
33 69 1
33 70 1
33 72 1
33 74 1
33 75 1
33 76 1
33 77 1
33 80 1
33 82 1
33 87 -1
33 88 1
34 35 1
34 37 -1
34 38 1
34 39 1
34 41 -1
34 42 1
34 43 1
34 46 -1
34 48 1
34 49 1
34 50 -1
34 51 1
34 53 1
34 57 -1
34 58 1
34 59 -1
34 60 -1
34 61 -1
34 63 1
34 64 1
34 65 1
34 69 1
34 70 1
34 72 1
34 73 1
34 74 1
34 75 1
34 76 -1
34 77 1
34 78 -1
34 79 -1
34 80 1
34 82 1
34 83 1
34 84 1
34 85 1
34 86 1
34 88 -1
35 38 1
35 40 -1
35 48 1
35 49 1
35 51 1
35 53 1
35 54 -1
35 56 -1
35 62 -1
35 63 1
35 64 1
35 65 1
35 68 -1
35 69 1
35 70 1
35 72 1
35 73 1
35 77 1
35 80 1
35 81 -1
35 82 1
35 83 1
35 84 1
35 85 1
35 86 1
36 41 -1
36 42 -1
36 46 -1
36 47 1
36 48 -1
36 50 1
36 51 -1
36 56 1
36 57 1
36 60 1
36 66 1
36 68 1
36 71 1
36 75 -1
36 78 1
36 87 1
36 90 1
37 39 1
37 40 1
37 41 1
37 42 1
37 43 1
37 44 1
37 45 1
37 46 1
37 52 1
37 54 1
37 55 1
37 58 1
37 59 1
37 61 1
37 62 1
37 67 1
37 74 1
37 75 1
37 76 1
37 79 1
37 81 1
37 83 -1
37 86 -1
37 88 1
37 89 1
38 42 -1
38 48 1
38 49 1
38 51 1
38 53 1
38 58 1
38 61 -1
38 63 1
38 64 1
38 65 1
38 69 1
38 70 1
38 72 1
38 73 1
38 75 1
38 77 1
38 80 1
38 82 1
38 83 1
38 84 1
38 85 1
38 86 1
38 87 -1
39 40 1
39 41 -1
39 42 1
39 43 1
39 45 1
39 46 1
39 49 1
39 50 -1
39 51 1
39 53 1
39 55 1
39 58 1
39 61 -1
39 62 1
39 63 1
39 64 1
39 65 1
39 66 -1
39 67 1
39 69 1
39 70 1
39 71 -1
39 72 1
39 74 1
39 75 1
39 77 1
39 80 1
39 82 1
39 83 -1
39 84 1
39 85 1
39 88 1
40 41 1
40 42 1
40 43 1
40 45 1
40 46 1
40 49 1
40 51 1
40 52 1
40 54 1
40 55 1
40 57 -1
40 58 1
40 59 1
40 60 -1
40 61 -1
40 62 1
40 63 1
40 65 1
40 66 -1
40 67 1
40 70 1
40 72 1
40 74 1
40 75 1
40 76 1
40 77 -1
40 81 1
40 82 -1
40 87 -1
40 88 1
40 89 -1
41 42 1
41 43 1
41 44 1
41 45 1
41 46 1
41 50 1
41 52 1
41 54 1
41 55 1
41 57 -1
41 59 1
41 60 1
41 61 1
41 62 1
41 66 -1
41 67 1
41 70 -1
41 74 -1
41 76 1
41 79 1
41 81 1
41 82 -1
41 88 1
41 89 1
42 43 1
42 45 1
42 46 1
42 48 -1
42 49 1
42 50 -1
42 51 1
42 52 1
42 54 1
42 55 1
42 58 1
42 59 1
42 60 -1
42 62 1
42 63 1
42 65 1
42 67 1
42 69 1
42 70 1
42 72 1
42 74 1
42 75 1
42 76 1
42 77 1
42 78 -1
42 79 -1
42 82 1
42 83 -1
42 87 -1
42 88 1
42 90 -1
43 45 1
43 46 1
43 49 1
43 51 1
43 52 1
43 54 1
43 55 1
43 58 1
43 59 1
43 62 1
43 63 1
43 65 1
43 66 -1
43 67 1
43 68 -1
43 69 1
43 70 1
43 72 1
43 73 -1
43 74 1
43 75 1
43 76 1
43 77 1
43 79 -1
43 80 1
43 82 1
43 88 1
44 50 1
44 52 1
44 54 1
44 55 1
44 56 1
44 57 1
44 59 1
44 60 1
44 61 1
44 68 1
44 71 1
44 76 1
44 78 1
44 79 1
44 80 -1
44 81 1
44 82 -1
44 86 -1
44 88 1
44 89 1
44 90 1
45 46 1
45 48 -1
45 52 1
45 54 1
45 55 1
45 58 1
45 59 1
45 61 1
45 62 1
45 65 1
45 67 1
45 69 -1
45 74 1
45 75 1
45 76 1
45 79 1
45 81 1
45 86 -1
45 88 1
46 52 1
46 54 1
46 55 1
46 58 1
46 59 1
46 62 1
46 65 1
46 67 1
46 68 -1
46 70 1
46 72 1
46 74 1
46 75 1
46 76 1
46 79 1
46 81 1
46 82 -1
46 85 -1
46 87 -1
46 88 1
46 89 -1
47 49 -1
47 50 1
47 56 1
47 57 1
47 60 1
47 66 1
47 68 1
47 71 1
47 75 -1
47 78 1
47 85 -1
47 87 1
47 88 -1
47 90 1
48 49 1
48 51 1
48 53 1
48 56 -1
48 61 -1
48 63 1
48 64 1
48 65 1
48 67 -1
48 68 -1
48 69 1
48 70 1
48 72 1
48 73 1
48 74 -1
48 77 1
48 79 -1
48 80 1
48 81 -1
48 82 1
48 83 1
48 84 1
48 85 1
48 86 1
49 51 1
49 52 -1
49 53 1
49 58 1
49 63 1
49 64 1
49 65 1
49 69 1
49 70 1
49 72 1
49 73 1
49 74 1
49 75 1
49 77 1
49 79 -1
49 80 1
49 82 1
49 83 1
49 84 1
49 85 1
49 86 1
49 87 -1
49 90 -1
50 52 1
50 53 -1
50 56 1
50 57 1
50 58 -1
50 59 -1
50 60 1
50 61 1
50 66 1
50 68 1
50 71 1
50 72 -1
50 73 -1
50 76 1
50 78 1
50 79 1
50 81 1
50 87 1
50 89 1
50 90 1
51 53 1
51 58 1
51 59 -1
51 63 1
51 64 1
51 65 1
51 69 1
51 70 1
51 72 1
51 73 1
51 74 1
51 75 1
51 77 1
51 79 -1
51 80 1
51 82 1
51 83 1
51 84 1
51 85 1
51 86 1
52 54 1
52 55 1
52 59 1
52 60 1
52 61 1
52 62 1
52 63 -1
52 67 1
52 76 1
52 79 1
52 81 1
52 88 1
52 89 1
53 58 1
53 63 1
53 64 1
53 65 1
53 66 -1
53 69 1
53 70 1
53 71 -1
53 72 1
53 73 1
53 74 1
53 75 1
53 77 1
53 80 1
53 82 1
53 83 1
53 84 1
53 85 1
53 86 1
53 88 -1
53 89 -1
54 55 1
54 59 1
54 60 1
54 61 1
54 62 1
54 67 1
54 70 -1
54 71 -1
54 74 1
54 76 1
54 79 1
54 81 1
54 86 -1
54 88 1
54 89 1
55 57 -1
55 58 1
55 59 1
55 61 1
55 62 1
55 67 1
55 68 -1
55 73 -1
55 74 1
55 75 1
55 76 1
55 77 -1
55 79 1
55 81 1
55 83 -1
55 88 1
55 89 1
56 57 1
56 58 -1
56 59 -1
56 60 1
56 64 -1
56 66 1
56 68 1
56 71 1
56 75 -1
56 78 1
56 83 -1
56 84 -1
56 87 1
56 89 1
56 90 1
57 59 -1
57 60 1
57 61 1
57 62 -1
57 63 -1
57 66 1
57 68 1
57 71 1
57 78 1
57 80 -1
57 81 -1
57 83 -1
57 85 -1
57 87 1
57 88 -1
57 89 1
57 90 1
58 62 1
58 63 1
58 64 1
58 65 1
58 67 1
58 68 -1
58 69 1
58 70 1
58 72 1
58 74 1
58 75 1
58 77 1
58 80 1
58 82 1
58 84 1
58 85 1
58 88 1
59 60 1
59 61 1
59 62 1
59 67 1
59 70 -1
59 74 1
59 75 -1
59 76 1
59 79 1
59 81 1
59 88 1
59 89 1
60 61 1
60 62 -1
60 68 1
60 69 -1
60 70 -1
60 71 1
60 72 -1
60 76 1
60 78 1
60 79 1
60 81 1
60 83 -1
60 85 -1
60 87 1
60 89 1
60 90 1
61 62 1
61 68 1
61 71 1
61 75 -1
61 76 1
61 78 1
61 79 1
61 81 1
61 87 -1
61 88 1
61 89 1
61 90 1
62 65 1
62 67 1
62 74 1
62 75 1
62 76 1
62 79 1
62 81 1
62 85 -1
62 88 1
63 64 1
63 65 1
63 67 -1
63 69 1
63 70 1
63 72 1
63 73 1
63 74 1
63 75 1
63 77 1
63 80 1
63 82 1
63 83 1
63 84 1
63 85 1
63 86 1
63 89 -1
63 90 -1
64 65 1
64 69 1
64 70 1
64 71 -1
64 72 1
64 73 1
64 75 1
64 77 1
64 80 1
64 82 1
64 83 1
64 84 1
64 85 1
64 86 1
64 87 -1
65 67 1
65 69 1
65 70 1
65 72 1
65 73 1
65 74 1
65 75 1
65 77 1
65 80 1
65 81 -1
65 82 1
65 83 1
65 84 1
65 85 1
65 86 1
66 68 1
66 71 1
66 78 1
66 79 -1
66 80 -1
66 87 1
66 90 1
67 72 1
67 74 1
67 75 1
67 76 1
67 79 1
67 81 1
67 88 1
68 71 1
68 74 -1
68 75 -1
68 78 1
68 79 1
68 86 -1
68 87 1
68 89 1
68 90 1
69 70 1
69 72 1
69 73 1
69 74 1
69 75 1
69 77 1
69 80 1
69 82 1
69 83 1
69 84 1
69 85 1
69 86 1
69 87 -1
70 71 -1
70 72 1
70 73 1
70 74 1
70 75 1
70 77 1
70 80 1
70 82 1
70 83 1
70 84 1
70 85 1
70 86 1
71 78 1
71 79 1
71 87 1
71 89 1
71 90 1
72 73 1
72 74 1
72 75 1
72 76 -1
72 77 1
72 80 1
72 82 1
72 83 1
72 84 1
72 85 1
72 86 1
72 90 -1
73 76 -1
73 77 1
73 80 1
73 82 1
73 83 1
73 84 1
73 85 1
73 86 1
73 89 -1
74 75 1
74 77 1
74 79 -1
74 80 1
74 81 -1
74 82 1
74 84 1
74 85 1
74 88 1
75 77 1
75 80 1
75 81 -1
75 82 1
75 84 1
75 85 1
75 88 1
76 79 1
76 81 1
76 87 -1
76 88 1
76 89 1
77 78 -1
77 80 1
77 82 1
77 83 1
77 84 1
77 85 1
77 86 1
77 89 -1
78 79 1
78 81 1
78 83 -1
78 86 -1
78 87 1
78 89 1
78 90 1
79 81 1
79 85 -1
79 88 1
79 89 1
79 90 1
80 82 1
80 83 1
80 84 1
80 85 1
80 86 1
80 90 -1
81 86 -1
81 88 1
81 89 1
82 83 1
82 84 1
82 85 1
82 86 1
82 87 -1
82 89 -1
83 84 1
83 85 1
83 86 1
83 88 -1
83 89 -1
84 85 1
84 86 1
85 86 1
86 89 -1
87 89 -1
87 90 1
88 89 1
89 90 1
