vertices: 90 edges: 827
1 2 1
1 6 1
1 10 -1
1 14 1
1 18 1
1 20 1
1 21 -1
1 24 1
1 37 1
1 53 1
1 55 -1
1 56 1
1 60 1
1 66 1
1 70 1
1 76 1
1 82 1
1 87 1
2 6 1
2 12 -1
2 14 1
2 18 1
2 20 1
2 23 -1
2 24 1
2 37 1
2 38 -1
2 53 1
2 56 1
2 60 1
2 66 1
2 70 1
2 76 1
2 80 -1
2 82 1
2 87 1
3 26 1
3 34 1
3 36 1
3 42 -1
3 48 1
3 49 1
3 50 1
3 54 1
3 62 -1
3 63 1
3 64 1
3 75 -1
3 79 1
3 84 1
3 88 1
4 8 1
4 13 1
4 16 1
4 23 1
4 25 1
4 28 1
4 30 1
4 31 1
4 41 1
4 44 1
4 46 -1
4 51 -1
4 52 1
4 53 -1
4 59 1
4 62 1
4 67 1
4 68 1
4 71 1
4 74 1
4 80 1
5 7 1
5 12 1
5 15 1
5 17 1
5 29 1
5 33 1
5 39 1
5 43 1
5 50 -1
5 52 -1
5 78 1
5 89 1
6 10 1
6 14 1
6 18 1
6 20 1
6 24 1
6 35 1
6 37 1
6 38 1
6 40 1
6 47 1
6 53 1
6 55 1
6 56 1
6 66 1
6 73 -1
6 76 1
6 82 -1
6 87 1
7 12 1
7 15 1
7 23 -1
7 29 1
7 31 -1
7 33 1
7 39 1
7 43 1
7 78 1
7 89 1
8 13 1
8 16 1
8 23 1
8 29 -1
8 30 1
8 31 1
8 41 1
8 44 1
8 47 -1
8 59 1
8 60 -1
8 62 1
8 67 1
8 68 1
8 71 1
8 73 -1
8 80 1
8 89 -1
9 11 1
9 18 -1
9 27 1
9 38 -1
9 42 1
9 46 1
9 49 1
9 51 1
9 54 1
9 70 -1
9 72 1
9 73 1
9 77 -1
10 14 1
10 18 1
10 19 1
10 20 1
10 22 1
10 25 1
10 28 1
10 32 1
10 35 1
10 38 1
10 40 1
10 45 1
10 46 -1
10 47 1
10 55 1
10 56 1
10 58 1
10 62 -1
10 63 -1
10 64 -1
10 66 1
10 67 -1
10 70 -1
10 74 1
10 75 1
10 85 1
10 86 1
10 87 1
11 27 1
11 42 1
11 46 1
11 49 1
11 51 1
11 54 1
11 72 1
11 73 1
12 15 1
12 23 -1
12 29 1
12 33 1
12 39 1
12 43 1
12 78 1
12 89 1
13 16 1
13 18 -1
13 25 1
13 28 1
13 30 1
13 31 1
13 32 1
13 41 1
13 44 1
13 52 1
13 58 1
13 59 1
13 62 1
13 67 1
13 68 1
13 71 1
13 74 1
13 80 1
14 18 1
14 20 1
14 24 1
14 35 1
14 37 1
14 38 1
14 40 1
14 46 -1
14 47 1
14 53 1
14 54 -1
14 55 1
14 56 1
14 59 -1
14 66 1
14 76 1
14 87 1
15 17 1
15 19 -1
15 29 1
15 32 -1
15 33 1
15 39 1
15 43 1
15 60 -1
15 67 -1
15 77 1
15 78 1
15 89 1
15 90 1
16 23 1
16 30 1
16 31 1
16 36 -1
16 41 1
16 44 1
16 52 1
16 59 1
16 62 1
16 67 1
16 68 1
16 71 1
16 80 1
17 23 1
17 29 1
17 30 -1
17 33 1
17 35 -1
17 43 1
17 54 -1
17 57 -1
17 75 -1
17 77 1
17 78 1
17 88 -1
17 89 1
17 90 1
18 19 1
18 20 1
18 22 1
18 35 1
18 37 1
18 38 1
18 40 1
18 47 1
18 48 -1
18 55 1
18 56 1
18 57 -1
18 62 -1
18 66 1
18 70 -1
18 75 1
18 76 1
18 84 -1
18 87 1
19 20 1
19 22 1
19 25 1
19 28 1
19 30 1
19 32 1
19 35 1
19 38 1
19 40 1
19 44 1
19 45 1
19 47 1
19 52 1
19 55 1
19 58 1
19 59 1
19 74 1
19 75 1
19 85 1
19 86 1
20 22 1
20 31 -1
20 35 1
20 37 1
20 38 1
20 40 1
20 47 1
20 55 1
20 56 1
20 62 -1
20 66 1
20 75 1
20 87 1
21 26 1
21 50 1
21 55 -1
21 57 1
21 60 1
21 61 1
21 63 1
21 65 1
21 69 1
21 70 1
21 73 -1
21 79 1
21 81 1
21 83 1
22 25 1
22 28 1
22 32 1
22 35 1
22 38 1
22 40 1
22 45 1
22 47 1
22 50 -1
22 52 1
22 55 1
22 58 1
22 59 1
22 66 1
22 70 -1
22 74 1
22 75 1
22 85 1
22 86 1
22 89 -1
23 27 -1
23 31 1
23 55 -1
23 62 1
23 67 1
23 68 1
23 71 1
23 77 1
23 80 1
23 90 1
24 37 1
24 53 1
24 56 1
24 60 1
24 65 1
24 69 1
24 70 1
24 73 -1
24 76 1
24 82 1
24 85 -1
24 87 1
25 28 1
25 30 1
25 32 1
25 34 -1
25 35 1
25 41 1
25 44 1
25 45 1
25 52 1
25 58 1
25 59 1
25 68 1
25 69 -1
25 73 -1
25 74 1
25 75 1
25 80 1
25 85 1
25 86 1
26 33 -1
26 34 1
26 36 1
26 48 1
26 50 1
26 60 -1
26 61 1
26 63 1
26 64 1
26 79 1
26 84 1
26 85 -1
26 88 1
27 34 1
27 42 1
27 46 1
27 48 1
27 49 1
27 51 1
27 52 -1
27 54 1
27 58 -1
27 63 -1
27 69 -1
27 72 1
27 73 1
27 79 -1
27 84 -1
28 30 1
28 32 1
28 35 1
28 41 1
28 44 1
28 45 1
28 52 1
28 58 1
28 59 1
28 68 1
28 74 1
28 75 1
28 76 -1
28 80 1
28 83 -1
28 85 1
28 86 1
28 87 -1
29 33 1
29 39 1
29 43 1
29 59 -1
29 61 -1
29 78 1
29 89 1
30 32 1
30 35 -1
30 39 -1
30 41 1
30 44 1
30 45 1
30 52 1
30 58 1
30 59 1
30 64 -1
30 67 1
30 68 1
30 71 1
30 74 1
30 75 1
30 80 1
30 85 1
30 86 1
31 41 1
31 51 -1
31 62 1
31 67 1
31 68 1
31 71 1
31 77 1
31 80 1
31 86 -1
31 87 -1
31 90 1
32 35 1
32 38 1
32 41 1
32 44 1
32 45 1
32 52 1
32 58 1
32 59 1
32 68 1
32 74 1
32 75 1
32 80 1
32 85 1
32 86 1
33 39 1
33 43 1
33 47 -1
33 48 -1
33 54 -1
33 56 -1
33 77 1
33 78 1
33 89 1
33 90 1
34 36 1
34 42 -1
34 48 1
34 49 1
34 50 1
34 51 1
34 54 1
34 64 1
34 72 1
34 79 1
34 84 1
34 88 1
34 89 -1
35 38 1
35 40 1
35 42 -1
35 45 1
35 47 1
35 53 -1
35 55 1
35 56 1
35 58 1
35 59 -1
35 61 -1
35 66 1
35 69 -1
35 74 1
35 75 1
35 85 1
35 86 1
35 87 1
36 41 -1
36 46 -1
36 48 1
36 49 1
36 50 1
36 54 1
36 63 1
36 64 1
36 71 -1
36 74 -1
36 79 1
36 84 1
36 88 1
37 39 -1
37 53 1
37 56 1
37 60 1
37 63 -1
37 66 1
37 70 1
37 76 1
37 80 -1
37 82 1
37 87 1
38 40 1
38 44 -1
38 45 1
38 47 1
38 55 1
38 56 1
38 58 1
38 61 -1
38 66 1
38 75 1
38 78 -1
38 85 1
38 86 1
38 87 1
39 43 1
39 46 -1
39 55 -1
39 64 -1
39 78 1
39 89 1
40 45 1
40 47 1
40 55 1
40 56 1
40 66 1
40 75 1
40 85 1
40 86 1
40 87 1
41 44 1
41 48 -1
41 52 1
41 53 -1
41 58 1
41 59 1
41 66 -1
41 67 1
41 68 1
41 71 1
41 74 1
41 80 1
42 46 1
42 49 1
42 51 1
42 72 1
42 73 1
43 52 -1
43 65 -1
43 77 1
43 78 1
43 89 1
43 90 1
44 45 1
44 52 1
44 58 1
44 59 1
44 65 -1
44 66 -1
44 67 1
44 68 1
44 71 1
44 74 1
44 75 1
44 80 1
44 85 1
44 86 1
44 88 -1
45 47 1
45 52 1
45 55 1
45 58 1
45 59 1
45 74 1
45 75 1
45 85 1
45 86 1
46 48 -1
46 49 1
46 51 1
46 54 1
46 56 -1
46 72 1
46 73 1
46 75 -1
46 78 -1
47 55 1
47 56 1
47 58 1
47 64 -1
47 66 1
47 71 -1
47 75 1
47 85 1
47 86 1
47 87 1
48 49 1
48 50 1
48 51 1
48 54 1
48 64 1
48 68 -1
48 72 1
48 79 1
48 84 1
48 88 1
49 51 1
49 54 1
49 72 1
49 73 1
49 84 1
50 54 1
50 60 -1
50 61 1
50 63 1
50 64 1
50 77 -1
50 79 1
50 84 1
50 88 1
50 89 -1
51 54 1
51 55 -1
51 65 -1
51 72 1
51 73 1
52 58 1
52 59 1
52 67 1
52 68 1
52 71 1
52 74 1
52 75 1
52 80 1
52 85 1
52 86 1
52 87 -1
53 56 1
53 60 1
53 65 1
53 69 1
53 70 1
53 73 -1
53 76 1
53 82 1
53 85 -1
53 87 1
54 64 1
54 72 1
54 84 1
54 85 -1
54 88 1
55 56 1
55 66 1
55 75 1
55 81 -1
55 85 1
55 86 1
55 87 1
56 66 1
56 76 1
56 87 1
57 60 1
57 61 1
57 63 1
57 65 1
57 69 1
57 70 1
57 81 1
57 82 1
57 83 1
58 59 1
58 60 -1
58 68 1
58 74 1
58 75 1
58 85 1
58 86 1
58 90 -1
59 67 1
59 68 1
59 71 1
59 74 1
59 75 1
59 80 1
59 81 -1
59 85 1
59 86 1
60 61 1
60 65 1
60 69 1
60 70 1
60 71 -1
60 76 1
60 77 -1
60 79 -1
60 81 1
60 82 1
60 83 1
61 63 1
61 65 1
61 69 1
61 70 1
61 71 -1
61 79 1
61 81 1
61 83 1
61 84 -1
62 67 1
62 68 1
62 71 1
62 77 1
62 80 1
62 90 1
63 64 1
63 67 -1
63 72 -1
63 73 -1
63 74 -1
63 79 1
63 81 1
63 83 1
63 84 1
63 88 1
64 79 1
64 84 1
64 88 1
65 69 1
65 70 1
65 75 -1
65 81 1
65 82 1
65 83 1
65 86 -1
66 76 1
66 87 1
67 68 1
67 71 1
67 80 1
67 90 -1
68 71 1
68 74 1
68 80 1
69 70 1
69 81 1
69 82 1
69 83 1
70 76 1
70 81 1
70 82 1
70 83 1
71 80 1
72 73 1
72 74 -1
72 77 -1
72 84 -1
74 75 1
74 80 1
74 83 -1
74 85 1
74 86 1
75 78 -1
75 85 1
75 86 1
76 82 1
76 87 1
77 90 1
78 89 1
79 83 1
79 84 1
79 88 1
81 82 1
81 83 1
81 85 -1
81 86 -1
82 83 1
84 88 1
85 86 1
