vertices: 190 edges: 3617
1 6 -1
1 20 -1
1 22 -1
1 23 -1
1 25 -1
1 30 -1
1 32 -1
1 36 -1
1 42 -1
1 44 1
1 46 -1
1 51 -1
1 58 -1
1 67 -1
1 68 -1
1 73 -1
1 78 -1
1 80 -1
1 82 -1
1 86 -1
1 90 -1
1 92 -1
1 94 -1
1 103 1
1 107 -1
1 117 -1
1 120 -1
1 123 -1
1 129 -1
1 144 -1
1 145 -1
1 151 -1
1 154 -1
1 159 1
1 162 1
1 167 -1
1 168 -1
1 171 -1
1 174 -1
1 179 -1
1 181 -1
2 8 -1
2 10 -1
2 12 1
2 13 -1
2 14 -1
2 22 -1
2 26 -1
2 39 -1
2 54 -1
2 57 1
2 60 -1
2 61 -1
2 62 1
2 63 -1
2 73 -1
2 75 -1
2 79 -1
2 90 -1
2 99 -1
2 103 -1
2 105 1
2 111 1
2 112 -1
2 122 -1
2 124 -1
2 129 -1
2 133 -1
2 138 -1
2 140 -1
2 141 1
2 152 -1
2 162 -1
2 172 -1
2 174 -1
2 180 -1
2 190 -1
3 10 1
3 21 1
3 23 -1
3 26 -1
3 27 -1
3 31 -1
3 36 1
3 38 -1
3 53 -1
3 64 -1
3 67 1
3 70 -1
3 71 1
3 72 -1
3 75 -1
3 77 -1
3 78 -1
3 80 1
3 86 -1
3 92 -1
3 100 -1
3 107 -1
3 115 -1
3 128 -1
3 134 -1
3 135 -1
3 140 -1
3 143 1
3 148 -1
3 166 -1
3 168 -1
3 176 -1
3 179 -1
3 181 1
3 185 -1
3 187 -1
4 9 -1
4 12 -1
4 15 -1
4 22 -1
4 23 -1
4 24 -1
4 27 -1
4 28 -1
4 30 -1
4 35 -1
4 40 -1
4 43 -1
4 46 -1
4 48 -1
4 58 -1
4 62 -1
4 66 -1
4 75 -1
4 82 1
4 85 -1
4 88 1
4 90 -1
4 91 -1
4 96 -1
4 103 -1
4 113 -1
4 120 -1
4 135 -1
4 136 1
4 143 -1
4 145 -1
4 162 -1
4 163 -1
4 166 1
4 168 1
4 171 -1
4 174 1
4 182 -1
4 184 1
4 188 1
5 6 -1
5 20 1
5 21 -1
5 24 1
5 37 -1
5 39 -1
5 41 -1
5 43 -1
5 45 -1
5 51 1
5 56 -1
5 61 -1
5 65 -1
5 74 -1
5 76 -1
5 80 -1
5 85 -1
5 95 1
5 98 -1
5 102 -1
5 109 -1
5 113 -1
5 115 1
5 121 -1
5 125 -1
5 128 1
5 130 -1
5 139 -1
5 144 -1
5 165 -1
5 167 -1
5 186 -1
6 7 1
6 16 1
6 22 -1
6 29 -1
6 31 -1
6 46 -1
6 48 1
6 50 1
6 55 -1
6 64 -1
6 77 -1
6 79 -1
6 80 -1
6 96 -1
6 113 -1
6 114 -1
6 117 -1
6 122 -1
6 133 -1
6 142 -1
6 147 -1
6 157 -1
6 174 -1
6 182 -1
6 189 1
7 12 -1
7 14 -1
7 16 1
7 22 -1
7 27 -1
7 29 -1
7 35 -1
7 37 1
7 39 1
7 48 -1
7 50 1
7 67 -1
7 73 -1
7 77 -1
7 81 -1
7 89 -1
7 91 -1
7 93 -1
7 94 -1
7 96 -1
7 100 -1
7 102 -1
7 109 -1
7 119 -1
7 120 1
7 123 -1
7 132 -1
7 141 -1
7 154 -1
7 155 -1
7 158 -1
7 159 -1
7 164 -1
7 165 -1
7 168 -1
7 171 -1
7 172 -1
7 180 1
7 182 1
7 189 1
8 11 -1
8 18 -1
8 19 -1
8 23 -1
8 27 1
8 29 1
8 30 1
8 35 -1
8 39 -1
8 40 -1
8 54 -1
8 58 -1
8 69 -1
8 70 1
8 74 -1
8 77 -1
8 84 -1
8 100 -1
8 106 -1
8 121 1
8 138 1
8 139 -1
8 144 -1
8 166 -1
8 171 -1
8 172 -1
8 177 -1
8 189 -1
9 10 -1
9 13 -1
9 15 -1
9 22 -1
9 25 -1
9 28 -1
9 32 -1
9 35 -1
9 38 -1
9 39 -1
9 40 -1
9 43 -1
9 44 -1
9 64 -1
9 66 -1
9 73 1
9 80 -1
9 86 -1
9 94 -1
9 96 -1
9 97 1
9 98 -1
9 105 -1
9 113 -1
9 117 1
9 123 -1
9 126 -1
9 144 1
9 145 -1
9 146 -1
9 156 1
9 158 1
9 161 1
9 162 -1
9 163 1
9 165 1
9 166 -1
9 169 1
9 175 -1
9 178 1
9 179 -1
9 180 -1
9 181 -1
9 183 -1
9 186 1
9 187 -1
10 19 -1
10 21 1
10 24 -1
10 27 -1
10 36 1
10 46 -1
10 47 -1
10 51 -1
10 56 -1
10 61 1
10 64 -1
10 65 1
10 67 1
10 71 1
10 80 1
10 87 -1
10 88 -1
10 90 1
10 95 -1
10 96 -1
10 103 -1
10 106 -1
10 118 -1
10 125 -1
10 131 -1
10 136 -1
10 141 -1
10 143 1
10 153 -1
10 164 -1
10 169 -1
10 171 -1
10 177 -1
10 186 -1
10 189 -1
11 13 -1
11 20 -1
11 22 -1
11 23 1
11 25 -1
11 28 -1
11 35 1
11 40 1
11 44 -1
11 54 -1
11 55 1
11 58 -1
11 66 -1
11 76 -1
11 77 -1
11 86 -1
11 88 -1
11 89 -1
11 96 1
11 99 1
11 100 -1
11 107 -1
11 110 1
11 112 -1
11 129 -1
11 130 -1
11 136 -1
11 139 -1
11 142 -1
11 145 -1
11 167 -1
11 171 -1
11 180 -1
12 18 -1
12 25 -1
12 26 -1
12 36 -1
12 40 -1
12 41 1
12 45 -1
12 46 -1
12 49 -1
12 56 -1
12 57 1
12 58 -1
12 62 1
12 67 -1
12 72 -1
12 74 -1
12 77 -1
12 81 -1
12 82 -1
12 97 -1
12 105 1
12 119 -1
12 123 -1
12 127 1
12 140 -1
12 141 1
12 146 -1
12 147 -1
12 148 -1
12 173 -1
12 184 -1
13 24 -1
13 31 -1
13 39 -1
13 40 -1
13 56 -1
13 61 -1
13 70 -1
13 75 -1
13 80 -1
13 82 1
13 83 -1
13 85 -1
13 88 1
13 92 -1
13 93 -1
13 96 -1
13 102 -1
13 107 1
13 110 -1
13 112 -1
13 114 1
13 120 -1
13 125 -1
13 129 -1
13 130 -1
13 135 -1
13 137 -1
13 150 -1
13 154 -1
13 157 -1
13 158 -1
13 165 -1
13 166 1
13 178 -1
13 185 -1
14 15 -1
14 25 1
14 28 -1
14 30 -1
14 31 -1
14 32 -1
14 34 -1
14 39 -1
14 43 -1
14 44 -1
14 53 1
14 54 -1
14 66 1
14 73 -1
14 79 -1
14 83 -1
14 86 -1
14 100 -1
14 102 -1
14 104 -1
14 111 -1
14 114 -1
14 115 -1
14 122 1
14 123 -1
14 127 -1
14 140 -1
14 146 -1
14 147 1
14 149 1
14 151 1
14 154 -1
14 165 -1
14 174 -1
14 175 -1
14 176 1
14 187 -1
15 32 -1
15 33 -1
15 38 -1
15 40 -1
15 46 1
15 48 -1
15 52 1
15 54 1
15 55 -1
15 56 -1
15 58 -1
15 69 1
15 72 1
15 73 -1
15 75 -1
15 77 -1
15 87 -1
15 91 1
15 93 1
15 104 -1
15 105 -1
15 110 -1
15 120 -1
15 121 -1
15 130 -1
15 131 -1
15 139 1
15 147 -1
15 151 -1
15 153 -1
15 161 -1
15 164 1
15 169 -1
15 173 1
15 177 -1
15 178 -1
15 182 -1
15 190 1
16 37 1
16 39 1
16 42 -1
16 44 -1
16 47 -1
16 48 1
16 50 1
16 51 -1
16 59 -1
16 63 -1
16 65 -1
16 75 -1
16 77 -1
16 78 -1
16 81 -1
16 86 -1
16 88 -1
16 91 -1
16 99 -1
16 113 -1
16 114 -1
16 122 -1
16 128 -1
16 136 -1
16 140 -1
16 142 -1
16 147 -1
16 148 -1
16 150 -1
16 158 -1
16 170 -1
16 171 -1
16 174 -1
16 180 1
16 182 1
16 189 1
17 18 -1
17 20 -1
17 32 1
17 35 -1
17 36 -1
17 37 -1
17 39 -1
17 44 -1
17 50 -1
17 57 -1
17 71 -1
17 76 -1
17 77 1
17 94 -1
17 105 -1
17 112 -1
17 117 -1
17 137 -1
17 138 -1
17 141 -1
17 142 1
17 147 -1
17 150 -1
17 162 -1
17 163 -1
17 164 -1
17 172 1
17 175 -1
17 177 1
17 179 -1
17 180 -1
17 183 -1
17 187 -1
17 189 -1
17 190 -1
18 35 -1
18 45 -1
18 54 -1
18 55 -1
18 56 -1
18 58 -1
18 74 -1
18 82 -1
18 83 -1
18 90 -1
18 92 -1
18 94 -1
18 96 -1
18 99 -1
18 105 -1
18 108 1
18 112 -1
18 118 1
18 129 -1
18 130 1
18 131 -1
18 134 -1
18 137 -1
18 144 -1
18 145 -1
18 146 -1
18 157 -1
18 163 -1
18 166 -1
18 168 -1
18 176 -1
18 177 -1
19 21 -1
19 41 -1
19 48 -1
19 55 -1
19 56 -1
19 60 -1
19 62 -1
19 68 1
19 74 -1
19 76 -1
19 78 1
19 85 1
19 96 -1
19 103 -1
19 109 1
19 121 -1
19 123 1
19 124 -1
19 138 -1
19 141 -1
19 145 -1
19 151 -1
19 154 -1
19 156 -1
19 159 -1
19 164 -1
19 172 -1
19 174 -1
19 177 -1
19 178 -1
19 180 -1
19 183 -1
19 189 -1
20 24 1
20 30 -1
20 35 -1
20 39 -1
20 51 1
20 57 -1
20 58 -1
20 69 -1
20 78 -1
20 88 -1
20 90 -1
20 95 1
20 100 -1
20 103 -1
20 110 -1
20 111 -1
20 115 1
20 117 -1
20 120 -1
20 124 -1
20 128 1
20 135 -1
20 142 -1
20 145 -1
20 153 -1
20 163 -1
20 165 -1
20 169 -1
20 170 -1
20 173 -1
20 182 -1
20 184 -1
21 22 -1
21 23 -1
21 33 -1
21 36 1
21 37 -1
21 49 -1
21 58 -1
21 67 1
21 71 1
21 73 -1
21 75 -1
21 77 -1
21 80 1
21 82 -1
21 83 -1
21 86 -1
21 92 -1
21 94 -1
21 97 -1
21 99 -1
21 115 -1
21 121 -1
21 126 -1
21 135 -1
21 143 1
21 148 -1
21 149 -1
21 151 -1
21 152 -1
21 166 -1
21 169 -1
21 173 -1
21 179 -1
21 181 1
21 184 -1
21 188 -1
22 33 -1
22 38 -1
22 41 1
22 43 1
22 48 -1
22 59 -1
22 61 -1
22 71 -1
22 72 -1
22 73 -1
22 78 -1
22 79 -1
22 83 -1
22 96 -1
22 97 -1
22 98 1
22 101 -1
22 108 -1
22 112 -1
22 114 -1
22 117 -1
22 119 -1
22 122 -1
22 124 1
22 127 1
22 133 -1
22 141 -1
22 142 -1
22 150 1
22 152 -1
22 156 -1
22 167 -1
22 170 -1
22 171 -1
22 184 -1
23 25 -1
23 33 -1
23 35 1
23 37 -1
23 40 1
23 45 -1
23 50 -1
23 51 -1
23 54 -1
23 55 1
23 64 -1
23 68 -1
23 71 -1
23 80 -1
23 88 -1
23 94 -1
23 95 -1
23 96 1
23 99 1
23 100 -1
23 110 1
23 114 -1
23 117 -1
23 124 -1
23 126 -1
23 130 -1
23 140 -1
23 147 -1
23 150 -1
23 156 -1
23 157 -1
23 168 -1
23 174 -1
24 43 -1
24 48 -1
24 51 1
24 57 -1
24 63 -1
24 72 -1
24 74 -1
24 76 -1
24 80 -1
24 85 -1
24 95 1
24 103 -1
24 104 1
24 115 1
24 119 -1
24 126 -1
24 128 1
24 133 -1
24 135 -1
24 148 -1
24 150 -1
24 155 -1
24 156 -1
24 159 -1
24 161 -1
24 167 -1
24 174 -1
24 175 -1
24 183 -1
24 184 -1
24 187 -1
24 188 -1
25 26 -1
25 29 -1
25 30 -1
25 33 -1
25 38 -1
25 40 -1
25 43 -1
25 53 1
25 57 -1
25 61 -1
25 66 1
25 68 -1
25 87 -1
25 90 -1
25 93 -1
25 95 -1
25 103 -1
25 106 -1
25 110 -1
25 116 -1
25 122 1
25 129 -1
25 131 -1
25 132 -1
25 138 -1
25 141 -1
25 147 1
25 149 1
25 151 -1
25 154 -1
25 157 -1
25 164 -1
25 176 1
25 177 -1
25 180 -1
25 183 1
25 186 -1
25 187 -1
26 33 -1
26 37 -1
26 40 1
26 44 -1
26 45 -1
26 46 -1
26 50 -1
26 53 -1
26 57 -1
26 65 -1
26 74 -1
26 76 1
26 91 -1
26 94 1
26 98 -1
26 99 1
26 102 -1
26 103 -1
26 105 -1
26 108 -1
26 110 1
26 113 -1
26 119 -1
26 128 -1
26 138 -1
26 140 -1
26 149 -1
26 151 -1
26 152 -1
26 166 -1
26 168 -1
26 173 -1
26 177 -1
26 179 1
26 183 -1
26 186 -1
26 188 -1
27 29 1
27 30 1
27 35 -1
27 37 -1
27 48 -1
27 50 -1
27 60 -1
27 69 -1
27 70 1
27 71 -1
27 74 -1
27 77 -1
27 78 -1
27 89 -1
27 92 -1
27 98 -1
27 100 -1
27 102 -1
27 106 -1
27 107 -1
27 121 1
27 135 -1
27 138 1
27 139 -1
27 142 -1
27 143 -1
27 152 -1
27 171 -1
27 180 -1
27 187 -1
28 31 1
28 32 -1
28 36 -1
28 39 -1
28 48 -1
28 49 -1
28 51 -1
28 52 -1
28 77 -1
28 79 -1
28 86 1
28 91 -1
28 93 -1
28 95 1
28 100 1
28 105 -1
28 106 -1
28 107 -1
28 109 -1
28 120 -1
28 124 -1
28 126 -1
28 137 -1
28 144 -1
28 145 1
28 150 -1
28 151 -1
28 154 -1
28 156 -1
28 160 -1
28 173 -1
28 176 -1
28 183 -1
28 190 -1
29 30 1
29 38 -1
29 42 -1
29 47 -1
29 48 -1
29 50 -1
29 56 -1
29 58 -1
29 60 -1
29 69 -1
29 70 1
29 73 -1
29 86 1
29 90 -1
29 91 -1
29 94 -1
29 99 -1
29 107 -1
29 117 -1
29 119 -1
29 121 1
29 132 -1
29 138 1
29 140 -1
29 141 -1
29 145 -1
29 152 -1
29 173 -1
29 178 -1
29 179 -1
29 180 -1
29 188 -1
30 31 -1
30 46 -1
30 50 -1
30 57 -1
30 61 -1
30 66 -1
30 70 1
30 75 -1
30 78 1
30 91 -1
30 92 -1
30 94 -1
30 95 -1
30 97 -1
30 103 -1
30 110 -1
30 113 -1
30 119 -1
30 121 1
30 123 1
30 130 -1
30 138 1
30 140 -1
30 152 -1
30 155 -1
30 161 -1
30 174 -1
30 178 -1
30 179 -1
30 182 -1
30 189 -1
31 34 -1
31 40 -1
31 51 1
31 52 -1
31 54 -1
31 58 -1
31 68 -1
31 70 -1
31 74 -1
31 75 -1
31 80 -1
31 84 -1
31 85 -1
31 86 1
31 90 -1
31 95 1
31 100 1
31 113 -1
31 114 -1
31 115 1
31 123 -1
31 125 -1
31 130 -1
31 143 -1
31 144 -1
31 145 1
31 154 -1
31 159 -1
31 170 -1
31 171 -1
31 174 -1
31 176 -1
31 186 -1
32 33 -1
32 37 -1
32 47 1
32 50 -1
32 52 -1
32 53 -1
32 77 1
32 79 -1
32 82 -1
32 84 -1
32 86 -1
32 92 -1
32 96 -1
32 98 -1
32 112 -1
32 124 -1
32 131 -1
32 133 -1
32 135 -1
32 141 -1
32 142 1
32 151 -1
32 154 1
32 157 -1
32 158 -1
32 159 -1
32 166 -1
32 172 1
32 177 1
32 179 -1
32 183 -1
32 186 -1
33 34 -1
33 49 -1
33 52 -1
33 55 -1
33 61 -1
33 69 -1
33 75 1
33 90 -1
33 91 -1
33 111 -1
33 114 -1
33 120 1
33 137 -1
33 139 -1
33 144 -1
33 145 -1
33 151 -1
33 163 -1
33 167 -1
33 174 -1
33 176 -1
33 181 -1
33 183 -1
33 184 -1
33 190 -1
34 41 -1
34 53 1
34 59 -1
34 62 -1
34 64 -1
34 67 -1
34 70 -1
34 74 1
34 75 -1
34 76 -1
34 77 -1
34 97 -1
34 104 1
34 116 -1
34 118 -1
34 119 -1
34 122 1
34 125 1
34 126 1
34 132 1
34 133 -1
34 136 -1
34 138 -1
34 146 1
34 147 1
34 151 1
34 155 -1
34 157 1
34 160 -1
34 164 -1
34 165 -1
34 170 1
34 172 -1
34 176 1
34 179 -1
34 186 -1
34 189 -1
35 40 1
35 41 -1
35 46 -1
35 49 -1
35 55 1
35 59 -1
35 66 -1
35 80 -1
35 82 -1
35 94 -1
35 96 1
35 97 -1
35 99 1
35 100 -1
35 101 -1
35 110 1
35 115 -1
35 118 -1
35 125 -1
35 129 -1
35 132 -1
35 144 -1
35 145 -1
35 154 -1
35 158 -1
35 164 -1
35 171 -1
35 180 -1
35 182 -1
36 40 -1
36 52 -1
36 56 -1
36 67 1
36 71 1
36 80 1
36 83 -1
36 84 -1
36 90 -1
36 96 -1
36 103 -1
36 108 -1
36 110 -1
36 111 -1
36 117 -1
36 124 -1
36 126 -1
36 131 -1
36 135 -1
36 143 1
36 144 -1
36 146 -1
36 151 -1
36 169 -1
36 174 -1
36 181 1
36 184 -1
36 186 -1
36 188 -1
37 39 1
37 40 -1
37 41 -1
37 47 -1
37 50 1
37 75 1
37 77 -1
37 79 -1
37 87 -1
37 98 -1
37 105 -1
37 106 -1
37 110 -1
37 120 1
37 121 -1
37 128 -1
37 138 -1
37 142 -1
37 145 -1
37 148 -1
37 157 -1
37 164 -1
37 167 -1
37 176 -1
37 177 -1
37 180 1
37 181 -1
37 182 1
37 184 -1
37 186 -1
37 189 -1
38 42 1
38 44 -1
38 45 -1
38 46 -1
38 51 -1
38 56 -1
38 57 1
38 64 -1
38 68 -1
38 76 -1
38 80 -1
38 90 -1
38 102 -1
38 103 -1
38 107 -1
38 111 1
38 112 -1
38 113 -1
38 116 -1
38 119 -1
38 126 -1
38 129 1
38 137 1
38 140 1
38 141 -1
38 159 1
38 169 -1
38 180 -1
38 188 -1
38 189 -1
39 41 -1
39 50 1
39 51 -1
39 53 -1
39 60 -1
39 75 1
39 80 -1
39 84 -1
39 85 -1
39 105 -1
39 107 -1
39 117 -1
39 120 1
39 125 -1
39 137 -1
39 140 -1
39 145 -1
39 149 -1
39 165 -1
39 180 1
39 182 1
40 52 -1
40 55 1
40 62 -1
40 64 -1
40 65 -1
40 76 1
40 79 -1
40 81 -1
40 93 -1
40 94 1
40 96 1
40 99 1
40 101 -1
40 108 -1
40 110 1
40 125 -1
40 126 -1
40 130 -1
40 140 -1
40 142 -1
40 146 -1
40 159 -1
40 161 -1
40 170 -1
40 179 1
40 180 -1
40 182 -1
40 184 -1
40 187 -1
41 43 1
41 45 -1
41 50 -1
41 52 -1
41 53 -1
41 57 -1
41 59 -1
41 62 1
41 71 -1
41 72 -1
41 85 -1
41 87 -1
41 93 -1
41 98 1
41 99 -1
41 101 -1
41 105 -1
41 120 -1
41 124 1
41 126 -1
41 127 1
41 128 -1
41 133 -1
41 134 -1
41 140 -1
41 145 -1
41 162 -1
41 166 -1
41 172 -1
41 174 -1
41 176 -1
41 177 -1
41 188 -1
42 54 -1
42 57 -1
42 60 -1
42 69 -1
42 75 -1
42 84 -1
42 85 -1
42 96 -1
42 103 -1
42 108 -1
42 111 1
42 122 -1
42 129 1
42 134 -1
42 136 -1
42 137 1
42 140 1
42 146 -1
42 159 1
42 160 -1
42 165 -1
42 174 -1
42 175 -1
42 177 -1
42 178 -1
42 180 -1
42 181 -1
43 51 -1
43 55 -1
43 56 -1
43 62 -1
43 64 -1
43 77 -1
43 79 -1
43 82 -1
43 83 -1
43 86 -1
43 92 -1
43 93 -1
43 94 -1
43 98 1
43 109 -1
43 112 -1
43 115 -1
43 118 -1
43 121 -1
43 124 1
43 127 1
43 142 -1
43 143 -1
43 144 -1
43 150 1
43 153 -1
43 154 -1
43 159 -1
43 166 -1
43 167 -1
43 169 -1
43 174 -1
43 189 -1
44 54 -1
44 55 -1
44 68 -1
44 76 -1
44 82 -1
44 86 -1
44 88 -1
44 91 -1
44 95 -1
44 98 -1
44 103 1
44 105 -1
44 107 -1
44 108 -1
44 115 -1
44 123 -1
44 144 -1
44 154 -1
44 157 -1
44 159 1
44 160 -1
44 162 1
44 174 -1
44 179 -1
44 190 -1
45 47 -1
45 54 -1
45 56 -1
45 70 -1
45 72 -1
45 78 -1
45 79 1
45 89 1
45 96 -1
45 99 -1
45 102 1
45 106 1
45 117 -1
45 126 -1
45 131 1
45 133 1
45 135 1
45 166 -1
45 175 1
45 185 -1
45 189 -1
45 190 -1
46 50 -1
46 52 1
46 54 1
46 55 -1
46 69 1
46 72 1
46 73 -1
46 74 -1
46 76 -1
46 78 -1
46 85 -1
46 87 1
46 88 -1
46 89 1
46 91 1
46 93 1
46 104 -1
46 120 -1
46 122 -1
46 125 -1
46 129 -1
46 131 1
46 134 1
46 135 1
46 138 -1
46 139 -1
46 158 -1
46 163 -1
46 173 1
46 175 1
46 189 -1
47 59 -1
47 62 -1
47 73 -1
47 84 -1
47 91 -1
47 109 -1
47 112 -1
47 115 -1
47 123 -1
47 134 -1
47 139 1
47 141 -1
47 142 -1
47 143 -1
47 146 -1
47 148 -1
47 154 1
47 172 1
47 178 -1
47 182 -1
47 184 -1
47 187 -1
47 190 1
48 50 1
48 52 -1
48 53 -1
48 57 -1
48 62 -1
48 95 -1
48 97 -1
48 98 -1
48 100 -1
48 103 -1
48 104 -1
48 105 -1
48 106 -1
48 109 -1
48 123 -1
48 128 -1
48 136 -1
48 146 -1
48 149 -1
48 153 -1
48 165 -1
48 168 -1
48 181 -1
48 184 -1
48 187 -1
48 189 1
49 56 1
49 59 1
49 60 1
49 64 1
49 65 -1
49 77 -1
49 81 -1
49 84 -1
49 92 -1
49 96 -1
49 97 -1
49 99 -1
49 100 -1
49 106 -1
49 108 -1
49 112 -1
49 113 1
49 116 1
49 119 1
49 123 -1
49 124 -1
49 139 -1
49 140 -1
49 147 -1
49 160 -1
49 164 -1
49 165 -1
49 177 -1
49 179 -1
49 185 1
50 51 -1
50 54 -1
50 58 -1
50 67 -1
50 78 -1
50 95 -1
50 97 -1
50 98 -1
50 101 -1
50 102 -1
50 103 -1
50 108 -1
50 111 -1
50 113 -1
50 115 -1
50 120 1
50 122 -1
50 127 -1
50 128 -1
50 135 -1
50 139 -1
50 153 -1
50 166 -1
50 171 -1
50 180 1
50 182 1
50 189 1
51 52 -1
51 67 -1
51 68 -1
51 71 -1
51 75 -1
51 77 -1
51 85 -1
51 91 -1
51 95 1
51 101 -1
51 102 -1
51 103 -1
51 114 -1
51 115 1
51 128 1
51 148 -1
51 151 -1
51 168 -1
51 170 -1
51 174 -1
51 178 -1
51 180 -1
51 187 -1
52 54 1
52 65 -1
52 68 -1
52 69 1
52 72 1
52 77 -1
52 85 -1
52 90 -1
52 91 1
52 92 -1
52 93 1
52 98 -1
52 99 -1
52 100 -1
52 109 -1
52 115 -1
52 136 -1
52 138 -1
52 139 1
52 145 -1
52 156 -1
52 158 -1
52 159 -1
52 164 1
52 173 1
52 175 -1
52 177 -1
52 183 -1
52 187 -1
52 190 1
53 66 1
53 71 -1
53 74 1
53 80 -1
53 85 -1
53 92 -1
53 106 -1
53 109 -1
53 110 -1
53 113 -1
53 119 -1
53 121 -1
53 122 1
53 125 1
53 128 -1
53 131 -1
53 132 1
53 134 -1
53 137 -1
53 146 1
53 147 1
53 149 -1
53 151 1
53 154 -1
53 157 1
53 158 -1
53 160 -1
53 170 1
53 172 -1
53 176 1
54 56 -1
54 57 -1
54 69 1
54 72 1
54 80 -1
54 81 -1
54 82 -1
54 87 1
54 89 1
54 91 1
54 93 1
54 94 -1
54 98 -1
54 104 -1
54 109 -1
54 113 -1
54 117 -1
54 118 -1
54 122 -1
54 128 -1
54 130 -1
54 131 1
54 134 1
54 135 1
54 137 -1
54 140 -1
54 145 -1
54 151 -1
54 160 -1
54 161 -1
54 164 1
54 167 -1
54 173 1
54 175 1
54 184 -1
54 186 -1
55 56 -1
55 64 -1
55 65 -1
55 72 -1
55 74 -1
55 75 -1
55 80 -1
55 91 -1
55 96 1
55 99 1
55 101 -1
55 108 -1
55 110 1
55 119 -1
55 133 -1
55 134 -1
55 138 -1
55 141 -1
55 173 -1
55 178 -1
56 59 1
56 60 1
56 64 1
56 66 -1
56 69 -1
56 71 -1
56 72 -1
56 75 -1
56 78 -1
56 81 -1
56 83 -1
56 86 -1
56 87 -1
56 94 -1
56 96 -1
56 98 -1
56 101 -1
56 103 -1
56 109 -1
56 113 1
56 116 1
56 119 1
56 121 -1
56 129 -1
56 140 -1
56 156 -1
56 164 -1
56 169 -1
56 176 -1
56 177 -1
56 180 -1
56 185 1
56 186 -1
56 187 -1
57 62 -1
57 63 -1
57 66 -1
57 68 -1
57 74 -1
57 78 -1
57 80 -1
57 81 -1
57 84 -1
57 86 -1
57 102 -1
57 105 1
57 111 1
57 114 -1
57 115 -1
57 120 -1
57 126 -1
57 129 1
57 131 -1
57 132 -1
57 133 -1
57 134 -1
57 140 1
57 141 1
57 147 -1
57 150 -1
57 159 -1
57 161 -1
57 168 -1
57 169 -1
57 170 -1
57 172 -1
57 180 -1
57 181 -1
57 185 -1
57 189 -1
57 190 -1
58 60 -1
58 76 1
58 77 -1
58 83 1
58 86 -1
58 101 -1
58 103 -1
58 112 1
58 123 -1
58 124 -1
58 132 -1
58 133 -1
58 147 -1
58 153 -1
58 161 -1
58 167 1
58 171 1
58 172 -1
58 179 1
58 183 -1
58 187 1
58 189 -1
59 60 1
59 64 1
59 66 -1
59 74 -1
59 82 -1
59 86 -1
59 90 -1
59 113 1
59 116 1
59 118 -1
59 119 1
59 124 -1
59 129 -1
59 139 -1
59 145 -1
59 151 -1
59 152 1
59 153 1
59 155 1
59 160 -1
59 169 -1
59 178 -1
59 180 -1
59 181 -1
59 182 -1
59 186 -1
60 64 1
60 70 -1
60 71 -1
60 77 -1
60 90 -1
60 99 -1
60 106 -1
60 110 -1
60 111 -1
60 113 1
60 116 1
60 117 -1
60 119 1
60 122 -1
60 124 -1
60 125 -1
60 140 -1
60 149 -1
60 151 -1
60 157 -1
60 159 -1
60 165 -1
60 169 -1
60 173 -1
60 181 -1
60 185 1
61 65 1
61 70 -1
61 71 -1
61 81 -1
61 85 -1
61 86 -1
61 87 -1
61 90 1
61 94 -1
61 103 -1
61 112 -1
61 130 -1
61 131 -1
61 133 -1
61 149 -1
61 150 1
61 152 -1
61 153 -1
61 155 -1
61 160 -1
61 165 -1
61 166 -1
61 171 -1
61 178 -1
61 180 -1
61 182 -1
62 65 -1
62 74 -1
62 78 -1
62 84 -1
62 88 -1
62 92 -1
62 96 -1
62 104 -1
62 108 -1
62 111 -1
62 116 -1
62 118 -1
62 126 -1
62 127 1
62 132 -1
62 133 -1
62 141 1
62 142 -1
62 151 -1
62 156 -1
62 161 -1
62 162 -1
62 169 -1
62 177 -1
62 180 -1
63 66 -1
63 85 -1
63 94 -1
63 101 1
63 106 -1
63 113 -1
63 122 -1
63 131 -1
63 133 -1
63 134 -1
63 136 1
63 152 -1
63 158 -1
63 162 -1
63 164 -1
63 168 1
63 173 -1
63 174 1
63 177 -1
63 184 1
63 188 1
64 65 -1
64 68 -1
64 72 -1
64 84 -1
64 86 -1
64 87 -1
64 89 -1
64 97 -1
64 100 -1
64 101 -1
64 102 -1
64 103 -1
64 109 -1
64 110 -1
64 111 -1
64 113 1
64 114 -1
64 116 1
64 119 1
64 134 -1
64 137 -1
64 143 -1
64 152 1
64 153 1
64 155 -1
64 164 -1
64 167 -1
64 171 -1
64 173 -1
64 178 -1
64 179 -1
64 180 -1
64 185 1
64 187 -1
65 72 -1
65 79 -1
65 90 1
65 95 -1
65 100 -1
65 101 -1
65 103 -1
65 104 -1
65 118 -1
65 120 -1
65 134 -1
65 137 -1
65 142 -1
65 150 1
65 159 -1
65 164 -1
65 168 -1
65 171 -1
65 177 -1
65 181 -1
65 183 -1
65 185 -1
65 186 -1
66 68 -1
66 77 -1
66 81 -1
66 83 -1
66 90 -1
66 102 -1
66 115 -1
66 117 -1
66 118 -1
66 122 1
66 131 -1
66 137 -1
66 141 -1
66 144 -1
66 147 1
66 149 1
66 152 -1
66 155 -1
66 158 -1
66 160 -1
66 168 -1
66 183 1
66 186 -1
66 190 -1
67 69 -1
67 71 1
67 74 -1
67 75 -1
67 79 -1
67 80 1
67 82 -1
67 86 -1
67 88 -1
67 89 -1
67 94 -1
67 113 -1
67 117 -1
67 120 -1
67 124 -1
67 126 -1
67 139 -1
67 141 -1
67 143 1
67 149 -1
67 151 -1
67 157 -1
67 176 -1
67 179 -1
67 181 1
67 182 -1
67 186 -1
67 188 -1
67 189 -1
67 190 -1
68 73 -1
68 78 1
68 81 -1
68 85 1
68 86 -1
68 88 -1
68 96 -1
68 109 1
68 114 -1
68 116 -1
68 117 -1
68 123 1
68 130 -1
68 134 -1
68 138 -1
68 148 1
68 155 -1
68 160 -1
68 164 -1
68 166 -1
68 170 -1
68 174 -1
68 177 -1
68 178 -1
68 180 -1
68 182 -1
68 183 -1
68 187 -1
69 71 -1
69 72 1
69 75 -1
69 78 -1
69 85 -1
69 87 -1
69 91 1
69 92 -1
69 93 1
69 95 -1
69 101 -1
69 102 -1
69 106 -1
69 112 -1
69 113 -1
69 128 -1
69 136 -1
69 137 -1
69 139 1
69 144 -1
69 148 -1
69 153 -1
69 156 -1
69 157 -1
69 164 1
69 173 1
69 177 -1
69 183 -1
69 190 1
70 74 -1
70 75 -1
70 78 1
70 84 -1
70 86 -1
70 91 -1
70 94 -1
70 102 -1
70 112 -1
70 118 -1
70 121 1
70 123 1
70 133 -1
70 138 1
70 141 -1
70 145 -1
70 152 -1
70 169 -1
70 170 -1
70 171 -1
70 173 -1
70 190 -1
71 80 1
71 81 -1
71 84 -1
71 87 -1
71 91 -1
71 101 -1
71 116 -1
71 117 -1
71 119 -1
71 122 -1
71 125 -1
71 131 -1
71 133 -1
71 134 -1
71 142 -1
71 143 1
71 145 -1
71 149 -1
71 150 -1
71 156 -1
71 163 -1
71 164 -1
71 171 -1
71 181 1
71 186 -1
71 188 -1
72 76 -1
72 87 1
72 88 -1
72 89 1
72 91 1
72 100 -1
72 101 -1
72 106 -1
72 116 -1
72 125 -1
72 127 -1
72 129 -1
72 131 1
72 134 1
72 135 1
72 137 -1
72 144 -1
72 145 -1
72 150 -1
72 161 -1
72 165 -1
72 166 -1
72 167 -1
72 172 -1
72 175 1
72 176 -1
72 186 -1
72 187 -1
73 79 -1
73 87 -1
73 97 1
73 100 -1
73 103 -1
73 113 -1
73 114 -1
73 117 1
73 127 -1
73 132 -1
73 144 1
73 152 -1
73 153 -1
73 154 -1
73 155 -1
73 156 1
73 161 1
73 163 1
73 165 1
73 169 1
73 178 1
73 180 -1
73 183 -1
74 88 -1
74 89 -1
74 94 -1
74 103 -1
74 104 1
74 110 -1
74 122 1
74 125 1
74 126 1
74 128 -1
74 132 1
74 136 -1
74 137 -1
74 144 -1
74 146 1
74 147 1
74 151 1
74 157 1
74 161 -1
74 163 -1
74 165 -1
74 166 -1
74 169 -1
74 170 1
74 176 1
74 185 -1
75 76 -1
75 86 -1
75 87 -1
75 88 -1
75 89 -1
75 90 -1
75 107 -1
75 116 -1
75 120 1
75 121 -1
75 127 -1
75 128 -1
75 139 -1
75 141 -1
75 148 -1
75 150 -1
75 151 -1
75 170 -1
75 174 -1
75 180 1
75 181 -1
75 182 1
75 186 -1
75 190 -1
76 84 -1
76 94 1
76 106 -1
76 112 1
76 123 -1
76 125 -1
76 128 -1
76 137 -1
76 139 -1
76 141 -1
76 147 -1
76 158 -1
76 169 -1
76 171 1
76 172 -1
76 174 -1
76 179 1
76 180 -1
76 182 -1
76 188 -1
76 189 -1
77 81 -1
77 85 -1
77 92 -1
77 95 -1
77 97 -1
77 98 -1
77 106 -1
77 108 -1
77 109 -1
77 115 -1
77 116 -1
77 117 -1
77 142 1
77 148 -1
77 164 -1
77 168 -1
77 169 -1
77 177 1
77 180 -1
77 186 -1
78 85 1
78 87 -1
78 100 -1
78 101 -1
78 102 -1
78 103 -1
78 108 -1
78 109 1
78 121 -1
78 123 1
78 131 -1
78 137 -1
78 149 -1
78 154 -1
78 165 -1
78 167 -1
78 169 -1
78 171 -1
78 178 -1
78 187 -1
78 188 -1
79 81 1
79 84 1
79 87 -1
79 88 -1
79 92 1
79 102 1
79 104 -1
79 106 1
79 125 -1
79 128 -1
79 132 -1
79 133 1
79 139 -1
79 144 -1
79 156 -1
79 160 1
79 172 -1
79 179 -1
79 182 -1
79 190 -1
80 91 -1
80 93 -1
80 94 -1
80 103 -1
80 105 -1
80 112 -1
80 114 -1
80 115 -1
80 116 -1
80 120 -1
80 121 -1
80 136 -1
80 143 1
80 145 -1
80 146 -1
80 148 -1
80 149 -1
80 153 -1
80 156 -1
80 159 -1
80 174 -1
80 176 -1
80 181 1
80 182 -1
81 84 1
81 88 -1
81 91 -1
81 92 1
81 94 -1
81 97 -1
81 101 -1
81 104 -1
81 112 -1
81 120 -1
81 125 -1
81 133 -1
81 143 -1
81 144 -1
81 145 -1
81 147 -1
81 157 -1
81 159 -1
81 160 1
81 179 -1
81 181 -1
81 185 1
81 189 -1
82 83 -1
82 86 -1
82 88 1
82 100 -1
82 101 -1
82 102 -1
82 107 1
82 114 -1
82 121 -1
82 122 -1
82 136 1
82 140 -1
82 143 -1
82 151 -1
82 154 -1
82 166 1
82 168 1
82 170 -1
82 174 1
82 177 -1
82 182 -1
82 184 1
82 190 -1
83 85 1
83 100 -1
83 101 -1
83 103 -1
83 106 -1
83 109 1
83 111 -1
83 112 1
83 113 -1
83 114 -1
83 115 -1
83 116 -1
83 122 -1
83 123 -1
83 129 -1
83 133 -1
83 143 -1
83 145 -1
83 148 1
83 149 -1
83 156 -1
83 157 -1
83 167 1
83 171 1
83 173 -1
83 187 1
83 189 -1
83 190 -1
84 85 -1
84 91 -1
84 92 1
84 96 -1
84 102 1
84 111 -1
84 114 -1
84 126 -1
84 129 -1
84 131 -1
84 133 1
84 139 -1
84 140 -1
84 141 -1
84 144 -1
84 149 -1
84 151 -1
84 155 -1
84 159 -1
84 160 1
84 169 -1
84 171 -1
85 87 -1
85 91 -1
85 107 -1
85 109 1
85 110 -1
85 113 -1
85 115 -1
85 123 1
85 129 -1
85 147 -1
85 148 1
85 149 -1
85 164 -1
85 168 -1
85 173 -1
85 176 -1
85 183 -1
85 187 1
86 92 -1
86 94 -1
86 100 1
86 114 -1
86 116 -1
86 121 1
86 123 -1
86 127 -1
86 139 -1
86 143 -1
86 145 1
86 152 -1
86 156 -1
86 157 -1
86 161 -1
86 165 -1
86 166 -1
86 167 -1
86 171 -1
86 177 -1
86 180 -1
86 184 -1
87 89 1
87 90 -1
87 91 1
87 92 -1
87 93 -1
87 98 -1
87 100 -1
87 110 -1
87 111 -1
87 112 -1
87 121 -1
87 123 -1
87 131 1
87 134 1
87 135 1
87 141 -1
87 145 -1
87 148 -1
87 150 -1
87 153 -1
87 165 -1
87 174 -1
87 175 1
87 186 -1
87 187 -1
88 97 -1
88 107 1
88 112 -1
88 114 -1
88 122 -1
88 124 -1
88 126 -1
88 128 -1
88 133 -1
88 136 1
88 140 -1
88 147 -1
88 163 -1
88 166 1
88 168 1
88 170 -1
88 172 -1
88 174 1
88 180 -1
88 184 1
88 185 -1
88 186 -1
88 189 -1
89 99 -1
89 106 1
89 107 -1
89 110 -1
89 113 -1
89 116 -1
89 124 -1
89 126 -1
89 131 1
89 134 1
89 135 1
89 139 -1
89 144 -1
89 149 -1
89 159 -1
89 162 -1
89 166 -1
89 167 -1
89 168 -1
89 175 1
89 185 -1
90 98 -1
90 110 -1
90 113 -1
90 115 -1
90 116 -1
90 118 -1
90 124 1
90 133 -1
90 134 -1
90 136 -1
90 137 -1
90 140 -1
90 141 -1
90 150 1
90 151 -1
90 154 -1
90 158 -1
90 170 -1
90 179 -1
90 184 -1
90 185 -1
90 187 -1
91 93 1
91 95 -1
91 99 -1
91 100 -1
91 103 -1
91 104 -1
91 109 -1
91 111 -1
91 121 -1
91 122 -1
91 134 1
91 139 -1
91 146 -1
91 152 -1
91 155 -1
91 164 1
91 167 -1
91 168 -1
91 173 1
91 174 -1
91 177 -1
91 184 -1
91 185 -1
91 188 -1
92 110 -1
92 112 -1
92 116 -1
92 117 -1
92 121 -1
92 133 -1
92 134 -1
92 137 -1
92 142 -1
92 147 -1
92 149 -1
92 151 -1
92 158 -1
92 160 1
92 166 -1
92 167 -1
92 168 -1
92 175 -1
92 185 1
93 95 -1
93 102 -1
93 108 -1
93 109 -1
93 110 -1
93 119 -1
93 126 -1
93 127 -1
93 139 1
93 144 -1
93 164 1
93 173 1
93 186 -1
93 189 -1
93 190 1
94 98 -1
94 101 -1
94 104 -1
94 109 -1
94 110 -1
94 113 -1
94 117 -1
94 128 -1
94 132 -1
94 136 -1
94 152 -1
94 159 -1
94 165 -1
94 173 -1
94 178 -1
94 179 1
94 184 -1
94 189 -1
95 99 -1
95 100 1
95 105 -1
95 108 -1
95 110 -1
95 114 -1
95 115 1
95 119 -1
95 122 -1
95 133 -1
95 138 -1
95 139 -1
95 140 -1
95 145 1
95 153 -1
95 156 -1
95 157 -1
95 158 -1
95 163 -1
95 170 -1
95 171 -1
95 184 -1
95 190 -1
96 99 1
96 104 -1
96 110 1
96 112 -1
96 115 -1
96 117 -1
96 121 -1
96 127 -1
96 136 -1
96 143 -1
96 145 -1
96 155 -1
96 158 -1
96 163 -1
96 167 -1
96 171 -1
96 174 -1
96 182 -1
96 184 -1
96 186 -1
97 99 -1
97 107 -1
97 113 -1
97 114 -1
97 117 1
97 127 -1
97 143 -1
97 144 1
97 151 -1
97 153 -1
97 156 1
97 158 1
97 161 1
97 163 1
97 165 1
97 168 -1
97 169 1
97 170 -1
97 174 -1
97 178 1
97 182 -1
97 183 -1
97 186 1
98 103 -1
98 104 -1
98 105 -1
98 106 -1
98 115 -1
98 124 1
98 126 -1
98 127 1
98 150 1
98 152 -1
98 154 -1
98 158 -1
98 162 -1
98 178 -1
98 189 -1
98 190 -1
99 110 1
99 117 -1
99 125 -1
99 127 -1
99 130 -1
99 159 -1
99 161 -1
99 166 -1
99 167 -1
99 176 -1
99 182 -1
100 107 -1
100 112 -1
100 115 1
100 121 -1
100 123 -1
100 136 -1
100 145 1
100 148 -1
100 150 -1
100 156 -1
100 159 -1
100 160 -1
100 164 -1
100 166 -1
100 167 -1
100 175 -1
100 188 -1
101 104 -1
101 106 -1
101 108 1
101 110 -1
101 113 -1
101 114 -1
101 118 1
101 119 -1
101 130 1
101 133 -1
101 146 -1
101 152 -1
101 156 -1
101 158 -1
101 169 -1
101 175 -1
101 179 -1
101 186 -1
101 187 -1
101 188 1
102 106 1
102 109 -1
102 110 -1
102 111 -1
102 122 -1
102 131 -1
102 133 1
102 135 -1
102 146 -1
102 160 1
102 165 -1
102 182 -1
102 190 -1
103 104 -1
103 107 -1
103 123 -1
103 137 -1
103 138 -1
103 141 -1
103 160 -1
103 162 1
103 163 -1
103 177 -1
103 178 -1
103 179 -1
103 181 -1
103 185 -1
104 108 -1
104 114 -1
104 117 -1
104 122 -1
104 125 1
104 126 1
104 128 1
104 132 1
104 134 -1
104 135 -1
104 139 -1
104 140 -1
104 143 -1
104 146 1
104 150 -1
104 151 1
104 157 1
104 166 -1
104 169 -1
104 170 1
104 181 -1
104 186 -1
104 187 -1
104 188 -1
105 107 -1
105 109 -1
105 111 1
105 114 -1
105 115 -1
105 117 -1
105 118 -1
105 119 -1
105 120 -1
105 140 1
105 141 1
105 156 -1
105 160 -1
105 165 -1
105 178 -1
105 187 -1
106 111 -1
106 112 -1
106 116 -1
106 129 -1
106 131 1
106 133 1
106 135 1
106 136 -1
106 138 -1
106 140 -1
106 149 -1
106 164 -1
106 175 1
106 180 -1
107 114 1
107 115 -1
107 118 -1
107 124 -1
107 128 -1
107 129 -1
107 146 -1
107 162 -1
107 164 -1
107 166 1
107 170 -1
107 177 -1
107 185 -1
107 189 -1
108 114 -1
108 115 -1
108 118 1
108 125 -1
108 130 1
108 136 -1
108 146 -1
108 147 -1
108 148 -1
108 149 -1
108 160 -1
108 161 -1
108 173 -1
108 179 -1
108 182 -1
108 183 -1
109 120 -1
109 122 -1
109 123 1
109 136 -1
109 143 -1
109 148 1
109 162 -1
109 175 -1
109 181 -1
109 186 -1
109 187 1
110 129 -1
110 137 -1
110 138 -1
110 147 -1
110 157 -1
110 161 -1
110 163 -1
110 164 -1
110 165 -1
110 173 -1
111 118 -1
111 120 -1
111 121 -1
111 123 -1
111 129 1
111 137 1
111 140 1
111 154 -1
111 160 -1
111 167 -1
111 181 -1
111 190 -1
112 116 -1
112 134 -1
112 135 -1
112 136 -1
112 151 -1
112 152 -1
112 157 -1
112 159 -1
112 162 -1
112 165 -1
112 167 1
112 171 1
112 172 -1
112 175 -1
112 179 1
112 180 -1
112 181 -1
112 183 -1
112 184 -1
112 187 1
113 116 1
113 119 1
113 120 -1
113 122 -1
113 127 -1
113 129 -1
113 135 -1
113 136 -1
113 144 -1
113 145 -1
113 152 1
113 153 1
113 160 -1
113 170 -1
113 171 -1
113 173 -1
113 185 1
114 118 -1
114 119 -1
114 138 -1
114 150 -1
114 166 1
114 187 -1
114 189 -1
115 118 -1
115 119 -1
115 125 -1
115 127 -1
115 132 -1
115 133 -1
115 137 -1
115 143 -1
115 145 1
115 146 -1
115 147 -1
115 152 -1
115 155 -1
115 165 -1
115 170 -1
115 175 -1
115 176 -1
115 178 -1
115 182 -1
115 188 -1
115 189 -1
116 118 -1
116 119 1
116 120 -1
116 121 -1
116 146 -1
116 148 -1
116 150 -1
116 155 -1
116 157 -1
116 167 -1
116 171 -1
116 173 -1
116 175 -1
116 184 -1
116 185 1
116 190 -1
117 122 -1
117 123 -1
117 124 -1
117 141 -1
117 144 1
117 152 -1
117 153 -1
117 156 1
117 161 1
117 163 1
117 165 1
117 169 1
117 170 -1
117 173 -1
117 178 1
118 121 -1
118 130 1
118 135 -1
118 139 -1
118 153 -1
118 159 -1
118 161 -1
118 163 -1
118 171 -1
118 181 -1
118 182 -1
118 185 -1
118 186 -1
118 187 -1
119 121 -1
119 123 -1
119 130 -1
119 133 -1
119 136 -1
119 149 -1
119 152 1
119 153 1
119 155 1
119 157 -1
119 168 -1
119 176 -1
119 183 -1
119 185 1
119 189 -1
120 128 -1
120 132 -1
120 134 -1
120 143 -1
120 144 -1
120 148 -1
120 149 -1
120 154 -1
120 179 -1
120 180 1
120 182 1
120 185 -1
120 186 -1
120 190 -1
121 122 -1
121 125 -1
121 126 -1
121 131 -1
121 137 -1
121 138 1
121 166 -1
121 169 -1
121 170 -1
121 173 -1
121 177 -1
122 123 -1
122 125 1
122 126 -1
122 132 1
122 146 1
122 147 1
122 151 1
122 154 -1
122 155 -1
122 157 1
122 158 -1
122 165 -1
122 170 1
122 176 1
122 187 -1
123 132 -1
123 134 -1
123 139 -1
123 152 -1
123 154 -1
123 165 -1
123 184 -1
123 185 -1
123 190 -1
124 125 -1
124 127 1
124 128 -1
124 131 -1
124 134 -1
124 135 -1
124 136 -1
124 140 -1
124 146 -1
124 147 -1
124 150 1
124 152 -1
124 158 -1
124 169 -1
124 178 -1
124 179 -1
124 181 -1
124 187 -1
125 126 1
125 132 1
125 143 -1
125 146 1
125 147 1
125 151 1
125 153 -1
125 157 1
125 169 -1
125 170 1
125 172 -1
125 176 1
125 178 -1
125 188 -1
126 128 1
126 131 -1
126 132 1
126 142 -1
126 146 1
126 149 -1
126 151 1
126 153 -1
126 157 1
126 158 -1
126 166 -1
126 170 1
126 176 1
126 177 -1
126 179 -1
126 181 -1
126 186 -1
126 188 -1
127 129 -1
127 130 -1
127 136 -1
127 137 -1
127 149 -1
127 159 -1
127 170 -1
127 175 -1
127 178 -1
127 183 -1
127 186 -1
128 132 1
128 135 -1
128 136 -1
128 137 -1
128 144 -1
128 149 -1
128 150 -1
128 163 -1
128 164 -1
128 167 -1
128 175 -1
128 177 -1
128 179 -1
128 183 -1
128 187 -1
129 132 -1
129 135 -1
129 137 1
129 140 1
129 143 -1
129 149 -1
129 159 1
129 162 -1
129 168 -1
129 170 -1
129 178 -1
129 180 -1
129 181 -1
130 132 -1
130 140 -1
130 144 -1
130 146 -1
130 148 -1
130 162 -1
130 163 -1
130 172 -1
130 175 -1
130 184 -1
131 134 1
131 135 1
131 136 -1
131 152 -1
131 154 -1
131 159 -1
131 175 1
131 179 -1
131 184 -1
131 188 -1
132 135 -1
132 137 -1
132 144 -1
132 145 -1
132 146 1
132 147 1
132 148 -1
132 149 -1
132 151 1
132 153 -1
132 157 1
132 159 -1
132 160 -1
132 164 -1
132 168 -1
132 169 -1
132 170 1
132 176 1
132 178 -1
132 190 -1
133 138 -1
133 151 -1
133 160 -1
133 173 -1
133 176 -1
133 180 -1
134 135 1
134 146 -1
134 154 -1
134 159 -1
134 171 -1
134 172 -1
134 175 1
134 183 -1
134 184 -1
135 138 -1
135 145 -1
135 155 -1
135 157 -1
135 163 -1
135 166 -1
135 170 -1
135 172 -1
135 173 -1
135 174 -1
135 175 1
135 179 -1
135 187 -1
135 189 -1
136 137 -1
136 142 -1
136 146 -1
136 155 -1
136 161 -1
136 166 -1
136 168 1
136 169 -1
136 171 -1
136 174 1
136 177 -1
136 182 -1
136 184 1
136 187 -1
136 188 1
137 140 1
137 151 -1
137 159 1
137 170 -1
137 173 -1
137 174 -1
137 180 -1
137 186 -1
138 144 -1
138 148 -1
138 150 -1
138 160 -1
138 161 -1
138 164 -1
138 175 -1
138 176 -1
138 188 -1
139 144 -1
139 154 1
139 156 -1
139 163 -1
139 164 1
139 170 -1
139 173 1
139 176 -1
139 177 -1
139 178 -1
139 180 -1
139 185 -1
139 189 -1
139 190 1
140 143 -1
140 147 -1
140 168 -1
140 174 -1
141 151 -1
141 160 -1
141 169 -1
141 181 -1
142 143 -1
142 166 -1
142 172 1
142 175 -1
142 177 1
142 179 -1
142 186 -1
142 187 -1
143 144 -1
143 149 -1
143 156 -1
143 158 -1
143 160 -1
143 169 -1
143 179 -1
143 181 1
143 186 -1
143 190 -1
144 156 1
144 157 -1
144 161 1
144 163 1
144 165 1
144 169 1
144 172 -1
144 178 1
144 186 -1
144 190 -1
145 147 -1
145 151 -1
145 154 -1
145 181 -1
145 186 -1
146 147 1
146 150 -1
146 151 1
146 154 -1
146 155 -1
146 156 -1
146 157 1
146 158 -1
146 170 1
146 176 1
146 183 -1
146 184 -1
147 150 -1
147 151 1
147 155 -1
147 157 1
147 170 1
147 174 -1
147 176 1
147 179 -1
148 156 -1
148 167 1
148 174 -1
148 187 1
148 188 -1
149 167 -1
149 172 -1
149 173 -1
149 177 -1
149 181 -1
149 183 1
150 159 -1
150 169 -1
150 179 -1
150 188 -1
150 190 -1
151 155 -1
151 157 1
151 159 -1
151 160 -1
151 167 -1
151 169 -1
151 170 1
151 176 1
151 183 -1
151 188 -1
151 190 -1
152 153 1
152 154 -1
152 155 1
152 158 1
152 160 -1
152 163 -1
152 170 -1
152 171 -1
152 173 -1
152 174 -1
152 178 -1
152 185 -1
152 186 1
152 187 -1
152 189 -1
152 190 -1
153 155 1
153 157 -1
153 158 1
153 167 -1
153 169 -1
153 171 -1
153 180 -1
153 186 1
154 161 -1
154 166 -1
154 168 -1
154 172 1
154 173 -1
154 189 -1
154 190 1
155 158 1
155 164 -1
155 169 1
155 171 -1
155 173 -1
155 176 -1
155 178 -1
155 179 -1
155 181 -1
155 184 -1
155 185 -1
155 186 1
155 190 -1
156 158 1
156 161 1
156 163 1
156 165 1
156 167 -1
156 169 1
156 177 -1
156 178 1
156 186 1
156 188 -1
157 170 1
157 176 1
157 183 -1
158 161 1
158 162 -1
158 163 1
158 165 1
158 166 -1
158 169 1
158 171 -1
158 186 1
159 161 -1
159 172 -1
159 176 -1
159 177 -1
159 182 -1
159 183 -1
159 189 -1
160 169 -1
160 174 -1
160 176 -1
160 185 -1
160 187 -1
160 188 -1
160 189 -1
161 163 1
161 165 1
161 169 1
161 178 1
161 181 -1
161 184 -1
161 188 -1
162 164 -1
162 170 -1
162 175 -1
162 181 -1
162 185 -1
162 187 -1
163 165 1
163 169 1
163 178 1
163 180 -1
163 183 -1
163 186 1
163 187 -1
163 188 -1
164 165 -1
164 173 1
164 174 -1
164 179 -1
164 187 -1
164 189 -1
164 190 1
165 169 1
165 173 -1
165 174 -1
165 178 1
165 179 -1
165 181 -1
165 182 -1
165 183 -1
165 186 1
165 189 -1
166 171 -1
166 174 -1
166 185 -1
166 189 -1
166 190 -1
167 171 1
167 173 -1
167 179 -1
167 187 1
168 174 1
168 178 -1
168 182 -1
168 184 1
168 186 -1
168 188 1
169 170 -1
169 176 -1
169 178 1
169 186 1
170 176 1
170 184 -1
170 189 -1
171 174 -1
171 176 -1
171 179 1
171 181 -1
171 183 -1
171 187 1
172 177 1
172 180 -1
172 182 -1
172 186 -1
172 187 -1
173 176 -1
173 179 -1
173 182 -1
173 183 -1
173 185 -1
173 186 -1
173 188 -1
173 190 1
174 179 -1
174 184 1
174 188 1
175 176 -1
175 178 -1
175 180 -1
175 184 -1
176 180 -1
176 184 -1
176 186 -1
177 188 -1
178 180 -1
178 189 -1
179 184 -1
179 189 -1
180 181 -1
180 182 1
180 189 1
180 190 -1
181 183 -1
182 185 -1
182 189 1
184 187 -1
184 188 1
187 190 -1
