vertices: 90 edges: 2073
1 3 1
1 6 1
1 7 1
1 8 -1
1 9 -1
1 11 -1
1 12 1
1 13 1
1 14 -1
1 15 -1
1 16 -1
1 18 -1
1 21 1
1 22 1
1 23 1
1 24 1
1 25 1
1 26 1
1 28 1
1 29 1
1 31 -1
1 34 1
1 35 1
1 38 1
1 40 1
1 42 1
1 47 -1
1 48 -1
1 49 -1
1 51 1
1 53 1
1 55 1
1 56 1
1 57 -1
1 58 -1
1 61 -1
1 63 1
1 64 1
1 69 1
1 71 1
1 72 1
1 75 1
1 78 1
1 80 1
1 81 -1
1 85 -1
1 87 -1
1 88 1
2 3 1
2 4 -1
2 7 1
2 8 1
2 13 1
2 18 -1
2 21 1
2 22 1
2 23 1
2 25 1
2 27 -1
2 28 -1
2 29 1
2 31 -1
2 32 -1
2 36 -1
2 37 1
2 45 -1
2 48 -1
2 50 -1
2 52 1
2 53 -1
2 55 1
2 56 1
2 58 -1
2 59 1
2 60 1
2 61 -1
2 62 -1
2 64 1
2 69 -1
2 71 -1
2 72 1
2 75 -1
2 77 -1
2 79 -1
2 81 -1
2 83 1
2 86 -1
2 87 -1
2 88 -1
2 90 -1
3 6 1
3 7 1
3 9 -1
3 12 1
3 13 1
3 17 -1
3 21 1
3 22 1
3 23 1
3 25 1
3 28 1
3 29 1
3 35 1
3 36 -1
3 37 1
3 41 -1
3 42 1
3 44 -1
3 52 -1
3 53 1
3 54 -1
3 55 1
3 56 1
3 59 1
3 60 1
3 63 -1
3 64 1
3 67 -1
3 72 1
3 74 -1
3 78 1
3 79 -1
3 82 -1
3 83 1
3 84 -1
3 89 -1
3 90 -1
4 6 -1
4 8 -1
4 9 1
4 11 1
4 14 -1
4 16 1
4 17 1
4 20 1
4 21 -1
4 25 -1
4 31 1
4 33 1
4 34 -1
4 35 -1
4 37 -1
4 38 -1
4 39 1
4 40 -1
4 41 -1
4 43 1
4 44 1
4 48 1
4 49 1
4 50 1
4 51 -1
4 54 1
4 61 -1
4 62 1
4 63 -1
4 64 -1
4 65 1
4 67 -1
4 68 1
4 69 -1
4 70 1
4 71 -1
4 73 -1
4 74 -1
4 76 1
4 78 -1
4 81 1
4 85 1
4 86 -1
4 87 -1
4 88 -1
4 89 -1
4 90 1
5 8 1
5 11 1
5 14 1
5 15 -1
5 17 -1
5 18 1
5 25 -1
5 27 -1
5 30 1
5 36 -1
5 39 1
5 42 -1
5 43 -1
5 45 1
5 46 -1
5 47 1
5 52 1
5 53 -1
5 54 1
5 57 1
5 59 -1
5 61 -1
5 64 -1
5 65 1
5 66 1
5 67 1
5 70 1
5 73 1
5 74 1
5 76 -1
5 77 -1
5 78 -1
5 79 1
5 84 1
5 85 -1
5 86 1
5 88 -1
5 89 1
5 90 -1
6 7 1
6 11 -1
6 12 1
6 13 1
6 17 -1
6 22 1
6 23 1
6 24 1
6 25 1
6 26 1
6 28 1
6 29 1
6 30 -1
6 31 -1
6 34 1
6 35 1
6 36 1
6 37 -1
6 38 1
6 40 1
6 41 1
6 42 1
6 45 -1
6 49 -1
6 51 1
6 52 -1
6 53 1
6 55 1
6 56 1
6 62 -1
6 63 1
6 64 1
6 65 -1
6 66 -1
6 67 -1
6 69 1
6 70 -1
6 71 1
6 72 1
6 73 -1
6 74 -1
6 75 1
6 78 1
6 80 1
6 82 1
6 88 1
6 89 -1
7 9 -1
7 12 1
7 13 1
7 16 -1
7 19 -1
7 20 -1
7 21 1
7 22 1
7 23 1
7 25 1
7 27 -1
7 28 1
7 29 1
7 33 -1
7 35 1
7 36 -1
7 37 1
7 39 -1
7 42 1
7 43 -1
7 46 -1
7 49 -1
7 50 -1
7 53 1
7 54 -1
7 55 1
7 56 1
7 57 -1
7 58 -1
7 59 1
7 60 1
7 61 -1
7 64 1
7 65 -1
7 68 -1
7 72 1
7 75 1
7 78 1
7 79 -1
7 83 1
7 88 -1
7 89 -1
8 14 -1
8 18 1
8 19 -1
8 20 -1
8 26 -1
8 27 -1
8 29 -1
8 30 1
8 33 -1
8 34 -1
8 36 -1
8 37 1
8 43 -1
8 45 1
8 47 1
8 48 -1
8 50 -1
8 52 1
8 54 -1
8 57 1
8 59 1
8 60 1
8 66 1
8 67 1
8 68 -1
8 69 -1
8 71 -1
8 73 1
8 75 -1
8 76 -1
8 79 1
8 81 -1
8 83 1
8 84 1
8 85 -1
8 86 -1
8 89 1
8 90 -1
9 10 1
9 14 -1
9 15 1
9 16 1
9 17 1
9 20 1
9 21 -1
9 22 -1
9 23 -1
9 24 -1
9 25 -1
9 31 -1
9 33 -1
9 35 -1
9 39 -1
9 41 -1
9 43 -1
9 44 1
9 45 -1
9 48 1
9 50 1
9 53 -1
9 55 -1
9 59 -1
9 60 -1
9 62 1
9 63 -1
9 64 -1
9 67 -1
9 69 -1
9 70 -1
9 71 -1
9 72 -1
9 73 -1
9 74 -1
9 76 1
9 78 -1
9 79 -1
9 85 1
9 87 -1
9 89 -1
9 90 1
10 14 -1
10 15 1
10 16 1
10 17 1
10 22 -1
10 25 -1
10 26 -1
10 29 -1
10 30 -1
10 36 -1
10 42 -1
10 43 -1
10 44 1
10 46 -1
10 48 1
10 50 1
10 51 -1
10 55 -1
10 60 -1
10 61 -1
10 62 1
10 70 -1
10 72 -1
10 77 -1
10 82 -1
10 85 1
10 88 -1
10 89 -1
11 14 1
11 17 1
11 18 1
11 20 1
11 22 -1
11 27 -1
11 29 -1
11 30 -1
11 31 1
11 33 1
11 34 -1
11 37 -1
11 38 -1
11 39 1
11 43 1
11 45 -1
11 47 1
11 49 1
11 50 -1
11 54 1
11 55 -1
11 58 -1
11 65 1
11 68 1
11 70 1
11 74 1
11 76 1
11 79 1
11 80 -1
11 81 1
11 83 -1
11 84 -1
11 85 1
11 86 1
11 88 -1
11 90 1
12 13 1
12 14 -1
12 18 -1
12 21 1
12 22 1
12 23 1
12 24 1
12 25 1
12 26 1
12 28 1
12 29 1
12 30 -1
12 33 -1
12 34 1
12 35 1
12 37 1
12 38 -1
12 40 1
12 42 1
12 45 -1
12 47 -1
12 48 -1
12 50 -1
12 51 1
12 52 -1
12 53 1
12 55 1
12 56 1
12 58 -1
12 59 -1
12 61 -1
12 63 1
12 64 1
12 68 -1
12 69 1
12 71 -1
12 72 1
12 75 1
12 78 1
12 79 -1
12 80 1
12 83 1
12 84 -1
12 85 -1
12 87 -1
12 88 1
13 14 -1
13 19 -1
13 20 -1
13 21 1
13 22 1
13 23 1
13 24 1
13 25 1
13 26 1
13 28 1
13 29 1
13 31 -1
13 34 1
13 35 1
13 36 -1
13 37 1
13 40 1
13 41 -1
13 42 1
13 44 -1
13 45 -1
13 49 -1
13 51 1
13 53 1
13 54 -1
13 55 1
13 56 1
13 60 -1
13 63 1
13 64 1
13 67 -1
13 68 -1
13 69 1
13 70 -1
13 72 1
13 74 -1
13 75 1
13 78 1
13 80 1
13 81 -1
13 82 -1
13 83 1
13 88 1
14 15 -1
14 17 -1
14 18 1
14 19 -1
14 20 -1
14 27 -1
14 30 1
14 31 1
14 32 -1
14 33 1
14 35 -1
14 37 -1
14 39 1
14 42 -1
14 43 1
14 45 1
14 47 1
14 54 1
14 55 -1
14 57 1
14 59 -1
14 60 -1
14 61 -1
14 63 -1
14 65 1
14 66 1
14 67 1
14 68 1
14 69 -1
14 70 1
14 73 1
14 74 1
14 77 -1
14 78 -1
14 79 1
14 80 -1
14 81 1
14 84 1
14 85 -1
14 86 1
14 89 1
14 90 -1
15 16 1
15 17 1
15 21 -1
15 25 -1
15 28 -1
15 37 -1
15 40 -1
15 43 -1
15 44 1
15 45 -1
15 47 -1
15 48 1
15 50 1
15 51 -1
15 53 -1
15 56 -1
15 61 -1
15 62 1
15 65 -1
15 66 -1
15 69 -1
15 75 -1
15 77 -1
15 83 -1
15 85 1
15 86 -1
15 90 -1
16 17 1
16 19 -1
16 20 1
16 21 -1
16 25 -1
16 33 -1
16 35 -1
16 38 -1
16 42 -1
16 43 1
16 44 1
16 45 -1
16 48 1
16 49 1
16 50 1
16 53 -1
16 57 -1
16 59 -1
16 62 1
16 63 -1
16 65 -1
16 68 1
16 69 -1
16 70 -1
16 71 -1
16 75 -1
16 76 1
16 77 -1
16 80 -1
16 83 -1
16 85 1
16 86 -1
16 88 -1
16 89 -1
16 90 1
17 20 1
17 24 -1
17 26 -1
17 31 1
17 33 1
17 36 -1
17 37 -1
17 39 -1
17 43 1
17 44 1
17 45 -1
17 48 1
17 49 1
17 50 1
17 51 -1
17 52 -1
17 56 -1
17 60 -1
17 61 -1
17 62 1
17 65 1
17 67 -1
17 68 1
17 70 1
17 76 1
17 80 -1
17 81 1
17 83 -1
17 84 -1
17 85 1
17 86 -1
17 88 -1
17 90 1
18 19 -1
18 20 -1
18 23 -1
18 25 -1
18 26 -1
18 27 -1
18 30 1
18 31 -1
18 32 -1
18 33 1
18 36 -1
18 39 1
18 40 -1
18 41 -1
18 43 -1
18 45 1
18 47 1
18 48 -1
18 50 -1
18 51 -1
18 52 1
18 53 -1
18 54 1
18 56 -1
18 57 1
18 64 -1
18 65 1
18 66 1
18 67 1
18 68 -1
18 69 -1
18 70 1
18 72 -1
18 73 1
18 74 1
18 76 -1
18 77 -1
18 79 1
18 82 -1
18 83 -1
18 84 1
18 86 1
18 89 1
19 24 1
19 25 -1
19 26 1
19 27 1
19 28 -1
19 32 1
19 34 1
19 35 -1
19 36 1
19 37 -1
19 38 1
19 40 1
19 41 1
19 42 -1
19 44 -1
19 46 1
19 47 -1
19 48 -1
19 49 -1
19 51 1
19 54 -1
19 56 -1
19 58 1
19 61 1
19 62 -1
19 63 1
19 66 -1
19 69 1
19 71 1
19 74 -1
19 75 -1
19 77 1
19 80 1
19 82 1
19 85 -1
19 87 1
19 88 1
19 89 -1
20 26 -1
20 30 -1
20 31 1
20 33 1
20 35 -1
20 37 -1
20 39 1
20 43 1
20 44 1
20 45 -1
20 46 -1
20 48 1
20 49 1
20 50 1
20 54 -1
20 57 -1
20 59 -1
20 61 -1
20 62 1
20 64 -1
20 65 1
20 67 -1
20 68 1
20 69 -1
20 70 1
20 71 -1
20 75 -1
20 76 1
20 81 1
20 82 -1
20 83 -1
20 84 -1
20 85 1
20 86 -1
20 90 1
21 22 1
21 23 1
21 25 1
21 28 1
21 29 1
21 31 -1
21 33 -1
21 34 -1
21 35 1
21 37 1
21 39 -1
21 43 -1
21 46 -1
21 49 -1
21 52 1
21 53 1
21 55 1
21 56 1
21 57 -1
21 59 1
21 60 1
21 64 1
21 67 -1
21 72 1
21 74 -1
21 75 -1
21 83 1
21 84 -1
21 85 -1
21 90 -1
22 23 1
22 24 1
22 25 1
22 26 1
22 28 1
22 29 1
22 30 -1
22 32 -1
22 34 1
22 35 1
22 37 1
22 38 -1
22 39 -1
22 40 1
22 42 1
22 47 -1
22 50 -1
22 51 1
22 52 -1
22 53 1
22 55 1
22 56 1
22 57 -1
22 60 -1
22 63 1
22 64 1
22 69 1
22 72 1
22 75 1
22 76 -1
22 78 1
22 83 1
22 86 -1
22 87 -1
22 88 1
22 89 -1
22 90 -1
23 24 1
23 25 1
23 26 1
23 28 1
23 29 1
23 30 -1
23 32 -1
23 33 -1
23 34 1
23 35 1
23 37 1
23 40 1
23 41 -1
23 42 1
23 44 -1
23 46 -1
23 47 -1
23 49 -1
23 50 -1
23 51 1
23 53 1
23 55 1
23 56 1
23 60 -1
23 62 -1
23 63 1
23 64 1
23 68 -1
23 69 1
23 72 1
23 73 -1
23 74 -1
23 75 1
23 77 -1
23 78 1
23 79 -1
23 80 1
23 81 -1
23 82 -1
23 83 1
23 84 -1
23 86 -1
23 88 1
24 26 1
24 27 1
24 28 1
24 29 -1
24 32 1
24 33 -1
24 34 1
24 35 1
24 36 1
24 38 1
24 40 1
24 41 1
24 42 1
24 44 -1
24 45 -1
24 46 1
24 47 -1
24 50 -1
24 51 1
24 53 1
24 54 -1
24 58 1
24 59 -1
24 61 1
24 62 -1
24 63 1
24 64 1
24 67 -1
24 69 1
24 71 1
24 72 1
24 74 -1
24 75 1
24 77 1
24 78 1
24 80 1
24 82 1
24 84 -1
24 88 1
25 26 -1
25 27 -1
25 28 1
25 29 1
25 30 -1
25 34 -1
25 35 1
25 37 1
25 40 -1
25 41 -1
25 42 1
25 44 -1
25 45 -1
25 49 -1
25 53 1
25 55 1
25 56 1
25 57 -1
25 59 1
25 60 1
25 61 -1
25 64 1
25 65 -1
25 67 -1
25 69 -1
25 71 -1
25 72 1
25 73 -1
25 74 -1
25 76 -1
25 78 1
25 81 -1
25 83 1
25 85 -1
25 86 -1
26 27 1
26 28 1
26 29 1
26 30 -1
26 32 1
26 33 -1
26 34 1
26 35 1
26 36 1
26 37 -1
26 38 1
26 40 1
26 41 1
26 42 1
26 45 -1
26 50 -1
26 51 1
26 52 -1
26 53 1
26 54 -1
26 56 -1
26 60 -1
26 63 1
26 64 1
26 67 -1
26 68 -1
26 69 1
26 71 1
26 72 1
26 73 -1
26 74 -1
26 75 1
26 76 -1
26 77 1
26 78 1
26 79 -1
26 80 1
26 82 1
26 86 -1
26 88 1
26 89 -1
26 90 -1
27 29 -1
27 32 1
27 34 1
27 35 -1
27 36 1
27 38 1
27 39 -1
27 40 1
27 41 1
27 44 -1
27 45 -1
27 46 1
27 51 1
27 55 -1
27 57 -1
27 58 1
27 61 1
27 63 1
27 65 -1
27 66 -1
27 68 -1
27 69 1
27 71 1
27 74 -1
27 77 1
27 78 -1
27 79 -1
27 80 1
27 82 1
27 84 -1
27 85 -1
27 87 1
27 88 1
28 29 1
28 30 -1
28 33 -1
28 34 1
28 35 1
28 37 -1
28 38 1
28 39 -1
28 40 1
28 42 1
28 43 -1
28 46 -1
28 48 -1
28 49 -1
28 50 -1
28 51 1
28 52 -1
28 53 1
28 55 1
28 56 1
28 61 -1
28 63 1
28 64 1
28 65 -1
28 66 -1
28 69 1
28 71 1
28 72 1
28 73 -1
28 75 1
28 76 -1
28 78 1
28 80 1
28 81 -1
28 88 1
28 89 -1
29 31 -1
29 34 1
29 35 1
29 37 1
29 40 1
29 42 1
29 44 -1
29 47 -1
29 48 -1
29 50 -1
29 53 1
29 55 1
29 56 1
29 60 1
29 62 -1
29 63 1
29 64 1
29 65 -1
29 67 -1
29 72 1
29 74 -1
29 75 1
29 77 -1
29 78 1
29 83 1
29 86 -1
29 88 1
30 33 -1
30 35 -1
30 37 -1
30 38 -1
30 41 -1
30 43 -1
30 45 1
30 47 1
30 49 -1
30 52 1
30 54 1
30 57 1
30 59 1
30 60 1
30 61 -1
30 66 1
30 67 1
30 70 -1
30 71 -1
30 72 -1
30 73 1
30 74 1
30 79 1
30 80 -1
30 81 -1
30 83 -1
30 84 1
30 85 -1
30 86 1
30 87 -1
30 88 -1
30 89 1
31 32 -1
31 33 1
31 36 -1
31 37 -1
31 38 -1
31 39 1
31 40 -1
31 43 1
31 44 -1
31 47 1
31 48 1
31 49 1
31 54 1
31 57 -1
31 60 -1
31 62 1
31 64 -1
31 65 1
31 67 -1
31 68 1
31 70 1
31 73 -1
31 74 1
31 76 1
31 78 -1
31 80 -1
31 81 1
31 83 -1
31 85 1
31 86 1
31 89 -1
31 90 1
32 33 -1
32 34 1
32 35 -1
32 36 1
32 38 1
32 40 1
32 41 1
32 46 1
32 49 -1
32 51 1
32 53 -1
32 54 -1
32 56 -1
32 58 1
32 59 -1
32 61 1
32 63 1
32 68 -1
32 69 1
32 70 -1
32 71 1
32 75 1
32 77 1
32 80 1
32 81 -1
32 82 1
32 85 -1
32 87 1
32 88 1
32 90 -1
33 34 -1
33 38 -1
33 39 1
33 40 -1
33 41 -1
33 43 1
33 46 -1
33 47 1
33 49 1
33 52 -1
33 53 -1
33 54 1
33 57 -1
33 60 -1
33 62 1
33 63 -1
33 65 1
33 68 1
33 70 1
33 74 1
33 75 -1
33 76 1
33 80 -1
33 81 1
33 85 1
33 86 1
33 90 1
34 35 1
34 36 1
34 37 -1
34 38 1
34 40 1
34 41 1
34 42 1
34 46 1
34 47 -1
34 51 1
34 53 1
34 54 -1
34 55 -1
34 57 -1
34 58 1
34 61 1
34 63 1
34 64 1
34 66 -1
34 68 -1
34 69 1
34 71 1
34 72 1
34 73 -1
34 74 -1
34 75 1
34 76 -1
34 77 1
34 78 1
34 80 1
34 82 1
34 85 -1
34 88 1
35 37 1
35 39 -1
35 40 1
35 42 1
35 43 -1
35 44 -1
35 46 -1
35 48 -1
35 50 -1
35 51 1
35 52 -1
35 53 1
35 54 -1
35 55 1
35 56 1
35 57 -1
35 63 1
35 64 1
35 68 -1
35 69 1
35 70 -1
35 72 1
35 74 -1
35 75 1
35 76 -1
35 77 -1
35 78 1
35 80 1
35 81 -1
35 83 1
35 85 -1
35 88 1
35 89 -1
35 90 -1
36 38 1
36 39 -1
36 40 1
36 41 1
36 43 -1
36 46 1
36 51 1
36 54 -1
36 57 -1
36 58 1
36 59 -1
36 60 -1
36 61 1
36 63 1
36 66 -1
36 69 1
36 71 1
36 73 -1
36 75 1
36 76 -1
36 77 1
36 80 1
36 82 1
36 83 -1
36 84 -1
36 86 -1
36 87 1
36 88 1
37 40 -1
37 41 -1
37 43 -1
37 51 -1
37 52 1
37 54 -1
37 55 1
37 56 1
37 58 -1
37 59 1
37 60 1
37 62 -1
37 63 -1
37 64 1
37 66 -1
37 68 -1
37 72 1
37 75 -1
37 79 -1
37 80 -1
37 81 -1
37 82 -1
37 83 1
37 86 -1
37 87 -1
37 88 -1
38 40 1
38 41 1
38 42 1
38 45 -1
38 46 1
38 51 1
38 53 1
38 56 -1
38 57 -1
38 58 1
38 61 1
38 63 1
38 67 -1
38 68 -1
38 69 1
38 70 -1
38 71 1
38 75 1
38 76 -1
38 77 1
38 78 1
38 80 1
38 82 1
38 83 -1
38 85 -1
38 87 1
38 88 1
38 89 -1
39 40 -1
39 41 -1
39 43 1
39 45 1
39 47 1
39 48 -1
39 49 1
39 50 -1
39 54 1
39 57 1
39 58 -1
39 61 -1
39 64 -1
39 65 1
39 67 1
39 68 1
39 70 1
39 71 -1
39 74 1
39 75 -1
39 76 1
39 77 -1
39 79 1
39 80 -1
39 81 1
39 82 -1
39 83 -1
39 85 -1
39 86 1
39 88 -1
39 89 1
39 90 1
40 41 1
40 42 1
40 45 -1
40 46 1
40 49 -1
40 51 1
40 52 -1
40 53 1
40 55 -1
40 58 1
40 61 1
40 62 -1
40 63 1
40 64 1
40 66 -1
40 69 1
40 70 -1
40 71 1
40 72 1
40 74 -1
40 75 1
40 77 1
40 78 1
40 79 -1
40 80 1
40 82 1
40 85 -1
40 87 -1
40 88 1
41 42 1
41 44 -1
41 46 1
41 50 -1
41 51 1
41 58 1
41 60 -1
41 61 1
41 62 -1
41 63 1
41 64 -1
41 69 1
41 71 1
41 74 -1
41 75 1
41 77 1
41 78 1
41 79 -1
41 80 1
41 82 1
41 85 -1
41 86 -1
41 87 1
41 88 1
41 90 -1
42 43 -1
42 44 -1
42 51 1
42 53 1
42 55 1
42 56 1
42 60 -1
42 63 1
42 64 1
42 67 -1
42 69 1
42 71 1
42 72 1
42 73 -1
42 74 -1
42 75 1
42 78 1
42 80 1
42 81 -1
42 83 -1
42 84 -1
42 85 -1
42 86 -1
42 88 1
42 89 -1
43 44 -1
43 45 -1
43 48 1
43 49 1
43 50 -1
43 52 -1
43 53 -1
43 54 1
43 57 -1
43 58 -1
43 62 1
43 63 -1
43 65 1
43 68 1
43 70 1
43 72 -1
43 74 1
43 76 1
43 78 -1
43 81 1
43 83 -1
43 85 1
43 86 -1
43 90 1
44 48 1
44 50 1
44 54 -1
44 55 -1
44 57 -1
44 59 -1
44 60 -1
44 61 -1
44 62 1
44 63 -1
44 64 -1
44 65 -1
44 66 -1
44 67 -1
44 69 -1
44 71 -1
44 74 -1
44 75 -1
44 76 1
44 82 -1
44 83 -1
44 85 1
44 86 -1
44 90 1
45 46 -1
45 47 1
45 50 -1
45 52 1
45 54 1
45 55 -1
45 57 1
45 58 -1
45 59 1
45 63 -1
45 64 -1
45 65 -1
45 66 1
45 67 1
45 68 -1
45 69 -1
45 70 1
45 72 -1
45 73 1
45 74 1
45 75 -1
45 79 1
45 81 -1
45 83 -1
45 84 1
45 86 1
45 88 -1
45 89 1
46 48 -1
46 51 1
46 52 -1
46 54 -1
46 56 -1
46 58 1
46 59 -1
46 61 1
46 63 1
46 66 -1
46 69 1
46 71 1
46 75 -1
46 77 1
46 78 -1
46 80 1
46 81 -1
46 82 1
46 86 -1
46 87 1
46 88 1
46 89 -1
46 90 -1
47 51 -1
47 52 -1
47 54 1
47 56 -1
47 57 1
47 62 -1
47 65 1
47 66 1
47 67 1
47 68 -1
47 70 1
47 73 1
47 74 1
47 75 -1
47 76 -1
47 77 -1
47 78 -1
47 79 1
47 84 1
47 85 -1
47 86 1
47 87 -1
47 89 1
48 49 1
48 50 1
48 53 -1
48 56 -1
48 59 -1
48 62 1
48 63 -1
48 66 -1
48 68 1
48 69 -1
48 71 -1
48 73 -1
48 74 -1
48 75 -1
48 76 1
48 77 -1
48 78 -1
48 81 1
48 83 -1
48 85 1
48 90 1
49 50 1
49 51 -1
49 54 1
49 58 -1
49 60 -1
49 62 1
49 65 1
49 68 1
49 70 1
49 74 -1
49 76 1
49 77 -1
49 80 -1
49 81 1
49 82 -1
49 85 1
49 90 1
50 53 -1
50 55 -1
50 56 -1
50 59 -1
50 62 1
50 63 -1
50 65 -1
50 69 -1
50 74 -1
50 76 1
50 77 -1
50 78 -1
50 84 -1
50 85 1
50 86 -1
50 90 1
51 53 1
51 57 -1
51 58 1
51 60 -1
51 61 1
51 63 1
51 64 1
51 66 -1
51 69 1
51 71 1
51 72 1
51 75 1
51 77 1
51 78 1
51 80 1
51 81 -1
51 82 1
51 83 -1
51 85 -1
51 87 1
51 88 1
51 89 -1
52 57 1
52 59 1
52 60 1
52 62 -1
52 66 1
52 67 1
52 69 -1
52 71 -1
52 72 -1
52 73 1
52 74 -1
52 75 -1
52 78 -1
52 79 1
52 80 -1
52 83 1
52 84 1
52 85 -1
52 89 1
53 55 1
53 56 1
53 57 -1
53 58 -1
53 61 -1
53 63 1
53 64 1
53 69 1
53 70 -1
53 71 1
53 72 1
53 73 -1
53 75 1
53 77 -1
53 78 1
53 79 -1
53 80 1
53 83 -1
53 88 1
53 89 -1
53 90 -1
54 55 -1
54 56 -1
54 57 1
54 59 -1
54 60 -1
54 64 -1
54 65 1
54 66 1
54 67 1
54 68 1
54 70 1
54 71 -1
54 73 1
54 74 1
54 75 -1
54 76 1
54 78 -1
54 79 1
54 81 1
54 83 -1
54 84 1
54 86 1
54 88 -1
54 89 1
54 90 1
55 56 1
55 57 -1
55 58 -1
55 59 1
55 60 1
55 64 1
55 68 -1
55 69 -1
55 72 1
55 75 1
55 76 -1
55 78 1
55 80 -1
55 81 -1
55 83 1
55 85 -1
55 90 -1
56 58 -1
56 59 1
56 60 1
56 62 -1
56 63 -1
56 64 1
56 68 -1
56 70 -1
56 72 1
56 75 1
56 76 -1
56 78 1
56 81 -1
56 83 1
56 85 -1
56 86 -1
57 58 -1
57 59 1
57 61 -1
57 65 -1
57 66 1
57 67 1
57 72 -1
57 73 1
57 74 1
57 77 -1
57 79 1
57 80 -1
57 82 -1
57 84 1
57 85 -1
57 86 1
57 89 1
57 90 -1
58 61 1
58 63 1
58 64 -1
58 69 1
58 70 -1
58 71 1
58 72 -1
58 76 -1
58 77 1
58 79 -1
58 80 1
58 81 -1
58 82 1
58 84 -1
58 85 -1
58 87 1
58 88 1
58 90 -1
59 60 1
59 62 -1
59 66 1
59 67 1
59 68 -1
59 73 1
59 75 -1
59 77 -1
59 82 -1
59 83 1
59 84 1
59 85 -1
59 87 -1
59 89 1
59 90 -1
60 65 -1
60 66 1
60 67 -1
60 69 -1
60 73 1
60 76 -1
60 77 -1
60 82 -1
60 83 1
60 84 1
60 87 -1
61 63 1
61 66 -1
61 68 -1
61 69 1
61 70 -1
61 71 1
61 72 -1
61 76 -1
61 77 1
61 79 -1
61 80 1
61 81 -1
61 82 1
61 85 -1
61 87 1
61 88 1
62 68 1
62 70 -1
62 75 -1
62 76 1
62 80 -1
62 81 1
62 83 -1
62 85 1
62 90 1
63 64 1
63 65 -1
63 67 -1
63 68 -1
63 69 1
63 71 1
63 72 1
63 74 -1
63 75 1
63 77 1
63 78 1
63 80 1
63 81 -1
63 82 1
63 83 -1
63 85 -1
63 86 -1
63 88 1
64 66 -1
64 68 -1
64 69 1
64 71 -1
64 72 1
64 75 1
64 78 1
64 80 -1
64 83 1
64 88 1
64 90 -1
65 68 1
65 70 1
65 71 -1
65 72 -1
65 74 1
65 76 1
65 77 -1
65 79 1
65 80 -1
65 81 1
65 85 1
65 86 1
65 90 1
66 67 1
66 68 -1
66 71 -1
66 72 -1
66 73 1
66 74 1
66 76 -1
66 79 1
66 83 -1
66 84 1
66 86 1
66 89 1
67 70 1
67 71 -1
67 73 1
67 74 1
67 76 -1
67 78 -1
67 79 1
67 83 -1
67 84 1
67 86 1
67 88 -1
67 89 1
68 70 1
68 71 -1
68 74 1
68 75 -1
68 76 1
68 77 -1
68 81 1
68 82 -1
68 84 -1
68 85 1
68 89 -1
68 90 1
69 70 -1
69 71 1
69 72 1
69 73 -1
69 74 -1
69 75 1
69 77 1
69 78 1
69 79 -1
69 80 1
69 82 1
69 83 -1
69 84 -1
69 87 1
69 88 1
69 89 -1
69 90 -1
70 73 -1
70 74 1
70 76 1
70 77 -1
70 79 1
70 81 1
70 86 1
70 90 1
71 75 1
71 77 1
71 78 1
71 80 1
71 81 -1
71 82 1
71 84 -1
71 87 1
71 88 1
71 89 -1
72 73 -1
72 75 1
72 78 1
72 80 1
72 83 1
72 85 -1
72 88 1
72 90 -1
73 74 1
73 75 -1
73 79 1
73 80 -1
73 81 -1
73 84 1
73 86 1
73 88 -1
73 89 1
74 77 -1
74 79 1
74 81 1
74 84 1
74 85 -1
74 86 1
74 89 1
75 77 1
75 78 1
75 79 -1
75 80 1
75 82 1
75 84 -1
75 85 -1
75 86 -1
75 88 1
75 89 -1
76 80 -1
76 81 1
76 82 -1
76 83 -1
76 85 1
76 88 -1
76 90 1
77 78 -1
77 79 -1
77 80 1
77 82 1
77 84 -1
77 87 1
77 88 1
77 89 -1
78 80 1
78 81 -1
78 87 -1
78 88 1
79 82 -1
79 83 -1
79 84 1
79 85 -1
79 86 1
79 87 -1
79 89 1
79 90 -1
80 82 1
80 86 -1
80 87 1
80 88 1
80 90 -1
81 82 -1
81 83 -1
81 85 1
81 86 1
81 90 1
82 83 -1
82 87 1
82 88 1
82 89 -1
83 87 -1
83 88 -1
83 89 -1
84 86 1
84 87 -1
84 89 1
85 87 -1
85 90 1
86 87 -1
86 89 1
87 90 -1
