vertices: 150 edges: 2237
1 4 -1
1 6 -1
1 8 -1
1 11 -1
1 17 -1
1 21 -1
1 22 -1
1 29 -1
1 30 -1
1 38 -1
1 41 -1
1 49 1
1 56 -1
1 59 -1
1 65 1
1 71 -1
1 78 -1
1 82 -1
1 100 -1
1 104 -1
1 106 -1
1 114 1
1 122 -1
1 126 -1
1 131 -1
1 132 1
1 140 -1
1 142 -1
1 143 1
1 150 -1
2 5 1
2 6 -1
2 9 -1
2 22 -1
2 24 -1
2 27 1
2 32 -1
2 33 -1
2 35 -1
2 41 1
2 43 -1
2 44 -1
2 61 -1
2 64 1
2 65 -1
2 72 -1
2 80 1
2 84 1
2 88 -1
2 91 -1
2 107 1
2 109 -1
2 113 -1
2 118 1
2 119 -1
2 125 1
2 128 -1
2 130 -1
2 136 -1
2 144 -1
3 5 -1
3 22 -1
3 23 -1
3 26 1
3 27 -1
3 33 1
3 43 1
3 44 -1
3 54 -1
3 55 -1
3 57 -1
3 58 -1
3 65 -1
3 70 1
3 71 -1
3 78 -1
3 81 -1
3 82 -1
3 100 -1
3 110 -1
3 113 -1
3 115 -1
3 124 -1
3 146 1
4 6 -1
4 15 -1
4 20 -1
4 22 -1
4 23 -1
4 37 -1
4 41 -1
4 42 1
4 43 -1
4 46 1
4 49 -1
4 50 1
4 53 -1
4 59 -1
4 62 -1
4 64 -1
4 77 -1
4 79 -1
4 81 -1
4 90 1
4 96 1
4 97 -1
4 101 1
4 103 -1
4 107 -1
4 110 1
4 112 -1
4 115 -1
4 117 -1
4 119 -1
4 121 -1
4 126 -1
4 133 -1
4 136 -1
4 137 -1
4 147 -1
4 150 1
5 13 -1
5 16 -1
5 19 -1
5 32 -1
5 33 -1
5 34 -1
5 38 -1
5 41 1
5 42 -1
5 47 -1
5 48 -1
5 54 -1
5 58 -1
5 60 -1
5 63 -1
5 64 1
5 68 -1
5 73 -1
5 80 1
5 83 -1
5 84 1
5 89 -1
5 90 -1
5 91 -1
5 100 -1
5 101 -1
5 105 -1
5 107 1
5 108 -1
5 118 1
5 125 1
5 133 1
5 135 -1
5 137 -1
6 18 1
6 19 -1
6 22 -1
6 24 -1
6 26 -1
6 27 -1
6 30 -1
6 31 -1
6 33 -1
6 41 -1
6 47 1
6 50 -1
6 54 -1
6 56 -1
6 61 1
6 71 -1
6 80 -1
6 90 -1
6 95 -1
6 100 -1
6 103 -1
6 106 -1
6 112 -1
6 124 -1
6 127 1
6 129 -1
6 132 -1
6 138 1
6 141 1
7 8 -1
7 15 -1
7 20 -1
7 31 -1
7 32 -1
7 33 -1
7 36 -1
7 44 -1
7 48 -1
7 50 -1
7 51 -1
7 70 -1
7 73 -1
7 74 -1
7 78 -1
7 79 -1
7 81 1
7 90 -1
7 104 1
7 114 -1
7 115 -1
7 116 1
7 118 -1
7 119 1
7 120 1
7 121 -1
7 123 -1
7 125 -1
7 126 -1
7 129 1
7 138 -1
7 148 -1
7 150 -1
8 11 -1
8 13 -1
8 19 -1
8 30 1
8 32 1
8 34 -1
8 37 -1
8 44 -1
8 49 -1
8 54 -1
8 56 -1
8 59 1
8 65 -1
8 75 -1
8 84 -1
8 86 -1
8 88 1
8 89 -1
8 93 -1
8 94 -1
8 95 -1
8 97 -1
8 103 -1
8 104 -1
8 106 -1
8 108 -1
8 111 -1
8 113 1
8 115 1
8 121 -1
8 122 1
8 124 -1
8 127 -1
8 133 -1
8 140 -1
8 147 -1
9 11 1
9 17 -1
9 30 -1
9 35 -1
9 46 -1
9 51 -1
9 65 -1
9 68 -1
9 70 -1
9 76 -1
9 77 -1
9 78 -1
9 81 -1
9 82 -1
9 90 -1
9 91 1
9 96 -1
9 99 -1
9 102 1
9 105 -1
9 106 -1
9 108 1
9 114 -1
9 124 -1
9 127 -1
9 133 -1
9 134 -1
9 149 -1
10 12 -1
10 17 1
10 19 1
10 20 -1
10 28 1
10 32 -1
10 44 -1
10 47 -1
10 54 -1
10 59 -1
10 61 -1
10 62 1
10 63 -1
10 66 -1
10 70 -1
10 86 -1
10 92 -1
10 93 -1
10 95 -1
10 96 -1
10 103 1
10 110 -1
10 117 -1
10 124 -1
10 127 -1
10 131 -1
10 134 -1
10 136 -1
10 148 1
11 28 -1
11 30 -1
11 37 -1
11 38 -1
11 48 -1
11 49 -1
11 55 -1
11 61 -1
11 66 -1
11 70 -1
11 71 -1
11 79 -1
11 91 1
11 100 -1
11 102 1
11 108 -1
11 109 -1
11 110 -1
11 116 -1
11 124 -1
11 126 -1
11 135 -1
11 141 -1
11 150 -1
12 15 -1
12 18 -1
12 27 -1
12 31 1
12 36 -1
12 37 -1
12 38 -1
12 40 1
12 44 1
12 56 1
12 59 -1
12 64 -1
12 68 -1
12 70 -1
12 72 -1
12 86 1
12 89 1
12 90 -1
12 94 -1
12 98 1
12 100 -1
12 106 -1
12 107 -1
12 113 -1
12 116 -1
12 122 -1
12 124 -1
12 128 -1
12 132 -1
12 136 1
12 144 -1
13 22 -1
13 24 -1
13 25 -1
13 27 -1
13 47 -1
13 57 -1
13 61 -1
13 76 -1
13 80 -1
13 90 -1
13 94 -1
13 95 1
13 99 -1
13 102 1
13 103 -1
13 106 1
13 108 1
13 110 -1
13 114 -1
13 116 -1
13 123 1
13 124 1
13 126 -1
13 128 -1
13 129 -1
13 141 -1
13 145 -1
14 23 -1
14 24 -1
14 30 -1
14 32 -1
14 34 -1
14 35 1
14 37 1
14 49 -1
14 58 1
14 59 -1
14 66 -1
14 70 -1
14 73 -1
14 75 1
14 86 -1
14 90 -1
14 93 -1
14 116 -1
14 117 -1
14 121 -1
14 122 -1
14 124 -1
14 127 -1
14 128 1
14 129 -1
14 134 -1
14 135 -1
14 137 1
14 139 1
14 144 1
15 16 -1
15 28 -1
15 30 -1
15 40 -1
15 45 1
15 46 -1
15 48 -1
15 50 -1
15 57 1
15 59 -1
15 61 -1
15 66 -1
15 74 -1
15 75 -1
15 83 -1
15 88 -1
15 93 -1
15 98 -1
15 108 -1
15 111 -1
15 113 -1
15 114 -1
15 123 -1
15 127 -1
15 129 -1
15 130 1
15 132 -1
15 133 -1
15 134 1
15 135 -1
15 140 -1
15 141 -1
15 143 -1
15 144 -1
15 147 1
15 149 1
16 17 -1
16 18 -1
16 20 1
16 25 -1
16 28 -1
16 36 -1
16 37 -1
16 40 -1
16 43 -1
16 60 -1
16 63 -1
16 64 -1
16 72 1
16 75 -1
16 83 -1
16 84 -1
16 86 -1
16 90 -1
16 98 -1
16 102 -1
16 109 -1
16 112 -1
16 126 -1
16 130 -1
16 137 -1
16 140 -1
16 149 -1
17 19 1
17 28 -1
17 35 -1
17 39 -1
17 47 -1
17 56 -1
17 60 -1
17 62 1
17 65 -1
17 74 -1
17 79 -1
17 80 -1
17 87 -1
17 88 -1
17 98 -1
17 100 -1
17 101 -1
17 103 1
17 112 -1
17 113 -1
17 121 -1
17 124 -1
17 125 -1
17 127 -1
17 132 -1
17 137 -1
17 143 -1
17 145 -1
17 148 1
18 20 -1
18 29 -1
18 47 1
18 51 -1
18 61 1
18 70 -1
18 73 -1
18 80 -1
18 83 -1
18 85 -1
18 87 -1
18 90 -1
18 93 -1
18 96 -1
18 98 -1
18 100 -1
18 105 -1
18 111 -1
18 112 -1
18 118 -1
18 121 -1
18 122 -1
18 126 -1
18 127 1
18 136 -1
18 138 1
18 141 1
18 145 -1
19 23 -1
19 31 -1
19 36 -1
19 37 -1
19 44 -1
19 45 -1
19 54 -1
19 62 1
19 67 -1
19 73 -1
19 74 -1
19 89 -1
19 103 1
19 120 -1
19 126 -1
19 137 -1
19 148 1
20 27 -1
20 29 -1
20 33 -1
20 36 1
20 53 1
20 54 -1
20 57 -1
20 64 -1
20 76 -1
20 96 -1
20 99 -1
20 101 -1
20 106 -1
20 110 -1
20 120 -1
20 125 -1
20 135 -1
20 144 -1
20 145 -1
20 148 -1
21 24 1
21 29 -1
21 31 -1
21 32 -1
21 35 -1
21 50 -1
21 60 1
21 62 -1
21 73 -1
21 74 -1
21 81 -1
21 97 -1
21 103 -1
21 105 1
21 112 -1
21 117 -1
21 119 -1
21 126 -1
21 131 -1
21 132 -1
21 137 -1
21 140 -1
21 144 -1
21 145 1
22 24 -1
22 25 -1
22 29 -1
22 32 -1
22 33 -1
22 40 -1
22 45 -1
22 47 -1
22 78 -1
22 81 -1
22 83 1
22 89 -1
22 95 1
22 102 -1
22 113 -1
22 117 -1
22 123 1
22 124 1
22 126 1
22 133 -1
22 134 -1
22 136 -1
22 142 -1
23 27 1
23 29 -1
23 32 -1
23 35 -1
23 45 -1
23 52 -1
23 55 -1
23 58 -1
23 69 -1
23 75 -1
23 79 -1
23 96 -1
23 97 -1
23 107 1
23 109 -1
23 113 -1
23 115 -1
23 117 -1
23 135 -1
23 136 -1
23 140 -1
23 144 -1
24 28 -1
24 39 -1
24 41 -1
24 43 1
24 54 -1
24 56 -1
24 58 -1
24 60 1
24 63 -1
24 67 -1
24 69 -1
24 80 -1
24 111 -1
24 118 -1
24 119 -1
24 123 -1
24 126 -1
24 132 -1
24 136 -1
24 137 -1
24 138 -1
24 145 1
25 28 -1
25 37 -1
25 45 -1
25 47 -1
25 51 1
25 53 -1
25 59 -1
25 66 -1
25 67 1
25 71 1
25 72 -1
25 73 -1
25 74 -1
25 75 -1
25 77 1
25 84 -1
25 88 -1
25 92 -1
25 94 -1
25 96 -1
25 99 1
25 109 1
25 112 -1
25 128 -1
25 131 1
25 136 -1
25 141 -1
26 27 -1
26 28 -1
26 31 -1
26 33 1
26 34 -1
26 35 -1
26 47 -1
26 49 -1
26 64 -1
26 65 -1
26 68 1
26 70 1
26 71 -1
26 77 -1
26 78 -1
26 82 -1
26 83 -1
26 92 -1
26 102 -1
26 104 -1
26 107 -1
26 108 -1
26 112 -1
26 130 -1
26 134 -1
26 145 -1
26 146 1
27 28 -1
27 30 -1
27 31 -1
27 39 -1
27 41 1
27 44 -1
27 45 -1
27 49 -1
27 50 -1
27 52 -1
27 59 -1
27 64 1
27 66 -1
27 71 -1
27 73 -1
27 75 -1
27 79 -1
27 81 -1
27 84 1
27 87 -1
27 93 -1
27 94 -1
27 97 -1
27 106 -1
27 107 1
27 112 -1
27 118 1
27 125 1
27 128 -1
27 129 -1
27 136 -1
27 148 -1
27 149 -1
27 150 -1
28 47 -1
28 49 -1
28 54 -1
28 59 -1
28 73 -1
28 75 -1
28 77 -1
28 79 -1
28 80 -1
28 86 -1
28 91 -1
28 92 -1
28 103 1
28 105 -1
28 134 -1
28 138 -1
29 31 1
29 40 1
29 43 -1
29 44 1
29 46 -1
29 56 1
29 57 -1
29 63 1
29 64 -1
29 65 -1
29 70 -1
29 76 -1
29 78 -1
29 82 -1
29 83 -1
29 86 1
29 89 -1
29 90 -1
29 92 1
29 98 1
29 112 -1
29 118 -1
29 121 -1
29 122 -1
29 135 1
29 140 1
29 150 -1
30 31 -1
30 32 1
30 40 -1
30 41 -1
30 46 -1
30 52 1
30 58 -1
30 59 1
30 61 -1
30 65 -1
30 69 -1
30 76 -1
30 79 -1
30 87 -1
30 88 1
30 105 -1
30 110 -1
30 111 -1
30 113 1
30 122 1
30 129 -1
30 130 -1
30 133 -1
30 135 -1
30 139 -1
30 142 -1
31 37 -1
31 40 1
31 44 1
31 48 -1
31 56 1
31 64 -1
31 69 -1
31 72 -1
31 77 -1
31 81 -1
31 83 -1
31 86 1
31 88 -1
31 98 1
31 102 -1
31 109 -1
31 121 -1
31 122 -1
31 124 -1
31 126 -1
31 127 -1
31 129 -1
31 131 -1
31 136 1
31 138 -1
31 140 1
31 148 -1
32 36 -1
32 37 -1
32 40 -1
32 44 -1
32 47 -1
32 52 1
32 54 -1
32 58 -1
32 59 1
32 63 -1
32 64 -1
32 80 -1
32 88 1
32 94 -1
32 95 -1
32 97 -1
32 101 -1
32 113 1
32 122 1
32 131 -1
32 132 -1
32 133 -1
32 139 -1
32 145 -1
33 35 -1
33 52 -1
33 66 -1
33 67 -1
33 68 1
33 70 1
33 83 -1
33 87 -1
33 95 -1
33 105 -1
33 106 -1
33 109 -1
33 110 -1
33 114 -1
33 119 -1
33 124 -1
33 129 -1
33 136 -1
33 139 -1
33 142 -1
33 145 -1
33 146 1
34 37 1
34 45 -1
34 51 -1
34 54 -1
34 58 1
34 65 -1
34 69 -1
34 72 -1
34 76 -1
34 79 -1
34 80 -1
34 85 1
34 86 -1
34 97 -1
34 98 -1
34 100 1
34 101 -1
34 106 -1
34 111 -1
34 113 -1
34 116 -1
34 126 -1
34 128 1
34 133 -1
34 140 -1
34 141 -1
34 149 -1
35 39 -1
35 42 -1
35 44 -1
35 49 -1
35 58 -1
35 60 -1
35 63 -1
35 75 1
35 87 -1
35 89 -1
35 91 -1
35 92 -1
35 113 -1
35 118 -1
35 119 -1
35 125 -1
35 129 -1
35 130 -1
35 133 -1
35 136 -1
35 137 1
35 139 1
35 140 -1
35 142 -1
35 144 1
36 44 -1
36 46 -1
36 48 -1
36 49 -1
36 52 -1
36 53 1
36 57 -1
36 66 -1
36 69 -1
36 70 -1
36 78 -1
36 79 -1
36 85 -1
36 95 -1
36 111 -1
36 112 -1
36 120 -1
36 123 -1
36 136 -1
36 137 -1
36 141 -1
36 149 -1
37 39 -1
37 40 -1
37 41 -1
37 45 -1
37 51 -1
37 53 -1
37 56 -1
37 58 1
37 71 -1
37 72 -1
37 73 -1
37 85 1
37 100 1
37 101 -1
37 112 -1
37 115 -1
37 120 -1
37 128 1
37 131 -1
37 139 -1
37 144 1
37 148 -1
38 41 -1
38 48 -1
38 49 -1
38 50 -1
38 54 1
38 55 -1
38 65 -1
38 67 -1
38 71 -1
38 73 1
38 76 -1
38 78 1
38 87 1
38 93 -1
38 94 1
38 103 -1
38 109 -1
38 111 1
38 112 -1
38 119 -1
38 138 -1
38 143 -1
38 150 -1
39 50 -1
39 52 -1
39 54 -1
39 55 -1
39 57 -1
39 59 -1
39 65 -1
39 70 -1
39 72 1
39 77 -1
39 78 -1
39 79 -1
39 94 -1
39 98 -1
39 109 -1
39 112 1
39 113 -1
39 118 -1
39 122 -1
39 132 -1
40 42 -1
40 43 -1
40 44 1
40 53 -1
40 56 1
40 58 -1
40 79 -1
40 81 -1
40 86 1
40 91 -1
40 92 1
40 98 1
40 99 -1
40 106 -1
40 111 -1
40 118 -1
40 127 -1
40 131 -1
40 136 1
40 139 -1
40 140 1
40 141 -1
41 56 -1
41 64 1
41 71 -1
41 78 -1
41 79 -1
41 80 -1
41 81 -1
41 84 1
41 85 -1
41 91 -1
41 92 -1
41 98 -1
41 100 -1
41 103 -1
41 105 -1
41 107 1
41 110 -1
41 113 -1
41 116 -1
41 118 1
41 124 -1
41 125 1
41 127 -1
41 129 -1
41 132 -1
41 141 -1
41 143 -1
41 148 -1
42 43 -1
42 44 -1
42 45 -1
42 47 -1
42 50 1
42 62 -1
42 66 -1
42 75 -1
42 76 -1
42 77 -1
42 80 -1
42 90 1
42 95 -1
42 101 1
42 103 -1
42 109 1
42 110 1
42 112 -1
42 121 -1
42 133 -1
42 141 -1
42 146 -1
42 150 1
43 53 -1
43 55 -1
43 56 -1
43 65 -1
43 70 1
43 71 -1
43 82 -1
43 86 -1
43 92 -1
43 107 -1
43 112 -1
43 113 -1
43 121 -1
43 122 -1
43 124 -1
43 129 -1
43 137 -1
43 141 -1
43 144 -1
43 146 1
44 49 -1
44 56 1
44 61 -1
44 68 -1
44 70 -1
44 77 -1
44 82 -1
44 83 -1
44 86 1
44 98 1
44 99 -1
44 105 -1
44 113 -1
44 116 -1
44 122 -1
44 127 -1
44 131 -1
44 132 -1
44 136 1
44 137 -1
44 138 -1
44 140 1
44 142 -1
44 144 -1
44 148 -1
45 52 -1
45 54 -1
45 57 1
45 62 -1
45 72 -1
45 82 -1
45 86 -1
45 93 -1
45 94 -1
45 95 -1
45 98 -1
45 104 -1
45 123 -1
45 130 1
45 131 -1
45 135 -1
45 144 -1
45 146 -1
45 147 1
45 148 -1
45 149 1
46 47 -1
46 49 -1
46 55 -1
46 60 -1
46 66 -1
46 70 -1
46 74 1
46 76 -1
46 90 1
46 96 1
46 107 -1
46 110 -1
46 115 -1
46 144 -1
47 49 -1
47 54 -1
47 61 1
47 67 -1
47 70 -1
47 75 -1
47 79 -1
47 85 -1
47 87 -1
47 88 -1
47 94 -1
47 113 -1
47 117 -1
47 119 -1
47 121 -1
47 126 -1
47 127 1
47 136 -1
47 138 1
47 141 1
47 145 -1
47 149 -1
48 55 -1
48 57 1
48 62 -1
48 63 1
48 64 -1
48 67 -1
48 71 -1
48 74 -1
48 84 -1
48 109 -1
48 111 -1
48 112 -1
48 117 -1
48 118 -1
48 119 -1
48 129 -1
48 130 1
48 134 1
48 135 1
48 144 -1
48 147 1
48 148 -1
48 149 1
49 58 -1
49 64 -1
49 65 1
49 76 -1
49 78 -1
49 79 -1
49 87 -1
49 100 -1
49 113 -1
49 114 1
49 124 -1
49 128 -1
49 132 1
49 133 1
49 143 1
49 148 -1
50 55 -1
50 57 -1
50 59 -1
50 63 -1
50 66 -1
50 76 -1
50 77 -1
50 78 -1
50 79 -1
50 90 1
50 95 -1
50 99 -1
50 101 1
50 106 -1
50 110 1
50 112 -1
50 114 -1
50 115 -1
50 135 -1
50 138 -1
50 139 -1
50 142 -1
50 143 -1
50 145 -1
50 146 -1
50 150 1
51 53 -1
51 55 1
51 57 -1
51 59 -1
51 65 -1
51 66 -1
51 67 1
51 71 1
51 74 -1
51 76 1
51 77 1
51 80 -1
51 82 -1
51 84 -1
51 88 -1
51 92 -1
51 96 -1
51 99 1
51 108 -1
51 109 -1
51 112 -1
51 116 -1
51 119 -1
51 123 -1
51 129 -1
51 131 1
51 134 -1
51 135 -1
51 136 -1
51 139 -1
51 145 -1
51 146 -1
51 150 -1
52 55 -1
52 59 -1
52 62 -1
52 71 -1
52 82 -1
52 87 -1
52 88 -1
52 99 -1
52 100 -1
52 102 -1
52 109 -1
52 110 -1
52 112 -1
52 113 1
52 120 -1
52 122 -1
52 123 -1
52 134 -1
52 139 -1
52 141 -1
52 145 -1
53 56 -1
53 60 -1
53 69 -1
53 72 -1
53 74 -1
53 86 -1
53 90 -1
53 91 -1
53 92 -1
53 95 -1
53 102 -1
53 108 -1
53 120 -1
53 122 -1
53 123 -1
53 137 -1
53 139 -1
53 140 -1
53 144 -1
54 55 -1
54 61 -1
54 67 -1
54 69 1
54 73 1
54 78 1
54 79 -1
54 82 1
54 87 1
54 97 1
54 98 -1
54 111 1
54 114 -1
54 130 -1
54 131 -1
54 136 -1
54 139 -1
54 140 -1
55 57 -1
55 59 -1
55 62 -1
55 64 -1
55 74 -1
55 76 1
55 77 1
55 79 -1
55 83 1
55 85 -1
55 90 -1
55 92 -1
55 99 1
55 102 -1
55 107 -1
55 109 -1
55 112 -1
55 126 1
55 128 -1
55 131 1
55 146 -1
55 147 -1
56 84 -1
56 86 1
56 93 -1
56 98 1
56 108 -1
56 113 -1
56 121 -1
56 132 -1
56 136 1
56 140 1
57 61 -1
57 63 -1
57 66 -1
57 67 -1
57 69 -1
57 70 -1
57 75 -1
57 77 -1
57 90 -1
57 98 -1
57 115 -1
57 130 1
57 134 1
57 135 1
57 147 1
57 149 1
58 60 -1
58 63 -1
58 73 -1
58 74 -1
58 78 -1
58 84 -1
58 85 1
58 89 -1
58 100 1
58 102 -1
58 109 -1
58 111 -1
58 115 -1
58 121 -1
58 123 -1
58 127 -1
58 128 1
58 129 -1
58 134 -1
58 143 -1
58 144 1
58 149 -1
59 88 1
59 96 -1
59 112 -1
59 113 1
59 115 1
59 116 1
59 117 -1
59 122 1
59 146 -1
59 149 -1
60 84 -1
60 85 -1
60 96 -1
60 102 -1
60 108 -1
60 112 -1
60 120 -1
60 121 -1
60 131 -1
60 136 -1
60 137 -1
60 139 -1
60 145 1
61 64 -1
61 72 -1
61 76 -1
61 80 -1
61 81 -1
61 91 1
61 95 -1
61 100 -1
61 103 -1
61 112 -1
61 118 -1
61 126 -1
61 127 1
61 138 1
61 139 -1
61 141 1
62 67 -1
62 82 -1
62 85 -1
62 87 -1
62 103 1
62 108 -1
62 112 -1
62 124 -1
62 126 -1
62 130 -1
62 138 -1
62 142 -1
62 148 1
63 72 -1
63 81 -1
63 85 -1
63 90 -1
63 92 1
63 94 -1
63 111 -1
63 135 1
63 140 1
63 141 -1
63 143 -1
63 146 -1
63 149 -1
64 78 -1
64 81 -1
64 84 1
64 94 -1
64 107 1
64 111 -1
64 112 -1
64 118 1
64 125 1
64 147 -1
65 74 -1
65 78 -1
65 79 -1
65 80 1
65 89 -1
65 92 -1
65 99 -1
65 103 -1
65 116 -1
65 120 -1
65 127 -1
65 128 -1
65 129 -1
65 132 1
65 133 1
65 136 -1
65 143 -1
65 144 -1
66 67 -1
66 73 -1
66 75 -1
66 78 -1
66 81 -1
66 97 -1
66 102 -1
66 103 -1
66 106 -1
66 112 1
66 117 1
66 122 -1
66 123 -1
66 124 -1
66 128 -1
66 135 -1
66 137 -1
66 140 -1
66 142 -1
66 144 -1
67 71 1
67 77 1
67 99 1
67 104 -1
67 106 -1
67 109 1
67 119 -1
67 122 -1
67 124 -1
67 129 -1
67 130 -1
67 131 1
67 142 -1
67 147 -1
67 148 -1
68 70 1
68 72 -1
68 73 -1
68 76 -1
68 81 -1
68 89 -1
68 93 -1
68 97 -1
68 98 -1
68 101 -1
68 105 -1
68 110 -1
68 115 -1
68 118 -1
68 139 -1
68 145 -1
68 146 1
68 148 -1
69 79 -1
69 82 1
69 92 -1
69 93 1
69 94 -1
69 95 -1
69 96 -1
69 97 1
69 98 -1
69 99 -1
69 105 -1
69 106 -1
69 107 -1
69 111 1
69 114 -1
69 117 -1
69 141 -1
69 142 1
70 91 -1
70 103 -1
70 108 -1
70 112 -1
70 114 -1
70 115 -1
70 116 -1
70 129 -1
70 138 -1
70 139 -1
70 146 1
70 147 -1
71 77 1
71 95 -1
71 99 1
71 104 -1
71 109 1
71 110 -1
71 112 -1
71 114 -1
71 118 -1
71 123 -1
71 125 -1
71 131 1
71 134 -1
71 140 -1
71 145 -1
71 148 -1
72 85 -1
72 90 -1
72 92 -1
72 107 -1
72 108 -1
72 109 -1
72 115 -1
72 130 -1
72 133 -1
72 141 -1
72 146 -1
72 149 -1
73 78 1
73 80 -1
73 87 1
73 94 1
73 105 -1
73 111 1
73 124 -1
73 126 -1
73 129 -1
73 135 -1
73 137 -1
74 79 1
74 85 -1
74 87 -1
74 96 1
74 103 -1
74 108 -1
74 113 -1
74 116 -1
74 124 -1
74 130 -1
74 137 -1
74 141 -1
75 78 -1
75 83 -1
75 86 -1
75 95 -1
75 99 -1
75 102 -1
75 103 -1
75 105 -1
75 109 -1
75 112 -1
75 117 -1
75 118 -1
75 128 -1
75 137 1
75 139 1
75 140 -1
75 144 1
75 150 -1
76 77 1
76 80 -1
76 82 -1
76 83 1
76 87 -1
76 88 -1
76 94 -1
76 99 1
76 100 -1
76 102 -1
76 115 -1
76 120 -1
76 123 -1
76 125 -1
76 126 1
76 131 1
76 134 -1
76 135 -1
76 141 -1
76 143 -1
76 144 -1
77 80 -1
77 81 -1
77 84 -1
77 90 -1
77 91 -1
77 95 -1
77 97 -1
77 99 1
77 103 -1
77 104 -1
77 111 -1
77 116 -1
77 122 -1
77 131 1
77 134 -1
77 136 -1
77 138 -1
77 140 -1
77 148 -1
78 79 -1
78 87 1
78 88 -1
78 93 -1
78 94 1
78 109 -1
78 111 1
78 117 -1
78 118 -1
78 119 -1
78 121 -1
78 146 -1
78 147 -1
78 150 -1
79 87 -1
79 89 1
79 93 -1
79 99 -1
79 103 -1
79 107 -1
79 108 -1
79 115 -1
79 121 1
79 125 -1
79 126 -1
79 146 -1
80 86 -1
80 93 -1
80 111 -1
80 112 -1
80 118 1
80 132 -1
80 133 1
80 140 -1
80 143 -1
80 147 -1
80 148 -1
80 149 -1
81 83 -1
81 85 -1
81 88 -1
81 89 -1
81 92 -1
81 99 -1
81 103 -1
81 104 1
81 105 -1
81 110 -1
81 114 -1
81 116 1
81 119 1
81 120 1
81 129 1
81 143 -1
81 147 -1
81 149 -1
82 90 -1
82 93 1
82 96 -1
82 97 1
82 99 -1
82 100 -1
82 104 -1
82 105 1
82 126 -1
82 127 -1
82 128 -1
82 135 -1
82 140 -1
82 142 1
82 149 -1
83 90 -1
83 95 1
83 99 1
83 104 -1
83 109 -1
83 115 -1
83 126 1
83 128 -1
83 134 -1
83 149 -1
84 85 -1
84 88 -1
84 93 -1
84 94 -1
84 98 -1
84 103 -1
84 104 -1
84 107 1
84 113 -1
84 115 -1
84 118 1
84 121 -1
84 125 1
84 126 -1
84 130 -1
84 136 -1
84 140 -1
85 89 -1
85 91 -1
85 93 -1
85 94 1
85 100 1
85 109 -1
85 112 -1
85 115 -1
85 116 -1
85 122 -1
85 128 1
85 143 -1
85 144 -1
85 145 -1
86 98 1
86 100 -1
86 119 -1
86 136 1
86 137 -1
86 140 1
86 145 -1
87 91 -1
87 94 1
87 96 -1
87 99 -1
87 111 1
87 113 -1
87 119 -1
87 137 -1
87 141 -1
88 90 -1
88 93 -1
88 94 -1
88 102 -1
88 104 -1
88 113 1
88 115 1
88 122 1
88 123 -1
88 129 -1
88 131 -1
88 140 -1
88 144 -1
89 92 -1
89 101 -1
89 105 -1
89 111 -1
89 115 -1
89 118 -1
89 121 1
89 127 -1
89 131 -1
89 136 1
89 147 -1
89 150 -1
90 93 -1
90 96 1
90 100 -1
90 101 -1
90 109 -1
90 110 1
90 114 -1
90 120 -1
90 122 -1
90 125 -1
90 130 -1
90 147 -1
90 150 1
91 100 -1
91 115 -1
91 127 1
91 128 -1
91 129 -1
91 135 -1
91 145 -1
91 149 -1
92 96 -1
92 98 1
92 111 -1
92 118 -1
92 133 -1
92 134 -1
92 135 1
92 140 1
92 145 -1
92 148 -1
93 97 -1
93 105 1
93 112 -1
93 123 -1
93 134 -1
93 135 -1
93 139 -1
93 142 1
93 143 -1
93 145 1
93 146 -1
94 103 -1
94 111 1
94 115 -1
94 138 -1
94 139 -1
94 147 -1
95 103 -1
95 106 1
95 110 -1
95 115 -1
95 123 1
95 124 1
95 126 1
95 131 -1
95 142 -1
96 99 -1
96 107 -1
96 114 -1
96 116 -1
96 118 -1
96 129 -1
96 133 -1
96 138 -1
96 140 -1
96 142 -1
96 147 -1
97 100 -1
97 101 -1
97 107 -1
97 111 1
97 124 -1
97 127 -1
97 130 -1
97 139 -1
97 150 -1
98 106 -1
98 108 -1
98 110 -1
98 124 -1
98 131 -1
98 132 -1
98 133 -1
98 134 -1
98 136 -1
98 140 1
98 145 -1
98 149 -1
99 105 -1
99 106 -1
99 131 1
99 132 -1
99 134 -1
99 136 -1
99 143 -1
100 102 -1
100 103 -1
100 110 -1
100 113 -1
100 121 -1
100 124 -1
100 128 1
100 133 -1
100 138 -1
100 148 -1
100 150 -1
101 104 -1
101 109 1
101 110 1
101 111 -1
101 112 -1
101 120 -1
101 134 -1
101 135 -1
101 139 -1
101 142 -1
101 143 -1
101 150 1
102 105 -1
102 106 1
102 107 -1
102 108 1
102 111 -1
102 124 -1
102 125 -1
102 138 -1
102 142 -1
103 109 -1
103 122 -1
103 125 -1
103 145 -1
103 148 1
104 110 -1
104 115 -1
104 116 1
104 120 1
104 124 -1
104 128 -1
104 129 1
104 143 -1
104 146 -1
105 109 -1
105 118 -1
105 124 -1
105 127 -1
105 128 -1
105 135 -1
105 137 -1
105 142 1
105 144 -1
105 145 1
105 146 -1
105 148 -1
105 149 -1
106 108 1
106 117 -1
106 123 1
106 124 1
106 126 -1
106 129 -1
106 138 -1
106 143 -1
106 147 -1
107 108 -1
107 114 -1
107 115 -1
107 118 1
107 125 1
107 129 -1
107 140 -1
107 145 -1
107 146 -1
108 117 -1
108 119 -1
108 122 -1
108 123 1
108 124 1
108 131 -1
108 133 -1
108 137 -1
108 143 -1
108 149 -1
109 112 -1
109 114 -1
109 115 -1
109 129 -1
109 134 -1
109 137 -1
109 140 -1
109 144 -1
109 148 -1
110 111 -1
110 132 -1
110 133 -1
110 136 -1
110 139 -1
110 150 1
111 112 -1
111 121 -1
111 135 -1
111 145 -1
112 114 -1
112 115 -1
112 116 -1
112 117 1
112 119 -1
112 131 -1
112 135 -1
112 138 -1
112 149 -1
113 115 1
113 116 -1
113 120 -1
113 122 1
113 128 -1
113 137 -1
113 141 -1
113 147 -1
113 148 -1
113 150 -1
114 116 -1
114 119 1
114 120 1
114 122 -1
114 123 -1
114 132 1
114 143 1
115 116 1
115 117 -1
115 122 1
116 125 -1
116 127 -1
116 129 1
116 131 -1
116 137 -1
116 139 -1
116 141 -1
117 129 -1
117 131 -1
117 133 -1
117 137 -1
117 139 -1
118 122 -1
118 125 1
118 126 -1
118 127 -1
118 128 -1
118 130 -1
118 138 -1
118 141 -1
118 150 -1
119 120 1
119 128 -1
119 129 1
119 131 -1
119 132 1
119 133 -1
119 135 -1
119 143 1
119 150 -1
120 129 1
120 130 -1
120 133 -1
120 135 -1
120 141 -1
120 143 1
121 128 -1
121 136 1
121 144 -1
122 124 -1
122 127 -1
122 130 -1
122 137 -1
122 139 -1
122 141 -1
122 148 -1
123 124 1
123 126 1
123 130 -1
123 142 -1
123 146 -1
123 147 -1
124 126 -1
124 131 -1
124 132 -1
124 138 -1
124 140 -1
124 141 -1
124 142 -1
124 146 -1
124 148 -1
125 141 -1
125 145 -1
126 127 -1
126 138 -1
127 128 -1
127 130 -1
127 138 1
127 141 1
128 135 -1
128 136 -1
128 140 -1
128 144 1
128 150 -1
129 138 -1
129 143 -1
129 147 -1
130 134 1
130 136 -1
130 137 -1
130 147 1
130 149 1
131 134 -1
131 136 -1
131 139 -1
132 140 -1
132 142 -1
132 143 1
133 138 -1
133 141 -1
133 142 -1
133 145 -1
134 135 1
134 144 -1
134 147 1
134 149 1
134 150 -1
135 140 1
135 145 -1
136 138 -1
136 144 -1
137 138 -1
137 139 1
137 141 -1
137 144 1
137 150 -1
138 141 1
139 141 -1
139 144 1
139 148 -1
139 149 -1
140 142 -1
140 148 -1
140 149 -1
141 143 -1
141 145 -1
141 147 -1
142 144 -1
142 145 1
143 145 -1
143 147 -1
143 150 -1
144 147 -1
144 148 -1
145 148 -1
147 149 1
148 149 -1
148 150 -1
