vertices: 230 edges: 5346
1 7 1
1 38 1
1 39 1
1 48 -1
1 63 1
1 68 1
1 73 -1
1 76 1
1 95 1
1 110 1
1 118 -1
1 119 1
1 124 1
1 125 -1
1 129 -1
1 151 1
1 154 1
1 156 1
1 165 1
1 169 1
1 178 1
1 184 1
1 188 1
1 193 1
1 194 1
1 196 1
1 201 -1
1 203 1
1 204 1
1 213 1
1 222 -1
1 223 1
1 229 1
2 5 -1
2 10 1
2 11 1
2 13 1
2 15 1
2 29 1
2 36 1
2 43 1
2 44 -1
2 45 1
2 46 1
2 49 1
2 60 -1
2 64 1
2 69 -1
2 71 -1
2 77 1
2 79 1
2 83 1
2 97 1
2 103 1
2 106 1
2 113 1
2 115 1
2 122 1
2 126 -1
2 129 1
2 130 -1
2 136 1
2 143 1
2 153 -1
2 155 -1
2 167 -1
2 170 1
2 173 1
2 175 1
2 176 1
2 182 1
2 185 1
2 186 1
2 189 1
2 193 -1
2 196 -1
2 197 1
2 206 1
2 209 -1
2 212 1
2 223 -1
2 230 1
3 9 1
3 17 1
3 22 -1
3 23 1
3 33 -1
3 34 1
3 43 -1
3 53 1
3 54 1
3 55 1
3 56 1
3 64 -1
3 69 1
3 71 1
3 82 1
3 85 1
3 87 1
3 98 1
3 101 1
3 102 1
3 105 1
3 107 1
3 109 1
3 111 1
3 113 -1
3 118 1
3 119 -1
3 120 1
3 131 1
3 133 1
3 142 1
3 145 1
3 152 1
3 164 -1
3 174 1
3 187 1
3 190 1
3 199 1
3 201 1
3 208 1
3 217 -1
3 220 1
3 226 1
4 9 1
4 14 1
4 18 -1
4 19 1
4 23 1
4 28 1
4 31 1
4 33 1
4 42 1
4 52 1
4 54 1
4 55 1
4 56 1
4 59 1
4 80 -1
4 85 1
4 87 -1
4 88 1
4 90 -1
4 108 -1
4 111 1
4 112 1
4 114 -1
4 120 1
4 126 1
4 131 1
4 134 1
4 135 1
4 139 -1
4 142 1
4 145 1
4 155 1
4 162 1
4 168 1
4 172 1
4 179 1
4 184 -1
4 190 1
4 200 1
4 214 1
4 216 1
4 220 1
4 222 1
4 226 1
5 8 1
5 12 1
5 35 1
5 36 1
5 40 1
5 41 1
5 43 1
5 44 1
5 49 1
5 50 1
5 64 1
5 65 1
5 70 1
5 77 1
5 84 1
5 86 1
5 90 1
5 91 1
5 97 1
5 99 1
5 108 -1
5 113 1
5 128 1
5 129 1
5 135 -1
5 137 1
5 148 1
5 150 -1
5 153 1
5 158 1
5 170 1
5 171 1
5 173 1
5 175 1
5 176 1
5 180 1
5 182 1
5 183 1
5 186 1
5 188 -1
5 189 1
5 192 1
5 197 1
5 198 1
5 211 -1
5 214 -1
5 230 1
6 16 1
6 21 1
6 25 1
6 26 1
6 27 1
6 28 -1
6 34 -1
6 41 -1
6 47 1
6 48 1
6 51 1
6 53 1
6 61 1
6 62 1
6 67 -1
6 69 1
6 73 1
6 80 1
6 87 1
6 89 1
6 96 1
6 101 1
6 104 1
6 107 1
6 109 1
6 114 1
6 117 1
6 118 1
6 122 -1
6 132 1
6 133 -1
6 138 1
6 139 1
6 141 1
6 152 1
6 159 1
6 161 1
6 166 1
6 173 -1
6 177 1
6 195 1
6 201 -1
6 207 1
6 208 1
6 209 1
6 215 1
6 218 -1
6 220 -1
6 221 1
6 225 1
7 20 -1
7 38 1
7 39 1
7 41 -1
7 55 -1
7 63 1
7 68 1
7 74 1
7 75 1
7 76 1
7 83 -1
7 85 -1
7 93 -1
7 94 1
7 95 1
7 110 1
7 119 1
7 121 -1
7 124 1
7 140 1
7 146 -1
7 150 1
7 151 1
7 154 1
7 156 1
7 163 -1
7 164 1
7 165 1
7 169 1
7 178 1
7 184 1
7 188 1
7 193 1
7 194 1
7 196 1
7 203 1
7 204 1
7 209 -1
7 213 1
7 223 1
7 229 1
8 12 1
8 22 1
8 24 1
8 35 1
8 37 -1
8 40 1
8 41 1
8 43 1
8 44 1
8 46 -1
8 50 1
8 51 -1
8 64 1
8 65 1
8 67 -1
8 70 1
8 73 -1
8 84 1
8 86 1
8 90 1
8 91 1
8 99 1
8 100 1
8 104 -1
8 108 -1
8 113 1
8 128 1
8 130 1
8 132 -1
8 137 1
8 143 -1
8 148 1
8 149 -1
8 153 1
8 157 1
8 158 1
8 171 1
8 174 -1
8 175 1
8 180 1
8 183 1
8 186 1
8 189 1
8 192 1
8 198 1
8 202 1
8 230 -1
9 14 1
9 17 1
9 19 1
9 23 1
9 31 1
9 33 1
9 34 1
9 54 1
9 55 1
9 56 1
9 71 1
9 82 1
9 83 -1
9 85 1
9 88 1
9 99 -1
9 102 1
9 105 1
9 111 1
9 112 1
9 120 1
9 131 1
9 133 1
9 135 1
9 142 1
9 145 1
9 152 -1
9 162 1
9 167 -1
9 174 1
9 187 1
9 190 1
9 199 1
9 201 1
9 214 1
9 216 1
9 217 -1
9 220 1
9 226 1
10 11 1
10 13 1
10 15 1
10 29 1
10 36 1
10 40 1
10 43 1
10 45 1
10 46 1
10 49 1
10 64 1
10 77 1
10 79 1
10 83 1
10 84 -1
10 97 1
10 101 -1
10 103 1
10 106 1
10 113 1
10 115 1
10 122 1
10 129 1
10 136 1
10 143 1
10 167 -1
10 170 1
10 173 1
10 175 1
10 176 1
10 182 1
10 185 1
10 186 1
10 189 1
10 197 1
10 206 1
10 212 1
10 230 1
11 13 1
11 15 1
11 18 1
11 20 1
11 28 1
11 29 1
11 36 1
11 45 1
11 46 1
11 49 1
11 59 1
11 77 1
11 78 1
11 79 1
11 81 -1
11 83 1
11 97 1
11 103 1
11 106 1
11 108 1
11 115 1
11 116 1
11 122 1
11 125 1
11 126 1
11 129 1
11 132 -1
11 136 1
11 140 -1
11 143 1
11 145 -1
11 167 1
11 168 1
11 172 1
11 179 1
11 182 1
11 185 1
11 190 -1
11 206 1
11 208 -1
11 210 1
11 212 1
11 214 -1
11 226 -1
11 227 1
11 230 1
12 22 1
12 35 1
12 40 1
12 41 1
12 43 1
12 44 1
12 50 1
12 64 1
12 65 1
12 70 1
12 84 1
12 86 1
12 90 1
12 91 1
12 99 1
12 113 1
12 128 1
12 137 1
12 141 -1
12 148 1
12 153 1
12 158 1
12 170 1
12 171 1
12 173 1
12 175 1
12 176 1
12 180 1
12 182 -1
12 183 1
12 186 1
12 189 1
12 192 1
12 194 -1
12 197 1
12 198 1
12 216 -1
12 226 -1
12 228 -1
13 15 1
13 29 1
13 36 1
13 43 1
13 45 1
13 46 1
13 48 -1
13 49 1
13 63 -1
13 64 1
13 65 -1
13 77 1
13 78 1
13 79 1
13 83 1
13 96 -1
13 97 1
13 103 1
13 106 1
13 113 1
13 115 1
13 121 -1
13 122 1
13 129 1
13 136 1
13 143 1
13 148 -1
13 158 -1
13 170 1
13 173 1
13 175 1
13 176 1
13 182 1
13 185 1
13 186 1
13 197 1
13 206 1
13 212 1
13 230 1
14 17 1
14 19 1
14 21 -1
14 23 1
14 28 1
14 31 1
14 33 1
14 42 1
14 52 1
14 54 1
14 55 1
14 56 1
14 59 1
14 71 -1
14 85 1
14 88 1
14 111 1
14 112 1
14 120 1
14 131 1
14 134 1
14 135 1
14 140 -1
14 142 1
14 144 -1
14 145 1
14 155 1
14 162 1
14 168 1
14 172 1
14 179 1
14 190 1
14 200 1
14 203 -1
14 214 1
14 216 1
14 219 -1
14 220 1
14 222 1
14 223 -1
14 226 1
15 18 1
15 21 -1
15 29 1
15 36 1
15 44 -1
15 45 1
15 46 1
15 49 1
15 77 1
15 78 1
15 79 1
15 83 1
15 86 -1
15 97 1
15 103 1
15 106 1
15 115 1
15 116 1
15 122 1
15 129 1
15 135 -1
15 136 1
15 143 1
15 156 -1
15 170 1
15 173 1
15 175 1
15 176 1
15 177 -1
15 182 1
15 185 1
15 186 1
15 189 -1
15 193 -1
15 197 1
15 206 1
15 210 1
15 212 1
15 218 -1
15 230 1
16 21 1
16 25 1
16 27 1
16 53 1
16 61 1
16 62 1
16 69 1
16 73 1
16 80 1
16 82 1
16 87 1
16 89 1
16 95 -1
16 96 1
16 98 1
16 101 1
16 104 1
16 105 1
16 107 1
16 109 1
16 114 1
16 117 1
16 118 1
16 132 1
16 138 1
16 139 1
16 152 1
16 155 -1
16 159 1
16 166 1
16 187 1
16 195 1
16 199 -1
16 201 -1
16 208 1
16 209 1
16 215 1
16 218 -1
16 221 1
16 225 1
17 23 1
17 34 1
17 53 1
17 54 1
17 55 1
17 56 1
17 69 1
17 71 1
17 73 -1
17 82 1
17 85 1
17 88 1
17 98 1
17 101 1
17 102 1
17 105 1
17 107 1
17 109 1
17 111 1
17 116 -1
17 118 1
17 120 1
17 130 -1
17 131 1
17 133 1
17 142 1
17 145 1
17 152 1
17 159 -1
17 174 1
17 181 -1
17 187 1
17 190 1
17 191 -1
17 199 1
17 201 1
17 207 -1
17 209 -1
17 217 -1
17 220 1
17 226 1
17 230 -1
18 19 1
18 20 1
18 28 1
18 31 1
18 39 -1
18 41 -1
18 42 1
18 45 1
18 46 1
18 47 -1
18 52 1
18 53 -1
18 59 1
18 78 1
18 79 1
18 83 1
18 84 -1
18 95 -1
18 103 1
18 106 1
18 108 1
18 112 1
18 115 1
18 116 1
18 122 1
18 125 1
18 126 1
18 134 1
18 135 1
18 136 1
18 143 1
18 155 1
18 161 -1
18 167 1
18 168 1
18 172 1
18 179 1
18 184 -1
18 185 1
18 200 1
18 210 1
18 214 1
18 216 1
18 222 1
18 227 1
19 20 1
19 23 1
19 26 -1
19 28 1
19 31 1
19 33 1
19 42 1
19 52 1
19 55 1
19 56 1
19 59 1
19 65 -1
19 82 -1
19 88 1
19 90 -1
19 97 -1
19 98 -1
19 108 1
19 111 1
19 112 1
19 125 1
19 126 1
19 131 1
19 134 1
19 135 1
19 142 1
19 145 1
19 155 1
19 162 1
19 167 1
19 168 1
19 172 1
19 179 1
19 190 1
19 200 1
19 210 1
19 214 1
19 216 1
19 222 1
19 226 1
19 227 1
20 25 -1
20 28 1
20 31 1
20 42 1
20 45 1
20 46 1
20 52 1
20 59 1
20 63 -1
20 67 -1
20 78 1
20 79 1
20 83 1
20 103 1
20 104 -1
20 106 1
20 108 1
20 109 -1
20 110 -1
20 112 1
20 115 1
20 116 1
20 122 1
20 125 1
20 126 1
20 134 1
20 135 1
20 142 -1
20 143 1
20 151 -1
20 155 1
20 162 1
20 167 1
20 168 1
20 172 1
20 179 1
20 181 -1
20 185 1
20 187 -1
20 188 -1
20 192 -1
20 200 1
20 205 -1
20 210 1
20 214 1
20 216 1
20 218 -1
20 222 1
20 227 1
21 25 1
21 27 1
21 53 1
21 58 -1
21 61 1
21 62 1
21 68 -1
21 69 1
21 73 1
21 80 1
21 82 1
21 87 1
21 89 1
21 96 1
21 98 1
21 101 1
21 104 1
21 105 1
21 107 1
21 109 1
21 114 1
21 117 1
21 118 1
21 132 1
21 135 -1
21 138 1
21 139 1
21 152 1
21 156 -1
21 159 1
21 166 1
21 179 -1
21 187 1
21 194 -1
21 195 1
21 208 1
21 209 1
21 215 1
21 221 1
21 225 1
22 24 1
22 35 1
22 41 1
22 44 1
22 50 1
22 65 1
22 66 1
22 70 1
22 72 1
22 84 1
22 86 1
22 90 1
22 91 1
22 99 1
22 100 1
22 102 -1
22 103 -1
22 123 -1
22 128 1
22 130 1
22 132 -1
22 137 1
22 146 -1
22 148 1
22 153 1
22 157 1
22 158 1
22 161 -1
22 175 -1
22 180 1
22 183 1
22 192 1
22 198 1
22 202 1
23 33 1
23 34 1
23 52 -1
23 54 1
23 55 1
23 56 1
23 71 1
23 82 1
23 83 -1
23 85 1
23 88 1
23 91 -1
23 98 1
23 102 1
23 105 1
23 111 1
23 112 1
23 120 1
23 131 1
23 133 1
23 136 -1
23 142 1
23 145 1
23 162 1
23 163 -1
23 174 1
23 187 1
23 190 1
23 199 1
23 201 1
23 211 -1
23 216 1
23 220 1
23 224 -1
23 226 1
24 32 -1
24 35 1
24 40 -1
24 41 1
24 44 1
24 48 -1
24 50 1
24 54 -1
24 66 1
24 70 1
24 72 1
24 84 1
24 86 1
24 90 1
24 91 1
24 100 1
24 108 -1
24 128 1
24 130 1
24 132 -1
24 136 -1
24 137 1
24 139 -1
24 153 1
24 157 1
24 158 1
24 171 -1
24 173 -1
24 180 1
24 183 1
24 184 -1
24 190 -1
24 192 -1
24 201 -1
24 202 1
24 220 -1
25 26 1
25 27 1
25 42 -1
25 47 1
25 48 1
25 51 1
25 52 -1
25 58 1
25 61 1
25 62 1
25 73 1
25 80 1
25 81 1
25 89 1
25 96 1
25 104 1
25 114 1
25 117 1
25 121 1
25 123 1
25 127 1
25 132 1
25 138 1
25 139 1
25 141 1
25 144 1
25 147 1
25 159 1
25 160 1
25 161 1
25 163 1
25 166 1
25 177 1
25 195 1
25 200 -1
25 207 1
25 209 1
25 211 1
25 215 1
25 219 1
25 221 1
25 224 1
25 225 1
26 27 1
26 32 -1
26 47 1
26 48 1
26 51 1
26 57 1
26 58 1
26 61 1
26 62 1
26 80 1
26 81 1
26 82 -1
26 89 1
26 92 1
26 95 -1
26 96 1
26 104 1
26 114 1
26 117 1
26 121 1
26 123 1
26 125 -1
26 127 1
26 132 1
26 138 1
26 139 1
26 141 1
26 144 1
26 147 1
26 149 1
26 152 -1
26 160 1
26 161 1
26 163 1
26 166 1
26 168 -1
26 177 1
26 189 -1
26 191 1
26 198 -1
26 207 1
26 209 1
26 211 1
26 215 1
26 218 1
26 219 1
26 221 1
26 224 1
26 225 1
26 228 1
27 36 -1
27 47 1
27 48 1
27 51 1
27 58 1
27 61 1
27 62 1
27 73 1
27 77 -1
27 80 1
27 81 1
27 87 -1
27 89 1
27 91 -1
27 93 -1
27 96 1
27 101 -1
27 103 -1
27 104 1
27 114 1
27 117 1
27 123 1
27 127 1
27 132 1
27 138 1
27 139 1
27 141 1
27 144 1
27 147 1
27 157 -1
27 159 1
27 160 1
27 161 1
27 163 1
27 166 1
27 177 1
27 190 -1
27 195 1
27 199 -1
27 203 -1
27 207 1
27 209 1
27 215 1
27 219 1
27 221 1
27 224 1
27 225 1
28 31 1
28 32 -1
28 33 1
28 42 1
28 45 1
28 46 1
28 49 -1
28 52 1
28 59 1
28 71 -1
28 76 -1
28 78 1
28 83 1
28 88 1
28 103 1
28 106 1
28 108 1
28 112 1
28 114 -1
28 115 1
28 116 1
28 122 1
28 124 -1
28 125 1
28 126 1
28 134 1
28 135 1
28 139 -1
28 155 1
28 159 -1
28 162 1
28 167 1
28 168 1
28 172 1
28 179 1
28 200 1
28 210 1
28 214 1
28 216 1
28 222 1
28 227 1
28 230 -1
29 34 -1
29 36 1
29 43 1
29 45 1
29 46 1
29 49 1
29 64 1
29 77 1
29 79 1
29 82 -1
29 83 1
29 97 1
29 103 1
29 106 1
29 113 1
29 115 1
29 122 1
29 129 1
29 136 1
29 143 1
29 162 -1
29 170 1
29 173 1
29 175 1
29 176 1
29 182 1
29 185 1
29 186 1
29 189 1
29 197 1
29 203 -1
29 206 1
29 212 1
29 222 -1
29 230 1
30 32 1
30 37 1
30 39 1
30 51 1
30 54 -1
30 57 1
30 58 1
30 60 1
30 63 1
30 66 -1
30 67 1
30 74 1
30 75 1
30 76 1
30 81 1
30 88 -1
30 92 1
30 93 1
30 94 1
30 95 1
30 98 -1
30 119 1
30 120 -1
30 121 1
30 123 1
30 124 1
30 127 1
30 132 -1
30 140 1
30 143 -1
30 144 1
30 146 1
30 147 1
30 149 1
30 150 1
30 155 -1
30 156 1
30 160 1
30 163 1
30 164 1
30 172 -1
30 178 1
30 181 1
30 191 1
30 196 -1
30 205 1
30 211 1
30 217 1
30 218 1
30 219 1
30 223 1
30 224 1
30 228 1
31 33 1
31 42 1
31 52 1
31 53 -1
31 55 1
31 56 1
31 59 1
31 73 -1
31 78 1
31 88 1
31 108 1
31 112 1
31 116 1
31 125 1
31 126 1
31 134 1
31 135 1
31 155 1
31 162 1
31 167 1
31 168 1
31 169 -1
31 172 1
31 179 1
31 182 -1
31 200 1
31 209 -1
31 210 1
31 214 1
31 216 1
31 218 -1
31 222 1
31 224 -1
31 227 1
32 37 1
32 38 1
32 39 1
32 57 1
32 60 1
32 63 1
32 67 1
32 71 -1
32 74 1
32 75 1
32 76 1
32 84 -1
32 92 1
32 93 1
32 94 1
32 95 1
32 110 1
32 119 1
32 121 1
32 124 1
32 127 -1
32 139 -1
32 140 1
32 146 1
32 149 1
32 150 1
32 152 -1
32 154 1
32 156 1
32 163 1
32 164 1
32 176 -1
32 177 -1
32 178 1
32 181 1
32 184 1
32 188 1
32 191 1
32 203 1
32 205 1
32 211 1
32 213 1
32 217 1
32 218 1
32 223 1
32 228 1
33 35 -1
33 42 1
33 52 1
33 54 1
33 55 1
33 56 1
33 59 1
33 61 -1
33 63 -1
33 64 -1
33 88 1
33 90 -1
33 109 -1
33 111 1
33 112 1
33 120 1
33 125 1
33 126 1
33 131 1
33 134 1
33 135 1
33 142 1
33 145 1
33 155 1
33 162 1
33 163 -1
33 164 -1
33 168 1
33 172 1
33 179 1
33 190 1
33 200 1
33 214 1
33 216 1
33 220 1
33 222 1
33 226 1
33 229 -1
34 53 1
34 54 1
34 55 1
34 56 1
34 62 -1
34 63 -1
34 67 -1
34 69 1
34 71 1
34 74 -1
34 82 1
34 85 1
34 88 1
34 89 -1
34 96 -1
34 98 1
34 100 -1
34 101 1
34 102 1
34 105 1
34 107 1
34 109 1
34 111 1
34 118 1
34 120 1
34 129 -1
34 131 1
34 133 1
34 142 1
34 145 1
34 151 -1
34 152 1
34 174 1
34 186 -1
34 187 1
34 190 1
34 199 1
34 201 1
34 220 1
34 226 1
35 39 -1
35 40 1
35 41 1
35 44 1
35 50 1
35 64 1
35 65 1
35 66 1
35 70 1
35 72 1
35 84 1
35 86 1
35 90 1
35 91 1
35 98 -1
35 99 1
35 100 1
35 112 -1
35 113 1
35 126 -1
35 128 1
35 130 1
35 137 1
35 138 -1
35 148 1
35 153 1
35 157 1
35 158 1
35 161 -1
35 171 1
35 180 1
35 183 1
35 189 1
35 192 1
35 198 1
35 202 1
35 215 -1
36 37 -1
36 40 1
36 43 1
36 45 1
36 46 1
36 49 1
36 50 -1
36 64 1
36 77 1
36 79 1
36 83 1
36 97 1
36 103 1
36 106 1
36 113 1
36 114 -1
36 115 1
36 122 1
36 124 -1
36 129 1
36 136 1
36 143 1
36 146 -1
36 159 -1
36 161 -1
36 170 1
36 173 1
36 175 1
36 176 1
36 182 1
36 185 1
36 186 1
36 187 -1
36 189 1
36 197 1
36 206 1
36 210 -1
36 212 1
36 230 1
37 39 1
37 51 1
37 52 -1
37 55 -1
37 57 1
37 58 1
37 60 1
37 63 1
37 67 1
37 74 1
37 75 1
37 76 1
37 81 1
37 82 -1
37 92 1
37 93 1
37 94 1
37 95 1
37 103 -1
37 116 -1
37 119 1
37 121 1
37 123 1
37 124 1
37 127 1
37 140 1
37 144 1
37 146 1
37 147 1
37 149 1
37 150 1
37 153 -1
37 160 1
37 163 1
37 164 1
37 165 -1
37 178 1
37 181 1
37 191 1
37 203 -1
37 205 1
37 206 -1
37 210 -1
37 211 1
37 217 1
37 218 1
37 219 1
37 223 1
37 224 1
37 228 1
38 39 1
38 60 1
38 61 -1
38 62 -1
38 63 1
38 68 1
38 74 1
38 75 1
38 76 1
38 78 -1
38 94 1
38 95 1
38 102 -1
38 110 1
38 119 1
38 124 1
38 135 -1
38 140 1
38 144 -1
38 146 1
38 149 -1
38 150 1
38 151 1
38 154 1
38 156 1
38 164 1
38 165 1
38 169 1
38 176 -1
38 178 1
38 182 -1
38 184 1
38 188 1
38 193 1
38 194 1
38 196 1
38 203 1
38 204 1
38 211 -1
38 213 1
38 217 1
38 218 -1
38 223 1
38 228 -1
38 229 1
39 60 1
39 63 1
39 67 1
39 68 1
39 69 -1
39 74 1
39 75 1
39 76 1
39 93 1
39 94 1
39 95 1
39 110 1
39 119 1
39 124 1
39 140 1
39 146 1
39 149 1
39 150 1
39 151 1
39 154 1
39 156 1
39 164 1
39 165 1
39 166 -1
39 169 1
39 174 -1
39 178 1
39 180 -1
39 181 1
39 183 -1
39 184 1
39 188 1
39 191 1
39 193 1
39 194 1
39 196 1
39 203 1
39 204 1
39 205 1
39 209 -1
39 213 1
39 215 -1
39 217 1
39 223 1
39 229 1
40 41 1
40 43 1
40 44 1
40 49 1
40 50 1
40 57 -1
40 58 -1
40 61 -1
40 62 -1
40 64 1
40 65 1
40 70 1
40 77 1
40 86 1
40 91 1
40 97 1
40 99 1
40 113 1
40 120 -1
40 124 -1
40 128 1
40 129 1
40 133 -1
40 137 1
40 148 1
40 153 1
40 155 -1
40 158 1
40 169 -1
40 170 1
40 171 1
40 173 1
40 175 1
40 176 1
40 180 1
40 182 1
40 183 1
40 186 1
40 188 -1
40 189 1
40 192 1
40 196 -1
40 197 1
40 198 1
40 206 1
40 208 -1
40 230 1
41 43 1
41 44 1
41 50 1
41 64 1
41 65 1
41 66 1
41 69 -1
41 70 1
41 72 1
41 84 1
41 86 1
41 89 -1
41 90 1
41 91 1
41 99 1
41 100 1
41 113 1
41 123 -1
41 128 1
41 130 1
41 136 -1
41 137 1
41 148 1
41 153 1
41 157 1
41 158 1
41 171 1
41 172 -1
41 175 1
41 180 1
41 183 1
41 185 -1
41 186 1
41 189 1
41 192 1
41 198 1
41 202 1
41 215 -1
41 217 -1
41 221 -1
42 45 1
42 46 1
42 52 1
42 55 1
42 56 1
42 59 1
42 78 1
42 83 1
42 88 1
42 96 -1
42 106 1
42 107 -1
42 108 1
42 112 1
42 114 -1
42 116 1
42 125 1
42 126 1
42 134 1
42 135 1
42 151 -1
42 155 1
42 162 1
42 167 1
42 168 1
42 172 1
42 177 -1
42 179 1
42 182 -1
42 200 1
42 202 -1
42 210 1
42 214 1
42 216 1
42 222 1
42 227 1
43 46 -1
43 49 1
43 58 -1
43 64 1
43 65 1
43 70 1
43 77 1
43 91 1
43 97 1
43 99 1
43 113 1
43 114 -1
43 129 1
43 137 1
43 148 1
43 158 1
43 161 -1
43 170 1
43 171 1
43 173 1
43 175 1
43 176 1
43 182 1
43 183 1
43 186 1
43 189 1
43 192 1
43 197 1
43 198 1
43 202 -1
43 206 1
43 207 -1
43 212 1
43 229 -1
43 230 1
44 50 1
44 51 -1
44 65 1
44 66 1
44 70 1
44 72 1
44 84 1
44 85 -1
44 86 1
44 90 1
44 91 1
44 99 1
44 100 1
44 103 -1
44 116 -1
44 125 -1
44 128 1
44 130 1
44 134 -1
44 137 1
44 148 1
44 153 1
44 157 1
44 158 1
44 168 -1
44 171 1
44 180 1
44 183 1
44 192 1
44 198 1
44 202 1
44 205 -1
44 208 -1
44 211 -1
44 217 -1
44 227 -1
45 46 1
45 48 -1
45 54 -1
45 59 1
45 62 -1
45 68 -1
45 72 -1
45 78 1
45 79 1
45 83 1
45 97 1
45 103 1
45 106 1
45 108 1
45 115 1
45 116 1
45 122 1
45 125 1
45 126 1
45 129 1
45 136 1
45 143 1
45 158 -1
45 167 1
45 168 1
45 172 1
45 179 1
45 185 1
45 198 -1
45 206 1
45 210 1
45 212 1
45 222 1
45 227 1
45 230 1
46 52 1
46 59 1
46 60 -1
46 78 1
46 79 1
46 83 1
46 91 -1
46 97 1
46 103 1
46 104 -1
46 106 1
46 108 1
46 115 1
46 116 1
46 121 -1
46 122 1
46 125 1
46 126 1
46 134 1
46 136 1
46 143 1
46 148 -1
46 155 1
46 167 1
46 168 1
46 172 1
46 179 1
46 185 1
46 200 1
46 206 1
46 209 -1
46 210 1
46 211 -1
46 212 1
46 221 -1
46 222 1
46 227 1
46 230 1
47 48 1
47 51 1
47 57 1
47 58 1
47 61 1
47 62 1
47 80 1
47 81 1
47 87 -1
47 89 1
47 92 1
47 95 -1
47 96 1
47 104 1
47 114 1
47 117 1
47 121 1
47 123 1
47 127 1
47 128 -1
47 132 1
47 138 1
47 139 1
47 141 1
47 142 -1
47 144 1
47 147 1
47 160 1
47 161 1
47 163 1
47 166 1
47 177 1
47 187 -1
47 207 1
47 209 1
47 211 1
47 215 1
47 218 1
47 219 1
47 221 1
47 224 1
47 225 1
47 228 1
48 51 1
48 54 -1
48 57 1
48 58 1
48 61 1
48 62 1
48 80 1
48 81 1
48 83 -1
48 88 -1
48 89 1
48 92 1
48 96 1
48 103 -1
48 104 1
48 114 1
48 117 1
48 121 1
48 123 1
48 127 1
48 132 1
48 138 1
48 139 1
48 141 1
48 144 1
48 147 1
48 156 -1
48 160 1
48 161 1
48 162 -1
48 163 1
48 166 1
48 177 1
48 197 -1
48 207 1
48 209 1
48 211 1
48 215 1
48 218 1
48 219 1
48 221 1
48 224 1
48 225 1
48 227 -1
48 228 1
49 64 1
49 66 -1
49 77 1
49 79 1
49 94 -1
49 97 1
49 99 1
49 113 1
49 115 1
49 122 1
49 126 -1
49 129 1
49 136 1
49 143 1
49 148 1
49 160 -1
49 170 1
49 171 1
49 173 1
49 175 1
49 176 1
49 182 1
49 185 1
49 186 1
49 189 1
49 197 1
49 200 -1
49 206 1
49 212 1
49 215 -1
49 219 -1
49 230 1
50 53 -1
50 65 1
50 66 1
50 70 1
50 72 1
50 84 1
50 86 1
50 90 1
50 91 1
50 99 1
50 100 1
50 107 -1
50 128 1
50 130 1
50 137 1
50 148 1
50 153 1
50 157 1
50 158 1
50 170 -1
50 171 1
50 180 1
50 183 1
50 192 1
50 196 -1
50 198 1
50 202 1
50 214 -1
50 229 -1
51 57 1
51 58 1
51 61 1
51 62 1
51 64 -1
51 80 1
51 81 1
51 92 1
51 96 1
51 104 1
51 114 1
51 117 1
51 120 -1
51 121 1
51 123 1
51 127 1
51 132 1
51 134 -1
51 138 1
51 139 1
51 141 1
51 144 1
51 147 1
51 149 1
51 160 1
51 161 1
51 163 1
51 166 1
51 177 1
51 191 1
51 205 1
51 207 1
51 209 1
51 211 1
51 215 1
51 218 1
51 219 1
51 221 1
51 222 -1
51 224 1
51 225 1
51 228 1
52 55 1
52 56 1
52 59 1
52 65 -1
52 73 -1
52 78 1
52 83 1
52 88 1
52 105 -1
52 106 1
52 107 -1
52 108 1
52 112 1
52 116 1
52 125 1
52 126 1
52 134 1
52 135 1
52 141 -1
52 155 1
52 162 1
52 167 1
52 168 1
52 172 1
52 175 -1
52 179 1
52 200 1
52 210 1
52 214 1
52 216 1
52 222 1
52 227 1
53 54 1
53 62 1
53 67 -1
53 68 -1
53 69 1
53 71 1
53 73 1
53 74 -1
53 80 -1
53 82 1
53 85 1
53 87 1
53 89 1
53 98 1
53 101 1
53 102 1
53 104 1
53 105 1
53 107 1
53 109 1
53 117 1
53 118 1
53 120 1
53 133 1
53 142 1
53 145 1
53 152 1
53 159 1
53 166 1
53 174 1
53 187 1
53 195 1
53 199 1
53 201 1
53 208 1
53 209 -1
53 220 1
53 224 -1
53 226 1
54 55 1
54 56 1
54 65 -1
54 67 -1
54 69 1
54 71 1
54 79 -1
54 82 1
54 85 1
54 88 1
54 92 -1
54 98 1
54 101 1
54 102 1
54 104 -1
54 105 1
54 109 1
54 110 -1
54 111 1
54 120 1
54 128 -1
54 131 1
54 133 1
54 142 1
54 145 1
54 152 1
54 154 -1
54 156 -1
54 160 -1
54 162 1
54 174 1
54 187 1
54 190 1
54 199 1
54 201 1
54 220 1
54 226 1
55 56 1
55 64 -1
55 65 -1
55 71 1
55 79 -1
55 82 1
55 85 1
55 88 1
55 102 1
55 105 1
55 109 -1
55 111 1
55 112 1
55 120 1
55 131 1
55 133 1
55 134 1
55 135 1
55 142 1
55 145 1
55 155 1
55 162 1
55 168 -1
55 174 1
55 187 1
55 190 1
55 195 -1
55 199 1
55 200 1
55 201 1
55 214 1
55 216 1
55 220 1
55 226 1
56 66 -1
56 76 -1
56 85 1
56 88 1
56 111 1
56 112 1
56 120 1
56 131 1
56 133 1
56 134 1
56 135 1
56 142 1
56 145 1
56 155 1
56 162 1
56 165 -1
56 171 -1
56 174 1
56 190 1
56 200 1
56 201 1
56 214 1
56 216 1
56 220 1
56 222 1
56 226 1
57 58 1
57 60 1
57 67 1
57 74 1
57 75 1
57 81 1
57 92 1
57 93 1
57 94 1
57 121 1
57 123 1
57 127 1
57 139 -1
57 140 1
57 141 1
57 144 1
57 146 1
57 147 1
57 149 1
57 150 1
57 160 1
57 161 1
57 163 1
57 164 1
57 168 -1
57 176 -1
57 177 1
57 181 1
57 191 1
57 201 -1
57 204 -1
57 205 1
57 207 1
57 211 1
57 217 1
57 218 1
57 219 1
57 224 1
57 228 1
58 61 1
58 67 1
58 74 -1
58 80 1
58 81 1
58 92 1
58 93 1
58 114 1
58 121 1
58 123 1
58 127 1
58 132 1
58 138 1
58 139 1
58 141 1
58 144 1
58 147 1
58 149 1
58 151 -1
58 160 1
58 161 1
58 163 1
58 177 1
58 181 1
58 191 1
58 205 1
58 207 1
58 209 1
58 211 1
58 213 -1
58 218 1
58 219 1
58 221 1
58 224 1
58 225 1
58 228 1
59 78 1
59 83 1
59 88 1
59 90 -1
59 91 -1
59 103 1
59 106 1
59 108 1
59 112 1
59 115 1
59 116 1
59 118 -1
59 122 1
59 125 1
59 126 1
59 134 1
59 135 1
59 147 -1
59 150 -1
59 155 1
59 162 1
59 167 1
59 168 1
59 172 1
59 176 -1
59 179 1
59 200 1
59 210 1
59 214 1
59 216 1
59 221 -1
59 222 1
59 227 1
60 63 1
60 66 -1
60 67 1
60 70 -1
60 74 1
60 75 1
60 76 1
60 92 1
60 93 1
60 94 1
60 95 1
60 110 1
60 118 -1
60 119 1
60 124 1
60 140 1
60 146 1
60 149 1
60 150 1
60 154 1
60 156 1
60 164 1
60 165 1
60 168 -1
60 173 -1
60 177 -1
60 178 1
60 179 -1
60 181 1
60 184 1
60 188 1
60 191 1
60 193 1
60 196 1
60 200 -1
60 203 1
60 204 -1
60 205 1
60 213 1
60 217 1
60 223 1
60 228 1
61 62 1
61 64 -1
61 73 1
61 80 1
61 81 1
61 89 1
61 96 1
61 104 1
61 114 1
61 116 -1
61 117 1
61 121 1
61 123 1
61 124 -1
61 127 1
61 128 -1
61 132 1
61 138 1
61 139 1
61 141 1
61 144 1
61 147 1
61 159 1
61 160 1
61 161 1
61 163 1
61 166 1
61 177 1
61 195 1
61 207 1
61 209 1
61 214 -1
61 215 1
61 219 1
61 221 1
61 224 1
61 225 1
62 69 1
62 73 1
62 77 -1
62 80 1
62 87 1
62 89 1
62 92 -1
62 96 1
62 101 1
62 104 1
62 107 1
62 109 1
62 114 1
62 117 1
62 118 1
62 132 1
62 138 1
62 139 1
62 141 1
62 152 1
62 159 1
62 161 1
62 166 1
62 168 -1
62 177 1
62 195 1
62 207 1
62 208 1
62 209 1
62 213 -1
62 215 1
62 221 1
62 225 1
63 67 1
63 68 1
63 71 -1
63 74 1
63 75 1
63 76 1
63 81 -1
63 93 1
63 94 1
63 95 1
63 100 -1
63 103 -1
63 110 1
63 119 1
63 124 1
63 140 1
63 145 -1
63 146 1
63 149 1
63 150 1
63 151 1
63 154 1
63 156 1
63 164 1
63 165 1
63 169 1
63 178 1
63 181 1
63 184 1
63 186 -1
63 188 1
63 191 1
63 193 1
63 194 1
63 196 1
63 203 1
63 204 1
63 205 1
63 213 1
63 216 -1
63 217 1
63 221 -1
63 223 1
63 224 -1
63 229 1
64 65 1
64 70 1
64 77 1
64 79 -1
64 84 -1
64 91 1
64 97 1
64 99 1
64 113 1
64 114 -1
64 117 -1
64 128 1
64 129 1
64 137 1
64 145 -1
64 146 -1
64 148 1
64 158 1
64 170 1
64 171 1
64 173 1
64 175 1
64 176 1
64 181 -1
64 182 1
64 183 1
64 186 1
64 189 1
64 190 -1
64 192 1
64 194 -1
64 197 1
64 198 1
64 202 -1
64 206 1
64 207 -1
64 212 1
64 230 1
65 67 -1
65 70 1
65 76 -1
65 80 -1
65 84 1
65 86 1
65 90 1
65 91 1
65 96 -1
65 99 1
65 113 1
65 127 -1
65 128 1
65 137 1
65 142 -1
65 148 1
65 153 1
65 158 1
65 170 1
65 171 1
65 173 1
65 175 1
65 176 1
65 180 1
65 183 1
65 186 1
65 189 1
65 192 1
65 197 1
65 198 1
65 220 -1
66 70 1
66 72 1
66 77 -1
66 80 -1
66 84 1
66 86 1
66 90 1
66 91 1
66 100 1
66 123 -1
66 128 1
66 129 -1
66 130 1
66 137 1
66 153 1
66 157 1
66 158 1
66 170 -1
66 172 -1
66 180 1
66 183 1
66 202 1
66 223 -1
67 74 1
67 75 1
67 76 1
67 81 1
67 90 -1
67 92 1
67 93 1
67 94 1
67 95 1
67 101 -1
67 114 -1
67 119 1
67 121 1
67 123 1
67 124 1
67 127 1
67 140 1
67 144 1
67 146 1
67 147 1
67 149 1
67 150 1
67 156 1
67 160 1
67 163 1
67 164 1
67 173 -1
67 177 -1
67 178 1
67 181 1
67 191 1
67 205 1
67 211 1
67 217 1
67 218 1
67 219 1
67 223 1
67 224 1
67 228 1
68 74 1
68 75 1
68 76 1
68 77 -1
68 81 -1
68 94 1
68 95 1
68 110 1
68 119 1
68 124 1
68 140 1
68 150 1
68 151 1
68 154 1
68 156 1
68 159 -1
68 165 1
68 169 1
68 170 -1
68 178 1
68 184 1
68 188 1
68 193 1
68 194 1
68 196 1
68 203 1
68 204 1
68 206 -1
68 213 1
68 215 -1
68 223 1
68 229 1
69 71 1
69 73 1
69 82 1
69 84 -1
69 85 1
69 87 1
69 89 1
69 91 -1
69 98 1
69 101 1
69 102 1
69 104 1
69 105 1
69 107 1
69 109 1
69 117 -1
69 118 1
69 120 1
69 122 -1
69 133 1
69 142 1
69 145 1
69 152 1
69 159 1
69 166 1
69 174 1
69 187 1
69 190 -1
69 195 1
69 199 1
69 201 1
69 203 -1
69 204 -1
69 208 1
69 220 1
69 226 1
69 229 -1
70 72 1
70 84 1
70 86 1
70 90 1
70 91 1
70 99 1
70 100 1
70 113 1
70 128 1
70 130 1
70 135 -1
70 137 1
70 148 1
70 153 1
70 157 1
70 158 1
70 171 1
70 175 1
70 180 1
70 182 -1
70 183 1
70 186 1
70 189 1
70 192 1
70 198 1
70 202 1
70 203 -1
71 82 1
71 85 1
71 86 -1
71 87 1
71 88 -1
71 90 -1
71 98 1
71 101 1
71 102 1
71 104 -1
71 105 1
71 107 1
71 109 1
71 111 1
71 118 1
71 120 1
71 131 1
71 133 1
71 142 1
71 145 1
71 146 -1
71 152 1
71 157 -1
71 159 1
71 173 -1
71 174 1
71 184 -1
71 185 -1
71 187 1
71 190 1
71 196 -1
71 198 -1
71 199 1
71 201 1
71 207 -1
71 208 1
71 220 1
71 226 1
72 84 1
72 86 1
72 90 1
72 91 1
72 96 -1
72 100 1
72 121 -1
72 123 -1
72 128 1
72 130 1
72 137 1
72 153 1
72 157 1
72 158 1
72 166 -1
72 180 1
72 183 1
72 184 -1
72 202 1
72 224 -1
73 80 1
73 87 1
73 89 1
73 96 1
73 98 1
73 101 1
73 104 1
73 107 1
73 109 1
73 114 1
73 117 1
73 118 1
73 127 -1
73 132 1
73 138 1
73 139 1
73 152 1
73 159 1
73 166 1
73 195 1
73 208 1
73 209 1
73 215 1
73 217 -1
73 219 -1
73 221 1
73 225 1
74 75 1
74 76 1
74 81 -1
74 93 1
74 94 1
74 95 1
74 104 -1
74 110 1
74 119 1
74 124 1
74 130 -1
74 140 1
74 144 -1
74 146 1
74 147 -1
74 149 1
74 150 1
74 151 1
74 154 1
74 156 1
74 161 -1
74 164 1
74 165 1
74 169 1
74 178 1
74 180 -1
74 181 1
74 184 1
74 188 1
74 191 1
74 193 1
74 194 1
74 196 1
74 203 1
74 204 1
74 205 1
74 213 1
74 217 1
74 219 -1
74 223 1
74 229 1
75 76 1
75 81 -1
75 92 1
75 93 1
75 94 1
75 95 1
75 110 1
75 119 1
75 124 1
75 140 1
75 141 -1
75 146 1
75 147 -1
75 149 1
75 150 1
75 151 1
75 154 1
75 156 1
75 164 1
75 165 1
75 168 -1
75 169 1
75 178 1
75 181 1
75 184 1
75 188 1
75 191 1
75 193 1
75 194 1
75 196 1
75 203 1
75 205 1
75 208 -1
75 213 1
75 217 1
75 223 1
75 229 1
76 83 -1
76 93 1
76 94 1
76 95 1
76 110 1
76 114 -1
76 119 1
76 124 1
76 140 1
76 146 1
76 149 1
76 150 1
76 151 1
76 154 1
76 156 1
76 157 -1
76 164 1
76 165 1
76 169 1
76 178 1
76 181 1
76 184 1
76 187 -1
76 188 1
76 191 1
76 193 1
76 194 1
76 196 1
76 203 1
76 204 1
76 205 1
76 209 -1
76 213 1
76 214 -1
76 217 1
76 222 -1
76 223 1
76 229 1
77 79 1
77 80 -1
77 86 -1
77 89 -1
77 97 1
77 99 1
77 107 -1
77 113 1
77 115 1
77 116 -1
77 122 1
77 129 1
77 130 -1
77 136 1
77 138 -1
77 140 -1
77 143 1
77 147 -1
77 148 1
77 167 -1
77 170 1
77 171 1
77 173 1
77 175 1
77 176 1
77 182 1
77 185 1
77 186 1
77 189 1
77 197 1
77 206 1
77 207 -1
77 212 1
77 217 -1
77 218 -1
77 225 -1
77 230 1
78 79 1
78 83 1
78 103 1
78 106 1
78 108 1
78 113 -1
78 115 1
78 116 1
78 122 1
78 125 1
78 126 1
78 130 -1
78 134 1
78 135 1
78 136 1
78 143 1
78 146 -1
78 155 1
78 164 -1
78 167 1
78 168 1
78 170 -1
78 171 -1
78 172 1
78 177 -1
78 179 1
78 185 1
78 200 1
78 210 1
78 212 1
78 213 -1
78 214 1
78 217 -1
78 222 1
78 227 1
79 83 1
79 94 -1
79 97 1
79 103 1
79 106 1
79 108 1
79 115 1
79 116 1
79 122 1
79 125 1
79 129 1
79 136 1
79 143 1
79 167 1
79 170 1
79 173 1
79 176 1
79 181 -1
79 182 1
79 185 1
79 197 1
79 206 1
79 210 1
79 211 -1
79 212 1
79 222 -1
79 227 1
79 230 1
80 81 1
80 82 -1
80 89 1
80 90 -1
80 96 1
80 104 1
80 114 1
80 117 1
80 123 1
80 127 1
80 132 1
80 138 1
80 139 1
80 141 1
80 144 1
80 147 1
80 153 -1
80 159 1
80 160 1
80 161 1
80 163 1
80 166 1
80 168 -1
80 177 1
80 192 -1
80 195 1
80 207 1
80 209 1
80 213 -1
80 215 1
80 218 -1
80 219 1
80 221 1
80 224 1
80 225 1
81 92 1
81 96 1
81 106 -1
81 114 1
81 121 1
81 123 1
81 127 1
81 131 -1
81 132 1
81 135 -1
81 138 1
81 139 1
81 141 1
81 144 1
81 145 -1
81 147 1
81 149 1
81 154 -1
81 159 -1
81 160 1
81 161 1
81 163 1
81 171 -1
81 177 1
81 180 -1
81 181 1
81 191 1
81 201 -1
81 205 1
81 207 1
81 209 1
81 211 1
81 215 1
81 218 1
81 219 1
81 221 1
81 224 1
81 225 1
81 228 1
82 85 1
82 87 1
82 98 1
82 101 1
82 102 1
82 105 1
82 107 1
82 109 1
82 111 1
82 114 -1
82 118 1
82 120 1
82 131 1
82 133 1
82 142 1
82 145 1
82 149 -1
82 152 1
82 159 1
82 160 -1
82 174 1
82 187 1
82 190 1
82 195 1
82 199 1
82 201 1
82 208 1
82 219 -1
82 220 1
82 226 1
83 97 1
83 103 1
83 106 1
83 108 1
83 115 1
83 116 1
83 122 1
83 125 1
83 126 1
83 129 1
83 136 1
83 143 1
83 167 1
83 168 1
83 171 -1
83 172 1
83 179 1
83 185 1
83 194 -1
83 198 -1
83 199 -1
83 203 -1
83 206 1
83 210 1
83 211 -1
83 212 1
83 222 1
83 225 -1
83 227 1
83 230 1
84 86 1
84 90 1
84 91 1
84 94 -1
84 99 1
84 100 1
84 103 -1
84 107 -1
84 114 -1
84 128 1
84 130 1
84 137 1
84 138 -1
84 147 -1
84 148 1
84 153 1
84 157 1
84 158 1
84 171 1
84 173 -1
84 180 1
84 183 1
84 192 1
84 198 1
84 202 1
85 88 1
85 98 1
85 101 1
85 102 1
85 105 1
85 107 1
85 109 1
85 111 1
85 119 -1
85 120 1
85 131 1
85 133 1
85 136 -1
85 140 -1
85 142 1
85 145 1
85 152 1
85 165 -1
85 174 1
85 187 1
85 190 1
85 199 1
85 201 1
85 220 1
85 226 1
86 90 1
86 91 1
86 99 1
86 100 1
86 105 -1
86 128 1
86 130 1
86 137 1
86 148 1
86 153 1
86 157 1
86 158 1
86 165 -1
86 171 1
86 180 1
86 183 1
86 189 1
86 192 1
86 198 1
86 202 1
86 206 -1
86 215 -1
86 220 -1
86 229 -1
87 89 1
87 96 1
87 98 1
87 101 1
87 102 1
87 104 1
87 105 1
87 107 1
87 109 1
87 114 1
87 117 1
87 118 1
87 120 -1
87 132 1
87 133 1
87 138 1
87 143 -1
87 146 -1
87 152 1
87 159 1
87 166 1
87 175 -1
87 187 1
87 195 1
87 199 1
87 201 1
87 204 -1
87 208 1
87 209 1
87 210 -1
87 212 -1
87 215 1
87 221 1
87 225 1
88 92 -1
88 96 -1
88 102 -1
88 111 1
88 112 1
88 120 1
88 127 -1
88 131 1
88 134 1
88 135 1
88 136 -1
88 142 1
88 145 1
88 154 -1
88 155 1
88 160 -1
88 162 1
88 168 1
88 172 1
88 174 1
88 179 1
88 190 1
88 200 1
88 207 -1
88 214 1
88 216 1
88 220 1
88 222 1
88 226 1
89 96 1
89 101 1
89 104 1
89 105 -1
89 107 1
89 109 1
89 114 1
89 117 1
89 118 1
89 121 -1
89 126 -1
89 132 1
89 138 1
89 139 1
89 141 1
89 152 1
89 159 1
89 161 1
89 166 1
89 177 1
89 195 1
89 207 1
89 208 1
89 209 1
89 215 1
89 218 -1
89 221 1
89 225 1
90 91 1
90 95 -1
90 99 1
90 100 1
90 107 -1
90 111 -1
90 126 -1
90 128 1
90 130 1
90 137 1
90 142 -1
90 148 1
90 151 -1
90 153 1
90 157 1
90 158 1
90 171 1
90 180 1
90 183 1
90 191 -1
90 192 1
90 198 1
90 201 -1
90 202 1
90 224 -1
91 99 1
91 100 1
91 113 1
91 128 1
91 130 1
91 135 -1
91 137 1
91 142 -1
91 148 1
91 153 1
91 157 1
91 158 1
91 171 1
91 174 -1
91 180 1
91 183 1
91 189 1
91 192 1
91 198 1
91 202 1
92 93 1
92 94 1
92 98 -1
92 121 1
92 123 1
92 127 1
92 141 1
92 144 1
92 146 1
92 147 1
92 149 1
92 150 1
92 158 -1
92 160 1
92 161 1
92 163 1
92 164 1
92 168 -1
92 177 1
92 181 1
92 191 1
92 205 1
92 207 1
92 211 1
92 213 -1
92 217 1
92 218 1
92 219 1
92 220 -1
92 224 1
92 228 1
93 94 1
93 95 1
93 119 1
93 121 1
93 123 1
93 124 1
93 125 -1
93 134 -1
93 140 1
93 144 1
93 146 1
93 147 1
93 149 1
93 150 1
93 156 1
93 158 -1
93 160 1
93 161 -1
93 163 1
93 164 1
93 178 1
93 181 1
93 191 1
93 203 1
93 205 1
93 211 1
93 213 1
93 217 1
93 218 1
93 219 1
93 223 1
93 224 1
93 228 1
94 95 1
94 110 1
94 119 1
94 124 1
94 140 1
94 146 1
94 149 1
94 150 1
94 151 1
94 153 -1
94 154 1
94 156 1
94 164 1
94 165 1
94 169 1
94 178 1
94 181 1
94 184 1
94 188 1
94 190 -1
94 191 1
94 193 1
94 194 1
94 196 1
94 203 1
94 205 1
94 213 1
94 217 1
94 223 1
94 228 1
94 229 1
95 110 1
95 119 1
95 124 1
95 140 1
95 146 1
95 149 1
95 150 1
95 151 1
95 154 1
95 156 1
95 163 -1
95 164 1
95 165 1
95 169 1
95 177 -1
95 178 1
95 181 1
95 184 1
95 188 1
95 193 1
95 194 1
95 196 1
95 203 1
95 204 1
95 205 1
95 213 1
95 214 -1
95 217 1
95 223 1
95 229 1
96 104 1
96 106 -1
96 107 1
96 114 1
96 117 1
96 118 1
96 119 -1
96 125 -1
96 132 1
96 138 1
96 139 1
96 141 1
96 154 -1
96 159 1
96 160 -1
96 161 1
96 162 -1
96 166 1
96 174 -1
96 177 1
96 188 -1
96 195 1
96 207 1
96 208 1
96 209 1
96 215 1
96 220 -1
96 221 1
96 225 1
96 230 -1
97 103 1
97 106 1
97 113 1
97 115 1
97 122 1
97 127 -1
97 129 1
97 136 1
97 138 -1
97 139 -1
97 143 1
97 154 -1
97 170 1
97 173 1
97 175 1
97 176 1
97 177 -1
97 182 1
97 185 1
97 186 1
97 189 1
97 194 -1
97 197 1
97 201 -1
97 206 1
97 212 1
97 230 1
98 101 1
98 102 1
98 105 1
98 107 1
98 109 1
98 111 1
98 115 -1
98 118 1
98 120 1
98 131 1
98 133 1
98 136 -1
98 142 1
98 145 1
98 152 1
98 159 1
98 174 1
98 187 1
98 190 1
98 194 -1
98 195 1
98 199 1
98 201 1
98 208 1
98 220 1
98 223 -1
98 224 -1
98 226 1
99 101 -1
99 105 -1
99 113 1
99 123 -1
99 128 1
99 134 -1
99 137 1
99 143 -1
99 148 1
99 153 1
99 158 1
99 170 1
99 171 1
99 173 1
99 175 1
99 176 1
99 180 1
99 182 1
99 183 1
99 186 1
99 188 -1
99 189 1
99 192 1
99 194 -1
99 197 1
99 198 1
99 218 -1
100 128 1
100 130 1
100 133 -1
100 137 1
100 148 -1
100 153 1
100 157 1
100 158 1
100 172 -1
100 180 1
100 181 -1
100 183 1
100 202 1
101 102 1
101 104 1
101 105 1
101 107 1
101 109 1
101 117 1
101 118 1
101 120 1
101 133 1
101 142 1
101 145 1
101 152 1
101 157 -1
101 159 1
101 166 1
101 174 1
101 175 -1
101 179 -1
101 187 1
101 195 1
101 196 -1
101 199 1
101 201 1
101 208 1
101 220 1
102 105 1
102 107 1
102 109 1
102 111 1
102 118 1
102 120 1
102 131 1
102 133 1
102 142 1
102 145 1
102 152 1
102 153 -1
102 159 1
102 173 -1
102 174 1
102 184 -1
102 187 1
102 190 1
102 199 1
102 201 1
102 208 1
102 212 -1
102 220 1
102 226 1
103 106 1
103 108 1
103 112 -1
103 115 1
103 116 1
103 122 1
103 125 1
103 126 1
103 129 1
103 136 1
103 137 -1
103 140 -1
103 143 1
103 167 1
103 168 1
103 172 1
103 179 1
103 182 1
103 185 1
103 206 1
103 210 1
103 212 1
103 215 -1
103 222 1
103 227 1
103 230 1
104 107 1
104 109 1
104 112 -1
104 114 1
104 117 1
104 118 1
104 132 1
104 138 1
104 139 1
104 141 1
104 152 1
104 159 1
104 161 1
104 166 1
104 177 1
104 189 -1
104 195 1
104 207 1
104 208 1
104 209 1
104 210 -1
104 215 1
104 217 -1
104 219 -1
104 221 1
104 225 1
105 107 1
105 109 1
105 111 1
105 118 1
105 120 1
105 131 1
105 133 1
105 142 1
105 145 1
105 152 1
105 159 1
105 174 1
105 183 -1
105 185 -1
105 187 1
105 190 1
105 195 1
105 199 1
105 201 1
105 208 1
105 220 1
105 226 1
106 108 1
106 109 -1
106 114 -1
106 115 1
106 116 1
106 122 1
106 125 1
106 126 1
106 134 1
106 136 1
106 141 -1
106 143 1
106 156 -1
106 167 1
106 168 1
106 172 1
106 179 1
106 185 1
106 206 1
106 210 1
106 212 1
106 222 1
106 227 1
106 230 1
107 109 1
107 117 1
107 118 1
107 119 -1
107 120 1
107 133 1
107 152 1
107 159 1
107 166 1
107 174 1
107 187 1
107 195 1
107 199 1
107 201 1
107 208 1
107 220 1
107 226 -1
108 112 1
108 115 1
108 116 1
108 122 1
108 125 1
108 126 1
108 134 1
108 135 1
108 143 1
108 144 -1
108 151 -1
108 155 1
108 162 1
108 167 1
108 168 1
108 172 1
108 179 1
108 185 1
108 198 -1
108 200 1
108 210 1
108 214 1
108 216 1
108 218 -1
108 222 1
108 227 1
109 117 1
109 118 1
109 120 1
109 121 -1
109 133 1
109 152 1
109 159 1
109 166 1
109 174 1
109 187 1
109 188 -1
109 195 1
109 199 1
109 201 1
109 208 1
109 220 1
109 230 -1
110 119 1
110 124 1
110 140 1
110 146 1
110 150 1
110 151 1
110 154 1
110 156 1
110 164 1
110 165 1
110 169 1
110 175 -1
110 178 1
110 184 1
110 188 1
110 193 1
110 194 1
110 196 1
110 203 1
110 204 1
110 213 1
110 217 1
110 223 1
110 228 -1
110 229 1
111 112 1
111 116 -1
111 120 1
111 130 -1
111 131 1
111 133 1
111 142 1
111 145 1
111 162 1
111 172 -1
111 174 1
111 187 1
111 190 1
111 199 1
111 201 1
111 216 1
111 220 1
111 222 -1
111 226 1
112 125 1
112 126 1
112 130 -1
112 131 1
112 134 1
112 135 1
112 140 -1
112 142 1
112 145 1
112 155 1
112 162 1
112 167 1
112 168 1
112 172 1
112 179 1
112 190 1
112 200 1
112 203 -1
112 206 -1
112 211 -1
112 214 1
112 216 1
112 222 1
112 224 -1
112 226 1
112 227 1
113 116 -1
113 124 -1
113 128 1
113 129 1
113 133 -1
113 137 1
113 148 1
113 153 -1
113 156 -1
113 158 1
113 170 1
113 171 1
113 173 1
113 175 1
113 176 1
113 180 -1
113 182 1
113 183 1
113 186 1
113 189 1
113 192 1
113 197 1
113 198 1
113 206 1
113 212 1
113 230 1
114 117 1
114 118 1
114 127 1
114 132 1
114 138 1
114 139 1
114 141 1
114 144 1
114 147 1
114 159 1
114 161 1
114 163 -1
114 166 1
114 177 1
114 195 1
114 207 1
114 208 1
114 209 1
114 215 1
114 221 1
114 225 1
114 228 -1
115 116 1
115 122 1
115 125 1
115 126 1
115 129 1
115 136 1
115 140 -1
115 143 1
115 145 -1
115 167 1
115 168 1
115 176 1
115 182 1
115 185 1
115 195 -1
115 197 1
115 206 1
115 210 1
115 212 1
115 227 1
115 230 1
116 122 1
116 125 1
116 126 1
116 128 -1
116 130 -1
116 132 -1
116 134 1
116 135 1
116 136 1
116 143 1
116 147 -1
116 155 1
116 167 1
116 168 1
116 172 1
116 179 1
116 182 -1
116 185 1
116 193 -1
116 199 -1
116 200 1
116 210 1
116 214 1
116 216 1
116 222 1
116 227 1
117 118 1
117 132 1
117 138 1
117 139 1
117 141 1
117 142 -1
117 152 1
117 159 1
117 160 -1
117 161 1
117 165 -1
117 166 1
117 171 -1
117 177 1
117 195 1
117 207 1
117 208 1
117 209 1
117 215 1
117 221 1
117 225 1
117 227 -1
118 122 -1
118 132 1
118 133 1
118 138 1
118 152 1
118 159 1
118 166 1
118 174 1
118 187 1
118 194 -1
118 195 1
118 199 1
118 201 1
118 208 1
118 209 1
118 215 1
118 221 1
118 225 1
119 124 1
119 137 -1
119 140 1
119 146 1
119 149 1
119 150 1
119 151 1
119 154 1
119 156 1
119 157 -1
119 162 -1
119 164 1
119 165 1
119 169 1
119 178 1
119 181 1
119 184 1
119 188 1
119 189 -1
119 193 1
119 194 1
119 196 1
119 203 1
119 204 1
119 205 1
119 213 1
119 217 1
119 218 -1
119 223 1
119 229 1
120 125 -1
120 130 -1
120 131 1
120 133 1
120 142 1
120 145 1
120 152 1
120 174 1
120 187 1
120 190 1
120 197 -1
120 199 1
120 201 1
120 220 1
120 226 1
120 228 -1
121 123 1
121 127 1
121 129 -1
121 139 1
121 141 1
121 144 1
121 146 1
121 147 1
121 149 1
121 160 1
121 161 1
121 163 1
121 177 1
121 181 1
121 191 1
121 205 1
121 207 1
121 211 1
121 218 1
121 219 1
121 221 -1
121 224 1
121 228 1
122 125 1
122 126 1
122 129 1
122 136 1
122 143 1
122 167 1
122 168 1
122 172 1
122 179 1
122 182 1
122 185 1
122 187 -1
122 206 1
122 207 -1
122 210 1
122 212 1
122 222 1
122 224 -1
122 227 1
122 230 1
123 127 1
123 136 -1
123 139 1
123 141 1
123 144 1
123 147 1
123 149 1
123 152 -1
123 154 -1
123 160 1
123 161 1
123 163 1
123 177 1
123 181 1
123 191 1
123 196 -1
123 200 -1
123 205 1
123 207 1
123 209 1
123 211 1
123 218 1
123 219 1
123 221 -1
123 224 1
123 228 1
124 137 -1
124 140 1
124 146 1
124 150 1
124 151 1
124 154 1
124 156 1
124 164 1
124 165 1
124 169 1
124 172 -1
124 174 -1
124 178 1
124 179 -1
124 181 1
124 182 -1
124 184 1
124 188 1
124 193 1
124 194 1
124 196 1
124 203 1
124 204 1
124 205 1
124 207 -1
124 212 -1
124 213 1
124 217 1
124 223 1
124 229 1
125 126 1
125 131 -1
125 134 1
125 135 1
125 143 1
125 148 -1
125 154 -1
125 155 1
125 161 -1
125 162 1
125 167 1
125 168 1
125 172 1
125 179 1
125 185 1
125 196 -1
125 200 1
125 210 1
125 211 -1
125 214 1
125 216 1
125 222 1
125 227 1
126 133 -1
126 134 1
126 135 1
126 139 -1
126 143 1
126 155 1
126 162 1
126 167 1
126 168 1
126 172 1
126 179 1
126 180 -1
126 185 1
126 200 1
126 210 1
126 214 1
126 216 1
126 222 1
126 227 1
126 229 -1
127 129 -1
127 132 1
127 138 1
127 139 1
127 141 1
127 144 1
127 147 1
127 149 1
127 153 -1
127 159 -1
127 160 1
127 161 1
127 163 1
127 177 1
127 181 1
127 191 1
127 195 -1
127 201 -1
127 205 1
127 207 1
127 209 1
127 211 1
127 215 1
127 216 -1
127 218 1
127 219 1
127 221 1
127 224 1
127 225 1
127 228 1
128 130 1
128 137 1
128 140 -1
128 146 -1
128 148 1
128 153 1
128 157 1
128 158 1
128 171 1
128 180 1
128 183 1
128 187 -1
128 189 1
128 192 1
128 197 -1
128 198 1
128 201 -1
128 202 1
128 215 -1
128 220 -1
129 136 1
129 143 1
129 170 1
129 173 1
129 175 1
129 176 1
129 182 1
129 185 1
129 186 1
129 189 1
129 197 1
129 206 1
129 212 1
129 222 -1
129 230 1
130 137 1
130 153 1
130 157 1
130 158 1
130 172 -1
130 175 -1
130 180 1
130 183 1
130 194 -1
130 202 1
130 222 -1
131 133 1
131 134 -1
131 138 -1
131 142 1
131 145 1
131 151 -1
131 162 1
131 168 -1
131 174 1
131 187 1
131 190 1
131 199 1
131 201 1
131 206 -1
131 211 -1
131 216 1
131 220 1
131 226 1
132 138 1
132 139 1
132 141 1
132 144 1
132 147 1
132 155 -1
132 159 1
132 161 1
132 163 -1
132 166 1
132 177 1
132 195 1
132 198 -1
132 203 -1
132 205 -1
132 207 1
132 208 1
132 209 1
132 215 1
132 219 1
132 221 1
132 224 1
132 225 1
133 138 -1
133 142 1
133 145 1
133 147 -1
133 152 1
133 172 -1
133 174 1
133 187 1
133 190 1
133 197 -1
133 198 -1
133 199 1
133 201 1
133 208 1
133 220 1
133 226 1
134 135 1
134 152 -1
134 155 1
134 162 1
134 164 -1
134 167 1
134 168 1
134 169 -1
134 172 1
134 179 1
134 200 1
134 210 1
134 214 1
134 216 1
134 222 1
134 227 1
135 155 1
135 162 1
135 167 1
135 168 1
135 172 1
135 179 1
135 200 1
135 210 1
135 214 1
135 216 1
135 221 -1
135 222 1
135 227 1
135 229 -1
136 143 1
136 162 -1
136 170 1
136 173 1
136 175 1
136 176 1
136 180 -1
136 182 1
136 185 1
136 186 1
136 188 -1
136 197 1
136 206 1
136 210 1
136 212 1
136 216 -1
136 230 1
137 145 -1
137 148 1
137 153 1
137 157 1
137 158 1
137 159 -1
137 171 1
137 175 1
137 176 -1
137 180 1
137 183 1
137 186 1
137 189 1
137 192 1
137 198 1
137 202 1
137 207 -1
137 214 -1
137 222 -1
137 225 -1
138 139 1
138 141 1
138 144 1
138 147 1
138 151 -1
138 159 1
138 161 1
138 166 1
138 173 -1
138 177 1
138 195 1
138 207 1
138 208 1
138 209 1
138 215 1
138 219 1
138 221 1
138 223 -1
138 224 1
138 225 1
139 141 1
139 144 1
139 145 -1
139 147 1
139 148 -1
139 159 1
139 160 1
139 161 1
139 163 1
139 166 1
139 177 1
139 195 1
139 199 -1
139 207 1
139 209 1
139 211 1
139 215 1
139 218 1
139 219 1
139 221 1
139 224 1
139 225 1
140 143 -1
140 146 1
140 148 -1
140 149 1
140 150 1
140 151 1
140 154 1
140 156 1
140 161 -1
140 164 1
140 165 1
140 169 1
140 178 1
140 181 1
140 184 1
140 188 1
140 190 -1
140 191 1
140 192 -1
140 193 1
140 194 1
140 196 1
140 203 1
140 204 1
140 205 1
140 213 1
140 217 1
140 223 1
140 229 1
141 144 1
141 147 1
141 160 1
141 161 1
141 163 1
141 166 1
141 175 -1
141 177 1
141 190 -1
141 191 1
141 207 1
141 209 1
141 211 1
141 215 1
141 218 1
141 219 1
141 221 1
141 223 -1
141 224 1
141 225 1
141 228 1
142 145 1
142 162 1
142 174 1
142 183 -1
142 187 1
142 188 -1
142 189 -1
142 190 1
142 199 1
142 201 1
142 206 -1
142 215 -1
142 220 1
142 226 1
143 167 1
143 170 1
143 173 1
143 176 1
143 182 1
143 184 -1
143 185 1
143 197 1
143 206 1
143 210 1
143 212 1
143 215 -1
143 218 -1
143 227 1
143 230 1
144 147 1
144 149 1
144 154 -1
144 160 1
144 161 1
144 163 1
144 177 1
144 181 1
144 191 1
144 198 -1
144 205 1
144 207 1
144 209 1
144 211 1
144 215 1
144 218 1
144 219 1
144 221 1
144 224 1
144 225 1
144 226 -1
144 228 1
145 156 -1
145 162 1
145 174 1
145 180 -1
145 184 -1
145 187 1
145 189 -1
145 190 1
145 199 1
145 201 1
145 220 1
145 226 1
146 149 1
146 150 1
146 154 1
146 156 1
146 160 1
146 163 1
146 164 1
146 174 -1
146 178 1
146 181 1
146 184 1
146 191 1
146 203 1
146 205 1
146 211 1
146 213 1
146 217 1
146 218 1
146 223 1
146 225 -1
146 228 1
147 149 1
147 160 1
147 161 1
147 163 1
147 169 -1
147 177 1
147 181 1
147 191 1
147 200 -1
147 203 -1
147 205 1
147 207 1
147 209 1
147 211 1
147 212 -1
147 215 1
147 218 1
147 219 1
147 221 1
147 224 1
147 225 1
147 228 1
147 230 -1
148 153 1
148 158 1
148 170 1
148 171 1
148 173 1
148 175 1
148 176 1
148 180 1
148 182 1
148 183 1
148 186 1
148 189 1
148 192 1
148 197 1
148 198 1
148 217 -1
148 227 -1
148 228 -1
149 150 1
149 160 1
149 161 1
149 163 1
149 164 1
149 178 1
149 181 1
149 191 1
149 201 -1
149 205 1
149 207 1
149 211 1
149 217 1
149 218 1
149 219 1
149 223 1
149 224 1
149 228 1
150 151 1
150 154 1
150 156 1
150 164 1
150 165 1
150 168 -1
150 169 1
150 178 1
150 181 1
150 184 1
150 188 1
150 191 1
150 193 1
150 194 1
150 196 1
150 200 -1
150 203 1
150 204 1
150 205 1
150 206 -1
150 213 1
150 217 1
150 218 -1
150 223 1
150 229 1
151 154 1
151 156 1
151 165 1
151 169 1
151 178 1
151 181 -1
151 184 1
151 188 1
151 193 1
151 194 1
151 196 1
151 198 -1
151 200 -1
151 203 1
151 204 1
151 213 1
151 222 -1
151 223 1
151 229 1
152 154 -1
152 158 -1
152 159 1
152 166 1
152 174 1
152 182 -1
152 187 1
152 195 1
152 199 1
152 201 1
152 204 -1
152 205 -1
152 208 1
152 220 1
153 157 1
153 158 1
153 171 1
153 179 -1
153 180 1
153 183 1
153 192 1
153 198 1
153 202 1
153 209 -1
153 230 -1
154 156 1
154 164 1
154 165 1
154 169 1
154 178 1
154 184 1
154 188 1
154 193 1
154 194 1
154 196 1
154 203 1
154 204 1
154 207 -1
154 213 1
154 217 1
154 223 1
154 229 1
155 162 1
155 167 1
155 168 1
155 172 1
155 179 1
155 200 1
155 209 -1
155 210 1
155 214 1
155 216 1
155 222 1
155 227 1
156 164 1
156 165 1
156 169 1
156 178 1
156 181 1
156 184 1
156 188 1
156 193 1
156 194 1
156 196 1
156 203 1
156 204 1
156 211 -1
156 213 1
156 217 1
156 218 -1
156 223 1
156 229 1
157 158 1
157 162 -1
157 171 -1
157 180 1
157 183 1
157 200 -1
157 202 1
157 215 -1
158 171 1
158 175 1
158 180 1
158 183 1
158 186 1
158 189 1
158 192 1
158 198 1
158 202 1
158 223 -1
159 161 -1
159 166 1
159 182 -1
159 187 1
159 189 -1
159 190 -1
159 195 1
159 196 -1
159 199 1
159 205 -1
159 208 1
159 209 1
159 215 1
159 220 -1
159 221 1
159 225 1
160 161 1
160 163 1
160 173 -1
160 177 1
160 181 1
160 190 -1
160 191 1
160 193 -1
160 202 -1
160 205 1
160 207 1
160 211 1
160 214 -1
160 217 -1
160 218 1
160 219 1
160 224 1
160 228 1
161 163 1
161 166 1
161 177 1
161 183 -1
161 191 1
161 207 1
161 209 1
161 211 1
161 215 1
161 218 1
161 219 1
161 221 1
161 224 1
161 225 1
161 228 1
162 168 1
162 172 1
162 175 -1
162 179 1
162 190 1
162 200 1
162 214 1
162 215 -1
162 216 1
162 222 1
162 224 -1
162 226 1
162 227 1
163 171 -1
163 177 1
163 181 1
163 186 -1
163 191 1
163 205 1
163 207 1
163 211 1
163 212 -1
163 218 1
163 219 1
163 224 1
163 228 1
164 165 1
164 169 1
164 178 1
164 181 1
164 183 -1
164 184 1
164 188 1
164 191 1
164 193 1
164 196 1
164 203 1
164 205 1
164 213 1
164 217 1
164 223 1
164 228 1
165 169 1
165 178 1
165 184 1
165 188 1
165 193 1
165 194 1
165 195 -1
165 196 1
165 203 1
165 204 1
165 209 -1
165 213 1
165 217 1
165 223 1
165 229 1
166 177 1
166 183 -1
166 186 -1
166 190 -1
166 194 -1
166 195 1
166 207 1
166 208 1
166 209 1
166 215 1
166 221 1
166 224 -1
166 225 1
167 168 1
167 172 1
167 179 1
167 185 1
167 200 1
167 210 1
167 214 1
167 216 1
167 218 -1
167 222 1
167 227 1
168 172 1
168 173 -1
168 179 1
168 200 1
168 201 -1
168 204 -1
168 210 1
168 211 -1
168 214 1
168 215 -1
168 216 1
168 218 -1
168 222 1
168 227 1
168 230 -1
169 178 1
169 184 1
169 188 1
169 193 1
169 194 1
169 195 -1
169 196 1
169 203 1
169 204 1
169 213 1
169 223 1
169 229 1
170 171 1
170 173 1
170 175 1
170 176 1
170 182 1
170 185 1
170 186 1
170 188 -1
170 189 1
170 192 1
170 197 1
170 198 1
170 206 1
170 208 -1
170 212 1
170 230 1
171 173 1
171 175 1
171 176 1
171 180 1
171 182 1
171 183 1
171 186 1
171 189 1
171 192 1
171 197 1
171 198 1
171 210 -1
171 214 -1
172 176 -1
172 179 1
172 180 -1
172 181 -1
172 200 1
172 210 1
172 214 1
172 216 1
172 222 1
172 227 1
173 175 1
173 176 1
173 182 1
173 185 1
173 186 1
173 189 1
173 192 1
173 197 1
173 198 1
173 206 1
173 212 1
173 214 -1
173 224 -1
173 225 -1
173 228 -1
173 230 1
174 181 -1
174 182 -1
174 187 1
174 190 1
174 196 -1
174 199 1
174 201 1
174 207 -1
174 208 1
174 220 1
174 223 -1
174 226 1
175 176 1
175 182 1
175 183 1
175 186 1
175 189 1
175 192 1
175 196 -1
175 197 1
175 198 1
175 206 1
175 212 1
175 230 1
176 182 1
176 185 1
176 186 1
176 189 1
176 192 1
176 197 1
176 206 1
176 212 1
176 214 -1
176 230 1
177 183 -1
177 207 1
177 209 1
177 211 1
177 214 -1
177 215 1
177 218 1
177 219 1
177 221 1
177 224 1
177 225 1
177 228 1
178 181 1
178 184 1
178 188 1
178 191 1
178 193 1
178 194 1
178 196 1
178 200 -1
178 201 -1
178 203 1
178 204 1
178 205 1
178 213 1
178 217 1
178 219 -1
178 223 1
178 229 1
179 181 -1
179 186 -1
179 188 -1
179 200 1
179 209 -1
179 210 1
179 214 1
179 216 1
179 217 -1
179 222 1
179 227 1
180 183 1
180 192 1
180 198 1
180 202 1
180 209 -1
181 182 -1
181 191 1
181 201 -1
181 203 1
181 205 1
181 211 1
181 217 1
181 218 1
181 219 1
181 223 1
181 224 1
181 228 1
182 184 -1
182 185 1
182 186 1
182 189 1
182 194 -1
182 197 1
182 206 1
182 212 1
182 227 -1
182 230 1
183 189 1
183 190 -1
183 192 1
183 198 1
183 202 1
184 188 1
184 193 1
184 194 1
184 196 1
184 203 1
184 204 1
184 208 -1
184 209 -1
184 213 1
184 217 1
184 223 1
184 229 1
185 197 1
185 201 -1
185 206 1
185 210 1
185 212 1
185 227 1
185 230 1
186 188 -1
186 189 1
186 192 1
186 197 1
186 198 1
186 206 1
186 212 1
186 216 -1
186 217 -1
186 230 1
187 190 1
187 199 1
187 201 1
187 208 1
187 220 1
187 226 1
188 193 1
188 194 1
188 196 1
188 200 -1
188 203 1
188 204 1
188 213 1
188 217 1
188 223 1
188 229 1
189 192 1
189 197 1
189 198 1
189 206 1
189 212 1
189 230 1
190 193 -1
190 199 1
190 201 1
190 216 1
190 220 1
190 226 1
191 205 1
191 207 1
191 211 1
191 217 1
191 218 1
191 219 1
191 224 1
191 228 1
192 197 1
192 198 1
193 194 1
193 196 1
193 199 -1
193 203 1
193 204 1
193 213 1
193 217 1
193 223 1
193 229 1
194 196 1
194 202 -1
194 203 1
194 204 1
194 205 -1
194 213 1
194 223 1
194 229 1
195 198 -1
195 208 1
195 209 1
195 215 1
195 221 1
195 225 1
195 227 -1
195 230 -1
196 203 1
196 204 1
196 210 -1
196 213 1
196 217 1
196 221 -1
196 223 1
196 229 1
197 206 1
197 212 1
197 215 -1
197 221 -1
197 223 -1
197 230 1
198 202 1
198 207 -1
199 201 1
199 208 1
199 216 -1
199 220 1
199 226 1
200 210 1
200 214 1
200 215 -1
200 216 1
200 221 -1
200 222 1
200 224 -1
200 227 1
201 208 1
201 220 1
201 226 1
203 204 1
203 213 1
203 217 1
203 223 1
203 228 -1
203 229 1
204 211 -1
204 213 1
204 223 1
204 229 1
205 211 1
205 217 1
205 218 1
205 219 1
205 223 1
205 224 1
205 228 1
206 209 -1
206 212 1
206 216 -1
206 230 1
207 209 1
207 210 -1
207 211 1
207 215 1
207 218 1
207 219 1
207 221 1
207 224 1
207 225 1
207 228 1
208 209 1
208 215 1
208 221 1
208 225 1
209 215 1
209 219 1
209 221 1
209 224 1
209 225 1
210 214 1
210 216 1
210 222 1
210 227 1
211 218 1
211 219 1
211 224 1
211 225 -1
211 228 1
212 230 1
213 217 1
213 223 1
213 229 1
214 216 1
214 222 1
214 227 1
215 221 1
215 225 1
215 228 -1
216 221 -1
216 222 1
216 226 1
216 227 1
217 223 1
217 228 1
218 219 1
218 224 1
218 228 1
219 221 1
219 224 1
219 225 1
219 228 1
220 226 1
221 225 1
222 227 1
223 229 1
224 225 1
224 227 -1
224 228 1
229 230 -1
