vertices: 150 edges: 5626
1 2 -1
1 6 -1
1 7 1
1 8 -1
1 9 -1
1 11 -1
1 14 -1
1 16 -1
1 18 1
1 19 1
1 20 -1
1 21 1
1 22 -1
1 23 -1
1 24 1
1 32 -1
1 37 -1
1 39 -1
1 40 -1
1 43 -1
1 46 -1
1 47 -1
1 49 -1
1 50 -1
1 52 -1
1 54 -1
1 55 -1
1 58 -1
1 62 -1
1 63 -1
1 66 -1
1 68 -1
1 71 -1
1 72 1
1 73 -1
1 74 -1
1 75 -1
1 77 -1
1 79 1
1 81 1
1 82 -1
1 83 1
1 87 -1
1 89 1
1 90 -1
1 91 -1
1 92 -1
1 94 -1
1 95 -1
1 96 -1
1 98 -1
1 100 -1
1 101 -1
1 103 -1
1 104 -1
1 107 -1
1 109 -1
1 115 1
1 116 -1
1 118 -1
1 119 -1
1 121 -1
1 122 -1
1 126 -1
1 129 -1
1 130 -1
1 136 -1
1 139 -1
1 144 -1
1 145 1
1 147 -1
1 149 -1
1 150 -1
2 4 -1
2 5 -1
2 6 -1
2 9 1
2 10 -1
2 11 -1
2 12 -1
2 13 -1
2 14 -1
2 15 -1
2 16 -1
2 19 -1
2 23 1
2 28 -1
2 29 -1
2 31 1
2 32 -1
2 33 -1
2 34 -1
2 35 -1
2 36 -1
2 37 -1
2 38 -1
2 41 -1
2 43 1
2 45 -1
2 48 1
2 49 -1
2 50 -1
2 51 -1
2 53 -1
2 54 1
2 56 1
2 61 -1
2 66 -1
2 67 1
2 68 1
2 70 -1
2 72 -1
2 73 -1
2 79 -1
2 80 1
2 83 -1
2 84 -1
2 86 -1
2 88 -1
2 91 -1
2 92 -1
2 93 -1
2 94 -1
2 97 -1
2 99 -1
2 101 -1
2 102 1
2 104 -1
2 105 -1
2 106 -1
2 107 -1
2 109 -1
2 111 -1
2 112 -1
2 114 1
2 119 -1
2 120 -1
2 121 -1
2 122 -1
2 124 -1
2 127 1
2 128 -1
2 129 1
2 130 -1
2 131 -1
2 132 -1
2 134 -1
2 139 -1
2 140 -1
2 142 -1
2 143 -1
2 144 -1
2 147 -1
2 148 1
2 150 -1
3 4 1
3 5 -1
3 7 -1
3 8 -1
3 13 -1
3 14 -1
3 15 -1
3 18 -1
3 20 -1
3 24 -1
3 26 -1
3 27 -1
3 30 -1
3 32 -1
3 33 -1
3 34 -1
3 35 -1
3 36 -1
3 37 1
3 38 -1
3 39 -1
3 41 -1
3 43 -1
3 44 -1
3 45 -1
3 48 -1
3 51 1
3 55 -1
3 56 -1
3 58 1
3 59 -1
3 62 -1
3 67 -1
3 71 -1
3 73 1
3 74 -1
3 76 -1
3 77 -1
3 78 -1
3 79 -1
3 80 -1
3 82 -1
3 83 -1
3 87 -1
3 89 -1
3 90 -1
3 91 -1
3 92 -1
3 97 1
3 98 -1
3 99 -1
3 100 -1
3 101 1
3 106 1
3 109 -1
3 110 -1
3 111 -1
3 113 -1
3 114 -1
3 118 -1
3 120 -1
3 122 -1
3 123 -1
3 124 1
3 126 -1
3 127 -1
3 131 -1
3 133 -1
3 134 -1
3 135 -1
3 140 -1
3 141 -1
3 146 1
3 148 -1
3 149 -1
4 7 -1
4 9 -1
4 12 -1
4 13 -1
4 15 -1
4 16 -1
4 18 -1
4 20 -1
4 22 -1
4 23 -1
4 28 -1
4 30 -1
4 33 -1
4 35 -1
4 36 -1
4 37 1
4 41 -1
4 43 -1
4 44 -1
4 45 -1
4 46 -1
4 53 -1
4 55 -1
4 57 -1
4 58 1
4 59 -1
4 64 -1
4 66 -1
4 72 -1
4 73 1
4 76 -1
4 82 -1
4 83 -1
4 84 1
4 85 -1
4 86 -1
4 87 -1
4 88 1
4 89 -1
4 92 -1
4 96 1
4 97 1
4 98 -1
4 99 -1
4 100 -1
4 101 -1
4 106 1
4 107 -1
4 108 -1
4 109 -1
4 110 -1
4 111 -1
4 112 -1
4 114 -1
4 115 -1
4 122 -1
4 123 1
4 124 1
4 125 1
4 127 -1
4 130 -1
4 132 -1
4 136 -1
4 137 1
4 139 -1
4 141 -1
4 142 1
4 143 -1
4 145 -1
4 146 1
4 147 -1
4 148 -1
4 149 -1
5 6 -1
5 7 -1
5 8 -1
5 12 -1
5 13 -1
5 15 -1
5 16 1
5 19 -1
5 20 -1
5 21 -1
5 23 -1
5 24 -1
5 26 1
5 28 -1
5 29 1
5 33 -1
5 34 -1
5 40 1
5 41 -1
5 42 1
5 43 -1
5 47 -1
5 53 -1
5 54 -1
5 56 -1
5 57 -1
5 59 -1
5 60 -1
5 62 1
5 63 -1
5 64 -1
5 65 -1
5 71 -1
5 72 -1
5 74 -1
5 75 -1
5 76 -1
5 78 -1
5 80 -1
5 81 -1
5 82 1
5 83 -1
5 86 -1
5 87 1
5 89 -1
5 92 1
5 94 1
5 95 -1
5 97 -1
5 98 -1
5 99 -1
5 101 -1
5 102 -1
5 105 -1
5 106 -1
5 109 -1
5 114 -1
5 115 -1
5 117 1
5 121 -1
5 126 -1
5 127 -1
5 132 1
5 133 -1
5 134 -1
5 136 -1
5 137 -1
5 139 -1
5 144 -1
5 145 -1
5 146 -1
5 147 1
5 150 -1
6 7 1
6 8 -1
6 9 -1
6 12 1
6 13 -1
6 16 -1
6 17 -1
6 18 1
6 19 -1
6 21 1
6 22 1
6 23 -1
6 24 1
6 27 -1
6 30 1
6 31 -1
6 38 -1
6 39 -1
6 40 -1
6 45 -1
6 49 -1
6 51 -1
6 53 -1
6 54 -1
6 57 -1
6 58 -1
6 59 -1
6 61 -1
6 62 -1
6 63 -1
6 64 -1
6 65 1
6 67 -1
6 68 -1
6 69 1
6 70 -1
6 71 -1
6 74 -1
6 75 -1
6 77 -1
6 79 1
6 81 -1
6 82 -1
6 83 1
6 84 -1
6 85 -1
6 87 -1
6 91 -1
6 97 -1
6 99 -1
6 100 -1
6 104 1
6 106 -1
6 107 1
6 108 -1
6 110 -1
6 112 -1
6 114 -1
6 118 1
6 121 -1
6 122 -1
6 123 -1
6 126 -1
6 127 1
6 130 -1
6 131 -1
6 133 -1
6 134 -1
6 135 -1
6 137 -1
6 138 -1
6 141 -1
6 144 -1
6 145 1
7 9 -1
7 11 -1
7 12 1
7 13 -1
7 15 -1
7 16 -1
7 17 -1
7 18 1
7 19 1
7 21 1
7 24 1
7 25 -1
7 26 -1
7 27 -1
7 28 -1
7 31 -1
7 32 -1
7 33 -1
7 35 -1
7 37 -1
7 39 -1
7 40 -1
7 42 -1
7 43 -1
7 44 -1
7 46 -1
7 48 -1
7 51 -1
7 53 -1
7 54 -1
7 55 -1
7 58 -1
7 62 -1
7 64 -1
7 65 1
7 68 -1
7 69 -1
7 70 -1
7 72 1
7 74 -1
7 75 -1
7 77 -1
7 78 -1
7 79 1
7 81 1
7 82 -1
7 83 1
7 84 -1
7 85 -1
7 87 -1
7 88 -1
7 89 1
7 90 -1
7 92 -1
7 94 -1
7 95 -1
7 96 -1
7 99 -1
7 103 -1
7 107 1
7 108 -1
7 110 -1
7 111 -1
7 112 -1
7 113 -1
7 115 1
7 116 -1
7 119 -1
7 120 -1
7 121 -1
7 122 -1
7 123 -1
7 127 -1
7 130 -1
7 132 -1
7 136 -1
7 137 -1
7 140 -1
7 141 -1
7 144 -1
7 145 1
7 146 -1
7 147 -1
7 148 -1
7 150 -1
8 11 -1
8 14 1
8 17 1
8 20 -1
8 22 -1
8 24 -1
8 26 -1
8 27 -1
8 28 -1
8 32 1
8 33 -1
8 34 1
8 40 -1
8 41 -1
8 43 -1
8 45 -1
8 47 -1
8 50 -1
8 51 -1
8 52 -1
8 53 1
8 59 1
8 62 -1
8 63 -1
8 64 1
8 67 -1
8 68 -1
8 69 -1
8 70 1
8 71 1
8 73 -1
8 75 1
8 76 1
8 79 -1
8 82 -1
8 90 -1
8 91 1
8 92 -1
8 94 -1
8 96 -1
8 98 1
8 102 -1
8 103 -1
8 106 -1
8 108 -1
8 110 -1
8 113 -1
8 114 -1
8 118 -1
8 121 1
8 122 1
8 123 -1
8 128 -1
8 132 -1
8 133 -1
8 134 -1
8 137 -1
8 138 -1
8 139 1
8 141 -1
8 142 -1
8 143 1
8 146 -1
8 149 -1
9 10 -1
9 13 -1
9 15 -1
9 22 -1
9 23 1
9 25 1
9 26 -1
9 27 -1
9 29 -1
9 30 -1
9 31 1
9 33 -1
9 36 -1
9 39 -1
9 40 -1
9 42 -1
9 43 1
9 46 -1
9 49 -1
9 52 -1
9 54 1
9 56 1
9 60 -1
9 64 -1
9 65 -1
9 67 1
9 68 1
9 69 -1
9 70 -1
9 74 1
9 75 -1
9 77 -1
9 78 -1
9 79 -1
9 80 1
9 82 -1
9 85 -1
9 90 -1
9 91 -1
9 92 -1
9 94 -1
9 95 -1
9 96 -1
9 99 -1
9 100 -1
9 101 -1
9 102 -1
9 106 -1
9 111 -1
9 114 1
9 118 -1
9 119 -1
9 121 -1
9 123 -1
9 125 -1
9 129 1
9 132 -1
9 134 -1
9 135 -1
9 136 -1
9 143 -1
9 145 -1
9 148 1
9 149 1
9 150 -1
10 11 1
10 13 -1
10 16 -1
10 18 -1
10 20 -1
10 21 -1
10 24 -1
10 26 -1
10 28 -1
10 29 -1
10 32 -1
10 34 -1
10 35 1
10 36 -1
10 38 -1
10 39 1
10 44 1
10 45 1
10 47 1
10 48 -1
10 49 -1
10 51 -1
10 52 -1
10 59 -1
10 62 -1
10 64 -1
10 67 -1
10 69 -1
10 71 -1
10 72 -1
10 73 -1
10 74 -1
10 75 -1
10 76 -1
10 77 1
10 78 -1
10 79 -1
10 80 -1
10 81 -1
10 85 1
10 90 -1
10 91 -1
10 93 1
10 98 -1
10 99 -1
10 102 -1
10 104 -1
10 107 -1
10 108 -1
10 109 1
10 110 -1
10 111 -1
10 114 -1
10 118 -1
10 119 -1
10 120 1
10 128 -1
10 129 -1
10 130 1
10 131 1
10 132 -1
10 133 1
10 134 -1
10 138 1
10 139 -1
10 140 1
10 141 1
10 148 -1
11 12 -1
11 14 -1
11 16 -1
11 20 -1
11 22 -1
11 23 -1
11 27 -1
11 30 -1
11 32 -1
11 34 -1
11 35 1
11 39 1
11 41 -1
11 42 -1
11 43 -1
11 44 1
11 45 1
11 46 -1
11 47 -1
11 50 -1
11 51 -1
11 54 -1
11 56 -1
11 60 -1
11 62 -1
11 63 -1
11 67 -1
11 73 -1
11 75 -1
11 76 -1
11 77 1
11 79 -1
11 83 -1
11 85 -1
11 87 -1
11 88 -1
11 89 -1
11 93 1
11 96 -1
11 97 -1
11 98 -1
11 101 -1
11 106 -1
11 107 -1
11 108 -1
11 109 1
11 115 -1
11 116 -1
11 117 -1
11 120 1
11 121 -1
11 126 1
11 130 1
11 131 1
11 133 1
11 136 -1
11 138 1
11 140 1
11 141 -1
11 142 -1
11 148 -1
11 149 -1
11 150 -1
12 13 -1
12 14 -1
12 15 -1
12 18 -1
12 21 1
12 22 1
12 23 -1
12 24 1
12 30 1
12 32 -1
12 33 -1
12 34 -1
12 35 -1
12 39 -1
12 40 -1
12 41 -1
12 43 -1
12 45 -1
12 46 -1
12 49 -1
12 51 -1
12 54 -1
12 61 -1
12 62 -1
12 64 -1
12 65 1
12 66 -1
12 67 -1
12 69 1
12 71 -1
12 72 -1
12 73 -1
12 76 -1
12 78 -1
12 82 -1
12 85 -1
12 88 -1
12 93 -1
12 94 -1
12 96 -1
12 97 -1
12 98 -1
12 99 -1
12 100 -1
12 102 1
12 104 1
12 107 1
12 108 -1
12 111 -1
12 113 -1
12 115 -1
12 116 -1
12 118 1
12 119 -1
12 121 -1
12 124 -1
12 126 -1
12 127 1
12 129 -1
12 131 -1
12 132 -1
12 133 -1
12 137 -1
12 139 -1
12 142 -1
12 145 1
12 149 -1
13 14 1
13 15 -1
13 20 1
13 24 -1
13 27 -1
13 28 -1
13 30 -1
13 31 -1
13 32 1
13 33 1
13 35 -1
13 36 -1
13 37 -1
13 38 -1
13 40 -1
13 41 -1
13 42 -1
13 43 -1
13 44 -1
13 49 -1
13 51 -1
13 52 1
13 55 -1
13 56 -1
13 59 1
13 61 1
13 62 -1
13 63 1
13 65 -1
13 66 -1
13 68 -1
13 70 1
13 72 -1
13 74 -1
13 75 1
13 76 -1
13 77 -1
13 79 -1
13 83 -1
13 86 -1
13 92 -1
13 93 -1
13 94 -1
13 95 1
13 96 -1
13 97 -1
13 98 -1
13 99 -1
13 100 -1
13 102 -1
13 103 1
13 104 -1
13 105 1
13 106 -1
13 107 -1
13 109 -1
13 111 -1
13 112 -1
13 113 1
13 115 -1
13 116 1
13 119 -1
13 120 -1
13 121 -1
13 123 -1
13 124 -1
13 125 -1
13 131 -1
13 132 -1
13 134 1
13 135 -1
13 136 1
13 142 -1
13 144 -1
13 148 -1
14 20 -1
14 21 -1
14 26 -1
14 28 -1
14 30 -1
14 32 1
14 33 -1
14 34 1
14 36 -1
14 37 -1
14 39 -1
14 41 -1
14 46 -1
14 52 -1
14 54 -1
14 58 -1
14 59 1
14 61 1
14 62 -1
14 63 -1
14 64 1
14 66 -1
14 68 -1
14 69 -1
14 70 1
14 72 -1
14 75 1
14 76 1
14 77 -1
14 78 -1
14 79 -1
14 85 -1
14 86 -1
14 87 -1
14 88 -1
14 90 -1
14 91 1
14 92 -1
14 94 -1
14 95 1
14 98 -1
14 102 -1
14 103 1
14 104 -1
14 105 -1
14 107 -1
14 110 -1
14 112 -1
14 115 -1
14 117 -1
14 118 -1
14 123 -1
14 124 -1
14 125 -1
14 126 -1
14 129 -1
14 131 -1
14 134 1
14 135 -1
14 138 -1
14 140 -1
14 143 -1
14 145 -1
14 146 -1
14 147 -1
14 148 -1
14 150 -1
15 16 -1
15 17 1
15 23 -1
15 24 -1
15 26 -1
15 27 -1
15 29 -1
15 33 -1
15 34 1
15 37 -1
15 38 1
15 40 -1
15 43 -1
15 44 -1
15 46 -1
15 47 -1
15 49 1
15 51 -1
15 53 1
15 54 -1
15 58 -1
15 59 -1
15 64 1
15 65 -1
15 68 -1
15 69 -1
15 70 -1
15 71 1
15 72 -1
15 73 -1
15 74 -1
15 75 -1
15 78 -1
15 79 -1
15 80 -1
15 82 -1
15 83 -1
15 84 -1
15 88 -1
15 90 -1
15 91 1
15 93 -1
15 94 -1
15 95 -1
15 96 -1
15 97 -1
15 98 1
15 99 -1
15 101 -1
15 103 -1
15 104 -1
15 106 -1
15 108 1
15 109 -1
15 112 1
15 113 -1
15 115 -1
15 117 -1
15 118 -1
15 120 -1
15 121 1
15 122 1
15 127 -1
15 128 1
15 129 -1
15 131 -1
15 132 -1
15 133 -1
15 135 1
15 137 1
15 138 -1
15 139 1
15 141 -1
15 142 1
15 143 1
15 145 -1
15 147 -1
15 148 -1
16 18 -1
16 20 -1
16 21 -1
16 24 -1
16 26 1
16 29 1
16 32 -1
16 35 -1
16 36 -1
16 37 -1
16 39 -1
16 40 1
16 41 -1
16 42 1
16 43 -1
16 45 -1
16 46 -1
16 49 -1
16 53 -1
16 54 -1
16 55 -1
16 60 -1
16 62 1
16 64 -1
16 65 -1
16 67 -1
16 68 -1
16 69 -1
16 71 -1
16 74 1
16 75 -1
16 77 -1
16 79 -1
16 80 -1
16 82 1
16 83 -1
16 87 1
16 90 -1
16 91 -1
16 92 1
16 93 -1
16 94 1
16 97 -1
16 99 -1
16 102 -1
16 105 -1
16 106 -1
16 111 -1
16 115 -1
16 117 1
16 120 -1
16 121 -1
16 122 -1
16 123 -1
16 125 -1
16 126 -1
16 127 -1
16 129 -1
16 131 -1
16 132 1
16 136 -1
16 140 -1
16 141 -1
16 147 1
17 20 -1
17 21 -1
17 24 -1
17 26 -1
17 27 -1
17 31 -1
17 32 1
17 34 1
17 36 -1
17 38 1
17 40 -1
17 43 -1
17 45 -1
17 46 -1
17 47 -1
17 49 1
17 51 -1
17 53 1
17 55 -1
17 57 -1
17 59 1
17 63 -1
17 64 1
17 65 -1
17 66 -1
17 67 -1
17 68 -1
17 69 -1
17 71 1
17 72 -1
17 73 -1
17 74 -1
17 76 1
17 82 -1
17 84 -1
17 86 -1
17 87 -1
17 88 -1
17 89 -1
17 91 1
17 92 -1
17 94 -1
17 95 -1
17 96 -1
17 97 -1
17 98 1
17 100 -1
17 102 -1
17 103 -1
17 107 -1
17 108 1
17 110 -1
17 111 -1
17 112 1
17 113 -1
17 114 -1
17 115 -1
17 120 -1
17 121 1
17 122 1
17 125 -1
17 126 -1
17 127 -1
17 130 -1
17 131 -1
17 134 -1
17 135 1
17 139 1
17 143 1
17 146 -1
17 147 -1
17 148 -1
17 150 -1
18 19 1
18 20 -1
18 21 1
18 23 -1
18 24 1
18 27 -1
18 30 -1
18 31 -1
18 36 -1
18 38 -1
18 41 -1
18 43 -1
18 44 -1
18 46 -1
18 47 -1
18 52 -1
18 53 -1
18 58 -1
18 59 -1
18 61 -1
18 63 -1
18 65 1
18 66 -1
18 69 -1
18 72 1
18 73 -1
18 74 -1
18 75 -1
18 77 -1
18 78 -1
18 79 1
18 80 -1
18 81 1
18 82 -1
18 83 1
18 85 -1
18 87 -1
18 89 1
18 92 -1
18 93 -1
18 96 -1
18 98 -1
18 104 -1
18 107 -1
18 108 -1
18 109 -1
18 111 -1
18 112 -1
18 113 -1
18 115 1
18 118 -1
18 120 -1
18 128 -1
18 132 -1
18 134 -1
18 135 -1
18 136 -1
18 139 -1
18 142 -1
18 145 1
18 146 -1
18 147 -1
18 149 -1
18 150 -1
19 20 -1
19 21 1
19 22 -1
19 24 1
19 25 -1
19 29 -1
19 32 -1
19 33 -1
19 34 -1
19 36 -1
19 38 -1
19 39 -1
19 42 -1
19 45 -1
19 47 -1
19 48 -1
19 53 -1
19 55 -1
19 57 -1
19 59 -1
19 60 -1
19 61 -1
19 62 -1
19 64 -1
19 65 1
19 66 -1
19 68 -1
19 69 -1
19 70 -1
19 72 1
19 73 -1
19 76 -1
19 79 1
19 81 1
19 83 1
19 84 -1
19 85 -1
19 86 -1
19 89 1
19 90 -1
19 92 -1
19 95 -1
19 96 -1
19 100 -1
19 101 -1
19 102 -1
19 103 -1
19 104 -1
19 106 -1
19 108 -1
19 110 -1
19 111 -1
19 113 -1
19 115 1
19 116 -1
19 118 -1
19 119 -1
19 120 -1
19 124 -1
19 125 -1
19 126 -1
19 131 -1
19 134 -1
19 138 -1
19 139 -1
19 140 -1
19 141 -1
19 143 -1
19 145 1
19 147 -1
19 148 -1
19 150 -1
20 24 -1
20 27 -1
20 30 -1
20 31 -1
20 32 -1
20 33 1
20 36 -1
20 37 -1
20 41 1
20 42 -1
20 44 -1
20 46 1
20 48 -1
20 51 -1
20 52 1
20 53 -1
20 54 -1
20 56 -1
20 59 -1
20 61 1
20 62 -1
20 63 1
20 65 -1
20 66 -1
20 67 -1
20 68 -1
20 71 -1
20 72 -1
20 78 -1
20 79 -1
20 80 -1
20 83 -1
20 89 -1
20 90 -1
20 92 -1
20 93 -1
20 95 1
20 97 -1
20 99 1
20 100 1
20 103 1
20 105 1
20 108 -1
20 111 1
20 112 -1
20 113 1
20 115 -1
20 116 1
20 117 -1
20 120 -1
20 122 -1
20 124 -1
20 128 -1
20 130 -1
20 134 1
20 136 1
20 137 -1
20 140 -1
20 144 -1
20 145 -1
20 148 -1
20 150 -1
21 23 -1
21 24 1
21 25 -1
21 26 -1
21 27 -1
21 30 1
21 31 -1
21 32 -1
21 34 -1
21 36 -1
21 39 -1
21 41 -1
21 43 -1
21 44 -1
21 51 -1
21 52 -1
21 54 -1
21 56 -1
21 58 -1
21 63 -1
21 65 1
21 68 -1
21 70 -1
21 72 1
21 74 -1
21 75 -1
21 79 1
21 81 1
21 83 1
21 84 -1
21 89 1
21 91 -1
21 95 -1
21 99 -1
21 100 -1
21 104 1
21 105 -1
21 106 -1
21 107 1
21 109 -1
21 110 -1
21 112 -1
21 115 1
21 117 -1
21 120 -1
21 124 -1
21 131 -1
21 133 -1
21 139 -1
21 143 -1
21 144 -1
21 145 1
21 146 -1
21 147 -1
21 148 -1
21 149 -1
21 150 -1
22 23 -1
22 24 -1
22 27 -1
22 30 1
22 32 -1
22 33 -1
22 34 -1
22 40 -1
22 42 -1
22 44 -1
22 48 1
22 52 -1
22 53 -1
22 54 -1
22 57 -1
22 58 -1
22 59 -1
22 63 -1
22 65 1
22 67 1
22 69 1
22 71 -1
22 72 -1
22 75 -1
22 77 -1
22 81 -1
22 82 -1
22 83 -1
22 85 -1
22 87 -1
22 88 -1
22 90 -1
22 91 -1
22 92 -1
22 95 -1
22 97 -1
22 100 -1
22 102 1
22 104 1
22 106 -1
22 107 1
22 108 -1
22 110 -1
22 112 -1
22 113 -1
22 114 -1
22 116 -1
22 118 1
22 119 -1
22 120 -1
22 124 -1
22 125 -1
22 126 -1
22 127 1
22 129 1
22 131 -1
22 132 -1
22 135 -1
22 136 -1
22 137 -1
22 145 -1
22 146 -1
22 149 -1
23 24 -1
23 25 1
23 27 -1
23 29 -1
23 30 -1
23 31 1
23 33 -1
23 34 -1
23 35 -1
23 37 -1
23 39 -1
23 41 -1
23 42 -1
23 43 1
23 44 -1
23 45 -1
23 46 -1
23 47 -1
23 49 -1
23 51 -1
23 52 -1
23 54 1
23 55 -1
23 56 1
23 58 -1
23 60 -1
23 63 -1
23 64 -1
23 65 -1
23 66 -1
23 67 1
23 68 1
23 69 -1
23 71 -1
23 72 -1
23 74 1
23 76 -1
23 77 -1
23 78 -1
23 80 1
23 82 -1
23 84 -1
23 85 -1
23 87 -1
23 88 -1
23 92 -1
23 94 -1
23 95 -1
23 96 -1
23 97 -1
23 98 -1
23 101 -1
23 107 -1
23 108 -1
23 111 -1
23 113 -1
23 114 1
23 116 -1
23 117 -1
23 118 -1
23 123 -1
23 126 -1
23 129 1
23 131 -1
23 135 -1
23 136 -1
23 138 -1
23 139 -1
23 141 -1
23 143 -1
23 144 -1
23 146 -1
23 148 1
23 149 1
23 150 -1
24 25 -1
24 30 1
24 32 -1
24 35 -1
24 38 -1
24 39 -1
24 43 -1
24 44 -1
24 47 -1
24 49 -1
24 50 -1
24 51 -1
24 53 -1
24 54 -1
24 56 -1
24 57 -1
24 61 -1
24 62 -1
24 63 -1
24 65 1
24 66 -1
24 67 -1
24 71 -1
24 72 1
24 73 -1
24 79 1
24 81 1
24 82 -1
24 83 1
24 84 -1
24 86 -1
24 87 -1
24 89 1
24 91 -1
24 93 -1
24 95 -1
24 96 -1
24 97 -1
24 99 -1
24 100 -1
24 102 -1
24 104 1
24 105 -1
24 106 -1
24 107 1
24 110 -1
24 112 -1
24 113 -1
24 115 1
24 117 -1
24 118 1
24 119 -1
24 120 -1
24 121 -1
24 123 -1
24 128 -1
24 133 -1
24 134 -1
24 135 -1
24 136 -1
24 137 -1
24 138 -1
24 139 -1
24 141 -1
24 143 -1
24 144 -1
24 145 1
24 146 -1
24 147 -1
24 150 -1
25 26 -1
25 27 -1
25 28 -1
25 29 1
25 31 -1
25 35 -1
25 37 -1
25 38 -1
25 40 -1
25 43 1
25 46 -1
25 47 -1
25 49 -1
25 54 1
25 55 -1
25 57 -1
25 58 -1
25 59 -1
25 60 -1
25 61 -1
25 63 -1
25 66 -1
25 67 -1
25 68 1
25 69 -1
25 72 -1
25 73 -1
25 74 1
25 77 -1
25 78 -1
25 80 -1
25 82 1
25 83 -1
25 84 -1
25 86 -1
25 87 1
25 89 -1
25 90 -1
25 94 1
25 97 -1
25 99 -1
25 100 -1
25 103 -1
25 104 -1
25 106 -1
25 107 -1
25 108 -1
25 109 -1
25 112 -1
25 114 -1
25 115 -1
25 117 -1
25 118 -1
25 121 -1
25 123 -1
25 124 -1
25 125 -1
25 126 -1
25 128 -1
25 132 1
25 133 -1
25 144 -1
25 145 -1
25 148 1
25 149 1
25 150 -1
26 29 1
26 30 -1
26 34 -1
26 35 -1
26 40 1
26 41 -1
26 42 1
26 44 -1
26 45 -1
26 47 -1
26 49 -1
26 50 -1
26 54 -1
26 58 -1
26 59 -1
26 60 -1
26 62 1
26 64 -1
26 65 -1
26 66 -1
26 68 -1
26 70 -1
26 73 -1
26 74 1
26 75 -1
26 76 -1
26 77 -1
26 78 -1
26 81 -1
26 82 1
26 83 -1
26 87 1
26 89 -1
26 91 -1
26 92 1
26 93 -1
26 94 1
26 95 -1
26 97 -1
26 98 -1
26 101 -1
26 102 -1
26 103 -1
26 111 -1
26 113 -1
26 114 -1
26 115 -1
26 117 1
26 118 -1
26 119 -1
26 121 -1
26 122 -1
26 123 -1
26 125 -1
26 129 -1
26 130 -1
26 131 -1
26 132 1
26 136 -1
26 137 -1
26 138 -1
26 141 -1
26 145 -1
26 146 -1
26 147 1
26 148 -1
26 149 -1
27 31 -1
27 34 -1
27 36 -1
27 37 -1
27 39 -1
27 42 1
27 43 -1
27 46 -1
27 55 -1
27 56 -1
27 57 1
27 58 -1
27 61 -1
27 63 -1
27 64 -1
27 66 1
27 68 -1
27 70 -1
27 71 -1
27 72 -1
27 73 -1
27 74 -1
27 76 -1
27 78 1
27 80 -1
27 83 -1
27 86 1
27 88 -1
27 90 1
27 92 1
27 99 -1
27 101 -1
27 102 -1
27 105 -1
27 106 -1
27 108 -1
27 110 1
27 111 -1
27 112 -1
27 113 -1
27 115 -1
27 120 -1
27 124 -1
27 125 -1
27 128 -1
27 130 -1
27 137 -1
27 139 -1
27 140 -1
27 144 1
27 147 1
28 29 -1
28 32 -1
28 33 -1
28 36 1
28 37 -1
28 39 1
28 40 -1
28 41 1
28 44 1
28 46 1
28 47 1
28 48 -1
28 52 -1
28 53 -1
28 54 -1
28 55 1
28 56 -1
28 57 -1
28 58 -1
28 60 1
28 65 -1
28 66 -1
28 68 -1
28 71 -1
28 72 -1
28 74 -1
28 75 -1
28 76 -1
28 77 -1
28 80 -1
28 81 -1
28 82 -1
28 83 -1
28 84 -1
28 85 1
28 91 -1
28 92 -1
28 93 -1
28 96 -1
28 98 -1
28 99 1
28 100 1
28 101 -1
28 102 -1
28 103 -1
28 105 -1
28 106 -1
28 111 1
28 112 -1
28 116 -1
28 118 -1
28 119 1
28 123 -1
28 124 -1
28 126 -1
28 129 -1
28 131 -1
28 136 1
28 137 -1
28 138 -1
28 140 -1
28 141 1
28 142 -1
28 145 -1
28 146 -1
28 150 1
29 30 -1
29 34 -1
29 38 -1
29 40 1
29 42 -1
29 48 -1
29 50 -1
29 54 -1
29 55 -1
29 58 -1
29 59 -1
29 61 -1
29 62 1
29 63 -1
29 65 -1
29 66 -1
29 68 -1
29 71 -1
29 72 -1
29 74 1
29 75 -1
29 81 -1
29 82 1
29 84 -1
29 86 -1
29 87 1
29 90 -1
29 91 -1
29 92 1
29 93 -1
29 94 1
29 96 -1
29 100 -1
29 102 -1
29 103 -1
29 109 -1
29 112 -1
29 113 -1
29 115 -1
29 117 1
29 118 -1
29 120 -1
29 122 -1
29 124 -1
29 125 -1
29 128 -1
29 129 -1
29 130 -1
29 132 1
29 134 -1
29 137 -1
29 138 -1
29 141 -1
29 142 -1
29 145 -1
29 147 1
29 149 1
30 31 -1
30 34 -1
30 36 -1
30 40 -1
30 42 -1
30 43 -1
30 48 1
30 50 -1
30 53 -1
30 54 -1
30 55 -1
30 57 -1
30 58 -1
30 59 -1
30 60 -1
30 61 -1
30 64 -1
30 65 1
30 66 -1
30 67 -1
30 68 -1
30 69 1
30 71 -1
30 72 -1
30 76 -1
30 84 -1
30 85 -1
30 86 -1
30 88 -1
30 89 -1
30 90 -1
30 91 -1
30 95 -1
30 97 -1
30 98 -1
30 100 -1
30 101 -1
30 102 1
30 104 1
30 105 -1
30 107 1
30 108 -1
30 109 -1
30 110 -1
30 112 -1
30 113 -1
30 114 -1
30 115 -1
30 118 1
30 120 -1
30 125 -1
30 127 1
30 130 -1
30 131 -1
30 133 -1
30 134 -1
30 137 -1
30 140 -1
30 142 -1
30 147 -1
31 34 -1
31 35 -1
31 36 -1
31 37 -1
31 40 -1
31 43 1
31 46 -1
31 47 -1
31 48 1
31 49 -1
31 54 1
31 56 1
31 60 -1
31 63 -1
31 65 -1
31 66 -1
31 67 1
31 68 1
31 70 -1
31 73 -1
31 78 -1
31 79 -1
31 80 1
31 82 -1
31 83 -1
31 86 -1
31 87 -1
31 88 -1
31 89 -1
31 90 -1
31 91 -1
31 92 -1
31 95 -1
31 98 -1
31 101 -1
31 102 -1
31 103 -1
31 104 -1
31 105 -1
31 107 -1
31 113 -1
31 114 1
31 117 -1
31 119 -1
31 120 -1
31 121 -1
31 125 -1
31 126 -1
31 127 -1
31 129 1
31 130 -1
31 131 -1
31 133 -1
31 134 -1
31 144 -1
31 145 -1
31 146 -1
31 147 -1
31 148 1
31 149 1
31 150 -1
32 34 1
32 36 -1
32 38 -1
32 39 -1
32 40 -1
32 41 -1
32 47 -1
32 48 -1
32 50 -1
32 53 1
32 54 -1
32 55 -1
32 58 -1
32 59 1
32 64 1
32 67 -1
32 68 -1
32 70 1
32 71 -1
32 74 -1
32 75 1
32 76 1
32 77 -1
32 78 -1
32 83 -1
32 86 -1
32 89 -1
32 90 -1
32 91 1
32 92 -1
32 95 -1
32 96 -1
32 100 -1
32 101 -1
32 103 1
32 106 -1
32 107 -1
32 108 -1
32 111 -1
32 117 -1
32 118 -1
32 120 -1
32 121 1
32 122 1
32 123 -1
32 126 -1
32 128 -1
32 130 -1
32 132 -1
32 133 -1
32 134 -1
32 135 -1
32 138 -1
32 142 -1
32 147 -1
32 148 -1
32 149 -1
32 150 -1
33 34 -1
33 35 -1
33 36 -1
33 37 -1
33 41 1
33 43 -1
33 44 -1
33 46 1
33 47 -1
33 51 -1
33 52 1
33 53 -1
33 54 -1
33 55 -1
33 56 -1
33 57 -1
33 61 1
33 62 -1
33 63 1
33 65 -1
33 66 -1
33 68 -1
33 73 -1
33 74 -1
33 75 -1
33 81 -1
33 83 -1
33 84 -1
33 90 -1
33 91 -1
33 92 -1
33 95 1
33 99 1
33 100 1
33 103 1
33 104 -1
33 105 1
33 111 1
33 112 -1
33 113 1
33 115 -1
33 116 1
33 117 -1
33 118 -1
33 119 -1
33 120 -1
33 122 -1
33 124 -1
33 125 -1
33 126 -1
33 127 -1
33 130 -1
33 132 -1
33 134 1
33 135 -1
33 136 1
33 140 -1
33 141 -1
33 142 -1
33 143 -1
33 146 -1
34 36 -1
34 38 1
34 40 -1
34 44 -1
34 50 -1
34 52 -1
34 53 1
34 56 -1
34 59 1
34 64 1
34 65 -1
34 68 -1
34 69 -1
34 70 1
34 71 1
34 72 -1
34 73 -1
34 76 1
34 79 -1
34 81 -1
34 82 -1
34 83 -1
34 85 -1
34 88 -1
34 90 -1
34 91 1
34 93 -1
34 95 -1
34 96 -1
34 98 1
34 99 -1
34 101 -1
34 103 -1
34 108 1
34 109 -1
34 110 -1
34 112 1
34 113 -1
34 118 -1
34 121 1
34 122 1
34 123 -1
34 126 -1
34 131 -1
34 132 -1
34 134 -1
34 135 1
34 137 -1
34 139 1
34 141 -1
34 143 1
34 145 -1
34 146 -1
34 147 -1
34 149 -1
34 150 -1
35 36 -1
35 37 -1
35 39 1
35 41 -1
35 42 -1
35 44 1
35 45 1
35 47 1
35 51 -1
35 54 -1
35 55 -1
35 57 -1
35 61 -1
35 62 -1
35 64 -1
35 67 -1
35 68 -1
35 76 -1
35 77 1
35 79 -1
35 81 -1
35 82 -1
35 85 -1
35 87 -1
35 90 -1
35 91 -1
35 93 1
35 95 -1
35 98 -1
35 99 -1
35 100 -1
35 105 -1
35 106 -1
35 108 -1
35 109 1
35 110 -1
35 113 -1
35 119 -1
35 120 1
35 122 -1
35 129 -1
35 130 1
35 131 1
35 133 1
35 138 1
35 140 1
35 141 -1
35 145 -1
35 147 -1
35 148 -1
35 149 -1
36 39 1
36 41 -1
36 44 1
36 45 -1
36 46 1
36 47 1
36 48 -1
36 49 -1
36 55 1
36 57 -1
36 58 -1
36 59 -1
36 60 1
36 62 -1
36 64 -1
36 65 -1
36 66 -1
36 67 -1
36 70 -1
36 72 -1
36 76 -1
36 77 -1
36 81 -1
36 82 -1
36 83 -1
36 84 -1
36 85 1
36 87 -1
36 90 -1
36 92 -1
36 93 -1
36 94 -1
36 99 1
36 102 -1
36 106 -1
36 109 1
36 111 1
36 116 -1
36 117 -1
36 118 -1
36 119 1
36 120 -1
36 122 -1
36 123 -1
36 128 -1
36 131 -1
36 134 -1
36 135 -1
36 136 -1
36 138 1
36 141 1
36 142 -1
36 143 -1
36 144 -1
36 146 -1
36 147 -1
36 150 1
37 38 -1
37 41 -1
37 42 -1
37 43 -1
37 44 -1
37 45 -1
37 49 -1
37 50 -1
37 51 -1
37 52 -1
37 55 -1
37 56 -1
37 58 1
37 60 -1
37 61 -1
37 65 -1
37 69 -1
37 71 -1
37 73 1
37 79 -1
37 80 -1
37 81 -1
37 84 1
37 85 -1
37 88 1
37 89 -1
37 90 -1
37 92 -1
37 96 1
37 97 1
37 101 -1
37 106 1
37 109 -1
37 110 -1
37 112 -1
37 116 -1
37 117 -1
37 119 -1
37 122 -1
37 123 1
37 124 1
37 125 1
37 127 -1
37 128 1
37 131 -1
37 137 1
37 138 -1
37 139 -1
37 142 1
37 143 -1
37 146 1
37 147 -1
37 148 -1
38 40 -1
38 42 -1
38 48 -1
38 49 1
38 50 -1
38 52 -1
38 53 1
38 58 -1
38 61 -1
38 63 -1
38 64 1
38 65 -1
38 66 -1
38 67 -1
38 68 -1
38 71 1
38 76 -1
38 79 -1
38 84 -1
38 85 -1
38 87 -1
38 88 -1
38 91 1
38 92 -1
38 96 -1
38 98 1
38 99 -1
38 101 -1
38 102 -1
38 104 -1
38 105 -1
38 106 -1
38 107 -1
38 108 1
38 112 1
38 113 -1
38 117 -1
38 121 1
38 122 1
38 123 -1
38 124 -1
38 126 -1
38 127 -1
38 128 1
38 129 -1
38 131 -1
38 132 -1
38 134 -1
38 135 1
38 137 1
38 139 1
38 142 -1
38 143 1
38 147 -1
38 149 -1
39 40 -1
39 41 -1
39 44 1
39 45 1
39 46 -1
39 47 1
39 50 -1
39 51 -1
39 53 -1
39 55 1
39 59 -1
39 60 1
39 64 -1
39 65 -1
39 67 -1
39 73 -1
39 74 -1
39 75 -1
39 76 -1
39 77 -1
39 84 -1
39 85 1
39 86 -1
39 92 -1
39 95 -1
39 100 -1
39 105 -1
39 108 -1
39 109 1
39 110 -1
39 112 -1
39 113 -1
39 118 -1
39 119 1
39 120 1
39 121 -1
39 125 -1
39 128 -1
39 130 1
39 132 -1
39 133 -1
39 135 -1
39 136 -1
39 137 -1
39 138 1
39 140 1
39 141 1
39 142 -1
39 146 -1
39 147 -1
39 150 1
40 41 -1
40 42 1
40 47 -1
40 48 -1
40 53 -1
40 54 -1
40 59 -1
40 60 -1
40 61 -1
40 62 1
40 66 -1
40 68 -1
40 69 -1
40 70 -1
40 71 -1
40 72 -1
40 73 -1
40 74 1
40 77 -1
40 78 -1
40 81 -1
40 82 1
40 85 -1
40 87 1
40 88 -1
40 92 1
40 93 -1
40 94 1
40 95 -1
40 96 -1
40 99 -1
40 102 -1
40 105 -1
40 106 -1
40 107 -1
40 108 -1
40 112 -1
40 117 1
40 118 -1
40 121 -1
40 122 -1
40 123 -1
40 125 -1
40 126 -1
40 127 -1
40 130 -1
40 132 1
40 134 -1
40 135 -1
40 136 -1
40 144 -1
40 147 1
41 42 -1
41 44 -1
41 46 1
41 48 -1
41 50 -1
41 52 1
41 54 -1
41 55 -1
41 60 1
41 61 1
41 63 1
41 64 -1
41 65 -1
41 66 -1
41 69 -1
41 73 -1
41 74 -1
41 75 -1
41 79 -1
41 80 -1
41 82 -1
41 90 -1
41 92 -1
41 94 -1
41 95 1
41 96 -1
41 99 1
41 100 1
41 102 -1
41 103 1
41 105 1
41 107 -1
41 109 -1
41 110 -1
41 111 1
41 113 1
41 114 -1
41 116 1
41 118 -1
41 119 1
41 121 -1
41 122 -1
41 130 -1
41 132 -1
41 134 1
41 136 1
41 139 -1
41 140 -1
41 141 -1
41 143 -1
41 145 -1
41 148 -1
41 149 -1
41 150 1
42 43 -1
42 46 -1
42 48 -1
42 49 -1
42 53 -1
42 55 -1
42 56 -1
42 58 -1
42 60 -1
42 62 1
42 63 -1
42 65 -1
42 66 -1
42 68 -1
42 72 -1
42 77 -1
42 78 -1
42 79 -1
42 80 -1
42 81 -1
42 82 -1
42 84 -1
42 86 -1
42 87 1
42 88 -1
42 90 1
42 92 1
42 93 -1
42 96 -1
42 97 -1
42 98 -1
42 99 -1
42 103 -1
42 104 -1
42 105 -1
42 106 -1
42 107 -1
42 108 -1
42 109 -1
42 110 1
42 111 -1
42 113 -1
42 114 -1
42 115 -1
42 116 -1
42 117 1
42 120 -1
42 122 -1
42 124 -1
42 126 -1
42 128 -1
42 129 -1
42 130 -1
42 131 -1
42 135 -1
42 136 -1
42 137 -1
42 140 -1
42 141 -1
42 143 -1
42 145 -1
42 147 1
42 148 -1
42 149 -1
43 44 -1
43 45 -1
43 51 -1
43 52 -1
43 54 1
43 55 -1
43 56 1
43 57 -1
43 58 -1
43 61 -1
43 62 -1
43 63 -1
43 64 -1
43 66 -1
43 67 1
43 68 1
43 70 -1
43 71 -1
43 72 -1
43 76 -1
43 79 -1
43 80 1
43 81 -1
43 82 -1
43 87 -1
43 93 -1
43 96 -1
43 98 -1
43 100 -1
43 102 -1
43 105 -1
43 109 -1
43 113 -1
43 114 1
43 117 -1
43 118 -1
43 121 -1
43 129 1
43 134 -1
43 136 -1
43 137 -1
43 139 -1
43 142 -1
43 146 -1
43 147 -1
43 148 1
43 149 1
44 45 1
44 47 1
44 49 -1
44 50 -1
44 51 -1
44 52 -1
44 54 -1
44 55 1
44 56 -1
44 57 -1
44 60 1
44 61 -1
44 62 -1
44 63 -1
44 65 -1
44 70 -1
44 71 -1
44 72 -1
44 74 -1
44 75 -1
44 76 -1
44 77 -1
44 78 -1
44 79 -1
44 80 -1
44 82 -1
44 85 1
44 86 -1
44 89 -1
44 91 -1
44 92 -1
44 94 -1
44 95 -1
44 96 -1
44 99 -1
44 104 -1
44 107 -1
44 109 1
44 110 -1
44 114 -1
44 116 -1
44 117 -1
44 119 1
44 120 1
44 121 -1
44 123 -1
44 124 -1
44 125 -1
44 126 -1
44 127 -1
44 130 1
44 131 -1
44 137 -1
44 138 1
44 139 -1
44 140 1
44 141 1
44 142 -1
44 143 -1
44 144 -1
44 148 -1
44 150 1
45 47 1
45 48 -1
45 54 -1
45 56 -1
45 57 -1
45 59 -1
45 61 -1
45 63 -1
45 64 -1
45 65 -1
45 70 -1
45 71 -1
45 73 -1
45 74 -1
45 76 -1
45 77 1
45 78 -1
45 79 -1
45 80 -1
45 82 -1
45 83 -1
45 87 -1
45 90 -1
45 93 1
45 94 -1
45 95 -1
45 96 -1
45 99 -1
45 101 -1
45 103 -1
45 106 -1
45 107 -1
45 109 1
45 110 -1
45 111 -1
45 112 -1
45 114 -1
45 117 -1
45 119 -1
45 120 1
45 127 -1
45 128 -1
45 130 1
45 131 1
45 132 -1
45 133 1
45 137 -1
45 138 1
45 139 -1
45 140 1
45 141 1
45 142 -1
45 144 -1
45 147 -1
45 148 -1
45 150 -1
46 49 -1
46 52 1
46 54 -1
46 55 1
46 56 -1
46 57 -1
46 58 -1
46 60 1
46 61 1
46 62 -1
46 63 1
46 67 -1
46 69 -1
46 71 -1
46 73 -1
46 74 -1
46 75 -1
46 76 -1
46 79 -1
46 80 -1
46 81 -1
46 85 1
46 87 -1
46 88 -1
46 92 -1
46 95 1
46 98 -1
46 99 1
46 100 1
46 103 -1
46 105 1
46 106 -1
46 107 -1
46 111 1
46 113 1
46 115 -1
46 116 1
46 117 -1
46 119 1
46 120 -1
46 121 -1
46 123 -1
46 124 -1
46 130 -1
46 131 -1
46 132 -1
46 133 -1
46 134 1
46 135 -1
46 136 1
46 139 -1
46 140 -1
46 141 -1
46 142 -1
46 143 -1
46 150 1
47 54 -1
47 55 1
47 58 -1
47 60 1
47 61 -1
47 68 -1
47 70 -1
47 75 -1
47 77 -1
47 78 -1
47 84 -1
47 85 1
47 86 -1
47 88 -1
47 91 -1
47 92 -1
47 96 -1
47 97 -1
47 99 1
47 102 -1
47 105 -1
47 108 -1
47 109 1
47 110 -1
47 111 1
47 112 -1
47 113 -1
47 115 -1
47 116 -1
47 117 -1
47 119 1
47 120 1
47 122 -1
47 126 -1
47 130 1
47 132 -1
47 133 -1
47 134 -1
47 136 -1
47 137 -1
47 138 1
47 140 1
47 141 1
47 142 -1
47 144 -1
47 148 -1
47 149 -1
47 150 1
48 53 -1
48 55 -1
48 56 1
48 58 -1
48 60 -1
48 62 -1
48 64 -1
48 67 1
48 69 1
48 72 -1
48 73 -1
48 75 -1
48 76 -1
48 80 1
48 81 -1
48 82 -1
48 84 -1
48 86 -1
48 91 -1
48 92 -1
48 97 -1
48 102 1
48 103 -1
48 104 1
48 109 -1
48 111 -1
48 113 -1
48 114 1
48 115 -1
48 116 -1
48 118 1
48 120 -1
48 122 -1
48 123 -1
48 124 -1
48 127 1
48 129 1
48 131 -1
48 132 -1
48 134 -1
48 136 -1
48 137 -1
48 140 -1
48 143 -1
48 144 -1
48 146 -1
48 147 -1
48 148 -1
48 149 -1
49 51 -1
49 53 1
49 54 -1
49 56 -1
49 57 -1
49 58 -1
49 60 -1
49 64 -1
49 65 -1
49 68 -1
49 69 -1
49 70 -1
49 71 1
49 72 -1
49 74 -1
49 77 -1
49 78 -1
49 81 -1
49 85 -1
49 86 -1
49 87 -1
49 88 1
49 90 -1
49 91 -1
49 92 -1
49 96 1
49 97 -1
49 98 1
49 103 -1
49 104 -1
49 108 1
49 110 -1
49 112 1
49 115 -1
49 119 -1
49 121 1
49 122 1
49 123 -1
49 125 1
49 126 -1
49 128 1
49 133 -1
49 135 1
49 137 1
49 138 -1
49 139 1
49 142 1
49 143 1
49 144 -1
49 146 -1
50 54 -1
50 56 -1
50 57 1
50 60 -1
50 62 -1
50 65 -1
50 66 1
50 69 -1
50 71 -1
50 72 -1
50 75 -1
50 77 1
50 78 1
50 79 -1
50 81 -1
50 83 -1
50 85 -1
50 86 1
50 88 -1
50 91 -1
50 92 -1
50 93 1
50 95 -1
50 96 -1
50 99 -1
50 100 -1
50 101 -1
50 102 -1
50 103 -1
50 104 -1
50 106 -1
50 108 -1
50 110 1
50 113 -1
50 114 -1
50 115 -1
50 116 -1
50 118 -1
50 122 -1
50 126 1
50 128 -1
50 129 -1
50 131 1
50 133 1
50 134 -1
50 137 -1
50 139 -1
50 144 1
50 147 -1
50 148 -1
51 54 -1
51 55 -1
51 56 -1
51 58 -1
51 60 -1
51 63 -1
51 64 -1
51 65 -1
51 66 -1
51 75 -1
51 76 -1
51 77 -1
51 78 -1
51 80 -1
51 82 -1
51 84 -1
51 87 -1
51 89 -1
51 97 -1
51 98 -1
51 100 -1
51 101 1
51 102 -1
51 103 -1
51 104 -1
51 105 -1
51 107 -1
51 109 -1
51 113 -1
51 114 -1
51 116 -1
51 123 -1
51 124 -1
51 127 -1
51 128 -1
51 132 -1
51 136 -1
51 137 -1
51 141 -1
51 142 -1
51 143 -1
51 144 -1
51 146 -1
51 147 -1
52 53 -1
52 54 -1
52 55 -1
52 56 -1
52 60 -1
52 61 1
52 63 1
52 65 -1
52 66 -1
52 69 -1
52 72 -1
52 75 1
52 77 -1
52 78 -1
52 79 -1
52 86 -1
52 87 -1
52 89 -1
52 90 -1
52 92 -1
52 93 -1
52 95 1
52 99 -1
52 100 1
52 101 -1
52 103 1
52 104 -1
52 105 1
52 107 -1
52 111 -1
52 113 1
52 115 -1
52 116 1
52 117 -1
52 118 -1
52 120 -1
52 122 -1
52 124 -1
52 128 -1
52 130 -1
52 134 1
52 135 -1
52 136 1
52 137 -1
52 139 -1
52 140 -1
52 141 -1
52 146 -1
52 147 -1
52 150 -1
53 55 -1
53 56 -1
53 59 1
53 60 -1
53 61 -1
53 62 -1
53 64 1
53 68 -1
53 69 -1
53 70 -1
53 71 1
53 73 -1
53 74 -1
53 75 -1
53 76 1
53 77 -1
53 78 -1
53 81 -1
53 83 -1
53 84 -1
53 85 -1
53 88 -1
53 89 -1
53 91 1
53 94 -1
53 98 1
53 99 -1
53 100 -1
53 101 -1
53 103 -1
53 105 -1
53 107 -1
53 108 1
53 110 -1
53 112 1
53 113 -1
53 114 -1
53 118 -1
53 119 -1
53 120 -1
53 121 1
53 122 1
53 125 -1
53 126 -1
53 127 -1
53 129 -1
53 131 -1
53 132 -1
53 134 -1
53 135 1
53 136 -1
53 139 1
53 140 -1
53 142 -1
53 143 1
53 144 -1
53 145 -1
53 146 -1
53 149 -1
54 56 1
54 59 -1
54 60 -1
54 61 -1
54 62 -1
54 65 -1
54 67 1
54 68 1
54 70 -1
54 75 -1
54 76 -1
54 80 1
54 81 -1
54 83 -1
54 86 -1
54 89 -1
54 91 -1
54 94 -1
54 96 -1
54 101 -1
54 104 -1
54 105 -1
54 110 -1
54 111 -1
54 114 1
54 115 -1
54 120 -1
54 122 -1
54 124 -1
54 127 -1
54 129 1
54 130 -1
54 131 -1
54 132 -1
54 133 -1
54 134 -1
54 139 -1
54 141 -1
54 143 -1
54 146 -1
54 148 1
54 149 1
55 56 -1
55 58 -1
55 60 1
55 64 -1
55 65 -1
55 66 -1
55 70 -1
55 73 -1
55 74 -1
55 75 -1
55 76 -1
55 78 -1
55 79 -1
55 80 -1
55 81 -1
55 83 -1
55 85 1
55 86 -1
55 87 -1
55 94 -1
55 97 -1
55 98 -1
55 99 1
55 100 -1
55 101 -1
55 102 -1
55 106 -1
55 107 -1
55 108 -1
55 109 1
55 110 -1
55 111 1
55 112 -1
55 117 -1
55 119 1
55 120 -1
55 121 -1
55 124 -1
55 126 -1
55 127 -1
55 128 -1
55 129 -1
55 130 -1
55 134 -1
55 136 -1
55 137 -1
55 138 1
55 139 -1
55 141 1
55 142 -1
55 143 -1
55 144 -1
55 145 -1
55 147 -1
55 149 -1
55 150 1
56 59 -1
56 60 -1
56 61 -1
56 67 1
56 68 1
56 70 -1
56 71 -1
56 72 -1
56 75 -1
56 77 -1
56 78 -1
56 79 -1
56 80 1
56 85 -1
56 87 -1
56 90 -1
56 92 -1
56 97 -1
56 99 -1
56 100 -1
56 101 -1
56 103 -1
56 104 -1
56 108 -1
56 114 1
56 116 -1
56 117 -1
56 124 -1
56 127 -1
56 128 -1
56 129 1
56 130 -1
56 132 -1
56 133 -1
56 135 -1
56 136 -1
56 140 -1
56 146 -1
56 147 -1
56 148 1
56 149 1
57 59 -1
57 60 -1
57 63 -1
57 65 -1
57 66 1
57 69 -1
57 70 -1
57 71 -1
57 76 -1
57 78 1
57 80 -1
57 81 -1
57 83 -1
57 86 1
57 87 -1
57 88 -1
57 89 -1
57 90 1
57 94 -1
57 95 -1
57 96 -1
57 98 -1
57 99 -1
57 110 1
57 113 -1
57 114 -1
57 117 -1
57 121 -1
57 124 -1
57 125 -1
57 126 1
57 129 -1
57 130 -1
57 131 1
57 136 -1
57 137 -1
57 139 -1
57 142 -1
57 144 1
57 145 -1
57 146 -1
57 147 -1
57 148 -1
57 150 -1
58 61 -1
58 62 -1
58 63 -1
58 65 -1
58 66 -1
58 68 -1
58 72 -1
58 73 1
58 74 -1
58 75 -1
58 76 -1
58 78 -1
58 81 -1
58 82 -1
58 84 1
58 85 -1
58 86 -1
58 87 -1
58 88 1
58 90 -1
58 91 -1
58 94 -1
58 96 1
58 97 1
58 98 -1
58 99 -1
58 101 1
58 104 -1
58 105 -1
58 106 1
58 107 -1
58 108 -1
58 110 -1
58 116 -1
58 118 -1
58 120 -1
58 121 -1
58 123 1
58 124 1
58 125 1
58 127 -1
58 129 -1
58 132 -1
58 134 -1
58 135 -1
58 136 -1
58 137 -1
58 141 -1
58 142 1
58 143 -1
58 145 -1
58 146 1
58 149 -1
58 150 -1
59 61 -1
59 62 -1
59 64 1
59 67 -1
59 68 -1
59 70 1
59 72 -1
59 73 -1
59 75 1
59 76 1
59 78 -1
59 79 -1
59 80 -1
59 81 -1
59 83 -1
59 84 -1
59 85 -1
59 86 -1
59 87 -1
59 88 -1
59 91 1
59 92 -1
59 93 -1
59 97 -1
59 99 -1
59 101 -1
59 107 -1
59 110 -1
59 112 -1
59 115 -1
59 116 -1
59 121 1
59 122 1
59 123 -1
59 124 -1
59 135 -1
59 140 -1
59 142 -1
59 143 1
59 144 -1
59 145 -1
59 149 -1
60 62 -1
60 64 -1
60 67 -1
60 68 -1
60 69 -1
60 73 -1
60 75 -1
60 77 -1
60 79 -1
60 84 -1
60 85 1
60 86 -1
60 90 -1
60 91 -1
60 92 -1
60 95 -1
60 96 -1
60 98 -1
60 99 1
60 100 1
60 102 -1
60 107 -1
60 109 1
60 111 1
60 112 -1
60 115 -1
60 119 1
60 123 -1
60 126 -1
60 129 -1
60 131 -1
60 133 -1
60 134 -1
60 137 -1
60 140 -1
60 141 1
60 144 -1
60 149 -1
60 150 1
61 63 1
61 65 -1
61 66 -1
61 69 -1
61 70 1
61 71 -1
61 72 -1
61 75 1
61 77 -1
61 78 -1
61 80 -1
61 82 -1
61 83 -1
61 84 -1
61 86 -1
61 92 -1
61 95 1
61 96 -1
61 98 -1
61 99 -1
61 100 1
61 101 -1
61 103 1
61 104 -1
61 105 1
61 109 -1
61 111 -1
61 113 1
61 114 -1
61 116 1
61 117 -1
61 118 -1
61 119 -1
61 120 -1
61 121 -1
61 122 -1
61 124 -1
61 128 -1
61 129 -1
61 130 -1
61 131 -1
61 132 -1
61 133 -1
61 134 1
61 135 -1
61 136 1
61 139 -1
61 141 -1
61 142 -1
61 146 -1
61 147 -1
61 149 -1
61 150 -1
62 65 -1
62 66 -1
62 70 -1
62 74 1
62 77 -1
62 79 -1
62 80 -1
62 81 -1
62 82 1
62 83 -1
62 87 1
62 88 -1
62 92 1
62 94 1
62 95 -1
62 100 -1
62 101 -1
62 104 -1
62 106 -1
62 107 -1
62 108 -1
62 111 -1
62 113 -1
62 115 -1
62 117 1
62 118 -1
62 121 -1
62 125 -1
62 126 -1
62 130 -1
62 132 1
62 133 -1
62 134 -1
62 135 -1
62 136 -1
62 137 -1
62 141 -1
62 142 -1
62 145 -1
62 147 1
62 148 -1
63 68 -1
63 71 -1
63 73 -1
63 75 1
63 77 -1
63 78 -1
63 79 -1
63 82 -1
63 86 -1
63 88 -1
63 89 -1
63 90 -1
63 92 -1
63 95 1
63 96 -1
63 99 1
63 100 1
63 101 -1
63 102 -1
63 103 1
63 104 -1
63 105 1
63 107 -1
63 111 1
63 113 1
63 115 -1
63 116 1
63 118 -1
63 120 -1
63 121 -1
63 125 -1
63 128 -1
63 129 -1
63 134 1
63 136 1
63 139 -1
63 141 -1
63 142 -1
63 143 -1
63 144 -1
63 145 -1
63 146 -1
63 148 -1
63 149 -1
63 150 -1
64 65 -1
64 68 -1
64 70 1
64 71 1
64 72 -1
64 75 1
64 76 1
64 79 -1
64 81 -1
64 83 -1
64 85 -1
64 86 -1
64 90 -1
64 91 1
64 93 -1
64 94 -1
64 97 -1
64 98 1
64 100 -1
64 101 -1
64 106 -1
64 107 -1
64 110 -1
64 112 1
64 113 -1
64 115 -1
64 120 -1
64 121 1
64 122 1
64 124 -1
64 127 -1
64 128 -1
64 131 -1
64 132 -1
64 133 -1
64 135 1
64 137 -1
64 139 1
64 143 1
64 147 -1
64 148 -1
64 149 -1
65 69 1
65 70 -1
65 71 -1
65 72 -1
65 77 -1
65 78 -1
65 79 1
65 81 1
65 83 1
65 88 -1
65 89 1
65 91 -1
65 98 -1
65 99 -1
65 100 -1
65 103 -1
65 104 1
65 107 1
65 108 -1
65 110 -1
65 111 -1
65 114 -1
65 115 1
65 116 -1
65 117 -1
65 118 1
65 120 -1
65 121 -1
65 122 -1
65 123 -1
65 129 -1
65 135 -1
65 140 -1
65 145 1
65 146 -1
65 148 -1
65 150 -1
66 67 -1
66 69 -1
66 73 -1
66 74 -1
66 75 -1
66 77 -1
66 78 1
66 83 -1
66 85 -1
66 86 1
66 88 -1
66 90 1
66 91 -1
66 93 -1
66 94 -1
66 95 -1
66 96 -1
66 97 -1
66 99 -1
66 100 -1
66 101 -1
66 103 -1
66 106 -1
66 108 -1
66 109 -1
66 110 1
66 117 -1
66 122 -1
66 124 -1
66 126 1
66 130 -1
66 131 1
66 134 -1
66 136 -1
66 138 -1
66 140 -1
66 141 -1
66 144 1
66 146 -1
66 148 -1
66 150 -1
67 71 -1
67 73 -1
67 79 -1
67 80 1
67 81 -1
67 83 -1
67 84 -1
67 87 -1
67 89 -1
67 91 -1
67 93 -1
67 96 -1
67 99 -1
67 100 -1
67 101 -1
67 102 1
67 105 -1
67 108 -1
67 111 -1
67 112 -1
67 113 -1
67 114 1
67 121 -1
67 125 -1
67 126 -1
67 127 1
67 129 1
67 131 -1
67 132 -1
67 133 -1
67 134 -1
67 137 -1
67 138 -1
67 143 -1
67 144 -1
67 145 -1
67 146 -1
67 148 1
68 69 -1
68 72 -1
68 73 -1
68 74 1
68 75 -1
68 76 -1
68 78 -1
68 80 1
68 82 1
68 85 -1
68 86 -1
68 87 -1
68 89 -1
68 92 -1
68 93 -1
68 94 -1
68 95 -1
68 96 -1
68 97 -1
68 98 -1
68 101 -1
68 105 -1
68 106 -1
68 108 -1
68 113 -1
68 114 1
68 118 -1
68 123 -1
68 124 -1
68 126 -1
68 127 -1
68 128 -1
68 130 -1
68 132 -1
68 133 -1
68 135 -1
68 137 -1
68 138 -1
68 139 -1
68 140 -1
68 142 -1
68 145 -1
68 148 1
68 149 1
69 72 -1
69 73 -1
69 76 -1
69 77 -1
69 78 -1
69 79 -1
69 81 -1
69 83 -1
69 84 -1
69 86 -1
69 87 -1
69 90 -1
69 91 -1
69 94 -1
69 95 -1
69 96 -1
69 97 -1
69 100 -1
69 102 1
69 103 -1
69 104 1
69 106 -1
69 107 1
69 108 -1
69 111 -1
69 114 -1
69 116 -1
69 118 1
69 123 -1
69 124 -1
69 125 -1
69 126 -1
69 127 1
69 130 -1
69 131 -1
69 135 -1
69 137 -1
69 138 -1
69 139 -1
69 140 -1
69 141 -1
69 142 -1
69 143 -1
69 147 -1
69 148 -1
70 71 -1
70 75 1
70 76 1
70 77 -1
70 78 -1
70 80 -1
70 81 -1
70 82 -1
70 83 -1
70 85 -1
70 89 -1
70 91 1
70 92 -1
70 94 -1
70 95 1
70 100 -1
70 103 1
70 104 -1
70 107 -1
70 110 -1
70 112 -1
70 113 1
70 114 -1
70 115 -1
70 117 -1
70 121 -1
70 124 -1
70 128 -1
70 131 -1
70 134 1
70 135 -1
70 136 -1
70 137 -1
70 139 -1
70 142 -1
70 143 -1
70 145 -1
70 147 -1
70 149 -1
70 150 -1
71 75 -1
71 76 1
71 78 -1
71 79 -1
71 80 -1
71 81 -1
71 82 -1
71 88 -1
71 89 -1
71 91 1
71 93 -1
71 95 -1
71 97 -1
71 98 1
71 99 -1
71 100 -1
71 101 -1
71 104 -1
71 105 -1
71 107 -1
71 108 1
71 111 -1
71 112 1
71 116 -1
71 118 -1
71 119 -1
71 120 -1
71 121 1
71 122 1
71 126 -1
71 128 1
71 129 -1
71 130 -1
71 131 -1
71 132 -1
71 135 1
71 139 1
71 140 -1
71 141 -1
71 143 1
71 145 -1
71 146 -1
71 148 -1
72 78 -1
72 79 1
72 81 1
72 82 -1
72 83 1
72 87 -1
72 88 -1
72 89 1
72 91 -1
72 92 -1
72 95 -1
72 102 -1
72 103 -1
72 104 -1
72 110 -1
72 112 -1
72 114 -1
72 115 1
72 116 -1
72 119 -1
72 122 -1
72 123 -1
72 129 -1
72 131 -1
72 132 -1
72 134 -1
72 137 -1
72 142 -1
72 143 -1
72 145 1
72 148 -1
72 149 -1
73 74 -1
73 76 -1
73 77 -1
73 78 -1
73 79 -1
73 80 -1
73 84 1
73 86 -1
73 87 -1
73 88 1
73 92 -1
73 95 -1
73 96 1
73 97 1
73 99 -1
73 100 -1
73 101 -1
73 102 -1
73 106 1
73 107 -1
73 110 -1
73 116 -1
73 118 -1
73 119 -1
73 120 -1
73 123 1
73 124 1
73 125 1
73 126 -1
73 127 -1
73 128 1
73 131 -1
73 134 -1
73 136 -1
73 137 1
73 140 -1
73 142 1
73 143 -1
73 145 -1
73 146 1
73 147 -1
73 148 -1
74 77 -1
74 78 -1
74 81 -1
74 82 1
74 83 -1
74 84 -1
74 87 1
74 92 -1
74 94 1
74 95 -1
74 96 -1
74 97 -1
74 98 -1
74 100 -1
74 101 -1
74 103 -1
74 110 -1
74 111 -1
74 112 -1
74 114 -1
74 117 1
74 118 -1
74 119 -1
74 121 -1
74 122 -1
74 123 -1
74 124 -1
74 125 -1
74 126 -1
74 128 -1
74 130 -1
74 132 1
74 134 -1
74 137 -1
74 139 -1
74 141 -1
74 142 -1
74 143 -1
74 144 -1
74 147 -1
74 148 -1
74 149 1
75 76 1
75 77 -1
75 78 -1
75 79 -1
75 80 -1
75 82 -1
75 84 -1
75 86 -1
75 87 -1
75 91 -1
75 95 1
75 96 -1
75 97 -1
75 101 -1
75 103 1
75 105 1
75 106 -1
75 111 -1
75 113 1
75 115 -1
75 116 1
75 117 -1
75 118 -1
75 121 -1
75 122 -1
75 123 -1
75 125 -1
75 127 -1
75 128 -1
75 130 -1
75 133 -1
75 134 1
75 137 -1
75 139 -1
75 141 -1
75 142 -1
75 143 -1
75 146 -1
75 149 -1
75 150 -1
76 80 -1
76 81 -1
76 83 -1
76 91 1
76 95 -1
76 97 -1
76 98 1
76 99 -1
76 102 -1
76 103 -1
76 105 -1
76 108 -1
76 117 -1
76 121 1
76 122 1
76 123 -1
76 124 -1
76 130 -1
76 133 -1
76 135 -1
76 139 1
76 141 -1
76 142 -1
76 143 1
76 144 -1
76 145 -1
76 147 -1
77 80 -1
77 81 -1
77 83 -1
77 86 -1
77 88 -1
77 91 -1
77 93 1
77 95 -1
77 98 -1
77 101 -1
77 103 -1
77 105 -1
77 110 -1
77 111 -1
77 112 -1
77 116 -1
77 117 -1
77 119 -1
77 120 1
77 121 -1
77 122 -1
77 126 1
77 128 -1
77 130 1
77 131 1
77 133 1
77 134 -1
77 135 -1
77 136 -1
77 138 1
77 139 -1
77 140 1
77 142 -1
77 144 1
77 145 -1
77 146 -1
77 148 -1
77 149 -1
77 150 -1
78 79 -1
78 83 -1
78 84 -1
78 85 -1
78 86 1
78 89 -1
78 90 1
78 92 -1
78 100 -1
78 103 -1
78 105 -1
78 106 -1
78 108 -1
78 110 1
78 111 -1
78 114 -1
78 115 -1
78 116 -1
78 117 -1
78 119 -1
78 121 -1
78 122 -1
78 126 1
78 127 -1
78 129 -1
78 130 -1
78 131 -1
78 133 -1
78 134 -1
78 136 -1
78 137 -1
78 139 -1
78 144 1
78 145 -1
78 148 -1
79 80 -1
79 81 1
79 83 1
79 84 -1
79 85 -1
79 87 -1
79 88 -1
79 89 1
79 90 -1
79 92 -1
79 96 -1
79 100 -1
79 101 -1
79 102 -1
79 103 -1
79 110 -1
79 113 -1
79 114 -1
79 115 1
79 116 -1
79 117 -1
79 122 -1
79 123 -1
79 126 -1
79 127 -1
79 129 -1
79 130 -1
79 132 -1
79 135 -1
79 137 -1
79 140 -1
79 142 -1
79 143 -1
79 144 -1
79 145 1
79 146 -1
80 82 -1
80 85 -1
80 87 -1
80 88 -1
80 91 -1
80 92 -1
80 94 -1
80 95 -1
80 96 -1
80 97 -1
80 99 -1
80 102 1
80 105 -1
80 106 -1
80 107 -1
80 108 -1
80 109 -1
80 112 -1
80 114 1
80 115 -1
80 117 -1
80 118 -1
80 119 -1
80 121 -1
80 124 -1
80 125 -1
80 126 -1
80 127 -1
80 129 1
80 144 -1
80 147 -1
80 148 1
80 149 1
80 150 -1
81 83 1
81 84 -1
81 87 -1
81 88 -1
81 89 1
81 91 -1
81 94 -1
81 96 -1
81 97 -1
81 100 -1
81 102 -1
81 105 -1
81 110 -1
81 111 -1
81 112 -1
81 115 1
81 116 -1
81 121 -1
81 125 -1
81 128 -1
81 129 -1
81 134 -1
81 135 -1
81 137 -1
81 140 -1
81 142 -1
81 145 1
81 147 -1
81 149 -1
82 84 -1
82 87 1
82 88 -1
82 89 -1
82 90 -1
82 91 -1
82 92 1
82 94 1
82 100 -1
82 101 -1
82 103 -1
82 105 -1
82 107 -1
82 111 -1
82 113 -1
82 114 -1
82 116 -1
82 117 1
82 122 -1
82 124 -1
82 126 -1
82 132 1
82 133 -1
82 134 -1
82 136 -1
82 137 -1
82 138 -1
82 142 -1
82 145 -1
82 146 -1
82 147 1
82 149 1
82 150 -1
83 85 -1
83 89 1
83 90 -1
83 91 -1
83 93 -1
83 95 -1
83 99 -1
83 101 -1
83 108 -1
83 109 -1
83 113 -1
83 115 1
83 118 -1
83 120 -1
83 121 -1
83 122 -1
83 124 -1
83 125 -1
83 129 -1
83 131 -1
83 132 -1
83 134 -1
83 136 -1
83 138 -1
83 140 -1
83 145 1
83 146 -1
83 147 -1
83 149 -1
84 85 -1
84 87 -1
84 88 1
84 90 -1
84 92 -1
84 93 -1
84 94 -1
84 96 1
84 97 1
84 100 -1
84 101 -1
84 104 -1
84 106 1
84 109 -1
84 110 -1
84 111 -1
84 112 -1
84 113 -1
84 114 -1
84 115 -1
84 116 -1
84 117 -1
84 118 -1
84 121 -1
84 123 1
84 124 1
84 125 1
84 127 -1
84 128 1
84 129 -1
84 134 -1
84 136 -1
84 137 1
84 138 -1
84 142 1
84 144 -1
84 146 1
85 93 -1
85 99 1
85 102 -1
85 105 -1
85 108 -1
85 109 1
85 110 -1
85 111 1
85 115 -1
85 118 -1
85 119 1
85 120 -1
85 121 -1
85 125 -1
85 127 -1
85 129 -1
85 130 -1
85 133 -1
85 138 1
85 140 1
85 141 1
85 143 -1
85 146 -1
85 148 -1
85 149 -1
85 150 1
86 88 -1
86 90 1
86 91 -1
86 94 -1
86 97 -1
86 98 -1
86 99 -1
86 100 -1
86 101 -1
86 102 -1
86 105 -1
86 110 1
86 112 -1
86 117 -1
86 118 -1
86 119 -1
86 120 -1
86 122 -1
86 126 1
86 127 -1
86 128 -1
86 129 -1
86 131 1
86 132 -1
86 134 -1
86 137 -1
86 138 -1
86 140 -1
86 141 -1
86 142 -1
86 144 1
86 145 -1
87 88 -1
87 92 1
87 94 1
87 95 -1
87 96 -1
87 97 -1
87 98 -1
87 101 -1
87 103 -1
87 104 -1
87 105 -1
87 106 -1
87 107 -1
87 109 -1
87 111 -1
87 113 -1
87 114 -1
87 117 1
87 119 -1
87 125 -1
87 126 -1
87 127 -1
87 129 -1
87 130 -1
87 131 -1
87 132 1
87 135 -1
87 136 -1
87 137 -1
87 138 -1
87 141 -1
87 142 -1
87 144 -1
87 147 1
88 91 -1
88 92 -1
88 95 -1
88 96 1
88 97 1
88 98 -1
88 101 -1
88 105 -1
88 106 1
88 109 -1
88 110 -1
88 111 -1
88 112 -1
88 114 -1
88 115 -1
88 118 -1
88 120 -1
88 122 -1
88 123 1
88 124 1
88 125 1
88 128 1
88 129 -1
88 130 -1
88 135 -1
88 136 -1
88 137 1
88 139 -1
88 140 -1
88 142 1
88 143 -1
88 146 1
88 147 -1
89 91 -1
89 95 -1
89 99 -1
89 100 -1
89 101 -1
89 103 -1
89 105 -1
89 106 -1
89 108 -1
89 110 -1
89 112 -1
89 115 1
89 120 -1
89 122 -1
89 123 -1
89 137 -1
89 138 -1
89 139 -1
89 142 -1
89 144 -1
89 145 1
89 148 -1
89 150 -1
90 91 -1
90 92 1
90 93 -1
90 98 -1
90 102 -1
90 103 -1
90 104 -1
90 106 -1
90 109 -1
90 110 1
90 113 -1
90 114 -1
90 115 -1
90 116 -1
90 117 -1
90 120 -1
90 123 -1
90 130 -1
90 132 -1
90 133 -1
90 134 -1
90 136 -1
90 137 -1
90 139 -1
90 144 1
90 145 -1
90 146 -1
90 147 1
90 148 -1
90 150 -1
91 93 -1
91 94 -1
91 95 -1
91 98 1
91 99 -1
91 100 -1
91 101 -1
91 102 -1
91 103 -1
91 107 -1
91 108 1
91 109 -1
91 112 1
91 114 -1
91 116 -1
91 117 -1
91 119 -1
91 121 1
91 122 1
91 124 -1
91 125 -1
91 126 -1
91 130 -1
91 132 -1
91 135 1
91 138 -1
91 139 1
91 140 -1
91 141 -1
91 143 1
91 144 -1
91 145 -1
92 94 1
92 96 -1
92 97 -1
92 99 -1
92 101 -1
92 102 -1
92 103 -1
92 104 -1
92 105 -1
92 106 -1
92 108 -1
92 109 -1
92 112 -1
92 113 -1
92 115 -1
92 116 -1
92 117 1
92 118 -1
92 122 -1
92 124 -1
92 127 -1
92 130 -1
92 132 1
92 134 -1
92 135 -1
92 136 -1
92 139 -1
92 141 -1
92 145 -1
92 146 -1
92 147 1
92 149 -1
92 150 -1
93 97 -1
93 102 -1
93 105 -1
93 106 -1
93 114 -1
93 118 -1
93 120 1
93 121 -1
93 123 -1
93 124 -1
93 126 1
93 128 -1
93 129 -1
93 130 1
93 131 1
93 132 -1
93 133 1
93 134 -1
93 138 1
93 139 -1
93 140 1
93 142 -1
93 143 -1
93 144 1
93 145 -1
93 146 -1
93 147 -1
93 150 -1
94 98 -1
94 103 -1
94 105 -1
94 107 -1
94 109 -1
94 111 -1
94 112 -1
94 115 -1
94 117 1
94 118 -1
94 119 -1
94 123 -1
94 124 -1
94 126 -1
94 127 -1
94 128 -1
94 129 -1
94 130 -1
94 132 1
94 134 -1
94 137 -1
94 138 -1
94 140 -1
94 142 -1
94 145 -1
94 147 1
94 148 -1
94 149 1
95 96 -1
95 97 -1
95 100 1
95 101 -1
95 102 -1
95 103 1
95 105 1
95 106 -1
95 107 -1
95 108 -1
95 111 -1
95 112 -1
95 113 1
95 116 1
95 125 -1
95 126 -1
95 129 -1
95 130 -1
95 131 -1
95 133 -1
95 134 1
95 135 -1
95 136 1
95 137 -1
95 138 -1
95 140 -1
95 141 -1
95 142 -1
95 143 -1
95 145 -1
95 146 -1
96 97 1
96 98 -1
96 103 -1
96 104 -1
96 105 -1
96 106 1
96 107 -1
96 108 1
96 109 -1
96 112 -1
96 116 -1
96 117 -1
96 119 -1
96 122 -1
96 123 1
96 124 -1
96 125 1
96 126 -1
96 127 -1
96 128 1
96 129 -1
96 131 -1
96 134 -1
96 137 1
96 138 -1
96 139 -1
96 140 -1
96 142 1
96 144 -1
96 146 1
96 148 -1
97 99 -1
97 100 -1
97 103 -1
97 104 -1
97 105 -1
97 106 1
97 108 -1
97 110 -1
97 113 -1
97 114 -1
97 118 -1
97 121 -1
97 123 1
97 124 1
97 125 1
97 131 -1
97 132 -1
97 133 -1
97 134 -1
97 137 1
97 138 -1
97 142 1
97 143 -1
97 145 -1
97 146 1
97 147 -1
97 148 -1
98 99 -1
98 103 -1
98 106 -1
98 107 -1
98 108 1
98 109 -1
98 110 -1
98 112 1
98 114 -1
98 115 -1
98 117 -1
98 120 -1
98 121 1
98 122 1
98 124 -1
98 125 -1
98 128 1
98 131 -1
98 134 -1
98 135 1
98 136 -1
98 138 -1
98 139 1
98 141 -1
98 142 -1
98 143 1
98 144 -1
99 100 1
99 101 -1
99 105 1
99 108 -1
99 110 -1
99 111 1
99 112 -1
99 113 -1
99 115 -1
99 116 1
99 117 -1
99 119 1
99 126 -1
99 128 -1
99 129 -1
99 133 -1
99 134 -1
99 135 -1
99 136 1
99 141 1
99 143 -1
99 148 -1
99 149 -1
99 150 1
100 102 -1
100 103 1
100 105 1
100 107 -1
100 108 -1
100 109 -1
100 111 1
100 113 1
100 116 1
100 117 -1
100 118 -1
100 119 1
100 122 -1
100 124 -1
100 125 -1
100 127 -1
100 129 -1
100 130 -1
100 134 1
100 135 -1
100 136 1
100 143 -1
100 145 -1
100 147 -1
100 148 -1
100 150 1
101 103 -1
101 106 1
101 107 -1
101 110 -1
101 111 -1
101 115 -1
101 118 -1
101 124 1
101 126 -1
101 129 -1
101 130 -1
101 133 -1
101 134 -1
101 136 -1
101 139 -1
101 143 -1
101 144 -1
101 145 -1
101 146 1
101 147 -1
102 103 -1
102 104 1
102 106 -1
102 107 1
102 108 -1
102 110 -1
102 111 -1
102 112 -1
102 114 -1
102 115 -1
102 116 -1
102 118 1
102 124 -1
102 125 -1
102 127 1
102 129 1
102 133 -1
102 134 -1
102 135 -1
102 138 -1
102 139 -1
102 143 -1
102 146 -1
102 147 -1
102 150 -1
103 104 -1
103 105 1
103 113 1
103 115 -1
103 116 1
103 118 -1
103 119 -1
103 121 -1
103 124 -1
103 125 -1
103 130 -1
103 131 -1
103 134 1
103 135 -1
103 136 1
103 142 -1
103 145 -1
103 147 -1
103 148 -1
103 149 -1
103 150 -1
104 107 1
104 110 -1
104 111 -1
104 112 -1
104 116 -1
104 118 1
104 121 -1
104 122 -1
104 124 -1
104 127 1
104 131 -1
104 132 -1
104 139 -1
104 140 -1
104 141 -1
104 145 1
104 146 -1
104 149 -1
104 150 -1
105 106 -1
105 108 -1
105 109 -1
105 110 -1
105 111 1
105 112 -1
105 113 1
105 114 -1
105 116 1
105 120 -1
105 121 -1
105 122 -1
105 123 -1
105 124 -1
105 125 -1
105 130 -1
105 133 -1
105 134 1
105 136 1
105 139 -1
105 140 -1
105 141 -1
105 142 -1
105 143 -1
105 145 -1
105 150 -1
106 108 -1
106 111 -1
106 114 -1
106 116 -1
106 117 -1
106 118 -1
106 123 1
106 124 1
106 125 1
106 127 -1
106 129 -1
106 130 -1
106 132 -1
106 133 -1
106 134 -1
106 135 -1
106 136 -1
106 138 -1
106 141 -1
106 142 1
106 146 1
106 148 -1
107 110 -1
107 112 -1
107 114 -1
107 116 -1
107 118 1
107 119 -1
107 121 -1
107 122 -1
107 125 -1
107 127 1
107 128 -1
107 129 -1
107 130 -1
107 131 -1
107 133 -1
107 135 -1
107 136 -1
107 139 -1
107 141 -1
107 142 -1
107 143 -1
107 144 -1
107 145 1
107 146 -1
107 147 -1
107 150 -1
108 110 -1
108 112 1
108 113 -1
108 115 -1
108 117 -1
108 118 -1
108 119 -1
108 121 1
108 122 1
108 125 -1
108 128 1
108 130 -1
108 134 -1
108 135 1
108 137 1
108 138 -1
108 139 1
108 140 -1
108 142 1
108 143 1
108 149 -1
109 111 -1
109 112 -1
109 115 -1
109 118 -1
109 120 1
109 122 -1
109 123 -1
109 124 -1
109 125 -1
109 127 -1
109 130 1
109 131 -1
109 132 -1
109 136 -1
109 137 -1
109 138 1
109 139 -1
109 140 1
109 141 1
109 145 -1
109 146 -1
109 147 -1
109 148 -1
109 149 -1
109 150 -1
110 111 -1
110 114 -1
110 116 -1
110 121 -1
110 122 -1
110 123 -1
110 126 -1
110 128 -1
110 130 -1
110 131 -1
110 132 -1
110 135 -1
110 136 -1
110 137 -1
110 138 -1
110 141 -1
110 143 -1
110 144 1
110 147 -1
110 148 -1
110 150 -1
111 114 -1
111 115 -1
111 116 1
111 118 -1
111 119 1
111 120 -1
111 121 -1
111 123 -1
111 124 -1
111 127 -1
111 128 -1
111 130 -1
111 131 -1
111 132 -1
111 133 -1
111 135 -1
111 136 1
111 137 -1
111 138 -1
111 141 1
111 143 -1
111 149 -1
111 150 1
112 113 -1
112 116 -1
112 117 -1
112 119 -1
112 121 1
112 122 1
112 126 -1
112 128 1
112 130 -1
112 133 -1
112 134 -1
112 135 1
112 137 1
112 139 1
112 140 -1
112 141 -1
112 143 1
113 115 -1
113 116 1
113 118 -1
113 120 -1
113 122 -1
113 127 -1
113 131 -1
113 134 1
113 136 1
113 138 -1
113 142 -1
113 145 -1
113 148 -1
114 115 -1
114 119 -1
114 120 -1
114 121 -1
114 122 -1
114 123 -1
114 129 1
114 130 -1
114 131 -1
114 138 -1
114 140 -1
114 142 -1
114 143 -1
114 144 -1
114 145 -1
114 146 -1
114 147 -1
114 148 1
114 149 1
114 150 -1
115 116 -1
115 118 -1
115 119 -1
115 121 -1
115 123 -1
115 124 -1
115 130 -1
115 132 -1
115 136 -1
115 138 -1
115 139 -1
115 140 -1
115 142 -1
115 143 -1
115 145 1
115 147 -1
115 148 -1
115 150 -1
116 118 -1
116 119 -1
116 121 -1
116 126 -1
116 128 -1
116 129 -1
116 131 -1
116 133 -1
116 134 1
116 136 1
116 139 -1
116 143 -1
116 144 -1
116 145 -1
116 146 -1
116 148 -1
116 149 -1
117 121 -1
117 122 -1
117 126 -1
117 127 -1
117 128 -1
117 129 -1
117 131 -1
117 132 1
117 133 -1
117 135 -1
117 138 -1
117 139 -1
117 142 -1
117 143 -1
117 145 -1
117 147 1
117 148 -1
118 119 -1
118 121 -1
118 124 -1
118 127 1
118 128 -1
118 129 -1
118 130 -1
118 134 -1
118 136 -1
118 140 -1
118 141 -1
118 146 -1
118 149 -1
119 122 -1
119 124 -1
119 127 -1
119 128 -1
119 129 -1
119 130 -1
119 131 -1
119 132 -1
119 136 1
119 141 1
119 142 -1
119 147 -1
119 148 -1
119 149 -1
119 150 1
120 124 -1
120 125 -1
120 126 -1
120 127 -1
120 128 -1
120 129 -1
120 130 1
120 131 1
120 133 1
120 134 -1
120 138 1
120 140 1
120 141 1
120 146 -1
120 148 -1
120 149 -1
120 150 -1
121 122 1
121 123 -1
121 126 -1
121 128 -1
121 130 -1
121 134 -1
121 135 1
121 139 1
121 141 -1
121 142 -1
121 143 1
121 144 -1
121 147 -1
121 148 -1
122 123 -1
122 127 -1
122 132 -1
122 135 1
122 139 1
122 140 -1
122 141 -1
122 142 -1
122 143 1
122 144 -1
122 145 -1
122 146 -1
122 147 -1
122 149 -1
123 124 1
123 125 1
123 126 -1
123 127 -1
123 128 1
123 130 -1
123 131 -1
123 134 -1
123 137 1
123 139 -1
123 140 -1
123 141 -1
123 142 1
123 144 -1
123 146 1
123 147 -1
123 150 -1
124 125 1
124 126 -1
124 127 -1
124 129 -1
124 131 -1
124 135 -1
124 137 -1
124 139 -1
124 140 -1
124 142 -1
124 144 -1
124 145 -1
124 146 1
124 147 -1
124 148 -1
124 150 -1
125 126 -1
125 127 -1
125 128 1
125 129 -1
125 130 -1
125 135 -1
125 136 -1
125 137 1
125 140 -1
125 142 1
125 143 -1
125 145 -1
125 146 1
125 147 -1
125 149 -1
126 129 -1
126 131 1
126 132 -1
126 133 1
126 134 -1
126 136 -1
126 137 -1
126 140 -1
126 142 -1
126 144 1
126 150 -1
127 129 1
127 133 -1
127 141 -1
127 142 -1
127 144 -1
127 145 -1
127 149 -1
128 129 -1
128 130 -1
128 131 -1
128 132 -1
128 133 -1
128 135 1
128 137 1
128 139 1
128 140 -1
128 142 1
128 143 -1
128 144 -1
128 146 -1
128 147 -1
128 149 -1
128 150 -1
129 131 -1
129 134 -1
129 136 -1
129 138 -1
129 139 -1
129 142 -1
129 147 -1
129 148 1
130 131 1
130 132 -1
130 133 1
130 134 -1
130 135 -1
130 136 -1
130 137 -1
130 138 1
130 140 1
130 141 1
130 142 -1
130 147 -1
130 150 -1
131 132 -1
131 133 1
131 136 -1
131 137 -1
131 139 -1
131 140 -1
131 142 -1
131 144 1
131 145 -1
132 133 -1
132 134 -1
132 135 -1
132 137 -1
132 140 -1
132 142 -1
132 143 -1
132 144 -1
132 147 1
132 149 1
132 150 -1
133 135 -1
133 137 -1
133 139 -1
133 140 1
133 144 1
133 148 -1
134 135 -1
134 136 1
134 143 -1
134 144 -1
134 145 -1
134 148 -1
134 149 -1
134 150 -1
135 137 1
135 139 1
135 141 -1
135 142 -1
135 143 1
135 145 -1
135 148 -1
136 137 -1
136 138 -1
136 140 -1
136 141 -1
136 142 -1
136 145 -1
136 147 -1
136 149 -1
136 150 -1
137 140 -1
137 142 1
137 143 -1
137 147 -1
137 148 -1
137 149 -1
138 139 -1
138 140 1
138 141 1
138 142 -1
138 143 -1
138 147 -1
138 148 -1
138 149 -1
139 143 1
139 144 -1
139 146 -1
140 141 1
140 142 -1
140 143 -1
140 145 -1
140 147 -1
140 149 -1
141 142 -1
141 144 -1
141 146 -1
141 148 -1
141 150 1
142 143 -1
142 144 -1
142 145 -1
142 149 -1
142 150 -1
143 144 -1
143 146 -1
143 147 -1
143 148 -1
143 149 -1
144 148 -1
144 150 -1
145 146 -1
145 148 -1
145 149 -1
147 148 -1
147 149 -1
147 150 -1
148 149 1
148 150 -1
149 150 -1
