vertices: 110 edges: 1257
1 13 1
1 19 1
1 21 1
1 38 1
1 40 1
1 41 -1
1 44 1
1 47 1
1 51 1
1 52 -1
1 53 1
1 57 1
1 59 1
1 60 1
1 61 1
1 68 -1
1 69 1
1 70 -1
1 73 -1
1 75 1
1 76 1
1 81 1
1 87 -1
1 89 1
1 96 1
1 98 1
1 107 1
1 109 1
2 3 1
2 5 1
2 20 1
2 22 1
2 28 1
2 31 1
2 33 1
2 36 1
2 41 1
2 42 1
2 45 1
2 52 1
2 62 1
2 66 1
2 67 1
2 73 1
2 77 1
2 84 -1
2 94 1
2 102 1
2 108 1
3 5 1
3 6 1
3 20 -1
3 22 1
3 28 1
3 32 1
3 33 1
3 36 1
3 37 1
3 41 1
3 42 1
3 45 1
3 62 1
3 66 1
3 67 1
3 77 1
3 82 1
3 91 1
3 102 1
3 104 -1
4 8 1
4 14 1
4 25 1
4 27 1
4 28 -1
4 34 1
4 39 1
4 45 -1
4 48 1
4 56 -1
4 68 -1
4 70 1
4 74 1
4 78 1
4 83 1
4 84 -1
4 86 1
4 100 1
4 101 1
4 110 1
5 10 -1
5 18 -1
5 22 1
5 28 1
5 31 1
5 33 1
5 36 1
5 39 -1
5 41 1
5 42 1
5 45 1
5 53 -1
5 62 1
5 66 1
5 67 1
5 73 1
5 77 1
5 82 1
5 85 -1
5 91 1
5 94 1
5 102 1
5 108 1
5 109 -1
6 18 1
6 28 1
6 32 1
6 33 1
6 36 1
6 37 1
6 45 1
6 59 -1
6 62 1
6 64 1
6 67 1
6 82 1
6 85 -1
6 90 1
6 91 1
6 93 -1
6 95 1
6 102 1
6 103 1
7 9 1
7 10 1
7 12 1
7 13 1
7 17 1
7 23 1
7 38 1
7 40 1
7 47 1
7 50 1
7 52 -1
7 54 1
7 56 1
7 57 1
7 63 1
7 71 1
7 72 1
7 76 1
7 77 -1
7 79 1
7 87 -1
7 88 -1
7 89 1
7 109 1
7 110 -1
8 9 1
8 12 1
8 14 1
8 20 -1
8 25 1
8 27 1
8 34 1
8 38 -1
8 39 1
8 50 1
8 56 1
8 58 1
8 63 1
8 70 1
8 74 1
8 78 1
8 83 1
8 86 1
8 90 -1
8 100 1
8 101 1
8 105 1
8 110 1
9 10 1
9 12 1
9 13 1
9 17 1
9 23 1
9 30 -1
9 35 -1
9 45 -1
9 50 1
9 54 1
9 56 1
9 58 1
9 60 -1
9 61 -1
9 63 1
9 71 1
9 72 1
9 73 -1
9 74 1
9 78 1
9 79 1
9 93 -1
9 105 1
9 109 -1
9 110 1
10 13 1
10 17 1
10 23 1
10 38 1
10 40 1
10 47 1
10 50 1
10 54 1
10 56 1
10 57 1
10 63 1
10 71 1
10 72 1
10 76 1
10 77 -1
10 79 1
10 81 1
10 87 -1
10 89 1
10 109 1
11 15 1
11 16 1
11 17 -1
11 26 1
11 30 1
11 37 -1
11 43 -1
11 44 1
11 51 1
11 61 1
11 65 1
11 68 1
11 80 1
11 85 1
11 88 1
11 91 -1
11 92 1
11 93 1
11 96 1
11 98 1
11 99 1
11 104 1
12 14 1
12 23 -1
12 25 1
12 27 1
12 34 1
12 39 1
12 44 -1
12 50 1
12 56 1
12 58 1
12 63 1
12 70 1
12 71 -1
12 74 1
12 78 1
12 79 1
12 83 1
12 86 1
12 91 -1
12 100 1
12 101 1
12 105 1
12 110 1
13 17 1
13 21 1
13 23 1
13 29 -1
13 35 -1
13 38 1
13 40 1
13 47 1
13 48 -1
13 50 1
13 53 1
13 54 1
13 57 1
13 59 1
13 60 1
13 63 1
13 71 1
13 72 1
13 76 1
13 79 1
13 81 1
13 89 1
13 98 -1
13 107 1
13 109 1
14 25 1
14 27 1
14 32 -1
14 34 1
14 36 -1
14 38 -1
14 39 1
14 48 1
14 49 -1
14 58 1
14 59 -1
14 60 -1
14 69 -1
14 70 1
14 74 1
14 77 -1
14 78 1
14 81 -1
14 83 1
14 86 1
14 95 -1
14 100 1
14 101 1
14 105 1
14 110 1
15 16 1
15 26 1
15 27 -1
15 30 1
15 44 1
15 51 1
15 61 1
15 65 1
15 68 1
15 69 1
15 85 1
15 88 1
15 89 -1
15 93 1
15 96 1
15 98 1
15 99 -1
15 103 -1
15 104 1
16 26 1
16 30 1
16 42 -1
16 44 1
16 46 1
16 61 1
16 65 1
16 68 1
16 80 1
16 85 1
16 88 1
16 92 1
16 93 1
16 96 1
16 98 1
16 99 1
16 104 1
16 109 -1
17 23 1
17 38 1
17 40 1
17 47 1
17 50 1
17 54 1
17 56 1
17 57 1
17 63 1
17 65 -1
17 71 1
17 72 1
17 76 1
17 79 1
17 89 1
17 109 1
18 29 1
18 32 1
18 37 1
18 43 1
18 55 1
18 64 1
18 84 1
18 90 1
18 95 1
18 98 -1
18 103 1
18 106 1
19 21 1
19 38 1
19 40 1
19 44 1
19 47 1
19 51 1
19 52 -1
19 53 1
19 57 1
19 59 1
19 60 1
19 61 1
19 62 -1
19 67 -1
19 69 1
19 75 1
19 76 1
19 81 1
19 85 -1
19 89 1
19 96 1
19 98 1
19 107 1
19 109 1
20 22 1
20 23 -1
20 24 1
20 31 1
20 35 1
20 41 1
20 42 1
20 46 1
20 47 -1
20 49 1
20 52 1
20 66 1
20 68 -1
20 73 1
20 77 1
20 80 1
20 87 1
20 92 1
20 94 1
20 99 1
20 102 -1
20 108 1
21 26 -1
21 38 1
21 40 1
21 44 1
21 47 1
21 51 1
21 53 1
21 57 1
21 59 1
21 60 1
21 61 1
21 69 1
21 70 -1
21 75 1
21 76 1
21 81 1
21 89 1
21 92 -1
21 100 -1
21 105 -1
21 107 1
21 109 1
22 28 1
22 29 -1
22 31 1
22 33 1
22 36 1
22 41 1
22 42 1
22 45 1
22 62 1
22 66 1
22 67 1
22 72 -1
22 73 1
22 77 1
22 81 -1
22 82 1
22 84 -1
22 87 -1
22 94 1
22 102 1
22 103 -1
22 108 1
23 24 -1
23 38 1
23 40 1
23 47 1
23 50 1
23 53 1
23 54 1
23 57 1
23 59 -1
23 60 1
23 63 1
23 71 1
23 72 1
23 76 1
23 79 1
23 81 1
23 89 1
23 104 -1
23 107 1
23 109 1
24 27 -1
24 31 1
24 35 1
24 46 1
24 49 1
24 52 1
24 54 -1
24 56 -1
24 66 -1
24 71 -1
24 73 1
24 76 -1
24 80 1
24 85 1
24 87 1
24 92 1
24 93 1
24 94 1
24 99 1
24 108 1
25 27 1
25 31 -1
25 32 -1
25 34 1
25 39 1
25 44 -1
25 46 -1
25 48 1
25 56 1
25 58 1
25 64 -1
25 70 1
25 74 1
25 78 1
25 80 -1
25 83 1
25 86 1
25 100 1
25 101 1
25 105 1
25 110 1
26 30 1
26 43 -1
26 44 1
26 51 1
26 61 1
26 65 1
26 68 1
26 69 1
26 75 -1
26 85 1
26 88 1
26 93 1
26 96 1
26 98 1
26 104 1
27 34 1
27 39 1
27 48 1
27 58 1
27 70 1
27 74 1
27 78 1
27 83 1
27 86 1
27 94 -1
27 97 -1
27 100 1
27 101 1
27 105 1
27 110 1
28 31 1
28 32 1
28 33 1
28 36 1
28 37 1
28 41 1
28 42 1
28 45 1
28 62 1
28 66 1
28 67 1
28 72 -1
28 77 1
28 82 1
28 91 1
28 94 -1
28 97 -1
28 102 1
29 31 -1
29 32 1
29 43 1
29 50 -1
29 55 1
29 64 1
29 84 1
29 90 1
29 95 1
29 97 1
29 103 1
29 106 1
29 107 -1
30 31 -1
30 34 -1
30 44 1
30 45 -1
30 51 1
30 52 -1
30 61 1
30 65 1
30 68 1
30 69 1
30 84 -1
30 85 1
30 86 -1
30 88 1
30 93 1
30 96 1
30 98 1
30 99 -1
30 104 1
31 35 1
31 36 1
31 41 1
31 42 1
31 45 1
31 46 -1
31 52 1
31 62 1
31 66 1
31 67 1
31 73 1
31 77 1
31 79 -1
31 84 -1
31 94 1
31 108 1
32 33 1
32 34 -1
32 37 1
32 39 -1
32 55 1
32 64 1
32 77 -1
32 81 -1
32 82 1
32 84 -1
32 90 1
32 91 1
32 95 1
32 96 -1
32 102 1
32 103 1
32 106 1
33 34 -1
33 36 1
33 37 1
33 41 1
33 42 1
33 45 1
33 62 1
33 66 1
33 67 1
33 69 -1
33 77 1
33 82 1
33 91 1
33 102 1
34 39 1
34 48 1
34 58 1
34 61 -1
34 70 1
34 74 1
34 78 1
34 83 1
34 86 1
34 87 -1
34 100 1
34 101 1
34 105 1
34 110 1
35 46 1
35 49 1
35 52 1
35 60 -1
35 73 1
35 80 1
35 87 1
35 92 1
35 93 1
35 94 1
35 99 1
35 108 1
36 41 1
36 42 1
36 45 1
36 55 -1
36 62 1
36 66 1
36 67 1
36 72 -1
36 73 1
36 77 1
36 82 1
36 91 1
36 93 -1
36 94 1
36 102 1
36 108 1
36 109 -1
37 51 -1
37 55 1
37 64 1
37 82 1
37 90 1
37 91 1
37 92 -1
37 95 1
37 102 1
37 103 1
38 40 1
38 47 1
38 51 1
38 53 1
38 54 1
38 57 1
38 59 1
38 60 1
38 61 -1
38 69 1
38 71 1
38 72 1
38 75 1
38 76 1
38 77 -1
38 79 1
38 81 1
38 89 1
38 106 -1
38 107 1
38 109 1
39 48 1
39 56 1
39 58 1
39 70 1
39 74 1
39 78 1
39 82 -1
39 83 1
39 86 1
39 100 1
39 101 1
39 105 1
39 110 1
40 47 1
40 50 1
40 53 1
40 54 1
40 57 1
40 59 1
40 60 1
40 71 1
40 72 1
40 75 1
40 76 1
40 79 1
40 81 1
40 89 1
40 99 -1
40 107 1
40 109 1
41 42 1
41 45 1
41 49 -1
41 62 1
41 66 1
41 67 1
41 73 1
41 77 1
41 82 1
41 91 1
41 94 1
41 102 1
41 108 1
42 43 -1
42 45 1
42 53 -1
42 62 1
42 63 -1
42 66 1
42 67 1
42 73 1
42 77 1
42 82 1
42 83 -1
42 90 -1
42 94 1
42 102 1
42 108 1
43 55 1
43 64 1
43 84 1
43 90 1
43 95 1
43 97 1
43 103 1
43 106 1
44 51 1
44 53 1
44 59 1
44 60 1
44 61 1
44 65 1
44 68 1
44 69 1
44 75 1
44 80 -1
44 81 1
44 88 1
44 96 1
44 98 1
44 99 -1
44 104 1
44 105 -1
44 107 1
44 109 -1
45 47 -1
45 62 1
45 66 1
45 67 1
45 73 1
45 77 1
45 82 1
45 87 -1
45 91 1
45 94 1
45 102 1
45 105 -1
45 108 1
46 49 1
46 52 1
46 65 1
46 67 -1
46 80 1
46 85 1
46 87 1
46 88 1
46 91 -1
46 92 1
46 93 1
46 99 1
47 53 1
47 54 1
47 57 1
47 59 1
47 60 1
47 69 1
47 71 1
47 72 1
47 75 1
47 76 1
47 79 1
47 81 1
47 89 1
47 107 1
47 109 1
48 63 -1
48 70 1
48 83 1
48 85 -1
48 86 1
48 92 -1
48 100 1
48 101 1
49 52 1
49 63 -1
49 67 -1
49 73 1
49 80 1
49 85 1
49 87 1
49 91 -1
49 92 1
49 93 1
49 96 -1
49 99 1
50 54 1
50 56 1
50 58 1
50 62 -1
50 63 1
50 71 1
50 72 1
50 74 1
50 76 1
50 79 1
50 102 -1
50 105 1
50 108 -1
50 110 1
51 53 1
51 59 1
51 60 1
51 61 1
51 65 1
51 68 1
51 69 1
51 75 1
51 81 1
51 89 1
51 91 -1
51 96 1
51 98 1
51 104 1
51 107 1
51 109 1
52 73 1
52 78 -1
52 80 1
52 85 -1
52 87 1
52 92 1
52 94 1
52 99 1
52 103 -1
52 108 1
52 109 -1
53 57 1
53 59 1
53 60 1
53 61 1
53 69 1
53 75 1
53 76 1
53 81 1
53 83 -1
53 89 1
53 107 1
53 109 1
54 56 1
54 57 1
54 61 -1
54 63 1
54 64 -1
54 71 1
54 72 1
54 76 1
54 77 -1
54 79 1
54 89 1
54 96 -1
54 105 -1
54 109 1
55 61 -1
55 64 1
55 80 -1
55 84 1
55 90 1
55 92 -1
55 95 1
55 103 1
55 106 1
56 58 1
56 63 1
56 70 1
56 71 1
56 72 1
56 74 1
56 78 1
56 79 1
56 100 1
56 101 1
56 105 1
56 110 1
57 59 1
57 60 1
57 69 1
57 71 1
57 72 1
57 75 1
57 76 1
57 79 1
57 81 1
57 89 1
57 91 -1
57 104 -1
57 107 1
57 109 1
58 60 -1
58 63 1
58 70 1
58 74 1
58 78 1
58 79 1
58 83 1
58 86 1
58 88 -1
58 100 1
58 101 1
58 105 1
58 110 1
59 60 1
59 61 1
59 68 -1
59 69 1
59 75 1
59 76 1
59 81 1
59 89 1
59 103 -1
59 107 1
59 109 1
60 62 -1
60 63 -1
60 69 1
60 71 1
60 72 1
60 75 1
60 76 1
60 80 -1
60 81 1
60 89 1
60 99 -1
60 100 -1
60 107 1
60 109 1
61 65 1
61 68 1
61 69 1
61 70 -1
61 75 1
61 82 -1
61 88 1
61 96 1
61 98 1
61 104 1
62 66 1
62 67 1
62 73 1
62 77 1
62 82 1
62 91 1
62 94 1
62 102 1
62 108 1
63 71 1
63 72 1
63 74 1
63 78 1
63 79 1
63 105 1
63 110 1
64 67 -1
64 84 1
64 90 1
64 95 1
64 103 1
64 106 1
65 68 1
65 80 1
65 85 1
65 88 1
65 92 1
65 93 1
65 96 1
65 98 1
65 99 1
65 100 -1
65 104 1
65 105 -1
65 110 -1
66 67 1
66 73 1
66 77 1
66 82 1
66 91 1
66 94 1
66 102 1
66 108 1
66 110 -1
67 73 1
67 77 1
67 82 1
67 91 1
67 94 1
67 102 1
67 108 1
68 69 1
68 75 1
68 85 1
68 88 1
68 93 1
68 96 1
68 98 1
68 100 -1
68 104 1
68 108 -1
69 75 1
69 81 1
69 85 -1
69 89 1
69 96 1
69 98 1
69 107 1
69 109 1
70 74 1
70 78 1
70 83 1
70 86 1
70 95 -1
70 100 1
70 101 1
70 105 1
70 110 1
71 72 1
71 76 1
71 79 1
71 81 1
71 88 -1
71 89 1
71 96 -1
71 109 1
72 76 1
72 79 1
72 81 1
72 82 -1
72 83 -1
72 89 1
72 90 -1
72 109 1
73 74 -1
73 77 1
73 87 1
73 94 1
73 108 1
74 78 1
74 83 1
74 86 1
74 93 -1
74 95 -1
74 100 1
74 101 1
74 105 1
74 110 1
75 76 1
75 81 1
75 89 1
75 96 1
75 98 1
75 104 -1
75 107 1
75 109 1
76 79 1
76 81 1
76 82 -1
76 84 -1
76 89 1
76 95 -1
76 107 1
76 109 1
77 82 1
77 91 1
77 93 -1
77 94 1
77 102 1
77 108 1
78 83 1
78 86 1
78 100 1
78 101 1
78 105 1
78 110 1
79 89 1
79 106 -1
79 109 1
80 85 1
80 87 1
80 88 1
80 92 1
80 93 1
80 99 1
80 109 -1
81 89 1
81 107 1
81 109 1
81 110 -1
82 91 1
82 102 1
83 86 1
83 90 -1
83 100 1
83 101 1
83 105 1
83 110 1
84 90 1
84 95 1
84 97 1
84 102 -1
84 103 1
84 104 -1
84 106 1
85 87 1
85 88 1
85 92 1
85 93 1
85 96 1
85 98 1
85 99 1
85 104 1
86 90 -1
86 100 1
86 101 1
86 105 1
86 110 1
87 92 1
87 93 1
87 94 1
87 99 1
88 92 1
88 93 1
88 96 1
88 98 1
88 99 1
88 104 1
89 107 1
89 109 1
90 95 1
90 100 -1
90 103 1
90 106 1
91 102 1
91 103 1
92 93 1
92 98 -1
92 99 1
93 99 1
93 104 1
93 106 -1
94 104 -1
94 107 -1
94 108 1
95 103 1
95 106 1
95 108 -1
95 110 -1
96 98 1
96 99 -1
96 104 1
97 106 1
97 109 -1
98 102 -1
98 104 1
100 101 1
100 105 1
100 110 1
101 105 1
101 110 1
103 106 1
105 110 1
107 109 1
109 110 -1
