vertices: 130 edges: 1785
1 2 1
1 9 1
1 16 1
1 23 1
1 24 1
1 28 1
1 34 1
1 37 -1
1 41 1
1 50 -1
1 52 1
1 55 1
1 56 1
1 59 1
1 67 1
1 68 1
1 75 1
1 82 -1
1 86 1
1 94 -1
1 97 1
1 99 -1
1 101 1
1 105 1
1 115 1
1 116 1
1 118 1
1 121 1
1 127 1
2 7 1
2 12 1
2 18 1
2 22 1
2 23 1
2 28 1
2 34 1
2 46 1
2 53 -1
2 66 1
2 67 1
2 68 1
2 86 1
2 97 1
2 99 1
2 101 1
2 105 1
2 115 1
2 116 1
2 117 -1
2 118 1
2 127 1
3 21 1
3 25 1
3 29 1
3 31 1
3 44 1
3 49 1
3 52 -1
3 53 1
3 58 1
3 65 1
3 66 -1
3 72 1
3 78 1
3 79 1
3 80 1
3 81 -1
3 85 1
3 94 1
3 95 1
3 109 1
3 111 1
3 113 1
3 123 1
3 125 1
3 126 1
3 130 1
4 8 1
4 9 1
4 11 -1
4 15 1
4 16 1
4 24 1
4 27 1
4 29 -1
4 30 1
4 32 1
4 34 -1
4 41 1
4 48 1
4 52 1
4 55 1
4 56 1
4 59 1
4 62 1
4 64 1
4 75 1
4 81 1
4 89 1
4 92 -1
4 93 1
4 110 1
4 117 1
4 121 1
4 128 1
5 8 -1
5 18 -1
5 20 1
5 40 1
5 48 -1
5 50 1
5 51 -1
5 57 1
5 60 1
5 74 1
5 93 -1
5 98 1
5 100 -1
5 108 1
6 14 1
6 23 -1
6 29 -1
6 35 1
6 42 1
6 43 1
6 45 1
6 51 1
6 58 -1
6 73 1
6 76 -1
6 77 1
6 87 1
6 88 1
6 92 1
6 104 1
6 112 1
6 120 1
6 128 -1
7 12 1
7 18 1
7 22 1
7 23 1
7 28 1
7 34 1
7 46 1
7 58 -1
7 63 -1
7 66 1
7 68 1
7 78 -1
7 82 1
7 92 -1
7 97 1
7 99 1
7 105 1
7 115 1
7 118 1
7 124 -1
7 127 1
8 9 1
8 15 1
8 16 1
8 27 1
8 29 -1
8 30 1
8 32 1
8 39 1
8 40 -1
8 41 1
8 48 1
8 52 1
8 55 1
8 56 1
8 59 1
8 62 1
8 64 1
8 69 -1
8 75 1
8 81 1
8 89 1
8 93 1
8 107 1
8 110 1
8 117 1
8 121 1
8 128 1
9 16 1
9 20 -1
9 22 -1
9 24 1
9 27 1
9 30 1
9 32 1
9 38 -1
9 41 1
9 52 1
9 55 1
9 56 1
9 59 1
9 64 1
9 67 1
9 75 1
9 81 1
9 86 1
9 89 1
9 93 1
9 101 1
9 116 1
9 121 1
9 128 1
10 14 -1
10 17 1
10 18 1
10 27 -1
10 36 1
10 40 1
10 50 1
10 57 1
10 60 1
10 69 1
10 71 -1
10 82 1
10 98 1
10 102 1
10 108 1
10 123 -1
10 124 1
10 129 1
11 13 1
11 19 1
11 22 -1
11 26 1
11 31 1
11 33 1
11 37 1
11 38 1
11 39 -1
11 47 1
11 54 1
11 56 -1
11 59 -1
11 61 1
11 63 1
11 68 -1
11 70 1
11 71 1
11 74 -1
11 76 1
11 83 1
11 84 1
11 90 1
11 91 1
11 94 1
11 95 -1
11 96 1
11 100 1
11 103 1
11 106 1
11 112 1
11 114 1
11 119 1
11 122 1
11 123 1
12 13 -1
12 18 1
12 22 1
12 23 1
12 28 1
12 34 1
12 46 1
12 55 -1
12 66 1
12 67 1
12 68 1
12 71 -1
12 77 -1
12 86 1
12 91 -1
12 97 1
12 99 1
12 101 1
12 105 1
12 110 -1
12 115 1
12 118 1
12 127 1
13 14 1
13 19 1
13 26 1
13 29 -1
13 33 1
13 37 1
13 38 1
13 47 1
13 51 1
13 54 1
13 61 1
13 63 1
13 70 1
13 71 1
13 73 1
13 76 1
13 77 1
13 83 1
13 84 1
13 86 -1
13 87 1
13 91 1
13 95 -1
13 96 1
13 100 1
13 103 1
13 106 1
13 112 1
13 114 1
13 116 -1
13 120 1
13 122 1
14 19 1
14 35 1
14 37 1
14 38 1
14 42 1
14 43 1
14 45 1
14 51 1
14 70 1
14 72 -1
14 73 1
14 77 1
14 87 1
14 88 1
14 92 1
14 95 -1
14 96 1
14 104 1
14 106 -1
14 112 1
14 114 1
14 120 1
15 16 1
15 27 1
15 30 1
15 32 1
15 39 1
15 41 1
15 44 1
15 48 1
15 56 1
15 58 1
15 62 1
15 64 1
15 72 1
15 78 1
15 81 1
15 89 1
15 93 1
15 107 1
15 110 1
15 116 -1
15 117 1
15 126 1
15 128 1
16 24 1
16 27 1
16 30 1
16 32 1
16 34 -1
16 39 -1
16 41 1
16 48 1
16 52 1
16 55 1
16 56 1
16 59 1
16 64 1
16 67 -1
16 75 1
16 81 1
16 89 1
16 93 1
16 101 1
16 107 -1
16 116 1
16 117 1
16 121 1
16 128 1
17 18 1
17 22 -1
17 23 -1
17 36 1
17 40 1
17 45 -1
17 46 1
17 50 1
17 57 1
17 69 1
17 72 -1
17 82 1
17 96 -1
17 100 -1
17 102 1
17 108 1
17 123 -1
17 124 1
17 129 1
18 22 1
18 31 -1
18 35 -1
18 36 1
18 44 -1
18 46 1
18 59 -1
18 66 1
18 69 1
18 73 -1
18 82 1
18 99 1
18 102 1
18 124 1
18 127 1
18 129 1
19 26 1
19 37 1
19 38 1
19 45 1
19 47 1
19 51 1
19 61 1
19 70 1
19 71 1
19 73 1
19 76 1
19 77 1
19 83 1
19 87 1
19 88 1
19 91 1
19 92 1
19 96 1
19 100 -1
19 101 -1
19 103 1
19 104 1
19 112 1
19 114 1
19 120 1
19 125 -1
20 26 -1
20 40 1
20 50 1
20 57 1
20 60 1
20 72 -1
20 74 1
20 98 1
21 25 1
21 29 1
21 39 1
21 44 1
21 49 1
21 53 1
21 58 1
21 65 1
21 72 1
21 74 -1
21 78 1
21 79 1
21 80 1
21 82 -1
21 95 1
21 107 1
21 111 1
21 113 1
21 125 1
21 126 1
21 130 1
22 28 1
22 37 -1
22 46 1
22 61 -1
22 66 1
22 68 1
22 69 1
22 82 1
22 98 -1
22 99 1
22 101 -1
22 105 1
22 117 -1
22 118 1
22 127 1
22 129 1
23 24 1
23 28 1
23 34 1
23 50 -1
23 66 1
23 67 1
23 68 1
23 81 -1
23 86 1
23 97 1
23 99 1
23 101 1
23 103 -1
23 105 1
23 115 1
23 116 1
23 118 1
23 122 -1
23 127 1
24 27 1
24 28 1
24 30 1
24 34 1
24 41 1
24 52 1
24 55 1
24 56 1
24 58 -1
24 59 1
24 67 1
24 68 1
24 75 1
24 85 -1
24 86 1
24 89 1
24 97 1
24 101 1
24 105 1
24 107 -1
24 115 1
24 116 1
24 118 1
24 121 1
24 128 1
25 29 1
25 39 1
25 44 1
25 45 -1
25 49 1
25 53 1
25 56 -1
25 58 1
25 62 1
25 65 1
25 72 1
25 78 1
25 79 1
25 92 -1
25 107 1
25 110 1
25 111 1
25 112 -1
25 113 1
25 125 1
25 126 1
25 127 -1
25 130 1
26 31 1
26 33 1
26 37 1
26 38 1
26 43 -1
26 44 -1
26 47 1
26 54 1
26 61 1
26 63 1
26 70 1
26 71 1
26 76 1
26 83 1
26 84 1
26 90 1
26 91 1
26 94 1
26 96 1
26 100 1
26 102 -1
26 103 1
26 106 1
26 112 1
26 114 1
26 119 1
26 122 1
26 123 1
27 30 1
27 32 1
27 41 1
27 48 1
27 52 1
27 55 1
27 56 1
27 59 1
27 62 1
27 64 1
27 71 -1
27 75 1
27 81 1
27 89 1
27 93 1
27 110 1
27 117 1
27 121 1
27 128 1
28 34 1
28 51 -1
28 57 -1
28 66 1
28 67 1
28 68 1
28 70 -1
28 86 1
28 97 1
28 98 -1
28 99 1
28 101 1
28 105 1
28 106 -1
28 111 -1
28 115 1
28 116 1
28 118 1
28 127 1
29 31 1
29 33 1
29 34 -1
29 41 -1
29 44 1
29 49 1
29 53 1
29 54 1
29 63 1
29 65 1
29 79 1
29 80 1
29 84 1
29 85 1
29 87 -1
29 89 -1
29 90 1
29 94 1
29 95 1
29 100 1
29 106 1
29 109 1
29 111 1
29 113 1
29 119 1
29 122 1
29 123 1
29 125 1
29 126 1
29 130 1
30 32 1
30 41 1
30 46 -1
30 48 1
30 52 1
30 55 1
30 56 1
30 58 -1
30 59 1
30 62 1
30 64 1
30 75 1
30 76 -1
30 81 1
30 86 -1
30 89 1
30 93 1
30 110 1
30 117 1
30 119 -1
30 121 1
30 125 -1
30 128 1
31 33 1
31 40 -1
31 47 1
31 53 1
31 54 1
31 61 1
31 62 -1
31 63 1
31 65 1
31 67 -1
31 71 1
31 76 1
31 79 1
31 80 1
31 83 1
31 84 1
31 85 1
31 89 -1
31 90 1
31 91 1
31 94 1
31 95 1
31 100 1
31 103 1
31 105 -1
31 106 1
31 109 1
31 113 1
31 115 -1
31 119 1
31 122 1
31 123 1
31 124 -1
31 130 1
32 34 -1
32 39 1
32 40 -1
32 41 1
32 44 -1
32 45 -1
32 48 1
32 52 1
32 54 -1
32 55 1
32 56 1
32 59 1
32 62 1
32 63 -1
32 64 1
32 75 1
32 81 1
32 89 1
32 91 -1
32 93 1
32 107 1
32 110 1
32 114 -1
32 117 1
32 121 1
32 128 1
33 47 1
33 53 1
33 54 1
33 61 1
33 63 1
33 65 1
33 71 1
33 76 1
33 78 -1
33 80 1
33 83 1
33 84 1
33 85 1
33 90 1
33 91 1
33 94 1
33 95 1
33 96 1
33 100 1
33 103 1
33 106 1
33 109 1
33 119 1
33 122 1
33 123 1
33 130 1
34 44 -1
34 66 1
34 67 1
34 68 1
34 73 -1
34 86 1
34 97 1
34 99 1
34 101 1
34 105 1
34 106 -1
34 115 1
34 116 1
34 118 1
34 127 1
35 40 -1
35 42 1
35 43 1
35 45 1
35 47 -1
35 51 1
35 52 -1
35 55 -1
35 73 1
35 76 -1
35 77 1
35 87 1
35 88 1
35 92 1
35 104 1
35 107 -1
35 112 1
35 114 1
35 120 1
35 127 -1
36 40 1
36 41 -1
36 46 1
36 49 -1
36 50 1
36 57 1
36 60 1
36 62 -1
36 69 1
36 82 1
36 86 -1
36 93 -1
36 98 1
36 102 1
36 108 1
36 124 1
36 129 1
37 38 1
37 47 1
37 51 1
37 61 1
37 62 -1
37 70 1
37 71 1
37 73 1
37 74 -1
37 76 1
37 77 1
37 83 1
37 87 1
37 88 1
37 91 1
37 92 1
37 96 1
37 99 -1
37 103 1
37 104 1
37 107 -1
37 111 -1
37 112 1
37 114 1
37 116 -1
37 120 1
37 129 -1
38 47 1
38 48 -1
38 49 -1
38 51 1
38 60 -1
38 61 1
38 70 1
38 71 1
38 73 1
38 76 1
38 77 1
38 80 -1
38 83 1
38 87 1
38 88 1
38 91 1
38 92 1
38 96 1
38 103 1
38 104 1
38 112 1
38 114 1
38 120 1
38 125 -1
39 44 1
39 48 1
39 49 1
39 58 1
39 60 -1
39 62 1
39 64 1
39 72 1
39 78 1
39 81 1
39 93 1
39 103 -1
39 107 1
39 110 1
39 111 1
39 113 1
39 117 1
39 125 1
39 126 1
40 50 1
40 57 1
40 60 1
40 68 -1
40 69 1
40 72 -1
40 74 1
40 80 -1
40 82 1
40 98 1
40 102 1
40 103 -1
40 108 1
40 124 1
40 129 1
41 52 1
41 55 1
41 56 1
41 59 1
41 64 1
41 73 -1
41 75 1
41 79 -1
41 81 1
41 87 -1
41 89 1
41 93 1
41 101 1
41 103 -1
41 116 1
41 117 1
41 121 1
41 128 1
42 43 1
42 45 1
42 51 1
42 64 -1
42 73 1
42 77 1
42 81 -1
42 87 1
42 88 1
42 89 -1
42 92 1
42 93 -1
42 101 -1
42 103 -1
42 104 1
42 112 1
42 114 1
42 116 -1
42 120 1
43 45 1
43 51 1
43 62 -1
43 73 1
43 77 1
43 82 -1
43 87 1
43 88 1
43 91 -1
43 92 1
43 104 1
43 105 -1
43 112 1
43 114 1
43 118 -1
43 120 1
43 121 -1
44 48 1
44 49 1
44 53 1
44 58 1
44 62 1
44 65 1
44 72 1
44 78 1
44 79 1
44 101 -1
44 107 1
44 110 1
44 111 1
44 113 1
44 117 1
44 125 1
44 126 1
44 130 1
45 50 -1
45 51 1
45 56 -1
45 73 1
45 77 1
45 87 1
45 88 1
45 92 1
45 101 -1
45 103 -1
45 104 1
45 112 1
45 114 1
45 120 1
46 66 1
46 69 1
46 75 -1
46 82 1
46 99 1
46 102 1
46 114 -1
46 120 -1
46 124 1
46 127 1
46 129 1
47 54 1
47 61 1
47 63 1
47 68 -1
47 70 1
47 71 1
47 74 -1
47 76 1
47 78 -1
47 80 1
47 83 1
47 84 1
47 85 1
47 90 1
47 91 1
47 94 1
47 95 1
47 96 1
47 100 1
47 103 1
47 106 1
47 109 1
47 119 1
47 122 1
47 123 1
47 126 -1
48 58 1
48 62 1
48 64 1
48 72 1
48 77 -1
48 78 1
48 81 1
48 89 1
48 93 1
48 106 -1
48 107 1
48 110 1
48 117 1
48 126 1
48 128 1
49 53 1
49 58 1
49 65 1
49 72 1
49 78 1
49 79 1
49 80 1
49 81 -1
49 85 1
49 95 1
49 107 1
49 111 1
49 113 1
49 125 1
49 126 1
49 130 1
50 52 -1
50 56 -1
50 57 1
50 60 1
50 69 1
50 74 1
50 88 -1
50 94 -1
50 98 1
50 102 1
50 108 1
50 124 1
50 129 1
51 59 -1
51 70 1
51 73 1
51 77 1
51 87 1
51 88 1
51 92 1
51 96 1
51 97 -1
51 104 1
51 112 1
51 114 1
51 120 1
52 55 1
52 56 1
52 59 1
52 63 -1
52 64 1
52 67 1
52 75 1
52 81 1
52 86 1
52 89 1
52 93 1
52 100 -1
52 101 1
52 108 -1
52 116 1
52 117 -1
52 119 -1
52 121 1
52 128 1
53 54 1
53 58 1
53 61 -1
53 63 1
53 65 1
53 72 1
53 78 1
53 79 1
53 80 1
53 85 1
53 90 1
53 94 1
53 95 1
53 106 1
53 109 1
53 111 1
53 113 1
53 119 1
53 122 -1
53 123 1
53 125 1
53 126 1
53 130 1
54 55 -1
54 61 1
54 63 1
54 64 -1
54 65 1
54 71 1
54 75 -1
54 76 1
54 80 1
54 83 1
54 84 1
54 85 1
54 90 1
54 91 1
54 94 1
54 95 1
54 100 1
54 103 1
54 106 1
54 107 -1
54 109 1
54 119 1
54 121 -1
54 122 1
54 123 1
54 130 1
55 56 1
55 59 1
55 64 1
55 67 1
55 75 1
55 81 1
55 86 1
55 89 1
55 100 -1
55 101 1
55 106 -1
55 114 -1
55 116 1
55 121 1
55 128 1
56 59 1
56 64 1
56 70 -1
56 71 -1
56 75 1
56 81 1
56 88 -1
56 89 1
56 93 1
56 101 1
56 116 1
56 117 1
56 121 1
56 128 1
57 60 1
57 69 1
57 74 1
57 81 -1
57 82 1
57 89 -1
57 98 1
57 102 1
57 108 1
57 124 1
57 129 1
58 62 1
58 72 1
58 77 -1
58 78 1
58 79 1
58 81 1
58 82 -1
58 93 1
58 107 1
58 110 1
58 111 1
58 113 1
58 117 1
58 125 1
58 126 1
59 64 1
59 67 1
59 75 1
59 81 1
59 83 -1
59 86 1
59 89 1
59 101 1
59 116 1
59 121 1
59 125 -1
59 128 1
60 65 -1
60 74 1
60 89 -1
60 98 1
60 102 1
60 103 -1
60 108 1
60 124 1
60 126 -1
61 63 1
61 70 1
61 71 1
61 76 1
61 80 1
61 83 1
61 84 1
61 85 1
61 89 -1
61 90 1
61 91 1
61 94 1
61 95 1
61 96 1
61 100 1
61 103 1
61 106 1
61 109 1
61 119 1
61 122 1
61 123 1
62 64 1
62 72 1
62 78 1
62 81 1
62 89 1
62 93 1
62 107 1
62 110 1
62 117 1
62 118 -1
62 126 1
62 128 1
63 65 1
63 71 1
63 76 1
63 80 1
63 83 1
63 84 1
63 85 1
63 89 -1
63 90 1
63 91 1
63 94 1
63 95 1
63 100 1
63 103 1
63 106 1
63 109 1
63 119 1
63 122 1
63 123 1
63 126 -1
63 130 1
64 75 1
64 81 1
64 89 1
64 93 1
64 104 -1
64 107 1
64 110 1
64 117 1
64 121 1
64 128 1
65 79 1
65 80 1
65 84 1
65 85 1
65 90 1
65 91 -1
65 94 1
65 95 1
65 100 1
65 106 1
65 109 1
65 111 1
65 113 1
65 119 1
65 122 1
65 123 1
65 125 1
65 126 1
65 130 1
66 67 1
66 68 1
66 72 -1
66 86 1
66 97 1
66 99 1
66 105 1
66 110 -1
66 115 1
66 117 -1
66 118 1
66 127 1
67 68 1
67 72 -1
67 75 1
67 86 1
67 91 -1
67 97 1
67 101 1
67 104 -1
67 105 1
67 115 1
67 116 1
67 118 1
67 121 1
67 127 1
68 74 -1
68 80 -1
68 86 1
68 97 1
68 99 1
68 101 1
68 105 1
68 111 -1
68 115 1
68 116 1
68 118 1
68 126 -1
68 127 1
69 76 -1
69 82 1
69 92 -1
69 102 1
69 108 1
69 124 1
69 129 1
70 71 1
70 73 1
70 76 1
70 77 1
70 83 1
70 84 1
70 87 1
70 88 1
70 91 1
70 96 1
70 100 1
70 103 1
70 108 -1
70 112 1
70 114 1
70 120 1
70 122 1
71 76 1
71 80 1
71 81 -1
71 83 1
71 84 1
71 85 1
71 90 1
71 91 1
71 92 -1
71 94 1
71 95 1
71 96 1
71 100 1
71 103 1
71 106 1
71 109 1
71 119 1
71 122 1
71 123 1
72 78 1
72 79 1
72 81 1
72 89 -1
72 90 -1
72 93 1
72 107 1
72 110 1
72 111 1
72 113 1
72 116 -1
72 117 1
72 125 1
72 126 1
73 76 -1
73 77 1
73 87 1
73 88 1
73 92 1
73 94 -1
73 96 1
73 104 1
73 112 1
73 114 1
73 120 1
74 78 -1
74 98 1
74 126 -1
75 79 -1
75 81 1
75 83 -1
75 86 1
75 89 1
75 101 1
75 114 -1
75 116 1
75 121 1
75 128 1
76 80 1
76 83 1
76 84 1
76 85 1
76 90 1
76 91 1
76 92 -1
76 94 1
76 95 1
76 96 1
76 97 -1
76 100 1
76 103 1
76 106 1
76 109 1
76 119 1
76 122 1
76 123 1
77 87 1
77 88 1
77 92 1
77 96 1
77 100 -1
77 104 1
77 112 1
77 114 1
77 117 -1
77 120 1
77 130 -1
78 79 1
78 81 -1
78 107 1
78 108 -1
78 110 1
78 111 1
78 113 1
78 117 1
78 125 1
78 126 1
79 80 1
79 85 1
79 88 -1
79 94 1
79 95 1
79 109 1
79 111 1
79 113 1
79 123 1
79 125 1
79 126 1
79 130 1
80 84 1
80 85 1
80 90 1
80 91 1
80 94 1
80 95 1
80 100 1
80 106 1
80 109 1
80 111 1
80 113 1
80 119 1
80 122 1
80 123 1
80 125 1
80 130 1
81 83 -1
81 89 1
81 90 -1
81 93 1
81 100 -1
81 104 -1
81 107 1
81 110 1
81 117 1
81 121 1
81 128 1
82 99 1
82 102 1
82 108 1
82 110 -1
82 124 1
82 129 1
83 84 1
83 85 1
83 90 1
83 91 1
83 94 1
83 96 1
83 100 1
83 103 1
83 106 1
83 109 1
83 114 1
83 119 1
83 122 1
83 123 1
84 85 1
84 88 -1
84 90 1
84 91 1
84 94 1
84 95 1
84 96 1
84 100 1
84 103 1
84 106 1
84 109 1
84 119 1
84 122 1
84 123 1
84 130 1
85 90 1
85 91 1
85 94 1
85 95 1
85 100 1
85 106 1
85 109 1
85 110 -1
85 111 1
85 113 1
85 116 -1
85 119 1
85 122 1
85 123 1
85 125 1
85 130 1
86 92 -1
86 93 -1
86 94 -1
86 97 1
86 101 1
86 105 1
86 115 1
86 116 1
86 118 1
86 121 1
86 127 1
87 88 1
87 92 1
87 96 1
87 101 -1
87 104 1
87 112 1
87 113 -1
87 114 1
87 120 1
87 128 -1
88 92 1
88 96 1
88 104 1
88 108 -1
88 109 -1
88 112 1
88 114 1
88 120 1
89 93 1
89 101 -1
89 110 1
89 117 1
89 120 -1
89 121 1
89 128 1
89 130 -1
90 91 1
90 94 1
90 95 1
90 100 1
90 103 1
90 106 1
90 109 1
90 119 1
90 122 1
90 123 1
90 126 -1
90 130 1
91 92 -1
91 94 1
91 95 1
91 96 1
91 100 1
91 103 1
91 105 -1
91 106 1
91 109 1
91 119 1
91 122 1
91 123 1
91 127 -1
92 101 -1
92 103 -1
92 104 1
92 112 1
92 114 1
92 120 1
92 130 -1
93 107 1
93 109 -1
93 110 1
93 117 1
93 121 1
93 124 -1
93 128 1
93 129 -1
94 95 1
94 100 1
94 103 1
94 106 1
94 109 1
94 113 -1
94 119 1
94 122 1
94 123 1
94 128 -1
94 130 1
95 100 1
95 106 1
95 109 1
95 111 1
95 113 1
95 119 1
95 122 1
95 123 1
95 125 1
95 127 -1
95 130 1
96 99 -1
96 100 1
96 103 1
96 108 -1
96 112 1
96 114 1
96 120 1
96 122 1
97 101 1
97 105 1
97 115 1
97 116 1
97 118 1
97 127 1
98 102 1
98 108 1
98 124 1
98 129 -1
99 105 1
99 106 -1
99 115 1
99 118 1
99 120 -1
99 124 -1
99 127 1
100 103 1
100 106 1
100 109 1
100 119 1
100 120 -1
100 122 1
100 123 1
100 130 1
101 105 1
101 112 -1
101 115 1
101 116 1
101 118 1
101 121 1
101 127 1
102 108 1
102 109 -1
102 121 -1
102 124 1
102 129 1
103 106 1
103 109 1
103 112 1
103 114 1
103 119 1
103 122 1
103 123 1
103 127 -1
104 112 1
104 114 1
104 120 1
105 111 -1
105 115 1
105 116 1
105 118 1
105 120 -1
105 127 1
106 109 1
106 116 -1
106 119 1
106 122 1
106 123 1
106 130 1
107 110 1
107 111 1
107 117 1
107 122 -1
107 125 1
107 126 1
108 114 -1
108 122 -1
108 124 1
108 129 1
109 110 -1
109 111 1
109 113 1
109 119 1
109 122 1
109 123 1
109 130 1
110 117 1
110 126 1
110 128 1
111 113 1
111 118 -1
111 125 1
111 126 1
111 127 -1
111 128 -1
111 130 1
112 114 1
112 120 1
113 116 -1
113 125 1
113 126 1
113 130 1
114 120 1
114 126 -1
114 129 -1
115 116 1
115 118 1
115 121 -1
115 127 1
116 118 1
116 121 1
116 127 1
117 126 1
117 128 1
118 127 1
119 122 1
119 123 1
119 130 1
121 124 -1
121 125 -1
121 128 1
122 123 1
122 130 1
123 130 1
124 129 1
125 126 1
125 130 1
126 128 -1
126 130 1
