vertices: 30 edges: 85
1 4 -1
1 8 -1
1 13 -1
1 14 -1
1 21 1
1 23 1
1 24 1
1 25 -1
1 28 1
2 3 1
2 5 1
2 18 -1
3 5 1
3 10 -1
3 12 -1
3 15 -1
3 22 -1
4 15 1
4 16 -1
4 18 1
4 27 -1
4 30 -1
5 9 1
5 17 -1
5 25 -1
6 12 -1
6 13 1
7 17 1
7 21 -1
7 27 1
8 14 1
8 20 1
8 21 -1
8 27 -1
9 19 1
9 22 1
9 23 -1
9 25 1
10 15 -1
10 21 -1
10 22 -1
10 29 1
10 30 1
11 16 1
11 27 -1
12 15 -1
12 21 1
12 23 1
12 27 -1
12 28 1
13 22 -1
13 26 -1
13 29 -1
14 15 -1
14 27 -1
14 28 -1
14 29 1
14 30 1
15 17 -1
15 18 1
15 28 -1
15 30 -1
16 17 -1
16 25 -1
16 30 -1
17 20 -1
17 26 1
17 27 1
19 20 1
19 22 1
19 25 1
20 22 1
20 25 1
21 23 1
21 24 1
21 28 1
21 29 -1
22 24 -1
22 25 1
22 27 -1
23 24 1
23 28 1
24 28 1
24 30 -1
29 30 1
