vertices: 210 edges: 4534
1 7 -1
1 8 1
1 9 1
1 10 -1
1 24 1
1 29 1
1 34 -1
1 35 1
1 41 1
1 49 1
1 53 1
1 54 1
1 58 1
1 62 1
1 64 1
1 69 -1
1 77 1
1 78 1
1 90 1
1 92 1
1 95 1
1 96 1
1 105 1
1 106 1
1 110 1
1 111 1
1 115 1
1 127 1
1 130 1
1 137 1
1 139 1
1 153 -1
1 156 1
1 157 1
1 173 1
1 179 -1
1 181 1
1 193 1
1 208 1
2 3 -1
2 13 1
2 16 1
2 21 1
2 27 1
2 31 1
2 38 1
2 40 1
2 42 1
2 47 -1
2 48 1
2 50 1
2 53 -1
2 55 -1
2 60 1
2 63 -1
2 66 1
2 74 1
2 79 1
2 83 1
2 86 1
2 89 1
2 100 1
2 102 1
2 103 1
2 106 -1
2 112 -1
2 123 1
2 124 1
2 128 -1
2 129 1
2 131 1
2 132 1
2 133 1
2 134 1
2 135 1
2 136 1
2 138 1
2 145 1
2 148 1
2 150 1
2 155 1
2 163 1
2 167 1
2 168 1
2 171 1
2 172 -1
2 175 1
2 186 1
2 187 1
2 189 1
2 191 -1
2 196 1
2 201 -1
2 202 1
2 209 1
3 12 1
3 13 1
3 14 1
3 17 1
3 21 1
3 24 -1
3 25 1
3 29 -1
3 31 1
3 47 1
3 48 1
3 60 1
3 66 1
3 79 1
3 81 1
3 83 1
3 97 1
3 98 1
3 102 -1
3 104 -1
3 107 -1
3 112 1
3 119 1
3 120 1
3 123 1
3 129 1
3 133 1
3 138 1
3 144 1
3 145 1
3 148 1
3 153 1
3 155 1
3 159 1
3 164 1
3 167 1
3 168 1
3 171 1
3 172 1
3 175 1
3 176 1
3 186 1
3 196 1
3 209 -1
4 7 1
4 10 1
4 15 1
4 18 1
4 37 1
4 39 1
4 44 1
4 61 1
4 63 -1
4 64 1
4 69 1
4 71 1
4 73 1
4 77 1
4 79 -1
4 80 -1
4 88 1
4 99 -1
4 101 1
4 107 1
4 108 -1
4 109 1
4 141 1
4 143 1
4 147 1
4 151 1
4 154 1
4 158 1
4 160 -1
4 162 1
4 166 1
4 168 -1
4 174 1
4 180 1
4 188 1
4 190 1
4 194 1
4 195 -1
4 200 1
4 204 1
4 206 1
5 14 -1
5 16 -1
5 19 1
5 30 1
5 46 1
5 49 -1
5 63 1
5 75 1
5 87 1
5 91 1
5 99 1
5 117 -1
5 119 -1
5 121 1
5 125 1
5 140 1
5 146 1
5 155 -1
5 160 1
5 178 -1
5 183 -1
5 191 1
5 197 1
5 199 1
5 210 1
6 11 1
6 22 1
6 33 1
6 34 1
6 51 1
6 52 1
6 55 1
6 56 1
6 57 1
6 59 1
6 71 -1
6 72 1
6 73 -1
6 84 1
6 85 1
6 98 -1
6 104 1
6 108 1
6 116 1
6 117 1
6 126 1
6 128 1
6 142 1
6 145 -1
6 149 1
6 152 1
6 157 -1
6 161 1
6 169 1
6 176 -1
6 177 1
6 178 1
6 183 1
6 184 1
6 185 1
6 192 1
6 194 -1
6 195 -1
6 201 1
6 204 -1
6 205 1
6 207 1
7 10 1
7 15 1
7 17 -1
7 26 1
7 28 1
7 32 1
7 37 1
7 39 1
7 42 1
7 44 1
7 59 -1
7 61 1
7 65 1
7 69 1
7 71 1
7 73 1
7 86 1
7 93 1
7 94 1
7 97 -1
7 101 1
7 113 -1
7 114 1
7 132 1
7 134 1
7 141 1
7 143 1
7 147 1
7 151 1
7 154 1
7 158 1
7 162 1
7 163 1
7 167 -1
7 170 -1
7 180 1
7 200 1
7 202 1
7 204 1
7 206 1
7 209 1
8 18 1
8 24 1
8 29 1
8 35 1
8 41 -1
8 49 1
8 53 1
8 54 1
8 58 1
8 62 1
8 64 1
8 74 -1
8 77 1
8 78 1
8 88 1
8 90 1
8 95 1
8 96 1
8 105 1
8 106 -1
8 107 1
8 109 1
8 110 1
8 111 1
8 115 1
8 130 1
8 137 1
8 139 1
8 152 -1
8 156 1
8 157 1
8 164 -1
8 166 1
8 174 1
8 181 1
8 188 1
8 190 1
8 193 1
8 194 1
9 28 -1
9 29 1
9 35 1
9 41 1
9 44 -1
9 49 1
9 55 -1
9 57 1
9 59 -1
9 62 -1
9 70 1
9 72 1
9 77 -1
9 78 1
9 92 1
9 95 1
9 106 1
9 107 -1
9 111 1
9 115 1
9 117 1
9 127 1
9 130 1
9 137 1
9 139 1
9 142 1
9 153 -1
9 157 1
9 162 -1
9 173 1
9 177 1
9 181 -1
9 185 1
9 193 1
9 195 1
9 201 1
9 208 1
10 15 1
10 26 1
10 27 1
10 28 1
10 32 1
10 37 1
10 38 1
10 39 1
10 40 1
10 42 1
10 44 1
10 46 -1
10 50 1
10 65 1
10 69 1
10 71 1
10 86 1
10 87 -1
10 93 1
10 94 1
10 100 1
10 101 1
10 103 1
10 104 -1
10 114 1
10 120 -1
10 124 1
10 131 1
10 132 1
10 134 1
10 138 -1
10 141 1
10 143 1
10 151 1
10 154 1
10 163 1
10 176 -1
10 180 1
10 187 1
10 202 1
10 204 1
10 206 1
10 207 -1
10 209 1
11 18 -1
11 22 1
11 33 1
11 34 1
11 41 1
11 52 1
11 55 1
11 56 1
11 57 1
11 59 1
11 70 1
11 72 1
11 81 -1
11 84 1
11 85 1
11 92 1
11 104 1
11 106 1
11 116 1
11 117 1
11 128 1
11 132 -1
11 142 1
11 149 1
11 152 1
11 154 -1
11 163 -1
11 169 1
11 177 1
11 178 1
11 183 1
11 184 1
11 185 1
11 192 1
11 195 1
11 201 1
11 205 1
11 207 1
12 13 1
12 14 1
12 17 1
12 20 -1
12 21 1
12 22 -1
12 25 1
12 31 1
12 47 1
12 48 1
12 60 1
12 66 1
12 69 -1
12 73 -1
12 79 1
12 81 1
12 83 1
12 89 -1
12 97 1
12 98 1
12 112 1
12 119 1
12 120 1
12 123 1
12 129 1
12 130 -1
12 133 1
12 136 -1
12 138 1
12 144 1
12 145 1
12 148 1
12 153 1
12 155 1
12 159 1
12 160 -1
12 164 1
12 167 1
12 168 1
12 171 1
12 172 1
12 175 1
12 176 1
12 185 -1
12 186 1
12 190 -1
12 196 1
12 205 -1
13 14 1
13 16 1
13 21 1
13 26 -1
13 31 1
13 47 1
13 48 1
13 60 1
13 66 1
13 74 1
13 79 1
13 81 1
13 83 1
13 89 1
13 97 1
13 100 1
13 102 1
13 103 1
13 112 1
13 120 1
13 123 1
13 124 1
13 129 1
13 133 1
13 135 1
13 136 1
13 138 1
13 145 1
13 148 1
13 150 1
13 153 1
13 155 1
13 159 -1
13 164 -1
13 167 1
13 168 1
13 171 1
13 172 1
13 175 1
13 176 1
13 186 1
13 187 1
13 189 1
13 196 1
14 17 1
14 21 1
14 25 1
14 31 1
14 33 -1
14 36 1
14 45 1
14 47 1
14 48 1
14 60 1
14 70 -1
14 78 -1
14 79 1
14 81 1
14 97 1
14 98 1
14 112 1
14 119 1
14 120 1
14 123 1
14 129 1
14 133 1
14 138 1
14 144 1
14 145 1
14 148 1
14 153 1
14 155 1
14 159 1
14 164 1
14 167 1
14 171 1
14 172 1
14 176 1
14 186 1
14 196 1
15 16 -1
15 19 -1
15 26 1
15 28 1
15 32 1
15 37 1
15 39 1
15 40 -1
15 44 1
15 49 -1
15 61 1
15 65 1
15 68 -1
15 69 1
15 70 -1
15 71 1
15 73 1
15 88 1
15 93 1
15 94 1
15 101 1
15 107 1
15 113 -1
15 114 1
15 132 1
15 141 1
15 143 1
15 144 -1
15 145 -1
15 147 1
15 151 1
15 154 1
15 158 1
15 161 -1
15 162 1
15 163 1
15 166 1
15 173 -1
15 180 1
15 190 1
15 193 -1
15 200 1
15 204 1
15 206 1
16 21 1
16 26 1
16 27 1
16 28 1
16 29 -1
16 31 1
16 32 1
16 38 1
16 40 1
16 41 -1
16 42 1
16 50 1
16 62 -1
16 65 1
16 66 1
16 67 -1
16 71 1
16 74 1
16 79 1
16 83 1
16 86 1
16 89 1
16 93 1
16 94 1
16 100 1
16 102 1
16 103 1
16 114 1
16 124 1
16 131 1
16 132 1
16 133 1
16 134 1
16 135 1
16 136 1
16 138 1
16 148 1
16 150 1
16 155 1
16 163 1
16 168 1
16 171 1
16 175 1
16 182 -1
16 186 1
16 187 1
16 189 1
16 196 1
16 202 1
16 209 1
17 20 1
17 21 1
17 25 1
17 31 1
17 36 1
17 45 1
17 47 1
17 48 1
17 49 -1
17 60 1
17 67 -1
17 68 1
17 76 1
17 81 1
17 82 1
17 93 -1
17 97 1
17 98 1
17 112 1
17 119 1
17 120 1
17 123 1
17 129 1
17 132 -1
17 133 1
17 138 1
17 144 1
17 145 1
17 148 1
17 150 -1
17 153 1
17 159 1
17 164 1
17 167 1
17 172 1
17 176 1
17 198 1
17 203 1
18 22 -1
18 24 1
18 33 -1
18 51 -1
18 53 1
18 54 1
18 58 1
18 61 1
18 62 1
18 64 1
18 73 1
18 77 1
18 78 1
18 86 -1
18 88 1
18 90 1
18 96 1
18 101 1
18 105 1
18 107 1
18 109 1
18 110 1
18 115 1
18 127 -1
18 138 -1
18 139 1
18 141 1
18 146 -1
18 147 1
18 156 1
18 157 1
18 158 1
18 162 1
18 166 1
18 174 1
18 180 1
18 181 1
18 188 1
18 190 1
18 194 1
18 200 1
18 205 -1
18 206 1
19 23 1
19 25 -1
19 30 1
19 46 1
19 63 1
19 75 1
19 87 1
19 91 1
19 92 -1
19 99 1
19 103 -1
19 113 1
19 118 1
19 121 1
19 122 1
19 125 1
19 132 -1
19 140 1
19 141 -1
19 146 1
19 147 -1
19 152 -1
19 159 -1
19 160 1
19 162 -1
19 165 1
19 170 1
19 182 -1
19 191 1
19 196 -1
19 197 1
19 198 -1
19 199 1
19 210 1
20 23 1
20 25 1
20 30 1
20 31 -1
20 36 1
20 37 -1
20 43 1
20 45 1
20 48 -1
20 67 1
20 68 1
20 75 1
20 76 1
20 80 1
20 82 1
20 87 1
20 89 -1
20 98 1
20 113 1
20 114 -1
20 118 1
20 119 1
20 121 1
20 122 1
20 123 -1
20 144 1
20 145 -1
20 146 1
20 159 1
20 163 -1
20 164 1
20 165 1
20 170 1
20 179 1
20 182 1
20 198 1
20 203 1
20 210 1
21 31 1
21 44 -1
21 45 -1
21 47 1
21 48 1
21 53 -1
21 60 1
21 61 -1
21 63 -1
21 66 1
21 71 -1
21 74 1
21 79 1
21 81 1
21 83 1
21 86 -1
21 89 1
21 96 -1
21 97 1
21 100 1
21 102 1
21 112 1
21 120 1
21 123 1
21 128 -1
21 129 1
21 133 1
21 135 1
21 136 1
21 137 -1
21 138 1
21 143 -1
21 145 1
21 148 1
21 150 1
21 153 1
21 155 1
21 159 1
21 167 1
21 168 1
21 171 1
21 172 1
21 175 1
21 176 1
21 179 -1
21 186 1
21 189 1
21 196 1
21 210 -1
22 33 1
22 34 1
22 51 1
22 52 1
22 55 1
22 56 1
22 59 1
22 84 1
22 85 1
22 104 1
22 108 1
22 116 1
22 126 1
22 128 1
22 132 -1
22 149 1
22 152 1
22 161 1
22 169 1
22 170 -1
22 178 1
22 183 1
22 184 1
22 192 1
22 201 -1
22 205 1
22 207 1
23 24 -1
23 25 1
23 30 1
23 36 1
23 43 1
23 45 1
23 46 1
23 53 -1
23 67 1
23 68 1
23 71 -1
23 75 1
23 76 1
23 80 1
23 82 1
23 87 1
23 100 -1
23 113 1
23 118 1
23 121 1
23 122 1
23 139 -1
23 140 1
23 144 1
23 146 1
23 160 1
23 165 1
23 170 1
23 179 1
23 182 1
23 191 1
23 193 -1
23 196 -1
23 197 1
23 198 1
23 199 1
23 203 1
23 210 1
24 29 1
24 40 -1
24 53 1
24 54 1
24 58 1
24 59 -1
24 61 1
24 62 1
24 63 -1
24 64 1
24 73 1
24 77 1
24 78 1
24 88 1
24 89 -1
24 90 1
24 95 1
24 96 1
24 98 -1
24 105 1
24 107 1
24 109 1
24 110 1
24 115 1
24 125 -1
24 130 1
24 139 1
24 150 -1
24 156 1
24 157 1
24 162 1
24 166 1
24 174 1
24 181 1
24 183 -1
24 188 1
24 190 1
24 193 1
24 194 1
24 200 1
25 33 -1
25 36 1
25 43 1
25 45 1
25 47 1
25 67 1
25 68 1
25 75 -1
25 76 1
25 80 1
25 81 1
25 82 1
25 87 1
25 90 -1
25 97 1
25 98 1
25 112 1
25 113 1
25 118 1
25 119 1
25 120 1
25 122 1
25 144 1
25 153 1
25 159 1
25 164 1
25 165 1
25 170 1
25 172 1
25 176 1
25 179 1
25 182 1
25 197 -1
25 198 1
25 203 1
26 27 1
26 28 1
26 32 1
26 37 1
26 38 1
26 39 1
26 40 1
26 42 1
26 44 1
26 48 -1
26 50 1
26 65 1
26 69 1
26 71 1
26 86 1
26 89 1
26 93 1
26 94 1
26 100 1
26 103 1
26 114 1
26 124 1
26 131 1
26 132 1
26 134 1
26 135 1
26 136 1
26 143 1
26 150 1
26 151 1
26 154 1
26 163 1
26 169 -1
26 187 1
26 189 1
26 192 -1
26 202 1
26 204 1
26 209 1
27 28 1
27 30 -1
27 32 1
27 37 1
27 38 1
27 40 1
27 42 1
27 44 1
27 50 1
27 61 -1
27 65 1
27 66 1
27 71 1
27 74 1
27 79 1
27 83 1
27 86 1
27 89 1
27 93 1
27 94 1
27 100 1
27 102 1
27 103 1
27 114 1
27 124 1
27 131 1
27 132 1
27 134 1
27 135 1
27 136 1
27 150 1
27 155 1
27 163 1
27 168 1
27 171 1
27 175 1
27 186 1
27 187 1
27 188 -1
27 189 1
27 196 1
27 202 1
27 207 -1
27 209 1
28 32 1
28 37 1
28 38 1
28 39 1
28 40 1
28 42 1
28 44 1
28 50 1
28 65 1
28 69 1
28 71 1
28 86 1
28 93 1
28 94 1
28 100 1
28 102 -1
28 103 1
28 114 1
28 124 1
28 131 1
28 132 1
28 134 1
28 137 -1
28 141 1
28 143 1
28 151 1
28 154 1
28 163 1
28 165 -1
28 174 -1
28 175 -1
28 180 1
28 186 -1
28 187 1
28 189 1
28 198 -1
28 202 1
28 203 -1
28 204 1
28 209 1
28 210 -1
29 34 -1
29 35 1
29 37 -1
29 41 1
29 49 1
29 53 1
29 54 1
29 57 1
29 58 1
29 70 1
29 78 1
29 90 1
29 92 1
29 95 1
29 99 -1
29 105 1
29 106 1
29 109 -1
29 110 1
29 111 1
29 115 1
29 127 1
29 130 1
29 137 1
29 139 1
29 150 -1
29 156 1
29 157 1
29 164 -1
29 172 -1
29 173 1
29 178 -1
29 181 1
29 193 1
29 195 1
29 208 1
30 43 1
30 46 1
30 63 1
30 67 1
30 68 -1
30 69 -1
30 75 1
30 76 1
30 80 1
30 87 1
30 91 1
30 99 1
30 113 1
30 118 1
30 121 1
30 122 1
30 123 -1
30 125 1
30 140 1
30 146 1
30 160 1
30 165 1
30 170 1
30 179 1
30 182 1
30 190 -1
30 191 1
30 197 1
30 198 1
30 199 1
30 210 1
31 37 -1
31 47 1
31 48 1
31 60 1
31 66 1
31 74 1
31 79 1
31 81 1
31 83 1
31 84 -1
31 87 -1
31 89 1
31 92 -1
31 97 1
31 100 1
31 102 1
31 112 1
31 114 -1
31 120 1
31 123 1
31 129 1
31 130 -1
31 131 -1
31 133 1
31 135 1
31 136 1
31 138 1
31 145 1
31 148 1
31 150 1
31 151 -1
31 153 1
31 155 1
31 159 1
31 167 1
31 168 1
31 171 1
31 172 1
31 173 -1
31 175 1
31 176 1
31 186 1
31 189 1
31 196 1
32 37 1
32 38 1
32 39 1
32 40 1
32 42 1
32 44 1
32 50 1
32 65 1
32 69 1
32 71 1
32 78 -1
32 86 1
32 89 1
32 93 1
32 94 1
32 100 1
32 103 1
32 114 1
32 115 -1
32 124 1
32 131 1
32 132 1
32 134 1
32 136 1
32 143 1
32 150 1
32 151 1
32 154 1
32 163 1
32 187 1
32 189 1
32 193 -1
32 202 1
32 204 1
32 209 1
33 34 1
33 51 1
33 52 1
33 55 1
33 56 1
33 59 1
33 84 1
33 85 1
33 104 1
33 108 1
33 116 1
33 126 1
33 128 1
33 149 1
33 152 1
33 161 1
33 169 1
33 178 1
33 183 1
33 184 1
33 189 -1
33 192 1
33 196 -1
33 197 -1
33 205 1
33 207 1
34 51 1
34 52 1
34 55 1
34 56 1
34 59 1
34 72 1
34 84 1
34 85 1
34 102 -1
34 104 1
34 108 1
34 116 1
34 117 1
34 126 1
34 128 1
34 142 1
34 149 1
34 152 1
34 161 1
34 169 1
34 177 1
34 178 1
34 183 1
34 184 1
34 185 1
34 192 1
34 194 -1
34 201 1
34 205 1
34 207 1
35 41 1
35 46 -1
35 49 1
35 50 -1
35 57 1
35 70 1
35 72 1
35 78 1
35 89 -1
35 92 1
35 95 1
35 99 -1
35 106 1
35 111 1
35 115 1
35 116 -1
35 117 1
35 125 -1
35 126 -1
35 127 1
35 130 1
35 137 1
35 139 1
35 142 1
35 157 1
35 161 -1
35 173 1
35 177 1
35 185 1
35 187 -1
35 193 1
35 195 1
35 201 1
35 208 1
36 43 1
36 45 1
36 47 1
36 67 1
36 68 1
36 76 1
36 77 -1
36 78 -1
36 80 1
36 81 1
36 82 1
36 87 1
36 97 1
36 98 1
36 100 -1
36 112 1
36 113 1
36 114 -1
36 117 -1
36 118 1
36 119 1
36 121 -1
36 122 1
36 133 -1
36 144 1
36 153 1
36 159 1
36 164 1
36 165 1
36 170 1
36 172 1
36 179 1
36 182 1
36 198 1
36 201 -1
36 203 1
37 38 1
37 39 1
37 40 1
37 42 1
37 44 1
37 48 -1
37 50 1
37 60 -1
37 65 1
37 69 1
37 71 1
37 76 -1
37 86 1
37 93 1
37 94 1
37 101 1
37 103 1
37 114 1
37 115 -1
37 124 1
37 131 1
37 132 1
37 134 1
37 141 1
37 143 1
37 145 -1
37 147 1
37 151 1
37 154 1
37 156 -1
37 158 1
37 163 1
37 180 1
37 185 -1
37 187 1
37 195 -1
37 202 1
37 204 1
37 206 1
37 209 1
38 40 1
38 42 1
38 44 1
38 50 1
38 63 -1
38 65 1
38 66 1
38 67 -1
38 68 -1
38 71 1
38 74 1
38 83 1
38 86 1
38 87 -1
38 89 1
38 93 1
38 94 1
38 100 1
38 101 -1
38 102 1
38 103 1
38 108 -1
38 113 -1
38 114 1
38 124 1
38 131 1
38 132 1
38 134 1
38 135 1
38 136 1
38 150 1
38 155 -1
38 163 1
38 167 -1
38 168 1
38 175 1
38 177 -1
38 183 -1
38 187 1
38 189 1
38 202 1
38 204 1
38 206 -1
38 209 1
39 44 1
39 49 -1
39 58 -1
39 60 -1
39 61 1
39 65 1
39 69 1
39 71 1
39 73 1
39 93 1
39 94 1
39 101 1
39 107 1
39 114 1
39 124 -1
39 132 1
39 141 1
39 143 1
39 147 1
39 151 1
39 154 1
39 158 1
39 162 1
39 163 1
39 166 1
39 177 -1
39 180 1
39 190 1
39 200 1
39 204 1
39 206 1
39 209 1
40 42 1
40 44 1
40 50 1
40 61 -1
40 64 -1
40 65 1
40 66 1
40 69 -1
40 71 1
40 74 1
40 83 1
40 86 1
40 89 1
40 93 1
40 94 1
40 100 1
40 102 1
40 103 1
40 114 1
40 124 1
40 131 1
40 132 1
40 134 1
40 135 1
40 136 1
40 150 1
40 155 1
40 163 1
40 168 1
40 171 1
40 175 1
40 187 1
40 189 1
40 202 1
40 209 1
41 49 1
41 57 1
41 70 1
41 72 1
41 77 -1
41 78 -1
41 85 1
41 92 1
41 95 1
41 106 1
41 111 1
41 117 1
41 127 1
41 130 1
41 135 -1
41 137 1
41 142 1
41 152 1
41 157 -1
41 173 1
41 177 1
41 178 1
41 180 -1
41 183 1
41 185 1
41 192 1
41 193 1
41 195 1
41 201 1
41 202 -1
41 208 1
42 44 1
42 50 1
42 63 -1
42 65 1
42 71 1
42 74 1
42 83 1
42 86 1
42 89 1
42 90 -1
42 91 -1
42 93 1
42 94 1
42 96 -1
42 100 1
42 102 1
42 103 1
42 113 -1
42 114 1
42 116 -1
42 124 1
42 125 -1
42 128 -1
42 130 -1
42 131 1
42 132 1
42 134 1
42 135 1
42 136 1
42 143 1
42 146 -1
42 150 1
42 151 1
42 159 -1
42 163 1
42 165 -1
42 168 1
42 186 -1
42 187 1
42 189 1
42 192 -1
42 202 1
42 204 1
42 209 1
43 45 1
43 67 1
43 68 1
43 75 1
43 76 1
43 80 1
43 82 1
43 87 1
43 93 -1
43 98 1
43 113 1
43 118 1
43 121 1
43 122 1
43 137 -1
43 144 1
43 146 1
43 153 -1
43 164 1
43 165 1
43 170 1
43 178 -1
43 179 1
43 182 1
43 191 1
43 197 1
43 198 1
43 203 1
43 210 1
44 46 -1
44 50 1
44 65 1
44 69 1
44 71 1
44 86 1
44 91 -1
44 93 1
44 94 1
44 101 1
44 114 1
44 131 1
44 132 1
44 134 1
44 141 1
44 143 1
44 147 1
44 151 1
44 154 1
44 158 1
44 163 1
44 172 -1
44 180 1
44 202 1
44 204 1
44 206 1
44 209 1
45 60 -1
45 67 1
45 68 1
45 71 -1
45 76 1
45 80 1
45 82 1
45 87 1
45 97 1
45 98 1
45 112 1
45 113 1
45 118 1
45 119 1
45 121 1
45 122 1
45 144 1
45 146 1
45 152 -1
45 153 1
45 155 -1
45 158 -1
45 159 1
45 164 1
45 165 1
45 170 1
45 172 1
45 179 1
45 182 1
45 198 1
45 203 1
46 62 -1
46 63 1
46 75 1
46 85 -1
46 87 1
46 88 -1
46 90 -1
46 91 1
46 98 -1
46 99 1
46 111 -1
46 113 1
46 118 1
46 121 1
46 122 1
46 125 1
46 134 -1
46 140 1
46 146 1
46 147 -1
46 151 -1
46 155 -1
46 160 1
46 165 1
46 170 1
46 178 -1
46 191 1
46 197 1
46 199 1
46 203 -1
46 210 1
47 48 1
47 49 -1
47 60 1
47 66 1
47 74 -1
47 79 1
47 81 1
47 93 -1
47 97 1
47 98 1
47 107 -1
47 112 1
47 119 1
47 120 1
47 123 1
47 129 1
47 133 1
47 138 1
47 144 1
47 145 1
47 148 1
47 153 1
47 155 1
47 159 1
47 164 1
47 167 1
47 171 1
47 172 1
47 175 1
47 176 1
47 182 -1
47 186 1
47 196 1
48 60 1
48 61 -1
48 66 1
48 70 -1
48 74 1
48 79 1
48 81 1
48 83 1
48 94 -1
48 97 1
48 98 1
48 102 1
48 112 1
48 119 1
48 120 1
48 123 1
48 129 1
48 133 1
48 135 1
48 138 1
48 145 1
48 148 1
48 153 1
48 155 1
48 159 1
48 160 -1
48 164 1
48 167 1
48 168 1
48 171 1
48 172 1
48 175 1
48 176 1
48 182 -1
48 186 1
48 190 -1
48 193 -1
48 196 1
48 205 -1
49 54 1
49 57 1
49 70 1
49 72 1
49 78 1
49 92 1
49 95 1
49 105 -1
49 106 1
49 111 1
49 115 1
49 117 1
49 124 -1
49 127 1
49 130 1
49 132 -1
49 137 1
49 139 1
49 142 1
49 145 -1
49 157 1
49 158 -1
49 173 1
49 177 1
49 185 1
49 193 1
49 195 1
49 197 -1
49 202 -1
49 206 -1
49 208 1
49 210 -1
50 65 1
50 66 1
50 71 1
50 73 -1
50 74 1
50 83 1
50 86 1
50 89 1
50 93 1
50 94 1
50 97 -1
50 100 1
50 102 1
50 103 1
50 114 1
50 124 1
50 128 -1
50 131 1
50 132 1
50 134 1
50 135 1
50 136 1
50 150 1
50 155 1
50 163 1
50 168 1
50 171 1
50 175 1
50 185 -1
50 187 1
50 189 1
50 202 1
50 209 1
51 52 1
51 55 1
51 56 1
51 59 1
51 70 -1
51 84 1
51 104 1
51 105 -1
51 108 1
51 116 1
51 126 1
51 128 1
51 130 -1
51 149 1
51 152 1
51 161 1
51 169 1
51 178 1
51 184 1
51 192 1
51 196 -1
51 205 1
51 207 1
52 55 1
52 56 1
52 57 1
52 59 1
52 65 -1
52 70 1
52 72 1
52 74 -1
52 75 -1
52 84 1
52 85 1
52 92 1
52 104 1
52 116 1
52 117 1
52 120 -1
52 124 -1
52 126 1
52 128 1
52 142 1
52 144 -1
52 149 1
52 151 -1
52 152 1
52 161 1
52 169 1
52 177 1
52 178 1
52 183 1
52 184 1
52 185 1
52 187 -1
52 189 -1
52 192 1
52 195 1
52 201 1
52 205 1
52 207 1
53 54 1
53 58 1
53 61 1
53 62 1
53 64 1
53 73 1
53 77 1
53 78 1
53 83 -1
53 88 1
53 90 1
53 95 1
53 96 1
53 102 -1
53 105 1
53 107 1
53 109 1
53 110 1
53 115 1
53 130 1
53 132 -1
53 138 -1
53 139 1
53 152 -1
53 156 1
53 157 1
53 162 1
53 166 1
53 174 1
53 181 1
53 184 -1
53 188 1
53 190 1
53 193 1
53 194 1
53 200 1
54 58 1
54 62 1
54 64 1
54 77 1
54 78 1
54 88 1
54 90 1
54 95 1
54 96 1
54 105 1
54 107 1
54 109 1
54 110 1
54 111 1
54 115 1
54 130 1
54 133 -1
54 137 -1
54 139 1
54 147 -1
54 156 1
54 157 1
54 166 1
54 174 1
54 181 1
54 188 1
54 190 1
54 193 1
54 194 1
54 205 -1
54 207 -1
54 209 -1
55 56 1
55 57 -1
55 59 1
55 72 1
55 84 1
55 85 1
55 104 1
55 108 1
55 113 -1
55 116 1
55 117 1
55 126 1
55 128 1
55 132 -1
55 142 1
55 149 1
55 152 1
55 161 1
55 169 1
55 177 1
55 178 1
55 183 1
55 184 1
55 185 1
55 187 -1
55 192 1
55 200 -1
55 201 1
55 205 1
55 207 1
56 57 1
56 59 1
56 69 -1
56 70 1
56 72 1
56 84 1
56 85 1
56 87 -1
56 92 1
56 104 1
56 116 1
56 117 1
56 121 -1
56 126 1
56 128 1
56 142 1
56 149 1
56 152 1
56 161 1
56 162 -1
56 169 1
56 177 1
56 178 1
56 179 -1
56 183 1
56 184 1
56 185 1
56 192 1
56 193 -1
56 195 1
56 201 1
56 205 1
56 207 1
57 70 1
57 72 1
57 84 1
57 85 1
57 92 1
57 95 1
57 106 1
57 111 1
57 117 1
57 123 -1
57 127 1
57 137 1
57 142 1
57 144 -1
57 149 -1
57 152 1
57 173 1
57 177 1
57 178 1
57 183 1
57 184 1
57 185 1
57 187 -1
57 192 1
57 195 1
57 200 -1
57 201 1
57 208 1
58 61 1
58 62 1
58 64 1
58 71 -1
58 73 1
58 77 1
58 78 1
58 88 1
58 90 1
58 91 -1
58 92 -1
58 96 1
58 105 1
58 107 1
58 109 1
58 110 1
58 115 1
58 127 -1
58 130 1
58 139 1
58 154 -1
58 156 1
58 157 1
58 162 1
58 166 1
58 174 1
58 181 1
58 188 1
58 190 1
58 193 1
58 194 1
58 200 1
58 204 -1
59 83 -1
59 84 1
59 85 1
59 104 1
59 108 1
59 113 -1
59 116 1
59 126 1
59 127 -1
59 128 1
59 149 1
59 152 1
59 157 -1
59 161 1
59 169 1
59 174 -1
59 178 1
59 183 1
59 184 1
59 186 -1
59 192 1
59 205 1
59 207 1
60 65 -1
60 66 1
60 67 -1
60 68 -1
60 74 1
60 79 1
60 81 1
60 83 1
60 97 1
60 98 1
60 102 1
60 112 1
60 119 1
60 120 1
60 123 1
60 129 1
60 133 1
60 138 1
60 144 -1
60 145 1
60 148 1
60 152 -1
60 153 1
60 155 1
60 159 1
60 164 1
60 167 1
60 168 1
60 171 1
60 172 1
60 175 1
60 176 1
60 186 1
60 187 -1
60 191 -1
60 196 1
61 62 1
61 64 1
61 67 -1
61 69 1
61 73 1
61 77 1
61 81 -1
61 82 -1
61 88 1
61 90 1
61 96 1
61 98 -1
61 101 1
61 105 1
61 107 1
61 109 1
61 110 1
61 125 -1
61 140 -1
61 141 1
61 143 1
61 147 1
61 151 1
61 153 -1
61 154 1
61 156 1
61 158 1
61 162 1
61 166 1
61 168 -1
61 174 1
61 180 1
61 181 1
61 188 1
61 190 1
61 194 1
61 195 -1
61 200 1
61 204 1
61 206 1
62 64 1
62 73 1
62 77 1
62 78 1
62 88 1
62 90 1
62 96 1
62 97 -1
62 105 1
62 107 1
62 109 1
62 110 1
62 113 -1
62 115 1
62 117 -1
62 130 1
62 139 1
62 156 1
62 157 1
62 160 -1
62 162 1
62 166 1
62 174 1
62 181 1
62 187 -1
62 188 1
62 190 1
62 193 1
62 194 1
62 200 1
62 210 -1
63 75 1
63 83 -1
63 91 1
63 99 1
63 103 -1
63 121 1
63 125 1
63 135 -1
63 136 -1
63 140 1
63 146 1
63 148 -1
63 160 1
63 183 -1
63 191 1
63 197 1
63 199 1
63 210 1
64 73 1
64 77 1
64 78 1
64 88 1
64 90 1
64 95 -1
64 96 1
64 101 1
64 102 -1
64 105 1
64 106 -1
64 107 1
64 109 1
64 110 1
64 115 1
64 123 -1
64 134 -1
64 136 -1
64 138 -1
64 139 1
64 147 1
64 153 -1
64 156 1
64 157 1
64 158 1
64 162 1
64 166 1
64 174 1
64 181 1
64 188 1
64 190 1
64 194 1
64 200 1
64 206 1
65 69 1
65 71 1
65 86 1
65 89 1
65 93 1
65 94 1
65 100 1
65 103 1
65 107 -1
65 114 1
65 124 1
65 128 -1
65 130 -1
65 131 1
65 132 1
65 134 1
65 136 1
65 143 1
65 150 1
65 151 1
65 154 1
65 161 -1
65 163 1
65 172 -1
65 173 -1
65 187 1
65 189 1
65 191 -1
65 202 1
65 204 1
65 207 -1
65 209 1
66 74 1
66 79 1
66 81 1
66 83 1
66 86 1
66 89 1
66 94 -1
66 100 1
66 102 1
66 103 1
66 120 1
66 123 1
66 124 1
66 126 -1
66 129 1
66 131 1
66 133 1
66 135 1
66 136 1
66 138 1
66 145 1
66 148 1
66 150 1
66 155 1
66 167 1
66 168 1
66 171 1
66 175 1
66 176 1
66 186 1
66 187 1
66 189 1
66 193 -1
66 195 -1
66 196 1
67 68 1
67 75 1
67 76 1
67 80 1
67 82 1
67 87 1
67 98 1
67 113 1
67 118 1
67 119 1
67 121 1
67 122 1
67 132 -1
67 139 -1
67 144 1
67 146 1
67 161 -1
67 164 1
67 165 1
67 170 1
67 179 1
67 182 1
67 191 1
67 197 1
67 198 1
67 203 1
67 210 1
68 75 1
68 76 1
68 80 1
68 82 1
68 87 1
68 93 -1
68 97 1
68 98 1
68 107 -1
68 112 1
68 113 1
68 118 1
68 119 1
68 121 1
68 122 1
68 144 1
68 146 1
68 147 -1
68 158 -1
68 159 1
68 164 1
68 165 1
68 169 -1
68 170 1
68 179 1
68 181 -1
68 182 1
68 198 1
68 203 1
68 207 -1
68 210 1
69 71 1
69 73 1
69 88 1
69 93 1
69 94 1
69 101 1
69 107 1
69 109 1
69 114 1
69 141 1
69 143 1
69 147 1
69 151 1
69 154 1
69 158 1
69 162 1
69 166 1
69 167 -1
69 173 -1
69 178 -1
69 180 1
69 188 1
69 190 1
69 200 1
69 204 1
69 206 1
70 72 1
70 77 -1
70 85 1
70 92 1
70 95 1
70 106 1
70 111 1
70 112 -1
70 114 -1
70 115 -1
70 117 1
70 119 -1
70 127 1
70 130 1
70 131 -1
70 137 1
70 142 1
70 152 1
70 167 -1
70 168 -1
70 172 -1
70 173 1
70 177 1
70 178 1
70 183 1
70 185 1
70 192 1
70 193 1
70 195 1
70 201 1
70 208 1
71 76 -1
71 86 1
71 93 1
71 94 1
71 100 1
71 101 1
71 103 1
71 114 1
71 124 1
71 129 -1
71 131 1
71 132 1
71 134 1
71 141 1
71 143 1
71 146 -1
71 151 1
71 154 1
71 163 1
71 172 -1
71 176 -1
71 180 1
71 185 -1
71 187 1
71 189 1
71 202 1
71 203 -1
71 204 1
71 206 1
71 209 1
72 84 1
72 85 1
72 92 1
72 94 -1
72 104 1
72 106 1
72 117 1
72 127 1
72 137 1
72 142 1
72 145 -1
72 149 1
72 152 1
72 156 -1
72 168 -1
72 173 1
72 177 1
72 178 1
72 183 1
72 184 1
72 185 1
72 192 1
72 195 1
72 201 1
72 203 -1
72 207 1
72 208 1
73 75 -1
73 77 1
73 88 1
73 90 1
73 96 1
73 101 1
73 105 1
73 107 1
73 109 1
73 119 -1
73 120 -1
73 141 1
73 143 1
73 147 1
73 149 -1
73 151 1
73 154 1
73 156 1
73 158 1
73 162 1
73 164 -1
73 165 -1
73 166 1
73 174 1
73 180 1
73 181 1
73 182 -1
73 188 1
73 190 1
73 194 1
73 197 -1
73 200 1
73 204 1
73 206 1
74 79 1
74 81 -1
74 83 1
74 85 -1
74 86 1
74 89 1
74 100 1
74 101 -1
74 102 1
74 103 1
74 120 -1
74 123 1
74 124 1
74 129 1
74 130 -1
74 131 1
74 133 1
74 134 1
74 135 1
74 136 1
74 138 1
74 145 1
74 148 1
74 150 1
74 155 1
74 161 -1
74 167 1
74 168 1
74 171 1
74 175 1
74 176 1
74 186 1
74 187 1
74 189 1
74 194 -1
74 196 1
74 202 1
74 208 -1
74 209 1
75 76 1
75 80 1
75 82 1
75 87 1
75 91 1
75 99 1
75 102 -1
75 113 1
75 118 1
75 121 1
75 122 1
75 125 1
75 127 -1
75 133 -1
75 139 -1
75 140 1
75 146 1
75 160 1
75 161 -1
75 165 1
75 170 1
75 178 -1
75 179 1
75 182 1
75 191 1
75 197 1
75 198 1
75 199 1
75 210 1
76 77 -1
76 80 1
76 82 1
76 87 1
76 98 1
76 112 1
76 113 1
76 118 1
76 119 1
76 121 1
76 122 1
76 124 -1
76 142 -1
76 144 1
76 146 1
76 147 -1
76 159 1
76 164 1
76 165 1
76 170 1
76 179 1
76 182 1
76 192 -1
76 198 1
76 203 1
76 210 1
77 78 1
77 83 -1
77 86 -1
77 88 1
77 90 1
77 92 -1
77 96 1
77 99 -1
77 101 1
77 105 1
77 107 1
77 109 1
77 110 1
77 115 1
77 139 1
77 147 1
77 150 -1
77 155 -1
77 156 1
77 157 1
77 158 1
77 162 1
77 166 1
77 168 -1
77 174 1
77 181 1
77 188 1
77 190 1
77 194 1
77 200 1
77 204 -1
77 206 1
78 88 -1
78 90 1
78 95 1
78 96 1
78 105 1
78 106 1
78 110 1
78 111 1
78 115 1
78 127 1
78 130 1
78 133 -1
78 137 1
78 139 1
78 156 1
78 157 1
78 173 1
78 174 1
78 181 1
78 193 1
78 194 1
78 203 -1
78 208 1
79 81 1
79 83 1
79 89 1
79 100 1
79 102 1
79 103 1
79 115 -1
79 120 1
79 123 1
79 124 1
79 129 1
79 133 1
79 135 1
79 136 1
79 138 1
79 145 1
79 148 1
79 150 1
79 153 1
79 155 1
79 160 -1
79 167 1
79 168 1
79 171 1
79 172 1
79 175 1
79 176 1
79 186 1
79 187 1
79 189 1
79 196 1
79 207 -1
80 82 1
80 83 -1
80 87 1
80 92 -1
80 98 1
80 113 1
80 118 1
80 119 1
80 121 1
80 122 1
80 126 -1
80 144 1
80 146 1
80 164 1
80 165 1
80 170 1
80 171 -1
80 178 -1
80 179 1
80 181 -1
80 182 1
80 191 1
80 197 1
80 198 1
80 203 1
80 210 1
81 97 1
81 98 1
81 105 -1
81 112 1
81 119 1
81 120 1
81 123 1
81 129 1
81 133 1
81 138 1
81 144 1
81 145 1
81 148 1
81 152 -1
81 153 1
81 155 1
81 157 -1
81 159 1
81 164 1
81 166 -1
81 167 1
81 171 1
81 172 1
81 174 -1
81 175 1
81 176 1
81 184 -1
81 186 1
81 196 1
81 208 -1
82 87 1
82 97 1
82 98 1
82 103 -1
82 112 1
82 113 1
82 118 1
82 119 1
82 121 1
82 122 1
82 144 1
82 146 1
82 159 1
82 162 -1
82 164 1
82 165 1
82 170 1
82 177 -1
82 179 1
82 182 1
82 188 -1
82 198 1
82 202 -1
82 203 1
82 210 1
83 86 1
83 89 1
83 100 1
83 102 1
83 103 1
83 118 -1
83 123 1
83 124 1
83 129 1
83 130 -1
83 131 1
83 133 1
83 134 1
83 135 1
83 136 1
83 138 1
83 144 -1
83 145 1
83 148 1
83 150 1
83 155 1
83 167 1
83 168 1
83 171 1
83 175 1
83 176 1
83 183 -1
83 186 1
83 187 1
83 189 1
83 196 1
84 85 1
84 104 1
84 108 1
84 110 -1
84 116 1
84 117 1
84 123 -1
84 126 1
84 128 1
84 131 -1
84 140 -1
84 142 1
84 149 1
84 152 1
84 161 1
84 169 1
84 177 1
84 178 1
84 183 1
84 184 1
84 185 1
84 192 1
84 198 -1
84 199 -1
84 201 1
84 205 1
84 207 1
85 92 1
85 100 -1
85 104 1
85 106 1
85 117 1
85 127 1
85 142 1
85 146 -1
85 147 -1
85 149 1
85 151 -1
85 152 1
85 173 1
85 177 1
85 178 1
85 183 1
85 184 1
85 185 1
85 192 1
85 195 1
85 201 1
85 207 1
86 89 1
86 90 -1
86 93 1
86 94 1
86 100 1
86 102 1
86 103 1
86 106 -1
86 114 1
86 124 1
86 131 1
86 132 1
86 134 1
86 135 1
86 136 1
86 141 -1
86 143 1
86 150 1
86 151 1
86 152 -1
86 163 1
86 168 1
86 175 1
86 187 1
86 189 1
86 202 1
86 204 1
86 209 1
87 99 1
87 104 -1
87 113 1
87 118 1
87 121 1
87 122 1
87 140 1
87 144 1
87 146 1
87 147 -1
87 160 1
87 162 -1
87 165 1
87 170 1
87 178 -1
87 179 1
87 182 1
87 187 -1
87 191 1
87 192 -1
87 197 1
87 198 1
87 199 1
87 203 1
87 210 1
88 90 1
88 96 1
88 97 -1
88 101 1
88 105 1
88 107 1
88 109 1
88 110 1
88 112 -1
88 121 -1
88 139 1
88 141 1
88 147 1
88 154 1
88 156 1
88 158 1
88 162 1
88 166 1
88 171 -1
88 173 -1
88 174 1
88 179 -1
88 180 1
88 181 1
88 188 1
88 190 1
88 194 1
88 200 1
88 203 -1
88 206 1
88 209 -1
89 100 1
89 102 1
89 103 1
89 113 -1
89 122 -1
89 124 1
89 126 -1
89 127 -1
89 128 -1
89 131 1
89 132 1
89 133 1
89 134 1
89 135 1
89 136 1
89 138 1
89 145 1
89 148 1
89 150 1
89 155 1
89 163 1
89 167 1
89 168 1
89 171 1
89 174 -1
89 175 1
89 186 1
89 187 1
89 189 1
89 196 1
89 202 1
89 209 1
90 95 1
90 96 1
90 99 -1
90 105 1
90 107 1
90 109 1
90 110 1
90 115 1
90 121 -1
90 130 1
90 131 -1
90 139 1
90 156 1
90 157 1
90 162 1
90 166 1
90 168 -1
90 174 1
90 181 1
90 188 1
90 190 1
90 193 1
90 194 1
90 200 1
90 202 -1
90 210 -1
91 99 1
91 121 1
91 125 1
91 127 -1
91 138 -1
91 140 1
91 146 1
91 160 1
91 191 1
91 197 1
91 199 1
91 210 1
92 95 1
92 106 1
92 110 -1
92 111 1
92 115 -1
92 117 1
92 127 1
92 130 1
92 137 1
92 141 -1
92 142 1
92 152 1
92 167 -1
92 173 1
92 177 1
92 178 1
92 180 -1
92 183 1
92 185 1
92 192 1
92 193 1
92 195 1
92 199 -1
92 201 1
92 208 1
93 94 1
93 100 1
93 103 1
93 113 -1
93 114 1
93 120 -1
93 124 1
93 131 1
93 132 1
93 134 1
93 136 1
93 141 1
93 143 1
93 151 1
93 154 1
93 163 1
93 180 1
93 187 1
93 189 1
93 202 1
93 204 1
93 205 -1
93 209 1
94 100 1
94 103 1
94 114 1
94 124 1
94 131 1
94 132 1
94 134 1
94 138 -1
94 141 1
94 143 1
94 148 -1
94 151 1
94 154 1
94 156 -1
94 157 -1
94 163 1
94 167 -1
94 180 1
94 187 1
94 189 1
94 192 -1
94 202 1
94 204 1
94 209 1
94 210 -1
95 105 1
95 106 1
95 110 1
95 111 1
95 115 1
95 124 -1
95 127 1
95 130 1
95 137 1
95 139 1
95 156 1
95 157 1
95 163 -1
95 173 1
95 174 -1
95 181 1
95 184 -1
95 193 1
95 195 1
95 208 1
95 209 -1
96 105 1
96 107 1
96 109 1
96 110 1
96 115 1
96 127 -1
96 130 1
96 139 1
96 145 -1
96 150 -1
96 156 1
96 157 1
96 162 1
96 166 1
96 174 1
96 181 1
96 187 -1
96 188 1
96 190 1
96 193 1
96 194 1
96 200 1
97 98 1
97 112 1
97 119 1
97 120 1
97 123 1
97 129 1
97 133 1
97 138 1
97 140 -1
97 141 -1
97 144 1
97 145 1
97 148 1
97 153 1
97 159 1
97 160 -1
97 164 1
97 167 1
97 172 1
97 174 -1
97 176 1
97 192 -1
97 203 1
98 112 1
98 113 1
98 118 1
98 119 1
98 120 1
98 122 1
98 123 1
98 129 1
98 133 -1
98 144 1
98 150 -1
98 153 1
98 159 1
98 164 1
98 165 1
98 167 1
98 172 1
98 176 1
98 179 1
98 182 1
98 198 1
98 203 1
99 101 -1
99 106 -1
99 114 -1
99 121 1
99 125 1
99 140 1
99 141 -1
99 146 1
99 153 -1
99 160 1
99 161 -1
99 173 -1
99 176 -1
99 191 1
99 196 -1
99 197 1
99 199 1
99 210 1
100 102 1
100 103 1
100 107 -1
100 114 1
100 123 -1
100 124 1
100 131 1
100 132 1
100 133 1
100 134 1
100 135 1
100 136 1
100 145 -1
100 148 1
100 150 1
100 151 -1
100 153 -1
100 155 1
100 163 1
100 168 1
100 171 1
100 175 1
100 184 -1
100 186 1
100 187 1
100 189 1
100 196 1
100 202 1
100 209 1
101 107 1
101 109 1
101 141 1
101 143 1
101 147 1
101 151 1
101 154 1
101 158 1
101 162 1
101 165 -1
101 166 1
101 170 -1
101 174 1
101 180 1
101 182 -1
101 188 1
101 190 1
101 194 1
101 200 1
101 204 1
101 206 1
102 103 1
102 118 -1
102 123 1
102 124 1
102 126 -1
102 129 1
102 131 1
102 133 1
102 134 1
102 135 1
102 136 1
102 138 1
102 145 1
102 148 1
102 150 1
102 155 1
102 158 -1
102 167 1
102 168 1
102 171 1
102 175 1
102 186 1
102 187 1
102 189 1
102 196 1
102 199 -1
102 202 1
102 209 1
103 114 1
103 124 1
103 131 1
103 132 1
103 134 1
103 135 1
103 136 1
103 150 1
103 155 1
103 163 1
103 168 1
103 171 1
103 175 1
103 176 -1
103 186 1
103 187 1
103 189 1
103 193 -1
103 196 1
103 202 1
103 205 -1
103 209 1
104 108 1
104 112 -1
104 116 1
104 117 1
104 126 1
104 128 1
104 139 -1
104 142 1
104 149 1
104 152 1
104 161 1
104 169 1
104 177 1
104 178 1
104 183 1
104 184 1
104 185 1
104 192 1
104 201 1
104 205 1
104 207 1
105 107 1
105 109 1
105 110 1
105 112 -1
105 115 1
105 126 -1
105 130 1
105 139 1
105 156 1
105 157 1
105 162 1
105 166 1
105 170 -1
105 171 -1
105 174 1
105 181 1
105 184 -1
105 188 1
105 190 1
105 193 1
105 194 1
105 200 1
106 109 -1
106 111 1
106 114 -1
106 115 1
106 117 1
106 127 1
106 130 1
106 137 1
106 142 1
106 157 1
106 173 1
106 177 1
106 183 1
106 185 1
106 187 -1
106 193 1
106 195 1
106 201 1
106 208 1
107 109 1
107 110 1
107 135 -1
107 139 1
107 141 1
107 147 1
107 149 -1
107 154 1
107 156 1
107 158 1
107 162 1
107 166 1
107 174 1
107 180 1
107 181 1
107 188 1
107 190 1
107 194 1
107 200 1
107 206 1
107 210 -1
108 116 1
108 126 1
108 128 1
108 134 -1
108 149 1
108 161 1
108 162 -1
108 169 1
108 170 -1
108 205 1
108 207 1
109 110 1
109 115 1
109 121 -1
109 130 -1
109 131 -1
109 139 1
109 141 1
109 147 1
109 156 1
109 157 -1
109 158 1
109 162 1
109 166 1
109 174 1
109 180 1
109 181 1
109 188 1
109 190 1
109 194 1
109 200 1
109 206 1
109 209 -1
110 111 1
110 115 1
110 124 -1
110 130 1
110 134 -1
110 137 -1
110 139 1
110 154 -1
110 156 1
110 157 1
110 166 1
110 167 -1
110 170 -1
110 174 1
110 175 -1
110 181 1
110 188 1
110 190 1
110 191 -1
110 193 1
110 194 1
110 200 1
110 202 -1
111 115 1
111 117 1
111 120 -1
111 124 -1
111 127 1
111 130 1
111 137 1
111 139 1
111 142 1
111 152 -1
111 157 1
111 173 1
111 179 -1
111 185 1
111 193 1
111 195 1
111 208 1
112 119 1
112 120 1
112 121 -1
112 123 1
112 127 -1
112 129 1
112 133 1
112 138 1
112 143 -1
112 144 1
112 145 1
112 148 1
112 153 1
112 159 1
112 164 1
112 167 1
112 172 1
112 176 1
112 179 -1
112 203 1
112 208 -1
113 118 1
113 121 1
113 122 1
113 140 1
113 144 1
113 146 1
113 164 1
113 165 1
113 170 1
113 179 1
113 182 1
113 190 -1
113 191 1
113 197 1
113 198 1
113 203 1
113 210 1
114 124 1
114 131 1
114 132 1
114 134 1
114 138 -1
114 141 1
114 143 1
114 151 1
114 154 1
114 163 1
114 166 -1
114 175 -1
114 179 -1
114 180 1
114 187 1
114 189 1
114 197 -1
114 202 1
114 204 1
114 209 1
115 116 -1
115 127 1
115 130 1
115 137 1
115 139 1
115 144 -1
115 155 -1
115 156 1
115 157 1
115 159 -1
115 168 -1
115 173 1
115 174 1
115 181 1
115 188 1
115 193 1
115 194 1
115 208 1
116 126 1
116 128 1
116 148 -1
116 149 1
116 152 1
116 161 1
116 167 -1
116 168 -1
116 169 1
116 175 -1
116 178 1
116 183 1
116 184 1
116 192 1
116 205 1
116 207 1
117 127 1
117 137 1
117 138 -1
117 142 1
117 149 1
117 152 1
117 153 -1
117 173 1
117 174 -1
117 176 -1
117 177 1
117 178 1
117 183 1
117 184 1
117 185 1
117 192 1
117 195 1
117 201 1
117 208 1
118 120 -1
118 121 1
118 122 1
118 123 -1
118 126 -1
118 140 1
118 144 1
118 146 1
118 149 -1
118 164 1
118 165 1
118 170 1
118 174 -1
118 179 1
118 182 1
118 191 1
118 194 -1
118 197 1
118 198 1
118 203 1
118 209 -1
118 210 1
119 120 1
119 123 1
119 127 -1
119 129 1
119 138 1
119 142 -1
119 144 1
119 145 1
119 153 1
119 159 1
119 161 -1
119 164 1
119 167 1
119 172 1
119 176 1
119 198 1
119 203 1
120 123 1
120 129 1
120 133 1
120 138 1
120 144 1
120 145 1
120 148 1
120 153 1
120 155 1
120 159 1
120 164 1
120 167 1
120 171 1
120 172 1
120 173 -1
120 175 1
120 176 1
120 186 1
120 196 1
121 122 1
121 123 -1
121 129 -1
121 135 -1
121 140 1
121 146 1
121 154 -1
121 160 1
121 162 -1
121 165 1
121 170 1
121 175 -1
121 179 1
121 182 1
121 191 1
121 197 1
121 198 1
121 199 1
121 203 1
121 205 -1
121 210 1
122 123 -1
122 127 -1
122 131 -1
122 135 -1
122 140 1
122 144 1
122 146 1
122 147 -1
122 160 1
122 164 1
122 165 1
122 170 1
122 179 1
122 182 1
122 188 -1
122 191 1
122 197 1
122 198 1
122 203 1
122 208 -1
122 210 1
123 128 -1
123 129 1
123 130 -1
123 133 1
123 137 -1
123 138 1
123 145 1
123 148 1
123 153 1
123 155 1
123 159 1
123 164 1
123 167 1
123 168 1
123 171 1
123 172 1
123 175 1
123 176 1
123 186 1
123 194 -1
123 196 1
124 131 1
124 132 1
124 134 1
124 135 1
124 136 1
124 150 1
124 155 1
124 163 1
124 168 1
124 171 1
124 175 1
124 186 1
124 187 1
124 189 1
124 190 -1
124 196 1
124 202 1
124 209 1
125 134 -1
125 140 1
125 146 1
125 152 -1
125 160 1
125 175 -1
125 191 1
125 197 1
125 199 1
125 205 -1
125 210 1
126 128 1
126 149 1
126 152 1
126 161 1
126 169 1
126 178 1
126 180 -1
126 184 1
126 192 1
126 205 1
126 207 1
127 130 1
127 137 1
127 142 1
127 157 1
127 158 -1
127 171 -1
127 173 1
127 177 1
127 183 1
127 184 -1
127 185 1
127 186 -1
127 193 1
127 195 1
127 201 1
127 207 -1
127 208 1
127 209 -1
128 139 -1
128 149 1
128 152 1
128 161 1
128 169 1
128 178 1
128 184 1
128 185 -1
128 192 1
128 201 -1
128 205 1
128 207 1
129 133 1
129 135 1
129 138 1
129 145 1
129 148 1
129 151 -1
129 153 1
129 155 1
129 159 1
129 164 1
129 167 1
129 168 1
129 171 1
129 172 1
129 175 1
129 176 1
129 186 1
129 188 -1
129 196 1
130 137 1
130 139 1
130 156 1
130 157 1
130 158 -1
130 169 -1
130 173 1
130 181 1
130 192 -1
130 193 1
130 195 1
130 208 1
131 132 1
131 134 1
131 135 1
131 136 1
131 146 -1
131 150 1
131 155 1
131 159 -1
131 163 1
131 167 -1
131 168 1
131 171 1
131 175 1
131 182 -1
131 187 1
131 189 1
131 196 -1
131 202 1
131 208 -1
131 209 1
132 134 1
132 135 1
132 136 1
132 143 1
132 150 1
132 151 1
132 154 1
132 156 -1
132 163 1
132 179 -1
132 183 -1
132 187 1
132 189 1
132 202 1
132 204 1
132 209 1
133 135 1
133 136 1
133 138 1
133 141 -1
133 145 1
133 148 1
133 150 1
133 153 1
133 155 1
133 156 -1
133 159 1
133 167 1
133 168 1
133 171 1
133 172 1
133 175 1
133 176 1
133 186 1
133 189 1
133 196 1
134 135 1
134 136 1
134 137 -1
134 141 -1
134 143 1
134 146 -1
134 150 1
134 151 1
134 163 1
134 168 1
134 175 1
134 185 -1
134 187 1
134 189 1
134 193 -1
134 202 1
134 203 -1
134 204 1
134 209 1
135 136 1
135 138 1
135 143 -1
135 145 1
135 148 1
135 150 1
135 155 1
135 163 1
135 167 1
135 168 1
135 171 1
135 175 1
135 186 1
135 187 1
135 189 1
135 195 -1
135 196 1
135 202 1
135 209 1
136 138 1
136 145 1
136 148 1
136 150 1
136 154 -1
136 155 1
136 163 1
136 168 1
136 171 1
136 175 1
136 180 -1
136 186 1
136 187 1
136 189 1
136 196 1
136 202 1
136 209 1
137 138 -1
137 139 1
137 142 1
137 157 1
137 165 -1
137 173 1
137 177 1
137 185 1
137 193 1
137 195 1
137 201 1
137 208 1
138 145 1
138 148 1
138 150 1
138 153 1
138 155 1
138 159 1
138 167 1
138 168 1
138 171 1
138 172 1
138 175 1
138 176 1
138 186 1
138 189 1
138 194 -1
138 196 1
139 147 -1
139 156 1
139 157 1
139 166 -1
139 169 -1
139 173 1
139 174 1
139 178 -1
139 181 1
139 187 -1
139 188 1
139 193 1
139 194 1
139 199 -1
139 208 1
139 209 -1
140 146 1
140 160 1
140 165 1
140 170 1
140 179 1
140 182 1
140 191 1
140 197 1
140 199 1
140 210 1
141 143 1
141 147 1
141 151 1
141 154 1
141 158 1
141 162 1
141 166 1
141 174 1
141 180 1
141 188 1
141 190 1
141 193 -1
141 194 1
141 200 1
141 204 1
141 206 1
142 143 -1
142 149 1
142 152 1
142 172 -1
142 173 1
142 176 -1
142 177 1
142 178 1
142 180 -1
142 183 1
142 184 1
142 185 1
142 187 -1
142 192 1
142 195 1
142 201 1
142 208 1
143 147 1
143 151 1
143 154 1
143 158 1
143 162 1
143 163 1
143 180 1
143 200 1
143 202 1
143 204 1
143 206 1
143 209 1
144 153 1
144 159 1
144 164 1
144 165 1
144 170 1
144 172 1
144 176 1
144 179 1
144 182 1
144 198 1
144 199 -1
144 203 1
145 146 -1
145 148 1
145 149 -1
145 150 1
145 153 1
145 155 1
145 156 -1
145 159 1
145 167 1
145 168 1
145 171 1
145 172 1
145 175 1
145 176 1
145 183 -1
145 186 1
145 196 1
146 160 1
146 165 1
146 170 1
146 179 1
146 182 1
146 191 1
146 197 1
146 198 1
146 199 1
146 203 1
146 210 1
147 151 1
147 154 1
147 158 1
147 162 1
147 166 1
147 174 1
147 180 1
147 186 -1
147 188 1
147 190 1
147 194 1
147 200 1
147 204 1
147 206 1
147 208 -1
148 150 1
148 153 1
148 155 1
148 159 1
148 167 1
148 168 1
148 171 1
148 172 1
148 175 1
148 176 1
148 178 -1
148 186 1
148 189 1
148 196 1
149 152 1
149 161 1
149 169 1
149 175 -1
149 177 1
149 178 1
149 180 -1
149 183 1
149 184 1
149 185 1
149 192 1
149 201 1
149 205 1
149 207 1
149 210 -1
150 155 1
150 163 1
150 167 1
150 168 1
150 171 1
150 175 1
150 179 -1
150 186 1
150 187 1
150 189 1
150 196 1
150 202 1
150 209 1
151 154 1
151 158 1
151 162 1
151 163 1
151 165 -1
151 176 -1
151 178 -1
151 179 -1
151 180 1
151 187 -1
151 196 -1
151 202 1
151 204 1
151 206 1
151 207 -1
151 209 1
152 161 1
152 169 1
152 177 1
152 178 1
152 183 1
152 184 1
152 185 1
152 192 1
152 194 -1
152 195 1
152 201 1
152 205 1
152 207 1
153 159 1
153 164 1
153 167 1
153 171 1
153 172 1
153 176 1
153 186 1
153 196 1
153 203 1
153 205 -1
153 209 -1
154 158 1
154 162 1
154 163 1
154 166 1
154 173 -1
154 180 1
154 181 -1
154 190 1
154 194 -1
154 200 1
154 204 1
154 206 1
155 167 1
155 168 1
155 171 1
155 172 1
155 175 1
155 176 1
155 186 1
155 187 1
155 189 1
155 196 1
155 205 -1
156 157 1
156 162 1
156 166 1
156 170 -1
156 174 1
156 175 -1
156 181 1
156 188 1
156 190 1
156 193 1
156 194 1
156 200 1
156 207 -1
157 173 1
157 181 1
157 189 -1
157 193 1
157 194 1
157 208 1
158 162 1
158 163 -1
158 166 1
158 168 -1
158 174 1
158 180 1
158 188 1
158 190 1
158 194 1
158 198 -1
158 200 1
158 204 1
158 206 1
159 164 1
159 166 -1
159 167 1
159 172 1
159 176 1
159 198 1
159 203 1
160 165 1
160 170 1
160 189 -1
160 191 1
160 197 1
160 199 1
160 206 -1
160 210 1
161 162 -1
161 169 1
161 178 1
161 184 1
161 187 -1
161 192 1
161 202 -1
161 205 1
161 207 1
162 166 1
162 174 1
162 180 1
162 181 1
162 187 -1
162 188 1
162 190 1
162 194 1
162 200 1
162 204 1
162 206 1
163 164 -1
163 185 -1
163 187 1
163 189 1
163 201 -1
163 202 1
163 203 -1
163 204 1
163 207 -1
163 209 1
164 165 1
164 167 1
164 172 1
164 176 1
164 179 1
164 182 1
164 196 -1
164 198 1
164 203 1
165 169 -1
165 170 1
165 177 -1
165 179 1
165 182 1
165 183 -1
165 188 -1
165 191 1
165 197 1
165 198 1
165 203 1
165 204 -1
165 207 -1
165 210 1
166 174 1
166 180 1
166 181 1
166 183 -1
166 188 1
166 190 1
166 194 1
166 200 1
166 206 1
167 168 1
167 171 1
167 172 1
167 175 1
167 176 1
167 181 -1
167 186 1
167 196 1
168 169 -1
168 171 1
168 175 1
168 176 1
168 185 -1
168 186 1
168 187 1
168 189 1
168 196 1
168 200 -1
169 174 -1
169 178 1
169 184 1
169 192 1
169 205 1
169 207 1
170 179 1
170 182 1
170 191 1
170 194 -1
170 197 1
170 198 1
170 199 1
170 203 1
170 206 -1
170 210 1
171 172 1
171 175 1
171 176 1
171 186 1
171 187 1
171 189 1
171 192 -1
171 196 1
172 175 -1
172 176 1
172 186 1
172 196 1
172 208 -1
173 177 1
173 183 1
173 185 1
173 193 1
173 195 1
173 201 1
173 202 -1
173 208 1
174 177 -1
174 180 1
174 181 1
174 188 1
174 190 1
174 191 -1
174 194 1
174 196 -1
174 200 1
174 202 -1
174 206 1
175 176 1
175 179 -1
175 184 -1
175 186 1
175 187 1
175 189 1
175 190 -1
175 196 1
175 199 -1
175 205 -1
175 210 -1
176 186 1
176 191 -1
176 196 1
176 201 -1
177 178 1
177 183 1
177 184 1
177 185 1
177 192 1
177 195 1
177 199 -1
177 201 1
177 207 1
177 208 1
178 183 1
178 184 1
178 185 1
178 192 1
178 195 1
178 196 -1
178 201 1
178 205 1
178 207 1
179 182 1
179 186 -1
179 191 1
179 195 -1
179 197 1
179 198 1
179 203 1
179 210 1
180 188 1
180 190 1
180 194 1
180 200 1
180 204 1
180 206 1
181 188 1
181 190 1
181 193 1
181 194 1
181 196 -1
181 200 1
181 202 -1
182 185 -1
182 191 1
182 197 1
182 198 1
182 203 1
182 210 1
183 184 1
183 185 1
183 192 1
183 195 1
183 201 1
183 203 -1
183 207 1
184 185 1
184 192 1
184 195 1
184 198 -1
184 201 1
184 205 1
184 207 1
185 192 1
185 195 1
185 201 1
185 208 1
186 187 1
186 189 1
186 196 1
186 201 -1
187 189 1
187 196 1
187 202 1
187 209 1
188 190 1
188 194 1
188 200 1
188 206 1
189 196 1
189 202 1
189 209 1
190 194 1
190 200 1
190 206 1
191 197 1
191 199 1
191 210 1
192 195 1
192 201 1
192 204 -1
192 205 1
192 207 1
193 195 1
193 201 -1
193 204 -1
193 208 1
194 200 1
194 206 1
194 207 -1
195 201 1
195 208 1
197 199 1
197 210 1
198 203 1
198 210 1
199 210 1
200 206 1
201 205 -1
201 207 1
201 208 1
202 204 1
202 207 -1
202 208 -1
202 209 1
204 206 1
204 209 1
205 207 1
