vertices: 210 edges: 4415
1 4 1
1 9 1
1 10 -1
1 25 -1
1 30 -1
1 37 1
1 47 1
1 51 1
1 52 -1
1 53 -1
1 62 -1
1 64 1
1 70 -1
1 77 1
1 80 -1
1 83 -1
1 88 -1
1 100 1
1 104 1
1 124 -1
1 138 1
1 139 1
1 141 1
1 142 1
1 154 -1
1 175 1
1 176 -1
1 177 1
1 185 -1
1 190 -1
1 194 -1
1 203 -1
1 204 -1
1 209 -1
2 3 -1
2 13 -1
2 15 1
2 19 -1
2 22 1
2 25 1
2 34 -1
2 40 -1
2 42 -1
2 45 -1
2 49 -1
2 51 -1
2 52 -1
2 57 -1
2 60 -1
2 61 -1
2 62 1
2 63 -1
2 65 -1
2 66 -1
2 68 -1
2 74 -1
2 77 -1
2 78 -1
2 82 -1
2 88 -1
2 91 -1
2 95 -1
2 96 1
2 98 -1
2 112 -1
2 115 1
2 120 -1
2 121 -1
2 123 -1
2 141 -1
2 144 -1
2 154 -1
2 178 -1
2 181 -1
2 188 -1
2 192 -1
2 194 -1
2 207 -1
2 209 -1
3 5 -1
3 17 -1
3 18 -1
3 19 -1
3 25 -1
3 27 -1
3 30 -1
3 46 -1
3 52 -1
3 55 -1
3 59 1
3 65 -1
3 72 1
3 76 -1
3 79 -1
3 82 -1
3 85 -1
3 93 -1
3 95 -1
3 97 -1
3 99 -1
3 104 -1
3 109 -1
3 111 -1
3 112 -1
3 136 -1
3 137 -1
3 165 -1
3 167 1
3 168 -1
3 169 -1
3 173 -1
3 174 -1
3 176 -1
3 178 -1
3 179 -1
3 181 -1
3 190 -1
3 193 -1
3 197 -1
3 205 -1
4 5 -1
4 6 -1
4 13 1
4 15 -1
4 21 -1
4 37 1
4 51 1
4 55 1
4 57 -1
4 61 -1
4 66 -1
4 72 -1
4 78 -1
4 96 -1
4 98 -1
4 100 1
4 101 -1
4 102 -1
4 103 -1
4 104 1
4 106 -1
4 109 -1
4 123 -1
4 129 -1
4 130 1
4 132 -1
4 136 -1
4 138 1
4 139 1
4 145 -1
4 146 -1
4 156 -1
4 159 -1
4 160 -1
4 167 -1
4 172 1
4 175 1
4 177 -1
4 190 -1
4 198 -1
4 202 -1
4 206 -1
5 10 -1
5 32 -1
5 47 -1
5 53 -1
5 54 -1
5 61 -1
5 70 1
5 72 -1
5 73 1
5 79 -1
5 81 -1
5 95 1
5 118 -1
5 121 1
5 122 1
5 124 -1
5 149 -1
5 153 -1
5 161 1
5 163 -1
5 166 -1
5 169 -1
5 173 -1
5 176 -1
5 180 -1
5 181 -1
5 184 1
5 191 1
5 197 1
5 207 -1
5 210 -1
6 7 -1
6 19 -1
6 21 -1
6 29 -1
6 34 -1
6 37 -1
6 39 -1
6 42 1
6 51 -1
6 55 -1
6 58 -1
6 64 -1
6 65 1
6 76 -1
6 78 -1
6 79 -1
6 80 -1
6 81 1
6 83 -1
6 86 1
6 87 -1
6 88 1
6 94 -1
6 101 1
6 102 -1
6 104 -1
6 116 -1
6 119 -1
6 121 -1
6 123 -1
6 124 -1
6 128 -1
6 131 -1
6 139 -1
6 152 -1
6 155 1
6 157 -1
6 159 1
6 160 -1
6 162 -1
6 163 -1
6 167 -1
6 176 -1
6 180 -1
6 181 -1
6 187 -1
6 195 1
6 199 -1
6 202 -1
6 205 -1
7 11 -1
7 12 -1
7 13 -1
7 21 -1
7 23 -1
7 27 -1
7 29 -1
7 32 -1
7 37 -1
7 41 -1
7 44 -1
7 51 -1
7 54 -1
7 56 -1
7 65 -1
7 76 1
7 78 -1
7 81 -1
7 87 -1
7 96 -1
7 99 1
7 105 -1
7 107 1
7 108 1
7 110 -1
7 111 1
7 114 -1
7 119 -1
7 123 -1
7 125 -1
7 134 1
7 139 -1
7 155 -1
7 158 -1
7 165 -1
7 166 1
7 183 -1
7 187 -1
7 196 -1
7 197 -1
7 201 -1
7 204 -1
7 209 -1
8 13 -1
8 16 -1
8 23 1
8 24 -1
8 26 1
8 31 -1
8 36 -1
8 37 -1
8 38 1
8 61 1
8 62 -1
8 76 -1
8 94 -1
8 98 -1
8 99 -1
8 100 -1
8 102 -1
8 105 -1
8 112 -1
8 114 -1
8 130 -1
8 140 -1
8 143 1
8 144 -1
8 148 -1
8 153 -1
8 155 -1
8 156 -1
8 160 -1
8 170 -1
8 182 1
8 197 -1
8 199 1
8 202 1
8 204 -1
8 207 -1
9 19 -1
9 20 -1
9 23 -1
9 27 -1
9 34 -1
9 36 -1
9 37 1
9 43 -1
9 46 -1
9 47 1
9 52 -1
9 62 -1
9 64 1
9 65 -1
9 75 -1
9 77 1
9 83 -1
9 94 -1
9 95 -1
9 96 -1
9 97 -1
9 108 -1
9 109 -1
9 129 -1
9 132 -1
9 138 1
9 139 1
9 141 1
9 142 1
9 144 -1
9 153 -1
9 155 -1
9 174 -1
9 175 1
9 177 1
9 183 -1
9 189 -1
9 193 -1
9 195 -1
9 196 -1
9 202 -1
9 203 -1
10 13 -1
10 16 -1
10 20 1
10 21 -1
10 22 -1
10 32 -1
10 33 -1
10 38 -1
10 40 -1
10 44 -1
10 46 -1
10 48 1
10 51 -1
10 56 -1
10 57 -1
10 64 -1
10 66 1
10 69 -1
10 70 -1
10 73 -1
10 76 -1
10 86 -1
10 89 -1
10 93 -1
10 97 1
10 103 1
10 107 -1
10 108 -1
10 110 -1
10 111 -1
10 113 -1
10 119 1
10 127 -1
10 131 -1
10 141 -1
10 144 -1
10 155 -1
10 160 -1
10 161 -1
10 167 -1
10 173 -1
10 176 -1
10 182 -1
10 185 1
10 188 -1
10 189 1
10 199 -1
10 203 -1
10 204 -1
10 206 1
10 208 -1
10 209 -1
11 17 -1
11 24 -1
11 26 -1
11 32 1
11 38 -1
11 47 -1
11 60 -1
11 61 -1
11 69 -1
11 74 -1
11 80 1
11 87 -1
11 97 -1
11 98 -1
11 111 -1
11 113 1
11 120 -1
11 122 -1
11 123 1
11 139 -1
11 143 -1
11 146 -1
11 147 1
11 150 -1
11 155 -1
11 158 -1
11 162 1
11 163 -1
11 172 -1
11 173 1
11 179 -1
11 180 -1
11 187 -1
11 202 -1
11 208 -1
11 209 -1
12 16 1
12 18 -1
12 24 -1
12 30 -1
12 40 -1
12 42 -1
12 48 -1
12 62 -1
12 68 -1
12 81 -1
12 84 -1
12 86 -1
12 87 1
12 91 -1
12 98 -1
12 103 -1
12 104 -1
12 106 -1
12 113 -1
12 126 -1
12 130 -1
12 135 -1
12 139 -1
12 146 -1
12 151 1
12 153 1
12 154 -1
12 159 -1
12 163 -1
12 169 -1
12 174 1
12 190 1
12 197 -1
12 201 -1
12 205 -1
12 207 -1
13 30 1
13 32 -1
13 37 -1
13 40 -1
13 44 -1
13 45 1
13 51 1
13 55 1
13 61 -1
13 66 -1
13 76 -1
13 77 -1
13 78 1
13 80 -1
13 95 -1
13 99 -1
13 100 1
13 104 1
13 105 -1
13 107 -1
13 111 -1
13 112 -1
13 115 -1
13 117 -1
13 121 -1
13 130 1
13 145 -1
13 149 -1
13 152 -1
13 153 -1
13 156 -1
13 161 -1
13 163 -1
13 170 -1
13 172 1
13 175 1
13 177 -1
13 178 -1
13 194 -1
14 16 1
14 18 1
14 19 -1
14 22 -1
14 23 -1
14 25 -1
14 26 -1
14 30 -1
14 36 -1
14 37 -1
14 39 1
14 41 -1
14 42 -1
14 67 -1
14 69 -1
14 70 -1
14 72 -1
14 86 -1
14 89 -1
14 90 1
14 94 -1
14 95 -1
14 102 -1
14 105 -1
14 109 1
14 120 -1
14 124 -1
14 128 -1
14 133 -1
14 135 -1
14 148 -1
14 152 1
14 153 1
14 155 -1
14 157 1
14 158 -1
14 160 -1
14 175 -1
14 179 -1
14 180 -1
14 182 -1
14 183 -1
14 185 -1
14 193 -1
14 201 1
14 203 -1
14 205 -1
15 19 -1
15 23 -1
15 25 1
15 34 -1
15 41 1
15 51 -1
15 60 -1
15 62 1
15 70 -1
15 71 -1
15 73 -1
15 75 -1
15 89 -1
15 90 -1
15 95 -1
15 99 -1
15 106 -1
15 110 1
15 113 -1
15 115 1
15 118 -1
15 128 -1
15 136 -1
15 139 -1
15 146 -1
15 150 -1
15 152 -1
15 154 -1
15 164 -1
15 179 -1
15 182 -1
15 186 -1
15 198 -1
15 204 -1
16 21 -1
16 31 -1
16 33 -1
16 38 -1
16 39 1
16 48 -1
16 55 -1
16 58 -1
16 61 -1
16 70 -1
16 78 -1
16 79 -1
16 80 -1
16 87 -1
16 90 1
16 94 -1
16 101 -1
16 102 -1
16 109 1
16 111 -1
16 117 -1
16 135 -1
16 144 -1
16 150 -1
16 152 1
16 153 1
16 157 1
16 158 -1
16 161 -1
16 164 -1
16 167 -1
16 176 -1
16 181 -1
16 183 -1
16 184 -1
16 190 -1
16 192 -1
16 200 -1
16 201 1
16 204 -1
16 209 -1
16 210 -1
17 21 -1
17 23 -1
17 28 1
17 35 -1
17 36 1
17 39 -1
17 45 -1
17 52 1
17 54 -1
17 58 -1
17 70 -1
17 74 -1
17 76 -1
17 79 1
17 80 -1
17 82 1
17 89 -1
17 90 -1
17 92 -1
17 97 -1
17 106 -1
17 110 -1
17 112 -1
17 114 -1
17 121 -1
17 125 -1
17 128 1
17 129 -1
17 142 -1
17 143 -1
17 144 1
17 153 -1
17 155 -1
17 165 1
17 172 -1
17 176 -1
17 179 -1
17 181 1
17 183 -1
17 184 -1
17 188 -1
17 193 1
17 195 -1
17 201 -1
18 20 -1
18 21 -1
18 39 1
18 42 -1
18 44 -1
18 53 -1
18 58 -1
18 71 -1
18 81 -1
18 90 1
18 109 1
18 110 -1
18 112 -1
18 119 -1
18 124 1
18 129 -1
18 140 -1
18 145 -1
18 147 -1
18 148 -1
18 151 -1
18 152 1
18 157 1
18 163 1
18 165 -1
18 172 -1
18 183 -1
18 192 1
18 196 -1
18 201 1
18 205 -1
19 21 -1
19 26 -1
19 32 -1
19 41 -1
19 42 1
19 45 -1
19 48 -1
19 53 -1
19 58 -1
19 63 -1
19 65 1
19 67 1
19 77 -1
19 79 -1
19 80 -1
19 83 -1
19 88 -1
19 89 -1
19 91 -1
19 96 -1
19 99 -1
19 101 1
19 105 -1
19 106 1
19 109 -1
19 117 -1
19 119 -1
19 120 1
19 126 -1
19 131 -1
19 132 -1
19 135 -1
19 138 -1
19 149 -1
19 152 -1
19 153 -1
19 155 1
19 158 -1
19 159 1
19 171 -1
19 174 -1
19 181 -1
19 184 -1
19 186 1
19 195 1
19 204 -1
19 206 -1
20 44 -1
20 48 -1
20 50 -1
20 55 -1
20 60 -1
20 62 -1
20 63 -1
20 66 1
20 70 -1
20 74 1
20 84 1
20 85 -1
20 87 -1
20 95 -1
20 101 -1
20 115 -1
20 124 -1
20 126 -1
20 138 -1
20 139 -1
20 141 -1
20 145 -1
20 146 -1
20 159 -1
20 160 -1
20 161 -1
20 170 -1
20 172 -1
20 179 -1
20 180 -1
20 183 -1
20 185 1
20 189 -1
20 205 -1
20 206 1
20 209 -1
21 23 -1
21 24 1
21 26 -1
21 31 -1
21 39 -1
21 46 1
21 48 1
21 49 -1
21 55 -1
21 71 -1
21 75 -1
21 76 -1
21 79 -1
21 84 -1
21 88 -1
21 91 -1
21 93 -1
21 95 -1
21 97 1
21 103 1
21 112 -1
21 119 1
21 121 -1
21 124 -1
21 127 -1
21 129 1
21 134 -1
21 142 -1
21 150 1
21 158 1
21 160 -1
21 167 -1
21 169 -1
21 171 -1
21 176 -1
21 180 -1
21 182 -1
21 189 1
21 192 -1
21 200 1
21 203 -1
21 205 1
21 207 1
22 28 -1
22 37 -1
22 55 -1
22 57 -1
22 59 -1
22 62 1
22 65 -1
22 82 -1
22 90 -1
22 92 -1
22 96 1
22 99 1
22 100 -1
22 106 -1
22 108 1
22 114 -1
22 116 1
22 118 -1
22 121 -1
22 128 -1
22 132 -1
22 133 -1
22 134 1
22 135 -1
22 150 -1
22 165 -1
22 166 1
22 177 -1
22 182 -1
22 183 -1
22 184 -1
22 186 -1
22 190 -1
22 209 -1
23 26 1
23 31 -1
23 33 -1
23 38 1
23 40 -1
23 55 -1
23 61 1
23 64 -1
23 65 -1
23 69 -1
23 72 -1
23 74 -1
23 77 -1
23 81 -1
23 88 -1
23 95 -1
23 105 -1
23 108 -1
23 109 -1
23 110 -1
23 119 -1
23 120 -1
23 123 -1
23 130 -1
23 143 1
23 146 -1
23 150 -1
23 153 -1
23 156 -1
23 157 -1
23 163 -1
23 169 -1
23 176 -1
23 178 -1
23 182 1
23 184 -1
23 190 -1
23 199 1
24 28 -1
24 29 -1
24 34 -1
24 36 -1
24 37 -1
24 38 -1
24 43 1
24 46 1
24 51 -1
24 57 -1
24 59 -1
24 71 -1
24 79 -1
24 81 -1
24 92 -1
24 93 -1
24 97 1
24 118 -1
24 128 -1
24 129 1
24 131 -1
24 137 -1
24 139 -1
24 150 1
24 153 -1
24 158 1
24 161 -1
24 165 -1
24 166 -1
24 170 1
24 171 -1
24 179 -1
24 185 -1
24 186 -1
24 191 -1
24 197 -1
24 200 1
24 205 1
24 207 1
25 26 -1
25 45 -1
25 48 -1
25 50 -1
25 52 -1
25 59 -1
25 61 -1
25 62 1
25 68 -1
25 71 -1
25 77 -1
25 89 -1
25 92 -1
25 94 -1
25 111 -1
25 115 1
25 116 -1
25 118 -1
25 121 -1
25 133 -1
25 141 -1
25 145 -1
25 161 -1
25 170 -1
25 179 -1
25 182 -1
25 183 -1
25 190 -1
25 193 -1
25 196 -1
25 201 -1
25 202 -1
26 27 -1
26 28 -1
26 34 1
26 36 -1
26 38 1
26 39 -1
26 41 -1
26 45 -1
26 53 -1
26 61 1
26 77 -1
26 93 -1
26 97 -1
26 98 1
26 104 -1
26 111 -1
26 114 -1
26 124 -1
26 125 -1
26 131 -1
26 136 -1
26 137 -1
26 141 -1
26 144 -1
26 157 -1
26 158 -1
26 161 -1
26 162 -1
26 168 -1
26 182 1
26 183 -1
26 187 -1
26 192 -1
27 33 -1
27 48 -1
27 52 -1
27 53 -1
27 54 -1
27 55 -1
27 62 -1
27 71 -1
27 83 -1
27 84 -1
27 86 -1
27 90 -1
27 94 -1
27 97 -1
27 102 -1
27 114 -1
27 117 1
27 122 -1
27 125 -1
27 129 -1
27 133 -1
27 136 -1
27 144 -1
27 148 1
27 154 -1
27 162 -1
27 178 1
27 181 -1
27 187 -1
27 189 -1
27 201 -1
27 207 -1
27 208 1
28 36 1
28 38 -1
28 42 -1
28 46 -1
28 49 -1
28 52 1
28 58 -1
28 61 -1
28 67 -1
28 70 -1
28 71 -1
28 72 -1
28 76 -1
28 87 -1
28 94 -1
28 95 -1
28 97 -1
28 99 -1
28 105 1
28 108 -1
28 120 -1
28 126 1
28 127 -1
28 128 1
28 139 -1
28 144 1
28 151 -1
28 153 -1
28 155 -1
28 156 -1
28 157 -1
28 163 -1
28 165 1
28 170 -1
28 173 -1
28 176 -1
28 180 -1
28 186 -1
28 190 -1
28 192 -1
28 193 1
28 195 -1
28 197 -1
28 202 1
28 207 -1
29 31 1
29 37 -1
29 44 -1
29 54 -1
29 56 -1
29 59 -1
29 66 -1
29 75 -1
29 76 -1
29 98 -1
29 102 1
29 112 -1
29 113 -1
29 117 -1
29 122 -1
29 127 1
29 135 1
29 137 -1
29 140 1
29 141 -1
29 145 1
29 153 -1
29 161 -1
29 164 -1
29 177 -1
29 178 -1
29 179 -1
29 180 1
29 192 -1
29 193 -1
29 194 1
29 198 -1
29 202 -1
29 207 -1
29 208 -1
29 209 -1
30 31 -1
30 32 -1
30 35 -1
30 37 -1
30 45 1
30 50 -1
30 51 1
30 55 1
30 61 -1
30 64 -1
30 67 -1
30 78 1
30 80 -1
30 81 -1
30 83 -1
30 89 -1
30 94 -1
30 100 1
30 106 -1
30 115 -1
30 128 -1
30 130 1
30 133 -1
30 136 -1
30 142 -1
30 154 -1
30 155 -1
30 171 -1
30 172 1
30 177 -1
30 184 -1
30 185 -1
30 186 -1
30 191 -1
30 193 -1
30 195 -1
30 201 -1
30 204 -1
30 207 -1
31 35 -1
31 38 -1
31 40 1
31 42 -1
31 44 1
31 48 -1
31 53 1
31 57 -1
31 64 -1
31 72 -1
31 75 1
31 79 -1
31 89 -1
31 94 1
31 101 -1
31 104 -1
31 107 -1
31 123 -1
31 124 -1
31 129 -1
31 132 1
31 136 1
31 137 -1
31 139 -1
31 141 -1
31 145 1
31 148 -1
31 154 -1
31 156 -1
31 158 -1
31 160 1
31 164 1
31 165 -1
31 168 -1
31 170 -1
31 171 -1
31 173 -1
31 176 1
31 184 -1
31 190 -1
31 192 -1
31 194 1
31 195 -1
31 196 -1
32 44 -1
32 45 -1
32 52 -1
32 54 -1
32 65 -1
32 67 -1
32 68 -1
32 76 -1
32 80 1
32 83 -1
32 85 -1
32 87 1
32 90 -1
32 102 -1
32 103 -1
32 107 -1
32 113 1
32 119 -1
32 121 -1
32 123 1
32 124 -1
32 127 -1
32 131 -1
32 134 -1
32 136 -1
32 139 -1
32 142 -1
32 147 1
32 153 -1
32 159 -1
32 162 1
32 166 -1
32 167 -1
32 168 -1
32 171 -1
32 172 -1
32 173 1
32 185 -1
32 186 -1
32 189 -1
32 190 -1
32 199 -1
32 204 -1
32 207 -1
32 208 -1
33 49 -1
33 50 -1
33 57 1
33 63 1
33 70 -1
33 71 -1
33 73 -1
33 77 -1
33 80 -1
33 85 1
33 88 -1
33 90 -1
33 105 -1
33 112 -1
33 114 1
33 116 -1
33 117 -1
33 118 -1
33 122 -1
33 125 1
33 132 -1
33 142 -1
33 144 -1
33 145 -1
33 146 -1
33 156 1
33 174 -1
33 177 -1
33 178 -1
33 194 -1
33 199 -1
33 200 -1
33 203 1
33 205 -1
33 210 -1
34 38 -1
34 42 -1
34 43 -1
34 46 -1
34 54 -1
34 65 -1
34 73 -1
34 76 1
34 86 -1
34 98 1
34 105 -1
34 111 1
34 115 -1
34 124 -1
34 130 -1
34 132 -1
34 139 -1
34 145 -1
34 148 -1
34 151 -1
34 171 -1
34 174 -1
34 175 -1
34 178 -1
34 192 -1
34 198 -1
34 201 -1
34 202 -1
34 204 -1
34 206 -1
34 207 -1
34 210 -1
35 37 -1
35 44 -1
35 46 -1
35 47 -1
35 51 -1
35 52 -1
35 56 1
35 57 -1
35 59 -1
35 71 1
35 76 -1
35 80 1
35 83 -1
35 86 -1
35 87 -1
35 95 -1
35 96 -1
35 102 -1
35 114 -1
35 117 -1
35 120 -1
35 123 1
35 131 1
35 132 -1
35 137 -1
35 143 -1
35 153 -1
35 158 -1
35 162 1
35 164 -1
35 165 -1
35 169 -1
35 171 -1
35 172 -1
35 173 1
35 178 -1
35 182 -1
35 184 -1
35 188 -1
35 192 -1
35 193 -1
35 204 1
35 209 1
35 210 1
36 46 -1
36 48 -1
36 52 1
36 54 -1
36 72 -1
36 79 1
36 86 -1
36 97 -1
36 102 -1
36 105 1
36 115 -1
36 120 -1
36 125 -1
36 126 1
36 128 1
36 135 -1
36 144 1
36 149 -1
36 153 -1
36 165 1
36 176 -1
36 177 -1
36 179 -1
36 180 -1
36 181 1
36 186 -1
36 190 -1
36 191 -1
36 193 1
36 198 -1
36 203 -1
36 209 -1
37 47 1
37 50 -1
37 51 1
37 54 -1
37 64 1
37 77 1
37 79 -1
37 81 -1
37 90 -1
37 92 -1
37 95 -1
37 100 1
37 103 -1
37 104 1
37 113 -1
37 114 -1
37 115 -1
37 126 -1
37 127 -1
37 134 -1
37 138 1
37 139 1
37 140 -1
37 141 1
37 142 1
37 146 -1
37 150 -1
37 153 -1
37 160 -1
37 161 -1
37 166 -1
37 167 -1
37 168 -1
37 169 -1
37 171 -1
37 174 -1
37 175 1
37 176 -1
37 177 -1
37 180 -1
37 184 -1
37 185 -1
37 186 -1
37 187 -1
37 190 -1
37 193 -1
37 196 -1
37 205 -1
37 207 -1
37 209 -1
38 48 -1
38 49 -1
38 53 -1
38 61 1
38 62 -1
38 71 -1
38 75 -1
38 89 -1
38 96 -1
38 106 -1
38 112 -1
38 114 -1
38 122 -1
38 123 -1
38 128 -1
38 135 -1
38 140 -1
38 142 -1
38 143 1
38 146 -1
38 154 -1
38 161 -1
38 164 -1
38 171 -1
38 172 -1
38 176 -1
38 181 -1
38 182 1
38 184 -1
38 199 1
39 43 -1
39 44 -1
39 54 -1
39 61 -1
39 64 -1
39 75 -1
39 90 1
39 94 -1
39 97 -1
39 100 -1
39 102 -1
39 103 -1
39 105 -1
39 109 1
39 123 -1
39 135 -1
39 137 -1
39 141 -1
39 144 -1
39 145 -1
39 152 1
39 156 -1
39 157 1
39 159 -1
39 179 -1
39 181 -1
39 192 1
39 199 -1
39 201 1
39 208 -1
40 44 1
40 47 -1
40 49 -1
40 53 1
40 59 1
40 62 -1
40 73 -1
40 75 1
40 86 -1
40 94 1
40 95 -1
40 105 -1
40 106 -1
40 109 -1
40 110 -1
40 132 1
40 133 -1
40 136 1
40 138 -1
40 139 -1
40 149 -1
40 154 -1
40 155 -1
40 159 -1
40 160 1
40 164 1
40 176 1
40 186 -1
40 189 -1
40 194 -1
40 207 -1
40 209 -1
41 42 -1
41 44 -1
41 46 -1
41 54 -1
41 57 1
41 78 -1
41 81 -1
41 87 -1
41 89 -1
41 90 -1
41 101 -1
41 102 -1
41 106 -1
41 107 -1
41 110 1
41 114 1
41 115 1
41 139 -1
41 141 -1
41 148 -1
41 149 -1
41 155 -1
41 156 -1
41 161 -1
41 166 -1
41 167 -1
41 177 -1
41 182 -1
41 192 -1
41 197 -1
41 203 1
41 205 -1
42 48 -1
42 65 1
42 67 1
42 81 1
42 83 -1
42 85 -1
42 88 -1
42 95 -1
42 96 -1
42 98 -1
42 101 1
42 105 -1
42 115 -1
42 137 -1
42 138 -1
42 155 1
42 159 1
42 166 -1
42 174 -1
42 176 -1
42 194 -1
42 195 1
42 198 -1
42 205 -1
43 50 -1
43 59 -1
43 60 -1
43 65 -1
43 69 -1
43 77 -1
43 80 -1
43 90 -1
43 107 -1
43 117 -1
43 118 -1
43 120 -1
43 124 1
43 129 1
43 131 -1
43 132 -1
43 137 1
43 138 -1
43 140 -1
43 151 -1
43 160 -1
43 161 -1
43 162 -1
43 163 1
43 169 -1
43 170 1
43 172 -1
43 178 -1
43 180 -1
43 185 -1
43 190 -1
43 207 1
44 49 -1
44 50 -1
44 53 1
44 59 1
44 74 -1
44 75 1
44 79 -1
44 81 -1
44 88 -1
44 91 -1
44 94 1
44 96 -1
44 108 -1
44 110 -1
44 114 -1
44 117 -1
44 119 -1
44 127 -1
44 130 -1
44 132 1
44 136 1
44 140 -1
44 142 -1
44 148 -1
44 151 -1
44 160 1
44 163 -1
44 164 1
44 167 -1
44 173 -1
44 176 1
44 177 -1
44 178 -1
44 179 -1
44 181 -1
44 184 -1
44 192 -1
44 196 -1
45 47 -1
45 55 1
45 57 -1
45 63 -1
45 68 -1
45 72 1
45 77 -1
45 78 1
45 81 -1
45 82 -1
45 85 -1
45 87 -1
45 88 -1
45 93 -1
45 94 -1
45 97 -1
45 100 -1
45 102 -1
45 110 -1
45 113 -1
45 117 -1
45 123 -1
45 126 -1
45 128 -1
45 130 1
45 145 -1
45 147 -1
45 149 -1
45 151 -1
45 161 -1
45 164 -1
45 167 1
45 168 -1
45 174 -1
45 175 -1
45 181 -1
45 195 -1
45 198 -1
45 201 -1
45 202 -1
45 204 -1
45 207 -1
45 208 -1
46 48 1
46 50 -1
46 55 -1
46 63 -1
46 66 1
46 68 -1
46 75 -1
46 85 -1
46 90 -1
46 91 -1
46 96 -1
46 97 1
46 103 1
46 112 -1
46 118 -1
46 119 1
46 129 1
46 143 -1
46 144 -1
46 146 -1
46 149 -1
46 150 1
46 151 -1
46 158 1
46 160 -1
46 167 -1
46 168 -1
46 171 -1
46 174 -1
46 175 -1
46 189 1
46 192 -1
46 193 -1
46 199 -1
46 200 1
46 201 -1
46 205 1
46 207 1
46 208 -1
47 52 -1
47 61 -1
47 62 -1
47 64 1
47 65 -1
47 77 1
47 81 -1
47 82 -1
47 91 -1
47 100 -1
47 104 1
47 117 -1
47 127 -1
47 128 -1
47 133 -1
47 138 1
47 139 1
47 141 1
47 142 1
47 146 -1
47 155 -1
47 156 -1
47 157 -1
47 166 -1
47 167 -1
47 168 -1
47 169 -1
47 175 1
47 176 -1
47 177 1
47 181 -1
47 182 -1
47 187 -1
47 205 -1
47 208 -1
48 55 -1
48 62 -1
48 64 -1
48 66 1
48 76 -1
48 80 -1
48 83 -1
48 88 -1
48 90 -1
48 91 -1
48 94 -1
48 97 1
48 102 -1
48 103 1
48 106 -1
48 112 -1
48 117 -1
48 119 1
48 126 -1
48 131 -1
48 138 -1
48 144 -1
48 150 1
48 153 -1
48 158 1
48 159 -1
48 162 -1
48 164 -1
48 171 -1
48 180 -1
48 183 -1
48 185 1
48 187 -1
48 189 1
48 193 -1
48 197 -1
48 199 -1
48 200 1
48 202 -1
48 205 1
48 206 1
49 64 -1
49 71 -1
49 75 -1
49 81 -1
49 82 1
49 86 -1
49 88 -1
49 92 1
49 105 -1
49 110 -1
49 113 -1
49 114 -1
49 117 -1
49 120 -1
49 131 -1
49 144 -1
49 149 1
49 158 -1
49 159 -1
49 162 -1
49 165 -1
49 166 -1
49 169 -1
49 172 -1
49 174 -1
49 176 -1
49 188 1
49 192 -1
49 193 -1
49 195 -1
49 196 -1
49 205 -1
50 53 -1
50 56 -1
50 67 -1
50 76 -1
50 86 -1
50 87 -1
50 92 -1
50 105 -1
50 106 -1
50 110 -1
50 116 -1
50 126 -1
50 139 -1
50 143 -1
50 144 -1
50 149 -1
50 152 -1
50 164 -1
50 165 -1
50 171 1
50 173 -1
50 179 1
50 183 1
50 186 -1
50 187 1
50 190 -1
50 192 -1
50 201 -1
50 206 -1
50 207 -1
51 52 -1
51 55 1
51 56 -1
51 58 -1
51 60 -1
51 64 -1
51 67 -1
51 68 -1
51 79 -1
51 83 -1
51 87 -1
51 100 1
51 101 -1
51 104 1
51 112 -1
51 115 -1
51 118 -1
51 126 -1
51 128 -1
51 129 -1
51 130 1
51 131 -1
51 138 1
51 139 1
51 144 -1
51 150 -1
51 153 -1
51 163 -1
51 164 -1
51 165 -1
51 171 -1
51 172 1
51 175 1
51 176 -1
51 182 -1
51 185 -1
51 208 -1
52 56 -1
52 64 -1
52 71 -1
52 79 1
52 82 1
52 84 -1
52 89 -1
52 100 -1
52 103 -1
52 105 -1
52 124 -1
52 126 1
52 128 1
52 132 -1
52 134 -1
52 138 -1
52 140 -1
52 141 -1
52 143 -1
52 144 1
52 146 -1
52 149 -1
52 153 -1
52 162 -1
52 163 -1
52 165 1
52 167 -1
52 181 1
52 184 -1
52 191 -1
52 193 1
52 196 -1
52 197 -1
52 199 -1
52 200 -1
52 204 -1
52 209 -1
53 56 -1
53 59 1
53 61 -1
53 62 -1
53 71 -1
53 73 -1
53 75 1
53 77 -1
53 88 -1
53 89 -1
53 93 -1
53 94 1
53 98 -1
53 100 -1
53 103 -1
53 109 -1
53 110 -1
53 114 -1
53 131 -1
53 132 1
53 133 -1
53 136 1
53 138 -1
53 140 -1
53 149 -1
53 151 -1
53 160 1
53 164 1
53 175 -1
53 176 1
53 177 -1
53 178 -1
53 181 -1
53 186 -1
53 187 -1
53 188 -1
53 192 -1
53 196 -1
53 209 -1
53 210 -1
54 58 -1
54 60 1
54 68 -1
54 69 1
54 70 -1
54 74 -1
54 81 -1
54 85 -1
54 90 -1
54 101 -1
54 119 -1
54 138 -1
54 139 -1
54 142 -1
54 143 -1
54 154 1
54 161 -1
54 162 -1
54 163 -1
54 169 1
54 174 -1
54 177 -1
54 178 1
54 179 -1
54 187 -1
54 188 -1
54 196 1
54 199 -1
54 208 1
55 61 -1
55 71 -1
55 76 -1
55 78 1
55 80 -1
55 81 -1
55 95 -1
55 100 1
55 103 -1
55 104 1
55 118 -1
55 119 -1
55 125 -1
55 130 1
55 141 -1
55 144 -1
55 151 -1
55 152 -1
55 156 -1
55 158 -1
55 161 -1
55 172 1
55 175 1
55 179 -1
55 182 -1
55 186 -1
55 190 -1
55 192 -1
55 200 -1
55 206 -1
55 208 -1
55 209 -1
56 57 -1
56 67 -1
56 69 -1
56 71 1
56 73 -1
56 77 -1
56 80 1
56 91 -1
56 101 -1
56 109 -1
56 112 -1
56 116 -1
56 117 -1
56 123 1
56 127 -1
56 131 1
56 138 -1
56 140 -1
56 145 -1
56 162 1
56 164 -1
56 168 -1
56 173 1
56 182 -1
56 185 -1
56 186 -1
56 188 -1
56 203 -1
56 204 1
56 206 -1
56 209 1
56 210 1
57 62 -1
57 63 1
57 68 -1
57 73 -1
57 74 -1
57 76 -1
57 84 -1
57 85 1
57 86 -1
57 90 -1
57 97 -1
57 102 -1
57 103 -1
57 110 1
57 111 -1
57 113 -1
57 114 1
57 118 -1
57 124 -1
57 125 1
57 135 -1
57 138 -1
57 139 -1
57 140 -1
57 144 -1
57 147 -1
57 149 -1
57 151 -1
57 156 1
57 157 -1
57 163 -1
57 164 -1
57 172 -1
57 175 -1
57 181 -1
57 192 -1
57 203 1
57 205 -1
58 62 -1
58 66 -1
58 67 -1
58 68 1
58 73 -1
58 75 -1
58 78 -1
58 83 1
58 85 1
58 86 -1
58 90 -1
58 93 -1
58 94 -1
58 96 -1
58 102 -1
58 103 -1
58 112 -1
58 120 -1
58 124 -1
58 125 1
58 126 -1
58 128 -1
58 129 -1
58 131 1
58 144 -1
58 163 -1
58 177 -1
58 185 -1
58 192 -1
58 196 -1
58 200 -1
58 204 1
59 60 -1
59 61 -1
59 65 -1
59 72 1
59 78 -1
59 84 -1
59 94 1
59 108 -1
59 114 -1
59 117 -1
59 122 -1
59 125 -1
59 126 -1
59 132 1
59 133 -1
59 136 1
59 137 -1
59 143 -1
59 155 -1
59 156 -1
59 160 -1
59 161 -1
59 163 -1
59 164 1
59 167 1
59 172 -1
59 175 -1
59 176 1
59 177 -1
59 182 -1
59 188 -1
59 199 -1
59 203 -1
59 204 -1
59 206 -1
60 69 1
60 76 -1
60 82 -1
60 114 -1
60 126 -1
60 127 -1
60 140 -1
60 154 1
60 160 -1
60 169 1
60 170 -1
60 178 1
60 180 -1
60 190 -1
60 191 -1
60 196 1
60 200 -1
60 203 -1
60 209 -1
61 81 -1
61 82 -1
61 87 -1
61 89 -1
61 92 -1
61 105 -1
61 107 -1
61 116 -1
61 119 -1
61 120 -1
61 125 -1
61 129 -1
61 130 -1
61 136 -1
61 137 -1
61 141 -1
61 142 -1
61 143 1
61 154 -1
61 156 -1
61 158 -1
61 159 -1
61 165 -1
61 169 -1
61 182 1
61 188 -1
61 189 -1
61 196 -1
61 199 1
61 207 -1
62 65 -1
62 73 -1
62 83 -1
62 92 -1
62 96 1
62 98 -1
62 109 -1
62 115 1
62 117 -1
62 119 -1
62 123 -1
62 124 -1
62 129 -1
62 130 -1
62 136 -1
62 144 -1
62 149 -1
62 151 -1
62 152 -1
62 153 -1
62 162 -1
62 169 -1
62 172 -1
62 178 -1
62 180 -1
62 191 -1
62 195 -1
62 207 -1
62 208 -1
62 210 -1
63 73 -1
63 85 1
63 93 -1
63 94 -1
63 103 -1
63 114 1
63 116 -1
63 119 -1
63 125 1
63 132 -1
63 135 -1
63 150 -1
63 156 1
63 168 -1
63 172 -1
63 174 -1
63 176 -1
63 181 -1
63 183 -1
63 189 -1
63 191 -1
63 193 -1
63 198 -1
63 199 -1
63 203 1
63 207 -1
64 66 -1
64 67 -1
64 69 -1
64 77 1
64 82 -1
64 85 -1
64 88 -1
64 90 -1
64 95 -1
64 100 -1
64 101 -1
64 105 -1
64 108 -1
64 113 -1
64 115 -1
64 126 -1
64 130 -1
64 131 -1
64 137 -1
64 138 1
64 139 1
64 141 1
64 142 1
64 156 -1
64 157 -1
64 160 -1
64 169 -1
64 175 1
64 177 1
64 178 -1
64 186 -1
64 190 -1
64 196 -1
64 197 -1
64 198 -1
64 202 -1
64 210 -1
65 67 1
65 79 -1
65 81 1
65 86 -1
65 93 -1
65 101 1
65 103 -1
65 110 -1
65 114 -1
65 116 -1
65 140 -1
65 148 -1
65 149 -1
65 150 -1
65 151 -1
65 153 -1
65 154 -1
65 155 1
65 157 -1
65 159 1
65 160 -1
65 180 -1
65 187 -1
65 195 1
65 197 -1
65 200 -1
65 201 -1
66 69 -1
66 74 -1
66 80 -1
66 81 -1
66 96 -1
66 97 1
66 101 -1
66 103 1
66 105 -1
66 118 -1
66 119 1
66 128 -1
66 135 -1
66 136 -1
66 144 -1
66 153 -1
66 158 1
66 160 -1
66 169 -1
66 178 -1
66 183 -1
66 185 1
66 189 1
66 192 -1
66 193 -1
66 195 -1
66 199 -1
66 202 -1
66 206 1
66 210 -1
67 79 -1
67 80 -1
67 86 -1
67 87 -1
67 90 -1
67 101 1
67 102 -1
67 106 1
67 107 -1
67 113 -1
67 115 -1
67 118 1
67 120 1
67 125 -1
67 127 -1
67 135 -1
67 137 -1
67 155 1
67 159 1
67 165 -1
67 182 -1
67 186 1
67 195 1
67 196 -1
67 202 -1
68 71 -1
68 72 -1
68 82 -1
68 83 1
68 92 -1
68 101 -1
68 103 -1
68 106 -1
68 108 -1
68 113 -1
68 115 -1
68 125 1
68 128 -1
68 131 1
68 132 -1
68 136 -1
68 154 -1
68 156 -1
68 169 -1
68 173 -1
68 178 -1
68 186 -1
68 194 -1
68 199 -1
68 204 1
68 210 1
69 71 -1
69 76 -1
69 77 -1
69 86 -1
69 110 -1
69 132 -1
69 134 -1
69 137 -1
69 151 -1
69 154 1
69 162 -1
69 165 -1
69 169 1
69 188 -1
69 190 -1
69 196 1
69 198 -1
69 201 -1
69 203 -1
69 204 -1
69 205 -1
69 207 -1
69 209 -1
70 73 1
70 75 -1
70 82 -1
70 89 -1
70 91 -1
70 95 -1
70 101 -1
70 102 -1
70 106 -1
70 117 1
70 118 -1
70 121 1
70 122 1
70 128 -1
70 131 -1
70 139 -1
70 145 -1
70 149 -1
70 161 1
70 168 -1
70 171 -1
70 178 -1
70 184 1
70 188 -1
70 191 1
70 197 1
70 204 -1
70 207 -1
71 80 1
71 103 -1
71 105 -1
71 106 -1
71 114 -1
71 117 -1
71 120 -1
71 123 1
71 130 -1
71 131 1
71 139 -1
71 144 -1
71 147 -1
71 161 -1
71 162 1
71 166 -1
71 171 -1
71 172 -1
71 173 1
71 188 -1
71 192 -1
71 200 -1
71 201 -1
71 203 -1
71 204 1
71 206 -1
71 209 1
71 210 1
72 75 -1
72 77 -1
72 78 1
72 85 -1
72 86 -1
72 87 -1
72 89 -1
72 105 -1
72 106 -1
72 114 -1
72 120 -1
72 132 -1
72 133 -1
72 135 -1
72 137 -1
72 144 -1
72 147 -1
72 159 -1
72 160 -1
72 161 -1
72 167 1
72 168 -1
72 173 -1
72 174 -1
72 183 -1
72 194 -1
72 195 -1
72 198 -1
72 200 -1
72 205 -1
73 82 -1
73 83 -1
73 84 -1
73 88 -1
73 99 -1
73 109 -1
73 117 1
73 121 1
73 122 1
73 123 -1
73 125 -1
73 139 -1
73 144 -1
73 158 -1
73 159 -1
73 161 1
73 165 -1
73 167 -1
73 168 -1
73 176 -1
73 179 -1
73 182 -1
73 184 1
73 185 -1
73 187 -1
73 189 -1
73 196 -1
73 197 1
74 82 -1
74 84 1
74 96 -1
74 98 -1
74 100 -1
74 102 -1
74 111 -1
74 115 -1
74 116 -1
74 127 -1
74 129 -1
74 133 1
74 137 -1
74 138 -1
74 144 -1
74 147 -1
74 148 -1
74 149 -1
74 151 -1
74 155 -1
74 165 -1
74 176 -1
74 181 -1
74 188 -1
74 192 -1
74 195 -1
74 198 -1
74 203 -1
74 209 -1
75 76 -1
75 79 -1
75 84 -1
75 87 -1
75 89 -1
75 92 -1
75 93 -1
75 94 1
75 98 -1
75 99 -1
75 107 -1
75 111 -1
75 113 -1
75 121 -1
75 124 -1
75 132 1
75 136 1
75 152 -1
75 159 -1
75 160 1
75 161 -1
75 164 1
75 169 -1
75 176 1
75 178 -1
75 198 -1
75 207 -1
75 210 -1
76 82 -1
76 83 -1
76 90 -1
76 91 -1
76 93 -1
76 94 -1
76 95 -1
76 97 -1
76 98 1
76 99 -1
76 102 -1
76 105 -1
76 107 1
76 111 1
76 127 -1
76 140 -1
76 145 -1
76 147 -1
76 150 -1
76 151 -1
76 156 -1
76 179 -1
76 182 -1
76 188 -1
76 191 -1
76 202 -1
76 203 -1
77 78 -1
77 86 -1
77 93 -1
77 94 -1
77 95 1
77 97 -1
77 100 -1
77 105 -1
77 108 -1
77 111 -1
77 114 -1
77 116 -1
77 121 -1
77 122 -1
77 129 -1
77 133 -1
77 138 1
77 139 1
77 141 1
77 142 1
77 151 -1
77 154 -1
77 156 -1
77 163 -1
77 165 -1
77 173 -1
77 175 -1
77 177 1
77 188 -1
77 191 1
77 192 -1
77 196 -1
77 198 -1
77 199 -1
77 203 -1
78 84 -1
78 99 -1
78 100 -1
78 103 -1
78 106 -1
78 114 -1
78 122 -1
78 130 1
78 134 -1
78 136 -1
78 142 -1
78 144 -1
78 147 -1
78 148 -1
78 158 -1
78 166 -1
78 167 1
78 175 -1
78 180 -1
78 181 -1
78 184 -1
78 186 -1
78 192 -1
78 201 -1
78 209 -1
79 80 -1
79 82 1
79 83 -1
79 84 -1
79 98 -1
79 107 -1
79 128 1
79 141 -1
79 142 -1
79 143 -1
79 144 1
79 147 -1
79 149 -1
79 154 -1
79 163 -1
79 165 1
79 167 -1
79 181 1
79 182 -1
79 184 -1
79 185 -1
79 191 -1
79 193 1
79 198 -1
79 207 -1
80 82 -1
80 89 -1
80 98 -1
80 99 -1
80 109 -1
80 113 1
80 121 -1
80 122 -1
80 123 1
80 138 -1
80 141 -1
80 143 -1
80 144 -1
80 149 -1
80 150 -1
80 157 -1
80 162 1
80 165 -1
80 173 1
80 182 -1
80 192 -1
80 193 -1
80 196 -1
80 197 -1
80 200 -1
80 201 -1
80 206 -1
80 207 -1
80 210 -1
81 83 -1
81 86 1
81 88 1
81 89 -1
81 98 -1
81 101 1
81 109 -1
81 121 -1
81 124 -1
81 127 -1
81 128 -1
81 137 -1
81 147 -1
81 155 1
81 157 -1
81 160 -1
81 164 -1
81 170 -1
81 172 -1
81 181 -1
81 183 -1
81 193 -1
81 194 -1
81 195 1
81 202 -1
81 205 -1
81 207 -1
82 92 1
82 104 -1
82 114 -1
82 127 -1
82 144 1
82 149 1
82 154 -1
82 163 -1
82 164 -1
82 165 1
82 168 -1
82 172 -1
82 174 -1
82 177 -1
82 181 1
82 191 -1
82 207 -1
83 84 -1
83 97 -1
83 119 -1
83 121 -1
83 125 1
83 130 -1
83 131 1
83 142 -1
83 148 -1
83 164 -1
83 168 -1
83 172 -1
83 174 -1
83 183 -1
83 204 1
83 207 -1
84 85 -1
84 93 1
84 100 -1
84 104 -1
84 106 -1
84 112 -1
84 123 -1
84 125 -1
84 128 -1
84 133 1
84 136 -1
84 147 -1
84 158 -1
84 159 -1
84 171 -1
84 172 -1
84 173 -1
84 179 -1
84 180 -1
84 186 -1
84 191 -1
84 198 1
85 91 -1
85 102 -1
85 103 -1
85 104 -1
85 113 -1
85 114 1
85 115 -1
85 116 -1
85 120 -1
85 125 1
85 131 -1
85 156 1
85 164 -1
85 166 -1
85 169 -1
85 170 -1
85 172 -1
85 177 -1
85 196 -1
85 201 -1
85 202 -1
85 203 1
86 88 1
86 92 -1
86 103 -1
86 110 -1
86 119 -1
86 128 -1
86 150 -1
86 153 -1
86 156 -1
86 165 -1
86 175 -1
86 179 1
86 180 -1
86 183 1
86 187 1
86 197 -1
86 198 -1
86 203 -1
86 204 -1
87 91 -1
87 94 -1
87 102 -1
87 110 -1
87 113 1
87 129 -1
87 131 -1
87 147 1
87 148 -1
87 151 1
87 161 -1
87 164 -1
87 174 1
87 182 -1
87 190 1
87 199 -1
87 206 -1
88 92 -1
88 94 -1
88 99 -1
88 100 -1
88 109 -1
88 110 -1
88 111 -1
88 113 -1
88 119 -1
88 121 -1
88 122 -1
88 140 -1
88 147 -1
88 152 -1
88 174 -1
88 178 -1
88 179 1
88 182 -1
88 183 1
88 187 1
88 194 -1
88 195 -1
88 197 -1
88 199 -1
88 203 -1
89 91 1
89 92 -1
89 102 1
89 104 -1
89 105 -1
89 107 -1
89 112 -1
89 119 -1
89 127 1
89 135 1
89 140 1
89 145 1
89 156 -1
89 161 -1
89 165 -1
89 168 1
89 177 -1
89 180 1
89 186 -1
89 187 -1
89 194 1
89 209 -1
90 98 -1
90 109 1
90 112 -1
90 118 -1
90 133 -1
90 145 -1
90 152 1
90 153 -1
90 157 1
90 161 -1
90 183 -1
90 187 -1
90 197 -1
90 201 1
90 203 -1
90 205 -1
91 96 -1
91 102 1
91 108 -1
91 110 -1
91 112 -1
91 121 -1
91 127 1
91 135 1
91 137 -1
91 140 1
91 142 -1
91 150 -1
91 152 -1
91 165 -1
91 166 -1
91 168 1
91 177 -1
91 178 -1
91 180 1
91 190 -1
91 191 -1
91 194 -1
91 196 -1
91 198 -1
91 207 -1
91 208 -1
92 111 -1
92 112 -1
92 116 -1
92 123 -1
92 125 -1
92 130 -1
92 132 -1
92 133 -1
92 142 -1
92 147 -1
92 149 1
92 151 -1
92 156 -1
92 169 -1
92 170 -1
92 175 -1
92 181 1
92 188 1
92 191 -1
92 195 -1
92 199 -1
92 208 -1
93 94 -1
93 98 -1
93 102 -1
93 109 -1
93 111 -1
93 112 1
93 118 1
93 125 -1
93 128 -1
93 129 -1
93 133 1
93 138 -1
93 139 -1
93 143 -1
93 146 1
93 163 -1
93 166 -1
93 172 -1
93 173 -1
93 180 -1
93 184 -1
93 186 1
93 189 -1
93 198 1
93 205 -1
94 95 -1
94 96 -1
94 97 -1
94 103 -1
94 109 -1
94 120 -1
94 122 -1
94 125 -1
94 128 -1
94 132 1
94 136 1
94 138 -1
94 145 -1
94 150 -1
94 153 -1
94 160 1
94 162 -1
94 164 1
94 165 -1
94 176 1
94 184 -1
94 194 -1
94 209 -1
95 101 -1
95 111 -1
95 113 -1
95 116 -1
95 120 -1
95 121 1
95 127 -1
95 133 -1
95 138 -1
95 139 -1
95 141 1
95 146 -1
95 152 -1
95 155 -1
95 161 1
95 162 -1
95 163 -1
95 169 -1
95 174 -1
95 175 -1
95 177 1
95 184 1
95 190 -1
95 191 1
95 192 -1
95 197 1
95 203 -1
95 209 -1
96 99 1
96 101 -1
96 115 -1
96 116 1
96 122 -1
96 126 -1
96 127 -1
96 134 1
96 138 -1
96 140 -1
96 143 -1
96 159 -1
96 166 1
96 190 -1
96 201 -1
96 202 -1
96 206 -1
97 100 -1
97 103 1
97 104 -1
97 105 -1
97 108 -1
97 109 -1
97 117 -1
97 119 1
97 122 -1
97 129 -1
97 130 -1
97 137 -1
97 142 -1
97 150 1
97 151 -1
97 153 -1
97 154 -1
97 158 1
97 161 -1
97 169 -1
97 185 1
97 189 1
97 200 1
97 205 1
97 206 1
97 207 1
98 111 1
98 113 -1
98 115 -1
98 133 -1
98 140 -1
98 143 -1
98 145 -1
98 148 -1
98 163 -1
98 166 -1
98 169 -1
98 176 -1
98 180 -1
98 186 -1
98 188 -1
98 193 -1
98 195 -1
98 196 -1
98 197 -1
98 199 -1
98 202 -1
98 203 -1
99 107 -1
99 108 1
99 110 -1
99 116 1
99 121 -1
99 130 -1
99 132 -1
99 134 1
99 139 -1
99 150 -1
99 154 -1
99 155 -1
99 159 -1
99 160 -1
99 162 -1
99 166 1
99 176 -1
99 187 -1
99 188 -1
99 191 -1
99 193 -1
99 195 -1
100 104 1
100 111 -1
100 118 -1
100 130 1
100 131 -1
100 138 1
100 139 1
100 153 -1
100 163 -1
100 172 1
100 173 -1
100 175 1
100 177 -1
100 179 -1
100 183 -1
100 190 -1
100 194 -1
100 201 -1
100 203 -1
100 205 -1
101 104 -1
101 105 -1
101 106 1
101 109 -1
101 120 1
101 124 -1
101 130 -1
101 131 -1
101 132 -1
101 147 -1
101 154 -1
101 155 1
101 159 1
101 164 -1
101 165 -1
101 176 -1
101 177 -1
101 191 -1
101 195 1
101 203 -1
102 104 -1
102 106 -1
102 107 -1
102 109 -1
102 118 -1
102 127 1
102 131 -1
102 134 -1
102 135 1
102 140 1
102 143 -1
102 145 1
102 146 -1
102 156 -1
102 164 -1
102 166 -1
102 168 1
102 174 -1
102 176 -1
102 180 1
102 185 -1
102 194 1
102 195 -1
102 197 -1
102 200 -1
102 206 -1
103 110 -1
103 115 -1
103 116 -1
103 119 1
103 121 -1
103 126 -1
103 132 -1
103 138 -1
103 146 -1
103 150 1
103 158 1
103 165 -1
103 166 -1
103 171 -1
103 174 -1
103 175 -1
103 176 -1
103 185 1
103 189 1
103 200 1
103 205 1
103 206 1
104 110 -1
104 111 -1
104 124 -1
104 135 -1
104 136 -1
104 137 -1
104 138 1
104 139 1
104 148 -1
104 149 -1
104 154 -1
104 156 -1
104 163 -1
104 167 -1
104 172 1
104 175 1
104 179 -1
104 182 -1
104 184 -1
104 188 -1
104 194 -1
104 196 -1
104 197 -1
104 208 -1
104 210 -1
105 110 -1
105 114 -1
105 122 -1
105 126 1
105 128 1
105 135 -1
105 140 -1
105 143 1
105 159 -1
105 179 -1
105 182 -1
105 184 -1
105 185 -1
105 193 1
105 199 1
105 202 1
106 109 -1
106 112 1
106 113 -1
106 114 -1
106 117 -1
106 118 1
106 119 -1
106 120 1
106 123 -1
106 124 -1
106 125 -1
106 128 -1
106 133 -1
106 134 -1
106 137 -1
106 145 -1
106 146 1
106 151 -1
106 153 -1
106 159 1
106 161 -1
106 163 -1
106 169 -1
106 172 -1
106 181 -1
106 184 -1
106 186 1
106 187 -1
106 188 -1
106 189 -1
106 198 -1
106 203 -1
106 205 -1
106 207 -1
106 209 -1
107 108 1
107 111 1
107 124 -1
107 126 -1
107 149 -1
107 151 -1
107 155 -1
107 158 -1
107 168 -1
107 169 -1
107 170 -1
107 174 -1
107 180 -1
107 181 -1
107 196 -1
107 202 -1
107 207 -1
107 208 -1
108 115 -1
108 116 1
108 117 -1
108 119 -1
108 120 -1
108 134 1
108 135 -1
108 136 -1
108 139 -1
108 140 -1
108 146 -1
108 148 -1
108 155 -1
108 156 -1
108 159 -1
108 164 -1
108 166 1
108 170 -1
108 171 -1
108 184 -1
108 187 -1
108 192 -1
108 193 -1
108 194 -1
108 199 -1
108 208 -1
109 111 -1
109 117 -1
109 125 -1
109 145 -1
109 152 1
109 153 1
109 155 -1
109 157 1
109 158 -1
109 161 -1
109 183 -1
109 184 -1
109 189 -1
109 190 -1
109 194 -1
109 196 -1
109 199 -1
109 201 1
109 204 -1
109 206 -1
109 207 -1
110 111 -1
110 112 -1
110 114 1
110 115 1
110 120 -1
110 122 -1
110 123 -1
110 129 -1
110 145 -1
110 146 -1
110 151 -1
110 170 -1
110 175 -1
110 188 -1
110 193 -1
110 201 -1
110 203 1
111 130 -1
111 132 -1
111 133 -1
111 134 -1
111 139 -1
111 142 -1
111 149 -1
111 158 -1
111 161 -1
111 166 -1
111 175 -1
111 185 -1
111 187 -1
111 202 -1
111 204 -1
112 113 -1
112 118 1
112 123 -1
112 133 1
112 136 -1
112 137 -1
112 146 1
112 150 -1
112 151 -1
112 157 -1
112 163 -1
112 165 -1
112 182 -1
112 186 1
112 191 -1
112 198 1
112 210 -1
113 116 -1
113 121 -1
113 123 1
113 124 -1
113 127 -1
113 147 1
113 154 -1
113 160 -1
113 162 1
113 167 -1
113 169 -1
113 173 1
113 176 -1
113 188 -1
113 203 -1
113 204 -1
114 120 -1
114 132 -1
114 139 -1
114 143 -1
114 144 -1
114 145 -1
114 147 -1
114 150 -1
114 156 1
114 157 -1
114 160 -1
114 161 -1
114 162 -1
114 164 -1
114 168 -1
114 169 -1
114 173 -1
114 183 -1
114 185 -1
114 189 -1
114 192 -1
114 203 1
114 205 -1
114 206 -1
114 209 -1
115 117 -1
115 118 -1
115 135 -1
115 139 -1
115 148 -1
115 150 -1
115 153 -1
115 161 -1
115 174 -1
115 176 -1
115 200 -1
115 208 -1
115 209 -1
115 210 -1
116 134 1
116 143 -1
116 145 -1
116 146 -1
116 152 -1
116 162 -1
116 164 -1
116 166 1
116 174 -1
116 180 -1
116 181 -1
116 182 -1
116 191 -1
116 192 -1
116 205 -1
117 119 -1
117 122 1
117 134 -1
117 141 -1
117 145 -1
117 148 1
117 156 -1
117 161 -1
117 166 -1
117 167 -1
117 170 -1
117 176 -1
117 178 1
117 184 -1
117 194 -1
117 201 -1
117 202 -1
117 205 -1
117 206 -1
117 208 1
118 120 1
118 121 -1
118 137 -1
118 138 -1
118 140 -1
118 142 -1
118 145 -1
118 146 1
118 149 -1
118 151 -1
118 155 -1
118 157 -1
118 158 -1
118 163 -1
118 164 -1
118 186 1
118 198 1
118 206 -1
119 121 -1
119 137 -1
119 139 -1
119 142 -1
119 150 1
119 158 1
119 159 -1
119 160 -1
119 179 -1
119 185 1
119 186 -1
119 189 1
119 194 -1
119 197 -1
119 200 1
119 204 -1
119 205 1
119 206 1
120 133 -1
120 140 -1
120 146 1
120 154 -1
120 157 -1
120 159 1
120 173 -1
120 178 -1
120 186 1
120 191 -1
120 194 -1
120 195 1
120 203 -1
120 210 -1
121 122 1
121 126 -1
121 136 -1
121 137 -1
121 143 -1
121 146 -1
121 148 -1
121 152 -1
121 161 1
121 162 -1
121 163 -1
121 164 -1
121 165 -1
121 166 -1
121 175 -1
121 176 -1
121 184 1
121 191 1
121 192 -1
121 197 1
121 198 -1
121 206 -1
121 208 -1
122 126 -1
122 142 -1
122 152 -1
122 155 -1
122 161 1
122 162 -1
122 163 -1
122 167 -1
122 172 -1
122 180 -1
122 183 -1
122 184 1
122 186 -1
122 188 -1
122 197 1
122 202 -1
123 126 -1
123 129 -1
123 151 -1
123 162 1
123 164 -1
123 167 -1
123 171 -1
123 173 1
123 184 -1
123 194 -1
123 199 -1
123 204 1
123 207 -1
123 209 1
123 210 1
124 125 -1
124 127 -1
124 137 1
124 147 -1
124 149 -1
124 162 -1
124 163 1
124 170 1
124 191 -1
124 192 1
124 198 -1
124 208 -1
124 209 -1
124 210 -1
125 126 -1
125 127 -1
125 150 -1
125 155 -1
125 156 1
125 158 -1
125 173 -1
125 174 -1
125 175 -1
125 178 -1
125 185 -1
125 186 -1
125 188 -1
125 202 -1
125 203 1
125 204 -1
126 128 1
126 135 -1
126 140 -1
126 141 -1
126 147 -1
126 148 -1
126 154 -1
126 155 -1
126 161 -1
126 163 -1
126 164 -1
126 165 1
126 169 -1
126 174 -1
126 175 -1
126 179 -1
126 193 1
126 196 -1
126 197 -1
126 201 -1
126 202 1
127 131 -1
127 134 -1
127 135 1
127 140 1
127 141 -1
127 143 -1
127 145 1
127 152 -1
127 155 -1
127 158 -1
127 168 1
127 180 1
127 182 -1
127 192 -1
127 194 1
127 198 -1
127 208 -1
128 129 -1
128 136 -1
128 144 1
128 155 -1
128 159 -1
128 161 -1
128 164 -1
128 165 1
128 181 1
128 183 -1
128 189 -1
128 190 -1
128 191 -1
128 192 -1
128 193 1
128 195 -1
128 208 -1
129 136 -1
129 137 1
129 138 -1
129 139 -1
129 150 1
129 151 -1
129 166 -1
129 170 1
129 176 -1
129 183 -1
129 193 -1
129 200 1
129 204 -1
129 205 1
129 207 1
130 152 -1
130 163 -1
130 172 1
130 192 -1
130 194 -1
130 210 -1
131 140 -1
131 145 -1
131 147 -1
131 159 -1
131 171 -1
131 183 -1
131 185 -1
131 191 -1
131 192 -1
131 201 -1
131 204 1
131 209 1
131 210 1
132 133 -1
132 136 1
132 138 -1
132 145 -1
132 152 -1
132 154 -1
132 155 -1
132 159 -1
132 160 1
132 164 1
132 167 -1
132 172 -1
132 176 1
132 194 -1
132 195 -1
132 199 -1
132 201 -1
132 202 -1
132 210 -1
133 138 -1
133 146 1
133 172 -1
133 175 -1
133 177 -1
133 193 -1
133 198 1
133 206 -1
134 136 -1
134 138 -1
134 139 -1
134 140 -1
134 147 -1
134 150 -1
134 153 -1
134 157 -1
134 159 -1
134 162 -1
134 166 1
134 173 -1
134 194 -1
134 205 -1
134 207 -1
135 137 -1
135 140 1
135 144 -1
135 145 1
135 155 -1
135 165 -1
135 168 1
135 170 -1
135 177 -1
135 180 1
135 194 1
135 199 -1
136 138 -1
136 140 -1
136 153 -1
136 160 1
136 163 -1
136 164 1
136 166 -1
136 167 -1
136 175 -1
136 176 1
136 180 -1
136 193 -1
136 194 -1
136 201 -1
136 208 -1
137 141 -1
137 144 -1
137 159 -1
137 163 1
137 170 1
137 171 -1
137 172 -1
137 175 -1
137 178 -1
137 179 -1
137 192 1
137 198 -1
137 207 -1
138 139 1
138 141 1
138 142 1
138 143 -1
138 144 -1
138 149 -1
138 150 -1
138 153 -1
138 167 -1
138 172 1
138 175 1
138 190 -1
138 197 -1
138 202 -1
138 209 -1
139 140 -1
139 141 1
139 142 1
139 148 -1
139 151 -1
139 158 -1
139 162 -1
139 169 -1
139 172 1
139 175 1
139 176 -1
139 184 -1
139 186 -1
139 188 -1
139 204 -1
139 208 -1
139 209 -1
140 145 1
140 146 -1
140 152 -1
140 155 -1
140 162 -1
140 164 -1
140 168 1
140 176 -1
140 177 -1
140 180 1
140 187 -1
140 194 1
141 142 1
141 146 -1
141 147 -1
141 168 -1
141 170 -1
141 171 -1
141 177 1
141 180 -1
141 187 -1
141 188 -1
141 191 1
141 193 -1
141 201 -1
141 202 -1
141 207 -1
141 209 -1
142 150 -1
142 161 -1
142 163 -1
142 174 -1
142 175 1
142 177 1
142 185 -1
142 187 -1
142 192 -1
142 193 -1
143 149 -1
143 154 -1
143 155 -1
143 160 -1
143 162 -1
143 179 -1
143 180 -1
143 181 -1
143 182 1
143 185 -1
143 193 -1
143 199 1
143 201 -1
143 202 1
143 204 -1
143 205 -1
144 150 -1
144 153 -1
144 155 -1
144 159 -1
144 161 -1
144 165 1
144 166 -1
144 167 -1
144 168 -1
144 170 -1
144 181 1
144 185 -1
144 190 -1
144 192 -1
144 193 1
144 194 -1
144 202 -1
144 205 -1
144 207 -1
144 209 -1
145 150 -1
145 151 -1
145 167 -1
145 171 -1
145 180 1
145 181 -1
145 188 -1
145 194 1
145 205 -1
146 151 -1
146 152 -1
146 157 -1
146 162 -1
146 174 -1
146 180 -1
146 186 1
146 192 -1
146 197 -1
146 198 1
146 199 -1
146 201 -1
146 209 -1
147 166 -1
147 174 1
147 188 -1
147 189 -1
147 190 1
147 196 -1
147 198 -1
147 200 -1
147 206 -1
148 151 -1
148 153 -1
148 155 -1
148 161 -1
148 164 -1
148 165 -1
148 166 -1
148 169 -1
148 177 -1
148 178 1
148 188 -1
148 190 -1
148 193 -1
148 202 -1
148 208 1
149 152 -1
149 161 -1
149 162 -1
149 164 -1
149 172 -1
149 174 -1
149 176 -1
149 177 -1
149 184 -1
149 188 1
149 196 -1
149 204 -1
149 208 -1
150 155 -1
150 158 1
150 159 -1
150 179 -1
150 181 -1
150 184 -1
150 189 1
150 191 -1
150 194 -1
150 198 -1
150 199 -1
150 200 1
150 205 1
150 207 1
150 208 -1
151 153 1
151 162 -1
151 168 -1
151 169 -1
151 171 -1
151 174 1
151 176 -1
151 188 -1
151 190 1
151 197 -1
151 198 -1
152 153 1
152 157 1
152 171 -1
152 174 -1
152 176 -1
152 177 -1
152 179 -1
152 200 -1
152 201 1
152 203 -1
152 208 -1
153 156 -1
153 161 -1
153 164 -1
153 169 -1
153 171 -1
153 174 1
153 185 -1
153 187 -1
153 190 1
153 195 -1
153 201 1
153 202 -1
153 203 -1
153 205 -1
153 210 -1
154 165 -1
154 169 1
154 178 1
154 179 -1
154 182 -1
154 183 -1
154 192 -1
154 193 -1
154 196 1
154 203 -1
154 204 -1
154 208 1
155 156 -1
155 159 1
155 166 -1
155 167 -1
155 175 -1
155 185 -1
155 186 -1
155 191 -1
155 195 1
155 200 -1
155 203 -1
156 164 -1
156 175 -1
156 192 -1
156 194 -1
156 198 -1
156 202 -1
156 203 1
156 204 -1
157 168 -1
157 174 -1
157 179 -1
157 187 -1
157 196 -1
157 201 1
157 206 -1
158 179 -1
158 180 -1
158 185 1
158 189 1
158 200 1
158 201 -1
158 204 -1
158 205 1
158 207 1
158 208 -1
159 167 -1
159 170 -1
159 179 -1
159 182 -1
159 183 -1
159 188 -1
159 191 -1
159 195 1
159 201 -1
159 209 -1
160 164 1
160 168 -1
160 172 -1
160 176 1
160 179 -1
160 185 -1
160 188 -1
160 192 -1
160 196 -1
160 200 -1
160 202 -1
161 166 -1
161 170 -1
161 180 -1
161 184 1
161 188 -1
161 191 1
161 192 -1
161 194 -1
161 196 -1
161 197 1
161 201 -1
161 207 -1
161 208 -1
162 164 -1
162 173 1
162 180 -1
162 184 -1
162 190 -1
162 191 -1
162 196 -1
162 198 -1
162 200 -1
162 201 -1
162 209 1
163 164 -1
163 170 1
163 178 -1
163 182 -1
163 183 -1
163 189 -1
163 192 1
163 194 -1
163 197 -1
163 203 -1
163 204 -1
163 205 -1
164 176 1
164 182 -1
164 188 -1
164 191 -1
164 197 -1
164 199 -1
164 208 -1
165 181 1
165 193 1
165 197 -1
165 205 -1
165 209 -1
166 169 -1
166 184 -1
166 185 -1
166 198 -1
166 199 -1
166 200 -1
166 205 -1
167 172 -1
167 176 -1
167 177 -1
167 184 -1
167 187 -1
167 189 -1
167 195 -1
167 197 -1
167 200 -1
167 207 -1
168 180 1
168 187 -1
168 191 -1
168 205 -1
168 210 -1
169 175 -1
169 176 -1
169 187 -1
169 188 -1
169 193 -1
169 196 1
169 206 -1
169 208 -1
170 174 -1
170 179 -1
170 187 -1
170 192 1
170 205 -1
170 206 -1
170 207 1
171 177 -1
171 179 1
171 183 1
171 187 1
171 192 -1
171 195 -1
171 196 -1
171 201 -1
172 175 1
172 179 -1
172 199 -1
172 201 -1
172 205 -1
172 208 -1
173 178 -1
173 181 -1
173 184 -1
173 192 -1
173 196 -1
173 204 -1
173 209 1
173 210 1
174 181 -1
174 190 1
174 194 -1
175 177 -1
175 180 -1
175 193 -1
175 197 -1
175 201 -1
175 207 -1
176 178 -1
176 204 -1
176 206 -1
176 207 -1
176 208 -1
177 184 -1
177 185 -1
177 189 -1
177 191 1
177 204 -1
177 209 -1
178 185 -1
178 198 -1
178 208 1
178 209 -1
178 210 -1
179 183 1
179 187 1
179 197 -1
180 183 -1
180 187 -1
180 188 -1
180 189 -1
180 194 1
180 198 -1
180 202 -1
180 203 -1
181 183 -1
181 185 -1
181 189 -1
181 192 -1
181 193 1
181 201 -1
181 204 -1
182 192 -1
182 199 1
182 210 -1
183 184 -1
183 186 -1
183 187 1
183 196 -1
183 200 -1
183 202 -1
183 206 -1
184 185 -1
184 187 -1
184 191 1
184 195 -1
184 197 1
184 202 -1
184 203 -1
184 206 -1
184 210 -1
185 187 -1
185 189 1
185 193 -1
185 194 -1
185 205 -1
185 206 1
185 208 -1
185 209 -1
186 189 -1
186 192 -1
186 198 1
186 203 -1
186 207 -1
186 208 -1
186 209 -1
187 189 -1
187 195 -1
187 196 -1
187 202 -1
187 204 -1
187 205 -1
187 209 -1
188 199 -1
188 202 -1
189 200 1
189 201 -1
189 202 -1
189 205 1
189 206 1
189 208 -1
190 192 -1
190 197 -1
190 200 -1
190 204 -1
190 206 -1
191 192 -1
191 193 -1
191 197 1
192 197 -1
192 199 -1
192 201 -1
192 202 -1
192 206 -1
192 209 -1
194 196 -1
194 199 -1
194 203 -1
194 204 -1
194 206 -1
195 202 -1
195 209 -1
196 198 -1
196 202 -1
196 207 -1
196 209 -1
197 205 -1
198 201 -1
198 208 -1
199 202 1
199 207 -1
200 204 -1
200 205 1
200 207 1
200 209 -1
201 206 -1
202 205 -1
203 204 -1
204 206 -1
204 208 -1
204 209 1
204 210 1
205 207 1
205 210 -1
206 209 -1
207 208 -1
209 210 1
