vertices: 230 edges: 5488
1 7 -1
1 10 1
1 19 1
1 33 -1
1 35 1
1 36 1
1 48 1
1 60 -1
1 64 -1
1 75 -1
1 77 -1
1 79 -1
1 80 -1
1 81 -1
1 84 -1
1 85 -1
1 89 -1
1 90 -1
1 91 1
1 92 -1
1 95 -1
1 96 -1
1 107 -1
1 108 -1
1 116 -1
1 120 1
1 121 1
1 123 -1
1 138 -1
1 141 1
1 144 1
1 157 -1
1 159 -1
1 163 1
1 178 1
1 183 -1
1 194 -1
1 195 1
1 200 -1
1 202 -1
1 203 -1
1 204 1
1 212 -1
1 215 -1
1 217 1
1 224 1
1 225 -1
1 227 -1
2 7 -1
2 8 -1
2 10 -1
2 18 -1
2 19 -1
2 23 -1
2 24 1
2 28 -1
2 32 1
2 42 -1
2 43 1
2 48 -1
2 52 1
2 54 -1
2 70 1
2 71 1
2 77 -1
2 79 -1
2 87 1
2 89 -1
2 92 -1
2 94 1
2 95 1
2 107 -1
2 111 1
2 113 1
2 122 1
2 126 -1
2 129 1
2 133 -1
2 134 1
2 136 -1
2 139 1
2 143 1
2 150 -1
2 151 1
2 152 1
2 154 1
2 160 1
2 171 1
2 178 -1
2 186 -1
2 196 -1
2 200 1
2 204 -1
2 207 1
2 211 1
2 223 1
2 224 -1
3 9 1
3 12 -1
3 13 -1
3 14 1
3 16 -1
3 19 1
3 20 -1
3 28 -1
3 32 -1
3 35 1
3 36 1
3 37 -1
3 40 -1
3 41 -1
3 45 1
3 48 1
3 49 -1
3 74 -1
3 76 1
3 77 1
3 78 -1
3 80 -1
3 83 -1
3 85 1
3 90 1
3 92 1
3 101 1
3 105 1
3 106 -1
3 121 1
3 123 1
3 127 -1
3 130 -1
3 141 1
3 145 1
3 149 -1
3 156 -1
3 160 -1
3 162 -1
3 163 1
3 165 -1
3 170 1
3 176 1
3 177 1
3 178 1
3 203 -1
3 204 1
3 207 -1
3 210 -1
3 217 1
3 220 -1
3 222 1
3 224 1
3 227 1
4 6 1
4 7 1
4 9 -1
4 10 -1
4 19 -1
4 22 -1
4 24 -1
4 51 1
4 59 1
4 60 1
4 61 1
4 62 1
4 64 1
4 65 -1
4 80 1
4 83 1
4 86 1
4 88 -1
4 89 1
4 92 -1
4 93 1
4 99 1
4 112 1
4 125 1
4 130 1
4 133 1
4 137 1
4 148 1
4 156 -1
4 160 -1
4 164 1
4 165 1
4 169 -1
4 173 -1
4 178 -1
4 180 1
4 181 1
4 201 1
4 204 -1
4 206 -1
4 207 -1
4 213 -1
4 217 -1
4 220 1
4 225 1
4 229 -1
5 7 1
5 8 -1
5 12 1
5 17 -1
5 31 -1
5 38 1
5 51 1
5 55 -1
5 59 1
5 60 -1
5 61 1
5 62 1
5 64 1
5 73 -1
5 86 1
5 87 -1
5 89 1
5 94 -1
5 99 1
5 103 -1
5 104 1
5 107 1
5 112 1
5 113 -1
5 116 -1
5 124 1
5 125 -1
5 130 -1
5 133 1
5 135 1
5 141 -1
5 153 1
5 155 1
5 156 1
5 157 -1
5 161 -1
5 164 -1
5 165 1
5 168 -1
5 177 -1
5 181 1
5 183 1
5 184 -1
5 189 -1
5 190 -1
5 191 -1
5 194 1
5 200 -1
5 215 1
5 225 1
5 228 1
5 230 1
6 7 1
6 29 -1
6 31 -1
6 51 1
6 59 1
6 60 1
6 61 1
6 62 1
6 64 1
6 80 1
6 83 1
6 86 1
6 89 1
6 93 1
6 94 -1
6 99 1
6 111 -1
6 112 1
6 114 -1
6 121 -1
6 125 1
6 130 1
6 133 1
6 137 1
6 148 1
6 152 -1
6 162 -1
6 164 1
6 165 1
6 171 -1
6 180 1
6 181 1
6 201 1
6 206 -1
6 220 1
6 225 1
6 227 -1
7 8 -1
7 22 -1
7 28 -1
7 38 -1
7 39 -1
7 44 -1
7 46 -1
7 49 -1
7 50 -1
7 51 1
7 57 -1
7 59 1
7 60 1
7 61 1
7 62 1
7 64 1
7 72 -1
7 80 1
7 83 1
7 86 1
7 89 1
7 91 -1
7 93 1
7 99 1
7 112 1
7 113 -1
7 125 1
7 130 1
7 133 1
7 134 -1
7 135 1
7 140 -1
7 141 -1
7 148 1
7 153 1
7 157 -1
7 164 1
7 165 1
7 167 -1
7 180 1
7 181 1
7 183 1
7 187 -1
7 193 -1
7 197 -1
7 201 1
7 203 -1
7 215 1
7 220 1
7 222 -1
7 225 1
7 229 -1
7 230 -1
8 13 -1
8 18 1
8 19 -1
8 21 1
8 25 1
8 26 1
8 31 1
8 33 1
8 34 -1
8 35 -1
8 42 1
8 46 1
8 47 -1
8 53 -1
8 57 -1
8 58 1
8 59 -1
8 65 1
8 68 -1
8 72 1
8 73 1
8 82 -1
8 84 1
8 85 -1
8 92 -1
8 94 -1
8 95 -1
8 99 -1
8 103 1
8 109 1
8 110 -1
8 115 1
8 118 -1
8 126 -1
8 127 -1
8 130 -1
8 131 -1
8 140 1
8 142 1
8 146 1
8 151 -1
8 167 1
8 168 1
8 169 1
8 172 1
8 178 -1
8 182 1
8 188 -1
8 193 -1
8 197 1
8 201 -1
8 202 -1
8 210 1
8 212 1
8 213 1
8 214 1
9 10 -1
9 14 1
9 19 1
9 20 -1
9 22 -1
9 26 -1
9 34 1
9 35 1
9 36 1
9 39 -1
9 40 -1
9 41 -1
9 42 -1
9 44 -1
9 45 1
9 48 1
9 56 -1
9 74 -1
9 76 1
9 77 1
9 81 -1
9 85 1
9 86 -1
9 90 1
9 92 1
9 101 1
9 102 -1
9 105 1
9 119 1
9 123 1
9 128 1
9 139 -1
9 142 -1
9 145 1
9 146 -1
9 163 1
9 167 -1
9 169 -1
9 170 1
9 173 -1
9 176 1
9 177 1
9 178 1
9 195 -1
9 203 -1
9 204 1
9 212 -1
9 217 1
9 222 1
9 224 1
9 227 1
10 12 -1
10 15 -1
10 17 -1
10 18 -1
10 20 -1
10 23 1
10 27 -1
10 30 -1
10 51 -1
10 56 -1
10 63 1
10 67 -1
10 78 -1
10 79 -1
10 82 1
10 90 -1
10 91 1
10 96 -1
10 106 -1
10 108 -1
10 110 -1
10 118 1
10 120 1
10 121 1
10 123 -1
10 144 1
10 146 -1
10 167 -1
10 179 1
10 191 -1
10 195 1
10 198 -1
10 203 1
10 208 -1
10 209 -1
10 210 -1
10 216 -1
11 15 -1
11 20 1
11 30 1
11 37 1
11 40 -1
11 43 1
11 49 1
11 51 -1
11 52 1
11 53 1
11 57 1
11 59 -1
11 61 -1
11 66 1
11 70 1
11 72 -1
11 75 1
11 78 -1
11 92 -1
11 96 -1
11 101 -1
11 104 -1
11 105 -1
11 113 1
11 114 -1
11 117 -1
11 122 1
11 134 1
11 135 -1
11 148 -1
11 158 1
11 160 1
11 165 -1
11 166 -1
11 176 -1
11 180 -1
11 184 -1
11 185 1
11 187 -1
11 190 1
11 192 1
11 195 -1
11 199 -1
11 200 1
11 203 -1
11 205 -1
11 206 -1
11 208 1
11 211 1
11 216 1
11 218 -1
11 224 -1
11 226 -1
11 229 1
12 16 1
12 19 -1
12 32 -1
12 35 -1
12 38 1
12 39 1
12 43 -1
12 47 1
12 71 -1
12 74 1
12 78 1
12 79 1
12 86 -1
12 88 1
12 96 -1
12 97 1
12 98 1
12 104 1
12 107 1
12 113 -1
12 116 -1
12 117 -1
12 119 -1
12 122 -1
12 124 1
12 126 1
12 129 -1
12 138 -1
12 150 1
12 153 1
12 155 1
12 156 1
12 162 -1
12 165 -1
12 173 1
12 175 -1
12 184 1
12 186 1
12 194 1
12 214 -1
12 215 1
12 221 1
12 228 1
12 230 1
13 15 1
13 18 -1
13 24 -1
13 27 1
13 28 1
13 29 -1
13 33 -1
13 34 1
13 41 1
13 48 -1
13 53 -1
13 54 -1
13 60 -1
13 61 -1
13 73 -1
13 79 -1
13 80 -1
13 81 1
13 82 -1
13 88 -1
13 90 1
13 95 -1
13 103 -1
13 108 -1
13 114 1
13 116 1
13 118 -1
13 119 1
13 128 1
13 142 -1
13 145 1
13 151 -1
13 155 -1
13 156 -1
13 161 1
13 163 -1
13 164 -1
13 176 -1
13 183 -1
13 186 -1
13 189 -1
13 194 -1
13 198 1
13 202 -1
13 213 -1
13 218 -1
13 222 -1
13 228 -1
14 19 1
14 30 -1
14 34 1
14 35 1
14 36 1
14 39 -1
14 45 1
14 48 1
14 54 -1
14 72 -1
14 76 1
14 77 1
14 85 1
14 88 -1
14 90 1
14 92 1
14 97 -1
14 101 1
14 105 1
14 119 1
14 123 1
14 128 1
14 129 -1
14 133 -1
14 139 -1
14 145 1
14 158 -1
14 163 1
14 170 1
14 176 1
14 177 1
14 178 1
14 192 -1
14 195 -1
14 196 -1
14 201 -1
14 202 -1
14 204 1
14 207 -1
14 215 -1
14 217 1
14 222 1
14 224 1
14 225 -1
14 226 -1
14 227 1
14 229 -1
15 19 -1
15 27 1
15 28 1
15 34 1
15 35 -1
15 41 1
15 43 -1
15 50 -1
15 60 -1
15 61 -1
15 63 -1
15 76 1
15 81 1
15 86 -1
15 90 1
15 96 -1
15 105 -1
15 112 -1
15 114 1
15 116 1
15 117 -1
15 119 1
15 120 -1
15 128 1
15 138 -1
15 145 1
15 151 -1
15 155 -1
15 157 -1
15 161 1
15 171 -1
15 175 -1
15 180 -1
15 183 -1
15 198 1
15 202 -1
15 208 -1
15 217 -1
15 226 -1
15 228 -1
16 17 -1
16 18 -1
16 21 -1
16 30 -1
16 38 1
16 39 1
16 47 1
16 48 -1
16 53 -1
16 54 1
16 56 1
16 57 -1
16 64 -1
16 65 -1
16 71 -1
16 74 1
16 78 1
16 79 1
16 88 1
16 90 -1
16 91 -1
16 93 -1
16 97 1
16 98 1
16 100 -1
16 102 -1
16 104 1
16 107 1
16 118 -1
16 119 -1
16 124 1
16 126 1
16 128 -1
16 131 1
16 138 -1
16 143 -1
16 150 1
16 152 -1
16 162 1
16 169 -1
16 173 1
16 174 1
16 184 1
16 186 1
16 191 -1
16 199 1
16 221 1
16 228 -1
16 230 1
17 21 1
17 25 1
17 26 1
17 31 1
17 32 1
17 33 1
17 36 -1
17 40 1
17 42 1
17 44 1
17 45 -1
17 53 -1
17 55 -1
17 65 1
17 68 1
17 69 1
17 71 1
17 72 1
17 94 1
17 96 -1
17 100 1
17 103 1
17 106 -1
17 113 -1
17 115 1
17 120 -1
17 127 -1
17 132 1
17 136 -1
17 138 1
17 139 1
17 140 1
17 147 1
17 149 1
17 150 -1
17 152 1
17 164 -1
17 166 1
17 182 1
17 184 -1
17 186 -1
17 187 1
17 191 1
17 194 -1
17 205 1
17 207 1
17 213 1
17 219 1
17 220 -1
17 223 -1
17 225 -1
17 226 1
17 227 -1
18 21 -1
18 22 1
18 26 1
18 29 1
18 36 -1
18 42 -1
18 46 1
18 47 -1
18 50 -1
18 55 1
18 56 -1
18 58 1
18 65 -1
18 67 1
18 72 1
18 73 1
18 80 -1
18 84 1
18 85 -1
18 92 -1
18 96 1
18 102 1
18 106 -1
18 107 -1
18 109 1
18 121 -1
18 127 1
18 134 -1
18 136 1
18 140 -1
18 142 1
18 143 -1
18 146 1
18 150 -1
18 155 -1
18 167 1
18 168 1
18 169 1
18 172 1
18 174 -1
18 177 -1
18 188 1
18 189 1
18 192 -1
18 193 1
18 197 1
18 202 -1
18 209 1
18 210 1
18 212 1
18 213 1
18 214 1
18 218 1
18 225 -1
19 20 -1
19 28 -1
19 32 -1
19 35 1
19 36 1
19 40 -1
19 45 1
19 48 1
19 51 -1
19 64 -1
19 77 1
19 85 1
19 91 1
19 92 1
19 94 -1
19 95 -1
19 96 -1
19 97 -1
19 99 -1
19 101 1
19 113 -1
19 117 -1
19 118 -1
19 121 1
19 123 1
19 127 -1
19 134 -1
19 141 1
19 163 1
19 170 1
19 176 1
19 178 1
19 179 -1
19 195 -1
19 197 -1
19 199 -1
19 204 1
19 207 -1
19 217 1
19 220 -1
19 222 1
19 224 1
19 226 -1
19 227 1
20 22 -1
20 30 1
20 37 1
20 43 1
20 49 1
20 50 1
20 52 -1
20 53 1
20 57 1
20 63 -1
20 66 1
20 70 1
20 73 -1
20 75 1
20 77 -1
20 90 -1
20 109 -1
20 113 1
20 118 -1
20 120 -1
20 122 -1
20 123 -1
20 130 -1
20 134 1
20 142 -1
20 146 -1
20 158 1
20 160 -1
20 164 -1
20 169 -1
20 170 -1
20 182 -1
20 185 1
20 190 1
20 192 1
20 196 1
20 200 1
20 202 -1
20 203 -1
20 206 -1
20 208 1
20 211 1
20 216 1
20 217 -1
20 218 -1
20 226 -1
20 229 1
21 25 1
21 26 1
21 27 -1
21 31 1
21 33 1
21 34 -1
21 40 1
21 42 1
21 44 1
21 46 1
21 55 -1
21 58 1
21 61 -1
21 65 1
21 72 1
21 73 1
21 81 -1
21 85 -1
21 88 -1
21 91 -1
21 103 1
21 109 1
21 114 -1
21 115 1
21 121 -1
21 133 -1
21 140 1
21 149 1
21 150 -1
21 165 -1
21 166 1
21 167 1
21 168 1
21 172 1
21 182 1
21 197 1
21 200 -1
21 204 -1
21 207 -1
21 210 1
21 212 1
21 213 1
21 214 1
21 221 -1
21 226 -1
21 227 -1
21 229 -1
22 28 -1
22 29 1
22 32 -1
22 33 -1
22 46 1
22 52 -1
22 55 1
22 58 1
22 67 1
22 73 1
22 80 -1
22 84 1
22 96 1
22 102 1
22 106 -1
22 108 1
22 109 1
22 110 -1
22 115 -1
22 121 -1
22 124 -1
22 127 1
22 136 1
22 141 -1
22 142 1
22 146 1
22 147 -1
22 154 -1
22 166 -1
22 168 1
22 169 1
22 172 1
22 188 1
22 189 1
22 191 -1
22 193 1
22 197 1
22 209 1
22 210 1
22 212 1
22 214 1
22 217 -1
22 218 1
23 26 -1
23 31 -1
23 38 -1
23 56 -1
23 63 1
23 78 -1
23 82 1
23 83 -1
23 117 -1
23 118 1
23 120 1
23 127 -1
23 137 -1
23 138 -1
23 144 1
23 147 -1
23 156 -1
23 164 -1
23 175 -1
23 179 1
23 195 1
23 196 -1
23 203 1
23 211 -1
23 216 -1
23 229 -1
24 32 1
24 43 -1
24 44 1
24 52 1
24 68 1
24 69 1
24 71 1
24 75 -1
24 82 -1
24 87 1
24 94 1
24 95 1
24 100 1
24 110 -1
24 111 1
24 122 1
24 129 1
24 132 1
24 135 -1
24 138 1
24 139 1
24 143 1
24 147 1
24 151 1
24 152 1
24 154 1
24 160 1
24 161 -1
24 162 -1
24 166 1
24 171 1
24 187 1
24 191 1
24 202 -1
24 205 1
24 207 1
24 208 -1
24 213 -1
24 219 1
24 223 1
24 226 1
25 26 1
25 28 -1
25 31 1
25 33 1
25 35 -1
25 40 1
25 41 -1
25 42 1
25 44 1
25 45 -1
25 46 -1
25 58 1
25 65 1
25 68 1
25 72 1
25 73 1
25 79 -1
25 85 -1
25 99 -1
25 103 1
25 109 1
25 110 -1
25 115 1
25 129 -1
25 140 1
25 142 -1
25 147 1
25 149 1
25 163 -1
25 166 1
25 167 1
25 168 1
25 172 1
25 182 1
25 185 -1
25 196 -1
25 197 1
25 203 -1
25 210 1
25 212 1
25 213 1
25 214 1
26 31 1
26 33 1
26 40 1
26 42 1
26 46 1
26 58 1
26 65 1
26 66 -1
26 72 1
26 73 1
26 83 -1
26 84 1
26 87 -1
26 90 -1
26 96 -1
26 102 -1
26 103 1
26 109 1
26 115 1
26 117 -1
26 133 -1
26 140 1
26 146 1
26 167 1
26 168 1
26 169 1
26 171 -1
26 172 1
26 179 -1
26 182 1
26 194 -1
26 197 1
26 200 -1
26 204 -1
26 210 1
26 212 1
26 213 1
26 214 1
27 28 1
27 41 1
27 46 -1
27 49 -1
27 60 -1
27 66 -1
27 68 -1
27 80 -1
27 81 1
27 107 -1
27 110 1
27 114 1
27 116 1
27 124 -1
27 128 1
27 132 -1
27 138 -1
27 140 -1
27 146 -1
27 152 -1
27 159 1
27 161 1
27 169 -1
27 175 1
27 176 -1
27 188 -1
27 196 -1
27 198 1
27 202 1
27 203 -1
27 211 -1
27 220 -1
27 225 -1
28 34 1
28 41 1
28 50 -1
28 52 -1
28 63 -1
28 65 -1
28 76 1
28 86 -1
28 90 1
28 92 -1
28 102 -1
28 105 1
28 108 -1
28 111 -1
28 114 1
28 116 1
28 118 -1
28 119 1
28 128 1
28 134 -1
28 139 -1
28 145 1
28 161 1
28 165 -1
28 167 -1
28 177 1
28 178 -1
28 181 -1
28 207 -1
28 221 -1
29 41 -1
29 52 -1
29 55 1
29 56 1
29 58 -1
29 67 1
29 69 -1
29 70 -1
29 76 -1
29 84 1
29 85 -1
29 96 1
29 102 1
29 106 1
29 107 -1
29 108 1
29 116 -1
29 117 1
29 126 -1
29 127 1
29 130 -1
29 136 1
29 142 1
29 146 1
29 153 -1
29 157 1
29 168 -1
29 169 1
29 171 -1
29 177 -1
29 181 -1
29 188 1
29 189 1
29 193 1
29 196 -1
29 198 -1
29 206 1
29 209 1
29 218 1
30 37 1
30 40 -1
30 43 1
30 49 1
30 50 1
30 52 -1
30 53 1
30 57 1
30 58 -1
30 63 -1
30 66 1
30 75 1
30 77 -1
30 79 -1
30 89 -1
30 97 -1
30 102 -1
30 110 1
30 118 -1
30 136 -1
30 158 1
30 159 1
30 165 -1
30 171 -1
30 175 1
30 177 -1
30 182 -1
30 185 1
30 190 1
30 192 1
30 196 1
30 198 -1
30 202 1
30 208 1
30 216 1
30 229 1
30 230 -1
31 32 1
31 33 1
31 34 -1
31 35 -1
31 38 -1
31 40 1
31 42 1
31 44 1
31 58 -1
31 64 -1
31 65 1
31 68 1
31 69 1
31 71 -1
31 72 1
31 75 -1
31 76 -1
31 79 -1
31 83 -1
31 85 -1
31 86 -1
31 90 -1
31 94 1
31 95 -1
31 100 1
31 102 -1
31 103 1
31 104 -1
31 105 -1
31 107 -1
31 115 1
31 128 -1
31 132 1
31 138 1
31 139 -1
31 140 1
31 141 -1
31 147 1
31 149 1
31 166 1
31 167 1
31 172 1
31 181 -1
31 182 1
31 184 -1
31 187 1
31 191 1
31 198 -1
31 200 -1
31 205 1
31 213 1
31 219 1
31 224 -1
31 226 1
31 230 -1
32 40 1
32 44 1
32 46 -1
32 47 -1
32 60 -1
32 61 -1
32 64 -1
32 68 1
32 69 1
32 71 1
32 74 -1
32 87 1
32 90 -1
32 94 1
32 95 1
32 100 1
32 101 -1
32 111 1
32 114 -1
32 126 -1
32 129 1
32 132 1
32 136 -1
32 138 1
32 139 1
32 140 1
32 147 1
32 149 1
32 152 1
32 154 1
32 162 -1
32 164 -1
32 166 1
32 167 -1
32 169 -1
32 174 -1
32 182 1
32 187 1
32 191 1
32 197 -1
32 205 1
32 207 1
32 209 -1
32 219 1
32 221 -1
32 223 1
32 226 1
33 40 1
33 42 1
33 44 1
33 48 -1
33 54 -1
33 55 -1
33 58 1
33 65 1
33 68 1
33 72 1
33 73 1
33 77 -1
33 78 -1
33 86 -1
33 91 -1
33 94 -1
33 99 -1
33 101 -1
33 103 1
33 106 -1
33 109 1
33 115 1
33 127 -1
33 135 -1
33 140 1
33 144 -1
33 147 1
33 149 1
33 159 -1
33 166 1
33 167 1
33 172 1
33 182 1
33 186 -1
33 187 1
33 192 -1
33 202 -1
33 211 -1
33 212 1
33 213 1
33 214 1
33 218 -1
33 219 1
33 226 -1
34 36 -1
34 40 -1
34 41 1
34 52 -1
34 53 -1
34 70 -1
34 76 1
34 77 1
34 79 -1
34 85 1
34 90 1
34 93 -1
34 97 -1
34 101 1
34 105 1
34 119 1
34 122 -1
34 123 1
34 124 -1
34 128 1
34 139 -1
34 141 -1
34 145 1
34 147 -1
34 150 -1
34 152 -1
34 153 -1
34 154 -1
34 157 -1
34 161 1
34 164 -1
34 170 1
34 174 -1
34 176 1
34 177 1
34 180 -1
34 186 -1
34 198 -1
34 222 1
34 227 1
34 228 -1
34 229 -1
35 36 1
35 37 -1
35 45 1
35 48 1
35 67 -1
35 71 -1
35 74 -1
35 77 1
35 83 -1
35 85 1
35 92 1
35 99 -1
35 101 1
35 105 1
35 108 -1
35 121 1
35 123 1
35 135 -1
35 138 -1
35 141 1
35 163 1
35 170 1
35 176 1
35 177 1
35 178 1
35 182 -1
35 183 -1
35 189 -1
35 193 -1
35 198 -1
35 199 -1
35 200 -1
35 204 1
35 208 -1
35 210 -1
35 217 1
35 220 -1
35 221 -1
35 222 1
35 224 1
35 225 -1
35 226 -1
35 227 1
36 45 1
36 46 -1
36 48 1
36 60 -1
36 61 -1
36 73 -1
36 77 1
36 81 -1
36 83 -1
36 91 1
36 92 1
36 93 -1
36 101 1
36 102 -1
36 113 -1
36 119 -1
36 121 1
36 123 -1
36 124 -1
36 140 -1
36 141 1
36 150 -1
36 155 -1
36 159 -1
36 163 1
36 170 1
36 178 1
36 185 -1
36 187 -1
36 195 -1
36 198 -1
36 200 -1
36 202 -1
36 204 1
36 215 -1
36 216 -1
36 217 1
36 220 -1
36 222 1
36 224 1
36 227 1
36 230 -1
37 39 -1
37 42 -1
37 43 1
37 48 -1
37 49 1
37 50 1
37 53 1
37 55 -1
37 57 1
37 62 -1
37 66 1
37 68 -1
37 70 1
37 71 -1
37 75 1
37 79 -1
37 111 -1
37 113 1
37 115 -1
37 123 -1
37 132 -1
37 134 1
37 135 -1
37 137 -1
37 138 -1
37 141 -1
37 148 -1
37 153 -1
37 158 1
37 161 -1
37 165 -1
37 168 -1
37 172 -1
37 185 1
37 190 1
37 192 1
37 196 1
37 200 1
37 203 -1
37 207 -1
37 208 1
37 211 1
37 216 1
37 222 -1
37 224 -1
37 229 1
38 39 1
38 46 -1
38 47 1
38 60 -1
38 62 1
38 65 -1
38 74 1
38 78 1
38 83 -1
38 84 -1
38 97 1
38 98 1
38 99 1
38 104 1
38 107 1
38 115 -1
38 118 -1
38 124 1
38 126 1
38 127 -1
38 129 -1
38 135 1
38 150 1
38 153 1
38 155 1
38 156 1
38 172 -1
38 181 1
38 183 1
38 184 1
38 186 1
38 191 -1
38 192 -1
38 194 1
38 196 -1
38 200 -1
38 206 -1
38 210 -1
38 215 1
38 222 -1
38 225 1
38 228 1
38 230 1
39 40 -1
39 47 1
39 54 1
39 56 -1
39 69 -1
39 70 -1
39 72 -1
39 74 1
39 76 -1
39 78 1
39 79 1
39 82 -1
39 85 -1
39 87 -1
39 88 1
39 97 1
39 98 1
39 104 1
39 107 1
39 113 -1
39 124 1
39 126 1
39 130 -1
39 132 -1
39 133 -1
39 138 -1
39 139 -1
39 149 -1
39 150 1
39 157 -1
39 159 -1
39 164 -1
39 173 1
39 174 1
39 176 -1
39 184 1
39 186 1
39 190 -1
39 199 1
39 221 1
39 228 1
39 230 1
40 42 1
40 44 1
40 52 -1
40 65 1
40 67 -1
40 68 1
40 69 1
40 71 1
40 72 1
40 86 -1
40 94 1
40 100 1
40 101 -1
40 102 -1
40 103 1
40 115 1
40 120 -1
40 132 1
40 138 1
40 139 1
40 140 1
40 144 -1
40 147 1
40 149 1
40 150 -1
40 152 1
40 164 -1
40 166 1
40 167 1
40 169 -1
40 173 -1
40 179 -1
40 182 1
40 185 -1
40 187 1
40 191 1
40 194 -1
40 197 -1
40 205 1
40 207 1
40 213 1
40 219 1
40 222 -1
40 226 1
41 43 -1
41 68 -1
41 69 -1
41 71 -1
41 73 -1
41 74 -1
41 78 -1
41 81 1
41 91 -1
41 93 -1
41 95 -1
41 98 -1
41 104 -1
41 105 -1
41 110 -1
41 114 1
41 116 1
41 128 1
41 130 -1
41 139 -1
41 142 -1
41 150 -1
41 159 1
41 161 1
41 175 1
41 198 1
41 202 1
41 213 -1
41 215 -1
41 223 -1
41 229 -1
42 44 1
42 48 -1
42 56 -1
42 58 1
42 65 1
42 68 1
42 72 1
42 73 1
42 79 -1
42 84 -1
42 92 -1
42 96 -1
42 98 -1
42 99 -1
42 103 1
42 105 -1
42 109 1
42 115 1
42 119 -1
42 120 -1
42 138 -1
42 140 1
42 146 -1
42 147 1
42 149 1
42 157 -1
42 162 -1
42 166 1
42 167 1
42 169 -1
42 172 1
42 175 -1
42 182 1
42 194 -1
42 203 -1
42 205 -1
42 209 -1
42 212 1
42 213 1
42 214 1
42 219 1
42 230 -1
43 49 1
43 52 1
43 53 1
43 57 1
43 64 -1
43 66 1
43 70 1
43 75 1
43 76 -1
43 82 -1
43 89 -1
43 91 -1
43 107 -1
43 112 -1
43 113 1
43 122 1
43 134 1
43 143 1
43 151 1
43 158 1
43 160 1
43 168 -1
43 169 -1
43 171 1
43 174 -1
43 190 1
43 192 1
43 200 1
43 208 1
43 211 1
43 216 1
43 217 -1
43 220 -1
43 222 -1
43 228 -1
43 229 1
44 45 -1
44 61 -1
44 65 1
44 67 -1
44 68 1
44 69 1
44 71 1
44 74 -1
44 86 -1
44 94 1
44 96 -1
44 100 1
44 103 1
44 109 -1
44 112 -1
44 115 1
44 121 -1
44 124 -1
44 125 -1
44 132 1
44 134 -1
44 136 -1
44 138 1
44 139 1
44 140 1
44 147 1
44 149 1
44 152 1
44 154 1
44 166 1
44 180 -1
44 182 1
44 187 1
44 191 1
44 194 -1
44 196 -1
44 205 1
44 207 1
44 217 -1
44 219 1
44 226 1
45 47 -1
45 48 1
45 67 -1
45 69 -1
45 76 1
45 77 1
45 85 1
45 90 1
45 91 -1
45 92 1
45 101 1
45 105 1
45 111 -1
45 112 -1
45 121 1
45 123 1
45 141 1
45 143 -1
45 145 1
45 156 -1
45 163 1
45 167 -1
45 170 1
45 176 1
45 177 1
45 178 1
45 183 -1
45 198 -1
45 204 1
45 209 -1
45 215 -1
45 217 1
45 222 1
45 224 1
45 226 -1
45 227 1
46 48 -1
46 51 -1
46 52 -1
46 55 1
46 58 1
46 72 1
46 73 1
46 84 1
46 90 -1
46 96 1
46 102 1
46 103 1
46 107 -1
46 109 1
46 120 -1
46 121 -1
46 122 -1
46 128 -1
46 131 -1
46 138 -1
46 142 1
46 146 1
46 152 -1
46 157 -1
46 167 1
46 168 1
46 169 1
46 172 1
46 189 1
46 197 1
46 209 1
46 210 1
46 212 1
46 213 1
46 214 1
46 215 -1
46 218 1
46 224 -1
46 226 -1
46 230 -1
47 68 -1
47 74 1
47 78 1
47 79 1
47 82 -1
47 88 1
47 92 -1
47 95 -1
47 97 1
47 98 1
47 104 1
47 107 1
47 120 -1
47 124 1
47 126 1
47 136 -1
47 150 1
47 152 -1
47 153 1
47 155 1
47 156 1
47 173 1
47 174 1
47 184 1
47 186 1
47 194 1
47 196 -1
47 198 -1
47 201 -1
47 215 1
47 221 1
47 228 1
47 230 1
48 50 -1
48 55 -1
48 56 -1
48 58 -1
48 73 -1
48 77 1
48 79 -1
48 85 1
48 92 1
48 101 1
48 105 1
48 114 -1
48 121 1
48 122 -1
48 123 1
48 124 -1
48 131 -1
48 141 1
48 143 -1
48 146 -1
48 147 -1
48 154 -1
48 155 -1
48 163 1
48 170 1
48 174 -1
48 176 1
48 177 1
48 178 1
48 196 -1
48 203 -1
48 204 1
48 209 -1
48 213 -1
48 217 1
48 222 1
48 224 1
48 226 -1
48 227 1
49 51 -1
49 52 1
49 53 1
49 57 1
49 58 -1
49 66 1
49 70 1
49 72 -1
49 75 1
49 88 -1
49 92 -1
49 113 1
49 115 -1
49 118 -1
49 122 1
49 123 -1
49 125 -1
49 130 -1
49 134 1
49 138 -1
49 142 -1
49 151 1
49 158 1
49 160 1
49 185 1
49 190 1
49 192 1
49 195 -1
49 200 1
49 205 -1
49 208 1
49 211 1
49 216 1
49 229 1
49 230 -1
50 59 -1
50 63 -1
50 66 1
50 72 -1
50 74 -1
50 77 -1
50 79 -1
50 81 1
50 82 -1
50 110 1
50 111 -1
50 114 1
50 116 1
50 122 -1
50 127 -1
50 135 -1
50 150 -1
50 158 1
50 159 1
50 168 -1
50 175 1
50 178 -1
50 185 1
50 190 1
50 192 1
50 196 1
50 198 1
50 202 1
50 206 -1
50 208 1
50 209 -1
50 227 -1
50 228 -1
51 55 -1
51 59 1
51 60 1
51 61 1
51 62 1
51 64 1
51 65 -1
51 69 -1
51 83 1
51 86 1
51 89 1
51 90 -1
51 91 -1
51 99 1
51 103 -1
51 106 -1
51 110 -1
51 112 1
51 113 -1
51 114 -1
51 120 -1
51 125 1
51 130 1
51 133 1
51 135 1
51 136 -1
51 137 -1
51 143 -1
51 148 1
51 153 1
51 154 -1
51 155 -1
51 160 -1
51 165 1
51 169 -1
51 175 -1
51 180 1
51 181 1
51 183 1
51 190 -1
51 197 -1
51 201 1
51 202 -1
51 215 1
51 217 -1
51 220 1
51 223 -1
51 225 1
51 230 -1
52 53 1
52 57 1
52 59 -1
52 70 1
52 75 1
52 76 -1
52 87 1
52 90 -1
52 95 1
52 100 -1
52 111 1
52 113 1
52 117 -1
52 122 1
52 126 -1
52 129 1
52 134 1
52 143 1
52 144 -1
52 147 -1
52 151 1
52 154 1
52 160 1
52 171 1
52 180 -1
52 189 -1
52 191 -1
52 200 1
52 208 -1
52 211 1
52 216 1
52 223 1
52 228 -1
52 229 1
53 57 1
53 62 -1
53 66 1
53 70 1
53 75 1
53 77 -1
53 82 -1
53 94 -1
53 99 -1
53 103 -1
53 113 1
53 128 -1
53 132 -1
53 134 1
53 136 -1
53 141 -1
53 158 1
53 160 1
53 184 -1
53 185 1
53 189 -1
53 190 1
53 192 1
53 194 -1
53 200 1
53 202 -1
53 208 1
53 211 1
53 216 1
53 220 -1
53 227 -1
53 229 1
54 56 1
54 57 -1
54 59 -1
54 74 1
54 79 1
54 82 -1
54 84 -1
54 87 -1
54 88 1
54 92 -1
54 101 -1
54 106 1
54 108 1
54 117 1
54 131 1
54 141 -1
54 142 -1
54 148 -1
54 150 1
54 151 -1
54 157 1
54 162 1
54 173 1
54 174 1
54 175 -1
54 181 -1
54 184 1
54 192 -1
54 198 -1
54 199 1
54 203 -1
54 206 1
54 212 -1
54 214 -1
54 219 -1
54 221 1
55 58 1
55 59 -1
55 64 -1
55 67 1
55 75 -1
55 81 -1
55 84 1
55 96 1
55 102 1
55 108 1
55 109 1
55 113 -1
55 127 1
55 136 1
55 140 -1
55 141 -1
55 142 1
55 146 1
55 149 -1
55 161 -1
55 162 -1
55 164 -1
55 168 1
55 169 1
55 188 1
55 189 1
55 193 1
55 197 1
55 198 -1
55 209 1
55 210 1
55 212 1
55 218 1
55 223 -1
55 226 -1
55 227 -1
56 67 1
56 74 1
56 77 -1
56 79 1
56 88 1
56 90 -1
56 98 -1
56 106 1
56 108 1
56 110 -1
56 112 -1
56 113 -1
56 117 1
56 127 1
56 131 1
56 135 -1
56 136 1
56 146 -1
56 152 -1
56 156 -1
56 157 1
56 160 -1
56 162 1
56 168 -1
56 173 1
56 174 1
56 181 -1
56 187 -1
56 188 1
56 189 -1
56 199 1
56 203 -1
56 206 1
56 211 -1
56 216 -1
56 221 1
56 225 -1
56 226 -1
56 227 -1
57 64 -1
57 66 1
57 70 1
57 75 1
57 78 -1
57 90 -1
57 91 -1
57 96 -1
57 99 -1
57 111 -1
57 112 -1
57 113 1
57 124 -1
57 134 1
57 150 -1
57 151 -1
57 152 -1
57 158 1
57 160 1
57 170 -1
57 171 -1
57 175 -1
57 185 1
57 189 -1
57 190 1
57 192 1
57 200 1
57 208 1
57 211 1
57 213 -1
57 214 -1
57 216 1
57 225 -1
57 229 1
57 230 -1
58 61 -1
58 65 1
58 71 -1
58 72 1
58 73 1
58 76 -1
58 84 1
58 88 -1
58 90 -1
58 91 -1
58 102 1
58 103 1
58 109 1
58 118 -1
58 125 -1
58 135 -1
58 137 -1
58 141 -1
58 142 1
58 146 1
58 147 -1
58 150 -1
58 152 -1
58 155 -1
58 167 1
58 168 1
58 169 1
58 172 1
58 189 1
58 192 -1
58 197 1
58 199 -1
58 205 -1
58 209 1
58 210 1
58 212 1
58 213 1
58 214 1
58 218 1
59 60 -1
59 61 1
59 62 1
59 64 1
59 69 -1
59 72 -1
59 79 -1
59 82 -1
59 83 1
59 86 1
59 89 1
59 91 -1
59 97 -1
59 98 -1
59 99 1
59 102 -1
59 106 -1
59 110 -1
59 111 -1
59 112 1
59 125 1
59 133 1
59 135 1
59 137 -1
59 139 -1
59 141 -1
59 153 1
59 155 1
59 156 1
59 163 -1
59 165 1
59 173 -1
59 178 -1
59 180 1
59 181 1
59 183 1
59 194 1
59 209 -1
59 213 -1
59 215 1
59 216 -1
59 220 1
59 225 1
59 228 1
59 230 -1
60 61 1
60 64 1
60 71 -1
60 80 1
60 83 1
60 86 1
60 91 -1
60 93 1
60 100 -1
60 112 1
60 117 -1
60 125 1
60 128 -1
60 129 -1
60 130 1
60 137 1
60 140 -1
60 141 -1
60 143 -1
60 148 1
60 164 1
60 165 1
60 168 -1
60 170 -1
60 173 -1
60 176 -1
60 180 1
60 201 1
60 209 -1
60 217 -1
60 220 1
60 221 -1
61 62 1
61 64 1
61 68 -1
61 80 1
61 83 1
61 86 1
61 89 1
61 99 1
61 109 -1
61 111 -1
61 112 1
61 113 -1
61 116 -1
61 125 1
61 130 1
61 133 1
61 135 1
61 144 -1
61 148 1
61 150 -1
61 153 1
61 165 1
61 180 1
61 181 1
61 183 1
61 201 1
61 204 -1
61 207 -1
61 215 1
61 219 -1
61 220 1
61 222 -1
61 225 1
61 230 -1
62 64 1
62 79 -1
62 83 1
62 86 1
62 87 -1
62 89 1
62 99 1
62 109 -1
62 110 -1
62 112 1
62 116 -1
62 124 1
62 125 1
62 131 -1
62 133 1
62 135 1
62 153 1
62 155 1
62 156 1
62 165 1
62 177 -1
62 178 -1
62 179 -1
62 181 1
62 183 1
62 190 -1
62 194 1
62 201 -1
62 207 -1
62 215 1
62 225 1
62 228 1
63 64 -1
63 66 -1
63 72 -1
63 79 -1
63 82 1
63 87 -1
63 89 -1
63 101 -1
63 105 -1
63 106 -1
63 115 -1
63 118 1
63 120 1
63 124 -1
63 125 -1
63 128 -1
63 144 1
63 155 -1
63 157 -1
63 164 -1
63 166 -1
63 178 -1
63 179 1
63 195 1
63 197 -1
63 198 -1
63 202 -1
63 203 1
63 205 -1
64 75 -1
64 80 1
64 83 1
64 86 1
64 89 1
64 90 -1
64 93 1
64 96 -1
64 99 1
64 111 -1
64 112 1
64 114 -1
64 115 -1
64 120 -1
64 121 -1
64 125 1
64 126 -1
64 128 -1
64 130 1
64 133 1
64 134 -1
64 135 1
64 136 -1
64 143 -1
64 148 1
64 149 -1
64 164 1
64 165 1
64 180 1
64 181 1
64 183 1
64 186 -1
64 195 -1
64 201 1
64 209 -1
64 218 -1
64 220 1
64 225 1
64 227 -1
65 68 1
65 70 -1
65 72 1
65 73 1
65 79 -1
65 94 -1
65 95 -1
65 98 -1
65 103 1
65 106 -1
65 108 -1
65 109 1
65 111 -1
65 115 1
65 125 -1
65 127 -1
65 128 -1
65 140 1
65 145 -1
65 147 1
65 149 1
65 166 1
65 167 1
65 168 1
65 172 1
65 177 -1
65 180 -1
65 182 1
65 184 -1
65 197 1
65 199 -1
65 202 -1
65 204 -1
65 210 1
65 212 1
65 213 1
65 214 1
65 224 -1
65 227 -1
66 75 1
66 78 -1
66 85 -1
66 90 -1
66 94 -1
66 97 -1
66 110 1
66 112 -1
66 118 -1
66 128 -1
66 134 -1
66 149 -1
66 152 -1
66 158 1
66 163 -1
66 171 -1
66 185 1
66 188 -1
66 190 1
66 192 1
66 196 1
66 205 -1
66 208 1
66 211 1
66 212 -1
66 216 1
66 218 -1
66 229 1
67 75 -1
67 76 -1
67 80 -1
67 84 1
67 96 1
67 100 -1
67 101 -1
67 102 1
67 105 -1
67 106 1
67 108 1
67 117 1
67 120 -1
67 127 1
67 131 1
67 135 -1
67 136 1
67 142 1
67 146 1
67 157 1
67 162 1
67 164 -1
67 169 1
67 170 -1
67 178 -1
67 188 1
67 189 1
67 191 -1
67 193 1
67 197 -1
67 201 -1
67 204 -1
67 205 -1
67 206 1
67 209 1
67 213 -1
67 217 -1
67 218 1
68 69 1
68 71 1
68 72 -1
68 74 -1
68 81 -1
68 93 -1
68 94 1
68 99 -1
68 100 1
68 115 1
68 132 1
68 138 1
68 139 1
68 140 1
68 147 1
68 149 1
68 150 -1
68 151 -1
68 152 1
68 154 1
68 158 -1
68 159 -1
68 166 1
68 174 -1
68 175 -1
68 182 1
68 187 1
68 188 -1
68 191 1
68 205 1
68 207 1
68 219 1
68 220 -1
68 226 1
68 228 -1
68 230 -1
69 71 1
69 79 -1
69 85 -1
69 87 1
69 88 -1
69 91 -1
69 94 1
69 95 1
69 100 1
69 109 -1
69 132 1
69 135 -1
69 138 1
69 139 1
69 140 1
69 147 1
69 148 -1
69 149 1
69 152 1
69 154 1
69 158 -1
69 159 -1
69 166 1
69 167 -1
69 174 -1
69 182 1
69 187 1
69 191 1
69 192 -1
69 194 -1
69 202 -1
69 205 1
69 207 1
69 210 -1
69 218 -1
69 219 1
69 222 -1
69 223 1
69 224 -1
69 226 1
70 75 1
70 99 -1
70 101 -1
70 107 -1
70 108 -1
70 111 1
70 113 1
70 122 1
70 129 1
70 130 -1
70 134 1
70 143 1
70 145 -1
70 146 -1
70 151 1
70 156 -1
70 157 -1
70 158 1
70 160 1
70 171 1
70 172 -1
70 184 -1
70 186 -1
70 190 1
70 192 1
70 200 1
70 204 -1
70 206 -1
70 208 1
70 211 1
70 216 1
70 223 -1
70 229 1
71 79 -1
71 87 1
71 94 1
71 95 1
71 100 1
71 111 1
71 129 1
71 131 -1
71 132 1
71 138 1
71 139 1
71 143 1
71 147 1
71 149 1
71 152 1
71 154 1
71 157 -1
71 166 1
71 168 -1
71 171 1
71 187 1
71 191 1
71 201 -1
71 204 -1
71 205 1
71 207 1
71 208 -1
71 219 1
71 221 -1
71 223 1
71 224 -1
71 226 1
71 228 -1
72 73 1
72 74 -1
72 81 -1
72 84 1
72 87 -1
72 100 -1
72 103 1
72 109 1
72 115 1
72 117 -1
72 121 -1
72 133 -1
72 140 1
72 154 -1
72 167 1
72 168 1
72 169 1
72 172 1
72 178 -1
72 182 1
72 197 1
72 201 -1
72 203 -1
72 205 -1
72 210 1
72 212 1
72 213 1
72 214 1
72 217 -1
72 226 -1
73 84 1
73 97 -1
73 102 1
73 103 1
73 104 -1
73 107 -1
73 109 1
73 113 -1
73 114 -1
73 115 1
73 122 -1
73 135 -1
73 142 1
73 144 -1
73 146 1
73 160 -1
73 166 -1
73 167 1
73 168 1
73 169 1
73 172 1
73 176 -1
73 182 1
73 188 -1
73 196 -1
73 197 1
73 210 1
73 212 1
73 213 1
73 214 1
73 215 -1
74 78 1
74 79 1
74 85 -1
74 88 1
74 91 -1
74 96 -1
74 97 1
74 98 1
74 104 1
74 107 1
74 113 -1
74 124 1
74 126 1
74 131 1
74 136 -1
74 150 1
74 162 1
74 173 1
74 174 1
74 181 -1
74 184 1
74 186 1
74 191 -1
74 199 1
74 221 1
74 223 -1
74 227 -1
74 229 -1
74 230 1
75 99 -1
75 111 -1
75 113 1
75 114 -1
75 115 -1
75 128 -1
75 133 -1
75 134 1
75 151 -1
75 158 1
75 159 -1
75 160 1
75 166 -1
75 167 -1
75 175 -1
75 185 1
75 189 -1
75 190 1
75 192 1
75 193 -1
75 197 -1
75 200 1
75 208 1
75 211 1
75 213 -1
75 214 -1
75 216 1
75 217 -1
75 229 1
76 77 1
76 78 -1
76 79 -1
76 84 -1
76 85 1
76 86 -1
76 90 1
76 92 1
76 101 1
76 102 -1
76 105 1
76 107 -1
76 112 -1
76 117 -1
76 119 1
76 122 -1
76 123 1
76 128 1
76 145 1
76 153 -1
76 158 -1
76 170 1
76 176 1
76 177 1
76 194 -1
76 208 -1
76 213 -1
76 222 1
76 225 -1
76 227 1
77 85 1
77 90 1
77 92 1
77 93 -1
77 101 1
77 103 -1
77 105 1
77 119 1
77 122 -1
77 123 1
77 125 -1
77 126 -1
77 139 -1
77 145 1
77 149 -1
77 163 1
77 166 -1
77 168 -1
77 170 1
77 176 1
77 177 1
77 178 1
77 180 -1
77 183 -1
77 198 -1
77 204 1
77 217 1
77 222 1
77 224 1
77 227 1
78 79 1
78 88 1
78 89 -1
78 97 1
78 98 1
78 104 1
78 107 1
78 113 -1
78 124 1
78 126 1
78 142 -1
78 145 -1
78 150 1
78 151 -1
78 152 -1
78 153 1
78 154 -1
78 155 1
78 156 1
78 166 -1
78 173 1
78 174 1
78 175 -1
78 181 -1
78 184 1
78 185 -1
78 186 1
78 194 1
78 202 -1
78 203 -1
78 213 -1
78 215 1
78 221 1
78 228 1
78 230 1
79 88 1
79 97 1
79 98 1
79 99 -1
79 106 1
79 117 1
79 126 1
79 130 -1
79 131 1
79 132 -1
79 139 -1
79 150 1
79 157 1
79 162 1
79 167 -1
79 173 1
79 174 1
79 175 -1
79 176 -1
79 184 1
79 186 1
79 190 -1
79 193 -1
79 194 -1
79 199 1
79 206 1
79 207 -1
79 209 -1
79 221 1
79 226 -1
80 83 1
80 86 1
80 90 -1
80 93 1
80 109 -1
80 121 -1
80 125 1
80 130 1
80 137 1
80 138 -1
80 148 1
80 149 -1
80 164 1
80 180 1
80 188 -1
80 197 -1
80 199 -1
80 201 1
80 202 -1
80 205 -1
80 206 -1
80 209 -1
80 220 1
81 110 1
81 114 1
81 116 1
81 121 -1
81 123 -1
81 126 -1
81 137 -1
81 146 -1
81 149 -1
81 152 -1
81 159 1
81 161 1
81 175 1
81 177 -1
81 182 -1
81 186 -1
81 196 1
81 198 1
81 202 1
81 205 -1
81 209 -1
81 212 -1
81 224 -1
82 84 -1
82 91 1
82 118 1
82 120 1
82 127 -1
82 141 -1
82 144 1
82 165 -1
82 167 -1
82 168 -1
82 169 -1
82 179 1
82 192 -1
82 195 1
82 198 -1
82 201 -1
82 203 1
82 211 -1
82 227 -1
83 86 1
83 89 1
83 90 -1
83 91 -1
83 93 1
83 99 1
83 100 -1
83 112 1
83 113 -1
83 118 -1
83 125 1
83 130 1
83 133 1
83 137 1
83 144 -1
83 147 -1
83 148 1
83 159 -1
83 164 1
83 165 1
83 171 -1
83 180 1
83 181 1
83 189 -1
83 190 -1
83 195 -1
83 200 -1
83 201 1
83 210 -1
83 214 -1
83 220 1
83 223 -1
83 225 1
83 228 -1
83 229 -1
84 96 1
84 97 -1
84 102 1
84 109 1
84 118 -1
84 122 -1
84 124 -1
84 127 1
84 136 1
84 142 1
84 146 1
84 149 -1
84 150 -1
84 153 -1
84 167 1
84 168 1
84 169 1
84 172 1
84 173 -1
84 176 -1
84 186 -1
84 188 1
84 189 1
84 193 1
84 197 1
84 204 -1
84 205 -1
84 209 1
84 210 1
84 212 1
84 213 -1
84 214 1
84 218 1
85 90 1
85 92 1
85 93 -1
85 101 1
85 105 1
85 111 -1
85 119 1
85 120 -1
85 123 1
85 124 -1
85 125 -1
85 128 1
85 134 -1
85 145 1
85 147 -1
85 150 -1
85 163 1
85 166 -1
85 170 1
85 176 1
85 177 1
85 178 1
85 185 -1
85 195 -1
85 204 1
85 205 -1
85 207 -1
85 208 -1
85 217 1
85 222 1
85 224 1
85 227 1
86 89 1
86 93 1
86 94 -1
86 95 -1
86 99 1
86 109 -1
86 112 1
86 125 1
86 126 -1
86 130 1
86 133 1
86 135 1
86 138 -1
86 140 -1
86 148 1
86 152 -1
86 164 1
86 165 1
86 167 -1
86 171 -1
86 174 -1
86 180 1
86 181 1
86 183 1
86 195 -1
86 200 -1
86 201 1
86 211 -1
86 215 -1
86 217 -1
86 220 1
86 225 1
86 226 -1
87 90 -1
87 93 -1
87 94 1
87 95 1
87 100 1
87 110 -1
87 111 1
87 113 1
87 115 -1
87 121 -1
87 122 1
87 123 -1
87 126 -1
87 127 -1
87 129 1
87 132 1
87 138 1
87 139 1
87 141 -1
87 143 1
87 150 -1
87 151 1
87 152 1
87 153 -1
87 154 1
87 160 1
87 171 1
87 172 -1
87 184 -1
87 187 1
87 191 1
87 202 -1
87 205 1
87 207 1
87 218 -1
87 219 1
87 223 1
87 224 -1
87 226 1
88 90 -1
88 91 -1
88 97 1
88 98 1
88 104 -1
88 106 1
88 109 -1
88 110 -1
88 112 -1
88 117 1
88 125 -1
88 126 1
88 131 1
88 141 -1
88 150 1
88 157 1
88 160 -1
88 162 1
88 168 -1
88 173 1
88 174 1
88 177 -1
88 182 -1
88 184 1
88 186 1
88 199 1
88 206 1
88 213 -1
88 215 -1
88 221 1
88 226 -1
89 94 -1
89 99 1
89 112 1
89 117 -1
89 125 1
89 131 -1
89 133 1
89 135 1
89 144 -1
89 145 -1
89 153 1
89 155 1
89 156 1
89 162 -1
89 164 -1
89 165 1
89 170 -1
89 180 1
89 181 1
89 183 1
89 193 -1
89 194 1
89 215 1
89 220 1
89 223 -1
89 225 1
89 228 1
90 92 1
90 101 1
90 105 1
90 117 -1
90 119 1
90 120 -1
90 123 1
90 128 1
90 132 -1
90 141 -1
90 145 1
90 146 -1
90 155 -1
90 168 -1
90 170 1
90 172 -1
90 176 1
90 177 1
90 192 -1
90 197 -1
90 221 -1
90 222 1
90 227 1
91 95 -1
91 105 -1
91 110 -1
91 115 -1
91 118 1
91 120 1
91 121 1
91 123 -1
91 129 -1
91 132 -1
91 140 -1
91 141 1
91 144 1
91 153 -1
91 154 -1
91 162 -1
91 163 1
91 173 -1
91 178 1
91 195 1
91 204 1
91 213 -1
91 214 -1
91 220 -1
91 224 1
92 94 -1
92 99 -1
92 101 1
92 102 -1
92 105 1
92 108 -1
92 109 -1
92 112 -1
92 117 -1
92 123 1
92 125 -1
92 138 -1
92 141 1
92 145 1
92 154 -1
92 158 -1
92 161 -1
92 163 1
92 167 -1
92 168 -1
92 170 1
92 176 1
92 177 1
92 178 1
92 179 -1
92 180 -1
92 182 -1
92 194 -1
92 202 -1
92 204 1
92 208 -1
92 217 1
92 222 1
92 224 1
92 227 1
93 105 -1
93 112 -1
93 116 -1
93 117 -1
93 120 -1
93 125 1
93 130 1
93 137 1
93 148 1
93 164 1
93 180 1
93 201 1
93 203 -1
93 209 -1
93 212 -1
93 217 -1
93 220 1
94 95 1
94 98 -1
94 100 1
94 108 -1
94 110 -1
94 111 1
94 120 -1
94 129 1
94 132 1
94 138 1
94 139 1
94 140 1
94 147 1
94 149 1
94 152 1
94 154 1
94 160 -1
94 166 1
94 171 1
94 179 -1
94 180 -1
94 184 -1
94 185 -1
94 187 1
94 191 1
94 205 1
94 207 1
94 215 -1
94 219 1
94 223 1
94 226 1
94 228 -1
95 100 1
95 109 -1
95 110 -1
95 111 1
95 113 1
95 115 -1
95 122 1
95 129 1
95 131 -1
95 135 -1
95 138 1
95 139 1
95 143 1
95 144 -1
95 151 1
95 152 1
95 154 1
95 155 -1
95 160 1
95 164 -1
95 165 -1
95 167 -1
95 171 1
95 173 -1
95 180 -1
95 191 1
95 200 1
95 205 1
95 207 1
95 208 -1
95 216 -1
95 218 -1
95 219 -1
95 223 1
95 226 1
96 102 1
96 106 1
96 108 1
96 117 1
96 126 -1
96 127 1
96 133 -1
96 134 -1
96 135 -1
96 136 1
96 137 -1
96 142 1
96 144 -1
96 146 1
96 157 1
96 159 -1
96 168 -1
96 169 1
96 185 -1
96 188 1
96 189 1
96 193 1
96 197 1
96 206 1
96 209 1
96 215 -1
96 218 1
96 227 -1
97 98 1
97 104 1
97 107 1
97 114 -1
97 121 -1
97 122 -1
97 123 -1
97 124 1
97 126 1
97 142 -1
97 146 -1
97 150 1
97 155 1
97 156 1
97 164 -1
97 169 -1
97 171 -1
97 173 1
97 174 1
97 180 -1
97 184 1
97 186 1
97 187 -1
97 194 1
97 199 1
97 201 -1
97 221 1
97 228 1
97 230 1
98 104 1
98 107 1
98 124 1
98 126 1
98 136 -1
98 150 1
98 154 -1
98 155 1
98 156 1
98 157 -1
98 161 -1
98 162 -1
98 173 1
98 174 1
98 176 -1
98 178 -1
98 184 1
98 186 1
98 194 1
98 199 1
98 205 -1
98 211 -1
98 218 -1
98 220 -1
98 221 1
98 228 1
98 230 1
99 102 -1
99 104 -1
99 112 1
99 124 1
99 125 1
99 126 -1
99 131 -1
99 133 1
99 135 1
99 147 -1
99 150 -1
99 153 1
99 155 1
99 156 1
99 158 -1
99 160 -1
99 165 1
99 167 -1
99 181 1
99 183 1
99 185 -1
99 189 -1
99 194 1
99 198 -1
99 206 -1
99 209 -1
99 211 -1
99 215 1
99 225 1
99 228 1
100 111 1
100 129 1
100 130 -1
100 132 1
100 138 1
100 139 1
100 140 1
100 147 1
100 149 1
100 151 -1
100 152 1
100 154 1
100 158 -1
100 159 -1
100 166 1
100 170 -1
100 172 -1
100 180 -1
100 182 1
100 187 1
100 191 1
100 205 1
100 207 1
100 214 -1
100 219 1
100 223 1
100 226 1
100 227 -1
101 105 1
101 119 1
101 123 1
101 133 -1
101 137 -1
101 138 -1
101 145 1
101 153 -1
101 163 1
101 170 1
101 176 1
101 177 1
101 178 1
101 187 -1
101 193 -1
101 197 -1
101 203 -1
101 204 1
101 217 1
101 222 1
101 224 1
101 227 1
102 108 1
102 109 1
102 122 -1
102 126 -1
102 127 1
102 134 -1
102 136 1
102 138 -1
102 142 1
102 144 -1
102 146 1
102 158 -1
102 159 -1
102 165 -1
102 168 1
102 169 1
102 180 -1
102 188 1
102 189 1
102 190 -1
102 193 1
102 197 1
102 200 -1
102 209 1
102 210 1
102 212 1
102 214 1
102 218 1
102 219 -1
102 221 -1
102 226 -1
102 228 -1
103 106 -1
103 109 1
103 110 -1
103 115 1
103 122 -1
103 133 -1
103 140 1
103 141 -1
103 148 -1
103 149 1
103 163 -1
103 166 1
103 167 1
103 168 1
103 172 1
103 173 -1
103 179 -1
103 182 1
103 190 -1
103 196 -1
103 197 1
103 201 -1
103 210 1
103 212 1
103 213 1
103 214 1
103 217 -1
104 107 1
104 108 -1
104 124 1
104 126 1
104 127 -1
104 135 1
104 138 -1
104 150 1
104 153 1
104 155 1
104 156 1
104 165 -1
104 172 -1
104 173 1
104 174 -1
104 177 -1
104 183 1
104 184 1
104 186 1
104 193 -1
104 194 1
104 206 -1
104 215 1
104 219 -1
104 228 1
104 230 1
105 108 -1
105 117 -1
105 119 1
105 123 1
105 124 -1
105 128 1
105 130 -1
105 139 -1
105 145 1
105 150 -1
105 156 -1
105 163 -1
105 166 -1
105 170 1
105 171 -1
105 173 -1
105 176 1
105 177 1
105 182 -1
105 193 -1
105 213 -1
105 216 -1
105 217 1
105 222 1
105 227 1
105 230 -1
106 108 1
106 113 -1
106 117 1
106 127 1
106 131 1
106 136 1
106 142 -1
106 151 -1
106 157 1
106 161 -1
106 162 1
106 169 -1
106 172 -1
106 173 1
106 174 1
106 176 -1
106 188 1
106 191 -1
106 193 1
106 197 -1
106 199 1
106 202 -1
106 203 -1
106 206 1
106 221 1
106 224 -1
106 229 -1
107 113 -1
107 124 1
107 126 1
107 131 -1
107 135 1
107 139 -1
107 150 1
107 153 1
107 155 1
107 156 1
107 163 -1
107 175 -1
107 183 1
107 184 1
107 186 1
107 191 -1
107 194 1
107 197 -1
107 215 1
107 223 -1
107 228 1
107 230 1
108 113 -1
108 117 1
108 126 -1
108 127 1
108 131 1
108 135 -1
108 136 1
108 142 1
108 156 -1
108 157 1
108 162 1
108 165 -1
108 180 -1
108 186 -1
108 187 -1
108 188 1
108 189 1
108 190 -1
108 193 1
108 206 1
108 209 1
108 214 -1
108 218 1
109 110 -1
109 116 -1
109 119 -1
109 142 1
109 146 1
109 147 -1
109 149 -1
109 159 -1
109 167 1
109 168 1
109 169 1
109 172 1
109 174 -1
109 183 -1
109 189 1
109 197 1
109 209 1
109 210 1
109 212 1
109 213 1
109 214 1
109 218 1
109 220 -1
109 226 -1
110 114 1
110 116 1
110 127 -1
110 136 -1
110 139 -1
110 143 -1
110 153 -1
110 159 1
110 161 -1
110 173 -1
110 175 1
110 181 -1
110 185 1
110 190 1
110 192 1
110 195 -1
110 196 1
110 198 1
110 202 1
110 228 -1
111 113 1
111 120 -1
111 122 1
111 127 -1
111 129 1
111 134 1
111 138 1
111 139 1
111 141 -1
111 143 1
111 150 -1
111 151 1
111 152 1
111 154 1
111 160 1
111 171 1
111 175 -1
111 178 -1
111 179 -1
111 182 -1
111 186 -1
111 191 1
111 200 1
111 201 -1
111 207 1
111 211 1
111 212 -1
111 215 -1
111 223 1
111 226 -1
111 227 -1
112 125 1
112 130 1
112 131 -1
112 133 1
112 134 -1
112 135 1
112 146 -1
112 148 1
112 150 -1
112 153 1
112 155 -1
112 163 -1
112 165 1
112 169 -1
112 180 1
112 181 1
112 183 1
112 194 1
112 200 -1
112 201 1
112 207 -1
112 211 -1
112 215 1
112 220 1
112 225 1
113 122 1
113 129 1
113 134 1
113 143 1
113 151 1
113 154 -1
113 158 1
113 160 1
113 171 1
113 200 1
113 204 -1
113 208 1
113 211 1
113 212 -1
113 216 1
113 223 1
113 229 1
114 116 1
114 126 -1
114 138 -1
114 140 -1
114 143 -1
114 152 -1
114 154 -1
114 159 1
114 161 1
114 166 -1
114 172 -1
114 175 1
114 181 -1
114 196 1
114 198 1
114 202 1
114 219 -1
115 123 -1
115 132 1
115 133 -1
115 140 1
115 141 -1
115 147 1
115 149 1
115 152 -1
115 156 -1
115 165 -1
115 166 1
115 167 1
115 170 -1
115 172 1
115 182 1
115 187 1
115 189 -1
115 204 -1
115 205 1
115 211 -1
115 212 1
115 213 1
115 214 1
115 219 1
115 226 1
115 230 -1
116 124 -1
116 127 -1
116 140 -1
116 141 -1
116 157 -1
116 158 -1
116 159 1
116 161 1
116 175 1
116 181 -1
116 183 -1
116 193 -1
116 196 1
116 198 1
116 202 1
116 203 -1
116 210 -1
116 217 -1
116 225 -1
117 122 -1
117 127 1
117 131 1
117 136 1
117 143 -1
117 149 -1
117 157 1
117 162 1
117 165 -1
117 171 -1
117 172 -1
117 173 -1
117 174 1
117 175 -1
117 188 1
117 189 1
117 193 1
117 199 1
117 200 -1
117 206 1
117 209 1
117 213 -1
117 214 -1
117 218 1
117 221 1
118 119 -1
118 120 1
118 138 -1
118 144 1
118 155 -1
118 157 -1
118 160 -1
118 162 -1
118 179 1
118 195 1
118 196 -1
118 198 -1
118 203 1
118 213 -1
118 215 -1
118 224 -1
118 229 -1
119 123 1
119 128 1
119 130 -1
119 139 -1
119 145 1
119 150 -1
119 157 -1
119 161 1
119 170 1
119 171 -1
119 175 -1
119 176 1
119 177 1
119 193 -1
119 197 -1
119 208 -1
119 220 -1
119 222 1
119 223 -1
119 227 1
120 121 1
120 141 1
120 144 1
120 161 -1
120 162 -1
120 167 -1
120 179 1
120 185 -1
120 189 -1
120 190 -1
120 195 1
120 203 1
120 205 -1
120 215 -1
120 221 -1
120 222 -1
120 225 -1
120 227 -1
120 228 -1
120 230 -1
121 133 -1
121 141 1
121 142 -1
121 144 1
121 147 -1
121 151 -1
121 163 1
121 168 -1
121 170 -1
121 178 1
121 180 -1
121 188 -1
121 204 1
121 217 1
121 219 -1
121 222 -1
121 224 1
121 226 -1
122 124 -1
122 129 1
122 134 1
122 143 1
122 147 -1
122 148 -1
122 151 1
122 154 1
122 155 -1
122 157 -1
122 160 1
122 165 -1
122 171 1
122 179 -1
122 186 -1
122 192 -1
122 193 -1
122 200 1
122 201 -1
122 203 -1
122 211 1
122 216 1
122 221 -1
122 223 1
122 229 1
123 127 -1
123 128 1
123 134 -1
123 145 1
123 150 -1
123 159 -1
123 163 1
123 170 1
123 176 1
123 177 1
123 178 1
123 204 1
123 209 -1
123 215 -1
123 217 1
123 222 1
123 224 1
123 227 1
123 228 -1
124 126 1
124 135 1
124 150 1
124 153 1
124 155 1
124 156 1
124 159 -1
124 161 -1
124 181 1
124 183 1
124 184 1
124 186 1
124 192 -1
124 194 1
124 205 -1
124 210 -1
124 215 1
124 219 -1
124 220 -1
124 225 1
124 228 1
124 230 1
125 127 -1
125 128 -1
125 129 -1
125 130 1
125 131 -1
125 133 1
125 134 -1
125 136 -1
125 137 1
125 139 -1
125 148 1
125 153 -1
125 154 -1
125 156 -1
125 164 1
125 165 1
125 167 -1
125 175 -1
125 180 1
125 181 1
125 188 -1
125 201 1
125 205 -1
125 220 1
125 225 1
126 130 -1
126 133 -1
126 150 1
126 153 -1
126 155 1
126 156 1
126 162 -1
126 165 -1
126 173 1
126 174 1
126 177 -1
126 184 1
126 186 1
126 194 1
126 198 -1
126 199 1
126 209 -1
126 213 -1
126 217 -1
126 219 -1
126 221 1
126 222 -1
126 228 1
126 230 1
127 136 1
127 142 1
127 146 1
127 150 -1
127 152 -1
127 157 1
127 158 -1
127 169 1
127 179 -1
127 188 1
127 189 1
127 193 1
127 201 -1
127 206 1
127 209 1
127 218 1
128 136 -1
128 144 -1
128 145 1
128 152 -1
128 157 -1
128 160 -1
128 161 1
128 170 1
128 176 1
128 177 1
128 185 -1
128 186 -1
128 190 -1
128 200 -1
128 211 -1
128 212 -1
128 219 -1
128 227 1
128 228 -1
129 131 -1
129 134 1
129 136 -1
129 138 1
129 139 1
129 143 1
129 149 -1
129 151 1
129 152 1
129 154 1
129 160 1
129 165 -1
129 166 -1
129 171 1
129 183 -1
129 184 -1
129 192 -1
129 193 -1
129 194 -1
129 200 1
129 205 -1
129 207 1
129 211 1
129 218 -1
129 223 1
129 224 -1
129 229 -1
130 134 -1
130 137 1
130 148 1
130 149 -1
130 152 -1
130 155 -1
130 157 -1
130 164 1
130 165 1
130 174 -1
130 179 -1
130 180 1
130 181 -1
130 188 -1
130 189 -1
130 191 -1
130 195 -1
130 197 -1
130 201 1
130 213 -1
130 215 -1
130 218 -1
130 219 -1
130 220 1
131 134 -1
131 136 1
131 142 -1
131 150 1
131 157 1
131 162 1
131 172 -1
131 173 1
131 174 1
131 177 -1
131 199 1
131 206 1
131 218 -1
131 221 1
131 223 -1
132 134 -1
132 137 -1
132 138 1
132 139 1
132 140 1
132 146 -1
132 147 1
132 149 1
132 152 1
132 154 1
132 155 -1
132 165 -1
132 166 1
132 182 1
132 184 -1
132 187 1
132 191 1
132 197 -1
132 205 1
132 207 1
132 211 -1
132 214 -1
132 219 1
132 226 1
133 135 1
133 139 -1
133 144 -1
133 145 -1
133 149 -1
133 153 1
133 155 1
133 156 1
133 165 1
133 180 1
133 181 1
133 183 1
133 194 1
133 199 -1
133 215 1
133 220 1
133 223 -1
133 224 -1
133 225 1
133 228 1
134 140 -1
134 143 1
134 151 1
134 152 -1
134 158 1
134 160 1
134 163 -1
134 165 -1
134 167 -1
134 171 1
134 173 -1
134 180 -1
134 183 -1
134 186 -1
134 190 1
134 192 1
134 200 1
134 208 1
134 211 1
134 216 1
134 217 -1
134 221 -1
134 227 -1
134 229 1
135 138 -1
135 143 -1
135 153 1
135 155 1
135 156 1
135 159 -1
135 165 1
135 181 1
135 183 1
135 194 1
135 196 -1
135 209 -1
135 215 1
135 225 1
135 228 1
135 229 -1
135 230 1
136 140 -1
136 142 1
136 145 -1
136 146 1
136 155 -1
136 157 1
136 162 1
136 169 1
136 176 -1
136 187 -1
136 188 1
136 189 1
136 193 1
136 204 -1
136 206 1
136 209 1
136 218 1
136 226 -1
136 227 -1
137 148 1
137 164 1
137 166 -1
137 167 -1
137 174 -1
137 180 1
137 185 -1
137 189 -1
137 201 1
137 214 -1
137 220 1
137 222 -1
138 139 1
138 140 1
138 147 1
138 149 1
138 152 1
138 154 1
138 157 -1
138 166 1
138 167 -1
138 172 -1
138 173 -1
138 175 -1
138 181 -1
138 182 1
138 187 1
138 191 1
138 199 -1
138 205 1
138 207 1
138 209 -1
138 213 -1
138 219 1
138 223 1
138 226 1
139 147 1
139 149 1
139 152 1
139 154 1
139 155 -1
139 162 -1
139 166 1
139 171 1
139 177 -1
139 178 -1
139 183 -1
139 187 1
139 188 -1
139 191 1
139 192 -1
139 193 -1
139 198 -1
139 205 1
139 207 1
139 212 -1
139 219 1
139 220 -1
139 221 -1
139 223 1
139 226 1
140 143 -1
140 147 1
140 148 -1
140 149 1
140 151 -1
140 152 -1
140 161 -1
140 166 1
140 167 1
140 172 1
140 176 -1
140 182 1
140 186 -1
140 187 1
140 191 1
140 193 -1
140 195 -1
140 205 1
140 206 -1
140 213 1
140 217 -1
140 218 -1
140 219 1
140 220 -1
140 226 1
141 150 -1
141 152 -1
141 155 -1
141 163 1
141 170 -1
141 178 1
141 181 -1
141 193 -1
141 195 -1
141 204 1
141 217 1
141 224 1
141 230 -1
142 146 1
142 153 -1
142 162 -1
142 167 1
142 168 1
142 169 1
142 172 1
142 185 -1
142 188 1
142 189 1
142 193 1
142 197 1
142 208 -1
142 209 1
142 210 1
142 211 -1
142 212 1
142 214 1
142 218 1
142 226 -1
143 151 1
143 154 1
143 157 -1
143 160 1
143 165 -1
143 171 1
143 173 -1
143 174 -1
143 185 -1
143 193 -1
143 198 -1
143 200 1
143 207 1
143 211 1
143 216 1
143 221 -1
143 223 1
143 230 -1
144 148 -1
144 152 -1
144 161 -1
144 179 1
144 187 -1
144 195 1
144 199 -1
144 202 -1
144 203 1
144 206 -1
144 211 -1
144 212 -1
144 216 -1
145 150 -1
145 170 1
145 176 1
145 177 1
145 181 -1
145 190 -1
145 191 -1
145 192 -1
145 196 -1
145 201 -1
145 202 -1
145 211 -1
145 216 -1
145 219 -1
145 222 1
145 227 1
146 150 -1
146 164 -1
146 167 1
146 168 1
146 169 1
146 172 1
146 178 -1
146 183 -1
146 188 1
146 189 1
146 193 1
146 197 1
146 198 -1
146 200 -1
146 209 1
146 210 1
146 211 -1
146 212 1
146 214 1
146 215 -1
146 218 1
146 225 -1
147 149 1
147 152 1
147 153 -1
147 154 1
147 158 -1
147 166 1
147 174 -1
147 176 -1
147 182 1
147 187 1
147 191 1
147 193 -1
147 197 -1
147 201 -1
147 205 1
147 207 1
147 217 -1
147 219 1
147 222 -1
147 224 -1
147 225 -1
147 226 1
148 149 -1
148 153 -1
148 160 -1
148 164 1
148 165 1
148 170 -1
148 180 1
148 186 -1
148 196 -1
148 201 1
148 202 -1
148 220 1
149 152 1
149 158 -1
149 161 -1
149 166 1
149 172 -1
149 177 -1
149 179 -1
149 182 1
149 187 1
149 191 1
149 200 -1
149 204 -1
149 205 1
149 207 1
149 212 -1
149 214 -1
149 219 1
149 226 1
150 158 -1
150 161 -1
150 162 1
150 163 -1
150 170 -1
150 173 1
150 174 1
150 177 -1
150 183 -1
150 184 1
150 186 1
150 188 -1
150 189 -1
150 194 -1
150 199 1
150 204 -1
150 208 -1
150 221 1
150 228 1
150 230 1
151 154 1
151 156 -1
151 160 1
151 164 -1
151 171 1
151 176 -1
151 179 -1
151 190 -1
151 191 -1
151 200 1
151 202 -1
151 204 -1
151 207 -1
151 211 1
151 216 1
151 217 -1
151 223 1
152 154 1
152 166 1
152 167 -1
152 171 1
152 183 -1
152 185 -1
152 187 1
152 189 -1
152 191 1
152 194 -1
152 201 -1
152 204 -1
152 205 1
152 207 1
152 216 -1
152 219 1
152 223 1
152 226 1
152 230 -1
153 154 -1
153 155 1
153 156 1
153 165 1
153 167 -1
153 169 -1
153 181 1
153 183 1
153 186 -1
153 194 1
153 199 -1
153 215 1
153 225 1
153 228 1
153 230 1
154 160 1
154 166 1
154 170 -1
154 171 1
154 180 -1
154 187 1
154 188 -1
154 191 1
154 195 -1
154 197 -1
154 205 1
154 207 1
154 215 -1
154 219 1
154 220 -1
154 223 1
154 226 1
155 156 1
155 171 -1
155 180 -1
155 181 1
155 183 1
155 184 -1
155 186 1
155 187 -1
155 194 1
155 211 -1
155 212 -1
155 215 1
155 225 1
155 228 1
155 230 1
156 159 -1
156 169 -1
156 175 -1
156 177 -1
156 181 1
156 182 -1
156 183 1
156 184 -1
156 186 1
156 192 -1
156 194 1
156 207 -1
156 210 -1
156 211 -1
156 215 1
156 220 -1
156 225 1
156 226 -1
156 228 1
156 230 1
157 162 1
157 173 1
157 174 1
157 176 -1
157 181 -1
157 186 -1
157 188 1
157 193 1
157 195 -1
157 197 -1
157 199 1
157 205 -1
157 206 1
157 207 -1
157 216 -1
157 218 1
157 219 -1
157 221 1
157 222 -1
158 169 -1
158 170 -1
158 171 -1
158 178 -1
158 180 -1
158 185 1
158 190 1
158 192 1
158 195 -1
158 196 1
158 200 1
158 208 1
158 211 1
158 216 1
158 221 -1
158 223 -1
158 224 -1
158 226 -1
158 229 1
159 161 1
159 162 -1
159 175 1
159 183 -1
159 185 1
159 187 -1
159 189 -1
159 190 -1
159 192 -1
159 196 1
159 198 1
159 201 -1
159 202 1
159 206 -1
159 209 -1
159 210 -1
159 212 -1
159 213 -1
159 215 -1
160 161 -1
160 171 1
160 172 -1
160 184 -1
160 200 1
160 210 -1
160 211 1
160 216 1
160 217 -1
160 223 1
160 229 1
160 230 -1
161 166 -1
161 175 1
161 190 -1
161 198 1
161 201 -1
161 202 1
161 211 -1
161 215 -1
161 228 -1
162 165 -1
162 173 1
162 174 1
162 175 -1
162 185 -1
162 188 1
162 197 -1
162 199 1
162 202 -1
162 206 1
162 220 -1
162 221 1
162 225 -1
163 170 1
163 176 1
163 178 1
163 186 -1
163 189 -1
163 204 1
163 205 -1
163 217 1
163 222 1
163 224 1
163 227 1
164 165 -1
164 166 -1
164 180 1
164 186 -1
164 196 -1
164 201 1
164 209 -1
164 211 -1
164 220 1
165 169 -1
165 180 1
165 181 1
165 183 1
165 194 1
165 201 1
165 202 -1
165 209 -1
165 215 1
165 216 -1
165 220 1
165 225 1
165 229 -1
166 180 -1
166 182 1
166 187 1
166 191 1
166 205 1
166 207 1
166 212 -1
166 213 -1
166 219 1
166 226 1
167 168 1
167 169 1
167 172 1
167 173 -1
167 175 -1
167 180 -1
167 182 1
167 186 -1
167 197 1
167 207 -1
167 209 -1
167 210 1
167 212 1
167 213 1
167 214 1
167 224 -1
168 169 1
168 172 1
168 180 -1
168 189 1
168 193 -1
168 197 1
168 201 -1
168 209 1
168 210 1
168 212 1
168 213 1
168 214 1
168 216 -1
168 218 1
168 220 -1
168 228 -1
169 172 1
169 175 -1
169 188 1
169 189 1
169 193 1
169 195 -1
169 197 1
169 199 -1
169 201 -1
169 208 -1
169 209 1
169 210 1
169 212 1
169 213 1
169 214 1
169 218 1
169 224 -1
169 227 -1
170 176 1
170 177 1
170 178 1
170 204 1
170 217 1
170 222 1
170 223 -1
170 224 1
170 226 -1
170 227 1
171 179 -1
171 182 -1
171 198 -1
171 200 1
171 203 -1
171 204 -1
171 205 -1
171 207 1
171 211 1
171 220 -1
171 223 1
172 182 1
172 197 1
172 210 1
172 212 1
172 213 1
172 214 1
172 219 -1
172 221 -1
172 229 -1
173 174 1
173 184 1
173 186 1
173 199 1
173 214 -1
173 218 -1
173 221 1
174 184 1
174 186 1
174 188 -1
174 192 -1
174 194 -1
174 199 1
174 202 -1
174 204 -1
174 206 1
174 209 -1
174 211 -1
174 215 -1
174 216 -1
174 221 1
174 222 -1
175 182 -1
175 184 -1
175 185 1
175 187 -1
175 196 1
175 198 1
175 202 1
175 203 -1
175 213 -1
175 220 -1
176 177 1
176 178 1
176 180 -1
176 183 -1
176 192 -1
176 195 -1
176 204 1
176 206 -1
176 217 1
176 222 1
176 224 1
176 227 1
177 178 -1
177 180 -1
177 185 -1
177 186 -1
177 201 -1
177 204 1
177 206 -1
177 210 -1
177 217 1
177 222 1
177 227 1
178 201 -1
178 203 -1
178 204 1
178 208 -1
178 217 1
178 222 1
178 224 1
178 227 1
179 184 -1
179 195 1
179 199 -1
179 201 -1
179 203 1
179 205 -1
179 220 -1
179 226 -1
179 228 -1
179 230 -1
180 182 -1
180 191 -1
180 192 -1
180 200 -1
180 201 1
180 215 -1
180 216 -1
180 217 -1
180 220 1
181 183 1
181 191 -1
181 194 1
181 195 -1
181 212 -1
181 214 -1
181 215 1
181 225 1
181 228 1
182 184 -1
182 187 1
182 188 -1
182 190 -1
182 191 1
182 200 -1
182 202 -1
182 205 1
182 207 -1
182 213 1
182 214 1
182 217 -1
182 219 1
182 226 1
183 189 -1
183 194 1
183 201 -1
183 206 -1
183 212 -1
183 215 1
183 216 -1
183 223 -1
183 225 1
183 228 1
183 230 1
184 186 1
184 199 1
184 207 -1
184 221 1
184 222 -1
184 228 1
184 230 1
185 190 1
185 192 1
185 196 1
185 202 1
185 206 -1
185 208 1
185 214 -1
185 216 1
185 229 1
185 230 -1
186 190 -1
186 194 1
186 204 -1
186 209 -1
186 215 -1
186 221 1
186 224 -1
186 227 -1
186 228 1
186 230 1
187 191 1
187 205 1
187 206 -1
187 207 1
187 208 -1
187 209 -1
187 219 1
187 226 1
188 189 1
188 193 1
188 195 -1
188 206 1
188 209 1
188 218 1
188 219 -1
188 227 -1
189 193 1
189 197 1
189 204 -1
189 206 1
189 209 1
189 210 1
189 216 -1
189 218 1
189 224 -1
189 227 -1
190 192 1
190 196 1
190 208 1
190 211 1
190 213 -1
190 214 -1
190 216 1
190 218 -1
190 219 -1
190 223 -1
190 229 1
191 198 -1
191 205 1
191 207 1
191 213 -1
191 217 -1
191 219 1
191 223 1
191 226 1
191 228 -1
191 230 -1
192 196 1
192 199 -1
192 208 1
192 211 1
192 216 1
192 217 -1
192 229 1
193 206 1
193 209 1
193 213 -1
193 218 1
194 197 -1
194 215 1
194 225 1
194 228 1
194 230 1
195 196 -1
195 203 1
195 205 -1
195 222 -1
195 229 -1
196 198 1
196 202 1
196 206 -1
196 208 1
196 214 -1
196 224 -1
197 202 -1
197 209 1
197 210 1
197 212 1
197 213 1
197 214 1
197 218 1
198 199 -1
198 202 1
198 205 -1
198 216 -1
198 217 -1
198 220 -1
198 221 -1
198 225 -1
198 227 -1
199 206 1
199 214 -1
199 220 -1
199 221 1
200 203 -1
200 206 -1
200 208 1
200 209 -1
200 211 1
200 216 1
200 223 1
200 228 -1
200 229 1
200 230 -1
201 209 -1
201 212 -1
201 220 1
201 223 -1
201 226 -1
202 209 -1
202 216 -1
202 217 -1
202 220 -1
202 224 -1
202 227 -1
203 205 -1
203 214 -1
203 215 -1
203 218 -1
203 221 -1
203 226 -1
203 228 -1
204 206 -1
204 214 -1
204 217 1
204 222 1
204 223 -1
204 224 1
204 227 1
204 229 -1
205 207 1
205 218 -1
205 219 1
205 222 -1
205 223 1
205 226 1
206 209 1
206 217 -1
206 218 1
206 221 1
207 209 -1
207 218 -1
207 219 1
207 223 1
207 226 1
207 229 -1
207 230 -1
208 211 1
208 216 1
208 217 -1
208 227 -1
208 229 1
209 210 1
209 214 -1
209 217 -1
209 218 1
209 219 -1
209 225 -1
209 228 -1
210 212 1
210 213 1
210 214 1
210 218 1
210 219 -1
210 220 -1
210 229 -1
211 216 1
211 225 -1
211 229 1
212 213 1
212 214 1
212 215 -1
212 226 -1
213 214 1
213 216 -1
213 230 -1
214 226 -1
214 227 -1
215 225 1
215 228 1
215 230 1
216 219 -1
216 224 -1
216 226 -1
216 229 1
217 222 1
217 224 1
217 227 1
217 229 -1
219 223 -1
219 226 1
220 221 -1
221 224 -1
222 224 1
222 227 1
222 229 -1
223 226 1
223 227 -1
224 227 1
225 228 1
225 230 -1
226 230 -1
228 229 -1
228 230 1
229 230 -1
