vertices: 110 edges: 1212
1 2 -1
1 6 -1
1 14 1
1 15 -1
1 16 1
1 18 -1
1 34 -1
1 46 -1
1 49 -1
1 53 -1
1 54 1
1 56 -1
1 59 -1
1 62 -1
1 66 -1
1 69 -1
1 70 -1
1 73 1
1 87 -1
1 90 -1
1 94 -1
1 100 1
1 102 1
1 103 1
1 105 -1
2 6 -1
2 7 -1
2 12 -1
2 19 -1
2 31 -1
2 34 -1
2 37 1
2 40 -1
2 43 -1
2 45 -1
2 54 -1
2 57 -1
2 62 -1
2 63 1
2 65 -1
2 68 -1
2 70 -1
2 73 -1
2 77 1
2 81 -1
2 85 -1
2 89 -1
2 92 -1
2 95 -1
2 97 -1
2 98 -1
2 102 -1
2 103 -1
3 9 -1
3 12 -1
3 16 -1
3 22 -1
3 27 -1
3 37 -1
3 39 -1
3 47 -1
3 54 -1
3 55 -1
3 61 1
3 64 -1
3 65 -1
3 67 -1
3 82 -1
3 84 -1
3 96 -1
3 99 -1
3 101 -1
3 105 -1
3 106 -1
4 5 -1
4 7 -1
4 13 1
4 14 -1
4 15 -1
4 16 -1
4 21 -1
4 24 -1
4 27 -1
4 30 -1
4 34 1
4 45 -1
4 46 1
4 55 -1
4 62 -1
4 64 -1
4 70 -1
4 72 -1
4 73 -1
4 75 -1
4 80 1
4 84 -1
4 86 -1
4 97 -1
4 104 -1
5 7 -1
5 9 -1
5 13 -1
5 17 1
5 21 -1
5 27 -1
5 33 -1
5 34 -1
5 39 -1
5 40 -1
5 42 -1
5 44 -1
5 45 -1
5 53 -1
5 60 1
5 72 -1
5 75 1
5 78 -1
5 80 -1
5 82 1
5 84 -1
5 99 -1
5 102 -1
5 107 -1
5 109 -1
6 21 1
6 24 1
6 35 1
6 38 1
6 41 -1
6 43 -1
6 56 1
6 59 1
6 64 1
6 81 -1
6 87 1
6 97 -1
6 99 -1
6 108 -1
7 17 -1
7 19 1
7 24 -1
7 27 -1
7 29 -1
7 36 1
7 47 -1
7 54 -1
7 62 1
7 63 -1
7 67 1
7 74 -1
7 78 -1
7 85 1
7 86 -1
7 87 -1
7 89 -1
7 101 -1
7 103 -1
7 104 -1
7 106 1
7 107 -1
8 11 -1
8 12 -1
8 21 -1
8 22 1
8 27 1
8 32 -1
8 37 -1
8 39 1
8 40 -1
8 42 -1
8 60 -1
8 62 -1
8 66 -1
8 74 1
8 81 -1
8 84 -1
8 85 -1
8 93 -1
8 94 -1
8 101 1
8 106 -1
9 12 -1
9 15 -1
9 17 -1
9 18 -1
9 19 -1
9 27 -1
9 37 -1
9 40 -1
9 41 1
9 48 -1
9 64 -1
9 68 -1
9 69 -1
9 101 -1
9 106 -1
9 107 -1
10 13 -1
10 14 -1
10 16 -1
10 23 1
10 33 -1
10 37 -1
10 43 -1
10 44 1
10 51 -1
10 53 1
10 55 -1
10 58 1
10 67 -1
10 73 -1
10 84 -1
10 85 -1
10 94 -1
10 98 -1
10 102 -1
11 14 -1
11 32 1
11 37 -1
11 51 -1
11 55 1
11 56 -1
11 62 -1
11 63 -1
11 69 -1
11 77 -1
11 79 -1
11 90 -1
11 92 -1
11 99 1
11 100 -1
11 110 -1
12 13 -1
12 14 -1
12 15 1
12 18 1
12 19 -1
12 25 -1
12 33 -1
12 39 -1
12 42 -1
12 47 -1
12 54 -1
12 55 -1
12 56 -1
12 61 -1
12 65 1
12 66 -1
12 68 -1
12 75 -1
12 84 -1
12 86 1
12 96 -1
12 105 -1
12 106 -1
12 108 1
13 21 -1
13 23 -1
13 26 -1
13 30 -1
13 35 -1
13 43 -1
13 46 1
13 47 -1
13 55 -1
13 69 -1
13 80 1
13 104 -1
13 110 -1
14 18 -1
14 19 -1
14 20 1
14 33 -1
14 43 -1
14 46 -1
14 48 -1
14 51 -1
14 52 1
14 60 -1
14 61 -1
14 67 -1
14 71 -1
14 76 1
14 78 1
14 81 1
14 91 1
14 94 -1
14 95 -1
15 16 -1
15 20 -1
15 25 -1
15 29 -1
15 31 1
15 33 -1
15 34 -1
15 35 -1
15 45 -1
15 48 -1
15 50 1
15 54 1
15 55 -1
15 56 -1
15 60 -1
15 62 -1
15 65 1
15 68 -1
15 69 -1
15 80 -1
15 86 1
15 87 -1
15 89 -1
15 97 -1
15 108 1
16 31 1
16 33 -1
16 35 -1
16 41 -1
16 44 -1
16 46 -1
16 47 -1
16 49 -1
16 54 1
16 57 -1
16 71 -1
16 73 1
16 87 -1
16 89 -1
16 95 -1
16 100 1
16 102 1
16 103 1
16 109 -1
17 30 -1
17 34 -1
17 36 -1
17 53 -1
17 60 1
17 62 -1
17 63 -1
17 65 -1
17 70 -1
17 75 1
17 78 -1
17 82 1
17 89 -1
17 95 -1
17 96 1
17 101 -1
17 109 -1
18 19 -1
18 21 -1
18 23 -1
18 24 -1
18 26 -1
18 34 -1
18 35 -1
18 36 1
18 38 -1
18 44 -1
18 46 -1
18 48 -1
18 56 -1
18 58 -1
18 65 1
18 71 -1
18 76 -1
18 77 -1
18 82 -1
18 86 1
18 87 -1
18 91 -1
18 102 -1
18 108 1
18 110 -1
19 29 -1
19 39 -1
19 55 -1
19 62 1
19 67 1
19 68 -1
19 69 -1
19 76 -1
19 77 -1
19 78 -1
19 85 1
19 106 1
20 25 -1
20 26 -1
20 27 -1
20 34 -1
20 38 -1
20 40 -1
20 47 -1
20 51 1
20 52 1
20 60 -1
20 64 -1
20 70 -1
20 71 1
20 76 1
20 78 1
20 81 1
20 91 1
20 100 -1
20 107 1
21 24 1
21 28 -1
21 30 -1
21 38 1
21 40 -1
21 55 -1
21 56 1
21 59 1
21 68 -1
21 69 -1
21 71 -1
21 78 -1
21 79 -1
21 87 1
21 95 -1
21 102 -1
21 106 1
21 110 -1
22 24 -1
22 39 1
22 49 -1
22 68 -1
22 69 -1
22 71 -1
22 80 -1
22 85 -1
22 95 -1
22 97 -1
22 101 1
22 109 -1
23 25 -1
23 31 -1
23 35 -1
23 38 -1
23 41 -1
23 43 -1
23 44 1
23 47 -1
23 53 1
23 58 1
23 61 -1
23 65 -1
23 76 -1
23 79 -1
23 83 -1
23 86 -1
23 87 -1
23 88 -1
23 109 -1
23 110 -1
24 37 -1
24 38 1
24 44 -1
24 46 -1
24 50 -1
24 52 -1
24 56 1
24 59 1
24 73 -1
24 87 1
24 92 -1
24 93 -1
24 94 -1
24 97 -1
24 105 -1
24 106 1
24 107 -1
25 34 -1
25 39 -1
25 42 -1
25 45 -1
25 47 1
25 76 -1
25 88 1
25 94 1
25 97 1
25 100 -1
25 105 1
25 106 -1
26 29 -1
26 34 -1
26 35 -1
26 41 -1
26 43 1
26 56 -1
26 66 -1
26 68 1
26 82 -1
26 86 -1
26 98 -1
26 102 -1
26 104 -1
26 108 -1
27 28 -1
27 33 -1
27 37 -1
27 46 -1
27 70 -1
27 74 1
27 81 -1
27 83 1
27 86 -1
27 91 -1
27 96 -1
27 104 1
28 29 -1
28 35 -1
28 38 -1
28 39 1
28 43 -1
28 48 -1
28 50 -1
28 66 -1
28 70 -1
28 72 -1
28 74 -1
28 76 -1
28 79 -1
28 93 -1
28 96 -1
28 101 1
28 105 -1
29 32 -1
29 38 -1
29 39 -1
29 47 -1
29 50 -1
29 53 -1
29 58 -1
29 61 1
29 65 -1
29 69 -1
29 71 -1
29 81 -1
29 85 -1
29 86 -1
29 89 -1
29 92 1
29 101 -1
30 32 -1
30 38 -1
30 46 -1
30 52 -1
30 60 -1
30 64 -1
30 66 -1
30 68 -1
30 69 1
30 72 -1
30 79 1
30 82 -1
30 85 -1
30 89 -1
30 90 1
30 93 1
30 101 -1
30 104 -1
30 110 -1
31 34 -1
31 35 -1
31 43 -1
31 46 -1
31 50 1
31 52 -1
31 54 1
31 60 -1
31 63 -1
31 69 -1
31 73 1
31 74 -1
31 78 -1
31 83 -1
31 85 -1
31 96 -1
31 100 1
31 102 1
31 103 1
31 104 -1
32 33 1
32 35 -1
32 40 -1
32 47 -1
32 49 -1
32 50 -1
32 55 -1
32 64 -1
32 68 -1
32 78 -1
32 81 -1
32 96 -1
32 98 -1
32 101 -1
33 34 -1
33 40 -1
33 42 1
33 56 -1
33 68 -1
33 70 -1
33 72 -1
33 74 -1
33 75 -1
33 76 -1
33 78 -1
33 80 -1
33 83 -1
33 97 -1
33 100 -1
33 110 -1
34 35 -1
34 39 -1
34 49 1
34 53 -1
34 54 -1
34 60 -1
34 62 -1
34 64 -1
34 66 -1
34 69 -1
34 76 -1
34 79 -1
34 80 1
34 81 -1
34 87 -1
34 89 -1
34 94 -1
34 109 -1
35 56 1
35 57 1
35 64 1
35 70 1
35 73 -1
35 85 -1
35 90 -1
35 93 -1
35 96 -1
35 99 -1
35 106 -1
36 51 -1
36 55 -1
36 60 -1
36 64 -1
36 65 -1
36 67 1
36 74 -1
36 89 -1
36 95 -1
36 98 -1
36 108 -1
37 48 -1
37 52 -1
37 57 1
37 58 -1
37 63 1
37 66 -1
37 67 -1
37 68 -1
37 70 1
37 71 -1
37 73 -1
37 77 1
37 90 -1
37 94 -1
37 95 -1
37 105 -1
37 109 -1
38 49 -1
38 52 -1
38 56 1
38 59 1
38 62 1
38 67 -1
38 69 -1
38 76 -1
38 80 -1
38 82 -1
38 84 -1
38 87 1
38 89 -1
38 99 -1
38 105 -1
38 106 1
39 41 -1
39 47 -1
39 48 -1
39 50 -1
39 51 -1
39 54 -1
39 58 -1
39 70 -1
39 71 -1
39 77 -1
39 82 -1
39 85 -1
39 88 -1
39 91 -1
39 96 -1
39 101 1
39 106 -1
40 47 -1
40 53 -1
40 64 -1
40 69 1
40 70 -1
40 74 -1
40 79 1
40 90 1
40 96 -1
40 102 -1
41 46 -1
41 48 -1
41 49 1
41 53 -1
41 56 -1
41 57 -1
41 59 -1
41 69 -1
41 70 -1
41 71 -1
41 74 -1
41 76 -1
41 79 -1
41 80 -1
41 81 -1
41 82 -1
41 94 -1
41 98 -1
41 103 -1
41 110 -1
42 48 -1
42 55 -1
42 63 -1
42 64 -1
42 68 -1
42 75 -1
42 81 -1
42 84 -1
42 89 -1
42 91 -1
42 95 -1
42 98 -1
43 59 -1
43 61 -1
43 66 -1
43 68 1
43 82 -1
43 83 -1
43 89 -1
43 95 -1
43 96 -1
43 110 -1
44 48 -1
44 50 -1
44 53 1
44 58 1
44 63 -1
44 82 -1
45 52 -1
45 55 -1
45 61 -1
45 65 -1
45 66 1
45 79 -1
45 83 -1
45 84 1
45 86 -1
45 88 -1
45 89 1
45 93 -1
45 95 1
45 102 -1
45 108 -1
46 50 -1
46 51 -1
46 59 -1
46 63 -1
46 65 -1
46 80 1
46 90 -1
46 91 -1
46 100 -1
47 70 -1
47 82 -1
47 84 -1
47 90 -1
47 93 -1
47 94 1
47 96 -1
47 97 1
48 62 -1
48 72 -1
48 76 -1
48 86 -1
48 99 -1
48 106 -1
49 53 -1
49 60 -1
49 68 -1
49 73 -1
49 80 -1
49 82 -1
49 84 -1
49 85 -1
49 91 -1
49 97 -1
49 101 -1
50 54 1
50 56 -1
50 57 -1
50 63 -1
50 64 -1
50 73 1
50 83 -1
50 88 -1
50 94 -1
50 95 -1
50 98 -1
50 102 1
50 105 -1
50 107 -1
51 52 -1
51 60 -1
51 65 -1
51 71 1
51 75 -1
51 77 -1
51 78 1
51 81 1
51 89 -1
51 94 -1
51 95 -1
51 96 1
51 104 -1
51 105 -1
51 107 1
52 76 1
52 78 1
52 81 1
52 82 -1
52 84 -1
52 85 -1
52 86 -1
52 91 1
52 97 -1
52 98 -1
52 103 -1
52 106 -1
52 107 1
53 56 -1
53 57 -1
53 58 1
53 66 -1
53 80 -1
53 85 -1
53 87 -1
53 95 -1
53 105 -1
53 109 -1
54 58 -1
54 59 -1
54 65 -1
54 69 -1
54 73 1
54 87 -1
54 100 1
54 102 1
54 103 1
54 104 -1
54 106 -1
54 110 -1
55 59 -1
55 71 -1
55 76 -1
55 78 -1
55 79 -1
55 80 -1
55 81 -1
55 82 -1
55 92 -1
55 98 1
55 99 1
55 103 -1
55 104 -1
55 108 -1
55 110 1
56 59 1
56 61 -1
56 74 -1
56 75 -1
56 77 -1
56 78 -1
56 83 -1
56 86 -1
56 87 1
56 88 -1
56 91 -1
56 102 -1
56 105 -1
56 106 -1
57 60 -1
57 64 1
57 70 1
57 73 -1
57 81 -1
57 91 -1
57 95 -1
57 98 -1
57 102 -1
58 62 -1
58 73 -1
58 74 -1
58 79 -1
58 83 1
58 91 -1
58 92 -1
58 100 -1
59 61 -1
59 63 -1
59 65 -1
59 70 -1
59 87 1
59 91 -1
59 92 -1
59 97 -1
59 98 -1
59 99 -1
59 106 1
60 73 -1
60 75 1
60 81 -1
60 82 1
60 84 -1
60 85 -1
60 96 1
60 105 -1
61 62 -1
61 63 -1
61 69 -1
61 80 -1
61 82 -1
61 84 -1
61 92 1
61 93 -1
62 67 1
62 69 -1
62 70 -1
62 72 -1
62 75 -1
62 80 -1
62 82 -1
62 85 1
62 86 -1
62 87 1
62 91 -1
62 102 -1
62 106 1
62 110 -1
63 68 -1
63 70 1
63 71 -1
63 77 1
63 81 -1
63 95 -1
63 96 -1
63 100 -1
63 102 -1
63 103 -1
64 70 1
64 74 -1
64 75 -1
64 89 -1
64 104 -1
65 66 -1
65 70 -1
65 72 -1
65 76 -1
65 86 1
65 95 -1
65 101 -1
65 103 -1
65 105 -1
65 108 1
66 79 -1
66 80 -1
66 81 -1
66 83 -1
66 84 1
66 87 -1
66 89 1
66 95 1
66 106 -1
66 110 -1
67 72 -1
67 76 -1
67 78 -1
67 85 1
67 86 -1
67 88 -1
67 90 -1
67 91 -1
67 103 -1
67 104 -1
67 105 -1
68 74 -1
68 75 -1
68 78 -1
68 80 -1
68 81 -1
68 85 -1
69 74 -1
69 75 -1
69 79 1
69 80 -1
69 81 -1
69 84 -1
69 85 -1
69 89 -1
69 90 1
69 92 -1
69 97 -1
69 98 -1
69 100 -1
69 108 -1
70 72 -1
70 74 -1
70 75 -1
70 77 1
70 84 -1
70 94 -1
70 99 -1
70 101 -1
70 103 -1
71 73 -1
71 77 -1
71 78 1
71 79 -1
71 81 1
71 85 -1
71 91 -1
71 96 1
71 98 -1
71 101 -1
71 107 1
72 77 -1
72 80 -1
72 86 -1
72 89 -1
72 93 -1
72 94 -1
72 95 -1
72 98 -1
72 99 -1
72 102 -1
72 103 -1
72 109 -1
73 75 -1
73 78 -1
73 80 -1
73 90 -1
73 97 -1
73 100 1
73 102 1
73 103 1
73 110 -1
74 83 1
74 93 -1
74 95 -1
74 104 1
75 82 1
75 86 -1
75 87 -1
75 95 -1
75 102 -1
75 104 -1
76 78 1
76 81 1
76 82 -1
76 91 1
76 95 -1
76 99 -1
76 100 -1
76 102 -1
76 107 1
77 83 -1
77 87 -1
77 92 -1
77 109 -1
78 81 1
78 89 -1
78 91 1
78 93 -1
78 101 -1
78 104 -1
78 107 1
78 109 -1
79 86 -1
79 90 1
79 92 -1
79 99 -1
79 100 -1
79 103 -1
79 104 -1
80 84 -1
80 95 -1
80 109 -1
81 82 -1
81 83 -1
81 86 -1
81 88 -1
81 91 1
81 102 -1
81 104 -1
81 107 1
82 85 -1
82 89 -1
82 90 -1
82 96 1
82 106 -1
82 108 -1
82 109 -1
83 84 -1
83 86 -1
83 91 -1
83 97 -1
83 99 -1
83 100 -1
83 101 -1
83 104 1
83 105 -1
83 106 -1
83 107 -1
84 91 -1
84 93 -1
84 95 1
84 98 -1
84 99 -1
84 101 -1
84 104 -1
84 105 -1
84 110 -1
85 87 1
85 94 -1
85 96 -1
85 99 -1
85 106 1
85 108 -1
86 97 -1
86 104 -1
86 107 -1
86 108 1
86 110 -1
87 88 -1
87 93 -1
87 106 1
88 91 -1
88 94 1
88 97 1
88 100 -1
88 103 -1
88 105 1
88 108 -1
88 109 -1
89 93 1
89 99 -1
89 104 -1
89 105 -1
89 106 -1
89 108 -1
90 92 -1
90 106 -1
91 98 -1
91 99 -1
91 102 -1
91 105 -1
91 106 -1
91 107 1
92 93 -1
93 102 -1
93 105 -1
94 97 1
94 98 -1
94 100 -1
94 107 -1
95 96 -1
95 100 -1
96 97 -1
96 106 -1
96 107 1
97 98 -1
97 102 -1
98 99 1
98 110 1
99 102 -1
99 107 -1
99 110 1
100 101 -1
100 102 1
100 103 1
100 110 -1
101 110 -1
102 103 1
102 110 -1
104 106 -1
104 108 -1
105 106 -1
105 109 1
106 110 -1
107 108 -1
