vertices: 50 edges: 609
1 2 -1
1 6 1
1 8 1
1 9 1
1 10 -1
1 11 1
1 13 -1
1 16 1
1 18 -1
1 21 1
1 23 -1
1 26 1
1 29 -1
1 30 1
1 32 -1
1 33 -1
1 35 -1
1 36 -1
1 38 -1
1 39 -1
1 40 1
1 41 1
1 42 1
1 45 -1
1 47 -1
1 48 -1
2 3 1
2 6 -1
2 7 -1
2 11 -1
2 12 -1
2 13 1
2 14 1
2 15 1
2 17 -1
2 18 1
2 19 -1
2 20 -1
2 22 -1
2 25 -1
2 26 -1
2 29 1
2 33 1
2 35 1
2 36 1
2 37 1
2 39 -1
2 40 -1
2 41 -1
2 44 1
2 46 -1
2 47 -1
2 50 1
3 4 -1
3 6 1
3 9 -1
3 10 -1
3 11 1
3 13 1
3 14 1
3 15 1
3 18 -1
3 26 1
3 27 -1
3 29 -1
3 30 1
3 32 -1
3 34 -1
3 35 1
3 37 1
3 39 -1
3 42 -1
3 44 1
3 50 1
4 5 1
4 6 -1
4 9 -1
4 10 1
4 12 1
4 14 -1
4 17 1
4 18 -1
4 20 1
4 23 1
4 24 -1
4 25 -1
4 27 1
4 31 1
4 32 -1
4 34 1
4 37 -1
4 38 1
4 41 -1
4 43 -1
4 44 -1
4 46 1
4 48 1
4 49 -1
4 50 -1
5 10 1
5 16 -1
5 17 -1
5 20 1
5 21 -1
5 22 -1
5 24 1
5 26 -1
5 27 1
5 28 1
5 30 -1
5 32 1
5 34 1
5 38 1
5 39 1
5 44 -1
5 46 1
5 47 -1
5 49 1
5 50 -1
6 7 -1
6 8 1
6 9 1
6 11 1
6 12 -1
6 13 1
6 16 1
6 18 -1
6 19 -1
6 21 -1
6 25 -1
6 26 1
6 28 -1
6 30 1
6 31 -1
6 34 -1
6 35 1
6 36 -1
6 40 1
6 44 1
6 46 -1
6 47 -1
6 48 -1
6 49 -1
6 50 -1
7 12 1
7 17 1
7 18 1
7 19 1
7 21 -1
7 22 1
7 23 1
7 24 -1
7 25 1
7 26 -1
7 27 -1
7 31 1
7 33 1
7 36 1
7 37 -1
7 39 -1
7 43 1
7 44 -1
7 45 1
7 46 -1
7 47 1
7 48 1
7 50 -1
8 9 1
8 11 1
8 13 1
8 16 1
8 17 -1
8 21 1
8 24 -1
8 26 1
8 30 1
8 32 -1
8 33 -1
8 34 -1
8 35 1
8 36 -1
8 38 -1
8 40 1
8 41 1
8 42 1
8 43 -1
8 44 1
8 45 -1
8 47 -1
9 10 -1
9 11 1
9 14 -1
9 16 1
9 17 -1
9 21 1
9 24 -1
9 26 1
9 30 1
9 32 -1
9 33 -1
9 35 1
9 36 -1
9 38 -1
9 40 1
9 41 1
9 42 1
9 44 1
9 45 -1
9 46 -1
9 48 -1
9 49 -1
9 50 -1
10 12 -1
10 13 -1
10 14 -1
10 15 -1
10 17 -1
10 18 -1
10 20 1
10 24 1
10 25 -1
10 27 1
10 28 1
10 31 -1
10 32 1
10 34 1
10 38 1
10 39 1
10 40 -1
10 43 -1
10 44 -1
10 45 -1
10 46 1
10 49 1
10 50 -1
11 12 -1
11 13 1
11 14 -1
11 16 1
11 17 -1
11 21 1
11 23 -1
11 24 -1
11 26 1
11 30 1
11 35 1
11 39 -1
11 40 1
11 42 1
11 44 1
11 45 -1
11 47 -1
12 14 -1
12 16 -1
12 17 1
12 18 -1
12 19 -1
12 22 1
12 23 1
12 25 1
12 26 -1
12 27 -1
12 28 -1
12 31 1
12 32 -1
12 35 -1
12 37 -1
12 38 -1
12 40 -1
12 45 1
12 46 1
12 47 1
12 48 1
13 14 1
13 15 1
13 23 -1
13 26 1
13 27 -1
13 28 -1
13 30 1
13 32 -1
13 34 -1
13 35 1
13 37 1
13 40 -1
13 44 1
13 47 -1
13 48 -1
13 50 1
14 15 1
14 18 1
14 19 -1
14 21 -1
14 24 -1
14 29 1
14 32 -1
14 33 1
14 35 1
14 36 1
14 37 1
14 38 -1
14 44 1
14 47 -1
14 50 1
15 18 1
15 19 1
15 22 -1
15 24 -1
15 25 1
15 27 -1
15 29 1
15 32 -1
15 33 1
15 36 1
15 37 1
15 42 -1
15 43 1
15 44 -1
15 47 -1
15 48 -1
15 50 1
16 17 -1
16 20 -1
16 21 1
16 26 1
16 30 1
16 31 -1
16 34 -1
16 39 -1
16 40 1
16 41 1
16 42 1
16 43 -1
16 46 -1
16 47 -1
16 48 -1
17 18 -1
17 20 1
17 23 1
17 25 -1
17 27 1
17 28 -1
17 29 -1
17 31 1
17 34 1
17 35 -1
17 38 1
17 41 -1
17 42 -1
17 46 1
17 47 1
17 48 1
18 19 1
18 22 1
18 24 -1
18 25 1
18 29 1
18 32 -1
18 33 1
18 35 -1
18 36 1
18 37 1
18 39 -1
18 40 -1
18 41 -1
18 43 1
18 45 1
18 46 -1
18 47 1
18 50 1
19 21 -1
19 22 1
19 23 -1
19 25 1
19 26 -1
19 27 -1
19 29 1
19 31 1
19 33 1
19 36 1
19 37 1
19 43 1
19 45 1
19 47 1
19 50 -1
20 22 -1
20 23 1
20 26 -1
20 27 1
20 29 -1
20 30 -1
20 32 1
20 34 1
20 36 -1
20 37 -1
20 38 1
20 44 -1
20 45 -1
20 46 1
20 48 1
20 49 1
21 24 -1
21 26 1
21 36 -1
21 37 -1
21 40 1
21 41 1
21 42 1
21 43 -1
21 45 -1
21 48 -1
21 50 -1
22 23 1
22 25 1
22 28 -1
22 29 1
22 31 1
22 32 -1
22 33 1
22 34 -1
22 35 -1
22 36 1
22 37 -1
22 39 -1
22 43 1
22 45 1
22 47 1
22 48 1
22 49 -1
23 25 1
23 27 -1
23 28 -1
23 29 -1
23 31 1
23 35 -1
23 39 -1
23 40 -1
23 42 -1
23 44 -1
23 45 1
23 46 1
23 47 1
23 48 1
23 49 -1
24 26 -1
24 27 1
24 28 1
24 32 1
24 34 1
24 37 -1
24 38 1
24 39 1
24 40 -1
24 41 -1
24 49 1
25 28 -1
25 29 1
25 31 1
25 33 1
25 35 -1
25 36 1
25 37 -1
25 39 -1
25 42 -1
25 43 1
25 44 -1
25 45 1
25 46 -1
25 47 1
25 49 -1
26 28 -1
26 30 1
26 31 -1
26 35 1
26 38 -1
26 39 -1
26 40 1
26 42 1
26 44 1
26 48 -1
27 28 1
27 32 1
27 33 -1
27 34 1
27 38 1
27 39 1
27 45 -1
27 46 1
27 49 1
28 31 -1
28 32 1
28 34 1
28 37 -1
28 38 1
28 39 1
28 42 -1
28 43 -1
28 44 -1
28 45 -1
28 49 1
29 31 -1
29 32 -1
29 33 1
29 34 -1
29 36 1
29 37 1
29 42 -1
29 43 1
29 45 1
29 50 1
30 31 -1
30 32 -1
30 33 -1
30 35 1
30 37 -1
30 40 1
30 42 -1
30 44 1
30 45 -1
30 47 -1
30 49 -1
30 50 -1
31 35 -1
31 36 -1
31 40 -1
31 42 -1
31 45 1
31 46 1
31 47 1
31 48 1
32 34 1
32 35 -1
32 38 1
32 39 1
32 41 -1
32 44 -1
32 45 -1
32 49 1
33 34 -1
33 36 1
33 37 1
33 43 1
33 45 1
33 46 -1
33 47 1
33 48 -1
33 50 1
34 35 -1
34 38 1
34 39 1
34 46 1
34 48 -1
34 49 1
35 36 -1
35 37 -1
35 39 -1
35 43 -1
35 44 1
35 45 -1
35 49 -1
35 50 1
36 37 1
36 39 -1
36 41 -1
36 43 1
36 45 1
36 47 1
36 48 -1
36 50 1
37 38 -1
37 39 -1
37 40 -1
37 41 -1
37 43 1
37 44 -1
37 50 1
38 44 -1
38 46 1
38 48 -1
38 49 1
38 50 -1
39 40 -1
39 43 -1
39 49 1
40 41 1
40 42 1
40 44 1
40 45 -1
40 48 -1
40 50 -1
41 42 1
41 43 -1
41 45 -1
41 46 -1
42 43 -1
42 48 -1
42 49 -1
43 45 1
43 46 -1
43 47 1
43 48 -1
43 49 -1
43 50 1
44 50 1
45 47 1
45 48 1
46 48 1
46 50 -1
47 48 1
