vertices: 150 edges: 2274
1 3 1
1 8 1
1 10 1
1 13 -1
1 14 -1
1 15 1
1 17 1
1 18 1
1 19 -1
1 22 1
1 24 1
1 30 1
1 35 1
1 37 1
1 44 1
1 49 -1
1 51 1
1 53 1
1 71 1
1 75 -1
1 78 -1
1 83 -1
1 85 1
1 86 1
1 88 1
1 94 1
1 96 1
1 97 -1
1 100 1
1 101 1
1 103 -1
1 104 1
1 109 1
1 110 1
1 119 -1
1 121 1
1 130 1
1 132 1
1 135 1
1 137 -1
1 141 1
1 147 1
1 148 1
2 7 1
2 12 -1
2 14 1
2 23 1
2 25 1
2 34 1
2 35 -1
2 47 1
2 51 1
2 52 1
2 57 1
2 58 1
2 60 1
2 63 -1
2 64 1
2 69 -1
2 80 1
2 84 1
2 86 1
2 93 1
2 94 -1
2 97 1
2 107 1
2 109 1
2 118 1
2 120 1
2 122 1
2 126 1
2 128 1
2 133 1
2 136 1
2 137 1
2 138 1
2 139 1
2 141 -1
3 6 -1
3 7 1
3 8 1
3 10 1
3 15 1
3 17 1
3 18 1
3 22 1
3 24 1
3 30 1
3 37 1
3 44 1
3 47 1
3 51 1
3 53 1
3 58 -1
3 71 1
3 80 1
3 86 1
3 93 1
3 94 1
3 96 1
3 100 1
3 104 1
3 109 1
3 110 1
3 121 1
3 125 -1
3 130 1
3 132 -1
3 133 1
3 141 1
3 145 -1
3 147 1
3 148 1
4 5 1
4 6 -1
4 16 -1
4 18 -1
4 30 -1
4 33 1
4 37 -1
4 39 1
4 45 1
4 50 1
4 61 1
4 62 1
4 66 1
4 67 1
4 69 1
4 70 1
4 72 1
4 77 1
4 82 1
4 95 1
4 103 1
4 113 1
4 125 1
4 127 1
4 129 1
4 137 -1
4 138 -1
4 145 1
5 26 -1
5 28 1
5 33 1
5 35 -1
5 39 1
5 40 -1
5 50 1
5 61 1
5 62 1
5 66 1
5 69 -1
5 72 1
5 76 1
5 77 1
5 108 1
5 112 1
5 114 1
5 127 1
5 128 -1
5 129 1
5 140 1
5 144 1
5 145 1
6 9 1
6 22 -1
6 26 1
6 31 1
6 35 -1
6 40 1
6 56 1
6 59 1
6 65 1
6 66 -1
6 71 -1
6 73 1
6 78 1
6 87 1
6 95 -1
6 99 1
6 102 1
6 106 1
6 111 1
6 130 -1
6 132 -1
6 134 1
6 146 -1
7 14 1
7 15 1
7 25 1
7 31 -1
7 47 1
7 49 -1
7 51 1
7 52 1
7 57 1
7 64 1
7 73 -1
7 76 -1
7 80 1
7 84 1
7 86 1
7 93 1
7 96 1
7 97 1
7 100 1
7 104 1
7 106 -1
7 107 1
7 108 -1
7 109 1
7 116 -1
7 122 1
7 128 1
7 133 1
7 136 1
7 137 1
7 138 1
7 148 1
8 10 1
8 15 1
8 17 1
8 18 1
8 22 1
8 24 1
8 30 1
8 35 1
8 37 1
8 44 1
8 47 -1
8 51 1
8 53 1
8 71 1
8 80 -1
8 85 1
8 86 1
8 88 1
8 94 1
8 96 1
8 100 1
8 101 1
8 103 -1
8 104 1
8 108 -1
8 109 1
8 110 1
8 121 1
8 130 1
8 132 1
8 135 1
8 141 1
8 146 -1
8 147 1
8 148 1
8 150 -1
9 10 -1
9 26 1
9 31 1
9 40 1
9 49 1
9 56 1
9 59 1
9 65 1
9 66 -1
9 68 -1
9 73 1
9 78 1
9 83 -1
9 84 -1
9 87 1
9 99 1
9 101 -1
9 102 1
9 103 -1
9 106 1
9 111 1
9 133 -1
9 134 1
9 137 -1
10 15 1
10 17 1
10 18 1
10 22 1
10 24 1
10 28 -1
10 30 1
10 35 1
10 37 1
10 44 1
10 53 1
10 59 -1
10 70 1
10 71 1
10 79 -1
10 85 1
10 88 1
10 94 1
10 96 1
10 98 -1
10 100 1
10 101 1
10 104 1
10 105 1
10 110 1
10 111 -1
10 113 1
10 114 -1
10 117 1
10 121 1
10 125 1
10 130 1
10 132 1
10 134 -1
10 135 1
10 141 1
10 147 1
10 148 1
11 12 1
11 13 1
11 27 1
11 28 1
11 36 1
11 42 1
11 46 1
11 55 1
11 75 1
11 76 1
11 79 1
11 85 -1
11 90 1
11 92 1
11 108 1
11 112 1
11 114 1
11 116 1
11 123 1
11 140 1
11 144 1
11 150 1
12 13 1
12 14 -1
12 16 1
12 19 1
12 27 1
12 36 1
12 42 1
12 45 -1
12 46 1
12 54 1
12 55 1
12 56 -1
12 75 1
12 79 1
12 85 -1
12 89 1
12 90 1
12 92 1
12 116 1
12 119 1
12 120 -1
12 123 1
12 124 1
12 146 1
12 150 1
13 16 1
13 19 1
13 27 1
13 36 1
13 42 1
13 46 1
13 53 -1
13 54 1
13 55 1
13 75 1
13 77 -1
13 79 1
13 86 -1
13 89 1
13 90 1
13 92 1
13 96 -1
13 109 -1
13 116 1
13 119 1
13 123 1
13 125 -1
13 131 -1
13 146 1
13 150 1
14 21 1
14 23 1
14 25 1
14 32 -1
14 34 1
14 39 -1
14 42 -1
14 47 1
14 52 1
14 56 -1
14 57 1
14 58 1
14 60 1
14 63 1
14 64 1
14 71 -1
14 80 1
14 84 1
14 85 -1
14 93 1
14 97 1
14 106 -1
14 107 1
14 118 1
14 120 1
14 122 1
14 126 1
14 128 1
14 132 -1
14 133 1
14 136 1
14 137 1
14 138 1
14 139 1
14 149 1
15 18 1
15 23 -1
15 24 1
15 25 1
15 29 -1
15 37 1
15 47 1
15 51 1
15 53 1
15 60 -1
15 64 1
15 71 1
15 72 -1
15 80 1
15 86 1
15 92 -1
15 93 1
15 94 1
15 96 1
15 98 -1
15 100 1
15 104 1
15 107 1
15 109 1
15 115 -1
15 117 -1
15 121 1
15 130 1
15 133 1
15 136 1
15 138 1
15 142 -1
15 143 -1
15 146 -1
15 147 1
15 148 1
16 19 1
16 20 1
16 24 -1
16 36 1
16 38 1
16 42 1
16 43 1
16 46 1
16 48 1
16 54 1
16 68 1
16 74 1
16 75 1
16 81 1
16 89 1
16 90 1
16 91 1
16 97 -1
16 115 1
16 116 1
16 119 1
16 124 1
16 129 -1
16 131 1
16 143 1
16 146 1
16 150 1
17 18 1
17 22 1
17 24 1
17 30 1
17 35 1
17 37 1
17 38 -1
17 44 1
17 53 1
17 69 1
17 70 1
17 71 1
17 77 -1
17 85 1
17 88 1
17 94 1
17 96 1
17 98 -1
17 100 1
17 101 1
17 105 1
17 109 -1
17 110 1
17 113 1
17 117 1
17 119 -1
17 121 1
17 124 -1
17 125 1
17 130 1
17 132 1
17 135 1
17 141 1
17 142 -1
17 147 1
17 148 1
18 22 1
18 24 1
18 30 1
18 35 1
18 37 1
18 44 1
18 53 1
18 63 -1
18 70 1
18 71 1
18 85 1
18 88 1
18 94 1
18 96 1
18 97 -1
18 100 1
18 101 1
18 104 1
18 105 1
18 110 1
18 113 1
18 117 1
18 121 1
18 130 1
18 132 1
18 135 1
18 141 1
18 147 1
18 148 1
19 20 1
19 36 1
19 38 1
19 42 1
19 43 1
19 46 1
19 48 1
19 54 1
19 55 -1
19 65 -1
19 68 1
19 74 1
19 75 1
19 81 1
19 89 1
19 90 1
19 91 1
19 105 -1
19 115 1
19 116 1
19 119 1
19 124 1
19 130 -1
19 143 1
19 146 1
19 150 1
20 29 1
20 32 1
20 33 -1
20 38 1
20 39 -1
20 41 1
20 43 1
20 46 1
20 48 1
20 54 1
20 67 -1
20 68 1
20 74 1
20 81 1
20 83 1
20 89 1
20 91 1
20 115 1
20 119 1
20 124 1
20 128 -1
20 131 1
20 136 -1
20 143 1
20 146 1
21 23 1
21 26 1
21 34 1
21 49 1
21 57 1
21 58 1
21 59 1
21 60 1
21 63 1
21 65 1
21 69 -1
21 97 1
21 98 1
21 99 1
21 100 -1
21 102 1
21 111 1
21 118 1
21 120 1
21 126 1
21 134 1
21 139 1
21 142 1
21 149 1
22 24 1
22 30 1
22 35 1
22 37 1
22 44 1
22 53 1
22 56 -1
22 69 1
22 70 1
22 71 1
22 85 1
22 88 1
22 93 -1
22 94 1
22 96 1
22 100 1
22 101 1
22 105 1
22 110 1
22 113 1
22 117 1
22 121 1
22 125 1
22 130 1
22 132 1
22 135 1
22 141 1
22 147 1
23 25 1
23 27 -1
23 34 1
23 35 -1
23 52 1
23 57 1
23 58 1
23 60 1
23 63 1
23 64 1
23 84 1
23 86 -1
23 97 1
23 101 -1
23 104 -1
23 107 1
23 112 -1
23 118 1
23 120 1
23 122 1
23 126 1
23 128 1
23 136 1
23 137 1
23 139 1
23 149 1
24 29 -1
24 30 1
24 35 1
24 37 1
24 44 1
24 45 -1
24 46 -1
24 53 1
24 71 1
24 85 1
24 86 1
24 88 1
24 94 1
24 96 1
24 100 1
24 101 1
24 104 1
24 105 1
24 109 1
24 110 1
24 117 1
24 121 1
24 130 1
24 132 1
24 135 1
24 141 1
24 145 -1
24 147 1
24 148 1
25 47 1
25 51 1
25 52 1
25 57 1
25 64 1
25 78 -1
25 80 1
25 84 1
25 86 1
25 93 1
25 96 1
25 97 1
25 100 1
25 104 1
25 107 1
25 109 1
25 120 1
25 122 1
25 128 1
25 133 1
25 136 1
25 137 1
25 138 1
25 139 -1
25 140 -1
25 148 1
26 31 1
26 40 1
26 49 1
26 56 1
26 59 1
26 63 1
26 65 1
26 73 1
26 78 1
26 80 -1
26 86 -1
26 87 1
26 98 1
26 99 1
26 102 1
26 106 1
26 111 1
26 132 -1
26 134 1
26 136 -1
26 142 1
26 149 1
27 28 1
27 36 1
27 42 1
27 43 -1
27 46 1
27 49 -1
27 55 1
27 75 1
27 76 1
27 79 1
27 90 1
27 92 1
27 103 -1
27 108 1
27 110 -1
27 112 1
27 114 1
27 116 1
27 123 1
27 131 -1
27 147 -1
27 150 1
28 40 -1
28 42 1
28 55 1
28 61 1
28 62 1
28 75 -1
28 76 1
28 79 1
28 90 1
28 92 1
28 97 -1
28 107 -1
28 108 1
28 110 -1
28 111 -1
28 112 1
28 114 1
28 123 1
28 132 -1
28 140 1
28 144 1
28 150 1
29 32 1
29 38 1
29 41 1
29 43 1
29 48 1
29 51 -1
29 59 -1
29 68 1
29 74 1
29 76 -1
29 79 -1
29 81 1
29 83 1
29 91 1
29 97 -1
29 115 1
29 124 1
29 131 1
29 139 -1
29 143 1
29 146 -1
29 149 -1
30 35 1
30 37 1
30 44 1
30 53 1
30 60 -1
30 67 1
30 69 1
30 70 1
30 71 1
30 72 -1
30 85 1
30 87 -1
30 88 1
30 94 1
30 101 1
30 105 1
30 110 1
30 112 -1
30 113 1
30 117 1
30 121 1
30 125 1
30 130 1
30 132 1
30 135 1
30 141 1
30 145 -1
30 147 1
31 33 -1
31 40 1
31 49 1
31 56 1
31 59 1
31 65 1
31 73 1
31 78 1
31 87 1
31 98 1
31 99 1
31 102 1
31 106 1
31 110 -1
31 111 1
31 134 1
31 141 -1
31 142 1
32 38 1
32 41 1
32 43 1
32 48 1
32 68 1
32 74 1
32 81 1
32 83 1
32 88 -1
32 91 1
32 115 1
32 116 -1
32 124 1
32 131 1
32 138 -1
32 143 1
33 39 1
33 44 -1
33 45 1
33 50 1
33 53 -1
33 61 1
33 62 1
33 66 1
33 67 1
33 72 1
33 77 1
33 82 1
33 86 -1
33 88 -1
33 89 -1
33 95 1
33 103 1
33 127 1
33 129 1
33 135 -1
33 139 -1
33 140 1
33 144 1
33 145 1
33 147 -1
34 48 -1
34 49 1
34 52 1
34 57 1
34 58 1
34 60 1
34 63 1
34 73 -1
34 84 1
34 97 1
34 98 1
34 103 -1
34 111 1
34 118 1
34 120 1
34 122 1
34 126 1
34 128 1
34 130 -1
34 138 -1
34 139 1
34 142 1
34 149 1
35 37 1
35 44 1
35 45 1
35 46 -1
35 53 1
35 67 1
35 69 1
35 70 1
35 85 1
35 88 1
35 94 1
35 95 1
35 101 1
35 103 1
35 105 1
35 110 1
35 113 1
35 117 1
35 121 1
35 125 1
35 132 1
35 135 1
35 141 1
36 42 1
36 44 -1
36 46 1
36 54 1
36 55 1
36 75 1
36 79 1
36 89 1
36 90 1
36 92 1
36 94 -1
36 100 -1
36 116 1
36 119 1
36 123 1
36 124 1
36 146 1
36 150 1
37 44 1
37 53 1
37 54 -1
37 58 -1
37 59 -1
37 69 -1
37 71 1
37 73 -1
37 85 1
37 86 1
37 88 1
37 94 1
37 96 1
37 100 1
37 101 1
37 104 1
37 105 1
37 109 1
37 110 1
37 117 1
37 121 1
37 130 1
37 132 1
37 135 1
37 141 1
37 147 1
37 148 1
38 41 1
38 43 1
38 48 1
38 49 -1
38 54 1
38 68 1
38 74 1
38 81 1
38 83 1
38 86 -1
38 89 1
38 91 1
38 110 -1
38 115 1
38 119 1
38 124 1
38 125 -1
38 131 1
38 143 1
38 146 1
39 45 1
39 50 1
39 61 1
39 62 1
39 65 -1
39 66 1
39 67 1
39 69 1
39 70 1
39 72 1
39 77 1
39 82 1
39 94 -1
39 95 1
39 97 -1
39 103 1
39 105 1
39 113 1
39 114 -1
39 117 1
39 125 1
39 127 1
39 129 1
39 143 -1
39 145 1
40 49 1
40 56 1
40 59 1
40 65 1
40 69 -1
40 73 1
40 78 1
40 87 1
40 92 -1
40 94 -1
40 95 -1
40 98 1
40 99 1
40 101 -1
40 102 1
40 106 1
40 111 1
40 115 -1
40 134 1
40 142 1
41 43 1
41 48 1
41 49 -1
41 68 1
41 74 1
41 80 -1
41 81 1
41 83 1
41 91 1
41 115 1
41 124 1
41 131 1
41 143 1
42 46 1
42 54 1
42 55 1
42 67 -1
42 75 1
42 76 1
42 79 1
42 89 1
42 90 1
42 92 1
42 103 -1
42 108 1
42 111 -1
42 112 1
42 116 1
42 119 1
42 123 1
42 140 -1
42 146 1
42 150 1
43 48 1
43 51 -1
43 54 1
43 68 1
43 74 1
43 79 -1
43 81 1
43 83 1
43 89 1
43 91 1
43 115 1
43 119 1
43 124 1
43 131 1
43 143 1
43 146 1
44 53 1
44 55 -1
44 67 1
44 69 1
44 70 1
44 71 1
44 82 -1
44 85 1
44 88 1
44 94 1
44 100 1
44 101 1
44 105 1
44 110 1
44 113 1
44 115 -1
44 117 1
44 120 -1
44 121 1
44 125 1
44 130 1
44 132 1
44 135 1
44 141 1
44 147 1
45 46 -1
45 48 -1
45 50 1
45 61 1
45 62 1
45 66 1
45 67 1
45 69 1
45 70 1
45 72 1
45 77 1
45 82 1
45 95 1
45 98 -1
45 103 1
45 105 1
45 113 1
45 117 1
45 125 1
45 127 1
45 129 1
45 132 -1
45 133 -1
45 135 1
45 145 1
45 149 -1
46 51 -1
46 54 1
46 55 1
46 63 -1
46 73 -1
46 74 1
46 75 1
46 79 1
46 81 1
46 89 1
46 90 1
46 91 1
46 92 1
46 113 -1
46 115 1
46 116 1
46 119 1
46 120 -1
46 123 1
46 124 1
46 146 1
46 149 -1
46 150 1
47 51 1
47 52 1
47 57 1
47 64 1
47 68 -1
47 80 1
47 84 1
47 86 1
47 93 1
47 96 1
47 97 1
47 100 1
47 104 1
47 107 1
47 109 1
47 122 1
47 128 1
47 133 1
47 136 1
47 137 1
47 138 1
47 147 1
47 148 1
48 54 1
48 68 1
48 74 1
48 79 -1
48 81 1
48 82 -1
48 83 1
48 89 1
48 91 1
48 107 -1
48 115 1
48 119 1
48 124 1
48 131 1
48 139 -1
48 143 1
48 146 1
49 54 -1
49 56 1
49 59 1
49 63 1
49 65 1
49 73 1
49 78 1
49 87 1
49 98 1
49 99 1
49 102 1
49 105 -1
49 106 1
49 111 1
49 118 1
49 119 -1
49 129 -1
49 130 -1
49 134 1
49 135 -1
49 139 1
49 142 1
49 144 -1
49 149 1
50 61 1
50 62 1
50 66 1
50 67 1
50 69 1
50 72 1
50 77 1
50 82 1
50 87 -1
50 95 1
50 103 1
50 126 -1
50 127 1
50 129 1
50 144 1
50 145 1
51 52 1
51 53 1
51 64 1
51 71 1
51 80 1
51 84 1
51 86 1
51 93 1
51 96 1
51 97 -1
51 100 1
51 102 -1
51 104 1
51 107 1
51 109 1
51 120 -1
51 122 1
51 128 1
51 130 1
51 131 -1
51 133 1
51 136 1
51 137 1
51 138 1
51 147 1
51 148 1
52 55 -1
52 57 1
52 58 1
52 60 1
52 62 -1
52 63 1
52 64 1
52 80 1
52 84 1
52 93 1
52 97 1
52 101 -1
52 107 1
52 118 1
52 120 1
52 122 1
52 126 1
52 128 1
52 133 1
52 136 1
52 137 1
52 138 1
52 139 1
53 55 -1
53 71 1
53 85 1
53 86 1
53 88 1
53 94 1
53 96 1
53 100 1
53 101 1
53 104 1
53 109 1
53 110 1
53 121 1
53 130 1
53 132 1
53 135 1
53 141 1
53 147 1
53 148 1
53 150 -1
54 59 -1
54 67 -1
54 68 1
54 74 1
54 75 1
54 81 1
54 89 1
54 90 1
54 91 1
54 106 -1
54 115 1
54 116 1
54 119 1
54 120 -1
54 124 1
54 131 1
54 143 1
54 146 1
54 150 1
55 75 1
55 76 1
55 79 1
55 87 -1
55 90 1
55 91 -1
55 92 1
55 108 1
55 112 1
55 114 1
55 116 1
55 123 1
55 128 -1
55 140 1
55 150 1
56 59 1
56 65 1
56 73 1
56 78 1
56 87 1
56 99 1
56 102 1
56 106 1
56 111 1
56 134 1
56 135 -1
57 58 1
57 60 1
57 63 1
57 64 1
57 70 -1
57 84 1
57 97 1
57 107 1
57 118 1
57 120 1
57 122 1
57 126 1
57 128 1
57 133 1
57 135 -1
57 136 1
57 137 1
57 138 1
57 139 1
57 149 1
58 60 1
58 63 1
58 64 1
58 66 -1
58 84 1
58 97 1
58 107 1
58 118 1
58 120 1
58 122 1
58 126 1
58 127 -1
58 128 1
58 136 1
58 137 1
58 139 1
58 149 1
59 65 1
59 73 1
59 78 1
59 87 1
59 98 1
59 99 1
59 102 1
59 106 1
59 111 1
59 134 1
59 142 1
59 143 -1
59 149 1
60 63 1
60 72 -1
60 84 1
60 89 -1
60 97 1
60 98 1
60 114 -1
60 118 1
60 120 1
60 122 1
60 126 1
60 128 1
60 132 -1
60 135 -1
60 137 1
60 139 1
60 142 1
60 149 1
61 62 1
61 66 1
61 72 1
61 73 -1
61 75 -1
61 76 1
61 77 1
61 82 1
61 108 1
61 112 1
61 114 1
61 120 -1
61 127 1
61 129 1
61 138 -1
61 140 1
61 144 1
61 145 1
62 64 -1
62 66 1
62 72 1
62 76 1
62 77 1
62 82 1
62 96 -1
62 103 1
62 108 1
62 109 -1
62 111 -1
62 112 1
62 114 1
62 127 1
62 129 1
62 140 1
62 144 1
62 145 1
63 71 -1
63 82 -1
63 97 1
63 98 1
63 99 1
63 111 1
63 118 1
63 120 1
63 126 1
63 134 1
63 139 1
63 142 1
63 149 1
64 78 -1
64 80 1
64 84 1
64 86 1
64 93 1
64 96 1
64 97 1
64 104 1
64 107 1
64 109 1
64 120 1
64 122 1
64 128 1
64 133 1
64 136 1
64 137 1
64 138 1
64 148 1
65 66 -1
65 73 1
65 78 1
65 87 1
65 98 1
65 99 1
65 102 1
65 106 1
65 111 1
65 134 1
65 142 1
65 149 1
66 70 -1
66 72 1
66 77 1
66 82 1
66 95 1
66 103 1
66 108 -1
66 110 -1
66 114 1
66 124 -1
66 127 1
66 128 -1
66 129 1
66 140 1
66 144 1
66 145 1
67 69 1
67 70 1
67 71 -1
67 82 1
67 85 1
67 88 1
67 91 -1
67 95 1
67 101 1
67 103 1
67 105 1
67 110 1
67 112 -1
67 113 1
67 117 1
67 120 -1
67 124 -1
67 125 1
67 127 1
67 129 1
67 132 1
67 135 1
67 136 -1
68 74 1
68 76 -1
68 81 1
68 82 -1
68 83 1
68 89 1
68 91 1
68 99 -1
68 115 1
68 119 1
68 121 -1
68 124 1
68 131 1
68 143 1
68 146 1
69 70 1
69 82 1
69 85 1
69 88 1
69 94 1
69 95 1
69 100 -1
69 101 1
69 103 1
69 105 1
69 108 -1
69 110 1
69 113 1
69 117 1
69 125 1
69 127 1
69 132 1
69 135 1
69 141 1
70 72 -1
70 77 -1
70 82 1
70 83 -1
70 85 1
70 87 -1
70 88 1
70 94 1
70 95 1
70 101 1
70 103 1
70 105 1
70 110 1
70 113 1
70 117 1
70 125 1
70 128 -1
70 132 1
70 135 1
70 141 1
70 147 -1
71 86 1
71 88 1
71 90 -1
71 93 1
71 94 1
71 96 1
71 100 1
71 101 1
71 104 1
71 109 1
71 110 1
71 120 -1
71 121 1
71 130 1
71 132 1
71 141 1
71 147 1
71 148 1
72 77 1
72 82 1
72 85 -1
72 95 1
72 99 -1
72 103 1
72 127 1
72 129 1
72 130 -1
72 140 1
72 144 1
72 145 1
73 78 1
73 87 1
73 98 1
73 99 1
73 102 1
73 106 1
73 108 -1
73 111 1
73 126 -1
73 133 -1
73 134 1
73 136 -1
73 142 1
73 144 -1
74 81 1
74 83 1
74 88 -1
74 89 1
74 91 1
74 94 -1
74 115 1
74 119 1
74 124 1
74 130 -1
74 131 1
74 143 1
74 146 1
74 148 -1
75 79 1
75 89 1
75 90 1
75 92 1
75 93 -1
75 99 -1
75 111 -1
75 116 1
75 119 1
75 123 1
75 124 1
75 125 -1
75 136 -1
75 142 -1
75 146 1
75 150 1
76 79 1
76 82 -1
76 90 1
76 92 1
76 108 1
76 112 1
76 114 1
76 123 1
76 127 -1
76 132 -1
76 137 -1
76 140 1
76 144 1
76 145 1
76 148 -1
77 82 1
77 95 1
77 103 1
77 107 -1
77 110 -1
77 119 -1
77 124 -1
77 127 1
77 129 1
77 130 -1
77 140 1
77 142 -1
77 144 1
77 145 1
77 147 -1
78 87 1
78 93 -1
78 98 1
78 99 1
78 101 -1
78 102 1
78 106 1
78 111 1
78 134 1
78 142 1
79 90 1
79 92 1
79 94 -1
79 108 1
79 112 1
79 114 1
79 116 1
79 123 1
79 140 1
79 142 -1
79 150 1
80 84 1
80 85 -1
80 86 1
80 93 1
80 96 1
80 97 1
80 100 1
80 104 1
80 107 1
80 109 1
80 117 -1
80 122 1
80 128 1
80 132 -1
80 133 1
80 136 1
80 137 1
80 138 1
80 147 1
80 148 1
80 150 -1
81 83 1
81 89 1
81 91 1
81 115 1
81 119 1
81 124 1
81 131 1
81 143 1
81 146 1
81 150 -1
82 95 1
82 103 1
82 105 1
82 107 -1
82 113 1
82 117 1
82 125 1
82 127 1
82 129 1
82 130 -1
82 131 -1
82 145 1
83 86 -1
83 91 1
83 98 -1
83 115 1
83 124 1
83 131 1
83 143 1
84 86 1
84 93 1
84 97 1
84 107 1
84 109 1
84 110 -1
84 114 -1
84 118 1
84 120 1
84 121 -1
84 122 1
84 126 1
84 128 1
84 130 -1
84 133 1
84 134 -1
84 136 1
84 137 1
84 138 1
84 139 1
84 140 -1
85 88 1
85 90 -1
85 92 -1
85 94 1
85 95 1
85 101 1
85 103 1
85 105 1
85 107 -1
85 110 1
85 113 1
85 117 1
85 121 1
85 125 1
85 130 1
85 132 1
85 135 1
85 138 -1
85 139 -1
85 140 -1
85 141 1
86 92 -1
86 93 1
86 96 1
86 100 1
86 103 -1
86 104 1
86 107 1
86 109 1
86 121 1
86 122 1
86 128 1
86 130 1
86 133 1
86 136 1
86 137 1
86 138 1
86 147 1
86 148 1
87 98 1
87 99 1
87 102 1
87 106 1
87 111 1
87 116 -1
87 134 1
87 138 -1
87 142 1
88 94 1
88 95 1
88 101 1
88 105 1
88 107 -1
88 110 1
88 113 1
88 117 1
88 121 1
88 125 1
88 130 1
88 132 1
88 135 1
88 141 1
88 144 -1
88 147 -1
89 90 1
89 91 1
89 100 -1
89 108 -1
89 115 1
89 116 1
89 119 1
89 123 1
89 124 1
89 133 -1
89 143 1
89 146 1
89 150 1
90 92 1
90 108 1
90 111 -1
90 112 1
90 114 1
90 116 1
90 119 1
90 120 -1
90 123 1
90 146 1
90 150 1
91 97 -1
91 101 -1
91 115 1
91 119 1
91 124 1
91 131 1
91 143 1
91 146 1
91 150 -1
92 108 1
92 109 -1
92 112 1
92 114 1
92 116 1
92 123 1
92 127 -1
92 132 -1
92 140 1
92 150 1
93 96 1
93 99 -1
93 100 1
93 103 -1
93 104 1
93 107 1
93 109 1
93 110 -1
93 122 1
93 128 1
93 130 1
93 133 1
93 136 1
93 137 1
93 138 1
93 147 1
93 148 1
94 96 1
94 100 1
94 101 1
94 105 1
94 110 1
94 113 1
94 117 1
94 121 1
94 125 1
94 130 1
94 132 1
94 135 1
94 141 1
94 144 -1
94 147 1
94 148 1
95 101 1
95 103 1
95 105 1
95 113 1
95 114 -1
95 117 1
95 125 1
95 127 1
95 129 1
95 132 1
95 135 1
96 100 1
96 104 1
96 107 1
96 109 1
96 111 -1
96 113 -1
96 116 -1
96 121 1
96 130 1
96 133 1
96 136 1
96 138 1
96 141 1
96 143 -1
96 147 1
96 148 1
96 150 -1
97 107 1
97 118 1
97 120 1
97 121 -1
97 122 1
97 126 1
97 128 1
97 131 -1
97 133 1
97 136 1
97 137 1
97 138 1
97 139 1
97 149 1
98 99 1
98 102 1
98 106 1
98 111 1
98 118 1
98 126 1
98 134 1
98 139 1
98 142 1
98 149 1
99 100 -1
99 101 -1
99 102 1
99 105 -1
99 106 1
99 111 1
99 134 1
99 142 1
99 143 -1
99 149 1
100 104 1
100 107 1
100 109 1
100 121 1
100 130 1
100 133 1
100 136 1
100 138 1
100 141 1
100 145 -1
100 147 1
100 148 1
101 102 -1
101 105 1
101 110 1
101 113 1
101 117 1
101 121 1
101 125 1
101 130 1
101 132 1
101 135 1
101 141 1
102 105 -1
102 106 1
102 111 1
102 127 -1
102 134 1
102 142 1
102 149 1
103 105 1
103 113 1
103 117 1
103 125 1
103 127 1
103 129 1
103 135 1
103 145 1
104 106 -1
104 107 1
104 109 1
104 110 -1
104 113 -1
104 118 -1
104 121 1
104 123 -1
104 130 1
104 133 1
104 136 1
104 138 1
104 147 1
104 148 1
105 110 1
105 113 1
105 117 1
105 121 1
105 125 1
105 132 1
105 133 -1
105 135 1
105 141 1
105 145 -1
105 150 -1
106 111 1
106 120 -1
106 134 1
106 142 1
106 149 1
107 109 1
107 120 1
107 122 1
107 128 1
107 133 1
107 136 1
107 137 1
107 138 1
107 148 1
108 112 1
108 113 -1
108 114 1
108 123 1
108 140 1
108 144 1
108 150 1
109 116 -1
109 121 1
109 122 1
109 128 1
109 130 1
109 133 1
109 136 1
109 137 1
109 138 1
109 147 1
109 148 1
110 113 1
110 116 -1
110 117 1
110 121 1
110 125 1
110 130 1
110 132 1
110 135 1
110 141 1
110 147 1
111 118 1
111 121 -1
111 134 1
111 142 1
111 149 1
112 114 1
112 123 1
112 134 -1
112 139 -1
112 140 1
112 144 1
112 145 1
113 116 -1
113 117 1
113 125 1
113 126 -1
113 132 1
113 135 1
113 141 1
114 123 1
114 130 -1
114 140 1
114 144 1
114 145 1
115 119 1
115 124 1
115 131 1
115 140 -1
115 143 1
115 144 -1
115 146 1
116 119 1
116 120 -1
116 123 1
116 124 1
116 127 -1
116 131 -1
116 142 -1
116 146 1
116 150 1
117 121 1
117 123 -1
117 125 1
117 132 1
117 135 1
117 137 -1
117 141 1
117 146 -1
118 120 1
118 122 1
118 126 1
118 128 1
118 137 1
118 139 1
118 142 1
118 149 1
119 124 1
119 143 1
119 146 1
119 150 1
120 122 1
120 126 1
120 128 1
120 136 1
120 137 1
120 138 1
120 139 1
120 149 1
121 128 -1
121 130 1
121 132 1
121 135 1
121 141 1
121 145 -1
121 147 1
121 148 1
122 126 1
122 128 1
122 133 1
122 136 1
122 137 1
122 138 1
122 139 1
123 139 -1
123 150 1
124 131 1
124 139 -1
124 143 1
124 146 1
125 127 1
125 132 1
125 135 1
125 138 -1
125 141 1
126 128 1
126 137 1
126 139 1
126 141 -1
126 142 1
126 149 1
127 129 1
127 137 -1
127 144 1
127 145 1
128 133 1
128 136 1
128 137 1
128 138 1
128 139 1
129 140 1
129 144 1
129 145 1
130 132 1
130 141 1
130 147 1
130 148 1
131 143 1
131 146 -1
132 135 1
132 141 1
133 136 1
133 137 1
133 138 1
133 147 1
133 148 1
134 142 1
134 149 1
135 141 1
136 137 1
136 138 1
136 148 1
137 138 1
137 139 1
138 148 1
139 142 1
139 149 1
140 144 1
140 145 1
141 147 1
142 149 1
143 146 1
144 145 1
145 147 -1
145 148 -1
146 150 1
147 148 1
