vertices: 250 edges: 6389
1 13 -1
1 22 -1
1 23 1
1 26 1
1 41 -1
1 49 1
1 50 1
1 51 -1
1 56 1
1 58 1
1 69 1
1 74 1
1 79 1
1 85 -1
1 86 -1
1 87 1
1 98 1
1 99 -1
1 100 1
1 110 -1
1 115 1
1 117 1
1 126 -1
1 128 1
1 140 1
1 146 -1
1 149 -1
1 160 1
1 169 -1
1 170 -1
1 172 1
1 178 -1
1 179 1
1 181 -1
1 192 1
1 193 -1
1 194 1
1 197 -1
1 199 -1
1 205 1
1 209 1
1 211 -1
1 212 1
1 221 1
1 227 -1
1 235 1
1 243 1
1 249 -1
2 3 1
2 5 1
2 6 1
2 7 1
2 16 1
2 21 -1
2 29 1
2 38 1
2 43 -1
2 46 1
2 52 1
2 54 1
2 57 1
2 61 -1
2 62 -1
2 66 -1
2 73 1
2 75 1
2 83 1
2 84 1
2 86 1
2 92 -1
2 95 -1
2 99 -1
2 101 -1
2 102 1
2 103 1
2 113 1
2 114 -1
2 115 -1
2 117 -1
2 120 1
2 129 1
2 137 -1
2 142 1
2 143 1
2 146 1
2 147 1
2 150 1
2 151 1
2 157 -1
2 163 1
2 166 -1
2 169 -1
2 170 1
2 174 -1
2 175 1
2 178 -1
2 181 -1
2 184 1
2 187 -1
2 196 -1
2 199 -1
2 203 -1
2 204 -1
2 207 1
2 215 1
2 217 -1
2 220 -1
2 224 1
2 234 1
2 239 1
2 240 -1
2 242 1
2 245 -1
3 5 1
3 6 1
3 7 1
3 16 1
3 21 -1
3 23 -1
3 29 1
3 38 1
3 46 1
3 48 -1
3 50 -1
3 52 1
3 54 1
3 57 1
3 61 -1
3 62 -1
3 63 -1
3 73 1
3 75 1
3 77 -1
3 78 -1
3 83 1
3 84 1
3 86 1
3 98 -1
3 102 1
3 103 1
3 109 -1
3 113 1
3 114 -1
3 115 -1
3 120 1
3 124 -1
3 128 -1
3 129 1
3 137 -1
3 142 1
3 143 1
3 146 1
3 147 1
3 150 1
3 151 1
3 154 -1
3 159 -1
3 163 1
3 165 -1
3 170 1
3 175 1
3 179 -1
3 180 -1
3 182 -1
3 184 1
3 188 -1
3 197 -1
3 207 1
3 215 1
3 218 -1
3 224 1
3 227 -1
3 234 1
3 236 -1
3 237 -1
3 239 1
3 242 1
4 6 -1
4 7 -1
4 12 -1
4 20 1
4 24 -1
4 31 -1
4 32 -1
4 35 -1
4 40 1
4 41 1
4 49 -1
4 57 -1
4 59 -1
4 62 1
4 65 -1
4 68 1
4 74 -1
4 81 -1
4 95 -1
4 97 -1
4 100 -1
4 106 1
4 108 1
4 112 1
4 114 1
4 119 -1
4 121 1
4 125 1
4 126 -1
4 137 1
4 141 -1
4 142 -1
4 153 1
4 154 -1
4 164 1
4 173 -1
4 174 1
4 188 1
4 195 1
4 197 -1
4 208 -1
4 210 1
4 216 1
4 220 -1
4 221 -1
4 222 -1
4 225 1
4 232 -1
4 238 -1
4 244 -1
4 246 1
4 249 -1
5 6 1
5 7 1
5 16 1
5 19 -1
5 22 -1
5 27 -1
5 29 1
5 30 -1
5 32 -1
5 35 -1
5 38 1
5 46 1
5 52 1
5 53 -1
5 54 1
5 57 1
5 67 -1
5 73 1
5 75 1
5 83 1
5 84 1
5 86 1
5 99 -1
5 102 1
5 103 1
5 113 1
5 119 -1
5 120 1
5 123 -1
5 142 1
5 143 1
5 146 1
5 147 1
5 150 1
5 151 1
5 152 -1
5 163 1
5 165 -1
5 169 1
5 170 1
5 171 -1
5 175 1
5 178 -1
5 181 -1
5 184 1
5 185 1
5 192 -1
5 205 -1
5 207 -1
5 215 1
5 218 -1
5 222 -1
5 224 1
5 234 1
5 235 -1
5 239 1
6 7 1
6 9 1
6 11 1
6 16 1
6 20 -1
6 29 1
6 34 1
6 35 -1
6 38 1
6 45 -1
6 46 1
6 52 1
6 55 -1
6 57 1
6 58 -1
6 75 1
6 83 1
6 84 1
6 86 1
6 87 -1
6 94 1
6 102 1
6 103 1
6 113 1
6 126 -1
6 127 1
6 134 -1
6 138 1
6 142 1
6 146 1
6 150 1
6 151 1
6 155 -1
6 158 -1
6 160 -1
6 163 1
6 169 1
6 170 1
6 175 1
6 177 1
6 184 1
6 185 1
6 186 -1
6 191 -1
6 195 -1
6 199 -1
6 202 -1
6 208 1
6 212 -1
6 216 -1
6 224 1
6 227 1
6 229 -1
6 239 1
6 244 -1
6 247 -1
7 8 -1
7 9 1
7 11 1
7 15 -1
7 16 1
7 18 -1
7 22 -1
7 24 -1
7 29 1
7 30 -1
7 31 -1
7 34 1
7 38 1
7 43 -1
7 49 -1
7 52 1
7 54 -1
7 57 1
7 59 -1
7 63 1
7 65 -1
7 67 -1
7 75 1
7 83 1
7 86 1
7 87 -1
7 88 -1
7 93 -1
7 94 1
7 101 -1
7 102 1
7 103 1
7 110 -1
7 113 1
7 119 -1
7 122 -1
7 123 -1
7 127 1
7 134 -1
7 138 1
7 150 1
7 151 1
7 152 -1
7 157 1
7 160 -1
7 163 1
7 169 1
7 170 1
7 172 -1
7 175 1
7 177 1
7 185 1
7 186 -1
7 187 -1
7 190 -1
7 198 -1
7 208 1
7 209 -1
7 210 -1
7 222 -1
7 224 1
7 227 1
7 232 -1
7 239 1
7 243 -1
8 12 1
8 17 -1
8 31 1
8 33 1
8 35 1
8 44 1
8 47 1
8 61 1
8 72 -1
8 87 -1
8 89 1
8 97 1
8 107 -1
8 109 1
8 114 -1
8 116 1
8 124 1
8 131 -1
8 133 1
8 134 1
8 135 1
8 136 -1
8 139 1
8 141 1
8 145 -1
8 147 -1
8 159 -1
8 168 1
8 171 -1
8 174 -1
8 185 -1
8 187 1
8 196 1
8 197 1
8 200 1
8 207 -1
8 220 -1
8 224 -1
8 226 1
8 227 -1
8 229 1
8 232 1
8 237 1
8 238 1
8 241 1
8 247 1
8 248 -1
8 249 1
8 250 1
9 10 -1
9 11 1
9 30 1
9 34 1
9 38 1
9 41 -1
9 46 -1
9 57 1
9 59 -1
9 63 1
9 66 -1
9 75 1
9 80 1
9 82 -1
9 89 -1
9 94 1
9 99 -1
9 101 1
9 103 1
9 111 1
9 126 -1
9 127 1
9 138 1
9 150 -1
9 151 1
9 157 1
9 163 1
9 165 -1
9 169 1
9 170 -1
9 173 1
9 175 -1
9 177 1
9 180 1
9 185 1
9 189 1
9 208 1
9 218 1
9 224 1
9 226 -1
9 227 1
9 240 -1
9 249 -1
10 13 1
10 14 1
10 15 -1
10 20 -1
10 24 -1
10 30 -1
10 39 -1
10 40 -1
10 53 1
10 57 -1
10 71 1
10 82 1
10 85 -1
10 87 -1
10 95 1
10 99 -1
10 101 -1
10 104 1
10 105 1
10 114 -1
10 119 1
10 126 1
10 128 -1
10 141 -1
10 145 1
10 154 1
10 163 -1
10 180 -1
10 186 -1
10 188 -1
10 192 -1
10 193 1
10 195 -1
10 199 1
10 203 1
10 206 1
10 214 1
10 220 1
10 222 1
10 231 -1
10 236 1
10 240 1
10 244 1
10 247 -1
10 248 1
11 17 -1
11 30 1
11 33 -1
11 34 1
11 38 1
11 53 -1
11 54 -1
11 55 -1
11 57 1
11 63 1
11 75 1
11 80 1
11 82 -1
11 90 -1
11 93 -1
11 94 1
11 95 -1
11 101 1
11 102 1
11 103 1
11 104 -1
11 127 1
11 134 -1
11 138 1
11 141 -1
11 143 -1
11 150 1
11 151 1
11 157 1
11 163 1
11 164 -1
11 166 -1
11 169 1
11 173 1
11 177 1
11 180 1
11 185 1
11 187 -1
11 189 1
11 208 1
11 215 -1
11 224 1
11 227 1
11 232 -1
11 233 -1
11 237 -1
11 244 -1
12 31 1
12 33 1
12 35 1
12 39 1
12 40 -1
12 42 1
12 46 -1
12 47 1
12 55 -1
12 56 -1
12 58 -1
12 59 1
12 60 -1
12 61 1
12 68 -1
12 72 -1
12 80 -1
12 81 1
12 82 -1
12 86 -1
12 88 1
12 89 1
12 96 -1
12 97 1
12 109 1
12 116 1
12 120 -1
12 124 1
12 132 -1
12 133 1
12 139 1
12 141 -1
12 166 -1
12 168 1
12 183 -1
12 187 1
12 189 -1
12 190 -1
12 196 1
12 197 1
12 200 1
12 204 -1
12 221 -1
12 228 -1
12 229 1
12 232 1
12 237 1
12 238 1
12 241 1
12 247 1
13 17 -1
13 18 1
13 20 -1
13 26 -1
13 29 -1
13 30 -1
13 32 -1
13 38 -1
13 40 -1
13 42 -1
13 53 1
13 68 -1
13 71 1
13 77 1
13 82 1
13 84 -1
13 95 1
13 110 -1
13 114 -1
13 116 -1
13 119 1
13 126 1
13 129 -1
13 145 1
13 152 1
13 154 1
13 155 -1
13 163 -1
13 177 -1
13 193 1
13 195 -1
13 199 1
13 204 1
13 208 -1
13 214 1
13 215 -1
13 220 1
13 226 -1
13 228 1
13 229 -1
13 236 1
13 240 1
13 243 -1
13 244 1
13 248 -1
13 249 -1
14 15 1
14 17 1
14 24 1
14 25 1
14 36 -1
14 37 -1
14 40 -1
14 44 -1
14 53 1
14 58 -1
14 61 -1
14 70 -1
14 71 1
14 75 -1
14 78 -1
14 82 1
14 89 -1
14 92 1
14 95 1
14 103 -1
14 104 1
14 105 1
14 119 1
14 128 -1
14 130 1
14 131 -1
14 134 -1
14 140 -1
14 141 -1
14 143 -1
14 144 1
14 145 1
14 169 -1
14 172 -1
14 176 -1
14 192 -1
14 203 1
14 204 -1
14 206 1
14 214 1
14 216 -1
14 220 1
14 222 1
14 229 -1
14 235 -1
14 236 1
14 248 1
15 17 1
15 24 1
15 25 1
15 29 -1
15 32 -1
15 34 -1
15 40 -1
15 75 -1
15 82 1
15 92 1
15 97 -1
15 100 -1
15 104 1
15 105 1
15 106 -1
15 127 -1
15 130 1
15 140 -1
15 144 1
15 146 -1
15 186 -1
15 203 1
15 206 1
15 211 -1
15 214 1
15 222 1
15 224 -1
15 227 -1
15 236 1
15 237 -1
15 238 -1
15 248 1
15 250 -1
16 28 -1
16 29 1
16 30 -1
16 38 1
16 46 1
16 52 1
16 54 1
16 55 -1
16 57 1
16 60 -1
16 73 1
16 75 1
16 83 1
16 84 1
16 86 1
16 94 1
16 101 -1
16 102 1
16 103 1
16 107 -1
16 113 1
16 114 -1
16 120 1
16 122 -1
16 127 1
16 129 -1
16 132 -1
16 138 1
16 142 1
16 146 1
16 147 1
16 150 1
16 151 1
16 160 -1
16 163 1
16 169 1
16 170 1
16 175 1
16 178 -1
16 179 -1
16 184 1
16 185 1
16 191 -1
16 209 -1
16 220 -1
16 224 1
16 229 -1
16 234 1
16 239 1
17 24 1
17 25 1
17 33 -1
17 38 -1
17 41 -1
17 45 -1
17 46 -1
17 76 -1
17 80 -1
17 82 1
17 92 1
17 94 -1
17 104 1
17 105 1
17 111 -1
17 117 -1
17 130 1
17 143 -1
17 144 1
17 174 -1
17 187 -1
17 194 -1
17 203 1
17 206 1
17 221 -1
17 222 1
17 232 -1
17 248 1
18 22 1
18 27 -1
18 32 1
18 37 1
18 45 1
18 50 -1
18 55 1
18 68 -1
18 71 1
18 72 1
18 75 -1
18 77 1
18 79 -1
18 82 -1
18 85 -1
18 92 -1
18 95 1
18 106 -1
18 119 1
18 122 1
18 126 1
18 138 -1
18 145 1
18 151 -1
18 152 1
18 154 1
18 176 1
18 193 1
18 196 -1
18 199 1
18 201 1
18 204 1
18 208 -1
18 210 -1
18 215 -1
18 223 1
18 228 1
18 231 1
18 232 -1
18 237 -1
18 240 1
18 241 -1
18 244 1
18 248 -1
19 22 1
19 24 -1
19 26 -1
19 32 1
19 36 -1
19 37 1
19 40 1
19 41 -1
19 45 1
19 55 1
19 61 -1
19 62 1
19 65 1
19 68 1
19 70 1
19 72 1
19 79 -1
19 84 -1
19 85 1
19 87 -1
19 94 -1
19 97 -1
19 98 -1
19 104 -1
19 106 -1
19 108 1
19 122 1
19 124 -1
19 132 1
19 148 -1
19 159 1
19 161 1
19 166 -1
19 167 1
19 176 1
19 182 1
19 192 -1
19 201 1
19 202 1
19 206 -1
19 210 1
19 212 -1
19 213 1
19 214 -1
19 216 1
19 218 -1
19 223 1
19 226 -1
19 227 -1
19 230 1
19 231 1
19 242 -1
19 245 1
20 26 -1
20 41 1
20 44 -1
20 63 -1
20 64 -1
20 74 -1
20 79 -1
20 84 -1
20 85 -1
20 89 -1
20 91 -1
20 93 -1
20 94 -1
20 97 -1
20 99 -1
20 102 -1
20 106 1
20 107 1
20 109 -1
20 111 -1
20 112 1
20 114 1
20 121 1
20 125 1
20 131 1
20 137 1
20 149 1
20 150 -1
20 153 1
20 154 -1
20 162 1
20 163 -1
20 164 1
20 167 -1
20 174 1
20 178 1
20 188 1
20 189 -1
20 190 -1
20 202 -1
20 209 -1
20 210 -1
20 215 -1
20 219 1
20 225 1
20 226 -1
20 230 -1
20 240 -1
20 241 -1
20 243 -1
20 246 -1
21 23 1
21 26 -1
21 28 1
21 30 1
21 42 -1
21 51 1
21 57 -1
21 58 1
21 60 1
21 63 -1
21 66 -1
21 72 -1
21 74 1
21 76 1
21 77 -1
21 80 1
21 101 1
21 105 -1
21 107 -1
21 108 -1
21 111 1
21 120 -1
21 123 1
21 128 1
21 131 -1
21 136 1
21 147 -1
21 151 -1
21 167 -1
21 171 1
21 173 1
21 181 -1
21 183 1
21 189 1
21 190 1
21 198 1
21 211 -1
21 212 1
21 215 -1
21 217 1
21 218 1
21 233 -1
22 32 1
22 33 -1
22 36 -1
22 37 1
22 45 1
22 49 -1
22 50 -1
22 55 1
22 61 -1
22 65 -1
22 70 1
22 72 1
22 77 1
22 83 -1
22 85 1
22 88 -1
22 92 -1
22 119 -1
22 121 -1
22 122 1
22 126 1
22 132 1
22 152 1
22 157 -1
22 158 -1
22 159 1
22 161 1
22 164 -1
22 165 -1
22 167 1
22 176 1
22 182 1
22 187 -1
22 190 -1
22 196 -1
22 201 1
22 202 1
22 204 1
22 207 -1
22 209 -1
22 223 1
22 226 -1
22 228 1
22 231 1
22 234 -1
22 236 -1
22 244 1
22 249 -1
23 26 1
23 28 1
23 30 -1
23 33 -1
23 37 -1
23 49 1
23 51 1
23 56 -1
23 58 1
23 60 1
23 66 -1
23 74 1
23 76 1
23 86 -1
23 95 -1
23 117 1
23 121 -1
23 123 1
23 127 -1
23 128 1
23 137 -1
23 140 -1
23 145 -1
23 168 -1
23 171 1
23 172 1
23 176 -1
23 178 -1
23 181 -1
23 183 -1
23 184 -1
23 186 -1
23 191 -1
23 192 1
23 196 -1
23 198 1
23 209 -1
23 211 -1
23 212 1
23 216 -1
23 228 -1
23 232 -1
23 235 1
23 241 -1
23 244 -1
23 248 -1
24 25 1
24 36 -1
24 41 -1
24 47 -1
24 62 -1
24 92 1
24 93 -1
24 104 1
24 105 1
24 107 -1
24 111 -1
24 120 -1
24 129 -1
24 130 1
24 138 -1
24 142 -1
24 144 1
24 179 -1
24 193 -1
24 195 -1
24 197 -1
24 203 1
24 206 1
24 209 -1
24 210 -1
24 222 1
24 223 -1
24 224 -1
24 225 -1
24 228 -1
24 230 -1
24 232 -1
24 237 -1
24 248 1
25 27 -1
25 30 -1
25 48 -1
25 51 -1
25 60 -1
25 67 -1
25 76 -1
25 77 -1
25 82 1
25 88 -1
25 92 1
25 97 -1
25 104 1
25 105 1
25 107 -1
25 122 -1
25 123 -1
25 130 1
25 131 -1
25 133 -1
25 135 -1
25 144 1
25 151 -1
25 152 -1
25 154 -1
25 156 -1
25 172 -1
25 178 -1
25 191 -1
25 202 -1
25 203 1
25 206 1
25 209 -1
25 214 1
25 222 1
25 236 -1
25 248 1
26 28 1
26 46 -1
26 49 1
26 58 1
26 69 1
26 74 1
26 78 -1
26 79 1
26 87 1
26 91 -1
26 95 -1
26 98 1
26 99 -1
26 100 1
26 107 -1
26 117 1
26 123 1
26 128 1
26 140 1
26 142 -1
26 143 -1
26 145 -1
26 160 1
26 161 -1
26 171 1
26 172 1
26 192 1
26 193 -1
26 195 -1
26 197 -1
26 212 1
26 221 1
26 225 -1
26 230 -1
26 235 1
26 237 -1
26 238 -1
26 240 -1
26 243 1
27 30 -1
27 33 -1
27 36 1
27 39 1
27 47 -1
27 48 1
27 51 -1
27 56 -1
27 59 1
27 64 1
27 66 1
27 67 1
27 71 -1
27 78 1
27 81 1
27 83 -1
27 88 1
27 90 1
27 91 1
27 93 1
27 96 1
27 99 1
27 104 -1
27 105 -1
27 110 1
27 118 1
27 123 -1
27 132 -1
27 134 -1
27 139 -1
27 142 -1
27 148 1
27 155 1
27 156 1
27 158 1
27 160 -1
27 165 1
27 166 1
27 167 -1
27 174 -1
27 180 -1
27 186 1
27 191 1
27 211 1
27 212 -1
27 213 -1
27 216 -1
27 223 -1
27 233 1
27 238 -1
27 246 -1
28 32 -1
28 38 -1
28 47 -1
28 49 1
28 51 1
28 55 -1
28 58 1
28 60 1
28 63 -1
28 74 1
28 75 -1
28 76 1
28 77 -1
28 92 -1
28 110 -1
28 117 1
28 123 1
28 125 -1
28 128 1
28 136 1
28 138 -1
28 142 -1
28 144 -1
28 159 -1
28 161 -1
28 169 -1
28 171 1
28 182 -1
28 183 1
28 190 1
28 192 1
28 194 -1
28 195 -1
28 198 1
28 204 -1
28 209 -1
28 212 1
28 217 1
28 221 -1
28 223 -1
28 232 -1
28 238 -1
29 37 -1
29 38 1
29 42 -1
29 44 -1
29 46 1
29 52 1
29 54 1
29 57 1
29 73 1
29 74 -1
29 75 1
29 83 1
29 84 1
29 86 1
29 94 1
29 102 1
29 103 1
29 111 -1
29 113 1
29 114 -1
29 116 -1
29 119 -1
29 120 1
29 134 -1
29 137 -1
29 138 1
29 142 1
29 146 1
29 147 1
29 150 1
29 151 1
29 154 -1
29 155 -1
29 159 -1
29 162 -1
29 163 1
29 164 -1
29 169 1
29 170 1
29 174 -1
29 175 1
29 178 -1
29 183 -1
29 184 1
29 185 1
29 186 -1
29 189 -1
29 196 -1
29 212 -1
29 224 1
29 234 1
29 236 -1
29 239 1
29 241 -1
29 250 -1
30 34 1
30 46 -1
30 48 -1
30 49 -1
30 51 1
30 56 -1
30 57 -1
30 60 1
30 63 1
30 70 -1
30 71 -1
30 73 -1
30 76 1
30 80 1
30 85 -1
30 89 -1
30 94 -1
30 95 -1
30 101 1
30 107 -1
30 111 1
30 122 -1
30 130 -1
30 136 1
30 140 -1
30 157 1
30 161 -1
30 166 -1
30 167 -1
30 173 1
30 177 1
30 179 -1
30 180 1
30 183 1
30 189 1
30 190 1
30 198 1
30 205 -1
30 208 1
30 217 1
30 218 1
30 227 1
31 33 1
31 35 1
31 43 1
31 44 1
31 47 1
31 61 1
31 64 -1
31 65 -1
31 89 1
31 100 -1
31 109 1
31 116 1
31 121 -1
31 124 1
31 126 -1
31 129 1
31 130 -1
31 133 1
31 134 1
31 135 1
31 139 1
31 141 1
31 147 -1
31 161 -1
31 166 -1
31 168 1
31 181 1
31 187 1
31 196 1
31 197 1
31 200 1
31 203 -1
31 207 1
31 215 1
31 220 -1
31 223 -1
31 226 1
31 229 1
31 232 1
31 235 -1
31 237 1
31 238 1
31 239 -1
31 242 1
31 243 -1
31 245 -1
31 247 1
31 249 1
31 250 1
32 34 -1
32 37 1
32 45 1
32 48 -1
32 55 1
32 58 -1
32 61 -1
32 65 1
32 70 1
32 72 1
32 77 1
32 85 1
32 87 -1
32 100 -1
32 102 -1
32 108 -1
32 122 1
32 127 -1
32 132 1
32 140 -1
32 152 1
32 154 -1
32 159 1
32 161 1
32 167 1
32 170 -1
32 172 -1
32 176 1
32 182 1
32 183 -1
32 190 -1
32 191 -1
32 201 1
32 202 1
32 204 1
32 207 -1
32 213 1
32 215 -1
32 219 -1
32 223 1
32 228 1
32 230 -1
32 231 1
32 234 -1
32 239 -1
32 242 -1
33 35 1
33 43 1
33 44 1
33 47 1
33 48 -1
33 58 -1
33 60 -1
33 61 1
33 67 -1
33 69 -1
33 72 -1
33 73 -1
33 76 -1
33 86 -1
33 89 1
33 98 -1
33 107 -1
33 109 1
33 113 -1
33 116 1
33 124 1
33 129 1
33 133 1
33 134 1
33 135 1
33 139 1
33 141 1
33 143 1
33 154 -1
33 159 -1
33 160 -1
33 181 1
33 187 1
33 196 1
33 197 1
33 199 -1
33 200 1
33 204 -1
33 207 1
33 209 -1
33 215 1
33 224 -1
33 226 1
33 229 1
33 232 1
33 237 1
33 238 1
33 242 1
33 247 1
33 249 1
33 250 1
34 38 1
34 39 -1
34 57 1
34 63 1
34 73 -1
34 75 1
34 77 -1
34 78 -1
34 80 1
34 81 -1
34 94 1
34 95 -1
34 99 -1
34 101 1
34 102 1
34 103 1
34 122 -1
34 127 1
34 129 -1
34 138 1
34 147 -1
34 150 1
34 151 1
34 155 -1
34 157 1
34 160 -1
34 162 -1
34 163 1
34 169 1
34 173 1
34 177 1
34 180 1
34 185 1
34 189 1
34 202 -1
34 208 1
34 215 -1
34 221 -1
34 222 -1
34 224 1
34 227 1
34 250 -1
35 38 -1
35 39 1
35 42 1
35 47 1
35 56 -1
35 59 1
35 60 -1
35 61 1
35 66 -1
35 73 -1
35 74 -1
35 80 -1
35 81 1
35 88 1
35 89 1
35 97 1
35 98 -1
35 99 -1
35 101 -1
35 110 -1
35 111 -1
35 113 -1
35 114 -1
35 116 1
35 117 -1
35 124 1
35 127 -1
35 130 -1
35 133 1
35 139 1
35 156 -1
35 160 -1
35 164 -1
35 168 1
35 187 1
35 194 -1
35 196 1
35 197 1
35 200 1
35 212 -1
35 229 1
35 232 1
35 233 -1
35 235 -1
35 237 1
35 238 1
35 241 1
36 37 -1
36 39 1
36 42 1
36 48 1
36 59 1
36 66 1
36 67 1
36 76 -1
36 78 1
36 80 -1
36 81 1
36 88 1
36 90 1
36 91 1
36 93 1
36 95 -1
36 96 1
36 97 -1
36 99 1
36 109 -1
36 110 1
36 118 1
36 136 -1
36 154 -1
36 155 1
36 156 1
36 158 1
36 162 -1
36 165 1
36 166 1
36 181 -1
36 185 -1
36 186 1
36 188 -1
36 191 1
36 201 -1
36 205 -1
36 207 -1
36 211 1
36 225 -1
36 233 1
36 238 -1
36 240 -1
36 247 -1
36 250 -1
37 43 -1
37 45 1
37 48 -1
37 50 -1
37 52 -1
37 55 1
37 60 -1
37 65 1
37 70 1
37 72 1
37 77 1
37 79 -1
37 85 1
37 92 -1
37 93 -1
37 102 -1
37 117 -1
37 122 1
37 132 1
37 141 -1
37 152 1
37 159 1
37 161 1
37 167 1
37 173 -1
37 176 1
37 182 1
37 183 -1
37 184 -1
37 195 -1
37 196 -1
37 201 1
37 202 1
37 204 1
37 212 -1
37 222 -1
37 223 1
37 226 -1
37 228 1
37 231 1
37 235 -1
37 238 -1
37 240 -1
37 241 -1
37 248 -1
38 41 -1
38 46 1
38 48 -1
38 51 -1
38 52 1
38 57 1
38 75 1
38 82 -1
38 83 1
38 84 1
38 86 1
38 94 1
38 102 1
38 103 1
38 111 -1
38 113 1
38 120 -1
38 127 1
38 138 1
38 142 1
38 146 1
38 150 1
38 151 1
38 154 -1
38 157 -1
38 162 -1
38 163 1
38 169 1
38 170 1
38 172 -1
38 175 1
38 177 1
38 184 1
38 185 1
38 189 -1
38 197 -1
38 199 -1
38 208 1
38 214 -1
38 224 1
38 227 1
38 232 -1
38 233 -1
38 239 1
38 240 -1
39 42 1
39 46 -1
39 47 1
39 51 -1
39 59 1
39 67 1
39 78 1
39 81 1
39 88 1
39 92 -1
39 93 1
39 95 -1
39 96 -1
39 97 1
39 99 1
39 115 -1
39 116 1
39 118 1
39 119 -1
39 124 -1
39 125 -1
39 126 -1
39 128 -1
39 139 1
39 150 -1
39 155 1
39 156 1
39 158 1
39 159 -1
39 160 -1
39 168 1
39 170 -1
39 174 -1
39 186 1
39 192 -1
39 193 -1
39 196 1
39 197 1
39 200 1
39 209 -1
39 210 -1
39 211 1
39 222 -1
39 224 -1
39 228 -1
39 232 -1
39 233 1
39 237 1
39 238 1
39 239 -1
39 241 1
40 45 -1
40 49 -1
40 53 -1
40 56 -1
40 58 -1
40 62 1
40 65 1
40 67 -1
40 68 1
40 70 1
40 79 -1
40 81 -1
40 85 1
40 92 -1
40 98 -1
40 100 -1
40 108 1
40 110 -1
40 112 1
40 119 -1
40 121 1
40 132 1
40 137 -1
40 145 -1
40 153 1
40 159 1
40 164 1
40 167 1
40 173 -1
40 178 -1
40 182 1
40 183 -1
40 184 -1
40 190 -1
40 195 1
40 202 1
40 210 1
40 213 1
40 216 1
40 225 1
40 228 -1
40 230 1
40 231 -1
40 233 -1
40 234 -1
40 245 1
40 246 1
41 42 -1
41 57 -1
41 59 -1
41 82 -1
41 90 -1
41 95 -1
41 104 -1
41 106 1
41 107 1
41 114 1
41 116 -1
41 121 -1
41 123 -1
41 125 1
41 131 1
41 137 1
41 138 -1
41 149 1
41 150 -1
41 158 -1
41 162 1
41 163 -1
41 169 -1
41 171 -1
41 174 1
41 178 1
41 182 -1
41 188 1
41 192 -1
41 210 -1
41 215 -1
41 216 -1
41 219 1
41 226 -1
41 234 -1
41 235 -1
41 238 -1
41 246 -1
41 247 -1
41 249 -1
42 47 1
42 59 1
42 61 1
42 67 1
42 73 -1
42 78 1
42 81 1
42 88 1
42 89 -1
42 92 -1
42 93 1
42 97 1
42 99 1
42 116 1
42 118 1
42 139 1
42 145 -1
42 146 -1
42 152 -1
42 155 1
42 156 1
42 158 1
42 168 1
42 180 -1
42 184 -1
42 186 1
42 189 -1
42 196 1
42 197 1
42 199 -1
42 200 1
42 211 1
42 212 -1
42 219 -1
42 233 1
42 234 -1
42 237 1
42 238 1
42 241 1
42 244 -1
42 245 -1
42 250 -1
43 44 1
43 45 -1
43 46 1
43 49 -1
43 54 1
43 70 -1
43 71 -1
43 73 1
43 76 -1
43 84 1
43 86 1
43 99 -1
43 109 1
43 120 1
43 124 1
43 126 -1
43 129 1
43 133 1
43 134 1
43 135 1
43 137 -1
43 141 1
43 142 1
43 143 1
43 146 1
43 147 1
43 169 -1
43 175 1
43 177 -1
43 181 1
43 184 1
43 187 1
43 198 -1
43 206 -1
43 207 1
43 214 -1
43 215 1
43 225 -1
43 226 1
43 227 -1
43 229 1
43 232 1
43 233 -1
43 234 1
43 242 1
43 244 -1
43 247 1
43 249 1
43 250 1
44 52 -1
44 54 1
44 61 1
44 63 -1
44 70 -1
44 73 1
44 89 1
44 96 -1
44 105 -1
44 109 1
44 111 -1
44 120 1
44 124 1
44 129 1
44 133 1
44 134 1
44 135 1
44 141 1
44 143 1
44 146 1
44 147 1
44 150 -1
44 155 -1
44 171 -1
44 181 1
44 182 -1
44 187 1
44 207 1
44 215 1
44 219 -1
44 226 1
44 228 -1
44 229 1
44 232 1
44 234 1
44 239 -1
44 242 1
44 244 -1
44 247 1
44 249 1
44 250 1
45 48 -1
45 55 1
45 70 1
45 72 1
45 75 -1
45 77 1
45 82 -1
45 85 1
45 96 -1
45 111 -1
45 122 1
45 126 1
45 132 1
45 147 -1
45 152 1
45 155 -1
45 159 1
45 161 1
45 162 -1
45 167 1
45 169 -1
45 174 -1
45 176 1
45 180 -1
45 182 1
45 189 -1
45 195 -1
45 196 -1
45 201 1
45 202 1
45 204 1
45 213 -1
45 223 1
45 225 -1
45 228 1
45 231 1
45 234 -1
45 235 -1
45 244 1
46 52 1
46 54 1
46 57 1
46 73 1
46 75 1
46 83 1
46 84 1
46 86 1
46 98 -1
46 102 1
46 107 -1
46 113 1
46 116 -1
46 120 1
46 129 1
46 131 -1
46 135 1
46 137 -1
46 138 -1
46 139 -1
46 141 1
46 142 1
46 143 1
46 146 1
46 147 1
46 150 1
46 163 1
46 165 -1
46 170 1
46 175 1
46 180 -1
46 181 1
46 184 1
46 193 -1
46 196 -1
46 197 -1
46 198 -1
46 205 -1
46 207 1
46 215 1
46 220 -1
46 224 1
46 234 1
46 239 1
46 242 1
46 250 -1
47 49 -1
47 51 -1
47 59 1
47 61 1
47 64 -1
47 66 -1
47 68 -1
47 72 -1
47 74 -1
47 81 1
47 82 -1
47 84 -1
47 88 1
47 89 1
47 93 -1
47 95 -1
47 97 1
47 99 -1
47 116 1
47 120 -1
47 124 1
47 133 1
47 139 1
47 150 -1
47 152 -1
47 157 -1
47 165 -1
47 168 1
47 170 -1
47 177 -1
47 183 -1
47 187 1
47 196 1
47 197 1
47 200 1
47 213 -1
47 216 -1
47 218 -1
47 229 1
47 232 1
47 235 -1
47 236 -1
47 237 1
47 238 1
47 241 1
48 64 1
48 66 1
48 90 1
48 91 1
48 96 1
48 107 1
48 109 -1
48 110 1
48 111 -1
48 116 -1
48 148 1
48 156 1
48 158 1
48 162 1
48 165 1
48 166 1
48 178 1
48 186 -1
48 191 1
48 193 -1
48 195 -1
48 198 -1
48 207 -1
48 208 -1
48 210 -1
48 219 1
48 227 -1
48 237 -1
49 58 1
49 64 -1
49 74 1
49 79 1
49 87 1
49 94 -1
49 96 -1
49 98 1
49 100 1
49 107 -1
49 117 1
49 118 -1
49 123 1
49 128 1
49 138 -1
49 140 1
49 153 -1
49 154 -1
49 160 1
49 162 -1
49 164 -1
49 166 -1
49 171 1
49 172 1
49 186 -1
49 192 1
49 198 1
49 202 -1
49 212 1
49 214 -1
49 217 -1
49 223 -1
49 226 -1
49 230 -1
49 235 1
49 242 -1
49 243 1
49 245 -1
50 56 1
50 58 -1
50 69 1
50 72 -1
50 79 1
50 87 1
50 88 -1
50 98 1
50 100 1
50 105 -1
50 113 -1
50 115 1
50 119 -1
50 122 -1
50 125 -1
50 134 -1
50 140 1
50 141 -1
50 142 -1
50 160 1
50 172 1
50 173 -1
50 179 1
50 194 1
50 197 -1
50 205 1
50 209 1
50 221 1
50 222 -1
50 223 -1
50 235 1
50 243 1
51 57 -1
51 58 1
51 60 1
51 67 -1
51 71 -1
51 74 1
51 76 1
51 80 1
51 88 -1
51 94 -1
51 101 1
51 103 -1
51 111 1
51 123 1
51 128 1
51 136 1
51 140 -1
51 148 -1
51 151 -1
51 157 -1
51 171 1
51 173 1
51 174 -1
51 183 1
51 188 -1
51 189 1
51 190 1
51 198 1
51 212 1
51 213 -1
51 217 1
51 218 1
51 221 -1
51 228 -1
52 54 1
52 57 1
52 63 -1
52 72 -1
52 73 1
52 75 1
52 78 -1
52 83 1
52 84 1
52 85 -1
52 86 1
52 94 1
52 102 1
52 103 1
52 113 1
52 120 1
52 138 1
52 142 1
52 146 1
52 147 1
52 149 -1
52 150 1
52 151 1
52 163 1
52 165 -1
52 169 1
52 170 1
52 174 -1
52 175 1
52 177 -1
52 180 -1
52 184 1
52 185 1
52 198 -1
52 204 -1
52 218 -1
52 219 -1
52 224 1
52 234 1
52 239 1
53 66 -1
53 71 1
53 77 -1
53 82 1
53 83 -1
53 87 -1
53 95 1
53 97 -1
53 107 -1
53 119 1
53 126 1
53 131 -1
53 133 -1
53 139 -1
53 141 -1
53 145 1
53 152 1
53 154 1
53 190 -1
53 191 -1
53 192 -1
53 193 1
53 194 -1
53 199 1
53 203 1
53 204 1
53 206 1
53 208 -1
53 209 -1
53 214 1
53 220 1
53 222 1
53 228 1
53 236 1
53 239 -1
53 240 1
53 244 1
53 245 -1
53 248 -1
54 56 -1
54 73 1
54 76 -1
54 82 -1
54 83 1
54 84 1
54 86 1
54 88 -1
54 93 -1
54 109 -1
54 113 1
54 115 -1
54 120 1
54 121 -1
54 129 1
54 133 -1
54 134 1
54 135 1
54 137 -1
54 141 1
54 142 1
54 143 1
54 146 1
54 147 1
54 148 -1
54 150 -1
54 159 -1
54 166 -1
54 169 -1
54 175 1
54 177 -1
54 181 1
54 184 1
54 191 -1
54 203 -1
54 205 -1
54 207 1
54 215 1
54 222 -1
54 226 1
54 229 -1
54 230 -1
54 234 1
54 236 -1
54 239 1
54 242 1
54 247 1
54 249 1
54 250 1
55 64 -1
55 70 1
55 71 -1
55 72 1
55 77 1
55 85 1
55 88 -1
55 97 -1
55 106 -1
55 110 -1
55 111 -1
55 122 1
55 126 1
55 132 1
55 138 -1
55 140 -1
55 146 -1
55 147 -1
55 151 -1
55 152 1
55 159 1
55 161 1
55 164 -1
55 167 1
55 169 -1
55 171 -1
55 176 1
55 180 -1
55 182 1
55 189 -1
55 191 -1
55 195 -1
55 201 1
55 202 1
55 204 1
55 214 -1
55 215 -1
55 222 -1
55 223 1
55 224 -1
55 228 1
55 230 -1
55 231 1
55 233 -1
55 234 -1
55 237 -1
55 239 -1
55 241 -1
55 245 -1
56 64 -1
56 69 1
56 79 1
56 82 -1
56 84 -1
56 87 1
56 98 1
56 100 1
56 103 -1
56 107 -1
56 111 -1
56 113 -1
56 115 1
56 117 1
56 124 -1
56 140 1
56 158 -1
56 160 1
56 161 -1
56 165 -1
56 172 1
56 177 -1
56 179 1
56 194 1
56 205 1
56 209 1
56 210 -1
56 211 -1
56 221 1
56 235 1
56 243 1
56 244 -1
56 246 -1
56 249 -1
57 58 -1
57 59 -1
57 75 1
57 83 1
57 84 1
57 85 -1
57 86 1
57 94 1
57 95 -1
57 96 -1
57 102 1
57 103 1
57 104 -1
57 113 1
57 127 1
57 130 -1
57 136 -1
57 138 1
57 142 1
57 146 1
57 150 1
57 151 1
57 159 -1
57 163 1
57 169 1
57 170 1
57 175 1
57 177 1
57 184 1
57 185 1
57 199 -1
57 204 -1
57 208 1
57 224 1
57 227 1
57 239 1
57 240 -1
57 241 -1
58 60 1
58 62 -1
58 67 -1
58 74 1
58 78 -1
58 79 1
58 82 -1
58 88 -1
58 108 -1
58 115 -1
58 117 1
58 118 -1
58 123 1
58 126 -1
58 128 1
58 137 -1
58 138 -1
58 147 -1
58 158 -1
58 160 1
58 168 -1
58 171 1
58 172 1
58 174 -1
58 192 1
58 196 -1
58 198 1
58 201 -1
58 212 1
58 223 -1
58 235 1
58 236 -1
58 243 -1
58 244 -1
58 246 -1
59 64 -1
59 67 1
59 70 -1
59 76 -1
59 78 1
59 79 -1
59 81 1
59 85 -1
59 88 1
59 89 -1
59 93 1
59 97 1
59 99 1
59 103 -1
59 108 -1
59 116 1
59 118 1
59 124 -1
59 127 -1
59 137 -1
59 139 1
59 155 1
59 156 1
59 158 1
59 168 1
59 186 1
59 191 1
59 196 1
59 197 1
59 200 1
59 206 -1
59 209 -1
59 211 1
59 217 -1
59 219 -1
59 226 -1
59 227 -1
59 232 -1
59 233 1
59 237 1
59 238 1
59 239 -1
59 241 1
60 61 -1
60 62 -1
60 66 -1
60 74 1
60 76 1
60 80 1
60 98 -1
60 101 1
60 111 1
60 118 -1
60 123 1
60 125 -1
60 126 -1
60 128 1
60 136 1
60 139 -1
60 142 -1
60 161 -1
60 171 1
60 176 -1
60 183 1
60 185 -1
60 189 1
60 190 1
60 198 1
60 201 -1
60 206 -1
60 211 -1
60 212 1
60 214 -1
60 217 1
60 218 1
60 234 -1
60 238 -1
60 247 -1
61 68 -1
61 79 -1
61 82 -1
61 84 -1
61 89 1
61 97 1
61 106 -1
61 109 1
61 114 -1
61 115 -1
61 116 1
61 119 -1
61 124 1
61 127 -1
61 128 -1
61 130 -1
61 132 -1
61 133 1
61 134 1
61 135 1
61 139 1
61 141 -1
61 146 -1
61 149 -1
61 168 1
61 187 1
61 196 1
61 197 1
61 200 1
61 202 -1
61 217 -1
61 218 -1
61 224 -1
61 226 1
61 229 1
61 231 -1
61 232 1
61 237 1
61 238 1
61 241 1
61 247 1
61 248 -1
61 249 1
61 250 1
62 63 -1
62 65 1
62 68 1
62 70 1
62 85 1
62 91 -1
62 96 -1
62 108 1
62 112 1
62 119 -1
62 121 1
62 122 -1
62 132 1
62 141 -1
62 153 1
62 157 -1
62 159 1
62 161 1
62 164 1
62 167 1
62 169 -1
62 173 -1
62 174 -1
62 182 1
62 184 -1
62 185 -1
62 190 -1
62 195 1
62 201 -1
62 202 1
62 210 1
62 213 1
62 216 1
62 219 -1
62 225 1
62 230 1
62 234 -1
62 237 -1
62 245 1
62 246 1
63 80 1
63 94 1
63 101 1
63 109 -1
63 111 1
63 122 -1
63 127 1
63 136 1
63 138 1
63 146 -1
63 148 -1
63 151 1
63 156 -1
63 157 1
63 163 -1
63 169 1
63 173 1
63 177 1
63 180 1
63 183 1
63 185 1
63 189 1
63 190 1
63 193 -1
63 194 -1
63 200 -1
63 202 -1
63 208 1
63 213 -1
63 214 -1
63 218 1
63 227 1
63 234 -1
63 245 -1
63 246 -1
63 250 -1
64 66 1
64 69 -1
64 72 -1
64 82 -1
64 87 -1
64 88 -1
64 90 1
64 91 1
64 96 1
64 100 -1
64 105 -1
64 106 -1
64 107 1
64 110 1
64 126 -1
64 131 1
64 133 -1
64 139 -1
64 148 1
64 149 1
64 157 -1
64 162 1
64 165 1
64 166 1
64 176 -1
64 178 1
64 184 -1
64 189 -1
64 191 1
64 201 -1
64 203 -1
64 204 -1
64 213 -1
64 219 1
64 227 -1
64 236 -1
64 237 -1
64 240 -1
64 248 -1
65 68 1
65 70 1
65 79 -1
65 81 -1
65 85 1
65 95 -1
65 97 -1
65 99 -1
65 103 -1
65 108 1
65 111 -1
65 112 1
65 114 -1
65 122 1
65 125 -1
65 132 1
65 143 -1
65 153 1
65 154 -1
65 158 -1
65 159 1
65 161 1
65 167 1
65 175 -1
65 176 1
65 182 1
65 195 1
65 197 -1
65 201 1
65 202 1
65 203 -1
65 206 -1
65 210 1
65 213 1
65 216 1
65 221 -1
65 225 1
65 230 1
65 233 -1
65 245 1
65 246 1
66 67 1
66 79 -1
66 84 -1
66 90 1
66 91 1
66 94 -1
66 96 1
66 106 -1
66 107 1
66 110 1
66 116 -1
66 117 -1
66 118 -1
66 124 -1
66 148 1
66 150 -1
66 156 1
66 158 1
66 162 1
66 165 1
66 166 1
66 167 -1
66 168 -1
66 171 -1
66 178 1
66 186 1
66 191 1
66 192 -1
66 200 -1
66 205 -1
66 208 -1
66 213 -1
66 214 -1
66 219 1
66 227 -1
66 240 -1
66 247 -1
67 78 1
67 81 1
67 88 1
67 90 1
67 91 1
67 93 1
67 96 1
67 97 1
67 99 1
67 103 -1
67 105 -1
67 110 1
67 118 1
67 129 -1
67 131 -1
67 137 -1
67 155 1
67 156 1
67 158 1
67 161 -1
67 166 1
67 174 -1
67 182 -1
67 186 1
67 189 -1
67 191 1
67 193 -1
67 197 -1
67 203 -1
67 206 -1
67 211 1
67 213 -1
67 224 -1
67 228 -1
67 232 -1
67 233 1
67 241 1
67 245 -1
67 248 -1
68 70 1
68 85 1
68 97 -1
68 105 -1
68 108 1
68 112 1
68 121 1
68 124 -1
68 125 -1
68 132 1
68 133 -1
68 138 -1
68 153 1
68 154 -1
68 155 -1
68 159 1
68 161 1
68 164 1
68 167 1
68 177 -1
68 182 1
68 195 1
68 198 -1
68 202 1
68 206 -1
68 210 1
68 211 -1
68 212 -1
68 213 1
68 214 -1
68 216 1
68 223 -1
68 225 1
68 230 1
68 236 -1
68 239 -1
68 245 1
68 246 1
68 250 -1
69 70 -1
69 72 -1
69 75 -1
69 77 -1
69 79 1
69 87 1
69 92 -1
69 93 -1
69 95 -1
69 98 1
69 100 1
69 108 -1
69 109 -1
69 115 1
69 117 1
69 121 -1
69 140 1
69 146 -1
69 160 1
69 171 -1
69 172 1
69 179 1
69 189 -1
69 192 1
69 194 1
69 195 -1
69 200 -1
69 205 1
69 209 1
69 210 -1
69 213 -1
69 215 -1
69 221 1
69 222 -1
69 225 -1
69 231 -1
69 235 1
69 237 -1
69 243 1
69 248 -1
70 84 -1
70 85 1
70 108 1
70 109 -1
70 110 -1
70 122 1
70 128 -1
70 132 1
70 134 -1
70 135 -1
70 149 -1
70 155 -1
70 159 1
70 161 1
70 167 1
70 175 -1
70 176 1
70 179 -1
70 182 1
70 184 -1
70 195 1
70 201 1
70 202 1
70 203 -1
70 207 -1
70 210 1
70 213 1
70 216 1
70 218 -1
70 219 -1
70 225 -1
70 228 -1
70 229 -1
70 230 1
70 231 1
70 232 -1
70 245 1
70 246 1
71 73 -1
71 76 -1
71 82 1
71 95 1
71 98 -1
71 101 -1
71 105 -1
71 119 1
71 123 -1
71 126 1
71 132 -1
71 133 -1
71 138 -1
71 145 1
71 147 -1
71 152 1
71 154 1
71 157 -1
71 172 -1
71 174 -1
71 188 -1
71 190 -1
71 193 1
71 198 -1
71 199 1
71 204 1
71 206 1
71 209 -1
71 214 1
71 218 -1
71 220 1
71 221 -1
71 226 -1
71 227 -1
71 228 1
71 236 1
71 240 1
71 244 1
72 77 1
72 85 1
72 90 -1
72 91 -1
72 95 -1
72 117 -1
72 119 -1
72 122 1
72 124 -1
72 126 1
72 138 -1
72 142 -1
72 147 -1
72 152 1
72 154 1
72 161 1
72 163 -1
72 176 1
72 182 1
72 184 -1
72 199 1
72 201 1
72 202 1
72 204 1
72 212 -1
72 214 -1
72 219 -1
72 222 -1
72 223 1
72 228 1
72 231 1
72 244 1
73 75 -1
73 83 1
73 84 1
73 86 1
73 96 -1
73 97 -1
73 102 1
73 104 -1
73 113 1
73 120 1
73 122 -1
73 129 1
73 134 1
73 135 1
73 141 1
73 142 1
73 143 1
73 146 1
73 147 1
73 150 1
73 156 -1
73 163 1
73 170 1
73 175 1
73 181 1
73 183 -1
73 184 1
73 186 -1
73 188 -1
73 191 -1
73 196 -1
73 202 -1
73 207 1
73 211 -1
73 215 1
73 222 -1
73 224 1
73 226 1
73 234 1
73 235 -1
73 239 1
73 241 -1
73 242 1
73 249 1
73 250 1
74 79 1
74 99 -1
74 109 -1
74 117 1
74 123 1
74 128 1
74 139 -1
74 143 -1
74 145 -1
74 154 -1
74 160 1
74 171 1
74 172 1
74 173 -1
74 178 -1
74 182 -1
74 192 1
74 194 -1
74 197 -1
74 198 1
74 212 1
74 217 -1
74 231 -1
74 235 1
74 241 -1
74 244 -1
74 250 -1
75 83 1
75 84 1
75 85 -1
75 86 1
75 94 1
75 102 1
75 103 1
75 113 1
75 127 1
75 134 -1
75 135 -1
75 138 1
75 140 -1
75 142 1
75 146 1
75 150 1
75 151 1
75 153 -1
75 160 -1
75 163 1
75 167 -1
75 168 -1
75 169 1
75 170 1
75 171 -1
75 175 1
75 177 1
75 184 1
75 185 1
75 193 -1
75 202 -1
75 208 1
75 215 -1
75 224 1
75 227 1
75 239 1
76 80 1
76 83 -1
76 87 -1
76 96 -1
76 101 1
76 105 -1
76 107 -1
76 109 -1
76 111 1
76 115 -1
76 119 -1
76 123 1
76 124 -1
76 125 -1
76 128 -1
76 130 -1
76 136 1
76 143 -1
76 144 -1
76 154 -1
76 164 -1
76 171 1
76 173 1
76 178 -1
76 180 1
76 183 1
76 189 1
76 190 1
76 192 -1
76 198 1
76 203 -1
76 217 1
76 218 1
76 219 -1
76 222 -1
76 223 -1
76 241 -1
77 79 -1
77 87 -1
77 93 -1
77 95 1
77 96 -1
77 111 -1
77 116 -1
77 119 -1
77 121 -1
77 122 1
77 126 1
77 129 -1
77 135 -1
77 136 -1
77 150 -1
77 152 1
77 154 1
77 156 -1
77 165 -1
77 168 -1
77 176 1
77 183 -1
77 187 -1
77 191 -1
77 193 1
77 199 1
77 201 1
77 202 -1
77 204 1
77 205 -1
77 215 -1
77 223 1
77 228 1
77 231 1
77 240 1
77 244 1
77 249 -1
78 81 1
78 88 1
78 90 1
78 91 1
78 93 1
78 96 1
78 97 1
78 99 1
78 100 -1
78 110 1
78 112 -1
78 118 1
78 140 -1
78 141 -1
78 143 -1
78 151 -1
78 153 -1
78 155 1
78 156 1
78 158 1
78 166 1
78 167 -1
78 168 1
78 186 1
78 188 -1
78 191 1
78 193 -1
78 197 1
78 200 -1
78 207 -1
78 211 1
78 221 -1
78 227 -1
78 233 1
78 241 1
78 242 -1
78 243 -1
78 250 -1
79 87 1
79 90 -1
79 98 1
79 100 1
79 107 -1
79 109 -1
79 110 -1
79 114 -1
79 115 1
79 117 1
79 122 -1
79 124 -1
79 128 1
79 130 -1
79 134 -1
79 140 1
79 155 -1
79 160 1
79 161 -1
79 169 -1
79 170 -1
79 172 1
79 174 -1
79 175 -1
79 179 1
79 180 -1
79 192 1
79 194 1
79 205 1
79 209 1
79 212 1
79 221 1
79 226 -1
79 229 -1
79 232 -1
79 235 1
79 238 -1
79 243 1
79 246 -1
80 100 -1
80 101 1
80 111 1
80 123 -1
80 127 1
80 130 -1
80 136 1
80 141 -1
80 145 -1
80 157 1
80 168 -1
80 172 -1
80 173 1
80 177 1
80 180 1
80 183 1
80 189 1
80 190 1
80 194 -1
80 198 -1
80 208 1
80 210 -1
80 217 1
80 218 1
80 221 -1
80 225 -1
80 227 1
80 233 -1
81 87 -1
81 88 1
81 92 -1
81 93 1
81 95 -1
81 97 1
81 99 1
81 102 -1
81 105 -1
81 107 -1
81 116 1
81 118 1
81 122 -1
81 127 -1
81 132 -1
81 137 -1
81 139 1
81 151 -1
81 155 1
81 156 1
81 158 1
81 162 -1
81 168 1
81 185 -1
81 186 1
81 189 -1
81 191 1
81 196 1
81 197 1
81 200 1
81 208 -1
81 211 1
81 214 -1
81 218 -1
81 222 -1
81 223 -1
81 233 1
81 237 1
81 238 1
81 241 1
81 245 -1
81 249 -1
82 83 -1
82 92 1
82 95 1
82 104 1
82 105 1
82 113 -1
82 119 1
82 123 -1
82 128 -1
82 130 1
82 140 -1
82 144 1
82 145 1
82 148 -1
82 152 -1
82 163 -1
82 181 -1
82 186 -1
82 187 -1
82 193 1
82 194 -1
82 196 -1
82 201 -1
82 203 1
82 206 1
82 210 -1
82 214 1
82 215 -1
82 220 1
82 222 1
82 230 -1
82 236 1
82 247 -1
82 248 1
83 84 1
83 85 -1
83 86 1
83 92 -1
83 102 1
83 103 1
83 111 -1
83 113 1
83 120 1
83 121 -1
83 134 -1
83 142 1
83 143 1
83 146 1
83 147 1
83 150 1
83 151 1
83 154 -1
83 155 -1
83 163 1
83 166 -1
83 170 1
83 175 1
83 177 -1
83 183 -1
83 184 1
83 185 1
83 187 -1
83 194 -1
83 202 -1
83 207 -1
83 211 -1
83 215 1
83 216 -1
83 224 1
83 234 1
83 239 1
83 243 -1
83 247 -1
84 86 1
84 87 -1
84 88 -1
84 89 -1
84 92 -1
84 95 -1
84 97 -1
84 98 -1
84 102 1
84 105 -1
84 113 1
84 116 -1
84 120 1
84 124 -1
84 126 -1
84 129 1
84 131 -1
84 135 1
84 138 -1
84 141 1
84 142 1
84 143 1
84 146 1
84 147 1
84 150 1
84 161 -1
84 163 1
84 170 1
84 175 1
84 177 -1
84 181 1
84 183 -1
84 184 1
84 185 -1
84 196 -1
84 207 1
84 210 -1
84 212 -1
84 215 1
84 224 1
84 229 -1
84 232 -1
84 234 1
84 239 1
84 242 1
84 246 -1
84 249 1
84 250 -1
85 86 -1
85 95 -1
85 101 -1
85 102 -1
85 104 -1
85 108 1
85 111 -1
85 121 -1
85 122 1
85 132 1
85 137 -1
85 149 -1
85 159 1
85 161 1
85 167 1
85 176 1
85 182 1
85 189 -1
85 201 1
85 202 1
85 210 1
85 213 1
85 216 1
85 217 -1
85 223 1
85 230 1
85 231 1
85 234 -1
85 237 -1
85 245 1
85 249 -1
85 250 -1
86 90 -1
86 102 1
86 103 1
86 109 -1
86 111 -1
86 113 1
86 120 1
86 123 -1
86 129 1
86 141 -1
86 142 1
86 143 1
86 146 1
86 147 1
86 150 1
86 163 1
86 170 1
86 175 1
86 177 -1
86 179 -1
86 182 -1
86 184 1
86 186 -1
86 194 -1
86 198 -1
86 207 1
86 211 -1
86 215 1
86 224 1
86 225 -1
86 229 -1
86 234 1
86 239 1
86 242 1
86 249 -1
87 98 1
87 100 1
87 101 -1
87 104 -1
87 110 -1
87 113 -1
87 115 1
87 117 1
87 126 -1
87 140 1
87 146 -1
87 152 -1
87 160 1
87 161 -1
87 165 -1
87 172 1
87 173 -1
87 177 -1
87 179 1
87 180 -1
87 183 -1
87 184 -1
87 188 -1
87 192 1
87 194 1
87 202 -1
87 205 1
87 208 -1
87 209 1
87 217 -1
87 219 -1
87 221 1
87 222 -1
87 235 1
87 236 -1
87 243 1
87 249 -1
88 93 1
88 97 1
88 99 1
88 106 -1
88 113 -1
88 115 -1
88 116 1
88 118 1
88 119 -1
88 125 -1
88 139 1
88 143 -1
88 145 -1
88 155 1
88 156 1
88 158 1
88 164 -1
88 168 1
88 186 1
88 191 1
88 196 1
88 197 1
88 198 -1
88 200 1
88 201 -1
88 208 -1
88 211 1
88 219 -1
88 225 -1
88 233 1
88 234 -1
88 237 1
88 238 1
88 241 1
88 248 -1
89 90 -1
89 97 1
89 99 -1
89 102 -1
89 109 1
89 110 -1
89 112 -1
89 116 1
89 124 1
89 133 1
89 134 1
89 135 1
89 139 1
89 141 1
89 168 1
89 172 -1
89 187 1
89 189 -1
89 192 -1
89 193 -1
89 196 1
89 197 1
89 200 1
89 201 -1
89 212 -1
89 220 -1
89 226 1
89 228 -1
89 229 1
89 231 -1
89 232 1
89 237 1
89 238 1
89 241 1
89 247 1
89 249 1
89 250 1
90 91 1
90 93 1
90 96 1
90 99 1
90 110 1
90 118 1
90 134 -1
90 139 -1
90 140 -1
90 148 1
90 155 1
90 156 1
90 158 1
90 162 -1
90 165 1
90 166 1
90 170 -1
90 182 -1
90 186 1
90 190 -1
90 191 1
90 201 -1
90 202 -1
90 206 -1
90 211 1
90 213 -1
90 219 1
90 230 -1
90 233 1
90 235 -1
91 93 1
91 96 1
91 97 -1
91 106 -1
91 107 1
91 110 1
91 112 -1
91 113 -1
91 121 -1
91 137 -1
91 143 -1
91 148 1
91 155 1
91 156 1
91 158 1
91 160 -1
91 162 1
91 165 1
91 166 1
91 181 -1
91 186 1
91 190 -1
91 191 1
91 201 -1
91 209 -1
91 211 1
91 217 -1
91 219 1
91 229 -1
91 233 1
91 236 -1
91 245 -1
91 246 -1
91 249 -1
92 98 -1
92 104 1
92 105 1
92 107 -1
92 111 -1
92 114 -1
92 122 -1
92 130 1
92 132 -1
92 135 -1
92 139 -1
92 144 1
92 146 -1
92 147 -1
92 149 -1
92 155 -1
92 161 -1
92 164 -1
92 165 -1
92 187 -1
92 188 -1
92 203 1
92 206 1
92 208 -1
92 212 -1
92 214 1
92 219 -1
92 220 -1
92 222 1
92 224 -1
92 229 -1
92 230 -1
92 236 -1
92 241 -1
92 245 -1
92 248 1
92 250 -1
93 94 -1
93 96 1
93 97 1
93 99 1
93 100 -1
93 108 -1
93 109 -1
93 110 1
93 118 1
93 133 -1
93 141 -1
93 150 -1
93 155 1
93 156 1
93 158 1
93 166 1
93 170 -1
93 178 -1
93 186 1
93 191 1
93 199 -1
93 211 1
93 217 -1
93 233 1
93 234 -1
93 235 -1
93 238 -1
93 241 1
93 246 -1
94 102 1
94 103 1
94 113 1
94 120 -1
94 127 1
94 128 -1
94 131 -1
94 138 1
94 140 -1
94 150 1
94 151 1
94 152 -1
94 157 1
94 161 -1
94 163 1
94 168 -1
94 169 1
94 170 1
94 172 -1
94 177 1
94 179 -1
94 180 1
94 183 -1
94 184 -1
94 185 1
94 188 -1
94 191 -1
94 194 -1
94 196 -1
94 199 -1
94 205 -1
94 208 1
94 211 -1
94 217 -1
94 218 -1
94 224 1
94 226 -1
94 227 1
94 229 -1
94 239 1
95 101 -1
95 107 -1
95 112 -1
95 119 1
95 120 -1
95 121 -1
95 126 1
95 134 -1
95 138 -1
95 144 -1
95 145 1
95 147 -1
95 152 1
95 154 1
95 172 -1
95 179 -1
95 182 -1
95 193 1
95 199 1
95 204 1
95 206 1
95 214 1
95 220 1
95 224 -1
95 228 1
95 236 1
95 237 -1
95 240 1
95 244 1
96 107 1
96 110 1
96 118 1
96 135 -1
96 148 1
96 152 -1
96 155 1
96 156 1
96 158 1
96 162 1
96 165 1
96 166 1
96 168 -1
96 174 -1
96 177 -1
96 186 1
96 191 1
96 192 -1
96 193 -1
96 207 -1
96 208 -1
96 211 1
96 219 1
96 233 1
96 235 -1
97 99 1
97 114 -1
97 116 1
97 118 1
97 130 -1
97 134 -1
97 137 -1
97 139 1
97 153 -1
97 155 1
97 156 1
97 160 -1
97 164 -1
97 168 1
97 172 -1
97 186 1
97 194 -1
97 196 1
97 197 1
97 200 1
97 211 1
97 213 -1
97 214 -1
97 216 -1
97 228 -1
97 229 1
97 233 1
97 237 1
97 238 1
97 241 1
97 245 -1
97 249 -1
98 100 1
98 115 1
98 117 1
98 128 -1
98 140 1
98 141 -1
98 145 -1
98 155 -1
98 157 -1
98 160 1
98 161 -1
98 164 -1
98 171 -1
98 172 1
98 175 -1
98 179 1
98 188 -1
98 192 1
98 194 1
98 204 -1
98 205 1
98 206 -1
98 209 1
98 220 -1
98 221 1
98 235 1
98 243 1
99 108 -1
99 110 1
99 116 1
99 118 1
99 121 -1
99 122 -1
99 124 -1
99 127 -1
99 131 -1
99 140 -1
99 155 1
99 156 1
99 158 1
99 165 -1
99 166 1
99 168 1
99 183 -1
99 186 1
99 191 1
99 197 1
99 207 -1
99 208 -1
99 211 1
99 213 -1
99 219 -1
99 223 -1
99 224 -1
99 233 1
99 238 1
99 240 -1
99 241 1
99 250 -1
100 115 1
100 117 1
100 121 -1
100 126 -1
100 140 1
100 151 -1
100 160 1
100 172 1
100 173 -1
100 174 -1
100 177 -1
100 179 1
100 187 -1
100 192 1
100 194 1
100 196 -1
100 201 -1
100 205 1
100 209 1
100 214 -1
100 221 1
100 228 -1
100 235 1
100 240 -1
100 243 1
100 244 -1
101 111 1
101 129 -1
101 136 1
101 141 -1
101 148 -1
101 150 -1
101 157 1
101 167 -1
101 169 -1
101 171 -1
101 173 1
101 177 1
101 180 1
101 183 1
101 184 -1
101 189 1
101 190 1
101 192 -1
101 200 -1
101 208 1
101 217 1
101 218 1
101 225 -1
101 226 -1
101 227 1
102 103 1
102 108 -1
102 109 -1
102 113 1
102 114 -1
102 127 1
102 138 1
102 142 1
102 146 1
102 147 1
102 150 1
102 151 1
102 163 1
102 167 -1
102 169 1
102 170 1
102 171 -1
102 175 1
102 184 1
102 185 1
102 199 -1
102 204 -1
102 205 -1
102 217 -1
102 222 -1
102 224 1
102 225 -1
102 227 -1
102 239 1
102 244 -1
103 113 1
103 122 -1
103 124 -1
103 127 1
103 137 -1
103 138 1
103 147 -1
103 148 -1
103 150 1
103 151 1
103 153 -1
103 156 -1
103 157 1
103 163 1
103 169 1
103 170 1
103 171 -1
103 175 1
103 177 1
103 181 -1
103 185 1
103 187 -1
103 194 -1
103 203 -1
103 207 -1
103 208 1
103 217 -1
103 221 -1
103 222 -1
103 224 1
103 227 1
103 239 1
103 243 -1
104 105 1
104 130 1
104 140 -1
104 144 1
104 157 -1
104 160 -1
104 167 -1
104 169 -1
104 180 -1
104 191 -1
104 202 -1
104 203 1
104 206 1
104 214 1
104 222 1
104 229 -1
104 236 1
104 245 -1
104 246 -1
104 248 1
105 110 -1
105 112 -1
105 115 -1
105 127 -1
105 130 1
105 134 -1
105 139 -1
105 144 1
105 145 -1
105 146 -1
105 157 -1
105 165 -1
105 168 -1
105 186 -1
105 194 -1
105 203 1
105 206 1
105 207 -1
105 209 -1
105 214 1
105 219 -1
105 222 1
105 225 -1
105 236 1
105 242 -1
105 245 -1
105 246 -1
105 248 1
106 107 1
106 114 1
106 121 1
106 124 -1
106 125 1
106 129 -1
106 131 1
106 135 -1
106 137 1
106 149 1
106 151 -1
106 152 -1
106 162 1
106 164 1
106 174 1
106 178 1
106 180 -1
106 185 -1
106 188 1
106 202 -1
106 209 -1
106 219 1
106 234 -1
106 247 -1
107 112 -1
107 114 1
107 125 1
107 131 1
107 137 1
107 139 -1
107 140 -1
107 146 -1
107 148 1
107 149 1
107 156 -1
107 162 1
107 163 -1
107 165 1
107 167 -1
107 168 -1
107 172 -1
107 174 1
107 178 1
107 186 -1
107 187 -1
107 188 1
107 195 -1
107 200 -1
107 204 -1
107 214 -1
107 219 1
107 223 -1
107 232 -1
107 234 -1
107 236 -1
107 239 -1
107 247 -1
108 112 1
108 118 -1
108 121 1
108 127 -1
108 129 -1
108 132 1
108 151 -1
108 152 -1
108 153 1
108 159 1
108 163 -1
108 164 1
108 167 1
108 170 -1
108 174 -1
108 180 -1
108 186 -1
108 195 1
108 202 1
108 210 1
108 213 1
108 216 1
108 225 1
108 230 1
108 232 -1
108 243 -1
108 245 1
108 246 1
108 250 -1
109 114 -1
109 120 1
109 124 1
109 129 1
109 133 1
109 134 1
109 135 1
109 139 1
109 141 1
109 143 1
109 165 -1
109 181 1
109 182 -1
109 186 -1
109 187 1
109 200 1
109 203 -1
109 206 -1
109 207 1
109 211 -1
109 215 1
109 226 1
109 229 1
109 231 -1
109 232 1
109 234 1
109 237 1
109 242 1
109 247 1
109 249 1
109 250 1
110 118 1
110 132 -1
110 134 -1
110 148 1
110 155 1
110 156 1
110 158 1
110 160 -1
110 165 1
110 166 1
110 172 -1
110 181 -1
110 186 1
110 191 1
110 194 -1
110 203 -1
110 211 1
110 233 1
110 241 -1
110 242 -1
110 243 -1
110 244 -1
111 114 -1
111 123 1
111 136 1
111 137 -1
111 149 -1
111 157 1
111 162 -1
111 173 1
111 177 1
111 180 1
111 183 1
111 189 1
111 190 1
111 194 -1
111 198 1
111 200 -1
111 201 -1
111 202 -1
111 217 1
111 218 1
111 225 -1
111 227 1
111 228 -1
111 232 -1
111 236 -1
112 113 -1
112 114 1
112 115 -1
112 121 1
112 130 -1
112 132 -1
112 134 -1
112 135 -1
112 140 -1
112 142 -1
112 153 1
112 164 1
112 170 -1
112 174 1
112 188 1
112 189 -1
112 195 1
112 210 1
112 213 1
112 216 1
112 218 -1
112 225 1
112 226 -1
112 228 -1
112 230 1
112 239 -1
112 245 1
112 246 1
113 119 -1
113 120 1
113 127 -1
113 138 1
113 142 1
113 146 1
113 147 1
113 149 -1
113 150 1
113 151 1
113 160 -1
113 162 -1
113 163 1
113 166 -1
113 169 1
113 170 1
113 175 1
113 180 -1
113 184 1
113 185 1
113 196 -1
113 207 -1
113 212 -1
113 224 1
113 234 1
113 239 1
113 244 -1
114 120 -1
114 121 1
114 125 1
114 129 -1
114 131 1
114 137 1
114 141 -1
114 149 1
114 160 -1
114 162 1
114 163 -1
114 164 1
114 165 -1
114 169 -1
114 174 1
114 178 1
114 188 1
114 193 -1
114 219 1
114 222 -1
114 225 1
114 233 -1
114 234 -1
114 244 -1
115 125 -1
115 126 -1
115 131 -1
115 140 1
115 148 -1
115 149 -1
115 157 -1
115 160 1
115 168 -1
115 169 -1
115 170 -1
115 172 1
115 178 -1
115 179 1
115 191 -1
115 194 1
115 203 -1
115 204 -1
115 205 1
115 207 -1
115 209 1
115 216 -1
115 221 1
115 226 -1
115 228 -1
115 235 1
115 241 -1
115 243 1
116 121 -1
116 124 1
116 130 -1
116 133 1
116 139 1
116 140 -1
116 145 -1
116 152 -1
116 161 -1
116 164 -1
116 165 -1
116 168 1
116 178 -1
116 187 1
116 196 1
116 197 1
116 200 1
116 201 -1
116 204 -1
116 222 -1
116 229 1
116 232 1
116 237 1
116 238 1
116 241 1
117 120 -1
117 123 1
117 128 1
117 130 -1
117 133 -1
117 140 1
117 144 -1
117 159 -1
117 160 1
117 171 1
117 172 1
117 177 -1
117 183 -1
117 185 -1
117 192 1
117 211 -1
117 212 1
117 221 1
117 227 -1
117 235 1
117 237 -1
117 242 -1
117 243 1
117 244 -1
117 245 -1
118 122 -1
118 129 -1
118 133 -1
118 146 -1
118 150 -1
118 155 1
118 156 1
118 158 1
118 166 1
118 168 1
118 182 -1
118 186 1
118 191 1
118 193 -1
118 197 1
118 211 1
118 213 -1
118 214 -1
118 230 -1
118 233 1
118 235 -1
118 241 1
118 242 -1
118 250 -1
119 121 -1
119 122 -1
119 126 1
119 142 -1
119 145 1
119 152 1
119 153 -1
119 154 1
119 157 -1
119 166 -1
119 193 1
119 196 -1
119 199 1
119 204 1
119 206 1
119 214 1
119 219 -1
119 220 1
119 222 -1
119 228 1
119 232 -1
119 236 1
119 240 1
119 244 1
120 126 -1
120 129 1
120 134 1
120 135 1
120 141 1
120 142 1
120 143 1
120 146 1
120 147 1
120 166 -1
120 169 -1
120 175 1
120 181 1
120 182 -1
120 184 1
120 206 -1
120 207 1
120 211 -1
120 215 1
120 217 -1
120 219 -1
120 226 1
120 228 -1
120 234 1
120 236 -1
120 238 -1
120 239 1
120 242 1
120 247 1
120 249 1
120 250 1
121 133 -1
121 153 1
121 156 -1
121 164 1
121 171 -1
121 174 1
121 176 -1
121 180 -1
121 181 -1
121 188 1
121 190 -1
121 192 -1
121 195 1
121 199 -1
121 207 -1
121 210 1
121 211 -1
121 212 -1
121 216 1
121 219 -1
121 225 1
121 228 -1
121 230 1
121 235 -1
121 242 -1
121 245 1
121 246 1
121 248 -1
122 125 -1
122 130 -1
122 132 1
122 138 -1
122 141 -1
122 146 -1
122 151 -1
122 152 1
122 159 1
122 161 1
122 167 1
122 173 -1
122 176 1
122 182 1
122 188 -1
122 191 -1
122 193 -1
122 200 -1
122 201 1
122 202 1
122 204 1
122 213 1
122 223 1
122 226 -1
122 228 1
122 231 1
122 241 -1
122 243 -1
123 127 -1
123 128 1
123 136 1
123 159 -1
123 169 -1
123 170 -1
123 171 1
123 183 1
123 186 -1
123 190 1
123 192 1
123 195 -1
123 198 1
123 208 -1
123 212 1
123 215 -1
123 217 1
123 218 1
123 234 -1
123 242 -1
124 129 1
124 133 1
124 134 1
124 135 1
124 139 1
124 141 1
124 152 -1
124 168 1
124 172 -1
124 181 1
124 187 1
124 196 1
124 197 1
124 200 1
124 202 -1
124 204 -1
124 207 1
124 215 1
124 218 -1
124 221 -1
124 226 1
124 228 -1
124 229 1
124 231 -1
124 232 1
124 237 1
124 238 1
124 242 1
124 246 -1
124 247 1
124 248 -1
124 249 1
124 250 1
125 131 1
125 132 -1
125 133 -1
125 137 1
125 149 1
125 155 -1
125 159 -1
125 162 1
125 166 -1
125 169 -1
125 171 -1
125 174 1
125 178 1
125 188 1
125 197 -1
125 200 -1
125 202 -1
125 207 -1
125 219 1
125 230 -1
125 231 -1
125 248 -1
125 250 -1
126 127 -1
126 140 -1
126 144 -1
126 145 1
126 152 1
126 153 -1
126 154 1
126 162 -1
126 166 -1
126 191 -1
126 193 1
126 194 -1
126 199 1
126 204 1
126 220 1
126 223 1
126 227 -1
126 228 1
126 231 1
126 232 -1
126 234 -1
126 236 1
126 239 -1
126 240 1
126 244 1
126 248 -1
127 134 -1
127 138 1
127 150 1
127 151 1
127 157 1
127 163 1
127 167 -1
127 169 1
127 170 1
127 171 -1
127 173 1
127 177 1
127 180 1
127 185 1
127 195 -1
127 198 -1
127 201 -1
127 204 -1
127 208 1
127 212 -1
127 216 -1
127 219 -1
127 224 1
127 226 -1
127 227 1
127 233 -1
128 140 -1
128 144 -1
128 154 -1
128 160 1
128 169 -1
128 171 1
128 172 1
128 179 -1
128 181 -1
128 192 1
128 198 1
128 207 -1
128 211 -1
128 212 1
128 219 -1
128 221 -1
128 235 1
128 239 -1
128 249 -1
129 133 1
129 134 1
129 135 1
129 141 1
129 142 1
129 143 1
129 146 1
129 147 1
129 153 -1
129 156 -1
129 171 -1
129 174 -1
129 175 1
129 181 1
129 184 1
129 186 -1
129 187 1
129 199 -1
129 207 1
129 215 1
129 226 1
129 229 1
129 232 1
129 234 1
129 240 -1
129 242 1
129 245 -1
129 247 1
129 249 1
129 250 1
130 144 1
130 155 -1
130 156 -1
130 159 -1
130 164 -1
130 170 -1
130 179 -1
130 183 -1
130 196 -1
130 199 -1
130 201 -1
130 203 1
130 204 -1
130 206 1
130 211 -1
130 212 -1
130 214 1
130 222 1
130 223 -1
130 230 -1
130 234 -1
130 240 -1
130 248 1
131 137 1
131 138 -1
131 143 -1
131 148 1
131 149 1
131 156 -1
131 159 -1
131 160 -1
131 162 1
131 171 -1
131 174 1
131 176 -1
131 177 -1
131 178 1
131 180 -1
131 182 -1
131 185 -1
131 188 1
131 199 -1
131 202 -1
131 217 -1
131 219 1
131 224 -1
131 228 -1
131 229 -1
131 231 -1
131 235 -1
131 237 -1
131 245 -1
132 135 -1
132 153 1
132 159 1
132 161 1
132 167 1
132 175 -1
132 176 1
132 182 1
132 183 -1
132 195 1
132 201 1
132 202 1
132 203 -1
132 205 -1
132 210 1
132 213 1
132 216 1
132 228 -1
132 230 1
132 238 -1
132 245 1
132 246 1
133 134 1
133 135 1
133 139 1
133 141 1
133 142 -1
133 143 1
133 152 -1
133 159 -1
133 180 -1
133 181 1
133 187 1
133 191 -1
133 195 -1
133 196 1
133 200 1
133 203 -1
133 207 1
133 210 -1
133 215 1
133 224 -1
133 226 1
133 229 1
133 230 -1
133 232 1
133 237 1
133 238 1
133 242 1
133 244 -1
133 247 1
133 249 1
133 250 1
134 135 1
134 141 1
134 143 1
134 144 -1
134 147 1
134 181 1
134 187 1
134 190 -1
134 205 -1
134 207 1
134 212 -1
134 215 1
134 216 -1
134 226 1
134 227 -1
134 229 1
134 232 1
134 234 1
134 236 -1
134 242 1
134 247 1
134 249 1
134 250 1
135 141 1
135 142 1
135 143 1
135 146 1
135 147 1
135 160 -1
135 179 -1
135 180 -1
135 181 1
135 184 1
135 187 1
135 188 -1
135 197 -1
135 202 -1
135 207 1
135 208 -1
135 211 -1
135 215 1
135 220 -1
135 221 -1
135 225 -1
135 226 1
135 229 1
135 232 1
135 234 1
135 237 -1
135 242 1
135 247 1
135 249 1
135 250 1
136 142 -1
136 143 -1
136 148 -1
136 157 -1
136 169 -1
136 171 1
136 172 -1
136 173 1
136 180 1
136 183 1
136 184 -1
136 188 -1
136 189 1
136 190 1
136 198 1
136 205 -1
136 208 -1
136 217 1
136 218 1
136 221 -1
136 230 -1
136 248 -1
137 138 -1
137 149 1
137 150 -1
137 154 -1
137 162 1
137 164 -1
137 167 -1
137 171 -1
137 174 1
137 178 1
137 179 -1
137 188 1
137 192 -1
137 209 -1
137 210 -1
137 219 1
137 225 -1
137 227 -1
137 244 -1
137 246 -1
137 249 -1
138 141 -1
138 150 1
138 151 1
138 154 -1
138 157 1
138 158 -1
138 162 -1
138 163 1
138 164 -1
138 169 1
138 170 1
138 171 -1
138 175 -1
138 177 1
138 178 -1
138 180 1
138 185 1
138 200 -1
138 205 -1
138 206 -1
138 208 1
138 224 1
138 227 1
138 232 -1
138 233 -1
138 237 -1
138 239 1
138 244 -1
139 143 -1
139 163 -1
139 168 1
139 183 -1
139 187 1
139 193 -1
139 196 1
139 197 1
139 200 1
139 215 -1
139 223 -1
139 224 -1
139 226 -1
139 229 1
139 231 -1
139 232 1
139 237 1
139 238 1
139 241 1
139 247 1
140 142 -1
140 145 -1
140 148 -1
140 160 1
140 165 -1
140 171 -1
140 172 1
140 179 1
140 181 -1
140 183 -1
140 185 -1
140 192 1
140 194 1
140 200 -1
140 201 -1
140 202 -1
140 205 1
140 209 1
140 216 -1
140 221 1
140 235 1
140 241 -1
140 243 1
140 249 -1
141 142 1
141 143 1
141 146 1
141 147 1
141 167 -1
141 171 -1
141 173 -1
141 175 1
141 181 1
141 182 -1
141 184 1
141 187 1
141 203 -1
141 207 1
141 215 1
141 226 1
141 229 1
141 231 -1
141 232 1
141 234 1
141 242 1
141 247 1
141 249 1
141 250 1
142 143 1
142 146 1
142 147 1
142 150 1
142 156 -1
142 162 -1
142 163 1
142 164 -1
142 170 1
142 174 -1
142 175 1
142 176 -1
142 181 1
142 184 1
142 199 -1
142 207 1
142 214 -1
142 215 1
142 224 1
142 234 1
142 238 -1
142 239 1
142 242 1
142 247 -1
143 146 1
143 147 1
143 172 -1
143 175 1
143 177 -1
143 181 1
143 184 1
143 188 -1
143 205 -1
143 207 1
143 215 1
143 223 -1
143 225 -1
143 226 1
143 229 -1
143 234 1
143 239 1
143 242 1
143 247 1
143 248 -1
143 249 1
143 250 1
144 149 -1
144 155 -1
144 176 -1
144 186 -1
144 191 -1
144 196 -1
144 201 -1
144 203 1
144 206 1
144 207 -1
144 214 1
144 222 1
144 227 -1
144 232 -1
144 233 -1
144 244 -1
144 248 1
145 151 -1
145 152 1
145 153 -1
145 154 1
145 161 -1
145 163 -1
145 164 -1
145 170 -1
145 182 -1
145 193 1
145 199 1
145 200 -1
145 204 1
145 206 1
145 210 -1
145 213 -1
145 214 1
145 220 1
145 226 -1
145 228 1
145 233 -1
145 236 1
145 238 -1
145 240 1
145 244 1
146 147 1
146 149 -1
146 150 1
146 156 -1
146 163 1
146 170 1
146 175 1
146 181 1
146 182 -1
146 184 1
146 188 -1
146 189 -1
146 195 -1
146 196 -1
146 207 1
146 213 -1
146 215 1
146 224 1
146 226 1
146 227 -1
146 234 1
146 239 1
146 242 1
146 243 -1
146 249 1
146 250 -1
147 149 -1
147 150 1
147 157 -1
147 163 1
147 169 -1
147 170 1
147 175 1
147 178 -1
147 179 -1
147 181 1
147 184 1
147 187 -1
147 203 -1
147 207 1
147 215 1
147 216 -1
147 221 -1
147 224 1
147 226 1
147 227 -1
147 234 1
147 239 1
147 242 1
147 243 -1
147 249 1
147 250 1
148 149 1
148 162 1
148 165 1
148 166 1
148 167 -1
148 168 -1
148 178 1
148 185 -1
148 186 -1
148 191 1
148 197 -1
148 219 1
148 234 -1
149 154 -1
149 162 1
149 164 -1
149 165 1
149 173 -1
149 174 1
149 176 -1
149 178 1
149 180 -1
149 188 1
149 190 -1
149 206 -1
149 208 -1
149 219 1
149 220 -1
149 225 -1
149 226 -1
149 236 -1
149 238 -1
149 247 -1
150 151 1
150 162 -1
150 163 1
150 169 1
150 170 1
150 175 1
150 178 -1
150 180 -1
150 181 -1
150 184 1
150 185 1
150 189 -1
150 197 -1
150 198 -1
150 203 -1
150 208 1
150 210 -1
150 219 -1
150 224 1
150 232 -1
150 238 -1
150 239 1
150 249 -1
151 157 1
151 163 1
151 168 -1
151 169 1
151 170 1
151 173 -1
151 177 1
151 180 -1
151 185 1
151 194 -1
151 196 -1
151 208 1
151 224 1
151 227 1
151 231 -1
151 234 -1
151 239 1
151 245 -1
152 153 -1
152 154 1
152 160 -1
152 161 -1
152 166 -1
152 172 -1
152 176 1
152 191 -1
152 193 1
152 197 -1
152 199 1
152 201 1
152 204 1
152 211 -1
152 220 1
152 223 1
152 225 -1
152 228 1
152 231 1
152 240 1
152 244 1
152 249 -1
153 159 -1
153 164 1
153 165 -1
153 170 -1
153 174 1
153 177 -1
153 181 -1
153 183 -1
153 184 -1
153 188 1
153 195 1
153 206 -1
153 210 1
153 212 -1
153 213 1
153 215 -1
153 216 1
153 225 1
153 226 -1
153 228 -1
153 230 1
153 242 -1
153 244 -1
153 245 1
153 246 1
154 187 -1
154 193 1
154 195 -1
154 199 1
154 201 -1
154 204 1
154 210 -1
154 217 -1
154 220 1
154 223 1
154 227 -1
154 228 1
154 233 -1
154 234 -1
154 236 1
154 240 1
154 244 1
155 156 1
155 158 1
155 164 -1
155 166 1
155 181 -1
155 182 -1
155 186 1
155 191 1
155 211 1
155 217 -1
155 226 -1
155 233 1
155 234 -1
155 238 -1
155 241 1
156 158 1
156 164 -1
156 166 1
156 175 -1
156 177 -1
156 186 1
156 191 1
156 194 -1
156 196 -1
156 206 -1
156 211 1
156 233 1
156 241 1
156 244 -1
156 246 -1
157 158 -1
157 162 -1
157 169 1
157 171 -1
157 173 1
157 177 1
157 180 1
157 184 -1
157 185 1
157 189 1
157 190 1
157 194 -1
157 195 -1
157 197 -1
157 205 -1
157 208 1
157 212 -1
157 218 1
157 226 -1
157 227 1
157 229 -1
157 232 -1
157 237 -1
157 238 -1
157 240 -1
158 165 1
158 166 1
158 167 -1
158 171 -1
158 176 -1
158 181 -1
158 182 -1
158 186 1
158 191 1
158 196 -1
158 207 -1
158 211 1
158 219 -1
158 223 -1
158 224 -1
158 233 1
158 235 -1
158 242 -1
158 248 -1
158 249 -1
159 161 1
159 166 -1
159 167 1
159 168 -1
159 169 -1
159 176 1
159 182 1
159 193 -1
159 195 1
159 198 -1
159 200 -1
159 201 1
159 202 1
159 203 -1
159 208 -1
159 209 -1
159 210 1
159 213 1
159 216 1
159 220 -1
159 221 -1
159 230 1
159 231 1
159 242 -1
159 245 1
160 172 1
160 179 1
160 181 -1
160 187 -1
160 191 -1
160 192 1
160 194 1
160 196 -1
160 200 -1
160 205 1
160 208 -1
160 209 1
160 212 1
160 213 -1
160 215 -1
160 216 -1
160 221 1
160 228 -1
160 235 1
160 243 1
160 249 -1
161 167 1
161 176 1
161 182 1
161 186 -1
161 189 -1
161 201 1
161 202 1
161 207 -1
161 210 1
161 211 -1
161 213 1
161 216 1
161 221 -1
161 223 1
161 230 1
161 231 1
161 233 -1
161 235 -1
161 236 -1
161 243 -1
161 245 1
162 165 1
162 171 -1
162 172 -1
162 173 -1
162 174 1
162 178 1
162 179 -1
162 188 1
162 200 -1
162 219 1
162 226 -1
162 235 -1
162 241 -1
162 247 -1
162 250 -1
163 167 -1
163 169 1
163 170 1
163 172 -1
163 175 1
163 184 1
163 185 1
163 191 -1
163 206 -1
163 208 1
163 210 -1
163 215 -1
163 223 -1
163 224 1
163 227 -1
163 237 -1
163 239 1
163 243 -1
163 250 -1
164 174 1
164 188 1
164 195 1
164 202 -1
164 205 -1
164 209 -1
164 210 1
164 213 1
164 216 1
164 218 -1
164 225 1
164 230 1
164 233 -1
164 245 1
164 246 1
165 166 1
165 178 1
165 185 -1
165 191 1
165 209 -1
165 218 -1
165 219 1
165 234 -1
165 235 -1
165 243 -1
166 172 -1
166 178 -1
166 186 1
166 191 1
166 210 -1
166 211 1
166 213 -1
166 215 -1
166 217 -1
166 226 -1
166 229 -1
166 233 1
166 243 -1
166 249 -1
167 170 -1
167 172 -1
167 176 1
167 182 1
167 195 1
167 201 1
167 202 1
167 209 -1
167 210 1
167 211 -1
167 213 1
167 216 1
167 229 -1
167 230 1
167 231 1
167 245 1
168 174 -1
168 177 -1
168 179 -1
168 187 1
168 189 -1
168 196 1
168 197 1
168 200 1
168 211 1
168 229 1
168 232 1
168 237 1
168 238 1
168 241 1
168 245 -1
168 246 -1
169 170 1
169 171 -1
169 174 -1
169 177 1
169 180 1
169 185 1
169 188 -1
169 190 -1
169 196 -1
169 208 1
169 209 -1
169 224 1
169 227 1
169 233 -1
169 239 1
169 250 -1
170 175 1
170 179 -1
170 184 1
170 185 1
170 187 -1
170 188 -1
170 202 -1
170 203 -1
170 206 -1
170 207 -1
170 221 -1
170 224 1
170 230 -1
170 232 -1
170 236 -1
170 239 1
170 244 -1
171 183 1
171 184 -1
171 190 1
171 192 1
171 197 -1
171 198 1
171 212 1
171 217 1
171 220 -1
171 221 -1
171 229 -1
171 248 -1
171 250 -1
172 179 1
172 192 1
172 194 1
172 198 -1
172 205 1
172 211 -1
172 212 1
172 213 -1
172 221 1
172 222 -1
172 224 -1
172 235 1
172 236 -1
172 243 1
172 244 -1
172 249 -1
173 174 -1
173 177 1
173 180 1
173 183 1
173 186 -1
173 189 1
173 190 1
173 199 -1
173 205 -1
173 208 1
173 212 -1
173 217 1
173 218 1
173 227 1
173 246 -1
173 250 -1
174 178 1
174 180 -1
174 188 1
174 224 -1
174 225 1
174 231 -1
174 238 -1
174 241 -1
174 246 1
175 180 -1
175 181 1
175 184 1
175 197 -1
175 207 1
175 215 1
175 218 -1
175 224 1
175 226 -1
175 228 -1
175 229 -1
175 234 1
175 239 1
175 242 1
175 243 -1
176 182 1
176 201 1
176 202 1
176 204 1
176 208 -1
176 210 -1
176 213 1
176 215 -1
176 216 -1
176 220 -1
176 223 1
176 228 1
176 230 -1
176 231 1
176 235 -1
176 236 -1
177 180 1
177 185 1
177 189 1
177 190 -1
177 201 -1
177 208 1
177 218 1
177 227 1
177 228 -1
177 245 -1
178 188 1
178 198 -1
178 200 -1
178 210 -1
178 219 1
178 243 -1
179 180 -1
179 181 -1
179 190 -1
179 194 1
179 196 -1
179 205 1
179 209 1
179 219 -1
179 221 1
179 235 1
179 243 1
179 250 -1
180 183 1
180 187 -1
180 189 1
180 190 1
180 193 -1
180 205 -1
180 206 -1
180 208 1
180 210 -1
180 217 1
180 218 1
180 224 -1
180 227 1
180 228 -1
180 238 -1
180 240 -1
180 242 -1
181 183 -1
181 184 1
181 187 1
181 193 -1
181 203 -1
181 206 -1
181 207 1
181 215 1
181 225 -1
181 226 1
181 229 1
181 232 1
181 234 1
181 242 1
181 247 1
181 249 1
181 250 1
182 183 -1
182 201 1
182 202 1
182 206 -1
182 210 1
182 213 1
182 216 1
182 220 -1
182 223 1
182 230 1
182 231 1
182 242 -1
182 245 1
182 246 -1
183 189 1
183 190 1
183 196 -1
183 198 1
183 206 -1
183 217 1
183 218 1
183 224 -1
183 227 -1
183 234 -1
183 238 -1
184 200 -1
184 201 -1
184 207 1
184 208 -1
184 214 -1
184 215 1
184 216 -1
184 224 1
184 226 -1
184 229 -1
184 234 1
184 239 1
184 240 -1
184 242 1
185 192 -1
185 208 1
185 218 -1
185 224 1
185 227 1
185 235 -1
185 239 1
185 248 -1
186 187 -1
186 191 1
186 192 -1
186 204 -1
186 211 1
186 233 1
186 241 1
187 196 1
187 197 1
187 198 -1
187 200 1
187 207 1
187 226 1
187 229 1
187 231 -1
187 232 1
187 233 -1
187 237 1
187 238 1
187 241 1
187 242 1
187 247 1
187 249 1
187 250 1
188 189 -1
188 193 -1
188 197 -1
188 198 -1
188 203 -1
188 215 -1
188 225 1
188 227 -1
188 238 -1
188 243 -1
188 246 1
189 190 1
189 194 -1
189 198 1
189 208 1
189 215 -1
189 217 1
189 218 1
189 221 -1
189 227 1
189 229 -1
189 235 -1
189 239 -1
190 195 -1
190 196 -1
190 198 1
190 199 -1
190 217 1
190 218 1
190 226 -1
190 230 -1
190 234 -1
190 236 -1
190 238 -1
190 239 -1
191 195 -1
191 198 -1
191 205 -1
191 208 -1
191 211 1
191 219 -1
191 231 -1
191 233 1
191 238 -1
192 203 -1
192 210 -1
192 212 1
192 219 -1
192 221 1
192 223 -1
192 235 1
192 238 -1
192 239 -1
192 241 -1
192 243 1
192 248 -1
192 250 -1
193 198 -1
193 199 1
193 200 -1
193 203 -1
193 204 1
193 214 1
193 220 1
193 225 -1
193 228 1
193 236 1
193 240 1
193 244 1
193 249 -1
194 196 -1
194 205 1
194 208 -1
194 209 1
194 214 -1
194 215 -1
194 216 -1
194 217 -1
194 221 1
194 224 -1
194 232 -1
194 235 1
194 239 -1
194 240 -1
194 243 1
195 197 -1
195 210 1
195 213 1
195 216 1
195 221 -1
195 225 1
195 230 1
195 238 -1
195 245 1
195 246 1
195 247 -1
196 197 1
196 200 1
196 202 -1
196 203 -1
196 204 -1
196 215 -1
196 225 -1
196 227 -1
196 229 1
196 232 1
196 237 1
196 238 1
196 241 1
196 242 -1
196 245 -1
197 200 1
197 205 -1
197 211 1
197 217 -1
197 221 -1
197 229 1
197 232 1
197 235 -1
197 237 1
197 238 1
197 241 1
197 242 -1
197 247 -1
197 248 -1
198 203 -1
198 212 1
198 215 -1
198 217 1
198 218 1
198 226 -1
198 237 -1
198 243 -1
198 244 -1
198 248 -1
199 204 1
199 220 1
199 223 1
199 225 -1
199 228 1
199 234 -1
199 236 1
199 240 1
199 244 1
200 203 -1
200 223 -1
200 229 1
200 232 1
200 234 -1
200 237 1
200 238 1
200 241 1
200 245 -1
200 247 1
201 202 1
201 204 1
201 209 -1
201 213 1
201 223 1
201 225 -1
201 228 1
201 231 1
201 239 -1
201 240 -1
201 245 -1
201 246 -1
202 205 -1
202 210 1
202 211 -1
202 213 1
202 216 1
202 217 -1
202 223 1
202 230 1
202 231 1
202 240 -1
202 241 -1
202 245 1
203 206 1
203 214 1
203 220 1
203 222 1
203 225 -1
203 234 -1
203 236 1
203 237 -1
203 242 -1
203 245 -1
203 248 1
204 212 -1
204 213 -1
204 216 -1
204 220 1
204 223 1
204 228 1
204 229 -1
204 231 1
204 240 1
204 242 -1
204 244 1
204 247 -1
204 250 -1
205 209 1
205 211 -1
205 218 -1
205 221 1
205 223 -1
205 229 -1
205 232 -1
205 235 1
205 237 -1
205 243 1
205 244 -1
206 208 -1
206 209 -1
206 210 -1
206 214 1
206 220 1
206 222 1
206 236 1
206 240 -1
206 243 -1
206 248 1
207 213 -1
207 215 1
207 225 -1
207 226 1
207 229 1
207 232 1
207 234 1
207 242 1
207 247 1
207 249 1
207 250 1
208 209 -1
208 224 1
208 227 1
208 228 -1
208 232 -1
208 239 -1
209 221 1
209 233 -1
209 234 -1
209 235 1
209 241 -1
209 243 1
210 211 -1
210 213 1
210 216 1
210 217 -1
210 222 -1
210 225 1
210 230 1
210 244 -1
210 245 1
210 246 1
210 247 -1
210 250 -1
211 214 -1
211 225 -1
211 229 -1
211 233 1
211 237 -1
211 241 1
211 243 -1
212 235 1
212 248 -1
212 249 -1
213 216 1
213 219 -1
213 225 1
213 227 -1
213 230 1
213 239 -1
213 245 1
213 246 1
214 215 -1
214 220 1
214 222 1
214 228 -1
214 230 -1
214 236 1
214 240 1
214 245 -1
214 247 -1
214 248 1
214 250 -1
215 217 -1
215 226 1
215 232 1
215 234 1
215 242 1
215 244 -1
215 247 1
215 249 1
215 250 1
216 217 -1
216 225 1
216 230 1
216 245 1
216 246 1
217 218 1
217 239 -1
217 242 -1
217 247 -1
218 220 -1
218 227 1
218 233 -1
218 235 -1
218 242 -1
218 246 -1
219 229 -1
219 238 -1
219 240 -1
219 250 -1
220 222 1
220 226 -1
220 236 1
220 237 -1
220 240 1
220 244 1
220 248 -1
221 228 -1
221 229 -1
221 235 1
221 243 1
222 229 -1
222 230 -1
222 236 1
222 238 -1
222 240 -1
222 248 1
223 228 1
223 231 1
223 240 1
223 244 1
223 248 -1
223 250 -1
224 232 -1
224 239 1
225 226 -1
225 230 1
225 245 1
225 246 1
225 250 -1
226 228 -1
226 229 1
226 232 1
226 234 1
226 238 -1
226 239 -1
226 242 1
226 247 1
226 248 -1
226 249 1
226 250 1
227 239 -1
227 246 -1
228 231 1
228 237 -1
228 240 1
228 241 -1
228 244 1
228 247 -1
228 250 -1
229 232 1
229 237 1
229 238 1
229 241 1
229 242 1
229 247 1
229 249 1
229 250 1
230 236 -1
230 245 1
230 246 1
231 233 -1
231 244 1
232 233 -1
232 237 1
232 238 1
232 242 1
232 247 1
232 249 1
232 250 1
233 236 -1
233 240 -1
233 241 1
233 247 -1
233 250 -1
234 235 -1
234 239 1
234 240 -1
234 241 -1
234 242 1
234 243 -1
234 247 1
234 249 1
234 250 1
235 243 1
235 244 -1
235 248 -1
236 240 1
236 244 1
236 248 1
237 238 1
237 241 1
237 247 1
237 250 -1
238 241 1
238 250 -1
239 242 -1
239 245 -1
240 244 1
241 247 -1
241 248 -1
242 244 -1
242 247 1
242 249 1
242 250 1
244 247 -1
245 246 1
247 249 1
247 250 1
248 249 -1
249 250 1
