vertices: 70 edges: 496
1 2 1
1 3 -1
1 7 -1
1 16 -1
1 19 -1
1 27 -1
1 33 -1
1 35 1
1 50 -1
1 53 1
1 55 -1
1 57 1
1 59 -1
1 69 -1
2 19 -1
2 22 -1
2 27 -1
2 28 -1
2 30 -1
2 34 -1
2 35 1
2 46 -1
2 47 -1
2 48 -1
2 49 -1
2 53 1
2 57 1
2 64 -1
2 70 -1
3 5 -1
3 13 -1
3 16 -1
3 17 -1
3 23 -1
3 26 -1
3 27 -1
3 28 -1
3 32 -1
3 33 -1
3 41 -1
3 53 -1
3 57 -1
3 60 -1
3 61 -1
3 66 -1
3 68 -1
3 69 -1
3 70 1
4 6 1
4 7 -1
4 11 -1
4 19 -1
4 20 -1
4 28 -1
4 35 -1
4 36 -1
4 39 -1
4 41 -1
4 44 -1
4 48 1
4 53 -1
4 61 1
4 65 1
5 11 -1
5 19 -1
5 20 1
5 23 1
5 24 -1
5 29 -1
5 32 1
5 35 -1
5 44 1
5 50 -1
5 54 -1
5 64 -1
6 16 -1
6 26 -1
6 27 -1
6 30 -1
6 37 -1
6 39 -1
6 41 1
6 45 -1
6 47 -1
6 48 1
6 52 -1
6 54 -1
6 57 -1
6 65 1
6 68 -1
7 8 -1
7 18 -1
7 19 -1
7 20 -1
7 28 -1
7 29 -1
7 33 -1
7 35 -1
7 40 -1
7 44 -1
7 47 -1
7 48 -1
7 55 -1
7 57 -1
7 69 1
7 70 -1
8 22 1
8 30 1
8 37 -1
8 38 -1
8 39 -1
8 45 -1
8 47 -1
8 49 -1
8 57 -1
8 59 -1
8 61 -1
8 62 -1
8 63 1
8 64 -1
8 68 -1
9 13 -1
9 20 -1
9 24 1
9 28 -1
9 33 -1
9 36 -1
9 38 -1
9 42 -1
9 48 -1
9 49 -1
9 56 -1
9 64 -1
10 16 -1
10 20 -1
10 33 -1
10 38 1
10 56 -1
10 59 -1
11 22 -1
11 31 -1
11 39 -1
11 40 -1
11 49 -1
11 53 -1
11 54 -1
11 56 1
11 61 -1
11 64 -1
11 66 1
11 68 -1
12 14 -1
12 25 -1
12 39 -1
12 47 -1
12 49 -1
12 52 -1
12 57 -1
12 62 -1
12 64 -1
13 15 -1
13 21 1
13 40 1
13 51 -1
13 55 1
13 66 -1
14 17 1
14 26 1
14 27 -1
14 29 -1
14 37 1
14 39 1
14 40 -1
14 41 -1
14 43 -1
14 48 -1
14 59 -1
14 62 -1
15 17 1
15 23 -1
15 24 -1
15 29 1
15 34 -1
15 37 1
15 38 -1
15 39 1
15 45 1
15 46 -1
15 52 -1
16 18 -1
16 20 -1
16 21 -1
16 22 -1
16 23 -1
16 27 1
16 30 -1
16 34 1
16 36 -1
16 39 -1
16 45 -1
16 46 1
16 54 -1
16 59 -1
16 63 -1
16 64 1
16 65 -1
16 67 1
16 69 -1
17 26 1
17 27 -1
17 29 1
17 37 1
17 39 1
17 45 1
17 49 -1
17 58 -1
17 59 -1
17 62 -1
17 63 -1
17 64 -1
18 26 -1
18 36 1
18 39 -1
18 40 -1
18 47 -1
18 49 1
18 62 -1
18 65 -1
19 24 -1
19 28 -1
19 31 1
19 39 -1
19 40 -1
19 42 -1
19 46 -1
19 51 1
19 52 1
19 54 -1
19 55 -1
19 62 1
19 68 -1
19 70 -1
20 23 1
20 30 -1
20 31 -1
20 32 1
20 38 -1
20 43 -1
20 44 1
20 48 -1
20 53 -1
20 60 -1
20 67 -1
21 33 -1
21 35 -1
21 40 1
21 41 -1
21 42 -1
21 44 -1
21 51 -1
21 55 1
22 30 1
22 31 -1
22 33 -1
22 39 -1
22 63 1
22 67 -1
23 25 -1
23 32 1
23 34 -1
23 44 1
23 49 -1
23 56 -1
23 64 -1
23 68 -1
24 27 -1
24 29 -1
24 38 1
24 51 -1
24 56 -1
24 59 -1
24 60 -1
24 61 -1
24 63 -1
25 51 1
25 52 1
25 53 -1
25 56 -1
25 62 1
25 69 -1
25 70 -1
26 27 -1
26 28 -1
26 29 1
26 30 -1
26 33 -1
26 34 -1
26 37 1
26 39 1
26 40 -1
26 45 1
26 48 -1
26 55 -1
26 62 -1
26 63 -1
26 66 -1
26 67 -1
27 28 -1
27 34 1
27 47 -1
27 52 -1
27 58 -1
27 64 1
27 67 1
27 70 -1
28 42 -1
28 46 -1
28 57 -1
28 61 -1
28 63 -1
28 65 -1
28 66 -1
28 68 1
29 33 -1
29 34 -1
29 37 1
29 39 1
29 40 -1
29 45 1
29 49 -1
29 70 -1
30 34 -1
30 36 -1
30 42 -1
30 43 -1
30 61 -1
30 63 1
31 43 -1
31 48 -1
31 49 -1
31 51 1
31 53 -1
31 55 -1
31 62 1
31 69 -1
32 35 -1
32 44 1
32 46 -1
32 51 -1
32 57 -1
32 63 -1
32 64 -1
32 65 -1
32 70 -1
33 36 -1
33 43 -1
33 50 1
33 53 -1
33 62 -1
33 63 -1
34 40 -1
34 43 -1
34 46 1
34 57 -1
34 64 1
34 67 1
35 46 -1
35 53 1
35 55 -1
35 56 -1
35 57 1
35 64 -1
36 41 -1
36 44 -1
36 48 -1
36 49 1
36 53 -1
36 54 -1
36 57 -1
36 63 -1
36 69 -1
37 39 1
37 45 1
37 55 -1
37 58 -1
37 61 -1
37 62 -1
38 46 -1
38 61 -1
38 64 -1
39 45 1
39 47 -1
39 48 -1
39 52 -1
39 56 -1
39 57 -1
39 58 -1
39 64 -1
40 45 -1
40 49 1
40 53 -1
40 55 1
40 57 -1
40 60 -1
40 63 -1
40 64 -1
40 66 -1
40 70 -1
41 46 -1
41 54 -1
41 55 -1
41 59 -1
41 65 1
41 66 -1
41 68 -1
42 54 -1
43 51 -1
43 56 -1
43 57 -1
43 67 -1
44 59 -1
44 60 -1
44 67 -1
45 54 -1
45 56 -1
45 60 -1
45 62 -1
45 69 -1
46 50 1
46 60 -1
46 64 1
46 67 1
46 69 -1
47 50 -1
47 54 1
47 56 -1
47 59 1
47 65 -1
47 66 -1
48 51 -1
48 59 -1
48 61 1
48 65 1
48 70 -1
49 54 -1
49 58 -1
49 59 -1
49 63 -1
49 69 -1
49 70 -1
50 67 -1
51 52 1
51 53 -1
51 58 -1
51 60 -1
51 62 1
51 66 -1
52 54 -1
52 56 -1
52 62 1
52 64 -1
52 68 -1
53 55 -1
53 57 1
53 59 -1
53 60 -1
53 66 -1
54 59 1
54 68 -1
54 69 -1
55 58 -1
55 60 -1
55 69 -1
56 57 -1
56 67 -1
56 68 -1
57 66 -1
57 67 -1
57 68 -1
58 63 -1
58 66 -1
58 67 -1
59 69 -1
59 70 -1
60 62 -1
60 66 -1
60 69 -1
60 70 -1
61 65 1
61 66 -1
62 64 -1
62 67 -1
63 64 -1
64 67 1
66 69 -1
68 70 -1
