vertices: 110 edges: 3016
1 2 -1
1 4 -1
1 6 -1
1 11 -1
1 12 -1
1 14 -1
1 15 -1
1 16 -1
1 17 -1
1 18 -1
1 22 1
1 23 1
1 25 -1
1 27 1
1 28 -1
1 31 -1
1 33 -1
1 35 -1
1 36 -1
1 39 -1
1 43 -1
1 44 -1
1 45 1
1 47 -1
1 48 -1
1 49 -1
1 50 -1
1 52 -1
1 53 -1
1 54 1
1 60 -1
1 61 -1
1 62 1
1 63 -1
1 65 -1
1 68 -1
1 71 1
1 72 -1
1 78 -1
1 81 1
1 82 -1
1 83 -1
1 85 1
1 86 -1
1 87 -1
1 88 1
1 89 -1
1 91 -1
1 97 -1
1 98 -1
1 99 1
1 102 -1
1 103 -1
1 104 -1
1 107 -1
2 3 1
2 6 -1
2 10 -1
2 11 -1
2 15 -1
2 19 1
2 22 -1
2 23 -1
2 24 -1
2 25 -1
2 29 -1
2 32 1
2 34 -1
2 35 -1
2 37 -1
2 38 -1
2 39 1
2 42 -1
2 43 1
2 46 -1
2 47 -1
2 48 1
2 50 1
2 51 -1
2 54 -1
2 55 -1
2 59 -1
2 61 -1
2 62 -1
2 63 -1
2 64 -1
2 66 -1
2 68 1
2 69 1
2 70 -1
2 71 -1
2 75 -1
2 76 -1
2 79 -1
2 80 -1
2 83 -1
2 84 -1
2 87 1
2 88 -1
2 90 -1
2 91 -1
2 94 -1
2 95 -1
2 98 -1
2 99 -1
2 106 -1
2 108 -1
2 109 1
3 7 -1
3 8 -1
3 9 -1
3 10 1
3 11 -1
3 12 -1
3 13 -1
3 15 -1
3 16 -1
3 19 1
3 20 -1
3 28 -1
3 30 -1
3 32 1
3 37 -1
3 38 -1
3 39 1
3 40 -1
3 42 -1
3 43 1
3 44 -1
3 45 -1
3 46 -1
3 48 1
3 49 -1
3 51 -1
3 52 -1
3 53 -1
3 54 -1
3 56 -1
3 57 -1
3 58 -1
3 59 -1
3 61 -1
3 62 -1
3 63 -1
3 65 -1
3 66 -1
3 68 -1
3 69 -1
3 71 -1
3 73 -1
3 77 -1
3 79 -1
3 85 -1
3 87 1
3 88 -1
3 91 -1
3 94 -1
3 95 -1
3 101 -1
3 105 -1
3 106 -1
3 108 -1
3 109 -1
4 6 -1
4 7 -1
4 9 -1
4 10 -1
4 11 -1
4 12 -1
4 16 -1
4 17 -1
4 18 -1
4 19 -1
4 20 -1
4 21 -1
4 23 -1
4 24 1
4 29 -1
4 30 -1
4 36 -1
4 37 -1
4 39 -1
4 40 1
4 42 -1
4 44 1
4 45 -1
4 46 1
4 47 -1
4 50 -1
4 51 -1
4 53 -1
4 56 -1
4 59 -1
4 60 -1
4 63 -1
4 64 -1
4 65 1
4 66 -1
4 68 -1
4 75 -1
4 79 -1
4 81 1
4 84 -1
4 85 1
4 86 -1
4 87 -1
4 88 -1
4 89 -1
4 95 -1
4 96 -1
4 98 -1
4 103 -1
4 104 -1
4 105 1
4 106 -1
4 107 1
5 6 -1
5 10 -1
5 11 1
5 15 1
5 16 1
5 18 -1
5 24 -1
5 30 -1
5 35 -1
5 36 -1
5 39 -1
5 40 -1
5 41 -1
5 46 -1
5 48 -1
5 49 -1
5 50 -1
5 51 -1
5 52 1
5 55 1
5 60 -1
5 62 -1
5 63 1
5 64 -1
5 70 1
5 73 1
5 74 1
5 75 1
5 76 -1
5 77 -1
5 80 -1
5 81 -1
5 84 -1
5 86 -1
5 89 1
5 92 -1
5 93 -1
5 97 -1
5 98 -1
5 100 1
5 105 -1
5 106 -1
5 107 -1
5 109 -1
6 8 -1
6 9 1
6 14 1
6 15 -1
6 17 1
6 20 -1
6 22 -1
6 29 1
6 31 -1
6 34 -1
6 36 -1
6 37 1
6 39 -1
6 40 1
6 42 -1
6 44 1
6 46 1
6 47 -1
6 48 -1
6 50 -1
6 52 -1
6 53 -1
6 55 -1
6 56 -1
6 58 -1
6 59 -1
6 60 -1
6 61 -1
6 66 1
6 67 -1
6 68 -1
6 72 -1
6 73 -1
6 74 -1
6 78 -1
6 81 -1
6 82 -1
6 83 -1
6 86 -1
6 91 -1
6 92 1
6 96 -1
6 98 -1
6 100 -1
6 101 -1
6 102 -1
6 103 -1
6 104 1
6 107 -1
6 109 -1
7 8 -1
7 14 -1
7 16 -1
7 17 -1
7 18 1
7 23 -1
7 24 -1
7 29 -1
7 30 1
7 32 -1
7 36 1
7 38 1
7 39 -1
7 40 -1
7 41 -1
7 46 -1
7 48 -1
7 49 -1
7 50 1
7 51 -1
7 57 -1
7 58 1
7 60 -1
7 63 -1
7 65 -1
7 67 -1
7 68 1
7 71 -1
7 72 -1
7 73 -1
7 74 -1
7 75 -1
7 79 -1
7 81 -1
7 83 -1
7 86 -1
7 89 -1
7 90 -1
7 91 1
7 93 1
7 95 -1
7 100 -1
7 103 -1
7 110 -1
8 9 -1
8 10 -1
8 11 -1
8 13 -1
8 16 -1
8 17 -1
8 19 -1
8 20 -1
8 21 -1
8 22 -1
8 23 1
8 25 -1
8 27 1
8 28 -1
8 32 -1
8 33 -1
8 34 -1
8 35 -1
8 37 -1
8 38 -1
8 41 -1
8 42 1
8 43 -1
8 45 1
8 48 -1
8 49 -1
8 51 -1
8 52 -1
8 54 1
8 57 -1
8 58 -1
8 61 -1
8 62 1
8 63 -1
8 65 -1
8 66 -1
8 67 1
8 71 1
8 72 -1
8 73 -1
8 74 -1
8 79 -1
8 81 -1
8 84 1
8 86 1
8 87 -1
8 88 1
8 89 -1
8 92 -1
8 93 -1
8 95 -1
8 96 1
8 98 -1
8 99 1
8 100 -1
8 102 -1
8 104 -1
8 105 -1
8 110 -1
9 10 -1
9 11 -1
9 14 1
9 15 -1
9 17 1
9 18 -1
9 20 -1
9 26 -1
9 27 -1
9 29 1
9 31 1
9 33 -1
9 34 -1
9 37 1
9 40 -1
9 41 -1
9 44 -1
9 46 -1
9 47 -1
9 49 1
9 51 -1
9 52 -1
9 54 -1
9 55 -1
9 61 -1
9 65 -1
9 66 1
9 68 -1
9 71 -1
9 74 -1
9 75 -1
9 77 -1
9 78 1
9 80 -1
9 82 -1
9 83 1
9 88 -1
9 89 -1
9 91 -1
9 92 1
9 94 -1
9 98 1
9 99 -1
9 100 -1
9 101 1
9 104 1
9 105 -1
9 106 -1
9 108 -1
9 109 -1
10 11 1
10 12 -1
10 13 -1
10 14 -1
10 15 -1
10 16 -1
10 19 1
10 20 -1
10 22 -1
10 23 -1
10 24 -1
10 30 -1
10 32 1
10 34 -1
10 35 -1
10 36 -1
10 37 -1
10 38 -1
10 39 1
10 44 -1
10 45 -1
10 47 -1
10 48 -1
10 49 -1
10 52 -1
10 53 -1
10 55 -1
10 56 -1
10 57 -1
10 60 -1
10 61 -1
10 62 -1
10 63 1
10 64 -1
10 65 -1
10 66 -1
10 68 -1
10 70 -1
10 71 -1
10 74 1
10 75 1
10 76 -1
10 77 -1
10 78 -1
10 84 -1
10 87 -1
10 88 -1
10 90 -1
10 91 -1
10 92 -1
10 93 -1
10 96 -1
10 98 -1
10 102 -1
10 103 -1
10 104 -1
10 107 -1
10 110 -1
11 19 1
11 20 -1
11 23 -1
11 24 -1
11 25 -1
11 27 -1
11 32 -1
11 33 -1
11 34 -1
11 35 -1
11 37 -1
11 39 -1
11 41 -1
11 42 -1
11 43 -1
11 44 -1
11 51 -1
11 52 -1
11 59 -1
11 63 1
11 69 -1
11 70 -1
11 71 -1
11 72 -1
11 74 1
11 75 1
11 76 -1
11 79 -1
11 84 -1
11 88 -1
11 91 -1
11 93 -1
11 101 -1
11 104 -1
11 105 -1
11 106 -1
11 108 -1
11 110 -1
12 13 1
12 15 -1
12 17 -1
12 18 -1
12 23 -1
12 24 -1
12 25 -1
12 28 -1
12 29 -1
12 31 1
12 34 -1
12 35 1
12 38 -1
12 43 -1
12 44 -1
12 47 -1
12 49 1
12 50 -1
12 51 -1
12 55 -1
12 57 -1
12 58 -1
12 60 -1
12 62 -1
12 63 -1
12 64 1
12 66 -1
12 67 -1
12 69 -1
12 70 -1
12 71 -1
12 72 -1
12 73 -1
12 75 -1
12 77 1
12 78 1
12 82 1
12 83 1
12 84 -1
12 85 -1
12 87 -1
12 90 -1
12 93 -1
12 95 1
12 96 -1
12 97 1
12 98 1
12 101 1
12 104 -1
12 106 -1
12 108 -1
12 109 -1
12 110 1
13 16 -1
13 17 -1
13 22 -1
13 23 -1
13 27 -1
13 29 -1
13 31 -1
13 32 -1
13 35 1
13 42 -1
13 47 1
13 49 -1
13 50 -1
13 51 -1
13 55 -1
13 56 -1
13 60 -1
13 61 1
13 62 -1
13 63 -1
13 64 1
13 66 -1
13 68 -1
13 69 -1
13 70 -1
13 71 -1
13 72 1
13 73 -1
13 76 -1
13 77 1
13 78 1
13 80 -1
13 82 1
13 85 -1
13 86 -1
13 89 -1
13 95 1
13 96 -1
13 97 1
13 98 -1
13 99 -1
13 100 -1
13 103 1
13 105 -1
13 107 -1
13 108 -1
13 109 -1
13 110 1
14 15 -1
14 17 1
14 20 -1
14 22 -1
14 23 -1
14 28 -1
14 29 1
14 32 -1
14 35 -1
14 36 -1
14 37 1
14 41 -1
14 44 -1
14 48 -1
14 49 1
14 50 -1
14 51 -1
14 52 -1
14 53 -1
14 56 -1
14 60 -1
14 61 -1
14 64 -1
14 65 -1
14 66 1
14 73 -1
14 74 -1
14 75 -1
14 76 -1
14 78 -1
14 81 -1
14 82 -1
14 85 -1
14 87 -1
14 90 -1
14 92 1
14 94 -1
14 95 -1
14 96 -1
14 97 -1
14 98 1
14 100 -1
14 101 1
14 102 -1
14 103 -1
14 104 1
14 105 -1
14 106 -1
14 109 -1
15 16 1
15 17 -1
15 19 -1
15 21 -1
15 24 -1
15 26 1
15 27 -1
15 30 -1
15 32 -1
15 34 -1
15 36 -1
15 37 -1
15 38 -1
15 41 1
15 45 -1
15 46 -1
15 49 -1
15 51 -1
15 52 1
15 55 1
15 56 -1
15 57 -1
15 58 -1
15 59 1
15 65 -1
15 69 -1
15 70 1
15 71 -1
15 72 -1
15 73 1
15 75 1
15 76 -1
15 77 -1
15 80 -1
15 81 -1
15 84 -1
15 85 -1
15 87 -1
15 89 1
15 91 -1
15 94 -1
15 96 -1
15 97 -1
15 100 1
15 104 -1
15 107 -1
15 108 1
15 109 -1
16 19 -1
16 22 -1
16 23 -1
16 24 -1
16 26 1
16 28 -1
16 30 -1
16 38 -1
16 39 -1
16 41 1
16 42 -1
16 44 -1
16 45 -1
16 46 -1
16 47 -1
16 49 -1
16 50 -1
16 51 -1
16 52 1
16 53 -1
16 54 -1
16 55 1
16 56 -1
16 59 1
16 63 -1
16 64 -1
16 65 -1
16 66 -1
16 68 -1
16 69 -1
16 70 1
16 73 1
16 77 -1
16 79 -1
16 85 -1
16 89 1
16 90 -1
16 95 -1
16 100 1
16 102 1
16 106 -1
16 107 -1
16 108 1
16 109 -1
16 110 -1
17 18 -1
17 19 -1
17 21 -1
17 22 -1
17 23 -1
17 24 1
17 26 -1
17 29 1
17 33 -1
17 35 -1
17 39 -1
17 40 1
17 44 1
17 46 1
17 47 -1
17 52 -1
17 56 -1
17 57 -1
17 65 1
17 66 1
17 68 -1
17 70 -1
17 73 -1
17 76 -1
17 78 -1
17 80 -1
17 81 -1
17 84 -1
17 85 -1
17 86 -1
17 89 -1
17 91 -1
17 92 1
17 94 -1
17 96 -1
17 97 -1
17 98 -1
17 104 1
17 105 1
17 106 -1
17 107 1
17 108 -1
17 109 -1
17 110 -1
18 20 -1
18 22 -1
18 26 -1
18 27 -1
18 29 -1
18 30 1
18 31 -1
18 33 -1
18 34 -1
18 36 1
18 37 -1
18 38 1
18 39 -1
18 41 -1
18 43 -1
18 45 -1
18 46 -1
18 47 -1
18 48 -1
18 50 1
18 51 -1
18 54 -1
18 57 -1
18 58 1
18 61 -1
18 63 -1
18 64 -1
18 65 -1
18 67 -1
18 68 1
18 70 -1
18 71 -1
18 73 -1
18 76 -1
18 77 -1
18 78 -1
18 80 -1
18 81 -1
18 82 -1
18 84 -1
18 86 -1
18 87 -1
18 89 -1
18 90 -1
18 91 1
18 92 -1
18 93 1
18 95 -1
18 98 -1
18 100 -1
18 101 -1
18 103 -1
18 104 -1
18 105 -1
18 106 -1
18 108 -1
18 109 -1
19 20 -1
19 23 -1
19 25 -1
19 26 -1
19 28 -1
19 31 -1
19 32 1
19 37 -1
19 39 1
19 40 -1
19 41 -1
19 42 -1
19 48 -1
19 50 -1
19 52 -1
19 53 -1
19 56 -1
19 57 -1
19 58 -1
19 61 -1
19 62 -1
19 63 1
19 64 -1
19 66 -1
19 70 -1
19 71 -1
19 73 -1
19 74 1
19 75 -1
19 78 -1
19 82 -1
19 85 -1
19 86 -1
19 87 1
19 92 -1
19 93 -1
19 95 -1
19 96 -1
19 97 -1
19 100 -1
19 103 -1
19 108 -1
20 21 -1
20 23 -1
20 25 -1
20 32 -1
20 33 1
20 36 -1
20 39 -1
20 40 -1
20 41 -1
20 42 -1
20 45 -1
20 50 -1
20 52 -1
20 53 1
20 55 -1
20 56 1
20 57 1
20 59 -1
20 61 -1
20 62 -1
20 64 -1
20 65 -1
20 66 -1
20 68 -1
20 69 -1
20 73 -1
20 76 1
20 77 -1
20 80 -1
20 81 -1
20 88 -1
20 93 -1
20 94 -1
20 95 -1
20 101 -1
20 103 -1
20 104 -1
20 105 -1
20 106 -1
20 110 -1
21 22 -1
21 23 -1
21 25 1
21 26 -1
21 27 -1
21 28 1
21 29 -1
21 32 -1
21 34 1
21 35 -1
21 36 -1
21 38 -1
21 39 -1
21 42 -1
21 45 -1
21 46 -1
21 47 -1
21 48 -1
21 50 -1
21 51 1
21 53 -1
21 55 -1
21 57 -1
21 60 1
21 63 -1
21 67 -1
21 68 -1
21 69 -1
21 73 -1
21 74 -1
21 76 -1
21 78 -1
21 79 1
21 80 1
21 81 -1
21 82 -1
21 83 -1
21 84 -1
21 87 -1
21 88 -1
21 90 -1
21 94 1
21 95 -1
21 99 -1
21 100 -1
21 102 -1
21 105 -1
21 107 -1
21 108 -1
21 110 -1
22 23 1
22 25 -1
22 26 -1
22 27 -1
22 28 -1
22 29 -1
22 32 -1
22 35 -1
22 37 -1
22 39 -1
22 40 -1
22 41 -1
22 42 -1
22 43 -1
22 45 1
22 48 -1
22 50 -1
22 54 1
22 55 -1
22 56 -1
22 57 -1
22 62 1
22 64 -1
22 66 -1
22 67 -1
22 69 -1
22 70 -1
22 71 1
22 81 1
22 83 -1
22 85 1
22 86 -1
22 87 -1
22 88 1
22 90 -1
22 91 -1
22 95 -1
22 96 -1
22 100 -1
22 101 -1
22 102 -1
22 103 -1
22 105 -1
22 106 -1
22 108 -1
22 110 -1
23 25 -1
23 27 1
23 29 -1
23 30 -1
23 31 -1
23 32 -1
23 34 -1
23 37 -1
23 41 -1
23 42 1
23 45 1
23 48 -1
23 49 -1
23 50 -1
23 54 1
23 57 -1
23 60 -1
23 61 -1
23 62 1
23 63 -1
23 65 -1
23 66 -1
23 67 1
23 68 -1
23 70 -1
23 71 1
23 72 -1
23 73 -1
23 74 -1
23 79 -1
23 81 1
23 84 1
23 85 -1
23 86 1
23 88 1
23 91 -1
23 92 -1
23 95 -1
23 96 1
23 97 -1
23 99 1
23 101 -1
23 106 -1
23 107 -1
23 109 -1
23 110 -1
24 26 -1
24 27 -1
24 28 -1
24 29 1
24 32 -1
24 37 -1
24 38 -1
24 40 1
24 43 -1
24 44 1
24 45 -1
24 46 1
24 49 -1
24 50 -1
24 52 -1
24 53 -1
24 55 -1
24 56 -1
24 57 -1
24 58 -1
24 59 -1
24 61 -1
24 62 -1
24 63 -1
24 65 1
24 66 -1
24 69 -1
24 70 -1
24 73 -1
24 74 -1
24 78 -1
24 83 -1
24 85 1
24 87 -1
24 92 1
24 93 -1
24 95 -1
24 96 -1
24 99 -1
24 100 -1
24 101 -1
24 104 1
24 105 1
24 107 1
24 110 -1
25 27 -1
25 28 -1
25 33 -1
25 34 -1
25 37 -1
25 39 -1
25 40 -1
25 42 -1
25 45 -1
25 50 -1
25 51 1
25 53 -1
25 56 -1
25 61 -1
25 63 -1
25 64 -1
25 65 -1
25 67 -1
25 70 -1
25 76 1
25 77 -1
25 79 1
25 80 1
25 82 -1
25 85 -1
25 86 -1
25 88 -1
25 89 -1
25 90 1
25 92 -1
25 93 -1
25 95 -1
25 97 -1
25 98 -1
25 99 -1
25 100 -1
25 101 -1
25 102 -1
25 106 1
25 109 -1
26 29 -1
26 31 -1
26 34 -1
26 35 -1
26 37 -1
26 38 -1
26 39 -1
26 41 1
26 42 -1
26 47 -1
26 52 1
26 53 -1
26 55 1
26 58 -1
26 59 1
26 60 -1
26 67 -1
26 70 1
26 73 1
26 78 -1
26 80 -1
26 82 -1
26 88 -1
26 89 1
26 91 -1
26 92 -1
26 98 -1
26 100 1
26 101 -1
26 102 1
26 105 -1
26 107 -1
26 108 1
27 28 -1
27 35 -1
27 40 -1
27 41 -1
27 42 1
27 43 -1
27 44 -1
27 45 1
27 48 -1
27 50 -1
27 52 -1
27 53 -1
27 54 1
27 55 -1
27 58 -1
27 62 1
27 63 -1
27 65 -1
27 66 -1
27 67 1
27 68 -1
27 69 -1
27 71 1
27 72 -1
27 76 -1
27 77 -1
27 79 -1
27 80 -1
27 84 1
27 86 1
27 88 1
27 92 -1
27 95 -1
27 96 1
27 97 -1
27 99 1
27 102 -1
27 104 -1
27 105 -1
27 106 -1
27 109 -1
28 29 -1
28 34 1
28 35 -1
28 36 -1
28 37 -1
28 39 -1
28 40 -1
28 45 -1
28 47 1
28 51 1
28 54 -1
28 55 -1
28 60 1
28 61 1
28 62 -1
28 66 -1
28 68 -1
28 69 -1
28 70 -1
28 71 -1
28 73 -1
28 74 -1
28 76 -1
28 79 1
28 80 1
28 81 -1
28 82 -1
28 83 -1
28 87 -1
28 89 -1
28 90 -1
28 91 -1
28 94 1
28 95 -1
28 99 -1
28 100 -1
28 101 -1
28 104 -1
28 107 -1
28 108 -1
29 30 -1
29 32 -1
29 33 -1
29 34 -1
29 37 1
29 38 -1
29 39 -1
29 40 1
29 41 -1
29 42 -1
29 43 -1
29 44 1
29 46 1
29 47 -1
29 49 -1
29 53 -1
29 54 -1
29 56 -1
29 57 -1
29 58 -1
29 61 -1
29 63 -1
29 64 -1
29 66 1
29 67 -1
29 69 -1
29 71 -1
29 74 -1
29 75 -1
29 78 -1
29 80 -1
29 81 -1
29 82 -1
29 85 -1
29 86 -1
29 88 -1
29 90 -1
29 91 -1
29 92 1
29 93 -1
29 94 -1
29 100 -1
29 102 -1
29 103 -1
29 104 1
29 106 -1
29 107 -1
29 110 -1
30 31 -1
30 34 -1
30 36 1
30 38 1
30 42 -1
30 43 1
30 45 -1
30 46 -1
30 47 -1
30 48 -1
30 49 -1
30 50 1
30 54 -1
30 58 1
30 60 -1
30 63 -1
30 67 -1
30 68 1
30 69 1
30 70 -1
30 74 -1
30 77 -1
30 78 -1
30 86 -1
30 87 -1
30 88 -1
30 89 -1
30 91 1
30 92 -1
30 93 1
30 95 -1
30 96 -1
30 97 -1
30 98 -1
30 99 -1
30 100 -1
30 104 -1
30 108 -1
30 109 1
31 33 -1
31 34 -1
31 35 1
31 37 1
31 38 -1
31 42 -1
31 44 -1
31 45 -1
31 46 -1
31 48 -1
31 49 1
31 50 -1
31 51 -1
31 52 -1
31 55 -1
31 60 -1
31 61 -1
31 62 -1
31 64 -1
31 66 1
31 67 -1
31 68 -1
31 69 -1
31 70 -1
31 71 -1
31 73 -1
31 74 -1
31 76 -1
31 77 1
31 78 1
31 79 -1
31 81 -1
31 82 1
31 83 1
31 84 -1
31 87 -1
31 89 -1
31 90 -1
31 93 -1
31 95 -1
31 96 -1
31 97 1
31 98 1
31 99 -1
31 101 1
31 103 -1
31 106 -1
31 107 -1
31 110 1
32 35 -1
32 38 -1
32 39 1
32 40 -1
32 41 -1
32 42 -1
32 43 1
32 45 -1
32 46 -1
32 48 1
32 49 -1
32 50 -1
32 53 -1
32 56 -1
32 57 -1
32 59 -1
32 60 -1
32 61 -1
32 63 -1
32 65 -1
32 68 -1
32 69 1
32 71 -1
32 77 -1
32 82 -1
32 86 -1
32 87 1
32 88 -1
32 89 -1
32 92 -1
32 94 -1
32 98 -1
32 101 -1
32 103 -1
32 104 -1
32 105 -1
32 106 -1
32 108 -1
32 110 -1
33 35 -1
33 36 -1
33 41 -1
33 42 -1
33 43 -1
33 46 -1
33 48 -1
33 52 -1
33 53 1
33 56 1
33 57 1
33 59 -1
33 60 -1
33 61 -1
33 64 -1
33 67 -1
33 68 -1
33 69 -1
33 71 -1
33 72 -1
33 73 -1
33 76 1
33 80 -1
33 86 -1
33 88 -1
33 90 1
33 91 -1
33 92 -1
33 93 -1
33 94 -1
33 95 -1
33 97 -1
33 99 -1
33 101 -1
33 102 -1
33 106 1
33 107 -1
33 108 -1
33 109 -1
34 36 -1
34 40 -1
34 41 -1
34 45 -1
34 47 1
34 49 -1
34 51 1
34 53 -1
34 54 -1
34 55 -1
34 57 -1
34 58 -1
34 60 1
34 61 1
34 64 1
34 65 -1
34 66 -1
34 67 -1
34 69 -1
34 71 -1
34 72 1
34 73 -1
34 74 -1
34 75 -1
34 76 -1
34 77 -1
34 80 -1
34 82 -1
34 85 -1
34 87 -1
34 89 -1
34 94 1
34 95 1
34 96 -1
34 97 -1
34 100 -1
34 103 1
34 104 -1
34 107 -1
34 108 -1
34 109 -1
35 36 -1
35 37 -1
35 39 -1
35 41 -1
35 43 -1
35 45 -1
35 46 -1
35 47 -1
35 48 -1
35 49 1
35 52 -1
35 53 -1
35 57 -1
35 58 -1
35 59 -1
35 62 -1
35 63 -1
35 64 1
35 68 -1
35 69 -1
35 71 -1
35 72 1
35 77 1
35 78 1
35 81 -1
35 82 1
35 83 1
35 84 -1
35 86 -1
35 88 -1
35 91 -1
35 92 -1
35 95 1
35 97 1
35 98 1
35 100 -1
35 101 -1
35 103 1
35 105 -1
35 110 1
36 38 1
36 42 -1
36 43 1
36 44 -1
36 45 -1
36 49 -1
36 50 1
36 51 -1
36 53 -1
36 54 -1
36 56 -1
36 57 -1
36 58 1
36 59 -1
36 60 -1
36 61 -1
36 63 -1
36 64 -1
36 66 -1
36 68 1
36 69 1
36 72 -1
36 73 -1
36 74 -1
36 76 -1
36 78 -1
36 79 -1
36 81 -1
36 83 -1
36 84 -1
36 87 -1
36 91 1
36 93 1
36 96 -1
36 97 -1
36 98 -1
36 99 -1
36 100 -1
36 101 -1
36 105 -1
36 109 1
37 38 -1
37 41 -1
37 42 -1
37 49 1
37 52 -1
37 54 -1
37 56 -1
37 58 -1
37 59 -1
37 60 -1
37 61 -1
37 63 -1
37 66 1
37 71 -1
37 72 -1
37 73 -1
37 75 -1
37 76 -1
37 78 1
37 79 -1
37 82 -1
37 83 1
37 90 -1
37 92 1
37 95 -1
37 96 -1
37 98 1
37 100 -1
37 101 1
37 103 -1
37 104 1
37 105 -1
37 106 -1
37 107 -1
38 39 -1
38 40 -1
38 41 -1
38 43 -1
38 44 -1
38 47 -1
38 49 -1
38 50 1
38 51 -1
38 58 1
38 61 -1
38 64 -1
38 65 -1
38 66 -1
38 68 1
38 72 -1
38 75 -1
38 76 -1
38 77 -1
38 78 -1
38 80 -1
38 81 -1
38 83 -1
38 85 -1
38 87 -1
38 89 -1
38 91 1
38 92 -1
38 93 1
38 94 -1
38 95 -1
38 96 -1
38 99 -1
38 100 -1
38 105 -1
38 106 -1
38 109 1
39 40 -1
39 43 1
39 46 -1
39 48 1
39 49 -1
39 50 -1
39 53 -1
39 57 -1
39 60 -1
39 63 -1
39 67 -1
39 68 -1
39 69 1
39 70 -1
39 71 -1
39 73 -1
39 74 -1
39 76 -1
39 78 -1
39 82 -1
39 87 1
39 90 -1
39 91 -1
39 92 -1
39 93 -1
39 94 -1
39 95 -1
39 100 -1
39 101 -1
39 109 1
39 110 -1
40 41 -1
40 42 -1
40 43 -1
40 44 1
40 46 1
40 47 -1
40 48 -1
40 49 -1
40 50 -1
40 53 -1
40 54 -1
40 57 -1
40 58 -1
40 59 -1
40 64 -1
40 65 1
40 67 -1
40 68 -1
40 69 -1
40 70 -1
40 71 -1
40 73 -1
40 75 -1
40 78 -1
40 79 -1
40 81 -1
40 83 -1
40 84 -1
40 85 -1
40 88 -1
40 89 -1
40 91 -1
40 92 1
40 93 -1
40 94 -1
40 95 -1
40 96 -1
40 97 -1
40 98 -1
40 103 -1
40 104 1
40 105 1
40 106 -1
40 107 1
40 108 -1
40 109 -1
41 42 -1
41 43 -1
41 47 -1
41 48 -1
41 54 -1
41 57 -1
41 58 -1
41 59 1
41 62 -1
41 64 -1
41 66 -1
41 69 -1
41 70 1
41 73 -1
41 74 -1
41 76 -1
41 77 -1
41 82 -1
41 85 -1
41 86 -1
41 89 1
41 90 -1
41 93 -1
41 95 -1
41 96 -1
41 98 -1
41 99 -1
41 100 1
41 101 -1
41 102 1
41 103 -1
41 108 1
41 109 -1
42 45 1
42 46 -1
42 47 -1
42 50 -1
42 52 -1
42 54 1
42 56 -1
42 62 1
42 66 -1
42 67 1
42 68 -1
42 69 -1
42 70 -1
42 71 1
42 72 -1
42 76 -1
42 77 -1
42 81 -1
42 84 1
42 86 1
42 88 1
42 91 -1
42 92 -1
42 94 -1
42 96 1
42 97 -1
42 98 -1
42 99 1
42 104 -1
42 105 -1
42 106 -1
42 107 -1
42 109 -1
43 44 -1
43 48 1
43 49 -1
43 50 1
43 53 -1
43 54 -1
43 55 -1
43 57 -1
43 58 1
43 59 -1
43 62 -1
43 65 -1
43 67 -1
43 68 1
43 69 1
43 73 -1
43 77 -1
43 79 -1
43 80 -1
43 84 -1
43 85 -1
43 87 1
43 88 -1
43 89 -1
43 95 -1
43 96 -1
43 101 -1
43 104 -1
43 105 -1
43 108 -1
43 109 1
43 110 -1
44 45 -1
44 46 1
44 48 -1
44 50 -1
44 54 -1
44 55 -1
44 56 -1
44 57 -1
44 58 -1
44 60 -1
44 62 -1
44 64 -1
44 65 1
44 67 -1
44 68 -1
44 70 -1
44 75 -1
44 79 -1
44 84 -1
44 87 -1
44 89 -1
44 92 1
44 94 -1
44 95 -1
44 96 -1
44 97 -1
44 99 -1
44 102 -1
44 104 1
44 105 1
44 106 -1
44 107 1
44 108 -1
44 110 -1
45 47 -1
45 49 -1
45 50 -1
45 54 1
45 57 -1
45 60 -1
45 62 1
45 63 -1
45 64 -1
45 67 1
45 68 -1
45 69 -1
45 71 1
45 74 -1
45 75 -1
45 76 -1
45 77 -1
45 80 -1
45 81 1
45 82 -1
45 83 -1
45 84 1
45 85 -1
45 86 1
45 88 1
45 91 -1
45 96 1
45 98 -1
45 99 1
45 100 -1
45 101 -1
45 102 -1
45 103 -1
45 106 -1
45 108 -1
45 109 -1
46 48 -1
46 49 -1
46 50 -1
46 51 -1
46 52 -1
46 54 -1
46 56 -1
46 58 -1
46 61 -1
46 65 1
46 66 -1
46 69 -1
46 71 -1
46 72 -1
46 74 -1
46 75 -1
46 77 -1
46 81 -1
46 82 -1
46 92 1
46 93 -1
46 94 -1
46 99 -1
46 101 -1
46 103 -1
46 104 1
46 105 1
46 107 1
47 48 -1
47 51 -1
47 54 -1
47 55 -1
47 56 -1
47 60 1
47 61 1
47 62 -1
47 64 1
47 68 -1
47 70 -1
47 72 1
47 73 -1
47 79 -1
47 80 -1
47 83 -1
47 84 -1
47 85 -1
47 87 -1
47 88 -1
47 89 -1
47 92 -1
47 93 -1
47 94 1
47 95 1
47 96 -1
47 101 -1
47 102 -1
47 103 1
47 106 -1
47 107 -1
47 108 -1
47 110 1
48 50 1
48 52 -1
48 53 -1
48 54 -1
48 55 -1
48 56 -1
48 59 -1
48 61 -1
48 63 -1
48 66 -1
48 68 1
48 69 1
48 70 -1
48 71 -1
48 72 -1
48 73 -1
48 74 -1
48 76 -1
48 79 -1
48 81 -1
48 82 -1
48 84 -1
48 87 1
48 88 -1
48 90 -1
48 91 -1
48 93 -1
48 96 -1
48 97 -1
48 104 -1
48 106 -1
48 109 1
49 50 -1
49 52 -1
49 54 -1
49 55 -1
49 56 -1
49 59 -1
49 60 -1
49 61 -1
49 62 -1
49 66 1
49 68 -1
49 72 -1
49 73 -1
49 77 1
49 78 1
49 80 -1
49 82 1
49 83 1
49 86 -1
49 87 -1
49 89 -1
49 90 -1
49 92 -1
49 93 -1
49 97 1
49 98 1
49 99 -1
49 101 1
49 102 -1
49 103 -1
49 104 -1
49 105 -1
49 106 -1
49 107 -1
49 108 -1
50 54 -1
50 55 -1
50 56 -1
50 57 -1
50 58 1
50 59 -1
50 63 -1
50 64 -1
50 65 -1
50 66 -1
50 68 1
50 69 1
50 72 -1
50 73 -1
50 74 -1
50 76 -1
50 78 -1
50 82 -1
50 83 -1
50 84 -1
50 86 -1
50 89 -1
50 91 1
50 93 1
50 95 -1
50 96 -1
50 97 -1
50 98 -1
50 99 -1
50 100 -1
50 101 -1
50 103 -1
50 109 1
50 110 -1
51 53 -1
51 55 -1
51 60 1
51 63 -1
51 66 -1
51 68 -1
51 69 -1
51 72 -1
51 73 -1
51 76 -1
51 77 -1
51 78 -1
51 79 1
51 80 1
51 81 -1
51 82 -1
51 86 -1
51 88 -1
51 91 -1
51 92 -1
51 94 1
51 96 -1
51 99 -1
51 101 -1
51 104 -1
51 106 -1
51 108 -1
51 109 -1
52 55 1
52 57 -1
52 63 1
52 65 -1
52 69 -1
52 70 1
52 73 1
52 74 1
52 75 1
52 78 -1
52 79 -1
52 80 -1
52 81 -1
52 83 -1
52 86 -1
52 87 -1
52 89 1
52 91 -1
52 100 1
52 104 -1
52 105 -1
52 108 1
53 54 -1
53 56 1
53 57 1
53 60 -1
53 62 -1
53 66 -1
53 68 -1
53 73 -1
53 74 -1
53 75 -1
53 76 1
53 77 -1
53 82 -1
53 83 -1
53 84 -1
53 85 -1
53 86 -1
53 88 -1
53 90 1
53 91 -1
53 93 -1
53 94 -1
53 95 -1
53 97 -1
53 98 -1
53 99 -1
53 103 -1
53 106 1
54 57 -1
54 58 -1
54 61 -1
54 62 1
54 67 1
54 69 -1
54 70 -1
54 71 1
54 72 -1
54 75 -1
54 80 -1
54 81 1
54 82 -1
54 84 1
54 86 1
54 87 -1
54 88 1
54 90 -1
54 91 -1
54 93 -1
54 94 -1
54 96 1
54 98 -1
54 99 1
54 103 -1
54 104 -1
54 107 -1
54 108 -1
55 56 -1
55 58 -1
55 59 -1
55 60 -1
55 62 -1
55 63 1
55 66 -1
55 68 -1
55 70 1
55 72 -1
55 73 1
55 74 1
55 75 1
55 77 -1
55 81 -1
55 82 -1
55 84 -1
55 88 -1
55 89 1
55 90 -1
55 92 -1
55 93 -1
55 95 -1
55 96 -1
55 97 -1
55 100 1
55 101 -1
55 104 -1
55 108 1
55 110 -1
56 57 1
56 59 -1
56 61 -1
56 62 -1
56 63 -1
56 66 -1
56 69 -1
56 70 -1
56 71 -1
56 72 -1
56 75 -1
56 76 1
56 77 -1
56 80 -1
56 83 -1
56 84 -1
56 93 -1
56 95 -1
56 103 -1
56 109 -1
57 59 -1
57 62 -1
57 66 -1
57 71 -1
57 76 1
57 77 -1
57 79 -1
57 80 -1
57 82 -1
57 87 -1
57 88 -1
57 92 -1
57 96 -1
57 97 -1
57 100 -1
57 105 -1
57 110 -1
58 61 -1
58 62 -1
58 68 1
58 69 1
58 71 -1
58 72 -1
58 73 -1
58 78 -1
58 79 -1
58 87 -1
58 88 -1
58 89 -1
58 90 -1
58 91 1
58 93 1
58 94 -1
58 97 -1
58 99 -1
58 100 -1
58 102 -1
58 103 -1
58 105 -1
58 108 -1
58 109 1
58 110 -1
59 60 -1
59 61 -1
59 62 -1
59 66 -1
59 70 1
59 72 -1
59 74 -1
59 77 -1
59 81 -1
59 82 -1
59 83 -1
59 87 -1
59 88 -1
59 89 1
59 91 -1
59 92 -1
59 93 -1
59 96 -1
59 97 -1
59 100 1
59 102 1
59 103 -1
59 104 -1
59 106 -1
59 108 1
59 109 -1
59 110 -1
60 61 1
60 63 -1
60 64 -1
60 67 -1
60 71 -1
60 72 1
60 75 -1
60 76 -1
60 77 -1
60 81 -1
60 82 -1
60 84 -1
60 91 -1
60 94 1
60 95 1
60 96 -1
60 97 -1
60 98 -1
60 103 1
60 105 -1
60 110 -1
61 63 -1
61 64 1
61 67 -1
61 69 -1
61 72 1
61 73 -1
61 82 -1
61 83 -1
61 84 -1
61 85 -1
61 86 -1
61 87 -1
61 88 -1
61 89 -1
61 91 -1
61 92 -1
61 94 1
61 95 1
61 96 -1
61 98 -1
61 99 -1
61 101 -1
61 102 -1
61 103 1
61 104 -1
61 106 -1
61 107 -1
61 108 -1
61 110 1
62 64 -1
62 65 -1
62 67 1
62 68 -1
62 69 -1
62 70 -1
62 71 1
62 72 -1
62 78 -1
62 80 -1
62 82 -1
62 84 1
62 86 1
62 88 1
62 89 -1
62 90 -1
62 94 -1
62 95 -1
62 96 1
62 97 -1
62 99 1
62 100 -1
62 101 -1
62 102 -1
62 103 -1
62 105 -1
62 106 -1
62 108 -1
63 69 -1
63 70 -1
63 72 -1
63 73 1
63 74 1
63 75 1
63 76 -1
63 77 -1
63 79 -1
63 82 -1
63 85 -1
63 88 -1
63 90 -1
63 92 -1
63 93 -1
63 95 -1
63 98 -1
63 100 -1
63 101 -1
63 102 -1
63 103 -1
63 106 -1
63 107 -1
63 110 -1
64 65 -1
64 70 -1
64 72 1
64 73 -1
64 74 -1
64 76 -1
64 77 1
64 78 -1
64 79 -1
64 82 1
64 84 -1
64 85 -1
64 87 -1
64 88 -1
64 89 -1
64 91 -1
64 94 -1
64 95 1
64 97 -1
64 100 -1
64 103 1
64 107 -1
64 109 -1
64 110 1
65 68 -1
65 69 -1
65 71 -1
65 72 -1
65 73 -1
65 74 -1
65 75 -1
65 77 -1
65 78 -1
65 80 -1
65 81 -1
65 82 -1
65 83 -1
65 84 -1
65 85 1
65 86 -1
65 88 -1
65 92 -1
65 98 -1
65 99 -1
65 101 -1
65 103 -1
65 105 1
65 107 1
65 108 -1
65 110 -1
66 67 -1
66 70 -1
66 72 -1
66 73 -1
66 76 -1
66 77 -1
66 78 1
66 81 -1
66 83 1
66 84 -1
66 85 -1
66 87 -1
66 88 -1
66 89 -1
66 90 -1
66 91 -1
66 92 1
66 93 -1
66 96 -1
66 97 -1
66 98 1
66 99 -1
66 101 1
66 102 -1
66 103 -1
66 104 1
66 105 -1
66 107 -1
67 69 -1
67 70 -1
67 71 1
67 74 -1
67 76 -1
67 78 -1
67 83 -1
67 84 1
67 85 -1
67 86 1
67 88 1
67 89 -1
67 92 -1
67 93 -1
67 95 -1
67 96 1
67 97 -1
67 99 1
67 107 -1
68 69 1
68 70 -1
68 71 -1
68 72 -1
68 73 -1
68 75 -1
68 78 -1
68 86 -1
68 88 -1
68 90 -1
68 91 1
68 92 -1
68 93 1
68 96 -1
68 98 -1
68 100 -1
68 103 -1
68 105 -1
68 107 -1
68 109 1
68 110 -1
69 70 -1
69 71 -1
69 78 -1
69 81 -1
69 83 -1
69 87 1
69 88 -1
69 89 -1
69 90 -1
69 91 -1
69 93 -1
69 94 -1
69 95 -1
69 96 -1
69 100 -1
69 101 -1
69 103 -1
69 106 -1
69 107 -1
69 108 -1
69 109 1
69 110 -1
70 71 -1
70 73 1
70 75 1
70 77 -1
70 78 -1
70 79 -1
70 81 -1
70 82 -1
70 84 -1
70 85 -1
70 89 1
70 93 -1
70 95 -1
70 98 -1
70 100 1
70 102 1
70 104 -1
70 106 -1
70 107 -1
70 108 1
70 109 -1
71 72 -1
71 75 -1
71 78 -1
71 79 -1
71 80 -1
71 84 1
71 86 1
71 88 1
71 89 -1
71 91 -1
71 93 -1
71 96 1
71 97 -1
71 99 1
71 100 -1
71 101 -1
71 102 -1
71 103 -1
71 110 -1
72 73 -1
72 75 -1
72 78 -1
72 81 -1
72 82 -1
72 86 -1
72 87 -1
72 94 -1
72 95 1
72 98 -1
72 99 -1
72 100 -1
72 103 1
72 106 -1
72 108 -1
72 110 1
73 74 1
73 75 1
73 78 -1
73 81 -1
73 83 -1
73 84 -1
73 85 -1
73 86 -1
73 89 1
73 90 -1
73 91 -1
73 96 -1
73 97 -1
73 98 -1
73 99 -1
73 100 1
73 101 -1
73 103 -1
73 104 -1
73 106 -1
73 108 1
74 75 1
74 76 -1
74 79 -1
74 82 -1
74 85 -1
74 86 -1
74 87 -1
74 89 -1
74 91 -1
74 97 -1
74 99 -1
74 102 -1
75 81 -1
75 85 -1
75 87 -1
75 88 -1
75 89 -1
75 92 -1
75 94 -1
75 97 -1
75 98 -1
75 105 -1
76 77 -1
76 78 -1
76 79 1
76 80 1
76 83 -1
76 84 -1
76 87 -1
76 88 -1
76 90 1
76 99 -1
76 100 -1
76 102 -1
76 103 -1
76 104 -1
76 106 1
76 107 -1
77 78 1
77 82 1
77 83 1
77 87 -1
77 88 -1
77 89 -1
77 90 -1
77 91 -1
77 92 -1
77 95 -1
77 97 1
77 98 1
77 100 -1
77 101 1
77 102 -1
77 103 -1
77 104 -1
77 108 -1
77 109 -1
77 110 1
78 81 -1
78 82 1
78 83 1
78 85 -1
78 87 -1
78 89 -1
78 91 -1
78 93 -1
78 94 -1
78 96 -1
78 97 1
78 98 1
78 99 -1
78 101 1
78 103 -1
78 104 -1
78 106 -1
78 109 -1
78 110 1
79 80 1
79 81 -1
79 83 -1
79 85 -1
79 90 1
79 91 -1
79 92 -1
79 93 -1
79 94 1
79 100 -1
79 105 -1
79 106 1
79 107 -1
79 108 -1
80 83 -1
80 87 -1
80 88 -1
80 89 -1
80 90 1
80 92 -1
80 93 -1
80 94 1
80 95 -1
80 96 -1
80 101 -1
80 103 -1
80 104 -1
80 106 1
80 107 -1
81 82 -1
81 85 1
81 86 -1
81 90 -1
81 92 -1
81 93 -1
81 95 -1
81 99 -1
81 100 -1
81 106 -1
81 108 -1
81 110 -1
82 83 1
82 86 -1
82 88 -1
82 90 -1
82 91 -1
82 92 -1
82 94 -1
82 95 -1
82 97 1
82 98 1
82 101 1
82 103 -1
82 105 -1
82 109 -1
82 110 1
83 86 -1
83 89 -1
83 90 -1
83 91 -1
83 93 -1
83 95 -1
83 96 -1
83 97 1
83 98 1
83 101 1
83 103 -1
83 104 -1
83 106 -1
83 107 -1
83 110 1
84 85 -1
84 86 1
84 88 1
84 90 -1
84 91 -1
84 92 -1
84 95 -1
84 96 1
84 97 -1
84 99 1
84 102 -1
84 103 -1
84 104 -1
84 105 -1
84 109 -1
84 110 -1
85 87 -1
85 88 -1
85 94 -1
85 95 -1
85 96 -1
85 97 -1
85 98 -1
85 101 -1
85 103 -1
85 105 1
85 106 -1
85 107 1
85 110 -1
86 88 1
86 89 -1
86 92 -1
86 93 -1
86 96 1
86 98 -1
86 99 1
86 103 -1
86 105 -1
86 107 -1
87 89 -1
87 90 -1
87 94 -1
87 96 -1
87 98 -1
87 100 -1
87 101 -1
87 105 -1
87 106 -1
87 108 -1
87 109 1
87 110 -1
88 89 -1
88 90 -1
88 91 -1
88 94 -1
88 95 -1
88 96 1
88 99 1
88 100 -1
88 104 -1
88 105 -1
88 108 -1
88 109 -1
89 90 -1
89 91 -1
89 96 -1
89 99 -1
89 100 1
89 102 1
89 103 -1
89 104 -1
89 105 -1
89 108 1
89 109 -1
90 91 -1
90 93 -1
90 95 -1
90 97 -1
90 100 -1
90 103 -1
90 105 -1
90 106 1
90 108 -1
90 110 -1
91 92 -1
91 93 1
91 94 -1
91 97 -1
91 99 -1
91 100 -1
91 101 -1
91 107 -1
91 109 -1
92 93 -1
92 94 -1
92 95 -1
92 97 -1
92 98 -1
92 99 -1
92 103 -1
92 104 1
92 107 -1
92 108 -1
92 109 -1
92 110 -1
93 95 -1
93 96 -1
93 98 -1
93 103 -1
93 104 -1
93 107 -1
93 109 1
94 98 -1
94 102 -1
94 103 -1
94 104 -1
94 105 -1
94 106 -1
94 107 -1
94 109 -1
95 96 -1
95 97 -1
95 99 -1
95 100 -1
95 101 -1
95 103 1
95 104 -1
95 105 -1
95 106 -1
95 107 -1
95 110 1
96 98 -1
96 99 1
96 103 -1
96 104 -1
96 108 -1
96 109 -1
96 110 -1
97 98 1
97 99 -1
97 100 -1
97 101 1
97 102 -1
97 103 -1
97 104 -1
97 106 -1
97 107 -1
97 110 1
98 100 -1
98 101 1
98 107 -1
98 108 -1
98 109 -1
98 110 -1
99 102 -1
99 105 -1
99 108 -1
99 110 -1
100 101 -1
100 102 1
100 104 -1
100 105 -1
100 106 -1
100 107 -1
100 108 1
100 109 -1
100 110 -1
101 102 -1
101 103 -1
101 104 -1
101 106 -1
101 107 -1
102 103 -1
102 105 -1
102 108 1
103 106 -1
103 110 1
104 105 1
104 107 1
104 108 -1
104 109 -1
104 110 -1
105 107 1
107 110 -1
