vertices: 150 edges: 2359
1 2 1
1 4 -1
1 7 1
1 10 1
1 13 1
1 14 1
1 19 1
1 21 1
1 27 -1
1 29 -1
1 36 1
1 37 -1
1 39 1
1 40 -1
1 41 -1
1 43 -1
1 50 1
1 53 1
1 63 -1
1 75 1
1 83 1
1 90 -1
1 93 -1
1 98 -1
1 100 -1
1 110 1
1 116 1
1 121 1
1 127 -1
1 133 -1
1 143 -1
1 150 -1
2 7 1
2 10 1
2 13 1
2 14 1
2 19 1
2 21 1
2 25 -1
2 28 -1
2 31 -1
2 32 -1
2 39 1
2 41 -1
2 43 -1
2 46 1
2 49 -1
2 50 1
2 53 1
2 62 1
2 75 1
2 76 1
2 83 1
2 94 -1
2 103 -1
2 110 1
2 111 1
2 116 1
2 118 -1
2 123 -1
2 126 1
2 131 -1
2 136 -1
2 142 -1
2 146 1
2 148 -1
2 150 1
3 5 -1
3 24 -1
3 31 -1
3 54 1
3 56 1
3 59 1
3 61 1
3 64 -1
3 71 -1
3 73 -1
3 83 -1
3 85 1
3 86 1
3 88 -1
3 94 -1
3 95 -1
3 97 -1
3 106 -1
3 115 -1
3 118 1
3 119 -1
3 120 1
3 125 -1
3 139 -1
3 142 1
3 143 1
3 147 1
3 150 -1
4 8 1
4 18 -1
4 30 1
4 33 1
4 35 -1
4 36 -1
4 41 -1
4 46 -1
4 51 -1
4 55 -1
4 57 -1
4 64 -1
4 67 1
4 68 1
4 69 1
4 74 -1
4 78 1
4 81 1
4 82 -1
4 84 1
4 93 -1
4 95 -1
4 98 1
4 99 -1
4 101 -1
4 108 1
4 109 1
4 113 -1
4 114 1
4 119 -1
4 125 -1
4 128 -1
4 133 -1
4 141 -1
4 146 -1
5 7 -1
5 11 -1
5 12 -1
5 15 1
5 18 -1
5 20 -1
5 22 1
5 26 1
5 27 1
5 31 1
5 33 -1
5 38 1
5 41 1
5 43 -1
5 47 -1
5 49 1
5 51 1
5 52 1
5 54 -1
5 57 -1
5 62 -1
5 63 -1
5 71 -1
5 76 -1
5 77 1
5 80 1
5 84 -1
5 93 1
5 94 1
5 105 1
5 112 1
5 116 -1
5 122 -1
5 126 -1
5 127 1
5 128 1
5 130 1
5 131 1
5 132 -1
5 133 1
5 135 1
5 136 -1
5 138 1
5 139 -1
5 144 1
5 145 1
5 149 1
6 11 -1
6 17 1
6 19 -1
6 21 -1
6 27 -1
6 38 -1
6 45 1
6 48 1
6 49 -1
6 56 1
6 58 1
6 61 1
6 74 -1
6 75 -1
6 80 -1
6 85 1
6 86 1
6 88 1
6 92 1
6 105 -1
6 109 -1
6 118 1
6 119 1
6 120 -1
6 129 -1
6 134 -1
6 138 -1
6 142 1
6 147 1
7 10 1
7 11 -1
7 13 1
7 14 1
7 17 -1
7 19 1
7 20 -1
7 21 1
7 32 -1
7 33 -1
7 36 1
7 39 1
7 40 -1
7 46 -1
7 50 1
7 52 -1
7 53 1
7 58 -1
7 73 -1
7 75 1
7 82 -1
7 83 1
7 92 -1
7 95 -1
7 98 -1
7 107 -1
7 110 1
7 116 1
7 121 1
7 125 -1
7 133 -1
7 136 -1
7 137 -1
7 146 1
7 149 -1
8 20 -1
8 30 1
8 34 1
8 37 -1
8 43 1
8 64 -1
8 68 1
8 69 1
8 72 -1
8 73 -1
8 74 -1
8 78 1
8 81 1
8 84 1
8 100 1
8 101 -1
8 103 1
8 104 1
8 105 -1
8 108 1
8 128 -1
8 134 -1
8 138 -1
8 139 -1
8 140 -1
9 25 1
9 27 1
9 30 1
9 31 1
9 34 1
9 38 1
9 42 -1
9 43 1
9 47 1
9 51 1
9 54 -1
9 65 -1
9 67 -1
9 70 1
9 72 -1
9 90 -1
9 93 1
9 100 1
9 103 1
9 104 1
9 105 1
9 108 -1
9 112 1
9 113 -1
9 115 -1
9 123 1
9 127 1
9 130 1
9 133 1
9 134 1
9 144 1
10 13 1
10 14 1
10 15 -1
10 19 1
10 21 1
10 28 -1
10 39 1
10 40 -1
10 50 1
10 51 -1
10 53 1
10 56 -1
10 63 -1
10 75 1
10 80 -1
10 83 1
10 93 -1
10 101 -1
10 104 -1
10 110 1
10 116 1
10 117 -1
10 121 1
10 122 -1
10 128 -1
10 135 -1
10 146 1
11 20 1
11 24 1
11 25 -1
11 27 -1
11 28 1
11 37 -1
11 45 -1
11 56 -1
11 59 -1
11 60 1
11 62 -1
11 72 1
11 79 -1
11 82 1
11 86 -1
11 90 -1
11 96 1
11 99 1
11 113 1
11 115 1
11 116 -1
11 121 -1
11 122 1
11 127 -1
11 129 1
11 132 1
11 141 1
11 145 -1
11 146 -1
12 23 1
12 36 1
12 40 1
12 42 -1
12 44 -1
12 55 1
12 57 1
12 63 1
12 68 -1
12 71 1
12 79 1
12 83 -1
12 86 -1
12 91 -1
12 95 -1
12 99 -1
12 103 -1
12 109 -1
12 117 -1
12 121 1
12 124 1
12 128 -1
12 132 -1
12 137 1
12 139 -1
12 143 -1
13 14 1
13 19 1
13 21 1
13 27 -1
13 39 1
13 50 1
13 53 1
13 59 -1
13 62 1
13 72 -1
13 75 1
13 76 1
13 83 1
13 89 -1
13 91 -1
13 93 -1
13 96 -1
13 107 -1
13 109 -1
13 110 1
13 111 1
13 116 1
13 126 1
13 127 -1
13 146 1
13 150 1
14 16 -1
14 19 1
14 21 1
14 29 -1
14 36 1
14 39 1
14 50 1
14 53 1
14 57 1
14 61 -1
14 73 -1
14 75 1
14 82 -1
14 83 1
14 91 -1
14 110 1
14 113 -1
14 116 1
14 121 1
14 122 -1
14 124 1
15 16 -1
15 21 -1
15 22 1
15 26 1
15 27 1
15 31 1
15 38 1
15 41 1
15 47 -1
15 49 1
15 50 -1
15 51 1
15 52 1
15 53 -1
15 54 -1
15 77 -1
15 80 1
15 87 -1
15 93 1
15 94 1
15 105 1
15 108 -1
15 112 1
15 123 -1
15 127 1
15 128 1
15 130 1
15 133 1
15 135 1
15 138 1
15 139 -1
15 143 -1
15 144 1
15 146 -1
15 149 1
16 18 1
16 23 1
16 28 -1
16 29 1
16 31 -1
16 42 1
16 43 -1
16 44 1
16 51 -1
16 55 1
16 62 -1
16 63 1
16 64 1
16 65 1
16 71 1
16 79 1
16 80 -1
16 89 1
16 91 -1
16 93 -1
16 96 -1
16 100 -1
16 101 -1
16 106 1
16 111 -1
16 118 -1
16 123 -1
16 125 1
16 130 -1
16 135 -1
16 137 1
16 140 1
16 144 -1
16 149 -1
17 18 -1
17 20 -1
17 26 -1
17 30 -1
17 32 1
17 39 -1
17 45 1
17 46 -1
17 48 1
17 51 -1
17 58 1
17 66 -1
17 71 -1
17 74 1
17 88 1
17 95 -1
17 96 -1
17 97 1
17 98 -1
17 114 -1
17 119 1
17 122 -1
17 125 -1
17 133 -1
18 23 -1
18 29 1
18 39 -1
18 41 -1
18 42 1
18 43 -1
18 44 1
18 47 -1
18 64 1
18 65 1
18 72 -1
18 73 1
18 87 -1
18 89 1
18 99 -1
18 106 1
18 109 -1
18 116 -1
18 120 -1
18 125 1
18 129 -1
18 130 -1
18 132 -1
18 137 1
18 140 1
18 142 -1
18 146 -1
19 21 1
19 24 -1
19 29 -1
19 32 -1
19 37 -1
19 38 -1
19 39 1
19 50 1
19 53 1
19 60 -1
19 62 1
19 63 -1
19 67 -1
19 74 -1
19 75 1
19 76 1
19 83 1
19 93 -1
19 106 -1
19 107 -1
19 109 -1
19 110 1
19 111 1
19 116 1
19 117 -1
19 126 1
19 127 -1
19 128 -1
19 132 -1
19 136 -1
19 138 -1
19 141 -1
19 146 1
19 150 1
20 28 1
20 31 -1
20 45 -1
20 60 1
20 66 1
20 72 1
20 78 -1
20 79 -1
20 82 1
20 90 -1
20 91 1
20 95 1
20 96 1
20 99 1
20 113 1
20 115 1
20 117 1
20 132 1
20 133 -1
20 134 -1
20 138 -1
20 141 1
21 23 -1
21 28 -1
21 32 -1
21 34 -1
21 39 1
21 42 -1
21 50 1
21 53 1
21 60 -1
21 75 1
21 76 -1
21 83 1
21 101 -1
21 103 -1
21 105 -1
21 107 -1
21 110 1
21 111 -1
21 116 1
21 121 1
21 129 -1
21 131 -1
21 133 -1
21 146 1
22 25 -1
22 26 1
22 27 1
22 30 -1
22 31 1
22 38 1
22 40 -1
22 41 1
22 47 -1
22 49 1
22 51 1
22 52 1
22 53 -1
22 59 -1
22 80 1
22 86 -1
22 88 -1
22 93 1
22 94 1
22 97 -1
22 105 1
22 112 1
22 124 -1
22 127 1
22 128 1
22 130 1
22 131 1
22 133 1
22 134 -1
22 135 1
22 136 -1
22 138 1
22 141 -1
22 144 1
22 145 1
22 149 1
23 25 -1
23 32 -1
23 36 -1
23 40 1
23 42 1
23 46 -1
23 50 -1
23 55 1
23 57 1
23 63 1
23 64 1
23 67 -1
23 71 1
23 79 1
23 89 -1
23 96 -1
23 100 -1
23 137 1
23 143 -1
24 32 1
24 35 1
24 39 -1
24 40 -1
24 41 -1
24 43 -1
24 47 -1
24 56 -1
24 61 -1
24 72 1
24 77 -1
24 88 -1
24 96 1
24 97 1
24 99 1
24 115 1
24 117 -1
24 122 1
24 127 -1
24 129 1
24 141 1
24 150 -1
25 27 1
25 30 1
25 34 1
25 38 1
25 43 1
25 44 -1
25 47 1
25 49 -1
25 51 1
25 55 -1
25 65 -1
25 68 1
25 70 1
25 71 -1
25 80 -1
25 81 1
25 83 -1
25 93 1
25 100 1
25 103 1
25 104 1
25 105 1
25 112 1
25 120 -1
25 123 1
25 127 -1
25 129 -1
25 130 1
25 133 1
25 134 1
25 144 1
25 148 -1
26 37 1
26 41 1
26 46 1
26 49 1
26 52 1
26 53 -1
26 62 1
26 69 -1
26 76 1
26 77 1
26 80 1
26 83 -1
26 84 -1
26 87 1
26 90 1
26 91 -1
26 94 1
26 102 -1
26 111 1
26 115 -1
26 116 -1
26 126 1
26 128 1
26 131 1
26 134 -1
26 135 1
26 138 1
26 139 1
26 145 1
26 146 -1
26 149 1
26 150 1
27 31 1
27 34 1
27 37 -1
27 38 1
27 41 1
27 47 1
27 48 -1
27 51 1
27 54 -1
27 59 -1
27 70 1
27 80 1
27 90 -1
27 91 -1
27 93 1
27 94 1
27 105 1
27 112 1
27 123 1
27 125 -1
27 127 1
27 128 1
27 130 1
27 133 1
27 134 1
27 138 1
27 144 1
27 149 1
28 40 -1
28 47 -1
28 49 -1
28 55 -1
28 60 1
28 66 1
28 67 -1
28 72 1
28 75 -1
28 82 1
28 86 -1
28 91 1
28 93 -1
28 95 1
28 96 1
28 99 1
28 100 -1
28 101 1
28 102 1
28 107 -1
28 113 1
28 115 1
28 117 1
28 128 -1
28 132 1
28 136 1
28 141 1
29 32 -1
29 33 -1
29 42 1
29 44 1
29 47 -1
29 49 -1
29 55 -1
29 63 1
29 64 1
29 65 1
29 73 1
29 79 1
29 80 -1
29 89 1
29 92 -1
29 104 -1
29 106 1
29 113 -1
29 125 1
29 136 -1
29 137 1
29 140 1
29 150 -1
30 34 1
30 36 -1
30 40 -1
30 43 1
30 47 1
30 52 -1
30 53 -1
30 57 -1
30 68 1
30 69 1
30 70 1
30 71 -1
30 81 1
30 84 1
30 93 -1
30 100 1
30 103 1
30 104 1
30 108 1
30 115 -1
30 123 1
30 124 -1
30 126 -1
30 146 -1
31 38 1
31 41 1
31 46 -1
31 49 1
31 51 1
31 69 -1
31 70 1
31 71 -1
31 72 -1
31 76 -1
31 78 -1
31 80 1
31 93 1
31 94 1
31 105 1
31 112 1
31 117 -1
31 119 -1
31 122 -1
31 123 1
31 125 -1
31 127 1
31 128 1
31 130 1
31 133 1
31 134 1
31 138 1
31 141 -1
31 144 1
31 149 1
32 35 1
32 39 -1
32 40 -1
32 43 -1
32 45 1
32 55 -1
32 58 1
32 59 -1
32 66 -1
32 68 -1
32 69 -1
32 74 1
32 91 -1
32 97 1
32 105 -1
32 111 -1
32 114 -1
32 119 -1
32 122 1
32 129 1
32 139 -1
33 34 -1
33 37 -1
33 41 -1
33 55 -1
33 65 -1
33 67 1
33 69 1
33 72 -1
33 78 1
33 80 -1
33 97 -1
33 98 1
33 100 -1
33 101 1
33 107 1
33 108 1
33 109 1
33 114 1
33 121 -1
33 134 -1
33 136 -1
33 140 -1
33 148 1
34 40 -1
34 43 1
34 47 1
34 50 -1
34 51 1
34 59 -1
34 61 -1
34 68 1
34 70 1
34 71 -1
34 78 -1
34 81 1
34 84 1
34 86 -1
34 93 1
34 100 1
34 103 1
34 104 1
34 105 1
34 106 -1
34 112 1
34 123 1
34 130 1
34 134 1
34 139 -1
34 140 -1
34 142 -1
34 144 1
35 54 -1
35 60 -1
35 62 -1
35 70 -1
35 72 -1
35 74 1
35 75 -1
35 77 -1
35 83 -1
35 94 -1
35 96 -1
35 97 1
35 98 -1
35 104 -1
35 120 -1
35 122 1
35 129 1
35 132 -1
35 142 -1
36 37 -1
36 40 1
36 43 -1
36 57 1
36 71 1
36 72 -1
36 75 1
36 83 1
36 84 -1
36 89 -1
36 103 -1
36 113 -1
36 121 1
36 124 1
36 127 -1
36 143 -1
37 38 -1
37 40 -1
37 45 -1
37 46 1
37 49 1
37 52 1
37 53 1
37 56 -1
37 62 1
37 68 -1
37 76 1
37 77 1
37 80 1
37 82 -1
37 83 -1
37 87 1
37 90 1
37 96 -1
37 98 -1
37 110 1
37 111 1
37 124 -1
37 126 1
37 131 1
37 132 -1
37 135 1
37 138 1
37 139 1
37 142 -1
37 145 1
37 146 1
37 150 1
38 41 1
38 49 1
38 50 -1
38 51 1
38 53 -1
38 70 1
38 80 1
38 88 -1
38 93 1
38 94 1
38 99 -1
38 105 1
38 109 -1
38 112 1
38 113 -1
38 117 -1
38 123 1
38 124 -1
38 127 1
38 128 1
38 130 1
38 133 1
38 134 1
38 136 -1
38 138 1
38 144 1
38 148 -1
38 149 1
39 47 -1
39 50 1
39 53 1
39 57 -1
39 62 1
39 66 -1
39 69 -1
39 75 1
39 76 1
39 83 1
39 85 -1
39 86 -1
39 99 -1
39 109 -1
39 110 1
39 111 1
39 112 -1
39 114 -1
39 116 1
39 122 -1
39 123 -1
39 124 -1
39 125 -1
39 126 1
39 127 -1
39 146 1
39 147 -1
39 150 1
40 46 -1
40 49 -1
40 50 -1
40 55 1
40 56 -1
40 57 1
40 63 1
40 71 1
40 74 -1
40 75 -1
40 77 -1
40 78 -1
40 79 1
40 97 -1
40 121 1
40 124 1
40 125 -1
40 131 -1
40 132 -1
40 139 -1
41 46 -1
41 49 1
41 51 1
41 52 1
41 56 -1
41 60 -1
41 66 -1
41 77 1
41 80 1
41 93 1
41 94 1
41 104 -1
41 105 1
41 106 -1
41 112 1
41 125 -1
41 127 1
41 128 1
41 130 1
41 131 1
41 133 1
41 134 -1
41 135 1
41 138 1
41 144 1
41 145 1
41 146 -1
41 148 -1
41 149 1
42 44 1
42 45 -1
42 49 -1
42 54 -1
42 55 1
42 63 1
42 64 1
42 65 1
42 66 -1
42 68 -1
42 71 1
42 78 -1
42 79 1
42 82 -1
42 89 1
42 104 -1
42 106 1
42 107 -1
42 110 -1
42 125 1
42 128 -1
42 131 -1
42 137 1
42 140 1
43 47 1
43 54 -1
43 56 -1
43 62 -1
43 68 1
43 69 1
43 70 1
43 80 -1
43 81 1
43 82 -1
43 84 1
43 86 -1
43 89 -1
43 100 1
43 103 1
43 104 1
43 108 1
43 109 -1
43 120 -1
43 123 1
43 133 -1
43 134 1
43 143 -1
43 149 -1
44 52 -1
44 58 -1
44 59 -1
44 63 1
44 64 1
44 65 1
44 70 -1
44 73 1
44 75 -1
44 77 -1
44 78 -1
44 79 1
44 83 -1
44 89 1
44 91 -1
44 95 -1
44 105 -1
44 106 1
44 107 -1
44 108 -1
44 109 -1
44 112 -1
44 124 -1
44 125 1
44 128 -1
44 137 1
44 140 1
44 145 -1
44 148 -1
44 150 -1
45 47 -1
45 48 1
45 58 1
45 60 -1
45 62 -1
45 74 1
45 76 -1
45 85 -1
45 88 1
45 97 1
45 104 -1
45 117 -1
45 119 1
45 133 -1
45 135 -1
45 148 -1
46 47 -1
46 52 1
46 53 1
46 56 -1
46 60 -1
46 62 1
46 76 1
46 77 1
46 81 -1
46 87 1
46 90 1
46 102 -1
46 109 -1
46 110 1
46 111 1
46 118 -1
46 126 1
46 131 1
46 135 1
46 139 1
46 141 -1
46 145 1
46 146 1
46 150 1
47 51 1
47 64 -1
47 68 1
47 70 1
47 74 -1
47 81 1
47 82 -1
47 84 1
47 85 -1
47 90 -1
47 91 -1
47 93 1
47 100 1
47 103 1
47 104 1
47 105 1
47 112 1
47 121 -1
47 123 1
47 129 -1
47 130 1
47 131 -1
47 134 1
47 144 1
47 145 -1
47 148 -1
48 56 1
48 58 1
48 61 1
48 82 -1
48 85 1
48 86 1
48 88 1
48 92 1
48 95 -1
48 104 -1
48 105 -1
48 108 -1
48 118 1
48 119 1
48 122 -1
48 133 -1
48 137 -1
48 139 -1
48 141 -1
48 142 1
48 147 1
49 51 -1
49 52 1
49 54 -1
49 56 -1
49 61 -1
49 69 -1
49 77 1
49 80 1
49 84 -1
49 87 1
49 88 -1
49 90 1
49 94 1
49 118 -1
49 119 -1
49 122 -1
49 127 1
49 128 1
49 131 1
49 133 1
49 135 1
49 138 1
49 139 1
49 144 1
49 145 1
49 149 1
50 53 1
50 59 -1
50 67 -1
50 69 -1
50 71 -1
50 72 -1
50 75 1
50 76 1
50 78 -1
50 83 1
50 90 -1
50 94 -1
50 105 -1
50 110 1
50 111 1
50 115 -1
50 116 1
50 121 -1
50 126 1
50 129 -1
50 131 -1
50 133 -1
50 134 -1
50 137 -1
50 146 1
50 150 1
51 56 -1
51 70 1
51 71 -1
51 77 -1
51 80 1
51 81 -1
51 86 -1
51 93 1
51 94 1
51 98 -1
51 105 1
51 110 -1
51 112 1
51 117 -1
51 121 -1
51 123 1
51 127 1
51 128 1
51 130 1
51 132 -1
51 133 1
51 134 1
51 144 1
51 149 1
52 55 -1
52 62 1
52 66 -1
52 77 1
52 80 1
52 87 1
52 90 1
52 94 1
52 96 -1
52 97 -1
52 113 -1
52 115 -1
52 128 1
52 131 1
52 135 1
52 138 1
52 139 1
52 145 1
52 149 1
53 55 -1
53 62 1
53 65 -1
53 69 -1
53 71 -1
53 75 1
53 76 1
53 78 -1
53 81 -1
53 83 1
53 85 -1
53 86 -1
53 90 1
53 93 -1
53 103 -1
53 105 -1
53 107 -1
53 110 1
53 111 1
53 112 -1
53 116 1
53 126 1
53 146 1
53 150 1
54 59 1
54 61 1
54 73 -1
54 77 -1
54 86 1
54 88 -1
54 89 -1
54 120 1
54 128 -1
54 131 -1
54 134 -1
54 142 1
54 143 1
54 144 -1
54 147 1
55 57 1
55 63 1
55 64 1
55 71 1
55 75 -1
55 79 1
55 80 -1
55 81 -1
55 102 -1
55 103 -1
55 109 -1
55 116 -1
55 118 -1
55 122 -1
55 124 1
55 127 -1
55 137 1
55 140 -1
55 147 -1
56 59 1
56 61 1
56 67 -1
56 72 -1
56 76 -1
56 79 -1
56 85 1
56 86 1
56 88 1
56 92 1
56 96 -1
56 97 -1
56 116 -1
56 118 1
56 120 1
56 141 -1
56 142 1
56 143 1
56 145 -1
56 147 1
57 61 -1
57 62 -1
57 66 -1
57 71 1
57 81 -1
57 83 1
57 85 -1
57 105 -1
57 108 -1
57 109 -1
57 110 -1
57 113 -1
57 118 -1
57 121 1
57 124 1
57 133 -1
57 138 -1
57 145 -1
58 74 1
58 76 -1
58 82 -1
58 88 1
58 90 -1
58 94 -1
58 97 1
58 112 -1
58 115 -1
58 119 1
58 120 -1
58 136 -1
59 61 1
59 63 -1
59 67 -1
59 81 -1
59 85 1
59 86 1
59 92 1
59 93 -1
59 102 -1
59 111 -1
59 118 1
59 120 1
59 126 -1
59 133 -1
59 135 -1
59 142 1
59 143 1
59 147 1
60 66 1
60 72 1
60 77 -1
60 82 1
60 84 -1
60 88 -1
60 91 1
60 93 -1
60 95 1
60 96 1
60 99 1
60 100 -1
60 102 1
60 113 1
60 115 1
60 117 1
60 132 1
60 134 -1
60 141 1
60 150 -1
61 64 -1
61 68 -1
61 85 1
61 86 1
61 88 1
61 89 -1
61 92 1
61 118 1
61 120 1
61 121 -1
61 126 -1
61 138 -1
61 142 1
61 143 1
61 147 1
62 76 1
62 77 1
62 87 1
62 90 1
62 97 -1
62 109 -1
62 110 1
62 111 1
62 120 -1
62 126 1
62 131 1
62 135 1
62 139 1
62 145 1
62 146 1
62 150 1
63 64 1
63 68 -1
63 69 -1
63 71 1
63 79 1
63 83 -1
63 89 1
63 101 -1
63 108 -1
63 122 -1
63 124 -1
63 126 -1
63 133 -1
63 137 1
63 144 -1
64 65 1
64 69 -1
64 71 1
64 78 -1
64 79 1
64 89 1
64 106 1
64 107 -1
64 120 -1
64 125 1
64 129 -1
64 137 1
64 140 1
65 66 -1
65 73 1
65 74 -1
65 80 -1
65 85 -1
65 89 1
65 96 -1
65 101 -1
65 106 1
65 113 -1
65 116 -1
65 122 -1
65 125 1
65 136 -1
65 138 -1
65 140 1
66 71 -1
66 82 1
66 91 1
66 95 1
66 96 1
66 99 1
66 101 1
66 102 1
66 104 -1
66 113 1
66 117 1
66 123 -1
66 132 1
66 136 1
66 141 1
66 143 -1
66 148 1
67 69 1
67 72 -1
67 73 -1
67 78 1
67 88 -1
67 93 -1
67 98 1
67 107 1
67 108 1
67 109 1
67 113 -1
67 114 1
67 148 1
68 69 1
68 78 1
68 79 -1
68 81 1
68 84 1
68 87 -1
68 100 1
68 103 1
68 104 1
68 108 1
68 111 -1
68 123 -1
68 148 -1
69 71 -1
69 73 -1
69 75 -1
69 76 -1
69 78 1
69 80 -1
69 81 1
69 84 1
69 90 -1
69 92 -1
69 98 1
69 99 -1
69 100 -1
69 103 1
69 104 1
69 108 1
69 111 -1
69 114 1
69 116 -1
69 132 -1
69 140 -1
69 142 -1
70 74 -1
70 81 1
70 90 -1
70 91 -1
70 93 1
70 94 -1
70 100 1
70 103 1
70 104 1
70 105 1
70 112 1
70 123 1
70 126 -1
70 127 -1
70 130 1
70 133 1
70 134 1
70 144 1
71 75 -1
71 78 -1
71 79 1
71 99 -1
71 109 -1
71 124 1
71 137 1
72 76 -1
72 79 -1
72 82 1
72 83 -1
72 96 1
72 97 -1
72 99 1
72 105 -1
72 106 -1
72 113 1
72 115 1
72 122 1
72 124 -1
72 126 -1
72 129 1
72 132 1
72 136 -1
72 141 1
72 142 -1
73 93 -1
73 106 1
73 125 1
73 136 -1
73 140 1
73 144 -1
74 87 -1
74 90 -1
74 97 1
74 104 -1
74 106 -1
74 109 -1
74 119 1
74 124 -1
74 127 -1
74 146 -1
75 76 -1
75 82 -1
75 83 1
75 88 -1
75 90 -1
75 92 -1
75 93 -1
75 95 -1
75 98 -1
75 103 -1
75 108 -1
75 109 -1
75 110 1
75 116 1
75 121 1
75 122 -1
75 124 1
75 135 -1
76 77 1
76 85 -1
76 87 1
76 90 1
76 106 -1
76 110 1
76 111 1
76 116 1
76 126 1
76 131 1
76 139 1
76 145 1
76 146 1
76 150 1
77 80 1
77 87 1
77 90 1
77 97 -1
77 98 -1
77 109 -1
77 111 1
77 117 -1
77 126 1
77 128 1
77 131 1
77 135 1
77 137 -1
77 138 1
77 139 1
77 145 1
77 146 1
77 150 1
78 81 1
78 82 -1
78 84 1
78 86 -1
78 98 1
78 108 1
78 109 1
78 114 1
78 120 -1
78 124 -1
78 136 -1
78 142 -1
79 88 -1
79 89 1
79 103 -1
79 110 -1
79 118 -1
79 130 -1
79 137 1
79 150 -1
80 81 -1
80 87 1
80 94 1
80 106 -1
80 112 1
80 113 -1
80 121 -1
80 125 -1
80 127 1
80 128 1
80 131 1
80 133 1
80 135 1
80 138 1
80 139 1
80 144 1
80 145 1
80 149 1
81 84 1
81 86 -1
81 92 -1
81 99 -1
81 100 1
81 103 1
81 104 1
81 108 1
81 123 1
81 125 -1
81 144 -1
81 149 -1
82 91 1
82 93 -1
82 95 1
82 96 1
82 99 1
82 102 1
82 109 -1
82 113 1
82 115 1
82 117 1
82 120 -1
82 126 -1
82 132 1
82 141 1
82 146 -1
82 148 -1
82 149 -1
83 90 -1
83 98 -1
83 109 -1
83 113 -1
83 116 1
83 121 1
83 124 1
83 150 -1
84 100 1
84 103 1
84 104 1
84 108 1
84 128 -1
85 86 1
85 88 1
85 92 1
85 93 -1
85 94 -1
85 96 -1
85 109 -1
85 117 -1
85 118 1
85 119 1
85 120 1
85 130 -1
85 134 -1
85 140 -1
85 142 1
85 143 1
85 146 -1
85 147 1
86 88 1
86 92 1
86 115 -1
86 118 1
86 120 1
86 125 -1
86 131 -1
86 142 1
86 143 1
86 144 -1
86 145 -1
86 147 1
87 90 1
87 93 -1
87 95 -1
87 110 1
87 111 1
87 114 -1
87 118 -1
87 125 -1
87 126 1
87 127 -1
87 129 -1
87 131 1
87 132 -1
87 135 1
87 138 1
87 139 1
87 140 -1
87 145 1
87 146 1
87 150 1
88 92 1
88 96 -1
88 98 -1
88 103 -1
88 111 -1
88 118 1
88 119 1
88 126 -1
88 142 1
88 146 -1
88 147 1
89 99 -1
89 106 1
89 117 -1
89 125 1
89 128 -1
89 135 -1
89 136 -1
89 137 1
89 140 1
89 148 -1
90 103 -1
90 105 -1
90 110 1
90 111 1
90 126 1
90 131 1
90 135 1
90 138 1
90 139 1
90 142 -1
90 143 -1
90 145 1
90 146 1
90 148 -1
90 149 -1
90 150 1
91 95 1
91 96 1
91 101 1
91 102 1
91 103 -1
91 113 1
91 117 1
91 120 -1
91 132 1
91 136 1
91 137 -1
91 141 1
91 142 -1
91 148 1
92 97 -1
92 101 -1
92 117 -1
92 118 1
92 119 1
92 120 1
92 122 -1
92 123 -1
92 136 -1
92 140 -1
92 142 1
92 143 1
92 147 1
93 94 1
93 95 -1
93 105 1
93 112 1
93 115 -1
93 116 -1
93 120 -1
93 123 1
93 127 1
93 128 1
93 130 1
93 133 1
93 134 1
93 140 -1
93 144 1
93 149 1
94 101 -1
94 105 1
94 110 -1
94 112 1
94 126 -1
94 127 1
94 128 1
94 130 1
94 133 1
94 135 1
94 138 1
94 142 -1
94 144 1
94 149 1
95 96 1
95 101 1
95 102 1
95 106 -1
95 107 1
95 113 1
95 115 -1
95 117 1
95 126 -1
95 128 -1
95 132 1
95 136 1
95 141 1
95 144 -1
95 148 1
96 98 -1
96 99 1
96 103 -1
96 107 -1
96 113 1
96 115 1
96 117 1
96 129 1
96 132 1
96 136 -1
96 141 1
96 145 -1
97 99 -1
97 101 -1
97 110 -1
97 114 -1
97 116 -1
97 122 1
97 129 1
97 132 -1
97 133 -1
97 136 -1
97 137 -1
97 139 -1
97 144 -1
98 101 1
98 107 1
98 108 1
98 109 1
98 114 1
98 120 -1
98 124 -1
98 133 -1
98 136 -1
98 144 -1
98 145 -1
98 148 1
99 108 -1
99 113 1
99 115 1
99 122 1
99 125 -1
99 129 1
99 131 -1
99 132 1
99 141 1
100 102 -1
100 103 1
100 104 1
100 123 1
100 130 -1
100 134 1
100 142 -1
101 102 1
101 104 -1
101 107 1
101 109 1
101 117 1
101 126 -1
101 128 -1
101 136 1
101 139 -1
101 148 1
102 104 -1
102 107 1
102 111 -1
102 112 -1
102 113 1
102 116 -1
102 117 1
102 120 -1
102 136 1
102 137 -1
102 148 1
103 104 1
103 108 1
103 117 -1
103 121 -1
103 123 1
103 134 1
103 135 -1
103 141 -1
103 147 -1
104 108 1
104 123 1
104 134 1
104 141 -1
104 146 -1
104 147 -1
105 106 -1
105 109 -1
105 112 1
105 119 -1
105 123 1
105 127 1
105 128 1
105 129 -1
105 130 1
105 133 1
105 134 1
105 138 -1
105 139 -1
105 143 -1
105 144 1
105 149 1
106 107 -1
106 112 -1
106 115 -1
106 125 1
106 131 -1
106 136 -1
106 137 1
106 140 1
106 147 -1
106 148 -1
107 109 1
107 114 1
107 117 1
107 123 -1
107 136 1
107 148 1
108 109 -1
108 111 -1
108 114 1
108 117 -1
108 127 -1
108 139 -1
108 143 -1
108 149 -1
108 150 -1
109 114 1
109 115 -1
109 116 -1
109 122 -1
109 125 -1
109 136 1
109 148 1
110 111 1
110 116 1
110 126 1
110 139 1
110 145 -1
110 146 1
110 150 1
111 112 -1
111 116 1
111 119 -1
111 120 -1
111 126 1
111 131 1
111 136 -1
111 139 1
111 145 1
111 146 1
111 150 1
112 123 1
112 127 1
112 128 1
112 130 1
112 133 1
112 134 1
112 144 1
112 149 1
112 150 -1
113 115 1
113 117 1
113 123 -1
113 132 1
113 141 1
113 144 -1
113 148 -1
114 115 -1
114 116 -1
114 120 -1
114 139 -1
114 144 -1
114 148 1
114 149 -1
115 122 1
115 129 1
115 132 1
115 135 -1
115 138 -1
115 141 1
115 147 -1
116 121 -1
116 126 1
116 133 -1
116 145 -1
116 146 1
117 123 -1
117 126 -1
117 132 1
117 136 1
117 141 1
117 148 1
118 119 1
118 120 1
118 121 -1
118 124 -1
118 126 -1
118 133 -1
118 142 1
118 143 1
118 147 1
119 123 -1
119 132 -1
119 148 -1
120 123 -1
120 126 -1
120 136 -1
120 142 1
120 143 1
120 147 1
121 124 1
121 136 -1
121 146 -1
122 128 -1
122 129 1
122 135 -1
122 137 -1
122 140 -1
122 148 -1
123 124 -1
123 127 1
123 130 1
123 133 1
123 134 1
123 144 1
124 129 -1
124 131 -1
124 133 -1
124 138 -1
124 141 -1
124 147 -1
125 140 1
125 145 -1
126 131 1
126 134 -1
126 139 1
126 144 -1
126 145 1
126 146 1
126 150 1
127 128 1
127 130 1
127 131 -1
127 133 1
127 134 1
127 138 1
127 144 1
127 147 -1
127 149 1
128 130 1
128 131 1
128 133 1
128 135 1
128 138 1
128 143 -1
128 144 1
128 145 1
128 149 1
129 136 -1
129 138 -1
129 141 1
129 145 -1
129 149 -1
130 133 1
130 134 1
130 136 -1
130 141 -1
130 144 1
130 149 1
131 135 1
131 138 1
131 139 1
131 145 1
131 146 -1
131 150 1
132 133 -1
132 137 -1
132 141 1
132 143 -1
132 144 -1
132 146 -1
133 134 1
133 135 -1
133 138 1
133 144 1
133 149 1
134 135 -1
134 144 1
135 138 1
135 139 1
135 145 1
135 147 -1
135 149 1
135 150 -1
136 141 -1
136 148 1
137 140 1
137 145 -1
137 148 -1
137 150 -1
138 139 1
138 140 -1
138 144 1
138 145 1
138 147 -1
138 149 1
139 145 1
139 146 1
139 149 -1
139 150 1
142 143 1
142 147 1
142 148 -1
143 147 1
144 149 1
145 150 1
146 150 1
