vertices: 110 edges: 1244
1 24 1
1 28 1
1 31 -1
1 35 1
1 38 1
1 47 -1
1 50 -1
1 53 -1
1 58 -1
1 69 -1
1 73 1
1 75 -1
1 83 1
1 84 1
1 86 -1
1 103 -1
2 3 1
2 5 1
2 14 -1
2 21 -1
2 30 -1
2 40 1
2 47 1
2 49 -1
2 54 1
2 58 -1
2 60 -1
2 62 1
2 63 -1
2 74 1
2 80 -1
2 91 -1
2 92 -1
3 5 1
3 8 -1
3 12 1
3 14 -1
3 21 -1
3 26 1
3 27 1
3 40 1
3 58 1
3 60 -1
3 61 -1
3 62 1
3 65 -1
3 74 1
3 78 -1
3 79 1
3 86 -1
3 90 1
4 10 1
4 13 1
4 30 1
4 31 1
4 37 1
4 39 1
4 41 1
4 49 1
4 56 -1
4 58 -1
4 60 1
4 68 1
4 82 -1
4 85 1
4 87 1
4 95 1
4 102 1
4 105 1
4 107 1
5 8 -1
5 12 1
5 18 -1
5 19 -1
5 26 1
5 27 1
5 35 -1
5 40 1
5 59 -1
5 62 1
5 66 -1
5 71 -1
5 74 1
5 79 1
5 90 1
5 102 -1
5 103 -1
6 7 -1
6 8 1
6 15 -1
6 17 1
6 18 1
6 20 1
6 32 1
6 34 1
6 39 -1
6 46 1
6 51 -1
6 57 -1
6 69 1
6 70 -1
6 75 1
6 77 1
6 78 1
6 86 1
6 91 -1
6 92 -1
6 100 1
6 101 -1
6 104 1
6 110 1
7 11 1
7 15 -1
7 17 1
7 18 1
7 19 1
7 20 -1
7 22 1
7 31 -1
7 32 1
7 34 -1
7 38 -1
7 39 -1
7 40 -1
7 56 1
7 57 1
7 59 -1
7 62 -1
7 63 -1
7 66 1
7 69 1
7 72 1
7 78 1
7 86 1
7 89 -1
7 95 -1
7 96 -1
7 106 1
7 110 1
8 14 -1
8 18 1
8 20 1
8 24 -1
8 25 -1
8 26 -1
8 32 1
8 34 1
8 46 1
8 48 -1
8 68 -1
8 69 1
8 70 1
8 75 1
8 77 1
8 78 1
8 81 1
8 86 1
8 87 -1
8 89 -1
8 92 -1
8 94 -1
8 100 1
8 104 1
8 109 1
9 12 -1
9 14 1
9 15 -1
9 25 1
9 29 -1
9 31 -1
9 34 -1
9 42 1
9 54 -1
9 58 -1
9 60 -1
9 64 1
9 71 -1
9 76 1
9 77 -1
9 78 -1
9 81 -1
9 82 1
9 83 -1
9 101 1
10 13 1
10 26 -1
10 30 1
10 31 1
10 37 1
10 40 -1
10 41 1
10 44 -1
10 49 1
10 52 -1
10 56 -1
10 57 -1
10 58 -1
10 60 -1
10 65 1
10 67 -1
10 68 1
10 75 -1
10 81 -1
10 85 1
10 93 -1
10 95 1
10 97 1
10 102 1
10 104 -1
10 105 1
10 107 1
10 109 -1
11 15 1
11 16 1
11 19 1
11 21 -1
11 22 1
11 33 -1
11 34 -1
11 42 -1
11 43 1
11 48 -1
11 53 -1
11 56 1
11 57 1
11 59 1
11 60 -1
11 66 1
11 67 1
11 72 1
11 81 -1
11 91 1
11 92 1
11 93 -1
11 106 1
12 17 -1
12 21 -1
12 26 1
12 27 1
12 33 1
12 40 1
12 44 -1
12 45 -1
12 50 1
12 51 1
12 58 1
12 60 -1
12 62 1
12 71 -1
12 74 -1
12 75 -1
12 76 -1
12 79 1
12 90 1
12 93 -1
12 107 -1
12 108 1
13 25 -1
13 30 1
13 31 1
13 37 1
13 41 1
13 49 1
13 60 1
13 65 1
13 67 -1
13 68 1
13 85 1
13 93 -1
13 95 1
13 97 1
13 98 -1
13 102 1
13 103 -1
13 105 1
13 106 -1
13 107 1
14 16 -1
14 18 -1
14 29 -1
14 37 -1
14 38 -1
14 42 1
14 47 -1
14 60 -1
14 61 -1
14 64 1
14 65 -1
14 68 -1
14 71 -1
14 73 -1
14 76 1
14 82 1
14 85 -1
14 93 -1
14 101 1
14 109 -1
15 16 1
15 22 1
15 23 1
15 43 1
15 45 -1
15 50 -1
15 56 1
15 57 1
15 59 1
15 60 -1
15 67 1
15 68 -1
15 70 -1
15 72 1
15 74 -1
15 82 -1
15 89 -1
15 91 1
15 92 1
15 98 -1
15 100 -1
15 102 -1
15 106 1
16 22 1
16 23 1
16 24 -1
16 27 -1
16 36 -1
16 41 -1
16 43 1
16 56 1
16 58 -1
16 59 1
16 67 1
16 72 1
16 80 1
16 83 -1
16 91 1
16 92 1
16 97 -1
16 107 -1
17 18 1
17 19 1
17 25 -1
17 28 -1
17 32 1
17 34 1
17 49 -1
17 57 1
17 65 -1
17 66 1
17 67 -1
17 68 -1
17 69 1
17 72 1
17 77 1
17 78 1
17 85 -1
17 86 1
17 104 1
17 106 1
17 107 -1
17 110 1
18 19 1
18 22 -1
18 30 -1
18 32 1
18 34 1
18 56 -1
18 57 1
18 60 -1
18 61 -1
18 62 -1
18 63 -1
18 66 1
18 69 1
18 77 1
18 78 1
18 81 -1
18 86 1
18 88 -1
18 90 -1
18 104 1
18 106 1
18 108 -1
18 110 1
19 22 1
19 26 -1
19 31 -1
19 32 1
19 34 1
19 38 -1
19 39 -1
19 56 1
19 57 1
19 66 1
19 69 1
19 72 1
19 78 1
19 86 1
19 91 -1
19 106 1
19 107 -1
19 110 1
20 21 -1
20 25 -1
20 32 1
20 33 -1
20 34 1
20 35 -1
20 38 -1
20 44 1
20 45 -1
20 46 1
20 47 -1
20 48 -1
20 51 -1
20 52 -1
20 53 -1
20 58 -1
20 61 -1
20 70 1
20 75 1
20 77 1
20 78 1
20 81 1
20 86 1
20 89 -1
20 93 1
20 94 -1
20 100 1
20 104 1
20 106 -1
20 107 -1
20 109 1
21 23 1
21 24 1
21 29 1
21 31 -1
21 36 1
21 43 -1
21 45 1
21 49 -1
21 52 1
21 53 1
21 63 1
21 66 -1
21 70 -1
21 71 -1
21 77 -1
21 79 -1
21 80 1
21 93 -1
21 94 1
21 96 -1
21 102 -1
21 103 1
21 106 -1
21 107 -1
22 31 -1
22 35 -1
22 42 -1
22 43 1
22 56 1
22 57 1
22 59 1
22 66 1
22 67 1
22 72 1
22 79 -1
22 83 -1
22 86 -1
22 90 -1
22 91 1
22 92 1
22 106 1
23 29 1
23 43 1
23 47 -1
23 48 -1
23 50 -1
23 52 1
23 53 1
23 59 1
23 63 1
23 67 1
23 68 -1
23 80 1
23 91 1
23 92 1
23 102 -1
24 28 1
24 29 1
24 31 -1
24 35 1
24 36 1
24 37 -1
24 38 1
24 44 -1
24 45 1
24 52 1
24 53 1
24 56 -1
24 84 1
24 94 1
24 103 1
25 28 -1
25 33 1
25 35 -1
25 42 1
25 43 -1
25 50 1
25 51 1
25 52 -1
25 58 1
25 61 -1
25 64 1
25 67 -1
25 76 1
25 90 1
25 93 -1
25 101 1
25 102 -1
25 108 1
26 27 1
26 33 1
26 37 -1
26 40 1
26 42 -1
26 43 -1
26 48 -1
26 50 1
26 51 1
26 53 -1
26 55 -1
26 57 -1
26 58 1
26 59 -1
26 73 -1
26 77 -1
26 79 1
26 83 -1
26 90 1
26 102 -1
26 108 1
27 30 -1
27 31 -1
27 33 1
27 38 -1
27 40 1
27 43 -1
27 50 1
27 51 1
27 58 1
27 62 1
27 78 -1
27 79 1
27 80 -1
27 90 1
27 91 -1
27 99 -1
28 29 -1
28 32 -1
28 35 1
28 36 1
28 38 1
28 41 -1
28 69 -1
28 75 -1
28 80 -1
28 84 1
28 103 1
28 104 -1
28 105 -1
29 35 1
29 36 1
29 45 1
29 50 -1
29 52 1
29 53 1
29 57 -1
29 63 1
29 80 1
29 89 -1
29 94 1
29 96 -1
29 103 1
29 106 -1
30 31 1
30 37 1
30 41 1
30 49 1
30 60 1
30 65 1
30 68 1
30 77 -1
30 85 1
30 94 -1
30 95 1
30 97 1
30 102 1
30 105 1
30 107 1
31 34 -1
31 37 1
31 41 1
31 44 -1
31 46 -1
31 48 -1
31 49 1
31 62 -1
31 65 1
31 68 1
31 80 -1
31 85 1
31 87 -1
31 95 1
31 97 1
31 102 1
31 103 -1
31 105 1
31 107 1
32 34 1
32 49 -1
32 57 1
32 63 -1
32 66 1
32 69 1
32 77 1
32 78 1
32 80 -1
32 86 1
32 98 -1
32 103 -1
32 104 1
32 106 1
32 109 -1
32 110 1
33 34 -1
33 40 -1
33 50 1
33 51 1
33 58 1
33 63 -1
33 65 -1
33 79 1
33 81 -1
33 85 -1
33 90 1
33 106 -1
33 108 1
34 42 -1
34 46 -1
34 49 -1
34 56 -1
34 59 -1
34 62 -1
34 63 -1
34 69 1
34 75 1
34 77 1
34 78 1
34 86 1
34 95 -1
34 104 1
34 108 -1
34 110 1
35 36 1
35 37 -1
35 38 1
35 41 -1
35 45 1
35 49 -1
35 52 -1
35 53 1
35 67 -1
35 76 -1
35 79 -1
35 81 -1
35 84 1
35 94 1
35 103 1
36 38 1
36 41 -1
36 45 1
36 50 -1
36 52 1
36 53 1
36 55 -1
36 61 -1
36 63 1
36 68 -1
36 73 -1
36 76 -1
36 77 -1
36 81 -1
36 91 -1
36 94 1
36 98 -1
36 99 -1
36 103 1
36 108 -1
37 41 1
37 44 -1
37 47 -1
37 49 1
37 54 -1
37 65 1
37 68 1
37 85 1
37 95 1
37 97 1
37 102 1
37 105 1
37 107 1
38 55 -1
38 62 -1
38 71 -1
38 73 1
38 77 -1
38 79 -1
38 83 1
38 84 1
38 97 -1
38 102 -1
38 103 1
39 41 -1
39 44 1
39 45 -1
39 60 1
39 61 1
39 70 1
39 85 -1
39 86 -1
39 87 1
39 90 -1
39 93 1
39 105 -1
39 109 1
40 47 -1
40 50 -1
40 60 -1
40 62 1
40 64 -1
40 67 -1
40 71 -1
40 74 1
40 79 1
40 87 -1
40 90 1
40 102 -1
41 49 1
41 59 -1
41 60 1
41 65 1
41 68 1
41 71 -1
41 72 -1
41 83 -1
41 85 1
41 95 1
41 97 1
41 102 1
41 105 1
41 107 1
42 47 -1
42 54 -1
42 62 -1
42 64 1
42 76 1
42 79 -1
42 82 1
42 91 -1
42 92 -1
42 94 -1
42 101 1
42 103 -1
42 105 -1
42 108 -1
43 45 -1
43 48 -1
43 52 -1
43 56 1
43 57 -1
43 59 1
43 61 -1
43 66 -1
43 67 1
43 72 1
43 74 -1
43 77 -1
43 78 -1
43 80 1
43 84 -1
43 89 -1
43 90 -1
43 91 1
43 92 1
43 93 -1
43 106 -1
43 109 -1
44 46 1
44 61 1
44 63 -1
44 70 1
44 75 1
44 81 1
44 84 -1
44 87 1
44 90 -1
44 91 -1
44 93 1
44 100 1
44 109 1
45 49 -1
45 52 1
45 53 1
45 63 1
45 64 -1
45 70 -1
45 79 -1
45 89 -1
45 94 1
45 103 1
46 47 -1
46 48 -1
46 49 -1
46 50 -1
46 52 -1
46 54 -1
46 61 1
46 69 -1
46 70 1
46 75 1
46 77 1
46 81 1
46 87 -1
46 93 1
46 94 -1
46 100 1
46 104 1
46 109 1
47 54 1
47 55 1
47 74 1
47 92 -1
47 98 1
47 99 -1
47 103 -1
48 54 1
48 55 1
48 56 -1
48 71 1
48 76 -1
48 83 -1
48 88 1
48 89 1
48 95 -1
48 96 1
48 98 1
48 99 1
48 105 -1
48 109 -1
49 58 -1
49 60 1
49 61 -1
49 65 1
49 66 -1
49 68 1
49 69 -1
49 75 -1
49 85 1
49 92 -1
49 95 1
49 96 -1
49 97 1
49 100 -1
49 102 1
49 105 1
49 107 1
49 108 -1
50 51 1
50 57 -1
50 58 1
50 68 -1
50 76 1
50 78 -1
50 86 -1
50 90 1
50 91 -1
50 101 1
50 108 1
51 58 1
51 77 -1
51 90 1
51 101 1
51 107 -1
51 108 1
52 53 1
52 54 -1
52 62 -1
52 63 1
52 79 -1
52 80 1
52 85 -1
52 91 -1
52 92 -1
52 94 1
52 102 -1
52 103 1
52 104 -1
52 105 -1
53 54 -1
53 63 1
53 65 -1
53 68 -1
53 74 -1
53 79 -1
53 80 1
53 87 -1
53 94 1
53 100 -1
53 103 1
53 108 -1
53 109 -1
54 55 1
54 60 -1
54 61 -1
54 62 -1
54 63 -1
54 71 1
54 78 -1
54 83 -1
54 88 1
54 89 -1
54 91 -1
54 98 1
55 71 1
55 78 -1
55 82 -1
55 86 -1
55 88 1
55 89 1
55 98 1
55 101 -1
55 102 -1
55 107 -1
55 108 -1
56 57 1
56 59 1
56 62 -1
56 66 1
56 67 1
56 72 1
56 88 -1
56 91 1
56 92 1
56 103 -1
56 106 1
57 60 -1
57 66 1
57 69 1
57 72 1
57 77 -1
57 80 -1
57 82 -1
57 88 -1
57 91 1
57 101 -1
57 106 1
57 107 -1
57 110 1
58 76 -1
58 79 1
58 81 -1
58 85 -1
58 86 -1
58 90 1
58 108 1
59 67 1
59 69 -1
59 72 1
59 80 1
59 87 -1
59 91 1
59 92 1
60 61 1
60 64 -1
60 68 1
60 87 1
60 91 -1
60 102 1
60 106 -1
60 107 1
61 63 -1
61 67 -1
61 70 1
61 71 -1
61 75 1
61 81 1
61 82 -1
61 87 1
61 93 1
61 99 -1
61 100 1
61 101 -1
61 105 -1
61 109 1
62 74 1
62 76 -1
62 78 -1
62 79 1
62 105 -1
63 65 -1
63 66 -1
63 68 -1
63 74 -1
63 77 -1
63 80 1
63 82 -1
63 85 -1
63 94 1
63 101 -1
63 103 1
64 68 -1
64 72 -1
64 75 -1
64 76 1
64 82 1
64 100 -1
64 101 1
64 108 -1
65 68 1
65 70 -1
65 78 -1
65 85 1
65 92 -1
65 95 1
65 96 -1
65 97 1
65 102 1
65 105 1
65 107 1
65 110 -1
66 69 1
66 72 1
66 74 -1
66 91 1
66 93 -1
66 97 -1
66 100 -1
66 106 1
66 110 1
67 68 -1
67 69 -1
67 70 -1
67 72 1
67 76 -1
67 80 1
67 91 1
67 92 1
67 98 -1
67 106 -1
67 107 -1
67 108 -1
68 70 -1
68 74 -1
68 85 1
68 91 -1
68 95 1
68 96 -1
68 97 1
68 102 1
68 105 1
68 107 1
69 76 -1
69 77 1
69 78 1
69 79 -1
69 86 1
69 87 -1
69 94 -1
69 104 1
69 106 1
69 110 1
70 74 -1
70 75 1
70 78 -1
70 81 1
70 84 -1
70 87 1
70 93 1
70 100 1
70 106 -1
70 108 -1
70 109 1
71 88 1
71 89 1
71 92 -1
71 93 -1
71 96 1
71 98 1
71 99 1
71 108 -1
72 73 -1
72 83 -1
72 91 1
72 92 1
72 102 -1
72 106 1
72 110 1
73 74 -1
73 78 -1
73 83 1
73 84 1
73 85 -1
73 100 -1
73 105 -1
74 78 -1
74 79 1
74 84 -1
74 90 -1
74 99 -1
74 101 -1
74 105 -1
75 77 1
75 78 1
75 81 1
75 86 1
75 93 1
75 100 1
75 104 1
75 105 -1
75 108 -1
75 109 1
76 80 -1
76 82 1
76 86 -1
76 89 -1
76 91 -1
76 100 -1
76 101 1
76 103 -1
76 108 1
77 78 1
77 86 1
77 100 1
77 104 1
77 110 1
78 86 1
78 104 1
78 110 1
79 81 -1
79 90 1
79 91 -1
79 98 -1
79 99 -1
79 106 -1
80 82 -1
80 92 1
80 99 -1
80 101 -1
81 93 1
81 98 -1
81 100 1
81 101 -1
81 105 -1
81 109 1
82 86 -1
82 88 -1
82 89 -1
82 99 -1
82 101 1
83 84 1
83 88 -1
83 93 -1
83 109 -1
84 93 -1
84 101 -1
85 95 1
85 97 1
85 102 1
85 105 1
85 106 -1
85 107 1
85 110 -1
86 90 -1
86 94 -1
86 104 1
86 110 1
87 93 1
87 104 -1
87 105 -1
87 107 -1
87 109 1
88 89 1
88 95 -1
88 96 1
88 98 1
88 99 1
88 108 -1
88 109 -1
89 96 1
89 98 1
89 99 1
89 107 -1
90 108 1
91 92 1
91 93 -1
91 101 -1
91 104 -1
91 106 1
92 98 -1
93 95 -1
93 100 1
93 109 1
94 97 -1
94 103 1
95 97 1
95 102 1
95 105 1
95 106 -1
95 107 1
96 99 1
96 105 -1
97 102 1
97 105 1
97 107 1
98 99 -1
98 100 -1
98 105 -1
99 110 -1
100 104 1
100 109 1
100 110 -1
101 107 -1
101 108 1
102 105 1
102 107 1
103 106 -1
103 108 -1
104 110 1
105 107 1
105 108 -1
106 109 -1
106 110 1
107 109 -1
