vertices: 50 edges: 248
1 11 -1
1 14 -1
1 26 -1
1 28 -1
1 29 1
1 30 -1
1 33 -1
1 42 -1
1 43 -1
1 45 -1
1 46 1
1 50 -1
2 3 -1
2 6 -1
2 13 -1
2 17 -1
2 20 -1
2 23 -1
2 24 1
2 28 -1
2 32 -1
2 35 -1
2 37 -1
2 44 1
2 47 -1
3 22 -1
3 30 -1
3 38 -1
3 39 -1
3 46 -1
3 49 -1
4 8 -1
4 17 -1
4 18 1
4 20 -1
4 21 -1
4 29 -1
4 30 -1
4 34 -1
4 40 1
4 41 -1
4 47 -1
5 6 -1
5 12 -1
5 16 -1
5 20 1
5 22 -1
5 24 -1
5 25 -1
5 29 -1
5 32 1
5 35 -1
5 42 1
5 48 -1
6 7 -1
6 8 -1
6 15 1
6 23 -1
6 26 -1
6 38 -1
6 39 -1
6 43 -1
6 45 -1
7 8 -1
7 9 -1
7 10 -1
7 12 1
7 16 -1
7 22 -1
7 23 -1
7 26 1
7 32 -1
7 33 1
7 34 -1
7 39 -1
7 46 -1
8 19 -1
8 22 -1
8 24 -1
8 25 -1
8 26 -1
8 34 -1
8 36 1
8 42 -1
8 49 1
9 13 -1
9 15 1
9 18 -1
9 20 -1
9 21 -1
9 22 -1
9 23 -1
9 34 -1
9 35 1
9 43 -1
9 47 -1
10 13 1
10 16 -1
10 20 -1
10 23 -1
10 28 -1
10 40 -1
10 48 -1
10 49 -1
11 12 -1
11 13 -1
11 16 1
11 17 -1
11 25 -1
11 26 -1
11 41 -1
11 48 -1
12 13 -1
12 19 -1
12 26 1
12 37 1
12 39 1
12 41 -1
12 46 -1
13 19 -1
13 41 -1
13 44 -1
14 18 -1
14 20 -1
14 22 -1
14 28 -1
14 33 -1
14 38 -1
14 44 -1
14 50 1
15 16 -1
15 27 -1
15 36 -1
15 50 -1
16 18 1
16 20 -1
16 33 -1
16 34 -1
16 39 -1
16 43 -1
16 49 -1
17 18 -1
17 24 -1
17 34 -1
17 44 -1
17 45 1
17 47 -1
18 20 -1
18 30 -1
18 33 -1
18 34 -1
18 39 -1
18 40 1
18 43 -1
18 46 -1
18 48 -1
19 24 -1
19 36 -1
19 49 -1
20 28 -1
20 29 -1
20 32 1
20 42 1
20 47 -1
21 41 -1
21 47 1
21 48 -1
22 27 1
22 31 1
22 37 -1
22 40 -1
22 43 1
22 48 -1
23 24 -1
23 28 1
23 30 1
23 40 -1
23 41 1
23 45 -1
24 25 -1
24 28 -1
24 33 -1
24 36 -1
24 44 1
24 45 -1
24 50 -1
25 27 1
25 31 1
25 35 -1
25 43 1
26 33 -1
26 37 1
26 41 -1
26 44 -1
26 50 -1
27 31 1
27 36 -1
27 40 -1
27 43 1
28 30 1
28 34 -1
28 39 -1
28 41 -1
28 49 -1
29 35 -1
29 36 -1
29 39 1
29 46 1
29 50 -1
30 31 -1
30 41 1
31 33 -1
31 34 -1
31 37 -1
31 43 1
32 34 -1
32 39 -1
32 44 -1
32 49 -1
33 37 -1
33 44 -1
33 47 1
34 35 -1
34 38 -1
34 49 -1
34 50 -1
35 36 -1
35 49 -1
36 49 1
37 39 1
37 44 -1
37 46 1
37 49 -1
39 46 1
40 43 -1
40 45 -1
40 50 -1
41 46 -1
41 48 -1
41 49 -1
42 44 -1
42 45 -1
42 49 -1
44 46 -1
45 47 -1
45 49 -1
46 47 -1
47 49 -1
