vertices: 170 edges: 7275
1 2 -1
1 3 -1
1 4 1
1 8 -1
1 15 -1
1 22 -1
1 23 -1
1 26 -1
1 27 -1
1 29 -1
1 31 -1
1 33 1
1 35 -1
1 36 1
1 38 -1
1 39 1
1 40 -1
1 42 -1
1 48 -1
1 50 1
1 52 1
1 53 -1
1 54 -1
1 55 -1
1 58 -1
1 59 -1
1 60 1
1 61 -1
1 62 1
1 63 -1
1 65 1
1 67 -1
1 69 -1
1 71 -1
1 72 -1
1 73 1
1 74 -1
1 75 -1
1 77 1
1 79 1
1 81 -1
1 82 -1
1 84 -1
1 86 -1
1 87 -1
1 88 -1
1 89 1
1 90 -1
1 94 -1
1 97 1
1 98 -1
1 99 -1
1 100 -1
1 101 -1
1 105 -1
1 107 -1
1 109 -1
1 110 -1
1 111 1
1 112 -1
1 113 -1
1 115 1
1 116 1
1 117 -1
1 122 -1
1 123 1
1 124 1
1 126 -1
1 128 -1
1 129 1
1 130 -1
1 133 -1
1 134 -1
1 135 -1
1 136 -1
1 140 -1
1 141 -1
1 145 1
1 148 -1
1 151 -1
1 159 -1
1 161 1
1 162 -1
1 165 -1
1 166 -1
1 168 -1
1 169 -1
1 170 -1
2 6 1
2 8 -1
2 9 -1
2 11 -1
2 12 -1
2 13 -1
2 15 -1
2 17 -1
2 18 -1
2 19 -1
2 20 -1
2 21 -1
2 23 -1
2 24 -1
2 26 -1
2 28 -1
2 29 -1
2 30 -1
2 34 -1
2 35 -1
2 38 1
2 41 -1
2 42 1
2 43 -1
2 46 1
2 49 -1
2 50 -1
2 51 -1
2 52 -1
2 53 -1
2 54 -1
2 56 -1
2 57 1
2 59 -1
2 60 -1
2 61 1
2 68 -1
2 69 -1
2 70 1
2 74 1
2 75 1
2 76 -1
2 77 -1
2 78 -1
2 80 -1
2 81 -1
2 85 -1
2 87 -1
2 88 -1
2 90 -1
2 95 -1
2 98 -1
2 99 -1
2 100 1
2 101 -1
2 102 -1
2 104 -1
2 112 1
2 113 -1
2 120 -1
2 122 -1
2 123 -1
2 124 -1
2 126 -1
2 128 -1
2 129 -1
2 134 -1
2 136 -1
2 139 1
2 140 -1
2 141 -1
2 142 -1
2 143 -1
2 144 -1
2 145 -1
2 146 -1
2 148 -1
2 149 -1
2 150 -1
2 151 -1
2 154 -1
2 155 -1
2 157 -1
2 159 1
2 160 -1
2 161 -1
2 165 1
2 168 -1
2 169 -1
3 4 -1
3 5 1
3 6 -1
3 11 -1
3 13 -1
3 14 -1
3 16 -1
3 18 -1
3 20 -1
3 28 -1
3 29 1
3 31 -1
3 35 -1
3 37 -1
3 41 1
3 43 1
3 44 -1
3 45 -1
3 47 -1
3 48 1
3 49 -1
3 53 -1
3 54 -1
3 65 -1
3 66 -1
3 71 -1
3 73 -1
3 76 -1
3 79 -1
3 80 -1
3 85 -1
3 88 -1
3 93 1
3 94 1
3 95 1
3 96 1
3 97 -1
3 101 -1
3 104 -1
3 105 -1
3 113 -1
3 114 -1
3 116 -1
3 117 -1
3 118 1
3 121 -1
3 124 -1
3 125 -1
3 127 -1
3 128 1
3 132 -1
3 135 -1
3 141 -1
3 143 -1
3 144 1
3 147 -1
3 148 -1
3 149 -1
3 150 -1
3 151 -1
3 152 -1
3 153 -1
3 154 -1
3 156 -1
3 158 -1
3 160 -1
3 161 -1
3 167 -1
3 170 -1
4 7 -1
4 8 -1
4 10 -1
4 12 -1
4 14 -1
4 15 -1
4 16 -1
4 18 -1
4 19 -1
4 23 -1
4 26 -1
4 27 -1
4 29 -1
4 31 -1
4 32 -1
4 33 1
4 36 -1
4 37 -1
4 39 1
4 41 -1
4 42 -1
4 43 -1
4 48 -1
4 50 1
4 51 -1
4 52 1
4 53 -1
4 55 -1
4 57 -1
4 59 -1
4 60 1
4 61 -1
4 62 1
4 64 -1
4 65 1
4 66 -1
4 67 -1
4 68 -1
4 71 -1
4 73 1
4 75 -1
4 76 -1
4 77 1
4 79 1
4 81 -1
4 82 -1
4 84 -1
4 88 -1
4 89 1
4 90 -1
4 93 -1
4 94 -1
4 96 -1
4 99 -1
4 100 -1
4 102 -1
4 105 -1
4 107 -1
4 109 -1
4 110 -1
4 112 -1
4 114 -1
4 115 1
4 116 1
4 122 -1
4 123 1
4 124 1
4 125 -1
4 127 -1
4 129 1
4 131 -1
4 132 -1
4 133 -1
4 134 -1
4 135 -1
4 138 -1
4 140 -1
4 143 -1
4 144 -1
4 145 1
4 146 -1
4 150 -1
4 151 -1
4 152 -1
4 155 -1
4 159 -1
4 160 -1
4 161 -1
4 163 -1
4 166 -1
5 6 -1
5 11 -1
5 12 -1
5 15 -1
5 16 -1
5 17 -1
5 18 -1
5 20 -1
5 23 -1
5 25 -1
5 27 -1
5 28 -1
5 29 1
5 30 -1
5 31 -1
5 36 -1
5 38 -1
5 39 -1
5 41 -1
5 42 -1
5 43 1
5 44 -1
5 46 -1
5 48 1
5 51 -1
5 52 -1
5 54 -1
5 55 -1
5 56 -1
5 59 -1
5 61 -1
5 63 -1
5 68 -1
5 69 -1
5 70 -1
5 72 -1
5 73 -1
5 74 -1
5 76 -1
5 78 -1
5 80 -1
5 81 -1
5 83 1
5 84 -1
5 85 -1
5 87 1
5 90 -1
5 91 -1
5 92 -1
5 93 -1
5 94 1
5 95 1
5 96 -1
5 99 -1
5 101 -1
5 103 -1
5 106 -1
5 110 -1
5 112 -1
5 113 -1
5 116 -1
5 118 1
5 120 1
5 123 -1
5 124 -1
5 125 -1
5 127 -1
5 130 -1
5 131 -1
5 132 -1
5 133 -1
5 135 -1
5 136 -1
5 137 1
5 140 -1
5 141 -1
5 144 1
5 146 -1
5 151 -1
5 152 -1
5 156 1
5 160 -1
5 161 -1
5 166 -1
5 167 -1
5 169 -1
5 170 -1
6 7 -1
6 10 -1
6 12 -1
6 13 -1
6 14 -1
6 17 -1
6 18 -1
6 23 1
6 25 -1
6 28 1
6 29 -1
6 30 -1
6 31 1
6 33 -1
6 36 -1
6 37 -1
6 38 -1
6 41 -1
6 42 -1
6 44 -1
6 49 -1
6 51 -1
6 53 -1
6 55 -1
6 57 1
6 59 -1
6 60 -1
6 61 1
6 63 1
6 65 -1
6 67 -1
6 72 -1
6 73 -1
6 74 1
6 75 -1
6 77 -1
6 79 -1
6 82 1
6 83 -1
6 84 -1
6 88 1
6 89 -1
6 90 -1
6 94 -1
6 95 -1
6 99 -1
6 100 1
6 102 -1
6 103 -1
6 104 -1
6 105 -1
6 106 -1
6 110 1
6 112 1
6 117 -1
6 120 -1
6 121 -1
6 122 -1
6 129 -1
6 131 -1
6 133 -1
6 135 -1
6 137 -1
6 138 -1
6 140 -1
6 142 1
6 145 -1
6 146 -1
6 148 -1
6 155 -1
6 159 1
6 162 -1
6 163 -1
6 164 -1
6 165 1
6 166 -1
6 169 -1
7 11 -1
7 12 1
7 13 -1
7 15 -1
7 16 1
7 17 -1
7 18 -1
7 19 -1
7 22 -1
7 24 -1
7 26 -1
7 29 -1
7 31 -1
7 35 -1
7 37 1
7 39 -1
7 41 -1
7 42 -1
7 43 -1
7 45 -1
7 52 -1
7 55 -1
7 56 1
7 60 -1
7 64 -1
7 69 -1
7 70 -1
7 71 1
7 72 1
7 73 -1
7 75 -1
7 76 -1
7 77 -1
7 79 -1
7 80 -1
7 81 1
7 82 -1
7 85 -1
7 86 -1
7 87 -1
7 88 -1
7 90 -1
7 93 -1
7 94 -1
7 95 -1
7 98 -1
7 101 -1
7 102 -1
7 104 -1
7 105 1
7 106 1
7 108 -1
7 114 1
7 115 -1
7 116 -1
7 119 -1
7 122 -1
7 123 -1
7 128 -1
7 131 -1
7 132 -1
7 134 -1
7 135 -1
7 138 -1
7 140 -1
7 141 -1
7 143 1
7 145 -1
7 146 -1
7 147 -1
7 148 -1
7 152 1
7 153 -1
7 156 -1
7 157 -1
7 160 -1
7 161 -1
7 162 1
7 164 1
7 167 1
7 168 1
8 9 -1
8 11 -1
8 12 -1
8 17 -1
8 19 1
8 21 -1
8 23 -1
8 28 -1
8 29 -1
8 30 -1
8 32 -1
8 33 -1
8 34 -1
8 35 1
8 37 -1
8 38 -1
8 43 -1
8 44 -1
8 45 -1
8 47 -1
8 48 -1
8 51 -1
8 52 -1
8 53 -1
8 56 -1
8 58 -1
8 59 -1
8 60 -1
8 65 -1
8 67 1
8 74 -1
8 75 -1
8 76 -1
8 77 -1
8 78 -1
8 80 -1
8 84 -1
8 86 -1
8 90 -1
8 94 -1
8 95 -1
8 96 -1
8 97 -1
8 100 -1
8 102 -1
8 105 -1
8 107 -1
8 108 1
8 109 -1
8 110 -1
8 111 -1
8 114 -1
8 116 -1
8 118 -1
8 119 -1
8 120 -1
8 121 1
8 122 -1
8 124 -1
8 125 -1
8 127 -1
8 128 -1
8 129 -1
8 130 -1
8 133 1
8 134 1
8 135 1
8 136 -1
8 139 -1
8 140 -1
8 142 1
8 144 -1
8 145 -1
8 149 1
8 150 -1
8 153 -1
8 155 -1
8 156 -1
8 157 -1
8 159 -1
8 160 -1
8 163 -1
8 164 -1
8 165 -1
8 167 -1
8 170 1
9 11 1
9 12 -1
9 13 -1
9 14 -1
9 17 -1
9 18 -1
9 19 -1
9 21 -1
9 22 -1
9 23 -1
9 24 -1
9 25 1
9 27 -1
9 28 -1
9 29 -1
9 32 -1
9 36 -1
9 37 -1
9 38 -1
9 39 -1
9 40 1
9 42 -1
9 43 -1
9 44 1
9 45 1
9 47 1
9 48 -1
9 49 -1
9 50 -1
9 51 -1
9 52 -1
9 55 1
9 59 1
9 60 -1
9 61 -1
9 64 -1
9 67 -1
9 68 1
9 69 1
9 72 -1
9 75 -1
9 76 1
9 84 -1
9 86 1
9 91 1
9 93 -1
9 97 -1
9 98 1
9 99 1
9 100 -1
9 101 -1
9 105 -1
9 109 -1
9 111 -1
9 115 -1
9 117 1
9 119 1
9 122 1
9 123 -1
9 124 -1
9 126 1
9 127 1
9 132 -1
9 136 -1
9 138 1
9 142 -1
9 146 1
9 148 1
9 150 -1
9 151 1
9 154 -1
9 155 -1
9 157 -1
9 158 1
9 160 1
9 161 -1
9 165 -1
9 166 -1
9 167 -1
9 169 -1
9 170 -1
10 11 -1
10 12 -1
10 13 -1
10 14 1
10 17 1
10 18 -1
10 19 -1
10 21 -1
10 23 -1
10 24 -1
10 25 -1
10 26 1
10 27 -1
10 29 -1
10 30 1
10 32 -1
10 33 -1
10 34 -1
10 38 -1
10 41 -1
10 42 1
10 45 -1
10 51 1
10 52 -1
10 54 -1
10 56 -1
10 58 1
10 59 -1
10 64 -1
10 67 -1
10 71 -1
10 73 -1
10 77 -1
10 79 -1
10 84 1
10 87 -1
10 88 -1
10 89 -1
10 90 1
10 92 1
10 93 -1
10 94 -1
10 96 -1
10 100 -1
10 102 -1
10 103 1
10 104 -1
10 106 -1
10 107 -1
10 109 -1
10 110 -1
10 113 -1
10 117 -1
10 124 -1
10 125 -1
10 127 -1
10 128 -1
10 132 1
10 133 -1
10 134 -1
10 136 -1
10 138 -1
10 139 1
10 141 1
10 146 -1
10 147 1
10 148 -1
10 150 1
10 151 -1
10 155 -1
10 162 -1
10 163 1
10 164 -1
10 166 -1
10 167 -1
10 169 1
11 13 -1
11 16 -1
11 17 -1
11 19 -1
11 24 -1
11 25 -1
11 26 -1
11 27 1
11 30 -1
11 31 -1
11 32 -1
11 33 1
11 34 -1
11 35 -1
11 36 1
11 39 1
11 42 -1
11 43 -1
11 44 1
11 45 1
11 47 -1
11 48 -1
11 56 -1
11 58 -1
11 61 -1
11 63 -1
11 64 -1
11 66 -1
11 67 -1
11 68 1
11 69 1
11 70 -1
11 71 -1
11 72 -1
11 73 -1
11 74 -1
11 76 1
11 79 -1
11 82 -1
11 83 -1
11 86 1
11 88 -1
11 89 1
11 91 1
11 93 -1
11 94 -1
11 95 -1
11 97 1
11 98 1
11 99 1
11 103 -1
11 104 -1
11 105 -1
11 111 1
11 117 1
11 119 1
11 121 -1
11 122 1
11 123 -1
11 124 -1
11 125 -1
11 126 1
11 127 1
11 128 -1
11 129 -1
11 130 -1
11 131 -1
11 136 -1
11 139 -1
11 144 -1
11 146 1
11 148 1
11 149 -1
11 152 -1
11 158 1
11 160 1
11 161 1
11 165 -1
11 166 -1
11 168 -1
11 169 -1
12 14 -1
12 15 -1
12 16 1
12 18 -1
12 19 -1
12 21 -1
12 24 -1
12 26 -1
12 27 -1
12 31 -1
12 32 -1
12 33 -1
12 35 -1
12 37 1
12 39 -1
12 40 1
12 44 -1
12 48 -1
12 49 -1
12 50 -1
12 51 -1
12 52 -1
12 53 -1
12 54 -1
12 55 -1
12 56 1
12 57 -1
12 58 -1
12 59 1
12 60 -1
12 63 -1
12 66 -1
12 69 -1
12 71 1
12 72 1
12 77 -1
12 79 -1
12 80 -1
12 81 1
12 82 -1
12 85 -1
12 86 -1
12 88 -1
12 89 -1
12 91 -1
12 93 -1
12 94 -1
12 95 -1
12 97 -1
12 98 -1
12 102 -1
12 105 1
12 106 1
12 107 -1
12 108 -1
12 110 -1
12 114 1
12 115 -1
12 118 -1
12 123 -1
12 128 -1
12 129 -1
12 131 -1
12 135 -1
12 136 -1
12 138 1
12 139 -1
12 143 1
12 151 1
12 152 1
12 155 -1
12 157 -1
12 158 -1
12 160 -1
12 161 -1
12 162 1
12 164 1
12 166 -1
12 167 1
12 168 1
13 15 1
13 17 -1
13 18 1
13 20 1
13 21 1
13 22 1
13 23 -1
13 24 -1
13 26 -1
13 27 -1
13 31 -1
13 32 -1
13 33 -1
13 34 1
13 36 -1
13 37 -1
13 40 -1
13 46 -1
13 47 -1
13 48 -1
13 51 -1
13 52 -1
13 54 -1
13 57 -1
13 60 -1
13 61 -1
13 64 1
13 67 -1
13 70 -1
13 73 -1
13 75 -1
13 76 -1
13 77 -1
13 80 -1
13 81 -1
13 82 -1
13 83 -1
13 86 -1
13 87 -1
13 88 -1
13 89 -1
13 91 -1
13 95 -1
13 96 -1
13 97 -1
13 100 -1
13 101 -1
13 102 1
13 104 -1
13 106 -1
13 107 1
13 109 1
13 113 1
13 114 -1
13 115 -1
13 123 -1
13 124 -1
13 125 -1
13 126 -1
13 128 -1
13 129 -1
13 131 1
13 134 -1
13 136 1
13 140 1
13 141 -1
13 146 -1
13 148 -1
13 149 -1
13 150 -1
13 154 1
13 155 1
13 157 1
13 158 -1
13 161 -1
13 162 -1
13 163 -1
13 165 -1
13 166 1
14 17 1
14 18 -1
14 19 -1
14 21 -1
14 22 -1
14 26 1
14 28 -1
14 30 1
14 31 -1
14 32 -1
14 35 -1
14 36 -1
14 42 1
14 43 -1
14 44 -1
14 45 -1
14 47 -1
14 48 -1
14 49 -1
14 50 -1
14 51 1
14 56 -1
14 57 -1
14 58 1
14 60 -1
14 62 -1
14 64 -1
14 67 -1
14 70 -1
14 73 -1
14 74 -1
14 76 -1
14 77 -1
14 78 -1
14 82 -1
14 83 -1
14 84 1
14 86 -1
14 87 -1
14 88 -1
14 90 1
14 91 -1
14 92 1
14 95 -1
14 96 -1
14 99 -1
14 103 1
14 104 1
14 105 -1
14 107 -1
14 108 -1
14 110 -1
14 111 -1
14 112 -1
14 114 -1
14 115 -1
14 116 -1
14 118 -1
14 119 -1
14 120 -1
14 122 -1
14 124 -1
14 125 1
14 126 -1
14 129 -1
14 130 -1
14 132 1
14 136 -1
14 137 -1
14 138 -1
14 139 1
14 140 -1
14 141 1
14 144 -1
14 145 -1
14 146 -1
14 147 1
14 150 1
14 151 -1
14 154 -1
14 155 -1
14 157 -1
14 159 -1
14 160 -1
14 162 -1
14 163 1
14 165 -1
14 169 1
15 17 -1
15 18 1
15 19 -1
15 21 1
15 22 1
15 26 -1
15 27 -1
15 29 -1
15 34 1
15 35 -1
15 36 -1
15 40 -1
15 41 -1
15 49 -1
15 50 -1
15 52 -1
15 53 -1
15 56 -1
15 57 -1
15 58 -1
15 59 -1
15 61 -1
15 64 1
15 65 -1
15 70 -1
15 71 -1
15 72 -1
15 73 -1
15 76 -1
15 81 -1
15 82 -1
15 83 -1
15 84 -1
15 85 -1
15 86 -1
15 88 -1
15 89 -1
15 90 -1
15 93 -1
15 94 -1
15 95 -1
15 97 -1
15 98 -1
15 101 -1
15 102 1
15 104 -1
15 109 1
15 114 -1
15 116 -1
15 118 -1
15 119 -1
15 120 -1
15 123 -1
15 125 -1
15 126 -1
15 127 -1
15 128 -1
15 130 -1
15 131 -1
15 133 -1
15 135 -1
15 136 1
15 139 -1
15 140 1
15 143 -1
15 144 -1
15 146 -1
15 149 -1
15 151 -1
15 154 1
15 155 1
15 157 1
15 159 -1
15 160 -1
15 161 -1
15 167 -1
15 169 -1
16 22 -1
16 27 -1
16 30 -1
16 31 -1
16 35 -1
16 36 -1
16 37 1
16 38 -1
16 40 1
16 42 -1
16 46 -1
16 47 -1
16 56 1
16 58 -1
16 59 1
16 60 -1
16 66 -1
16 70 -1
16 71 1
16 72 1
16 73 -1
16 74 -1
16 75 -1
16 79 -1
16 80 -1
16 81 1
16 83 -1
16 84 -1
16 88 -1
16 92 -1
16 94 -1
16 95 -1
16 96 -1
16 99 -1
16 105 1
16 106 1
16 111 -1
16 112 -1
16 114 1
16 117 -1
16 118 -1
16 121 -1
16 126 -1
16 129 -1
16 130 -1
16 131 -1
16 132 -1
16 133 -1
16 136 -1
16 139 -1
16 141 -1
16 142 -1
16 143 1
16 147 -1
16 148 -1
16 149 -1
16 150 -1
16 151 -1
16 152 1
16 154 -1
16 158 -1
16 159 -1
16 161 -1
16 162 1
16 163 -1
16 164 1
16 165 -1
16 167 1
16 168 1
16 170 -1
17 20 -1
17 24 -1
17 25 -1
17 26 1
17 30 1
17 31 -1
17 32 -1
17 34 -1
17 36 -1
17 37 -1
17 38 1
17 39 -1
17 40 -1
17 41 -1
17 42 1
17 43 -1
17 50 -1
17 51 1
17 55 -1
17 58 1
17 59 -1
17 62 -1
17 64 -1
17 67 -1
17 71 -1
17 74 -1
17 75 1
17 78 -1
17 79 -1
17 84 1
17 85 -1
17 86 -1
17 87 -1
17 88 -1
17 90 1
17 91 -1
17 92 1
17 93 -1
17 94 -1
17 95 -1
17 96 -1
17 99 -1
17 100 -1
17 101 -1
17 102 -1
17 103 1
17 110 -1
17 111 -1
17 116 -1
17 117 -1
17 118 -1
17 119 -1
17 121 -1
17 122 -1
17 124 -1
17 125 -1
17 130 -1
17 132 1
17 135 -1
17 138 -1
17 139 1
17 140 -1
17 141 1
17 145 -1
17 147 1
17 148 -1
17 149 -1
17 150 1
17 151 -1
17 153 -1
17 155 -1
17 156 -1
17 157 -1
17 158 -1
17 160 -1
17 161 -1
17 162 -1
17 163 1
17 164 -1
17 165 -1
17 166 -1
17 169 1
17 170 -1
18 20 1
18 21 1
18 22 1
18 23 -1
18 25 -1
18 27 -1
18 28 -1
18 30 -1
18 33 -1
18 34 1
18 36 -1
18 37 -1
18 40 -1
18 43 -1
18 45 -1
18 48 -1
18 49 -1
18 51 -1
18 52 -1
18 54 -1
18 55 -1
18 60 -1
18 63 -1
18 64 1
18 65 -1
18 77 -1
18 78 -1
18 81 -1
18 83 -1
18 84 -1
18 86 -1
18 88 -1
18 89 -1
18 91 -1
18 92 -1
18 95 -1
18 96 -1
18 103 -1
18 104 1
18 105 -1
18 107 1
18 109 1
18 110 -1
18 112 -1
18 113 1
18 114 -1
18 116 -1
18 117 -1
18 120 -1
18 121 -1
18 124 -1
18 125 1
18 126 -1
18 129 -1
18 130 -1
18 131 1
18 132 -1
18 136 1
18 137 -1
18 138 -1
18 140 1
18 141 -1
18 143 -1
18 146 -1
18 147 -1
18 148 -1
18 150 -1
18 152 -1
18 154 1
18 155 1
18 157 1
18 159 -1
18 160 -1
18 162 -1
18 166 1
18 167 -1
18 168 -1
18 170 -1
19 23 1
19 24 -1
19 28 1
19 30 -1
19 31 1
19 33 -1
19 34 -1
19 35 -1
19 36 -1
19 37 -1
19 38 -1
19 39 -1
19 40 -1
19 42 -1
19 44 -1
19 47 -1
19 52 -1
19 55 -1
19 56 -1
19 59 -1
19 60 -1
19 61 -1
19 62 -1
19 63 -1
19 64 -1
19 66 -1
19 67 -1
19 68 -1
19 69 -1
19 70 -1
19 71 -1
19 77 -1
19 78 -1
19 79 -1
19 80 -1
19 82 1
19 86 -1
19 89 -1
19 90 -1
19 91 -1
19 92 -1
19 93 -1
19 95 -1
19 97 -1
19 98 -1
19 99 -1
19 102 -1
19 104 -1
19 108 1
19 109 -1
19 110 1
19 112 -1
19 114 -1
19 116 -1
19 117 -1
19 119 -1
19 120 -1
19 121 -1
19 122 -1
19 124 -1
19 125 -1
19 127 -1
19 128 -1
19 129 -1
19 130 -1
19 132 -1
19 133 1
19 134 1
19 135 1
19 140 -1
19 142 1
19 153 -1
19 155 -1
19 158 -1
19 161 -1
19 163 -1
19 165 -1
19 166 -1
19 168 -1
19 170 1
20 21 1
20 22 1
20 23 -1
20 26 -1
20 27 -1
20 29 -1
20 30 -1
20 36 -1
20 37 -1
20 38 -1
20 45 -1
20 46 -1
20 48 -1
20 50 -1
20 51 1
20 52 -1
20 54 -1
20 55 -1
20 56 -1
20 57 -1
20 59 -1
20 60 -1
20 64 1
20 70 -1
20 71 -1
20 72 -1
20 76 -1
20 80 -1
20 81 -1
20 84 -1
20 86 -1
20 89 -1
20 90 1
20 92 1
20 94 -1
20 96 -1
20 98 -1
20 99 -1
20 101 -1
20 102 -1
20 103 -1
20 104 1
20 106 -1
20 107 1
20 108 -1
20 113 1
20 118 -1
20 119 -1
20 125 1
20 129 -1
20 130 -1
20 131 1
20 132 -1
20 134 -1
20 135 -1
20 136 1
20 137 -1
20 138 -1
20 140 1
20 141 -1
20 143 -1
20 145 -1
20 147 1
20 149 -1
20 150 -1
20 152 -1
20 154 1
20 157 -1
20 159 -1
20 162 -1
20 163 -1
20 166 1
20 168 -1
20 170 -1
21 22 1
21 28 -1
21 29 -1
21 34 1
21 35 -1
21 40 -1
21 42 -1
21 45 -1
21 50 -1
21 51 -1
21 56 -1
21 57 -1
21 62 -1
21 63 -1
21 64 1
21 72 -1
21 73 -1
21 74 -1
21 76 -1
21 78 -1
21 79 -1
21 80 -1
21 82 -1
21 85 -1
21 90 -1
21 92 -1
21 95 -1
21 96 -1
21 97 -1
21 100 -1
21 102 1
21 105 -1
21 106 -1
21 107 1
21 109 1
21 110 -1
21 111 -1
21 113 1
21 115 -1
21 116 -1
21 118 -1
21 122 -1
21 123 -1
21 126 -1
21 129 -1
21 130 -1
21 131 1
21 135 -1
21 136 1
21 137 -1
21 139 -1
21 140 1
21 144 -1
21 145 -1
21 147 -1
21 149 -1
21 152 -1
21 154 1
21 155 1
21 157 1
21 159 -1
21 161 -1
21 166 1
21 168 -1
21 170 -1
22 27 -1
22 28 -1
22 30 -1
22 32 -1
22 34 1
22 40 -1
22 41 -1
22 42 -1
22 45 -1
22 46 -1
22 50 -1
22 52 -1
22 55 -1
22 57 -1
22 59 -1
22 60 -1
22 61 -1
22 62 -1
22 63 -1
22 64 1
22 66 -1
22 70 -1
22 71 -1
22 73 -1
22 79 -1
22 81 -1
22 84 -1
22 86 -1
22 91 -1
22 92 -1
22 93 -1
22 96 -1
22 97 -1
22 101 -1
22 103 -1
22 104 1
22 107 1
22 108 -1
22 109 1
22 111 -1
22 112 -1
22 113 1
22 116 -1
22 119 -1
22 120 -1
22 124 -1
22 125 -1
22 129 -1
22 131 1
22 132 -1
22 135 -1
22 136 1
22 137 -1
22 140 1
22 149 -1
22 150 -1
22 151 -1
22 153 -1
22 154 1
22 155 1
22 157 1
22 163 -1
22 166 1
22 167 -1
22 169 -1
23 27 -1
23 28 1
23 29 -1
23 31 1
23 36 -1
23 37 -1
23 39 -1
23 41 -1
23 45 -1
23 47 -1
23 50 -1
23 51 -1
23 52 -1
23 54 -1
23 58 -1
23 60 -1
23 61 1
23 63 1
23 64 -1
23 65 -1
23 67 -1
23 69 -1
23 70 -1
23 74 1
23 76 -1
23 78 -1
23 79 -1
23 82 1
23 83 -1
23 85 -1
23 88 1
23 93 -1
23 95 -1
23 100 1
23 102 -1
23 103 -1
23 105 -1
23 106 -1
23 109 -1
23 110 1
23 112 1
23 115 -1
23 116 -1
23 119 -1
23 121 -1
23 125 -1
23 128 -1
23 130 -1
23 132 -1
23 134 1
23 139 -1
23 142 1
23 144 -1
23 146 -1
23 150 -1
23 152 -1
23 153 -1
23 159 1
23 160 -1
23 163 -1
23 168 -1
23 170 -1
24 29 -1
24 32 1
24 33 -1
24 34 -1
24 35 1
24 36 -1
24 39 -1
24 41 -1
24 42 -1
24 43 -1
24 45 -1
24 46 -1
24 47 -1
24 49 1
24 52 -1
24 53 1
24 54 1
24 55 -1
24 56 -1
24 57 -1
24 58 -1
24 59 -1
24 60 -1
24 66 1
24 67 1
24 70 -1
24 73 -1
24 74 -1
24 75 -1
24 77 -1
24 78 1
24 80 1
24 81 -1
24 84 -1
24 85 1
24 86 -1
24 87 -1
24 90 -1
24 92 -1
24 93 1
24 95 -1
24 96 1
24 97 -1
24 99 -1
24 101 1
24 103 -1
24 104 -1
24 108 -1
24 110 -1
24 112 -1
24 115 -1
24 121 1
24 123 -1
24 124 -1
24 125 -1
24 127 -1
24 130 1
24 132 -1
24 133 -1
24 135 -1
24 138 -1
24 139 -1
24 140 -1
24 141 -1
24 144 -1
24 146 -1
24 148 -1
24 149 -1
24 152 -1
24 153 1
24 154 -1
24 155 -1
24 162 -1
24 164 -1
24 166 -1
24 168 -1
25 28 -1
25 31 -1
25 32 -1
25 36 -1
25 37 -1
25 38 -1
25 39 -1
25 40 1
25 41 -1
25 44 1
25 45 1
25 46 -1
25 47 1
25 48 -1
25 50 -1
25 55 1
25 56 1
25 57 -1
25 59 1
25 60 -1
25 62 -1
25 64 -1
25 69 1
25 70 -1
25 71 1
25 72 1
25 74 -1
25 76 -1
25 78 -1
25 79 -1
25 81 -1
25 82 -1
25 84 -1
25 85 -1
25 86 1
25 89 -1
25 90 -1
25 91 1
25 92 -1
25 94 -1
25 96 -1
25 98 1
25 99 1
25 101 -1
25 103 -1
25 104 -1
25 105 -1
25 108 -1
25 111 -1
25 116 -1
25 117 1
25 119 1
25 121 -1
25 122 1
25 123 -1
25 124 -1
25 125 -1
25 127 1
25 129 -1
25 130 -1
25 134 -1
25 135 -1
25 136 -1
25 137 -1
25 138 1
25 139 -1
25 140 -1
25 146 1
25 148 1
25 150 -1
25 151 1
25 155 -1
25 160 1
25 161 -1
25 162 -1
25 166 -1
25 169 -1
25 170 -1
26 27 -1
26 29 -1
26 30 1
26 36 -1
26 37 -1
26 38 -1
26 39 -1
26 40 -1
26 42 1
26 46 -1
26 51 1
26 54 -1
26 56 -1
26 58 1
26 59 -1
26 60 -1
26 61 -1
26 63 -1
26 64 -1
26 66 -1
26 73 -1
26 77 -1
26 79 -1
26 80 -1
26 83 -1
26 84 1
26 85 -1
26 88 -1
26 90 1
26 92 1
26 94 -1
26 96 -1
26 98 -1
26 100 -1
26 101 -1
26 103 1
26 106 -1
26 109 -1
26 110 -1
26 111 -1
26 114 -1
26 117 -1
26 118 -1
26 119 -1
26 122 -1
26 123 -1
26 124 -1
26 125 1
26 127 -1
26 128 -1
26 129 -1
26 131 -1
26 132 1
26 133 -1
26 136 -1
26 139 1
26 141 1
26 147 1
26 149 -1
26 150 1
26 152 -1
26 155 -1
26 163 1
26 166 -1
26 167 -1
26 168 -1
26 169 1
27 28 -1
27 29 -1
27 30 -1
27 33 1
27 34 -1
27 36 1
27 37 -1
27 39 1
27 40 -1
27 42 -1
27 43 -1
27 44 1
27 45 1
27 47 -1
27 52 -1
27 53 -1
27 55 -1
27 56 -1
27 59 -1
27 62 -1
27 63 -1
27 68 1
27 76 1
27 77 1
27 79 -1
27 80 -1
27 81 -1
27 82 -1
27 83 -1
27 85 -1
27 86 1
27 87 -1
27 89 1
27 90 -1
27 92 -1
27 95 -1
27 96 -1
27 97 1
27 98 1
27 99 1
27 100 -1
27 101 -1
27 102 -1
27 104 -1
27 105 -1
27 107 -1
27 111 1
27 115 -1
27 116 1
27 117 1
27 118 -1
27 120 -1
27 122 1
27 123 1
27 124 -1
27 125 -1
27 126 1
27 129 -1
27 130 -1
27 131 -1
27 133 -1
27 134 -1
27 135 -1
27 139 -1
27 146 1
27 148 1
27 149 -1
27 151 -1
27 152 -1
27 153 -1
27 157 -1
27 158 1
27 159 -1
27 160 1
27 161 1
27 162 -1
27 164 -1
27 166 -1
27 167 -1
27 168 -1
27 169 -1
27 170 -1
28 29 -1
28 30 -1
28 31 1
28 32 -1
28 34 -1
28 36 -1
28 37 -1
28 39 -1
28 40 -1
28 43 -1
28 44 -1
28 45 -1
28 53 -1
28 54 -1
28 55 -1
28 56 -1
28 58 -1
28 61 1
28 62 -1
28 63 1
28 64 -1
28 65 -1
28 67 -1
28 69 -1
28 72 -1
28 74 1
28 75 -1
28 76 -1
28 79 -1
28 82 1
28 84 -1
28 86 -1
28 87 -1
28 88 1
28 93 -1
28 94 -1
28 95 -1
28 97 -1
28 100 1
28 102 -1
28 103 -1
28 104 -1
28 105 -1
28 106 -1
28 108 -1
28 109 -1
28 110 1
28 112 1
28 113 -1
28 117 -1
28 119 -1
28 122 -1
28 123 -1
28 124 -1
28 125 -1
28 126 -1
28 129 -1
28 131 -1
28 134 -1
28 135 -1
28 142 1
28 143 -1
28 145 -1
28 148 -1
28 149 -1
28 150 -1
28 159 1
28 160 -1
28 165 1
28 169 -1
28 170 -1
29 30 -1
29 33 -1
29 34 -1
29 35 -1
29 37 -1
29 38 -1
29 43 1
29 44 -1
29 45 -1
29 47 -1
29 48 1
29 50 -1
29 53 -1
29 57 -1
29 60 -1
29 61 -1
29 62 -1
29 64 -1
29 67 -1
29 69 -1
29 70 -1
29 74 -1
29 79 -1
29 80 -1
29 81 -1
29 83 1
29 88 -1
29 89 -1
29 93 -1
29 94 1
29 95 1
29 97 -1
29 100 -1
29 101 -1
29 102 -1
29 103 -1
29 104 -1
29 107 -1
29 110 -1
29 111 -1
29 114 -1
29 115 -1
29 116 -1
29 117 -1
29 118 1
29 120 1
29 122 -1
29 124 -1
29 125 -1
29 126 -1
29 127 -1
29 128 -1
29 131 -1
29 132 -1
29 133 -1
29 135 -1
29 137 1
29 140 -1
29 143 -1
29 144 1
29 146 -1
29 148 -1
29 149 -1
29 150 -1
29 151 -1
29 154 -1
29 155 -1
29 156 1
29 157 -1
29 158 -1
29 159 -1
29 161 -1
29 162 -1
29 164 -1
29 165 -1
29 166 -1
29 170 -1
30 31 -1
30 33 -1
30 34 -1
30 35 -1
30 38 -1
30 41 -1
30 42 1
30 49 -1
30 51 1
30 52 -1
30 53 -1
30 54 -1
30 55 -1
30 58 1
30 59 -1
30 60 -1
30 61 -1
30 62 -1
30 63 -1
30 70 -1
30 73 -1
30 75 -1
30 83 -1
30 84 1
30 85 -1
30 89 -1
30 90 1
30 91 -1
30 92 1
30 93 -1
30 95 -1
30 96 -1
30 98 -1
30 102 -1
30 103 1
30 104 -1
30 105 -1
30 109 -1
30 110 -1
30 111 -1
30 112 -1
30 113 -1
30 123 -1
30 125 1
30 128 -1
30 129 -1
30 130 -1
30 132 1
30 133 -1
30 135 -1
30 138 -1
30 139 1
30 140 -1
30 141 1
30 143 -1
30 145 -1
30 146 -1
30 147 1
30 149 -1
30 150 1
30 151 -1
30 154 -1
30 156 -1
30 162 -1
30 163 1
30 164 -1
30 165 -1
30 168 -1
30 169 1
31 33 -1
31 35 -1
31 36 -1
31 39 -1
31 40 -1
31 43 -1
31 45 -1
31 46 -1
31 47 -1
31 48 -1
31 49 -1
31 50 -1
31 51 -1
31 56 -1
31 59 -1
31 61 1
31 63 1
31 64 -1
31 66 -1
31 67 -1
31 69 -1
31 70 -1
31 71 -1
31 73 -1
31 77 -1
31 78 -1
31 79 -1
31 80 -1
31 82 1
31 84 -1
31 86 -1
31 88 1
31 91 -1
31 93 -1
31 94 -1
31 95 -1
31 96 -1
31 101 -1
31 102 -1
31 103 -1
31 104 -1
31 106 -1
31 109 -1
31 110 1
31 111 -1
31 114 -1
31 115 -1
31 116 -1
31 117 -1
31 118 -1
31 119 -1
31 120 -1
31 122 -1
31 123 -1
31 126 -1
31 127 -1
31 128 -1
31 129 -1
31 130 -1
31 133 1
31 134 1
31 135 -1
31 136 -1
31 137 -1
31 142 1
31 150 -1
31 153 -1
31 157 -1
31 163 -1
31 164 -1
31 168 -1
32 33 -1
32 35 -1
32 38 -1
32 39 -1
32 41 1
32 49 1
32 53 1
32 54 1
32 55 -1
32 56 -1
32 58 -1
32 61 -1
32 63 -1
32 66 1
32 67 -1
32 72 -1
32 73 -1
32 75 -1
32 78 1
32 79 -1
32 80 1
32 82 -1
32 83 -1
32 84 -1
32 85 1
32 86 -1
32 91 -1
32 93 1
32 94 -1
32 96 1
32 101 1
32 102 -1
32 103 -1
32 104 -1
32 108 -1
32 110 -1
32 112 -1
32 113 -1
32 116 -1
32 118 -1
32 119 -1
32 123 -1
32 125 -1
32 128 1
32 130 1
32 133 -1
32 134 -1
32 136 -1
32 140 -1
32 141 -1
32 144 -1
32 145 -1
32 146 -1
32 147 -1
32 148 -1
32 150 -1
32 151 -1
32 152 -1
32 153 1
32 154 -1
32 158 -1
32 159 -1
32 160 -1
32 161 -1
32 163 -1
32 165 -1
33 35 -1
33 36 1
33 38 -1
33 39 1
33 41 -1
33 43 -1
33 44 -1
33 45 -1
33 46 -1
33 49 -1
33 50 1
33 52 1
33 55 -1
33 56 -1
33 60 1
33 61 -1
33 62 1
33 64 -1
33 65 1
33 68 1
33 72 -1
33 73 1
33 76 1
33 77 1
33 78 -1
33 79 1
33 84 -1
33 86 -1
33 87 -1
33 88 -1
33 89 1
33 90 -1
33 92 -1
33 94 -1
33 95 -1
33 97 1
33 98 -1
33 100 -1
33 102 -1
33 103 -1
33 107 -1
33 108 -1
33 109 -1
33 111 1
33 112 -1
33 114 -1
33 115 1
33 116 1
33 121 -1
33 123 1
33 124 1
33 126 1
33 127 -1
33 128 -1
33 131 -1
33 132 -1
33 136 -1
33 137 -1
33 140 -1
33 141 -1
33 145 1
33 149 -1
33 150 -1
33 152 -1
33 154 -1
33 156 -1
33 157 -1
33 158 1
33 159 -1
33 161 1
33 162 -1
33 165 -1
33 168 -1
33 169 -1
33 170 -1
34 36 -1
34 38 -1
34 43 -1
34 47 -1
34 49 -1
34 54 -1
34 58 -1
34 59 -1
34 60 -1
34 62 -1
34 63 -1
34 64 1
34 65 -1
34 66 -1
34 69 -1
34 70 -1
34 71 -1
34 72 -1
34 73 -1
34 77 -1
34 78 -1
34 81 -1
34 82 -1
34 84 -1
34 85 -1
34 95 -1
34 96 -1
34 97 -1
34 98 -1
34 99 -1
34 101 -1
34 102 1
34 103 -1
34 108 -1
34 109 1
34 112 -1
34 115 -1
34 120 -1
34 121 -1
34 123 -1
34 126 -1
34 128 -1
34 129 -1
34 131 1
34 133 -1
34 135 -1
34 136 1
34 140 1
34 141 -1
34 147 -1
34 149 -1
34 151 -1
34 153 -1
34 154 1
34 155 1
34 156 -1
34 157 1
34 158 -1
34 160 -1
34 164 -1
34 168 -1
34 169 -1
35 38 -1
35 39 -1
35 40 -1
35 42 -1
35 43 -1
35 44 -1
35 45 -1
35 46 -1
35 47 -1
35 49 1
35 53 1
35 54 1
35 56 -1
35 57 -1
35 59 -1
35 65 -1
35 66 1
35 67 1
35 68 -1
35 69 -1
35 73 -1
35 79 -1
35 82 -1
35 83 -1
35 85 1
35 86 -1
35 87 -1
35 91 -1
35 93 -1
35 95 -1
35 97 -1
35 98 -1
35 99 -1
35 106 -1
35 108 1
35 111 -1
35 115 -1
35 117 -1
35 118 -1
35 119 -1
35 121 1
35 122 -1
35 125 -1
35 133 1
35 135 1
35 137 -1
35 139 -1
35 141 -1
35 142 -1
35 147 -1
35 149 1
35 151 -1
35 153 1
35 155 -1
35 158 -1
35 160 -1
35 162 -1
35 164 -1
35 166 -1
35 167 -1
35 168 -1
35 170 1
36 37 -1
36 39 1
36 42 -1
36 44 1
36 45 1
36 46 -1
36 48 -1
36 51 -1
36 56 -1
36 60 1
36 63 -1
36 65 1
36 66 -1
36 67 -1
36 68 1
36 69 -1
36 70 -1
36 75 -1
36 76 1
36 77 1
36 80 -1
36 86 -1
36 88 -1
36 89 1
36 93 -1
36 95 -1
36 97 1
36 98 1
36 100 -1
36 101 -1
36 103 -1
36 104 -1
36 105 -1
36 108 -1
36 111 1
36 112 -1
36 114 -1
36 115 1
36 116 1
36 117 -1
36 119 -1
36 123 1
36 124 1
36 125 -1
36 126 1
36 132 -1
36 133 -1
36 134 -1
36 135 -1
36 136 -1
36 137 -1
36 140 -1
36 144 -1
36 146 1
36 148 -1
36 149 -1
36 151 -1
36 154 -1
36 157 -1
36 158 1
36 160 1
36 161 1
36 163 -1
36 164 -1
36 165 -1
36 166 -1
36 167 -1
36 168 -1
37 41 -1
37 43 -1
37 47 -1
37 51 -1
37 60 -1
37 61 -1
37 62 -1
37 65 -1
37 71 1
37 74 -1
37 76 -1
37 77 -1
37 78 -1
37 80 -1
37 81 1
37 83 -1
37 84 -1
37 85 -1
37 89 -1
37 93 -1
37 95 -1
37 96 -1
37 97 -1
37 100 -1
37 102 1
37 103 -1
37 105 1
37 106 1
37 110 -1
37 111 -1
37 113 -1
37 114 1
37 118 -1
37 120 -1
37 122 -1
37 123 -1
37 126 -1
37 128 -1
37 131 -1
37 132 -1
37 133 -1
37 134 -1
37 136 -1
37 137 -1
37 143 1
37 144 -1
37 145 -1
37 147 -1
37 148 -1
37 149 -1
37 150 -1
37 152 1
37 153 -1
37 156 -1
37 157 -1
37 158 -1
37 159 -1
37 161 -1
37 162 1
37 164 1
37 165 -1
37 166 -1
37 167 1
37 168 1
37 169 -1
38 39 -1
38 40 -1
38 42 1
38 43 -1
38 45 -1
38 46 1
38 50 -1
38 52 -1
38 53 -1
38 57 1
38 62 -1
38 65 -1
38 66 -1
38 70 1
38 71 -1
38 72 -1
38 74 1
38 75 1
38 78 -1
38 81 -1
38 85 -1
38 87 -1
38 90 -1
38 91 -1
38 93 -1
38 96 -1
38 97 -1
38 100 1
38 103 -1
38 104 -1
38 106 -1
38 107 -1
38 108 -1
38 112 1
38 113 -1
38 116 -1
38 122 -1
38 133 -1
38 134 -1
38 135 -1
38 137 -1
38 138 -1
38 139 1
38 141 -1
38 143 -1
38 144 -1
38 145 -1
38 146 -1
38 147 -1
38 148 -1
38 151 -1
38 153 -1
38 154 -1
38 156 -1
38 157 -1
38 158 -1
38 159 1
38 160 -1
38 162 -1
38 163 1
38 165 1
38 166 -1
38 167 -1
39 43 -1
39 44 -1
39 46 -1
39 47 -1
39 51 -1
39 53 -1
39 60 1
39 62 1
39 63 -1
39 65 1
39 66 -1
39 68 1
39 71 -1
39 73 1
39 76 1
39 77 1
39 79 1
39 82 -1
39 83 -1
39 84 -1
39 85 -1
39 88 -1
39 89 1
39 90 -1
39 94 -1
39 97 1
39 101 -1
39 102 -1
39 103 -1
39 104 -1
39 105 -1
39 107 -1
39 109 -1
39 111 1
39 114 -1
39 115 1
39 116 1
39 117 -1
39 120 -1
39 122 -1
39 123 1
39 124 1
39 126 1
39 127 -1
39 129 -1
39 130 -1
39 132 -1
39 134 -1
39 135 -1
39 143 -1
39 145 1
39 146 -1
39 147 -1
39 149 -1
39 150 -1
39 151 -1
39 152 -1
39 154 -1
39 155 -1
39 157 -1
39 158 1
39 159 -1
39 161 1
39 162 -1
39 164 -1
39 165 -1
39 166 -1
39 167 -1
39 168 -1
39 170 -1
40 41 -1
40 42 -1
40 43 -1
40 44 -1
40 47 1
40 49 -1
40 51 -1
40 54 -1
40 55 1
40 56 1
40 59 1
40 64 -1
40 65 -1
40 67 -1
40 68 -1
40 69 1
40 71 1
40 72 1
40 74 -1
40 75 -1
40 80 -1
40 81 1
40 83 -1
40 86 -1
40 87 -1
40 88 -1
40 89 -1
40 91 1
40 93 -1
40 94 -1
40 95 -1
40 98 -1
40 99 1
40 100 -1
40 101 -1
40 102 -1
40 103 -1
40 108 -1
40 109 -1
40 110 -1
40 111 -1
40 112 -1
40 113 -1
40 114 1
40 116 -1
40 117 1
40 119 1
40 121 -1
40 122 -1
40 124 -1
40 125 -1
40 126 -1
40 127 1
40 132 -1
40 133 -1
40 134 -1
40 135 -1
40 137 -1
40 138 1
40 141 -1
40 142 -1
40 143 -1
40 144 -1
40 145 -1
40 147 -1
40 148 1
40 149 -1
40 151 1
40 153 -1
40 155 -1
40 159 -1
40 160 -1
40 162 -1
40 163 -1
40 164 1
40 165 -1
40 167 -1
40 168 1
41 42 -1
41 43 1
41 44 -1
41 52 -1
41 55 -1
41 56 -1
41 57 -1
41 58 -1
41 59 -1
41 60 -1
41 61 -1
41 62 -1
41 64 -1
41 71 -1
41 73 -1
41 75 -1
41 77 -1
41 78 1
41 80 1
41 84 -1
41 85 -1
41 86 -1
41 87 -1
41 93 1
41 96 1
41 97 -1
41 98 -1
41 101 1
41 103 -1
41 105 -1
41 106 -1
41 108 -1
41 109 -1
41 112 -1
41 113 -1
41 115 -1
41 118 1
41 119 -1
41 120 -1
41 121 -1
41 122 -1
41 124 -1
41 125 -1
41 126 -1
41 128 1
41 130 1
41 136 -1
41 137 -1
41 138 -1
41 141 -1
41 143 -1
41 144 1
41 146 -1
41 147 -1
41 149 -1
41 151 -1
41 153 -1
41 154 -1
41 156 -1
41 158 -1
41 159 -1
41 162 -1
41 163 -1
41 164 -1
41 166 -1
41 170 -1
42 46 1
42 49 -1
42 50 -1
42 52 -1
42 53 -1
42 57 1
42 58 1
42 60 -1
42 61 -1
42 63 -1
42 64 -1
42 66 -1
42 67 -1
42 68 -1
42 69 -1
42 70 1
42 72 -1
42 73 -1
42 74 -1
42 75 1
42 81 -1
42 82 -1
42 84 1
42 85 -1
42 87 -1
42 88 -1
42 92 -1
42 95 -1
42 96 -1
42 100 -1
42 103 1
42 104 -1
42 105 -1
42 106 -1
42 107 -1
42 108 -1
42 109 -1
42 112 -1
42 116 -1
42 121 -1
42 123 -1
42 125 -1
42 127 -1
42 128 -1
42 129 -1
42 130 -1
42 132 1
42 133 -1
42 135 -1
42 136 -1
42 137 -1
42 138 -1
42 139 1
42 141 1
42 142 -1
42 146 -1
42 147 -1
42 148 -1
42 149 -1
42 150 1
42 151 -1
42 154 -1
42 156 -1
42 157 -1
42 161 -1
42 163 1
42 165 -1
42 166 -1
42 168 -1
42 169 1
43 44 -1
43 46 -1
43 47 -1
43 48 1
43 49 -1
43 50 -1
43 52 -1
43 53 -1
43 54 -1
43 55 -1
43 56 -1
43 59 -1
43 61 -1
43 63 -1
43 64 -1
43 67 -1
43 68 -1
43 69 -1
43 70 -1
43 71 -1
43 72 -1
43 73 -1
43 75 -1
43 76 -1
43 78 -1
43 79 -1
43 80 -1
43 83 1
43 84 -1
43 86 -1
43 88 -1
43 89 -1
43 91 -1
43 94 1
43 95 1
43 100 -1
43 103 -1
43 104 -1
43 116 -1
43 117 -1
43 118 1
43 122 -1
43 125 -1
43 128 1
43 129 -1
43 133 -1
43 134 -1
43 135 -1
43 136 -1
43 137 1
43 139 -1
43 143 -1
43 144 1
43 145 -1
43 148 -1
43 151 -1
43 152 -1
43 155 -1
43 158 -1
43 163 -1
43 165 -1
43 166 -1
43 167 -1
43 168 -1
43 170 -1
44 45 1
44 47 1
44 48 -1
44 49 -1
44 50 -1
44 51 -1
44 54 -1
44 55 -1
44 56 -1
44 59 -1
44 61 -1
44 62 -1
44 65 -1
44 66 -1
44 67 -1
44 68 1
44 69 1
44 70 -1
44 71 -1
44 72 -1
44 74 -1
44 75 -1
44 76 1
44 79 -1
44 81 -1
44 85 -1
44 86 1
44 88 -1
44 89 1
44 90 -1
44 91 1
44 92 -1
44 93 -1
44 96 -1
44 97 1
44 98 1
44 99 1
44 100 -1
44 102 -1
44 109 -1
44 111 1
44 114 -1
44 117 1
44 119 1
44 120 -1
44 122 1
44 123 -1
44 125 -1
44 126 1
44 127 1
44 128 -1
44 131 -1
44 139 -1
44 146 1
44 147 -1
44 148 1
44 149 -1
44 152 -1
44 153 -1
44 155 -1
44 157 -1
44 158 1
44 159 -1
44 160 1
44 161 1
44 162 -1
44 166 -1
44 168 -1
45 47 1
45 48 -1
45 50 -1
45 52 -1
45 53 -1
45 55 1
45 58 -1
45 59 -1
45 63 -1
45 64 -1
45 65 -1
45 66 -1
45 67 -1
45 68 1
45 69 1
45 72 -1
45 74 -1
45 76 1
45 77 -1
45 78 -1
45 81 -1
45 83 -1
45 85 -1
45 86 1
45 88 -1
45 91 1
45 93 -1
45 96 -1
45 97 1
45 98 1
45 99 1
45 100 -1
45 101 -1
45 103 -1
45 106 -1
45 107 -1
45 108 -1
45 109 -1
45 111 1
45 112 -1
45 116 -1
45 117 1
45 119 1
45 120 -1
45 122 1
45 123 -1
45 126 1
45 127 1
45 128 -1
45 132 -1
45 134 -1
45 135 -1
45 136 -1
45 139 -1
45 141 -1
45 146 1
45 147 -1
45 148 1
45 150 -1
45 151 1
45 152 -1
45 154 -1
45 158 1
45 160 1
45 161 1
45 168 -1
46 48 -1
46 50 -1
46 52 -1
46 54 -1
46 55 -1
46 57 1
46 59 -1
46 60 -1
46 62 -1
46 64 -1
46 67 -1
46 68 -1
46 70 1
46 73 -1
46 74 1
46 75 1
46 76 -1
46 77 -1
46 78 -1
46 82 -1
46 86 -1
46 88 -1
46 90 -1
46 91 -1
46 94 -1
46 96 -1
46 97 -1
46 99 -1
46 100 1
46 101 -1
46 104 -1
46 105 -1
46 106 -1
46 107 -1
46 108 -1
46 110 -1
46 112 1
46 113 -1
46 115 -1
46 117 -1
46 124 -1
46 126 -1
46 128 -1
46 130 -1
46 131 -1
46 133 -1
46 135 -1
46 138 -1
46 139 1
46 141 -1
46 143 -1
46 144 -1
46 145 -1
46 148 -1
46 150 -1
46 154 -1
46 155 -1
46 159 1
46 161 -1
46 162 -1
46 165 1
46 166 -1
46 168 -1
47 48 -1
47 51 -1
47 52 -1
47 53 -1
47 54 -1
47 55 1
47 56 1
47 57 -1
47 58 -1
47 59 1
47 60 -1
47 62 -1
47 66 -1
47 68 -1
47 69 1
47 70 -1
47 71 1
47 72 1
47 76 -1
47 86 1
47 87 -1
47 88 -1
47 89 -1
47 91 1
47 93 -1
47 95 -1
47 96 -1
47 98 1
47 99 1
47 105 -1
47 106 -1
47 108 -1
47 109 -1
47 111 -1
47 112 -1
47 113 -1
47 116 -1
47 117 1
47 119 1
47 121 -1
47 122 1
47 127 1
47 128 -1
47 129 -1
47 130 -1
47 134 -1
47 138 1
47 139 -1
47 140 -1
47 142 -1
47 146 1
47 148 1
47 150 -1
47 151 1
47 154 -1
47 158 -1
47 159 -1
47 160 1
47 167 -1
47 170 -1
48 49 -1
48 50 -1
48 52 -1
48 53 -1
48 54 -1
48 55 -1
48 63 -1
48 64 -1
48 71 -1
48 72 -1
48 74 -1
48 75 -1
48 78 -1
48 82 -1
48 83 1
48 85 -1
48 86 -1
48 87 1
48 88 -1
48 89 -1
48 92 -1
48 93 -1
48 94 1
48 95 1
48 96 -1
48 98 -1
48 100 -1
48 102 -1
48 105 -1
48 107 -1
48 108 -1
48 111 -1
48 112 -1
48 114 -1
48 116 -1
48 117 -1
48 118 1
48 120 1
48 122 -1
48 123 -1
48 129 -1
48 131 -1
48 132 -1
48 133 -1
48 135 -1
48 137 1
48 139 -1
48 144 1
48 151 -1
48 152 -1
48 154 -1
48 156 1
48 159 -1
48 160 -1
48 161 -1
48 163 -1
48 168 -1
49 51 -1
49 53 1
49 54 1
49 59 -1
49 62 -1
49 64 -1
49 66 1
49 67 1
49 68 -1
49 70 -1
49 73 -1
49 74 -1
49 77 -1
49 78 1
49 81 -1
49 84 -1
49 85 1
49 86 -1
49 87 -1
49 88 -1
49 89 -1
49 90 -1
49 91 -1
49 97 -1
49 98 -1
49 100 -1
49 101 1
49 105 -1
49 106 -1
49 108 1
49 109 -1
49 111 -1
49 112 -1
49 113 -1
49 116 -1
49 117 -1
49 119 -1
49 121 1
49 128 -1
49 130 -1
49 131 -1
49 132 -1
49 134 -1
49 135 1
49 136 -1
49 138 -1
49 139 -1
49 140 -1
49 142 -1
49 146 -1
49 147 -1
49 148 -1
49 149 1
49 151 -1
49 152 -1
49 153 1
49 155 -1
49 157 -1
49 159 -1
49 160 -1
49 162 -1
49 166 -1
49 170 1
50 52 1
50 53 -1
50 54 -1
50 56 -1
50 59 -1
50 60 1
50 62 1
50 65 1
50 68 -1
50 69 -1
50 70 -1
50 73 1
50 74 -1
50 75 -1
50 77 1
50 79 1
50 80 -1
50 83 -1
50 85 -1
50 86 -1
50 87 -1
50 89 -1
50 92 -1
50 93 -1
50 97 -1
50 98 -1
50 101 -1
50 102 -1
50 106 -1
50 108 -1
50 109 -1
50 110 -1
50 112 -1
50 114 -1
50 115 1
50 116 1
50 119 -1
50 120 -1
50 123 1
50 124 1
50 128 -1
50 129 1
50 130 -1
50 131 -1
50 134 -1
50 135 -1
50 138 -1
50 139 -1
50 140 -1
50 143 -1
50 145 1
50 151 -1
50 153 -1
50 155 -1
50 156 -1
50 159 -1
50 161 -1
50 162 -1
50 163 -1
50 164 -1
50 166 -1
50 167 -1
50 170 -1
51 52 -1
51 53 -1
51 57 -1
51 58 1
51 60 -1
51 61 -1
51 63 -1
51 67 -1
51 68 -1
51 72 -1
51 74 -1
51 77 -1
51 81 -1
51 82 -1
51 83 -1
51 84 1
51 86 -1
51 87 -1
51 89 -1
51 90 1
51 92 1
51 97 -1
51 99 -1
51 102 -1
51 103 1
51 104 1
51 105 -1
51 107 1
51 110 -1
51 111 -1
51 113 1
51 121 -1
51 122 -1
51 125 1
51 126 -1
51 127 -1
51 130 -1
51 132 1
51 133 -1
51 135 -1
51 136 -1
51 137 -1
51 138 -1
51 140 -1
51 141 1
51 143 -1
51 147 1
51 149 -1
51 150 1
51 151 -1
51 154 -1
51 155 -1
51 157 -1
51 163 1
51 164 -1
51 165 -1
51 166 1
51 167 -1
51 168 -1
51 169 1
52 55 -1
52 56 -1
52 58 -1
52 59 -1
52 60 1
52 61 -1
52 62 1
52 63 -1
52 64 -1
52 65 1
52 68 -1
52 69 -1
52 73 1
52 75 -1
52 77 1
52 79 1
52 81 -1
52 83 -1
52 85 -1
52 91 -1
52 92 -1
52 95 -1
52 96 -1
52 97 -1
52 98 -1
52 107 -1
52 115 1
52 116 1
52 117 -1
52 119 -1
52 120 -1
52 123 1
52 124 1
52 125 -1
52 128 -1
52 129 1
52 133 -1
52 135 -1
52 136 -1
52 137 -1
52 138 -1
52 141 -1
52 145 1
52 146 -1
52 147 -1
52 149 -1
52 150 -1
52 153 -1
52 163 -1
52 164 -1
52 165 -1
52 168 -1
52 170 -1
53 54 1
53 55 -1
53 58 -1
53 60 -1
53 61 -1
53 62 -1
53 63 -1
53 64 -1
53 65 -1
53 66 1
53 67 1
53 70 -1
53 71 -1
53 73 -1
53 75 -1
53 77 -1
53 78 1
53 79 -1
53 80 1
53 82 -1
53 85 1
53 86 -1
53 95 -1
53 96 -1
53 97 -1
53 101 1
53 102 -1
53 105 -1
53 106 -1
53 107 -1
53 108 -1
53 109 -1
53 112 -1
53 115 -1
53 116 -1
53 120 -1
53 121 1
53 125 -1
53 128 -1
53 130 1
53 131 -1
53 133 -1
53 137 -1
53 139 -1
53 142 -1
53 143 -1
53 144 -1
53 146 -1
53 149 1
53 150 -1
53 153 1
53 154 -1
53 155 -1
53 159 -1
53 162 -1
53 166 -1
53 167 -1
53 168 -1
53 169 -1
53 170 -1
54 59 -1
54 61 -1
54 65 -1
54 66 1
54 67 1
54 68 -1
54 69 -1
54 70 -1
54 72 -1
54 73 -1
54 75 -1
54 78 1
54 79 -1
54 80 1
54 81 -1
54 83 -1
54 84 -1
54 85 1
54 86 -1
54 87 -1
54 91 -1
54 94 -1
54 96 -1
54 97 -1
54 99 -1
54 100 -1
54 101 1
54 106 -1
54 111 -1
54 114 -1
54 120 -1
54 121 1
54 124 -1
54 127 -1
54 128 -1
54 129 -1
54 130 1
54 136 -1
54 137 -1
54 140 -1
54 142 -1
54 146 -1
54 149 1
54 153 1
54 154 -1
54 156 -1
54 158 -1
54 159 -1
54 160 -1
54 161 -1
54 164 -1
54 165 -1
54 168 -1
54 169 -1
54 170 -1
55 56 1
55 57 -1
55 59 1
55 60 -1
55 61 -1
55 62 -1
55 63 -1
55 65 -1
55 69 1
55 71 1
55 72 1
55 74 -1
55 76 -1
55 77 -1
55 78 -1
55 79 -1
55 82 -1
55 84 -1
55 86 1
55 87 -1
55 90 -1
55 91 1
55 92 -1
55 94 -1
55 98 1
55 99 1
55 103 -1
55 106 -1
55 107 -1
55 108 -1
55 109 -1
55 110 -1
55 112 -1
55 115 -1
55 116 -1
55 117 1
55 119 1
55 120 -1
55 121 -1
55 122 1
55 124 -1
55 127 1
55 128 -1
55 130 -1
55 133 -1
55 134 -1
55 135 -1
55 136 -1
55 138 1
55 142 -1
55 144 -1
55 146 1
55 148 1
55 150 -1
55 151 1
55 152 -1
55 153 -1
55 154 -1
55 156 -1
55 157 -1
55 159 -1
55 160 1
55 164 -1
55 165 -1
55 166 -1
55 167 -1
56 59 1
56 60 -1
56 65 -1
56 67 -1
56 68 -1
56 69 1
56 71 1
56 72 1
56 73 -1
56 76 -1
56 78 -1
56 80 -1
56 81 1
56 83 -1
56 85 -1
56 87 -1
56 88 -1
56 89 -1
56 90 -1
56 91 1
56 93 -1
56 95 -1
56 98 -1
56 102 -1
56 104 -1
56 106 -1
56 111 -1
56 112 -1
56 114 1
56 116 -1
56 119 -1
56 121 -1
56 122 -1
56 127 1
56 129 -1
56 130 -1
56 132 -1
56 133 -1
56 134 -1
56 138 1
56 140 -1
56 141 -1
56 142 -1
56 143 -1
56 144 -1
56 147 -1
56 148 -1
56 149 -1
56 151 1
56 153 -1
56 162 -1
56 163 -1
56 164 1
56 165 -1
56 166 -1
56 167 1
56 168 1
56 169 -1
57 59 -1
57 60 -1
57 61 -1
57 62 -1
57 63 -1
57 65 -1
57 69 -1
57 70 1
57 71 -1
57 74 1
57 75 1
57 76 -1
57 78 -1
57 81 -1
57 82 -1
57 86 -1
57 90 -1
57 92 -1
57 96 -1
57 98 -1
57 100 1
57 102 -1
57 103 -1
57 106 -1
57 107 -1
57 108 -1
57 110 -1
57 112 1
57 113 -1
57 114 -1
57 115 -1
57 116 -1
57 117 -1
57 118 -1
57 119 -1
57 120 -1
57 123 -1
57 124 -1
57 127 -1
57 128 -1
57 129 -1
57 132 -1
57 133 -1
57 134 -1
57 137 -1
57 138 -1
57 139 1
57 140 -1
57 142 -1
57 143 -1
57 144 -1
57 145 -1
57 146 -1
57 147 -1
57 150 -1
57 153 -1
57 154 -1
57 156 -1
57 157 -1
57 159 1
57 162 -1
57 164 -1
57 165 1
57 166 -1
57 167 -1
57 168 -1
57 169 -1
57 170 -1
58 63 -1
58 65 -1
58 72 -1
58 73 -1
58 78 -1
58 79 -1
58 80 -1
58 82 -1
58 84 1
58 86 -1
58 87 -1
58 90 1
58 91 -1
58 92 1
58 93 -1
58 96 -1
58 97 -1
58 103 1
58 104 1
58 106 -1
58 109 -1
58 110 -1
58 114 -1
58 115 -1
58 116 -1
58 119 -1
58 120 -1
58 122 -1
58 123 -1
58 125 1
58 127 -1
58 131 -1
58 132 1
58 135 -1
58 139 1
58 141 1
58 142 -1
58 143 -1
58 146 -1
58 147 1
58 148 -1
58 150 1
58 151 -1
58 154 -1
58 156 -1
58 157 -1
58 160 -1
58 162 -1
58 163 1
58 164 -1
58 167 -1
58 168 -1
58 169 1
58 170 -1
59 60 -1
59 61 -1
59 65 -1
59 66 -1
59 67 -1
59 68 -1
59 69 1
59 70 -1
59 71 1
59 72 1
59 73 -1
59 80 -1
59 81 1
59 88 -1
59 91 1
59 97 -1
59 98 -1
59 99 1
59 101 -1
59 102 -1
59 103 -1
59 106 -1
59 113 -1
59 114 1
59 117 1
59 119 1
59 120 -1
59 121 -1
59 122 1
59 123 -1
59 126 -1
59 127 1
59 130 -1
59 131 -1
59 132 -1
59 133 -1
59 134 -1
59 135 -1
59 137 -1
59 138 1
59 139 -1
59 141 -1
59 144 -1
59 148 1
59 149 -1
59 151 1
59 154 -1
59 156 -1
59 158 -1
59 160 -1
59 161 -1
59 164 1
59 165 -1
59 166 -1
59 167 -1
59 168 1
59 170 -1
60 62 1
60 65 1
60 66 -1
60 68 -1
60 69 -1
60 70 -1
60 72 -1
60 73 1
60 75 -1
60 76 -1
60 77 1
60 79 1
60 80 -1
60 81 -1
60 83 -1
60 86 -1
60 87 -1
60 88 -1
60 89 1
60 90 -1
60 91 -1
60 92 -1
60 95 -1
60 96 -1
60 97 1
60 98 -1
60 102 -1
60 105 -1
60 107 -1
60 109 -1
60 111 1
60 113 -1
60 115 1
60 116 1
60 118 -1
60 121 -1
60 123 1
60 124 1
60 126 -1
60 127 -1
60 129 1
60 130 -1
60 131 -1
60 133 -1
60 134 -1
60 135 -1
60 137 -1
60 138 -1
60 140 -1
60 144 -1
60 145 1
60 146 -1
60 150 -1
60 154 -1
60 155 -1
60 160 -1
60 162 -1
60 163 -1
60 167 -1
60 168 -1
60 169 -1
61 63 1
61 64 -1
61 66 -1
61 67 -1
61 68 -1
61 69 -1
61 70 -1
61 72 -1
61 73 -1
61 74 1
61 79 -1
61 82 1
61 83 -1
61 86 -1
61 88 1
61 93 -1
61 95 -1
61 98 -1
61 99 -1
61 100 1
61 105 -1
61 107 -1
61 108 -1
61 110 1
61 111 -1
61 112 1
61 114 -1
61 115 -1
61 118 -1
61 119 -1
61 120 -1
61 121 -1
61 122 -1
61 124 -1
61 128 -1
61 129 -1
61 134 -1
61 135 -1
61 136 -1
61 138 -1
61 139 -1
61 142 1
61 145 -1
61 146 -1
61 147 -1
61 149 -1
61 151 -1
61 155 -1
61 156 -1
61 159 1
61 160 -1
61 162 -1
61 165 1
61 166 -1
61 167 -1
62 63 -1
62 65 1
62 66 -1
62 68 -1
62 73 1
62 74 -1
62 75 -1
62 77 1
62 78 -1
62 79 1
62 80 -1
62 81 -1
62 84 -1
62 86 -1
62 89 1
62 91 -1
62 92 -1
62 94 -1
62 95 -1
62 97 -1
62 100 -1
62 101 -1
62 102 -1
62 104 -1
62 105 -1
62 106 -1
62 108 -1
62 111 -1
62 114 -1
62 115 1
62 116 1
62 118 -1
62 120 -1
62 123 1
62 124 1
62 125 -1
62 128 -1
62 129 1
62 130 -1
62 131 -1
62 132 -1
62 136 -1
62 138 -1
62 139 -1
62 140 -1
62 141 -1
62 145 1
62 147 -1
62 156 -1
62 157 -1
62 162 -1
62 164 -1
62 165 -1
62 166 -1
62 167 -1
62 170 -1
63 67 -1
63 74 1
63 75 -1
63 76 -1
63 78 -1
63 79 -1
63 81 -1
63 82 1
63 84 -1
63 85 -1
63 86 -1
63 87 -1
63 88 1
63 90 -1
63 91 -1
63 95 -1
63 99 -1
63 100 1
63 101 -1
63 107 -1
63 108 -1
63 109 -1
63 110 1
63 112 1
63 117 -1
63 118 -1
63 121 -1
63 122 -1
63 123 -1
63 124 -1
63 127 -1
63 129 -1
63 130 -1
63 134 -1
63 135 -1
63 136 -1
63 137 -1
63 138 -1
63 140 -1
63 141 -1
63 142 1
63 143 -1
63 144 -1
63 146 -1
63 147 -1
63 148 -1
63 149 -1
63 150 -1
63 151 -1
63 155 -1
63 156 -1
63 158 -1
63 159 1
63 161 -1
63 165 1
63 169 -1
63 170 -1
64 67 -1
64 71 -1
64 73 -1
64 76 -1
64 78 -1
64 81 -1
64 89 -1
64 91 -1
64 93 -1
64 94 -1
64 100 -1
64 101 -1
64 104 1
64 107 1
64 109 1
64 111 -1
64 113 1
64 114 -1
64 115 -1
64 116 -1
64 117 -1
64 119 -1
64 121 -1
64 123 -1
64 125 1
64 129 -1
64 130 -1
64 131 1
64 132 -1
64 134 -1
64 135 -1
64 136 1
64 137 -1
64 139 -1
64 140 1
64 145 -1
64 147 -1
64 152 -1
64 154 1
64 155 1
64 156 -1
64 157 1
64 160 -1
64 161 -1
64 165 -1
64 166 1
64 169 -1
65 67 -1
65 71 -1
65 72 -1
65 73 1
65 75 -1
65 77 1
65 78 -1
65 79 1
65 84 -1
65 85 -1
65 87 -1
65 89 1
65 90 -1
65 91 -1
65 94 -1
65 95 -1
65 97 1
65 101 -1
65 103 -1
65 105 -1
65 107 -1
65 109 -1
65 110 -1
65 111 1
65 112 -1
65 113 -1
65 114 -1
65 115 1
65 116 1
65 119 -1
65 120 -1
65 121 -1
65 122 -1
65 123 1
65 124 1
65 126 -1
65 127 -1
65 128 -1
65 129 1
65 132 -1
65 136 -1
65 138 -1
65 143 -1
65 144 -1
65 145 1
65 150 -1
65 151 -1
65 152 -1
65 154 -1
65 156 -1
65 158 -1
65 160 -1
65 161 1
65 163 -1
65 164 -1
65 167 -1
65 168 -1
65 170 -1
66 67 -1
66 68 -1
66 70 -1
66 71 -1
66 72 -1
66 73 -1
66 74 -1
66 76 -1
66 77 -1
66 78 1
66 80 1
66 81 -1
66 82 -1
66 83 -1
66 85 1
66 86 -1
66 88 -1
66 90 -1
66 92 -1
66 93 1
66 96 1
66 99 -1
66 100 -1
66 101 1
66 105 -1
66 107 -1
66 110 -1
66 111 -1
66 112 -1
66 113 -1
66 114 -1
66 115 -1
66 117 -1
66 121 1
66 122 -1
66 125 -1
66 130 1
66 132 -1
66 136 -1
66 137 -1
66 138 -1
66 139 -1
66 140 -1
66 141 -1
66 142 -1
66 145 -1
66 149 -1
66 151 -1
66 152 -1
66 153 1
66 154 -1
66 159 -1
66 162 -1
66 164 -1
66 165 -1
66 167 -1
66 170 -1
67 72 -1
67 75 -1
67 76 -1
67 79 -1
67 86 -1
67 87 -1
67 89 -1
67 90 -1
67 92 -1
67 93 -1
67 97 -1
67 99 -1
67 101 -1
67 105 -1
67 106 -1
67 107 -1
67 108 1
67 110 -1
67 115 -1
67 116 -1
67 117 -1
67 121 1
67 122 -1
67 124 -1
67 125 -1
67 126 -1
67 130 -1
67 133 1
67 135 1
67 136 -1
67 140 -1
67 144 -1
67 145 -1
67 146 -1
67 147 -1
67 149 1
67 150 -1
67 152 -1
67 153 1
67 154 -1
67 158 -1
67 159 -1
67 160 -1
67 161 -1
67 162 -1
67 164 -1
67 166 -1
67 167 -1
67 169 -1
67 170 1
68 69 1
68 70 -1
68 71 -1
68 72 -1
68 73 -1
68 74 -1
68 76 1
68 78 -1
68 81 -1
68 83 -1
68 85 -1
68 86 1
68 87 -1
68 88 -1
68 89 1
68 91 1
68 92 -1
68 95 -1
68 97 1
68 98 1
68 99 1
68 100 -1
68 102 -1
68 105 -1
68 106 -1
68 107 -1
68 111 1
68 117 1
68 119 1
68 120 -1
68 121 -1
68 122 1
68 123 -1
68 124 -1
68 125 -1
68 126 1
68 127 1
68 128 -1
68 129 -1
68 130 -1
68 132 -1
68 134 -1
68 135 -1
68 138 -1
68 139 -1
68 143 -1
68 145 -1
68 146 1
68 148 1
68 149 -1
68 152 -1
68 155 -1
68 157 -1
68 158 1
68 160 1
68 161 1
68 164 -1
68 165 -1
68 168 -1
69 71 -1
69 72 -1
69 73 -1
69 74 -1
69 76 1
69 78 -1
69 81 -1
69 83 -1
69 84 -1
69 86 1
69 87 -1
69 89 -1
69 90 -1
69 91 1
69 93 -1
69 94 -1
69 95 -1
69 96 -1
69 97 -1
69 98 1
69 99 1
69 101 -1
69 110 -1
69 111 -1
69 112 -1
69 115 -1
69 117 1
69 118 -1
69 119 1
69 122 1
69 124 -1
69 126 -1
69 127 1
69 128 -1
69 131 -1
69 138 1
69 139 -1
69 140 -1
69 145 -1
69 146 1
69 147 -1
69 148 1
69 151 1
69 153 -1
69 155 -1
69 157 -1
69 159 -1
69 160 1
69 162 -1
69 163 -1
69 166 -1
69 168 -1
69 170 -1
70 72 -1
70 73 -1
70 74 1
70 75 1
70 76 -1
70 79 -1
70 86 -1
70 89 -1
70 91 -1
70 95 -1
70 97 -1
70 98 -1
70 100 1
70 103 -1
70 106 -1
70 107 -1
70 109 -1
70 112 1
70 114 -1
70 115 -1
70 116 -1
70 117 -1
70 118 -1
70 119 -1
70 120 -1
70 124 -1
70 126 -1
70 127 -1
70 129 -1
70 130 -1
70 131 -1
70 134 -1
70 135 -1
70 137 -1
70 138 -1
70 139 1
70 141 -1
70 143 -1
70 144 -1
70 147 -1
70 148 -1
70 151 -1
70 156 -1
70 158 -1
70 159 1
70 160 -1
70 161 -1
70 162 -1
70 164 -1
70 165 1
70 166 -1
70 170 -1
71 72 1
71 73 -1
71 74 -1
71 75 -1
71 77 -1
71 79 -1
71 81 1
71 83 -1
71 87 -1
71 88 -1
71 90 -1
71 93 -1
71 94 -1
71 98 -1
71 101 -1
71 105 1
71 108 -1
71 112 -1
71 113 -1
71 114 1
71 115 -1
71 118 -1
71 120 -1
71 122 -1
71 127 -1
71 128 -1
71 129 -1
71 131 -1
71 132 -1
71 134 -1
71 137 -1
71 138 1
71 141 -1
71 142 -1
71 143 1
71 146 -1
71 149 -1
71 151 1
71 153 -1
71 154 -1
71 162 1
71 164 1
71 166 -1
71 167 1
71 168 1
72 74 -1
72 75 -1
72 78 -1
72 79 -1
72 81 1
72 84 -1
72 93 -1
72 104 -1
72 105 1
72 106 -1
72 108 -1
72 114 1
72 115 -1
72 117 -1
72 120 -1
72 121 -1
72 122 -1
72 127 -1
72 128 -1
72 129 -1
72 131 -1
72 136 -1
72 138 1
72 139 -1
72 143 1
72 145 -1
72 146 -1
72 149 -1
72 151 1
72 152 -1
72 153 -1
72 154 -1
72 155 -1
72 157 -1
72 158 -1
72 159 -1
72 160 -1
72 163 -1
72 164 1
72 167 1
72 168 1
73 74 -1
73 75 -1
73 77 1
73 78 -1
73 79 1
73 80 -1
73 87 -1
73 89 1
73 90 -1
73 92 -1
73 93 -1
73 100 -1
73 104 -1
73 107 -1
73 108 -1
73 111 -1
73 112 -1
73 113 -1
73 114 -1
73 115 1
73 116 1
73 118 -1
73 122 -1
73 123 1
73 124 1
73 125 -1
73 128 -1
73 129 1
73 131 -1
73 132 -1
73 133 -1
73 137 -1
73 139 -1
73 141 -1
73 142 -1
73 143 -1
73 145 1
73 146 -1
73 149 -1
73 150 -1
73 153 -1
73 154 -1
73 157 -1
73 159 -1
73 163 -1
73 165 -1
73 166 -1
73 167 -1
73 168 -1
74 75 1
74 81 -1
74 82 1
74 83 -1
74 84 -1
74 85 -1
74 88 1
74 90 -1
74 91 -1
74 92 -1
74 93 -1
74 96 -1
74 98 -1
74 100 1
74 101 -1
74 102 -1
74 103 -1
74 104 -1
74 107 -1
74 109 -1
74 111 -1
74 112 1
74 113 -1
74 117 -1
74 120 -1
74 121 -1
74 126 -1
74 133 -1
74 135 -1
74 137 -1
74 139 -1
74 144 -1
74 145 -1
74 146 -1
74 147 -1
74 148 -1
74 151 -1
74 154 -1
74 159 1
74 160 -1
74 161 -1
74 162 -1
74 163 -1
74 165 1
74 166 -1
74 169 -1
74 170 -1
75 79 -1
75 80 -1
75 82 -1
75 84 -1
75 86 -1
75 89 -1
75 90 -1
75 91 -1
75 93 -1
75 98 -1
75 100 1
75 103 -1
75 107 -1
75 108 -1
75 111 -1
75 112 1
75 113 -1
75 114 -1
75 115 -1
75 116 -1
75 117 -1
75 123 -1
75 124 -1
75 125 -1
75 127 -1
75 128 -1
75 131 -1
75 133 -1
75 134 -1
75 136 -1
75 138 -1
75 139 1
75 140 -1
75 142 -1
75 146 -1
75 147 -1
75 149 -1
75 150 -1
75 151 -1
75 155 -1
75 158 -1
75 159 1
75 163 1
75 165 1
75 168 -1
75 170 -1
76 79 -1
76 83 -1
76 86 1
76 87 -1
76 89 1
76 91 1
76 97 1
76 98 1
76 99 1
76 101 -1
76 106 -1
76 107 -1
76 108 -1
76 110 -1
76 111 1
76 114 -1
76 116 -1
76 117 1
76 118 -1
76 119 1
76 120 -1
76 122 1
76 126 1
76 127 1
76 128 -1
76 129 -1
76 131 -1
76 136 -1
76 137 -1
76 139 -1
76 141 -1
76 144 -1
76 146 1
76 147 -1
76 148 1
76 150 -1
76 151 -1
76 152 -1
76 158 1
76 160 1
76 161 1
76 165 -1
76 166 -1
76 167 -1
76 169 -1
76 170 -1
77 78 -1
77 79 1
77 81 -1
77 82 -1
77 85 -1
77 86 -1
77 87 -1
77 89 1
77 90 -1
77 91 -1
77 93 -1
77 94 -1
77 96 -1
77 97 1
77 99 -1
77 105 -1
77 107 -1
77 109 -1
77 111 1
77 113 -1
77 115 1
77 116 1
77 119 -1
77 122 -1
77 123 1
77 124 1
77 129 1
77 130 -1
77 131 -1
77 132 -1
77 134 -1
77 135 -1
77 136 -1
77 137 -1
77 138 -1
77 140 -1
77 141 -1
77 144 -1
77 145 1
77 147 -1
77 149 -1
77 152 -1
77 153 -1
77 157 -1
77 158 -1
77 159 -1
77 160 -1
77 161 1
77 162 -1
77 163 -1
77 165 -1
77 167 -1
77 170 -1
78 80 1
78 81 -1
78 83 -1
78 84 -1
78 85 1
78 87 -1
78 91 -1
78 93 1
78 96 1
78 97 -1
78 100 -1
78 101 1
78 103 -1
78 104 -1
78 107 -1
78 111 -1
78 112 -1
78 114 -1
78 117 -1
78 118 -1
78 119 -1
78 123 -1
78 124 -1
78 128 1
78 130 1
78 131 -1
78 133 -1
78 136 -1
78 137 -1
78 140 -1
78 141 -1
78 144 -1
78 145 -1
78 148 -1
78 152 -1
78 154 -1
78 155 -1
78 159 -1
78 160 -1
78 161 -1
78 162 -1
78 164 -1
78 165 -1
78 166 -1
78 168 -1
79 81 -1
79 86 -1
79 87 -1
79 89 1
79 91 -1
79 94 -1
79 96 -1
79 98 -1
79 100 -1
79 103 -1
79 105 -1
79 108 -1
79 111 -1
79 115 1
79 116 1
79 118 -1
79 123 1
79 124 1
79 125 -1
79 129 1
79 130 -1
79 131 -1
79 132 -1
79 133 -1
79 135 -1
79 137 -1
79 140 -1
79 145 1
79 149 -1
79 153 -1
79 156 -1
79 160 -1
79 165 -1
79 166 -1
79 168 -1
79 170 -1
80 82 -1
80 85 1
80 86 -1
80 87 -1
80 91 -1
80 93 1
80 96 1
80 99 -1
80 101 1
80 102 -1
80 104 -1
80 108 -1
80 109 -1
80 113 -1
80 117 -1
80 128 1
80 129 -1
80 130 1
80 134 -1
80 135 -1
80 137 -1
80 140 -1
80 141 -1
80 146 -1
80 147 -1
80 148 -1
80 149 -1
80 153 -1
80 154 -1
80 155 -1
80 158 -1
80 162 -1
80 163 -1
80 166 -1
80 168 -1
80 169 -1
81 83 -1
81 86 -1
81 87 -1
81 91 -1
81 92 -1
81 94 -1
81 98 -1
81 103 -1
81 104 -1
81 105 1
81 106 1
81 107 -1
81 108 -1
81 110 -1
81 112 -1
81 114 1
81 116 -1
81 119 -1
81 120 -1
81 123 -1
81 125 -1
81 126 -1
81 128 -1
81 131 -1
81 132 -1
81 134 -1
81 135 -1
81 136 -1
81 138 1
81 140 -1
81 141 -1
81 143 1
81 144 -1
81 147 -1
81 149 -1
81 150 -1
81 151 1
81 152 1
81 156 -1
81 159 -1
81 161 -1
81 162 1
81 164 1
81 165 -1
81 167 1
81 168 1
82 83 -1
82 84 -1
82 85 -1
82 88 1
82 90 -1
82 92 -1
82 93 -1
82 94 -1
82 97 -1
82 100 1
82 104 -1
82 105 -1
82 106 -1
82 108 -1
82 110 1
82 112 1
82 115 -1
82 119 -1
82 121 -1
82 123 -1
82 125 -1
82 130 -1
82 131 -1
82 132 -1
82 136 -1
82 138 -1
82 140 -1
82 142 1
82 143 -1
82 144 -1
82 145 -1
82 146 -1
82 150 -1
82 152 -1
82 153 -1
82 154 -1
82 155 -1
82 156 -1
82 159 1
82 160 -1
82 162 -1
82 165 1
82 166 -1
82 167 -1
82 169 -1
82 170 -1
83 84 -1
83 85 -1
83 87 1
83 88 -1
83 89 -1
83 91 -1
83 93 -1
83 94 1
83 95 1
83 99 -1
83 103 -1
83 105 -1
83 107 -1
83 108 -1
83 110 -1
83 111 -1
83 114 -1
83 118 -1
83 119 -1
83 120 1
83 122 -1
83 128 -1
83 130 -1
83 131 -1
83 134 -1
83 136 -1
83 137 1
83 138 -1
83 141 -1
83 144 1
83 146 -1
83 147 -1
83 148 -1
83 150 -1
83 151 -1
83 152 -1
83 153 -1
83 154 -1
83 155 -1
83 156 1
83 158 -1
83 160 -1
83 169 -1
84 90 1
84 91 -1
84 92 1
84 93 -1
84 95 -1
84 97 -1
84 98 -1
84 101 -1
84 103 1
84 104 -1
84 105 -1
84 106 -1
84 112 -1
84 113 -1
84 114 -1
84 119 -1
84 120 -1
84 122 -1
84 124 -1
84 126 -1
84 132 1
84 133 -1
84 138 -1
84 139 1
84 140 -1
84 141 1
84 142 -1
84 145 -1
84 147 1
84 148 -1
84 149 -1
84 150 1
84 151 -1
84 153 -1
84 154 -1
84 158 -1
84 159 -1
84 162 -1
84 163 1
84 164 -1
84 167 -1
84 169 1
84 170 -1
85 86 -1
85 87 -1
85 88 -1
85 90 -1
85 91 -1
85 93 1
85 95 -1
85 96 1
85 97 -1
85 99 -1
85 101 1
85 105 -1
85 108 -1
85 111 -1
85 112 -1
85 113 -1
85 114 -1
85 116 -1
85 117 -1
85 118 -1
85 120 -1
85 121 1
85 123 -1
85 126 -1
85 127 -1
85 128 -1
85 130 1
85 131 -1
85 133 -1
85 134 -1
85 138 -1
85 141 -1
85 142 -1
85 143 -1
85 144 -1
85 145 -1
85 147 -1
85 153 1
85 154 -1
85 155 -1
85 156 -1
85 157 -1
85 160 -1
85 161 -1
85 162 -1
85 167 -1
86 88 -1
86 91 1
86 92 -1
86 93 -1
86 97 1
86 98 1
86 99 1
86 102 -1
86 106 -1
86 107 -1
86 108 -1
86 111 1
86 112 -1
86 113 -1
86 117 1
86 118 -1
86 119 1
86 120 -1
86 121 -1
86 122 1
86 123 -1
86 125 -1
86 126 1
86 127 1
86 128 -1
86 129 -1
86 132 -1
86 133 -1
86 134 -1
86 135 -1
86 136 -1
86 137 -1
86 138 1
86 140 -1
86 142 -1
86 146 1
86 147 -1
86 148 1
86 151 1
86 153 -1
86 154 -1
86 157 -1
86 158 1
86 160 1
86 161 1
86 164 -1
86 166 -1
86 167 -1
86 168 -1
86 169 -1
86 170 -1
87 89 -1
87 90 -1
87 92 -1
87 94 -1
87 95 1
87 96 -1
87 97 -1
87 99 -1
87 100 -1
87 102 -1
87 112 -1
87 113 -1
87 115 -1
87 117 -1
87 118 -1
87 119 -1
87 120 1
87 121 -1
87 123 -1
87 125 -1
87 126 -1
87 129 -1
87 131 -1
87 132 -1
87 133 -1
87 134 -1
87 137 1
87 140 -1
87 143 -1
87 144 -1
87 146 -1
87 147 -1
87 152 -1
87 153 -1
87 155 -1
87 156 1
87 158 -1
87 159 -1
87 162 -1
87 163 -1
87 164 -1
87 165 -1
87 167 -1
87 168 -1
87 169 -1
87 170 -1
88 89 -1
88 99 -1
88 100 1
88 102 -1
88 104 -1
88 106 -1
88 107 -1
88 110 1
88 112 1
88 117 -1
88 118 -1
88 119 -1
88 120 -1
88 122 -1
88 123 -1
88 124 -1
88 125 -1
88 126 -1
88 127 -1
88 129 -1
88 131 -1
88 132 -1
88 134 -1
88 137 -1
88 138 -1
88 141 -1
88 142 1
88 144 -1
88 147 -1
88 149 -1
88 150 -1
88 152 -1
88 155 -1
88 156 -1
88 157 -1
88 159 1
88 165 1
88 167 -1
88 168 -1
88 169 -1
89 97 1
89 101 -1
89 103 -1
89 108 -1
89 109 -1
89 110 -1
89 111 1
89 112 -1
89 113 -1
89 115 1
89 116 1
89 117 -1
89 119 -1
89 120 -1
89 121 -1
89 122 -1
89 123 1
89 124 1
89 126 1
89 127 -1
89 129 -1
89 130 -1
89 131 -1
89 136 -1
89 137 -1
89 139 -1
89 143 -1
89 144 -1
89 145 1
89 147 -1
89 148 -1
89 149 -1
89 153 -1
89 154 -1
89 157 -1
89 158 1
89 161 1
89 162 -1
89 164 -1
89 166 -1
89 168 -1
89 170 -1
90 91 -1
90 92 1
90 94 -1
90 97 -1
90 103 1
90 104 1
90 105 -1
90 107 1
90 109 -1
90 112 -1
90 113 1
90 117 -1
90 119 -1
90 121 -1
90 122 -1
90 125 1
90 126 -1
90 127 -1
90 128 -1
90 129 -1
90 130 -1
90 131 -1
90 132 1
90 134 -1
90 136 -1
90 140 -1
90 141 1
90 146 -1
90 147 1
90 148 -1
90 149 -1
90 150 1
90 151 -1
90 152 -1
90 153 -1
90 154 -1
90 155 -1
90 156 -1
90 160 -1
90 161 -1
90 163 1
90 165 -1
90 166 1
90 167 -1
90 169 1
90 170 -1
91 94 -1
91 98 1
91 99 1
91 101 -1
91 103 -1
91 104 -1
91 110 -1
91 111 -1
91 112 -1
91 114 -1
91 117 1
91 119 1
91 120 -1
91 122 1
91 123 -1
91 124 -1
91 127 1
91 130 -1
91 131 -1
91 133 -1
91 134 -1
91 137 -1
91 138 1
91 141 -1
91 143 -1
91 145 -1
91 146 1
91 148 1
91 150 -1
91 151 1
91 152 -1
91 153 -1
91 156 -1
91 158 -1
91 160 1
91 161 -1
91 162 -1
91 165 -1
91 166 -1
91 169 -1
91 170 -1
92 93 -1
92 96 -1
92 98 -1
92 100 -1
92 101 -1
92 103 1
92 104 1
92 105 -1
92 106 -1
92 107 1
92 109 -1
92 110 -1
92 112 -1
92 113 1
92 114 -1
92 116 -1
92 118 -1
92 120 -1
92 121 -1
92 122 -1
92 124 -1
92 125 1
92 129 -1
92 132 1
92 133 -1
92 135 -1
92 136 -1
92 138 -1
92 141 1
92 144 -1
92 146 -1
92 147 1
92 148 -1
92 150 1
92 154 -1
92 156 -1
92 157 -1
92 161 -1
92 163 1
92 166 1
92 168 -1
92 169 1
92 170 -1
93 94 -1
93 96 1
93 100 -1
93 101 1
93 102 -1
93 103 -1
93 105 -1
93 108 -1
93 109 -1
93 113 -1
93 114 -1
93 116 -1
93 117 -1
93 118 1
93 119 -1
93 120 -1
93 122 -1
93 123 -1
93 125 -1
93 126 -1
93 127 -1
93 128 1
93 130 1
93 131 -1
93 132 -1
93 135 -1
93 136 -1
93 139 -1
93 141 -1
93 145 -1
93 157 -1
93 162 -1
93 165 -1
93 166 -1
93 168 -1
93 169 -1
94 95 1
94 97 -1
94 98 -1
94 102 -1
94 103 -1
94 106 -1
94 113 -1
94 114 -1
94 115 -1
94 116 -1
94 118 1
94 120 1
94 121 -1
94 123 -1
94 125 -1
94 127 -1
94 130 -1
94 132 -1
94 134 -1
94 135 -1
94 137 1
94 139 -1
94 140 -1
94 144 1
94 146 -1
94 147 -1
94 149 -1
94 151 -1
94 153 -1
94 154 -1
94 156 1
94 159 -1
94 162 -1
94 163 -1
94 166 -1
95 96 -1
95 97 -1
95 100 -1
95 101 -1
95 103 -1
95 106 -1
95 107 -1
95 109 -1
95 112 -1
95 113 -1
95 114 -1
95 115 -1
95 116 -1
95 118 1
95 120 1
95 121 -1
95 122 -1
95 125 -1
95 126 -1
95 130 -1
95 131 -1
95 132 -1
95 134 -1
95 136 -1
95 137 1
95 141 -1
95 144 1
95 147 -1
95 151 -1
95 153 -1
95 156 1
95 157 -1
95 158 -1
95 161 -1
95 163 -1
95 165 -1
95 166 -1
95 167 -1
95 170 -1
96 97 -1
96 99 -1
96 101 1
96 104 -1
96 105 -1
96 106 -1
96 109 -1
96 112 -1
96 116 -1
96 117 -1
96 118 1
96 119 -1
96 120 -1
96 121 -1
96 122 -1
96 126 -1
96 127 -1
96 128 1
96 129 -1
96 130 1
96 132 -1
96 134 -1
96 135 -1
96 143 -1
96 144 -1
96 145 -1
96 146 -1
96 151 -1
96 152 -1
96 153 -1
96 154 -1
96 156 -1
96 157 -1
96 166 -1
96 167 -1
96 168 -1
97 98 1
97 100 -1
97 101 -1
97 102 -1
97 107 -1
97 109 -1
97 111 1
97 113 -1
97 115 1
97 116 1
97 117 -1
97 119 -1
97 123 1
97 124 1
97 126 1
97 128 -1
97 129 -1
97 131 -1
97 132 -1
97 134 -1
97 137 -1
97 138 -1
97 139 -1
97 140 -1
97 142 -1
97 143 -1
97 145 -1
97 146 1
97 147 -1
97 151 -1
97 154 -1
97 155 -1
97 156 -1
97 157 -1
97 158 1
97 160 1
97 161 1
97 166 -1
98 99 1
98 100 -1
98 103 -1
98 105 -1
98 106 -1
98 108 -1
98 109 -1
98 110 -1
98 111 1
98 112 -1
98 115 -1
98 117 1
98 119 1
98 122 1
98 125 -1
98 126 1
98 127 1
98 129 -1
98 132 -1
98 136 -1
98 144 -1
98 145 -1
98 146 1
98 147 -1
98 148 1
98 151 1
98 153 -1
98 155 -1
98 157 -1
98 158 1
98 160 1
98 161 1
98 162 -1
98 164 -1
98 165 -1
98 166 -1
98 169 -1
98 170 -1
99 102 -1
99 106 -1
99 109 -1
99 110 -1
99 111 -1
99 113 -1
99 116 -1
99 117 1
99 119 1
99 121 -1
99 122 1
99 126 1
99 127 1
99 131 -1
99 132 -1
99 133 -1
99 138 1
99 139 -1
99 142 -1
99 143 -1
99 144 -1
99 146 1
99 147 -1
99 148 1
99 151 1
99 152 -1
99 154 -1
99 156 -1
99 157 -1
99 158 1
99 159 -1
99 160 1
99 161 -1
99 162 -1
99 163 -1
99 167 -1
99 169 -1
100 101 -1
100 106 -1
100 112 1
100 118 -1
100 122 -1
100 128 -1
100 129 -1
100 130 -1
100 133 -1
100 134 -1
100 139 -1
100 140 -1
100 141 -1
100 143 -1
100 147 -1
100 149 -1
100 150 -1
100 152 -1
100 153 -1
100 155 -1
100 159 1
100 165 1
100 167 -1
100 169 -1
100 170 -1
101 102 -1
101 104 -1
101 108 -1
101 110 -1
101 112 -1
101 118 -1
101 120 -1
101 122 -1
101 128 1
101 129 -1
101 130 1
101 133 -1
101 139 -1
101 140 -1
101 141 -1
101 142 -1
101 144 -1
101 149 -1
101 150 -1
101 152 -1
101 153 1
101 156 -1
101 157 -1
101 158 -1
101 159 -1
101 163 -1
101 167 -1
101 168 -1
101 169 -1
102 103 -1
102 105 1
102 106 1
102 107 -1
102 109 1
102 110 -1
102 111 -1
102 113 -1
102 116 -1
102 118 -1
102 119 -1
102 120 -1
102 121 -1
102 122 -1
102 124 -1
102 125 -1
102 127 -1
102 128 -1
102 129 -1
102 130 -1
102 131 -1
102 132 -1
102 135 -1
102 136 1
102 138 -1
102 142 -1
102 143 1
102 145 -1
102 152 1
102 154 1
102 155 1
102 157 1
102 159 -1
102 162 1
102 165 -1
102 166 -1
102 167 -1
103 105 -1
103 110 -1
103 111 -1
103 113 -1
103 114 -1
103 116 -1
103 117 -1
103 118 -1
103 119 -1
103 120 -1
103 122 -1
103 123 -1
103 124 -1
103 125 1
103 129 -1
103 130 -1
103 131 -1
103 132 1
103 133 -1
103 134 -1
103 139 1
103 140 -1
103 141 1
103 143 -1
103 146 -1
103 147 1
103 148 -1
103 149 -1
103 150 1
103 156 -1
103 163 1
103 164 -1
103 166 -1
103 168 -1
103 169 1
103 170 -1
104 105 -1
104 106 -1
104 107 1
104 108 -1
104 112 -1
104 113 1
104 117 -1
104 120 -1
104 121 -1
104 122 -1
104 123 -1
104 125 1
104 126 -1
104 127 -1
104 131 1
104 134 -1
104 138 -1
104 139 -1
104 140 1
104 141 -1
104 143 -1
104 144 -1
104 145 -1
104 146 -1
104 147 1
104 148 -1
104 149 -1
104 154 -1
104 155 -1
104 156 -1
104 160 -1
104 161 -1
104 162 -1
104 165 -1
104 166 1
104 168 -1
105 106 1
105 107 -1
105 109 -1
105 111 -1
105 112 -1
105 114 1
105 115 -1
105 120 -1
105 121 -1
105 122 -1
105 123 -1
105 124 -1
105 125 -1
105 129 -1
105 131 -1
105 132 -1
105 134 -1
105 135 -1
105 138 -1
105 141 -1
105 143 1
105 144 -1
105 152 1
105 154 -1
105 155 -1
105 156 -1
105 158 -1
105 160 -1
105 161 -1
105 162 1
105 164 1
105 165 -1
105 167 1
105 168 1
105 170 -1
106 107 -1
106 110 -1
106 111 -1
106 113 -1
106 114 1
106 118 -1
106 120 -1
106 122 -1
106 123 -1
106 124 -1
106 125 -1
106 126 -1
106 128 -1
106 129 -1
106 138 -1
106 139 -1
106 142 -1
106 143 1
106 147 -1
106 149 -1
106 150 -1
106 151 -1
106 152 1
106 153 -1
106 155 -1
106 156 -1
106 159 -1
106 160 -1
106 162 1
106 164 1
106 165 -1
106 167 1
106 168 1
107 110 -1
107 111 -1
107 113 1
107 114 -1
107 116 -1
107 118 -1
107 120 -1
107 125 1
107 126 -1
107 127 -1
107 128 -1
107 129 -1
107 130 -1
107 131 1
107 133 -1
107 136 1
107 137 -1
107 138 -1
107 139 -1
107 140 1
107 146 -1
107 147 1
107 149 -1
107 151 -1
107 154 1
107 155 -1
107 158 -1
107 159 -1
107 162 -1
107 163 -1
107 165 -1
107 166 1
107 170 -1
108 109 -1
108 114 -1
108 115 -1
108 119 -1
108 120 -1
108 121 1
108 122 -1
108 124 -1
108 125 -1
108 126 -1
108 127 -1
108 129 -1
108 133 1
108 134 1
108 135 1
108 137 -1
108 138 -1
108 140 -1
108 144 -1
108 146 -1
108 147 -1
108 148 -1
108 149 1
108 152 -1
108 153 1
108 159 -1
108 161 -1
108 162 -1
108 164 -1
108 166 -1
108 168 -1
108 170 1
109 113 -1
109 114 -1
109 120 -1
109 121 -1
109 123 -1
109 126 -1
109 127 -1
109 130 -1
109 131 -1
109 136 1
109 137 -1
109 140 1
109 142 -1
109 144 -1
109 146 -1
109 148 -1
109 149 -1
109 151 -1
109 154 1
109 155 1
109 156 -1
109 157 1
109 158 -1
109 160 -1
109 161 -1
109 162 -1
109 163 -1
109 164 -1
109 167 -1
109 168 -1
110 111 -1
110 112 -1
110 113 -1
110 115 -1
110 117 -1
110 118 -1
110 119 -1
110 121 -1
110 124 -1
110 126 -1
110 128 -1
110 129 -1
110 133 1
110 134 1
110 135 -1
110 136 -1
110 140 -1
110 141 -1
110 142 1
110 147 -1
110 149 -1
110 153 -1
110 154 -1
110 156 -1
110 157 -1
110 158 -1
110 159 -1
110 160 -1
110 161 -1
110 162 -1
110 164 -1
110 169 -1
110 170 -1
111 115 -1
111 116 1
111 117 -1
111 118 -1
111 120 -1
111 123 1
111 124 1
111 126 1
111 128 -1
111 130 -1
111 131 -1
111 132 -1
111 133 -1
111 135 -1
111 136 -1
111 138 -1
111 146 1
111 147 -1
111 148 -1
111 151 -1
111 153 -1
111 154 -1
111 157 -1
111 158 1
111 160 1
111 161 1
111 165 -1
111 166 -1
111 169 -1
112 113 -1
112 117 -1
112 119 -1
112 120 -1
112 121 -1
112 124 -1
112 125 -1
112 129 -1
112 131 -1
112 136 -1
112 138 -1
112 140 -1
112 142 -1
112 143 -1
112 145 -1
112 148 -1
112 150 -1
112 151 -1
112 152 -1
112 154 -1
112 157 -1
112 159 1
112 163 -1
112 165 1
112 167 -1
113 115 -1
113 116 -1
113 117 -1
113 119 -1
113 120 -1
113 124 -1
113 125 1
113 126 -1
113 127 -1
113 128 -1
113 131 1
113 132 -1
113 134 -1
113 136 1
113 137 -1
113 138 -1
113 139 -1
113 140 1
113 142 -1
113 144 -1
113 146 -1
113 147 1
113 148 -1
113 151 -1
113 154 1
113 157 -1
113 158 -1
113 162 -1
113 163 -1
113 164 -1
113 166 1
114 117 -1
114 119 -1
114 120 -1
114 126 -1
114 129 -1
114 130 -1
114 131 -1
114 133 -1
114 136 -1
114 138 -1
114 140 -1
114 142 -1
114 143 1
114 146 -1
114 147 -1
114 149 -1
114 150 -1
114 151 -1
114 152 1
114 154 -1
114 155 -1
114 157 -1
114 159 -1
114 161 -1
114 162 1
114 164 1
114 167 1
114 168 1
114 170 -1
115 116 1
115 118 -1
115 120 -1
115 121 -1
115 123 1
115 124 1
115 128 -1
115 129 1
115 130 -1
115 132 -1
115 134 -1
115 135 -1
115 139 -1
115 141 -1
115 143 -1
115 145 1
115 146 -1
115 148 -1
115 149 -1
115 153 -1
115 155 -1
115 156 -1
115 162 -1
115 164 -1
115 165 -1
115 166 -1
116 121 -1
116 122 -1
116 123 1
116 124 1
116 129 1
116 130 -1
116 131 -1
116 132 -1
116 133 -1
116 136 -1
116 141 -1
116 142 -1
116 145 1
116 146 -1
116 150 -1
116 152 -1
116 153 -1
116 154 -1
116 155 -1
116 156 -1
116 157 -1
116 158 -1
116 161 1
116 163 -1
116 164 -1
116 165 -1
116 166 -1
116 167 -1
117 119 1
117 120 -1
117 121 -1
117 122 1
117 123 -1
117 125 -1
117 126 1
117 127 1
117 129 -1
117 131 -1
117 132 -1
117 133 -1
117 136 -1
117 137 -1
117 138 1
117 141 -1
117 142 -1
117 143 -1
117 145 -1
117 146 1
117 147 -1
117 148 1
117 149 -1
117 150 -1
117 151 1
117 152 -1
117 153 -1
117 155 -1
117 156 -1
117 158 1
117 160 1
117 161 -1
117 162 -1
117 163 -1
117 166 -1
117 167 -1
117 170 -1
118 120 -1
118 128 1
118 129 -1
118 132 -1
118 133 -1
118 134 -1
118 135 -1
118 137 -1
118 139 -1
118 141 -1
118 143 -1
118 144 1
118 145 -1
118 146 -1
118 147 -1
118 151 -1
118 152 -1
118 153 -1
118 154 -1
118 158 -1
118 162 -1
118 169 -1
119 122 1
119 126 1
119 127 1
119 128 -1
119 129 -1
119 132 -1
119 133 -1
119 136 -1
119 137 -1
119 138 1
119 140 -1
119 141 -1
119 142 -1
119 144 -1
119 145 -1
119 146 1
119 148 1
119 149 -1
119 151 1
119 152 -1
119 153 -1
119 154 -1
119 155 -1
119 156 -1
119 157 -1
119 158 1
119 159 -1
119 160 1
119 161 -1
119 162 -1
119 165 -1
119 166 -1
119 167 -1
120 125 -1
120 127 -1
120 128 -1
120 130 -1
120 131 -1
120 135 -1
120 136 -1
120 137 1
120 138 -1
120 141 -1
120 142 -1
120 143 -1
120 144 -1
120 145 -1
120 146 -1
120 151 -1
120 152 -1
120 154 -1
120 155 -1
120 156 1
120 158 -1
120 162 -1
120 168 -1
120 170 -1
121 122 -1
121 124 -1
121 125 -1
121 126 -1
121 127 -1
121 129 -1
121 131 -1
121 132 -1
121 133 -1
121 135 1
121 136 -1
121 137 -1
121 138 -1
121 139 -1
121 142 -1
121 143 -1
121 145 -1
121 147 -1
121 148 -1
121 149 1
121 153 1
121 158 -1
121 159 -1
121 164 -1
121 165 -1
121 168 -1
121 169 -1
121 170 1
122 123 -1
122 125 -1
122 126 1
122 127 1
122 128 -1
122 130 -1
122 133 -1
122 136 -1
122 137 -1
122 138 1
122 146 1
122 148 1
122 149 -1
122 150 -1
122 151 1
122 154 -1
122 156 -1
122 158 1
122 160 1
122 162 -1
122 164 -1
122 165 -1
122 167 -1
122 168 -1
122 170 -1
123 124 1
123 126 1
123 128 -1
123 129 1
123 132 -1
123 136 -1
123 137 -1
123 139 -1
123 142 -1
123 144 -1
123 145 1
123 146 -1
123 150 -1
123 152 -1
123 153 -1
123 155 -1
123 156 -1
123 158 1
123 161 1
123 163 -1
123 167 -1
123 168 -1
124 125 -1
124 129 1
124 130 -1
124 131 -1
124 132 -1
124 133 -1
124 134 -1
124 135 -1
124 137 -1
124 140 -1
124 141 -1
124 142 -1
124 144 -1
124 145 1
124 146 -1
124 148 -1
124 149 -1
124 153 -1
124 155 -1
124 157 -1
124 161 1
124 162 -1
124 163 -1
124 167 -1
124 168 -1
124 169 -1
124 170 -1
125 126 -1
125 131 1
125 132 -1
125 136 -1
125 138 -1
125 141 1
125 147 1
125 150 1
125 151 -1
125 152 -1
125 153 -1
125 154 -1
125 156 -1
125 158 -1
125 159 -1
125 164 -1
125 165 -1
125 166 1
125 169 1
126 129 -1
126 133 -1
126 134 -1
126 138 -1
126 139 -1
126 142 -1
126 143 -1
126 144 -1
126 145 -1
126 146 1
126 148 1
126 149 -1
126 150 -1
126 153 -1
126 155 -1
126 158 1
126 159 -1
126 160 1
126 161 1
126 162 -1
126 163 -1
126 164 -1
126 165 -1
126 168 -1
127 130 -1
127 133 -1
127 135 -1
127 136 -1
127 138 1
127 139 -1
127 140 -1
127 142 -1
127 144 -1
127 145 -1
127 146 1
127 148 1
127 150 -1
127 151 1
127 153 -1
127 154 -1
127 157 -1
127 159 -1
127 160 1
127 163 -1
127 164 -1
127 165 -1
127 167 -1
127 169 -1
128 130 1
128 133 -1
128 134 -1
128 136 -1
128 140 -1
128 142 -1
128 143 -1
128 144 1
128 145 -1
128 146 -1
128 148 -1
128 153 -1
128 158 -1
128 161 -1
128 162 -1
128 163 -1
128 166 -1
128 167 -1
128 168 -1
128 170 -1
129 130 -1
129 131 -1
129 134 -1
129 144 -1
129 145 1
129 147 -1
129 150 -1
129 151 -1
129 152 -1
129 154 -1
129 156 -1
129 157 -1
129 159 -1
129 164 -1
129 165 -1
129 166 -1
129 168 -1
129 169 -1
129 170 -1
130 136 -1
130 137 -1
130 146 -1
130 150 -1
130 151 -1
130 153 -1
130 157 -1
130 160 -1
130 163 -1
130 167 -1
130 168 -1
130 169 -1
130 170 -1
131 132 -1
131 134 -1
131 135 -1
131 136 1
131 139 -1
131 140 1
131 141 -1
131 144 -1
131 145 -1
131 148 -1
131 149 -1
131 151 -1
131 152 -1
131 153 -1
131 154 1
131 155 -1
131 161 -1
131 165 -1
131 166 1
131 167 -1
131 168 -1
131 169 -1
132 134 -1
132 136 -1
132 137 -1
132 139 1
132 141 1
132 142 -1
132 144 -1
132 145 -1
132 146 -1
132 147 1
132 148 -1
132 149 -1
132 150 1
132 151 -1
132 152 -1
132 153 -1
132 156 -1
132 158 -1
132 160 -1
132 163 1
132 167 -1
132 168 -1
132 169 1
133 134 1
133 135 1
133 138 -1
133 142 1
133 145 -1
133 148 -1
133 149 1
133 151 -1
133 152 -1
133 153 -1
133 155 -1
133 160 -1
133 161 -1
133 162 -1
133 167 -1
133 170 1
134 135 1
134 136 -1
134 137 -1
134 141 -1
134 142 1
134 143 -1
134 144 -1
134 145 -1
134 148 -1
134 149 1
134 150 -1
134 151 -1
134 154 -1
134 156 -1
134 158 -1
134 162 -1
134 165 -1
134 169 -1
134 170 1
135 136 -1
135 137 -1
135 139 -1
135 140 -1
135 143 -1
135 144 -1
135 148 -1
135 149 1
135 150 -1
135 151 -1
135 153 1
135 155 -1
135 156 -1
135 159 -1
135 160 -1
135 162 -1
135 163 -1
135 164 -1
135 165 -1
135 166 -1
135 167 -1
135 168 -1
135 169 -1
135 170 1
136 137 -1
136 138 -1
136 140 1
136 141 -1
136 143 -1
136 146 -1
136 147 -1
136 148 -1
136 150 -1
136 151 -1
136 154 1
136 155 1
136 157 1
136 159 -1
136 161 -1
136 162 -1
136 166 1
136 167 -1
136 168 -1
137 138 -1
137 140 -1
137 142 -1
137 143 -1
137 144 -1
137 150 -1
137 154 -1
137 156 1
137 159 -1
137 167 -1
138 142 -1
138 145 -1
138 146 1
138 147 -1
138 148 1
138 151 1
138 154 -1
138 155 -1
138 157 -1
138 160 -1
138 167 -1
138 168 -1
138 169 -1
138 170 -1
139 140 -1
139 141 1
139 143 -1
139 144 -1
139 146 -1
139 147 -1
139 150 1
139 154 -1
139 158 -1
139 162 -1
139 163 1
139 164 -1
139 168 -1
139 169 1
139 170 -1
140 141 -1
140 142 -1
140 149 -1
140 151 -1
140 154 1
140 155 1
140 156 -1
140 157 1
140 159 -1
140 161 -1
140 162 -1
140 163 -1
140 164 -1
140 166 1
140 168 -1
140 169 -1
141 142 -1
141 144 -1
141 146 -1
141 147 1
141 150 1
141 152 -1
141 154 -1
141 155 -1
141 163 1
141 164 -1
141 167 -1
141 168 -1
141 169 1
141 170 -1
142 152 -1
142 158 -1
142 161 -1
142 162 -1
142 163 -1
142 168 -1
143 145 -1
143 146 -1
143 151 -1
143 152 1
143 154 -1
143 155 -1
143 159 -1
143 160 -1
143 161 -1
143 162 1
143 163 -1
143 164 1
143 166 -1
143 167 1
143 168 1
143 169 -1
143 170 -1
144 145 -1
144 148 -1
144 149 -1
144 150 -1
144 151 -1
144 154 -1
144 155 -1
144 159 -1
144 160 -1
144 161 -1
144 163 -1
144 167 -1
144 168 -1
144 169 -1
144 170 -1
145 146 -1
145 147 -1
145 150 -1
145 152 -1
145 156 -1
145 159 -1
145 164 -1
145 165 -1
145 166 -1
145 168 -1
145 170 -1
146 147 -1
146 148 1
146 150 -1
146 151 1
146 156 -1
146 157 -1
146 158 1
146 159 -1
146 160 1
146 161 1
146 162 -1
146 163 -1
146 164 -1
146 165 -1
146 166 -1
147 149 -1
147 150 1
147 152 -1
147 154 -1
147 155 -1
147 158 -1
147 161 -1
147 163 1
147 166 1
147 167 -1
147 169 1
147 170 -1
148 151 1
148 152 -1
148 157 -1
148 158 1
148 160 1
148 164 -1
148 166 -1
149 150 -1
149 153 1
149 157 -1
149 159 -1
149 160 -1
149 162 -1
149 165 -1
149 167 -1
149 168 -1
149 169 -1
149 170 1
150 153 -1
150 155 -1
150 158 -1
150 161 -1
150 163 1
150 165 -1
150 169 1
150 170 -1
151 152 -1
151 153 -1
151 154 -1
151 155 -1
151 159 -1
151 161 -1
151 165 -1
151 166 -1
151 167 -1
151 169 -1
151 170 -1
152 153 -1
152 156 -1
152 157 -1
152 160 -1
152 161 -1
152 162 1
152 163 -1
152 164 1
152 167 1
152 168 1
153 155 -1
153 156 -1
153 158 -1
153 159 -1
153 162 -1
153 163 -1
153 169 -1
153 170 1
154 155 1
154 156 -1
154 157 1
154 158 -1
154 160 -1
154 162 -1
154 163 -1
154 166 1
154 167 -1
155 157 1
155 160 -1
155 162 -1
155 163 -1
155 164 -1
155 166 -1
156 158 -1
156 164 -1
156 166 -1
156 167 -1
157 163 -1
157 164 -1
157 165 -1
157 166 -1
157 167 -1
157 168 -1
157 169 -1
158 160 1
158 161 1
158 162 -1
158 164 -1
158 165 -1
158 167 -1
159 163 -1
159 164 -1
159 165 1
159 166 -1
159 167 -1
159 168 -1
159 170 -1
160 161 1
160 163 -1
160 164 -1
160 165 -1
160 168 -1
160 170 -1
161 162 -1
161 163 -1
161 168 -1
161 170 -1
162 163 -1
162 164 1
162 167 1
162 168 1
162 170 -1
163 164 -1
163 166 -1
163 169 1
163 170 -1
164 165 -1
164 167 1
164 168 1
165 167 -1
165 168 -1
165 170 -1
166 168 -1
166 169 -1
167 168 1
167 169 -1
169 170 -1
